{
    "boxes": [
        [
            0.011728099547326565,
            0.0031435000710189342,
            0.15831899642944336,
            0.11301399767398834,
            0.7176079750061035,
            0.7195789813995361,
            -0.008883880451321602,
            0.994983971118927,
            -0.09963420033454895,
            -0.0004436819872353226,
            0.09963420033454895,
            0.9950240254402161
        ],
        [
            0.011974499560892582,
            -0.7433199882507324,
            0.05177000164985657,
            0.028999000787734985,
            0.05618400126695633,
            0.7249550223350525,
            0.0,
            1.0,
            0.0,
            0.0,
            0.0,
            1.0
        ],
        [
            -0.364982008934021,
            -0.7407649755477905,
            0.4221020042896271,
            0.07304000109434128,
            0.1674650013446808,
            0.041140999644994736,
            0.0,
            1.0,
            0.0,
            0.0,
            0.0,
            1.0
        ],
        [
            -0.364982008934021,
            -0.7291690111160278,
            0.05582299828529358,
            0.0832040011882782,
            0.8192219734191895,
            0.03156999871134758,
            0.0,
            1.0,
            0.0,
            0.0,
            0.0,
            1.0
        ],
        [
            -0.364982008934021,
            -0.7532699704170227,
            -0.2893050014972687,
            0.04802900180220604,
            0.08880700170993805,
            0.037154000252485275,
            0.0,
            1.0,
            0.0,
            0.0,
            0.0,
            1.0
        ],
        [
            -0.3650529980659485,
            -0.3713569939136505,
            -0.25220099091529846,
            0.7411379814147949,
            0.1031000018119812,
            0.03463590145111084,
            0.00365748000331223,
            0.9406470060348511,
            0.33936700224876404,
            0.020228000357747078,
            -0.3393700122833252,
            0.9404360055923462
        ],
        [
            0.011738100089132786,
            0.5102300047874451,
            -0.2527720034122467,
            0.37299999594688416,
            0.17313100397586823,
            0.7995409965515137,
            0.005148179829120636,
            0.9437429904937744,
            -0.3306390047073364,
            0.0072585102170705795,
            0.33059900999069214,
            0.9437429904937744
        ],
        [
            -0.3651469945907593,
            0.29932400584220886,
            -0.2038709968328476,
            0.7257500290870667,
            0.07283700257539749,
            0.0386429987847805,
            -0.007798780221492052,
            0.9697780013084412,
            -0.24386300146579742,
            -0.07298540323972702,
            0.2426680028438568,
            0.9673600196838379
        ]
    ],
    "ops": [
        [
            0,
            0,
            0,
            0,
            1,
            2,
            1,
            0,
            0,
            1,
            2,
            1,
            1,
            0,
            0,
            2,
            1,
            1
        ]
    ],
    "syms": [
        [
            0.0,
            1.0,
            0.0,
            0.0,
            0.01199399959295988,
            -0.7407649755477905,
            0.4221020042896271,
            0.0
        ],
        [
            0.0,
            1.0,
            -0.0,
            -0.0,
            0.01199449971318245,
            -0.7532699704170227,
            -0.2893050014972687,
            0.0
        ],
        [
            0.0,
            0.9999849796295166,
            -0.0017730899853631854,
            0.005268950015306473,
            0.011772899888455868,
            0.29865598678588867,
            -0.20188499987125397,
            0.0
        ]
    ],
    "labels:": [
        [
            1,
            2,
            2,
            2,
            2,
            2,
            0,
            0
        ]
    ],
    "obj": 35535,
    "mat_index": 1036,
    "obbs": "N 13\n0.0117381 0.51023 -0.252772 0.99996 -0.00725851 -0.00514818 0.00725851 0.330599 0.943743 -0.00514818 -0.943743 0.330639 0.799541 0.173131 0.373\n0.0117281 0.0031435 0.158319 0.99996 0.00888388 -0.000443682 -0.00888388 0.994984 -0.0996342 -0.000443682 0.0996342 0.995024 0.719579 0.113014 0.717608\n0.388693 0.297988 -0.199899 -0.00928848 0.976604 -0.214845 0.998753 0.019599 0.0459102 0.0490468 -0.214151 -0.975569 0.730281 0.0379287 0.0724601\n-0.365147 0.299324 -0.203871 0.0729854 -0.242668 -0.96736 0.997303 0.0253427 0.0688872 0.00779878 -0.969778 0.243863 0.072837 0.038643 0.72575\n0.388971 -0.75327 -0.289305 1 0 0 0 1 0 0 0 1 0.037154 0.048029 0.088807\n-0.364982 -0.75327 -0.289305 1 0 0 0 1 0 0 0 1 0.037154 0.048029 0.088807\n-0.364982 -0.740765 0.422102 1 0 0 0 1 0 0 0 1 0.041141 0.07304 0.167465\n0.38897 -0.740765 0.422102 1 0 0 0 1 0 0 0 1 0.041141 0.07304 0.167465\n-0.365053 -0.371357 -0.252201 -0.00365748 -0.940647 -0.339367 0.999789 0.00342509 -0.0202686 0.020228 -0.33937 0.940436 0.741138 0.0346359 0.1031\n0.388965 -0.375856 -0.243679 -0.00358175 -0.937675 -0.347496 0.999933 0.000479464 -0.0116004 0.011044 -0.347514 0.93761 0.751943 0.0341276 0.118011\n0.388971 -0.73177 0.0662385 1 0 0 0 1 0 0 0 1 0.03157 0.078419 0.798391\n0.0119745 -0.74332 0.05177 1 0 0 0 1 0 0 0 1 0.724955 0.028999 0.056184\n-0.364982 -0.729169 0.055823 1 0 0 0 1 0 0 0 1 0.03157 0.083204 0.819222\nC 18\n0 3\n0 2\n1 2\n1 3\n1 8\n1 9\n2 9\n3 8\n4 10\n4 9\n5 12\n5 8\n6 12\n7 10\n8 12\n9 10\n10 11\n11 12\nS 5\n2\n2 0.388693 0.297988 -0.199899\n3 -0.365147 0.299324 -0.203871\n2\n0.0117729 0.298656 -0.201885\n-0.999985 0.00177309 -0.00526895\n2\n4 0.388971 -0.75327 -0.289305\n5 -0.364982 -0.75327 -0.289305\n2\n0.0119945 -0.75327 -0.289305\n-1 0 0\n2\n6 -0.364982 -0.740765 0.422102\n7 0.38897 -0.740765 0.422102\n2\n0.011994 -0.740765 0.422102\n1 0 0\n2\n8 -0.365053 -0.371357 -0.252201\n9 0.388965 -0.375856 -0.243679\n2\n0.0119561 -0.373607 -0.24794\n0.999918 -0.00596525 0.0113011\n2\n10 0.388971 -0.73177 0.0662385\n12 -0.364982 -0.729169 0.055823\n2\n0.0119945 -0.73047 0.0610308\n-0.999899 0.00345013 -0.0138131\nL 13\n0\n1\n0\n0\n2\n2\n2\n2\n2\n2\n2\n2\n2"
}