{
    "boxes": [
        [
            -0.0038209999911487103,
            -0.1967960000038147,
            0.17748700082302094,
            0.22269299626350403,
            0.9087049961090088,
            0.8800100088119507,
            0.0,
            1.0,
            0.0,
            0.0,
            0.0,
            1.0
        ],
        [
            -0.4410029947757721,
            0.1456570029258728,
            0.06318250298500061,
            0.0925929993391037,
            1.0027799606323242,
            0.09283900260925293,
            0.0,
            1.0,
            0.0,
            0.0,
            0.0,
            1.0
        ],
        [
            0.4186060130596161,
            0.12201199680566788,
            0.06158149987459183,
            0.13988399505615234,
            0.999688982963562,
            0.12237100303173065,
            0.0,
            1.0,
            0.0,
            0.0,
            0.0,
            1.0
        ],
        [
            -0.20449399948120117,
            0.18174700438976288,
            -0.42430299520492554,
            0.019897999241948128,
            0.02781200036406517,
            0.4174039959907532,
            0.0,
            1.0,
            0.0,
            0.0,
            0.0,
            1.0
        ],
        [
            -0.4131079912185669,
            -0.21290700137615204,
            0.5026599764823914,
            0.6964859962463379,
            0.16255199909210205,
            0.07243870198726654,
            0.010312099941074848,
            0.9922559857368469,
            -0.12377800047397614,
            -0.03167029842734337,
            0.12404599785804749,
            0.9917709827423096
        ],
        [
            -0.427511990070343,
            -0.6014580130577087,
            0.1099499985575676,
            0.12803399562835693,
            1.0935399532318115,
            0.032627999782562256,
            0.0,
            1.0,
            0.0,
            0.0,
            0.0,
            1.0
        ],
        [
            -0.4180630147457123,
            -0.21432100236415863,
            -0.31348198652267456,
            0.7101839780807495,
            0.16089899837970734,
            0.06342080235481262,
            0.001314949942752719,
            0.97079998254776,
            0.23988699913024902,
            0.07423999905586243,
            -0.23931999504566193,
            0.968097984790802
        ],
        [
            -0.004046449903398752,
            0.306194007396698,
            -0.23898400366306305,
            1.1163599491119385,
            0.1439419984817505,
            0.8241320252418518,
            -0.005319050047546625,
            0.9794809818267822,
            -0.20146499574184418,
            -0.0065243300050497055,
            0.20142899453639984,
            0.9794809818267822
        ],
        [
            -0.007876000367105007,
            0.09470599889755249,
            -0.28566598892211914,
            0.07976599782705307,
            0.045896999537944794,
            0.8008319735527039,
            0.0,
            1.0,
            0.0,
            0.0,
            0.0,
            1.0
        ]
    ],
    "ops": [
        [
            0,
            0,
            0,
            0,
            2,
            1,
            1,
            1,
            0,
            0,
            0,
            1,
            1,
            2,
            1,
            0,
            0,
            1,
            1
        ]
    ],
    "syms": [
        [
            0.0,
            0.9999889731407166,
            0.0008494729991070926,
            -0.0046739401295781136,
            -0.007330350112169981,
            0.18191400170326233,
            -0.42522498965263367,
            0.0
        ],
        [
            0.0,
            0.9999579787254333,
            0.003661579918116331,
            0.00836632028222084,
            -0.0018921700539067388,
            -0.21140100061893463,
            0.5061010122299194,
            0.0
        ]
    ],
    "labels:": [
        [
            1,
            3,
            3,
            3,
            2,
            2,
            2,
            0,
            0
        ]
    ],
    "obj": 35538,
    "mat_index": 1038,
    "obbs": "N 13\n-0.00404645 0.306194 -0.238984 -0.00531905 0.979481 -0.201465 -0.00652433 0.201429 0.979481 0.999965 0.00652433 0.00531905 1.11636 0.143942 0.824132\n0.189833 0.182082 -0.426146 -0.003835 0.958792 0.284082 -0.0028635 -0.284094 0.958792 0.999989 0.0028635 0.003835 0.0216033 0.0225357 0.409435\n-0.204494 0.181747 -0.424303 1 0 0 0 1 0 0 0 1 0.417404 0.019898 0.027812\n-0.003821 -0.196796 0.177487 1 0 0 0 1 0 0 0 1 0.88001 0.222693 0.908705\n0.41987 -0.595638 0.109925 1 0 0 0 1 0 0 0 1 0.032628 0.139671 1.09358\n-0.427512 -0.601458 0.10995 1 0 0 0 1 0 0 0 1 0.032628 0.128034 1.09354\n0.418606 0.122012 0.0615815 1 0 0 0 1 0 0 0 1 0.122371 0.139884 0.999689\n-0.441003 0.145657 0.0631825 1 0 0 0 1 0 0 0 1 0.092839 0.092593 1.00278\n-0.007876 0.094706 -0.285666 1 0 0 0 1 0 0 0 1 0.800832 0.079766 0.045897\n0.416853 -0.220285 -0.285702 0.00656082 -0.985527 -0.169391 0.999903 0.00438689 0.0132049 -0.0122706 -0.169462 0.98546 0.699704 0.0449714 0.154184\n0.409324 -0.209895 0.509541 -0.00131645 0.990715 -0.13595 0.999495 -0.00301093 -0.0316202 -0.0317359 -0.135923 -0.990211 0.678783 0.0582504 0.158634\n-0.413108 -0.212907 0.50266 0.0316703 -0.124046 -0.991771 0.999445 -0.00630719 0.0327042 -0.0103121 -0.992256 0.123778 0.162552 0.0724387 0.696486\n-0.418063 -0.214321 -0.313482 -0.07424 0.23932 -0.968098 0.99724 0.0165362 -0.0723869 -0.00131495 -0.9708 -0.239887 0.160899 0.0634208 0.710184\nC 36\n0 7\n0 3\n0 12\n0 8\n0 1\n0 6\n0 9\n0 2\n1 6\n1 2\n1 9\n1 8\n2 8\n2 12\n2 7\n3 11\n3 7\n3 10\n3 6\n3 9\n3 5\n3 12\n3 8\n3 4\n4 9\n4 10\n5 12\n5 11\n6 9\n6 10\n6 8\n7 12\n7 11\n7 8\n8 9\n8 12\nS 4\n2\n1 0.189833 0.182082 -0.426146\n2 -0.204494 0.181747 -0.424303\n2\n-0.00733035 0.181914 -0.425225\n-0.999989 -0.000849473 0.00467394\n2\n4 0.41987 -0.595638 0.109925\n5 -0.427512 -0.601458 0.10995\n2\n-0.003821 -0.598548 0.109937\n-0.999976 -0.00686864 2.89119e-05\n2\n9 0.416853 -0.220285 -0.285702\n12 -0.418063 -0.214321 -0.313482\n2\n-0.000604898 -0.217303 -0.299592\n-0.999421 0.0071393 -0.0332536\n2\n10 0.409324 -0.209895 0.509541\n11 -0.413108 -0.212907 0.50266\n2\n-0.00189217 -0.211401 0.506101\n-0.999958 -0.00366158 -0.00836632\nL 13\n0\n3\n3\n1\n2\n2\n3\n3\n0\n2\n2\n2\n2"
}