{
    "boxes": [
        [
            0.001046229968778789,
            -0.10512199997901917,
            0.08926860243082047,
            0.06585049629211426,
            0.7109950184822083,
            0.8034669756889343,
            0.001523899962194264,
            0.995943009853363,
            -0.08996889740228653,
            6.869129720143974e-05,
            0.08996889740228653,
            0.9959449768066406
        ],
        [
            -0.37300199270248413,
            -0.020768199115991592,
            -0.22767600417137146,
            0.361378014087677,
            0.03310399875044823,
            0.03668329864740372,
            0.09144429862499237,
            0.9821370244026184,
            0.164451003074646,
            -0.10017699748277664,
            -0.1552319973707199,
            0.9827859997749329
        ],
        [
            0.3751949965953827,
            -0.02310889959335327,
            -0.2281460016965866,
            0.36607399582862854,
            0.03356749936938286,
            0.03900820016860962,
            -0.05134090036153793,
            0.9832789897918701,
            0.17472100257873535,
            -0.2997649908065796,
            -0.1820569932460785,
            0.9364809989929199
        ],
        [
            -0.4119719862937927,
            0.09193120151758194,
            0.4104999899864197,
            0.33785098791122437,
            0.04824620112776756,
            0.06757649779319763,
            -0.22250699996948242,
            0.9714499711990356,
            -0.08231250196695328,
            -0.18243299424648285,
            0.041450001299381256,
            0.9823439717292786
        ],
        [
            -0.4547809958457947,
            0.20948800444602966,
            0.10459499806165695,
            0.04038750007748604,
            0.585660994052887,
            0.09120819717645645,
            0.20686599612236023,
            0.9738720059394836,
            -0.09369520097970963,
            -0.1433439999818802,
            0.12490300089120865,
            0.9817590117454529
        ],
        [
            0.4075480103492737,
            -0.46527299284935,
            -0.3011299967765808,
            0.6729530096054077,
            0.04036179929971695,
            0.03584270179271698,
            -0.06811010092496872,
            0.9860929846763611,
            0.1515980064868927,
            0.1296059936285019,
            -0.14191800355911255,
            0.9813569784164429
        ],
        [
            -0.4131839871406555,
            -0.42734798789024353,
            0.4482879936695099,
            0.7380520105361938,
            0.04992999881505966,
            0.03437339887022972,
            0.07220979779958725,
            0.9967430233955383,
            -0.035895101726055145,
            0.5768430233001709,
            -0.012376300059258938,
            0.8167610168457031
        ],
        [
            -0.009830360300838947,
            0.34053200483322144,
            -0.2359289973974228,
            0.38266199827194214,
            0.09713070094585419,
            0.7661929726600647,
            -0.0014996599638834596,
            0.9650740027427673,
            -0.2619749903678894,
            -0.001961020054295659,
            0.26197201013565063,
            0.9650740027427673
        ],
        [
            -0.2996470034122467,
            0.14876900613307953,
            -0.20761199295520782,
            0.0365837998688221,
            0.0490541011095047,
            0.23104700446128845,
            -0.0213089007884264,
            0.8576059937477112,
            -0.5138649940490723,
            0.3033350110054016,
            0.4952999949455261,
            0.8140429854393005
        ]
    ],
    "ops": [
        [
            0,
            0,
            0,
            0,
            0,
            1,
            2,
            1,
            1,
            1,
            0,
            0,
            1,
            2,
            1,
            0,
            0,
            2,
            1,
            1
        ]
    ],
    "syms": [
        [
            0.0,
            0.9999420046806335,
            0.00903766043484211,
            -0.0058221700601279736,
            0.0014853000175207853,
            0.09566809982061386,
            0.4080919921398163,
            0.0
        ],
        [
            0.0,
            0.9990599751472473,
            -0.04284970089793205,
            -0.006619289983063936,
            0.0021715799812227488,
            -0.44788599014282227,
            -0.298444002866745,
            0.0
        ],
        [
            0.0,
            0.9999769926071167,
            0.0026429900899529457,
            0.006233830004930496,
            0.004370620008558035,
            0.1495719999074936,
            -0.20571699738502502,
            0.0
        ]
    ],
    "labels:": [
        [
            1,
            3,
            3,
            3,
            3,
            2,
            2,
            0,
            0
        ]
    ],
    "obj": 35546,
    "mat_index": 1044,
    "obbs": "N 14\n-0.00983036 0.340532 -0.235929 0.999997 0.00196102 0.00149966 -0.00196102 0.261972 0.965074 0.00149966 -0.965074 0.261975 0.766193 0.0971307 0.382662\n0.00104623 -0.105122 0.0892686 -6.86913e-05 -0.0899689 -0.995945 0.0015239 0.995943 -0.0899689 0.999999 -0.0015239 6.86913e-05 0.710995 0.0658505 0.803467\n0.375195 -0.0231089 -0.228146 -0.0513409 0.983279 0.174721 -0.299765 -0.182057 0.936481 0.952631 -0.00429536 0.304099 0.366074 0.0335675 0.0390082\n0.414943 0.099405 0.405685 -0.968341 0.24864 0.022221 0.0424504 0.076296 0.996181 0.245996 0.965586 -0.0844355 0.065794 0.0549623 0.320705\n-0.373002 -0.0207682 -0.227676 -0.990759 0.106344 -0.0841929 -0.100177 -0.155232 0.982786 0.0914443 0.982137 0.164451 0.0366833 0.033104 0.361378\n-0.411972 0.0919312 0.4105 0.95771 0.233595 0.168002 -0.182433 0.04145 0.982344 0.222507 -0.97145 0.0823125 0.0675765 0.0482462 0.337851\n0.458747 0.210248 0.110139 0.979275 0.168333 -0.112623 -0.179264 0.979186 -0.0951768 0.0942579 0.113394 0.989069 0.0836299 0.041416 0.584137\n-0.454781 0.209488 0.104595 0.143344 -0.124903 -0.981759 0.206866 0.973872 -0.0936952 0.967811 -0.189662 0.165437 0.585661 0.0403875 0.0912082\n-0.299647 0.148769 -0.207612 0.952646 -0.138527 -0.270697 -0.0213089 0.857606 -0.513865 0.303335 0.4953 0.814043 0.231047 0.0365838 0.0490541\n0.308388 0.150376 -0.203821 0.353238 -0.465839 -0.811306 0.0206025 0.870875 -0.491072 0.935307 0.15675 0.317224 0.0565226 0.0369983 0.245586\n-0.403205 -0.4305 -0.295758 -0.038 0.158487 -0.986629 0.996255 -0.0707301 -0.0497325 -0.0776664 -0.984824 -0.155206 0.038732 0.0368367 0.743455\n0.414987 -0.422248 0.447789 -0.0732372 0.996375 -0.0432861 0.688282 0.0819056 0.720804 0.721737 0.0229967 -0.691786 0.748162 0.0357244 0.0468436\n-0.413184 -0.427348 0.448288 -0.576843 0.0123763 -0.816761 0.813657 -0.079684 -0.575858 -0.0722098 -0.996743 0.0358951 0.04993 0.0343734 0.738052\n0.407548 -0.465273 -0.30113 0.0681101 -0.986093 -0.151598 0.989224 0.0864883 -0.118138 0.129606 -0.141918 0.981357 0.672953 0.0358427 0.0403618\nC 33\n0 7\n0 10\n0 4\n0 8\n0 1\n0 6\n0 9\n0 2\n1 3\n1 11\n1 2\n1 5\n1 10\n1 13\n1 4\n1 9\n1 12\n1 8\n1 7\n2 9\n2 13\n2 6\n3 11\n3 6\n4 7\n4 8\n4 10\n5 12\n5 7\n6 9\n7 10\n7 8\n8 10\nS 5\n2\n3 0.414943 0.099405 0.405685\n5 -0.411972 0.0919312 0.4105\n2\n0.0014853 0.0956681 0.408092\n-0.999942 -0.00903766 0.00582217\n2\n6 0.458747 0.210248 0.110139\n7 -0.454781 0.209488 0.104595\n2\n0.00198326 0.209868 0.107367\n-0.999981 -0.00083259 -0.00606824\n2\n8 -0.299647 0.148769 -0.207612\n9 0.308388 0.150376 -0.203821\n2\n0.00437062 0.149572 -0.205717\n0.999977 0.00264299 0.00623383\n2\n10 -0.403205 -0.4305 -0.295758\n13 0.407548 -0.465273 -0.30113\n2\n0.00217158 -0.447886 -0.298444\n0.99906 -0.0428497 -0.00661929\n2\n11 0.414987 -0.422248 0.447789\n12 -0.413184 -0.427348 0.448288\n2\n0.000901557 -0.424798 0.448038\n-0.999981 -0.0061581 0.000602861\nL 14\n0\n1\n3\n3\n3\n3\n3\n3\n0\n0\n2\n2\n2\n2"
}