{
    "boxes": [
        [
            0.012073099613189697,
            0.0034542600624263287,
            0.15885500609874725,
            0.1008630022406578,
            0.7176700234413147,
            0.7185090184211731,
            -0.004568910226225853,
            0.996254026889801,
            -0.08635739982128143,
            -0.00019765000615734607,
            0.08635739982128143,
            0.9962639808654785
        ],
        [
            0.011974499560892582,
            -0.7433199882507324,
            0.05177000164985657,
            0.028999000787734985,
            0.05618400126695633,
            0.7249550223350525,
            0.0,
            1.0,
            0.0,
            0.0,
            0.0,
            1.0
        ],
        [
            -0.364982008934021,
            -0.7407649755477905,
            0.4221020042896271,
            0.07304000109434128,
            0.1674650013446808,
            0.041140999644994736,
            0.0,
            1.0,
            0.0,
            0.0,
            0.0,
            1.0
        ],
        [
            -0.364982008934021,
            -0.7282930016517639,
            0.06305699795484543,
            0.08495700359344482,
            0.8047540187835693,
            0.03156999871134758,
            0.0,
            1.0,
            0.0,
            0.0,
            0.0,
            1.0
        ],
        [
            -0.364982008934021,
            -0.7532699704170227,
            -0.2893050014972687,
            0.04802900180220604,
            0.08880700170993805,
            0.037154000252485275,
            0.0,
            1.0,
            0.0,
            0.0,
            0.0,
            1.0
        ],
        [
            -0.36496099829673767,
            -0.3874939978122711,
            -0.24866999685764313,
            0.7204329967498779,
            0.11340899765491486,
            0.03207160159945488,
            0.0006457080016843975,
            0.9349669814109802,
            0.3547329902648926,
            0.0039161802269518375,
            -0.3547329902648926,
            0.9349589943885803
        ],
        [
            0.011738100089132786,
            0.5102300047874451,
            -0.2527720034122467,
            0.37299999594688416,
            0.17313100397586823,
            0.7995409965515137,
            0.005148179829120636,
            0.9437429904937744,
            -0.3306390047073364,
            0.0072585102170705795,
            0.33059900999069214,
            0.9437429904937744
        ],
        [
            -0.3654539883136749,
            0.29293200373649597,
            -0.1998859941959381,
            0.740090012550354,
            0.0730791985988617,
            0.03769779950380325,
            -0.00807282980531454,
            0.9760760068893433,
            -0.21728000044822693,
            -0.04617299884557724,
            0.2166920006275177,
            0.9751480221748352
        ]
    ],
    "ops": [
        [
            0,
            0,
            0,
            0,
            1,
            2,
            1,
            0,
            0,
            1,
            2,
            1,
            1,
            0,
            0,
            2,
            1,
            1
        ]
    ],
    "syms": [
        [
            0.0,
            1.0,
            -0.0,
            -0.0,
            0.01199399959295988,
            -0.7407649755477905,
            0.4221020042896271,
            0.0
        ],
        [
            0.0,
            1.0,
            0.0,
            0.0,
            0.01199449971318245,
            -0.7532699704170227,
            -0.2893050014972687,
            0.0
        ],
        [
            0.0,
            0.9999899864196777,
            0.004238879773765802,
            0.0016215499490499496,
            0.011509600095450878,
            0.2945300042629242,
            -0.19927500188350677,
            0.0
        ]
    ],
    "labels:": [
        [
            1,
            2,
            2,
            2,
            2,
            2,
            0,
            0
        ]
    ],
    "obj": 35558,
    "mat_index": 1053,
    "obbs": "N 13\n0.0117381 0.51023 -0.252772 0.99996 -0.00725851 -0.00514818 0.00725851 0.330599 0.943743 -0.00514818 -0.943743 0.330639 0.799541 0.173131 0.373\n0.0120731 0.00345426 0.158855 0.99999 0.00456891 -0.00019765 -0.00456891 0.996254 -0.0863574 -0.00019765 0.0863574 0.996264 0.718509 0.100863 0.71767\n0.388473 0.296128 -0.198664 -0.0102193 0.97787 -0.208964 0.99841 0.0215637 0.0520831 0.0554365 -0.208099 -0.976535 0.734545 0.0387429 0.0744356\n-0.365454 0.292932 -0.199886 0.046173 -0.216692 -0.975148 0.998901 0.0179047 0.0433191 0.00807283 -0.976076 0.21728 0.0730792 0.0376978 0.74009\n-0.364982 -0.75327 -0.289305 1 0 0 0 1 0 0 0 1 0.037154 0.048029 0.088807\n0.388971 -0.75327 -0.289305 1 0 0 0 1 0 0 0 1 0.037154 0.048029 0.088807\n0.38897 -0.740765 0.422102 1 0 0 0 1 0 0 0 1 0.041141 0.07304 0.167465\n-0.364982 -0.740765 0.422102 1 0 0 0 1 0 0 0 1 0.041141 0.07304 0.167465\n0.389109 -0.382425 -0.254591 -0.00264378 -0.948986 -0.315307 0.999966 -0.004977 0.00659489 -0.00782774 -0.315279 0.948967 0.732528 0.033493 0.118518\n-0.364961 -0.387494 -0.24867 -0.000645708 -0.934967 -0.354733 0.999992 0.000785489 -0.00389056 0.00391618 -0.354733 0.934959 0.720433 0.0320716 0.113409\n0.388971 -0.733873 0.064261 1 0 0 0 1 0 0 0 1 0.03157 0.074214 0.802346\n0.0119745 -0.74332 0.05177 1 0 0 0 1 0 0 0 1 0.724955 0.028999 0.056184\n-0.364982 -0.728293 0.063057 1 0 0 0 1 0 0 0 1 0.03157 0.084957 0.804754\nC 18\n0 3\n0 2\n1 2\n1 3\n1 8\n1 9\n2 8\n3 9\n4 9\n4 12\n5 10\n5 8\n6 10\n7 12\n8 10\n9 12\n10 11\n11 12\nS 5\n2\n2 0.388473 0.296128 -0.198664\n3 -0.365454 0.292932 -0.199886\n2\n0.0115096 0.29453 -0.199275\n-0.99999 -0.00423888 -0.00162155\n2\n4 -0.364982 -0.75327 -0.289305\n5 0.388971 -0.75327 -0.289305\n2\n0.0119945 -0.75327 -0.289305\n1 0 0\n2\n6 0.38897 -0.740765 0.422102\n7 -0.364982 -0.740765 0.422102\n2\n0.011994 -0.740765 0.422102\n-1 0 0\n2\n8 0.389109 -0.382425 -0.254591\n9 -0.364961 -0.387494 -0.24867\n2\n0.0120742 -0.384959 -0.251631\n-0.999947 -0.00672203 0.00785136\n2\n10 0.388971 -0.733873 0.064261\n12 -0.364982 -0.728293 0.063057\n2\n0.0119945 -0.731083 0.063659\n-0.999971 0.00740144 -0.00159687\nL 13\n0\n1\n0\n0\n2\n2\n2\n2\n2\n2\n2\n2\n2"
}