{
    "boxes": [
        [
            -0.0017994999652728438,
            -0.03588100150227547,
            0.16296100616455078,
            0.11548800021409988,
            0.8136259913444519,
            0.8631029725074768,
            0.0,
            1.0,
            0.0,
            0.0,
            0.0,
            1.0
        ],
        [
            0.0005644080229103565,
            -0.2914150059223175,
            0.42159798741340637,
            0.027024999260902405,
            0.018734000623226166,
            0.7879239916801453,
            0.00039756600745022297,
            0.9952149987220764,
            -0.09770409762859344,
            0.00043850799556821585,
            0.09770389646291733,
            0.9952149987220764
        ],
        [
            -0.43960100412368774,
            -0.7971000075340271,
            0.4192270040512085,
            0.019547000527381897,
            0.09216000139713287,
            0.025805000215768814,
            0.0,
            1.0,
            0.0,
            0.0,
            0.0,
            1.0
        ],
        [
            -0.4084179997444153,
            -0.3963249921798706,
            0.4319779872894287,
            0.811942994594574,
            0.05108150094747543,
            0.031376101076602936,
            0.015328500419855118,
            0.9872360229492188,
            -0.15852700173854828,
            0.6045680046081543,
            0.11712999641895294,
            0.7878950238227844
        ],
        [
            0.4244990050792694,
            -0.4003109931945801,
            -0.26235899329185486,
            0.7968819737434387,
            0.0498930998146534,
            0.0511820986866951,
            -0.009727319702506065,
            0.9952660202980042,
            0.09669920057058334,
            -0.5729619860649109,
            -0.08480239659547806,
            0.8151829838752747
        ],
        [
            -0.43811899423599243,
            -0.4101960062980652,
            -0.26380500197410583,
            0.7735859751701355,
            0.040001899003982544,
            0.03266439959406853,
            -0.00014324499352369457,
            0.9948949813842773,
            0.10091699659824371,
            0.2148430049419403,
            -0.0985293984413147,
            0.9716659784317017
        ],
        [
            -0.43960100412368774,
            -0.7971000075340271,
            -0.22405199706554413,
            0.019547000527381897,
            0.09216000139713287,
            0.025805000215768814,
            0.0,
            1.0,
            0.0,
            0.0,
            0.0,
            1.0
        ],
        [
            -0.43095600605010986,
            -0.788802981376648,
            0.10470499843358994,
            0.024918999522924423,
            0.7928979992866516,
            0.037654001265764236,
            0.0,
            1.0,
            0.0,
            0.0,
            0.0,
            1.0
        ],
        [
            -0.002650940092280507,
            0.3519749939441681,
            -0.30004099011421204,
            0.4897249937057495,
            0.14254499971866608,
            0.8553590178489685,
            -0.0022712498903274536,
            0.9751799702644348,
            -0.22140100598335266,
            -0.002844699891284108,
            0.22139400243759155,
            0.9751799702644348
        ],
        [
            -0.43777400255203247,
            0.189643993973732,
            -0.23213699460029602,
            0.4571940004825592,
            0.055629998445510864,
            0.024625999853014946,
            0.0,
            1.0,
            0.0,
            0.0,
            0.0,
            1.0
        ]
    ],
    "ops": [
        [
            0,
            0,
            0,
            0,
            1,
            2,
            1,
            0,
            0,
            0,
            0,
            1,
            2,
            1,
            1,
            1,
            1,
            0,
            0,
            2,
            1,
            1
        ]
    ],
    "syms": [
        [
            0.0,
            1.0,
            0.0,
            0.0,
            -0.0027604999486356974,
            -0.7971000075340271,
            0.4192270040512085,
            0.0
        ],
        [
            0.0,
            1.0,
            0.0,
            0.0,
            -0.0027604999486356974,
            -0.7971000075340271,
            -0.22405199706554413,
            0.0
        ],
        [
            0.0,
            0.9999619722366333,
            0.008761010132730007,
            1.55612997332355e-05,
            -0.004021999891847372,
            0.19344399869441986,
            -0.2321300059556961,
            0.0
        ]
    ],
    "labels:": [
        [
            1,
            2,
            2,
            2,
            2,
            2,
            2,
            2,
            0,
            0
        ]
    ],
    "obj": 35562,
    "mat_index": 1056,
    "obbs": "N 15\n-0.00265094 0.351975 -0.300041 -0.00227125 0.97518 -0.221401 -0.0028447 0.221394 0.97518 0.999993 0.0028447 0.00227125 0.489725 0.142545 0.855359\n-0.0017995 -0.035881 0.162961 1 0 0 0 1 0 0 0 1 0.863103 0.115488 0.813626\n0.42973 0.197244 -0.232124 1 0 0 0 1 0 0 0 1 0.02967 0.441875 0.055533\n-0.437774 0.189644 -0.232137 1 0 0 0 1 0 0 0 1 0.024626 0.457194 0.05563\n0.000564408 -0.291415 0.421598 1 -0.000438508 -0.000397566 0.000438508 0.0977039 0.995215 -0.000397566 -0.995215 0.0977041 0.787924 0.018734 0.027025\n-0.439601 -0.7971 -0.224052 1 0 0 0 1 0 0 0 1 0.025805 0.019547 0.09216\n-0.439601 -0.7971 0.419227 1 0 0 0 1 0 0 0 1 0.025805 0.019547 0.09216\n0.43408 -0.7971 -0.224052 1 0 0 0 1 0 0 0 1 0.025805 0.019547 0.09216\n0.43408 -0.7971 0.419227 1 0 0 0 1 0 0 0 1 0.025805 0.019547 0.09216\n-0.438119 -0.410196 -0.263805 -0.214843 0.0985294 -0.971666 0.976649 0.0218204 -0.213732 0.000143245 -0.994895 -0.100917 0.0400019 0.0326644 0.773586\n0.424499 -0.400311 -0.262359 0.572962 0.0848024 -0.815183 0.819525 -0.0474754 0.571074 0.00972732 -0.995266 -0.0966992 0.0498931 0.0511821 0.796882\n0.407496 -0.394939 0.42382 0.604835 -0.142428 -0.783511 0.796351 0.109034 0.594926 0.00069518 -0.983781 0.179371 0.0608432 0.035835 0.820591\n-0.408418 -0.396325 0.431978 -0.604568 -0.11713 -0.787895 0.796406 -0.107917 -0.595056 -0.0153285 -0.987236 0.158527 0.0510815 0.0313761 0.811943\n0.429675 -0.791031 0.100299 1 0 0 0 1 0 0 0 1 0.029092 0.01979 0.771364\n-0.430956 -0.788803 0.104705 1 0 0 0 1 0 0 0 1 0.037654 0.024919 0.792898\nC 28\n0 10\n0 3\n0 1\n0 9\n0 2\n1 3\n1 11\n1 2\n1 10\n1 4\n1 9\n1 12\n2 10\n3 9\n4 12\n4 11\n5 9\n5 14\n6 14\n6 12\n7 10\n7 13\n8 13\n8 11\n9 14\n10 13\n11 13\n12 14\nS 5\n2\n2 0.42973 0.197244 -0.232124\n3 -0.437774 0.189644 -0.232137\n2\n-0.004022 0.193444 -0.23213\n-0.999962 -0.00876101 -1.55613e-05\n2\n5 -0.439601 -0.7971 -0.224052\n7 0.43408 -0.7971 -0.224052\n2\n-0.0027605 -0.7971 -0.224052\n1 0 0\n2\n6 -0.439601 -0.7971 0.419227\n8 0.43408 -0.7971 0.419227\n2\n-0.0027605 -0.7971 0.419227\n1 0 0\n2\n11 0.407496 -0.394939 0.42382\n12 -0.408418 -0.396325 0.431978\n2\n-0.00046083 -0.395632 0.427899\n-0.999949 -0.00169865 0.00999742\n2\n13 0.429675 -0.791031 0.100299\n14 -0.430956 -0.788803 0.104705\n2\n-0.0006405 -0.789917 0.102502\n-0.999984 0.00258934 0.00511942\nL 15\n0\n1\n0\n0\n2\n2\n2\n2\n2\n2\n2\n2\n2\n2\n2"
}