{
    "boxes": [
        [
            0.0032144999131560326,
            -0.15382100641727448,
            0.22589300572872162,
            0.15712100267410278,
            0.7978500127792358,
            0.844057023525238,
            0.0,
            1.0,
            0.0,
            0.0,
            0.0,
            1.0
        ],
        [
            -0.44924798607826233,
            0.23843100666999817,
            -0.02885649912059307,
            0.04701000079512596,
            0.44679901003837585,
            0.06114700064063072,
            0.0,
            1.0,
            0.0,
            0.0,
            0.0,
            1.0
        ],
        [
            -0.44958001375198364,
            0.10115599632263184,
            0.22903600335121155,
            0.2819310128688812,
            0.04827440157532692,
            0.06333109736442566,
            -0.011542299762368202,
            0.9398840069770813,
            -0.34129899740219116,
            -0.016469499096274376,
            0.34109699726104736,
            0.9398840069770813
        ],
        [
            -0.44916999340057373,
            0.24305400252342224,
            -0.006155999843031168,
            0.050999999046325684,
            0.3683139979839325,
            0.07469800114631653,
            0.0,
            1.0,
            0.0,
            0.0,
            0.0,
            1.0
        ],
        [
            -0.44917500019073486,
            -0.793586015701294,
            0.35463300347328186,
            0.014925000257790089,
            0.11608300358057022,
            0.058042000979185104,
            0.0,
            1.0,
            0.0,
            0.0,
            0.0,
            1.0
        ],
        [
            -0.4491550028324127,
            -0.7566959857940674,
            0.0660649985074997,
            0.07544200122356415,
            0.9020259976387024,
            0.06125599890947342,
            0.0,
            1.0,
            0.0,
            0.0,
            0.0,
            1.0
        ],
        [
            -0.44419801235198975,
            -0.3713969886302948,
            0.393994003534317,
            0.7697510123252869,
            0.07249309867620468,
            0.08815660327672958,
            0.023811200633645058,
            0.9456049799919128,
            -0.3244450092315674,
            -0.03997480124235153,
            0.32517799735069275,
            0.9448069930076599
        ],
        [
            -0.0014285000506788492,
            -0.776174008846283,
            -0.35849401354789734,
            0.022979000583291054,
            0.02653300017118454,
            0.8413010239601135,
            0.0,
            1.0,
            0.0,
            0.0,
            0.0,
            1.0
        ],
        [
            -0.44917500019073486,
            -0.793586015701294,
            -0.25070399045944214,
            0.014925000257790089,
            0.11608199775218964,
            0.058042000979185104,
            0.0,
            1.0,
            0.0,
            0.0,
            0.0,
            1.0
        ],
        [
            -0.0022802900057286024,
            0.23200400173664093,
            -0.25635799765586853,
            1.0480300188064575,
            0.1988220065832138,
            0.8457409739494324,
            0.0018418700201436877,
            0.9837849736213684,
            -0.1793449968099594,
            0.002208000048995018,
            0.17934100329875946,
            0.9837849736213684
        ],
        [
            -0.400424987077713,
            0.24345199763774872,
            -0.22211100161075592,
            0.02775369957089424,
            0.02966970019042492,
            0.05047230049967766,
            0.010207300074398518,
            0.9883679747581482,
            -0.15173999965190887,
            0.0007789600058458745,
            0.15173999965190887,
            0.9884200096130371
        ]
    ],
    "ops": [
        [
            0,
            0,
            0,
            0,
            1,
            1,
            2,
            1,
            0,
            0,
            0,
            1,
            1,
            2,
            0,
            0,
            2,
            1,
            1,
            1,
            0,
            0,
            2,
            1,
            1
        ]
    ],
    "syms": [
        [
            0.0,
            0.999970018863678,
            0.003928020130842924,
            -0.006614440120756626,
            -0.0014525000005960464,
            0.24018999934196472,
            -0.03181850165128708,
            0.0
        ],
        [
            0.0,
            1.0,
            0.0,
            0.0,
            -0.001428249990567565,
            -0.793586015701294,
            0.35463300347328186,
            0.0
        ],
        [
            0.0,
            1.0,
            0.0,
            0.0,
            -0.001428249990567565,
            -0.793586015701294,
            -0.25070399045944214,
            0.0
        ],
        [
            0.0,
            1.0,
            9.346550200461934e-09,
            -5.261550084512123e-10,
            -0.0014280000468716025,
            0.24345199763774872,
            -0.22211100161075592,
            0.0
        ]
    ],
    "labels:": [
        [
            1,
            3,
            3,
            3,
            2,
            2,
            2,
            2,
            2,
            0,
            0
        ]
    ],
    "obj": 35622,
    "mat_index": 1086,
    "obbs": "N 19\n-0.00228029 0.232004 -0.256358 0.999996 -0.002208 -0.00184187 0.002208 0.179341 0.983785 -0.00184187 -0.983785 0.179345 0.845741 0.198822 1.04803\n0.0032145 -0.153821 0.225893 1 0 0 0 1 0 0 0 1 0.844057 0.157121 0.79785\n-0.44958 0.101156 0.229036 -0.0115423 0.939884 -0.341299 -0.0164695 0.341097 0.939884 0.999798 0.0164695 0.0115423 0.281931 0.0482744 0.0633311\n0.446756 0.111842 0.222654 -0.998267 -0.00851741 -0.0582201 -0.0574861 0.352205 0.934156 0.0125488 0.935884 -0.352084 0.0647044 0.054258 0.28335\n-0.44917 0.243054 -0.006156 1 0 0 0 1 0 0 0 1 0.074698 0.051 0.368314\n-0.449248 0.238431 -0.0288565 1 0 0 0 1 0 0 0 1 0.061147 0.04701 0.446799\n0.446324 0.243054 -0.006156 1 0 0 0 1 0 0 0 1 0.074698 0.051 0.368314\n0.446342 0.241949 -0.0347805 1 0 0 0 1 0 0 0 1 0.061175 0.039974 0.435031\n0.446329 -0.760432 0.0605625 1 0 0 0 1 0 0 0 1 0.061315 0.06797 0.891157\n-0.0014285 -0.776174 -0.358494 1 0 0 0 1 0 0 0 1 0.841301 0.022979 0.026533\n-0.449155 -0.756696 0.066065 1 0 0 0 1 0 0 0 1 0.061256 0.075442 0.902026\n0.397569 0.243452 -0.222111 0.999948 0.0102066 -0.00077895 -0.0102066 0.988367 -0.151748 -0.00077895 0.151748 0.988419 0.0504723 0.0277536 0.0296698\n-0.400425 0.243452 -0.222111 -0.00077896 -0.15174 -0.98842 0.0102073 0.988368 -0.15174 0.999948 -0.0102073 0.00077896 0.0296697 0.0277537 0.0504723\n0.443157 -0.371246 0.387395 0.0171481 0.947366 -0.319694 -0.12169 0.319342 0.939794 0.99242 0.0227879 0.120761 0.794968 0.0874546 0.0841247\n-0.444198 -0.371397 0.393994 -0.998917 0.00952737 -0.0455433 -0.0399748 0.325178 0.944807 0.0238112 0.945605 -0.324445 0.0881566 0.0724931 0.769751\n-0.449175 -0.793586 0.354633 1 0 0 0 1 0 0 0 1 0.058042 0.014925 0.116083\n-0.449175 -0.793586 -0.250704 1 0 0 0 1 0 0 0 1 0.058042 0.014925 0.116082\n0.446319 -0.793586 -0.250704 1 0 0 0 1 0 0 0 1 0.058041 0.014925 0.116082\n0.446319 -0.793586 0.354633 1 0 0 -0 1 0 0 -0 1 0.058041 0.014925 0.116083\nC 39\n0 7\n0 11\n0 4\n0 12\n0 5\n0 1\n0 6\n1 3\n1 2\n1 14\n1 13\n2 5\n2 14\n2 4\n3 7\n3 6\n3 13\n4 12\n4 5\n4 14\n5 12\n5 14\n6 7\n6 11\n6 13\n7 11\n7 13\n8 13\n8 9\n8 17\n8 18\n9 17\n9 10\n9 16\n10 15\n10 16\n10 14\n13 18\n14 15\nS 8\n2\n2 -0.44958 0.101156 0.229036\n3 0.446756 0.111842 0.222654\n2\n-0.00141213 0.106499 0.225845\n0.999904 0.0119207 -0.00712018\n2\n4 -0.44917 0.243054 -0.006156\n6 0.446324 0.243054 -0.006156\n2\n-0.001423 0.243054 -0.006156\n1 0 0\n2\n5 -0.449248 0.238431 -0.0288565\n7 0.446342 0.241949 -0.0347805\n2\n-0.0014525 0.24019 -0.0318185\n0.99997 0.00392802 -0.00661444\n2\n8 0.446329 -0.760432 0.0605625\n10 -0.449155 -0.756696 0.066065\n2\n-0.00141325 -0.758564 0.0633137\n-0.999972 0.00417193 0.00614456\n2\n11 0.397569 0.243452 -0.222111\n12 -0.400425 0.243452 -0.222111\n2\n-0.001428 0.243452 -0.222111\n-1 -9.34655e-09 5.26155e-10\n2\n13 0.443157 -0.371246 0.387395\n14 -0.444198 -0.371397 0.393994\n2\n-0.000520867 -0.371322 0.390694\n-0.999972 -0.000170663 0.00743636\n2\n15 -0.449175 -0.793586 0.354633\n18 0.446319 -0.793586 0.354633\n2\n-0.00142825 -0.793586 0.354633\n1 0 0\n2\n16 -0.449175 -0.793586 -0.250704\n17 0.446319 -0.793586 -0.250704\n2\n-0.00142825 -0.793586 -0.250704\n1 0 0\nL 19\n0\n1\n3\n3\n3\n3\n3\n3\n2\n2\n2\n0\n0\n2\n2\n2\n2\n2\n2"
}