{
    "boxes": [
        [
            0.0036915000528097153,
            -0.044422999024391174,
            0.17563900351524353,
            0.05806399881839752,
            0.7766079902648926,
            0.8202790021896362,
            0.0,
            1.0,
            0.0,
            0.0,
            0.0,
            1.0
        ],
        [
            -0.2740289866924286,
            -0.09141819924116135,
            0.08796480298042297,
            0.09039200097322464,
            0.43018200993537903,
            0.058566298335790634,
            0.1120460033416748,
            0.9924589991569519,
            -0.04970709979534149,
            0.00323634990490973,
            0.04965740069746971,
            0.998760998249054
        ],
        [
            -0.3114689886569977,
            -0.4637089967727661,
            0.34795498847961426,
            0.7393460273742676,
            0.06508780270814896,
            0.053200699388980865,
            0.06966380029916763,
            0.9820119738578796,
            -0.17549799382686615,
            -0.10445400327444077,
            0.18213899433612823,
            0.9777089953422546
        ],
        [
            -0.31330999732017517,
            -0.45351600646972656,
            -0.16536499559879303,
            0.6822649836540222,
            0.0807524025440216,
            0.0669545978307724,
            0.10003200173377991,
            0.9683859944343567,
            0.22852200269699097,
            0.2787579894065857,
            -0.24775199592113495,
            0.9278540015220642
        ],
        [
            -0.3426539897918701,
            -0.8113319873809814,
            -0.2662520110607147,
            0.06792370229959488,
            0.04958749935030937,
            0.04730150103569031,
            0.13371799886226654,
            0.9896270036697388,
            0.05251369997859001,
            -0.07173340022563934,
            -0.04318520054221153,
            0.9964889883995056
        ],
        [
            0.3500329852104187,
            -0.8215640187263489,
            -0.26260998845100403,
            0.05231890082359314,
            0.04935630038380623,
            0.04762279987335205,
            -0.23927000164985657,
            0.8866479992866516,
            0.3957349956035614,
            -0.5790839791297913,
            -0.4574640095233917,
            0.6748250126838684
        ],
        [
            0.003462499938905239,
            -0.11721500009298325,
            -0.08090350031852722,
            0.05963199958205223,
            0.05229499936103821,
            0.6189429759979248,
            0.0,
            1.0,
            0.0,
            0.0,
            0.0,
            1.0
        ],
        [
            0.32267099618911743,
            -0.47317299246788025,
            -0.173102006316185,
            0.7296509742736816,
            0.08631560206413269,
            0.06400659680366516,
            -0.07452370226383209,
            0.9667379856109619,
            0.24467100203037262,
            0.5016120076179504,
            -0.17571400105953217,
            0.8470600247383118
        ],
        [
            0.0030712599400430918,
            0.4308120012283325,
            -0.26966598629951477,
            0.4767470061779022,
            0.11806699633598328,
            0.8070650100708008,
            -0.0010546200210228562,
            0.9887300133705139,
            -0.14970499277114868,
            -0.0012263200478628278,
            0.1497039943933487,
            0.9887300133705139
        ],
        [
            -0.259768009185791,
            0.15859399735927582,
            -0.2735550105571747,
            0.6170300245285034,
            0.1684200018644333,
            0.037985701113939285,
            0.07686170190572739,
            0.9558809995651245,
            -0.28352099657058716,
            -0.0029884499963372946,
            0.2845819890499115,
            0.9586470127105713
        ]
    ],
    "ops": [
        [
            0,
            0,
            0,
            1,
            2,
            0,
            0,
            2,
            1,
            0,
            2,
            0,
            0,
            1,
            1,
            1,
            1,
            1,
            0,
            0,
            2,
            1,
            1
        ]
    ],
    "syms": [
        [
            0.0,
            0.9998570084571838,
            -0.01641879975795746,
            0.00404977984726429,
            0.006150839850306511,
            -0.09601909667253494,
            0.0890996977686882,
            0.0
        ],
        [
            0.0,
            -0.0004325319896452129,
            -0.011417300440371037,
            0.99993497133255,
            -0.3428040146827698,
            -0.8152710199356079,
            0.07877130061388016,
            0.0
        ],
        [
            0.0,
            0.002684619976207614,
            0.00440648989751935,
            0.999987006187439,
            0.35095301270484924,
            -0.820052981376648,
            0.08029770106077194,
            0.0
        ],
        [
            0.0,
            0.9999849796295166,
            0.0029694701079279184,
            0.004545819945633411,
            0.0038441698998212814,
            0.15937699377536774,
            -0.2723569869995117,
            0.0
        ]
    ],
    "labels:": [
        [
            1,
            2,
            2,
            2,
            2,
            2,
            2,
            2,
            0,
            0
        ]
    ],
    "obj": 35625,
    "mat_index": 1089,
    "obbs": "N 15\n0.00307126 0.430812 -0.269666 0.999999 0.00122632 0.00105462 -0.00122632 0.149704 0.98873 0.00105462 -0.98873 0.149705 0.807065 0.118067 0.476747\n0.0036915 -0.044423 0.175639 1 0 0 0 1 0 0 0 1 0.820279 0.058064 0.776608\n-0.342654 -0.811332 -0.266252 -0.98842 0.137016 -0.0652147 -0.0717334 -0.0431852 0.996489 0.133718 0.989627 0.0525137 0.0473015 0.0495875 0.0679237\n0.350033 -0.821564 -0.26261 -0.23927 0.886648 0.395735 -0.579084 -0.457464 0.674825 0.779366 -0.0676989 0.622901 0.0523189 0.0493563 0.0476228\n0.351874 -0.818542 0.423206 0.113646 -0.97903 0.169072 0.746973 -0.0280052 -0.664264 0.655069 0.201783 0.728126 0.0452421 0.0474193 0.0474364\n-0.342953 -0.819211 0.423795 -0.217732 -0.962565 0.161433 0.962565 -0.239133 -0.127606 0.161433 0.127606 0.978599 0.049021 0.0489536 0.0470521\n0.286331 -0.10062 0.0902345 1 0 0 0 1 0 0 0 1 0.053206 0.096838 0.433637\n-0.274029 -0.0914182 0.0879648 0.112046 0.992459 -0.0497071 0.993698 -0.112068 0.00235197 -0.00323635 -0.0496574 -0.998761 0.090392 0.0585663 0.430182\n0.0034625 -0.117215 -0.0809035 1 0 0 0 1 0 0 0 1 0.618943 0.059632 0.052295\n-0.259768 0.158594 -0.273555 0.00298845 -0.284582 -0.958647 0.997037 -0.072836 0.02473 -0.0768617 -0.955881 0.283521 0.16842 0.0379857 0.61703\n0.267457 0.160159 -0.271159 -0.0755941 0.95915 -0.272609 0.997124 0.0741972 -0.0154445 0.00541323 -0.272993 -0.962001 0.617171 0.0364784 0.168993\n0.322671 -0.473173 -0.173102 0.0745237 -0.966738 -0.244671 0.861877 0.185856 -0.471833 0.501612 -0.175714 0.84706 0.729651 0.0640066 0.0863156\n-0.31331 -0.453516 -0.165365 0.955137 -0.0291132 -0.294728 0.278758 -0.247752 0.927854 -0.100032 -0.968386 -0.228522 0.0669546 0.0807524 0.682265\n-0.311469 -0.463709 0.347955 -0.992087 0.0497795 -0.115263 -0.104454 0.182139 0.977709 0.0696638 0.982012 -0.175498 0.0532007 0.0650878 0.739346\n0.320968 -0.462613 0.350723 0.99561 0.0885174 -0.0304361 0.0144487 0.17593 0.984297 0.0924821 -0.980415 0.173879 0.0477667 0.0588651 0.739356\nC 30\n0 10\n0 1\n0 9\n1 6\n1 11\n1 14\n1 10\n1 13\n1 9\n1 12\n1 8\n1 7\n2 12\n3 11\n4 14\n5 13\n6 14\n6 10\n6 11\n6 8\n7 12\n7 9\n7 13\n7 8\n8 9\n8 10\n8 11\n8 12\n9 12\n10 11\nS 5\n2\n2 -0.342654 -0.811332 -0.266252\n5 -0.342953 -0.819211 0.423795\n2\n-0.342804 -0.815271 0.0787713\n-0.000432532 -0.0114173 0.999935\n2\n3 0.350033 -0.821564 -0.26261\n4 0.351874 -0.818542 0.423206\n2\n0.350953 -0.820053 0.0802977\n0.00268462 0.00440649 0.999987\n2\n6 0.286331 -0.10062 0.0902345\n7 -0.274029 -0.0914182 0.0879648\n2\n0.00615084 -0.0960191 0.0890997\n-0.999857 0.0164188 -0.00404978\n2\n9 -0.259768 0.158594 -0.273555\n10 0.267457 0.160159 -0.271159\n2\n0.00384417 0.159377 -0.272357\n0.999985 0.00296947 0.00454582\n2\n13 -0.311469 -0.463709 0.347955\n14 0.320968 -0.462613 0.350723\n2\n0.00474958 -0.463161 0.349339\n0.999989 0.00173435 0.0043769\nL 15\n0\n1\n2\n2\n2\n2\n2\n2\n2\n0\n0\n2\n2\n2\n2"
}