{
    "boxes": [
        [
            -0.010324699804186821,
            -0.032512400299310684,
            0.1664540022611618,
            0.07665809988975525,
            0.7857339978218079,
            0.8590139746665955,
            0.0028168701101094484,
            0.9994210004806519,
            0.033904798328876495,
            -4.776650166604668e-05,
            -0.033904798328876495,
            0.9994249939918518
        ],
        [
            -0.005590999964624643,
            -0.7606649994850159,
            -0.29023900628089905,
            0.025787999853491783,
            0.06906100362539291,
            0.7259960174560547,
            0.0,
            1.0,
            0.0,
            0.0,
            0.0,
            1.0
        ],
        [
            -0.4174039959907532,
            -0.4109039902687073,
            0.5282729864120483,
            0.7175859808921814,
            0.13555200397968292,
            0.026280000805854797,
            0.0,
            1.0,
            0.0,
            0.0,
            0.0,
            1.0
        ],
        [
            -0.39007699489593506,
            -0.7592949867248535,
            0.09738250076770782,
            0.02751299925148487,
            0.7558389902114868,
            0.08004699647426605,
            0.0,
            1.0,
            0.0,
            0.0,
            0.0,
            1.0
        ],
        [
            -0.008825499564409256,
            0.35182899236679077,
            -0.3121730089187622,
            0.32058000564575195,
            0.045888498425483704,
            0.8562800288200378,
            -0.002748349914327264,
            0.9999960064888,
            -7.553489922429435e-06,
            -0.002748359926044941,
            3.3306698679688577e-16,
            0.9999960064888
        ],
        [
            -0.41487300395965576,
            0.24991999566555023,
            -0.29770201444625854,
            0.5865219831466675,
            0.10772600024938583,
            0.02572779916226864,
            0.0018813899951055646,
            0.9887970089912415,
            -0.1492529958486557,
            -0.007055399939417839,
            0.14926199615001678,
            0.9887719750404358
        ]
    ],
    "ops": [
        [
            0,
            0,
            0,
            0,
            1,
            2,
            1,
            1,
            0,
            0,
            2,
            1,
            1
        ]
    ],
    "syms": [
        [
            0.0,
            0.99959397315979,
            0.0023195999674499035,
            0.028414400294423103,
            -0.010064500384032726,
            -0.40995898842811584,
            0.5398520231246948,
            0.0
        ],
        [
            0.0,
            0.9999799728393555,
            0.004981200210750103,
            0.0038986499421298504,
            -0.0076293498277664185,
            0.2519479990005493,
            -0.2961139976978302,
            0.0
        ]
    ],
    "labels:": [
        [
            1,
            2,
            2,
            2,
            0,
            0
        ]
    ],
    "obj": 35643,
    "mat_index": 1104,
    "obbs": "N 9\n-0.0088255 0.351829 -0.312173 -0.00274835 0.999996 -7.55349e-06 -0.00274836 3.33067e-16 0.999996 0.999992 0.00274836 0.00274835 0.32058 0.0458885 0.85628\n-0.0103247 -0.0325124 0.166454 4.77665e-05 0.0339048 -0.999425 0.00281687 0.999421 0.0339048 0.999996 -0.00281687 -4.77665e-05 0.785734 0.0766581 0.859014\n0.399614 0.253977 -0.294527 0.0007292 -0.155427 -0.987847 0.999998 -0.00178993 0.0010198 -0.00192668 -0.987846 0.155425 0.113394 0.0262457 0.577126\n-0.414873 0.24992 -0.297702 0.00188139 0.988797 -0.149253 0.999973 -0.000807233 0.00725718 0.0070554 -0.149262 -0.988772 0.586522 0.0257278 0.107726\n-0.417404 -0.410904 0.528273 1 0 0 0 1 0 0 0 1 0.02628 0.717586 0.135552\n0.397275 -0.409013 0.551431 1 0 0 0 1 0 0 0 1 0.025776 0.698427 0.093548\n-0.390077 -0.759295 0.0973825 1 0 0 0 1 0 0 0 1 0.080047 0.027513 0.755839\n0.393566 -0.756172 0.12464 0.998291 -0.0259835 -0.0523519 0.0260835 0.999659 0.00122745 0.0523022 -0.00259087 0.998628 0.067017 0.0378346 0.806607\n-0.005591 -0.760665 -0.290239 1 0 0 0 1 0 0 0 1 0.725996 0.025788 0.069061\nC 11\n0 1\n0 3\n0 2\n1 2\n1 3\n1 4\n1 5\n4 6\n5 7\n6 8\n7 8\nS 3\n2\n2 0.399614 0.253977 -0.294527\n3 -0.414873 0.24992 -0.297702\n2\n-0.00762935 0.251948 -0.296114\n-0.99998 -0.0049812 -0.00389865\n2\n4 -0.417404 -0.410904 0.528273\n5 0.397275 -0.409013 0.551431\n2\n-0.0100645 -0.409959 0.539852\n0.999594 0.0023196 0.0284144\n2\n6 -0.390077 -0.759295 0.0973825\n7 0.393566 -0.756172 0.12464\n2\n0.00174435 -0.757734 0.111011\n0.999388 0.003983 0.0347623\nL 9\n0\n1\n0\n0\n2\n2\n2\n2\n2"
}