{
    "boxes": [
        [
            -0.005947039928287268,
            -0.09095980226993561,
            0.15470899641513824,
            0.18583400547504425,
            0.7440099716186523,
            0.8660020232200623,
            -0.022543899714946747,
            0.9991919994354248,
            -0.03326030075550079,
            -0.00037505998625420034,
            0.03326030075550079,
            0.9994469881057739
        ],
        [
            -0.4496920108795166,
            0.10188800096511841,
            0.14459000527858734,
            0.37943801283836365,
            0.6240890026092529,
            0.10172499716281891,
            -0.26607099175453186,
            0.9639310240745544,
            0.006542670074850321,
            -0.006542670074850321,
            -0.008593039587140083,
            0.9999420046806335
        ],
        [
            -0.2783159911632538,
            -0.5011780261993408,
            -0.18446199595928192,
            0.672694981098175,
            0.06932710111141205,
            0.06965100020170212,
            0.2013860046863556,
            0.9203659892082214,
            0.3352159857749939,
            -0.07883299887180328,
            -0.3258880078792572,
            0.9421160221099854
        ],
        [
            0.2700679898262024,
            -0.5027710199356079,
            -0.1883070021867752,
            0.6657999753952026,
            0.06659550219774246,
            0.06577000021934509,
            -0.2374970018863678,
            0.9075009822845459,
            0.34646299481391907,
            0.6640099883079529,
            -0.10865899920463562,
            0.7397869825363159
        ],
        [
            -0.011761399917304516,
            0.20642900466918945,
            -0.23196299374103546,
            0.7055320143699646,
            0.24641600251197815,
            1.0617200136184692,
            0.09415949881076813,
            0.9684820175170898,
            -0.23059900104999542,
            -0.013199100270867348,
            0.2328220009803772,
            0.9724299907684326
        ]
    ],
    "ops": [
        [
            0,
            0,
            2,
            1,
            0,
            0,
            1,
            2,
            1,
            0,
            1
        ]
    ],
    "syms": [
        [
            0.0,
            0.9999819993972778,
            0.0056785899214446545,
            0.001988800009712577,
            -0.011034400202333927,
            0.10437899827957153,
            0.1454620063304901,
            0.0
        ],
        [
            0.0,
            -0.07623320072889328,
            0.024956300854682922,
            0.9967780113220215,
            -0.30082300305366516,
            -0.4938099980354309,
            0.10982199758291245,
            0.0
        ]
    ],
    "labels:": [
        [
            1,
            3,
            2,
            2,
            0
        ]
    ],
    "obj": 35653,
    "mat_index": 1109,
    "obbs": "N 8\n-0.0117614 0.206429 -0.231963 -0.99547 0.0885198 -0.0347055 -0.0131991 0.232822 0.97243 0.0941595 0.968482 -0.230599 1.06172 0.246416 0.705532\n0.427624 0.10687 0.146335 0.00808813 0.00610026 -0.999949 0.961472 -0.274834 0.00610026 -0.274783 -0.961472 -0.00808813 0.639258 0.106097 0.371797\n-0.449692 0.101888 0.14459 0.266071 -0.963931 -0.00654267 0.963931 0.266012 0.00859304 -0.00654267 -0.00859304 0.999942 0.379438 0.101725 0.624089\n-0.00594704 -0.0909598 0.154709 0.00037506 -0.0332603 -0.999447 -0.0225439 0.999192 -0.0332603 0.999746 0.0225439 -0.00037506 0.74401 0.185834 0.866002\n-0.32333 -0.486442 0.404105 0.252047 -0.218243 -0.942784 0.941091 -0.171674 0.291334 -0.225433 -0.960676 0.162116 0.0738102 0.0694988 0.667463\n0.270068 -0.502771 -0.188307 -0.237497 0.907501 0.346463 0.66401 -0.108659 0.739787 0.709004 0.405752 -0.576784 0.6658 0.0665955 0.06577\n-0.278316 -0.501178 -0.184462 -0.976334 0.216155 -0.00692597 -0.078833 -0.325888 0.942116 0.201386 0.920366 0.335216 0.069651 0.0693271 0.672695\n0.309318 -0.482094 0.400965 -0.752573 -0.249465 -0.609427 -0.62149 -0.0368524 0.782555 -0.217679 0.967682 -0.127306 0.0761325 0.068893 0.674325\nC 15\n0 1\n0 6\n0 5\n0 3\n0 2\n1 3\n1 5\n1 7\n2 6\n2 4\n2 3\n3 6\n3 7\n3 4\n3 5\nS 3\n2\n1 0.427624 0.10687 0.146335\n2 -0.449692 0.101888 0.14459\n2\n-0.0110344 0.104379 0.145462\n-0.999982 -0.00567859 -0.0019888\n2\n4 -0.32333 -0.486442 0.404105\n6 -0.278316 -0.501178 -0.184462\n2\n-0.300823 -0.49381 0.109822\n0.0762332 -0.0249563 -0.996778\n2\n5 0.270068 -0.502771 -0.188307\n7 0.309318 -0.482094 0.400965\n2\n0.289693 -0.492432 0.106329\n0.0664197 0.0349915 0.997178\nL 8\n0\n3\n3\n1\n2\n2\n2\n2"
}