{
    "boxes": [
        [
            -0.0038209999911487103,
            -0.1926169991493225,
            0.18446999788284302,
            0.21433700621128082,
            0.8947389721870422,
            0.8800100088119507,
            0.0,
            1.0,
            0.0,
            0.0,
            0.0,
            1.0
        ],
        [
            -0.41674500703811646,
            -0.048753999173641205,
            -0.25492098927497864,
            0.3430649936199188,
            0.16171599924564362,
            0.05861169844865799,
            -0.01139609981328249,
            0.9905250072479248,
            0.13685500621795654,
            0.021811600774526596,
            -0.136585995554924,
            0.9903879761695862
        ],
        [
            -0.4146130084991455,
            -0.05307789891958237,
            0.4835450053215027,
            0.3698410093784332,
            0.15839600563049316,
            0.06364169716835022,
            -0.012467799708247185,
            0.9934939742088318,
            -0.11320000141859055,
            0.007464659865945578,
            0.11329799890518188,
            0.9935330152511597
        ],
        [
            -0.20942099392414093,
            0.18168100714683533,
            -0.42430299520492554,
            0.019766999408602715,
            0.02781200036406517,
            0.38911399245262146,
            0.0,
            1.0,
            0.0,
            0.0,
            0.0,
            1.0
        ],
        [
            -0.4382619857788086,
            0.1456570029258728,
            0.06318250298500061,
            0.0925929993391037,
            1.0027799606323242,
            0.09832199662923813,
            0.0,
            1.0,
            0.0,
            0.0,
            0.0,
            1.0
        ],
        [
            -0.42760899662971497,
            -0.37627699971199036,
            -0.32113099098205566,
            0.3947579860687256,
            0.11889000236988068,
            0.03325840085744858,
            0.001501790015026927,
            0.9871519804000854,
            0.1597760021686554,
            -0.0036650700494647026,
            -0.15976999700069427,
            0.9871479868888855
        ],
        [
            -0.427511990070343,
            -0.6015380024909973,
            0.1099499985575676,
            0.1278740018606186,
            1.0935399532318115,
            0.032627999782562256,
            0.0,
            1.0,
            0.0,
            0.0,
            0.0,
            1.0
        ],
        [
            -0.4229550063610077,
            -0.3752819895744324,
            0.5303450226783752,
            0.36170798540115356,
            0.1224370002746582,
            0.04583359882235527,
            0.0023762399796396494,
            0.9921429753303528,
            -0.12508299946784973,
            -0.0316012017428875,
            0.12509499490261078,
            0.9916409850120544
        ],
        [
            -0.003874849993735552,
            0.3138880133628845,
            -0.25300300121307373,
            1.093790054321289,
            0.12587200105190277,
            0.8213480114936829,
            -0.002838549902662635,
            0.9777320027351379,
            -0.20983700454235077,
            -0.0035123599227517843,
            0.20982599258422852,
            0.9777320027351379
        ],
        [
            -0.0036608800292015076,
            0.040365301072597504,
            -0.1489029973745346,
            0.5026270151138306,
            0.03875400125980377,
            0.8176900148391724,
            0.0006373720243573189,
            0.9643009901046753,
            -0.26480698585510254,
            0.0008359960047528148,
            0.26480698585510254,
            0.9643009901046753
        ],
        [
            -0.007739500142633915,
            0.09424050152301788,
            -0.28566598892211914,
            0.08434099704027176,
            0.045896999537944794,
            0.8143290281295776,
            0.0,
            1.0,
            0.0,
            0.0,
            0.0,
            1.0
        ]
    ],
    "ops": [
        [
            0,
            0,
            0,
            0,
            0,
            1,
            1,
            1,
            2,
            1,
            0,
            0,
            0,
            1,
            1,
            2,
            1,
            0,
            0,
            0,
            1,
            1,
            1
        ]
    ],
    "syms": [
        [
            0.0,
            0.9999899864196777,
            0.0025232299230992794,
            -0.003701489884406328,
            0.00021166699298191816,
            -0.04770189896225929,
            -0.25646400451660156,
            0.0
        ],
        [
            0.0,
            0.9999960064888,
            -0.0025702700950205326,
            -0.0009930379455909133,
            -0.0037289499305188656,
            -0.37736600637435913,
            -0.32155200839042664,
            0.0
        ]
    ],
    "labels:": [
        [
            1,
            3,
            3,
            3,
            3,
            2,
            2,
            2,
            0,
            0,
            0
        ]
    ],
    "obj": 35719,
    "mat_index": 1141,
    "obbs": "N 18\n-0.00366088 0.0403653 -0.148903 0.999999 -0.000835996 -0.000637372 0.000835996 0.264807 0.964301 -0.000637372 -0.964301 0.264807 0.81769 0.038754 0.502627\n-0.0077395 0.0942405 -0.285666 1 0 0 0 1 0 0 0 1 0.814329 0.084341 0.045897\n-0.209421 0.181681 -0.424303 1 0 0 0 1 0 0 0 1 0.389114 0.019767 0.027812\n0.184327 0.182026 -0.423886 1 0 0 0 1 0 0 0 1 0.422423 0.019758 0.026982\n-0.003821 -0.192617 0.18447 1 0 0 0 1 0 0 0 1 0.88001 0.214337 0.894739\n-0.438262 0.145657 0.0631825 1 0 0 0 1 0 0 0 1 0.098322 0.092593 1.00278\n0.431144 0.145653 0.0615815 1 0 0 0 1 0 0 0 1 0.097295 0.092603 0.999689\n0.41987 -0.595809 0.109925 1 0 0 0 1 0 0 0 1 0.032628 0.139327 1.09358\n-0.427512 -0.601538 0.10995 1 0 0 0 1 0 0 0 1 0.032628 0.127874 1.09354\n-0.414613 -0.0530779 0.483545 -0.0124678 0.993494 -0.1132 0.999894 0.0115421 -0.00882866 -0.00746466 -0.113298 -0.993533 0.369841 0.0636417 0.158396\n-0.416745 -0.048754 -0.254921 0.0113961 -0.990525 -0.136855 0.999697 0.0142716 -0.0200484 0.0218116 -0.136586 0.990388 0.343065 0.0586117 0.161716\n0.406734 -0.0496663 0.478582 0.0239382 0.995646 -0.0900854 0.999641 -0.0227515 0.0141762 0.0120649 -0.0903923 -0.995833 0.366806 0.067912 0.15723\n0.417169 -0.0466498 -0.258008 0.0355185 -0.986419 -0.160362 0.997758 0.044109 -0.0503306 0.0567204 -0.158215 0.985774 0.359866 0.0552482 0.162558\n-0.00387485 0.313888 -0.253003 -0.00283855 0.977732 -0.209837 -0.00351236 0.209826 0.977732 0.99999 0.00351236 0.00283855 1.09379 0.125872 0.821348\n-0.422955 -0.375282 0.530345 0.0316012 -0.125095 -0.991641 0.999498 0.00159639 0.0316501 -0.00237624 -0.992143 0.125083 0.122437 0.0458336 0.361708\n-0.427609 -0.376277 -0.321131 -0.00150179 -0.987152 -0.159776 0.999992 -0.00206808 0.00337804 -0.00366507 -0.15977 0.987148 0.394758 0.0332584 0.11889\n0.420151 -0.378456 -0.321973 0.0089204 -0.980485 -0.196392 0.999864 0.0114771 -0.011884 0.0139061 -0.196259 0.980453 0.379035 0.0364651 0.130458\n0.414481 -0.374242 0.533114 0.0121917 0.992904 -0.118296 0.99981 -0.0139055 -0.013673 -0.015221 -0.118107 -0.992884 0.359243 0.0477079 0.115352\nC 59\n0 16\n0 10\n0 3\n0 15\n0 4\n0 12\n0 5\n0 1\n0 13\n0 6\n0 2\n1 3\n1 15\n1 6\n1 2\n1 16\n1 5\n1 10\n1 13\n1 4\n1 12\n2 5\n2 13\n2 10\n2 3\n3 6\n3 13\n3 12\n4 7\n4 8\n4 12\n4 9\n4 13\n4 10\n4 5\n4 14\n4 16\n4 11\n4 6\n4 15\n4 17\n5 9\n5 13\n5 10\n6 11\n6 12\n6 13\n7 16\n7 17\n8 14\n8 15\n9 14\n10 15\n10 13\n11 17\n12 16\n12 13\n13 16\n13 15\nS 7\n2\n2 -0.209421 0.181681 -0.424303\n3 0.184327 0.182026 -0.423886\n2\n-0.0125472 0.181854 -0.424094\n0.999999 0.000874925 0.00105905\n2\n5 -0.438262 0.145657 0.0631825\n6 0.431144 0.145653 0.0615815\n2\n-0.00355925 0.145655 0.062382\n0.999998 -5.75105e-06 -0.00184149\n2\n7 0.41987 -0.595809 0.109925\n8 -0.427512 -0.601538 0.10995\n2\n-0.003821 -0.598674 0.109937\n-0.999977 -0.00676008 2.89119e-05\n2\n9 -0.414613 -0.0530779 0.483545\n11 0.406734 -0.0496663 0.478582\n2\n-0.00393976 -0.0513721 0.481063\n0.999973 0.00415347 -0.00604162\n2\n10 -0.416745 -0.048754 -0.254921\n12 0.417169 -0.0466498 -0.258008\n2\n0.000211667 -0.0477019 -0.256464\n0.99999 0.00252323 -0.00370149\n2\n14 -0.422955 -0.375282 0.530345\n17 0.414481 -0.374242 0.533114\n2\n-0.00423727 -0.374762 0.531729\n0.999994 0.00124131 0.00330688\n2\n15 -0.427609 -0.376277 -0.321131\n16 0.420151 -0.378456 -0.321973\n2\n-0.00372895 -0.377366 -0.321552\n0.999996 -0.00257027 -0.000993038\nL 18\n0\n0\n3\n3\n1\n3\n3\n2\n2\n3\n3\n3\n3\n0\n2\n2\n2\n2"
}