{
    "boxes": [
        [
            0.004718500189483166,
            -0.06627149879932404,
            0.12570999562740326,
            0.07009699940681458,
            0.7680519819259644,
            0.6809390187263489,
            0.0,
            1.0,
            0.0,
            0.0,
            0.0,
            1.0
        ],
        [
            -0.3933030068874359,
            0.2633650004863739,
            0.1671389937400818,
            0.07843810319900513,
            0.7297670245170593,
            0.1274220049381256,
            0.061321601271629333,
            0.9981120228767395,
            0.0033393099438399076,
            -0.00010248299804516137,
            -0.0033393099438399076,
            0.9999939799308777
        ],
        [
            -0.3585070073604584,
            0.08023969829082489,
            0.46643000841140747,
            0.32498899102211,
            0.10467100143432617,
            0.07987350225448608,
            -0.05627639964222908,
            0.9977380037307739,
            0.036770299077034,
            -0.14654900133609772,
            -0.04468449950218201,
            0.9881939888000488
        ],
        [
            0.3484320044517517,
            -0.3307110071182251,
            -0.24107399582862854,
            0.477632999420166,
            0.13197900354862213,
            0.08773700147867203,
            0.0,
            1.0,
            0.0,
            0.0,
            0.0,
            1.0
        ],
        [
            -0.35997799038887024,
            -0.5790929794311523,
            0.009418499656021595,
            0.13554100692272186,
            1.3806899785995483,
            0.056099001318216324,
            0.0,
            1.0,
            0.0,
            0.0,
            0.0,
            1.0
        ],
        [
            -0.3523719906806946,
            -0.3337010145187378,
            0.1170009970664978,
            0.10640399903059006,
            0.6244609951972961,
            0.07131300121545792,
            0.0,
            1.0,
            0.0,
            0.0,
            0.0,
            1.0
        ],
        [
            0.001233499962836504,
            -0.33309099078178406,
            -0.23977500200271606,
            0.10153300315141678,
            0.09475799649953842,
            0.6496769785881042,
            0.0,
            1.0,
            0.0,
            0.0,
            0.0,
            1.0
        ],
        [
            -0.3523249924182892,
            -0.30581599473953247,
            0.4645349979400635,
            0.49570998549461365,
            0.10501600056886673,
            0.07140599936246872,
            0.0,
            1.0,
            0.0,
            0.0,
            0.0,
            1.0
        ],
        [
            -0.11885099858045578,
            0.46333301067352295,
            -0.25340700149536133,
            0.6145359873771667,
            0.09404510259628296,
            0.09490799903869629,
            -0.01409090030938387,
            0.9990100264549255,
            -0.0421844981610775,
            0.14751799404621124,
            0.0438041016459465,
            0.9880890250205994
        ],
        [
            -0.3443480134010315,
            0.3857020139694214,
            -0.24165399372577667,
            1.0168299674987793,
            0.1460849940776825,
            0.10585000365972519,
            -0.0020901800598949194,
            0.9967259764671326,
            -0.08082950115203857,
            0.28437700867652893,
            0.07808490097522736,
            0.9555270075798035
        ],
        [
            -0.24830199778079987,
            0.4606109857559204,
            -0.2517099976539612,
            0.6176040172576904,
            0.08873599767684937,
            0.0865510031580925,
            -0.006312069948762655,
            0.9981080293655396,
            -0.061160799115896225,
            0.21648600697517395,
            0.06107550114393234,
            0.9743729829788208
        ],
        [
            0.00209950003772974,
            0.45274001359939575,
            -0.2523309886455536,
            0.6231060028076172,
            0.11557699739933014,
            0.07517900317907333,
            0.0,
            1.0,
            0.0,
            0.0,
            0.0,
            1.0
        ],
        [
            0.0028864999767392874,
            0.1234389990568161,
            -0.23243899643421173,
            0.09842900186777115,
            0.0850830003619194,
            0.6489289999008179,
            0.0,
            1.0,
            0.0,
            0.0,
            0.0,
            1.0
        ]
    ],
    "ops": [
        [
            0,
            0,
            0,
            1,
            2,
            1,
            0,
            0,
            0,
            1,
            1,
            2,
            0,
            2,
            0,
            2,
            1,
            1,
            1,
            0,
            0,
            1,
            2,
            0,
            2,
            0,
            0,
            2,
            1,
            1,
            1,
            1
        ]
    ],
    "syms": [
        [
            0.0,
            0.9999920129776001,
            -0.0037115199957042933,
            0.00153541995678097,
            0.0024351999163627625,
            0.261896014213562,
            0.16774600744247437,
            0.0
        ],
        [
            0.0,
            0.9998890161514282,
            0.008306239731609821,
            -0.012401199899613857,
            -0.0020025200210511684,
            -0.333622008562088,
            -0.2367279976606369,
            0.0
        ],
        [
            0.0,
            0.0012670500436797738,
            -0.0016492899740114808,
            0.9999979734420776,
            0.001680999994277954,
            -0.33367300033569336,
            0.11340700089931488,
            0.0
        ],
        [
            0.0,
            0.9999709725379944,
            -0.007592279929667711,
            2.139669959433377e-06,
            -0.0018144999630749226,
            -0.3084770143032074,
            0.46453601121902466,
            0.0
        ],
        [
            0.0,
            0.9999780058860779,
            0.0027802500408142805,
            0.006049289833754301,
            0.06321530044078827,
            0.4638400077819824,
            -0.2523060142993927,
            0.0
        ],
        [
            0.0,
            0.9998630285263062,
            -0.01653210073709488,
            0.00015365300350822508,
            -0.05932550132274628,
            0.45748600363731384,
            -0.25168099999427795,
            0.0
        ],
        [
            0.0,
            0.010567099787294865,
            0.9982219934463501,
            -0.05866279825568199,
            0.006441750098019838,
            0.4592840075492859,
            -0.2521759867668152,
            0.0
        ]
    ],
    "labels:": [
        [
            1,
            3,
            3,
            2,
            2,
            2,
            2,
            2,
            0,
            0,
            0,
            0,
            0
        ]
    ],
    "obj": 35721,
    "mat_index": 1142,
    "obbs": "N 24\n0.0028865 0.123439 -0.232439 1 0 0 0 1 0 0 0 1 0.648929 0.098429 0.085083\n0.009997 0.79513 -0.271913 1 0 0 0 1 0 0 0 1 0.662932 0.100633 0.08507\n0.0047185 -0.0662715 0.12571 1 0 0 0 1 0 0 0 1 0.680939 0.070097 0.768052\n-0.248302 0.460611 -0.25171 -0.216486 -0.0610755 -0.974373 0.976265 -0.00709016 -0.216462 0.00631207 -0.998108 0.0611608 0.088736 0.086551 0.617604\n-0.118851 0.463333 -0.253407 0.0140909 -0.99901 0.0421845 0.988959 0.00770007 -0.147989 0.147518 0.0438041 0.988089 0.614536 0.094908 0.0940451\n0.0020995 0.45274 -0.252331 1 0 0 0 1 0 0 0 1 0.075179 0.623106 0.115577\n0.129651 0.454361 -0.251652 0.151112 -0.0577752 -0.986827 0.988511 0.00548963 0.151049 -0.00330954 -0.998315 0.0579409 0.0870286 0.0899312 0.627796\n0.245282 0.464346 -0.251204 -0.110068 -0.0571202 -0.992281 0.993871 -0.0166576 -0.109285 -0.0102866 -0.998228 0.0586035 0.0841721 0.102282 0.623189\n0.398173 0.260427 0.168354 1 0 0 0 1 0 0 0 1 0.123944 0.075914 0.727304\n-0.393303 0.263365 0.167139 0.998118 -0.0613216 -0.000102483 0.0613216 0.998112 0.00333931 -0.000102483 -0.00333931 0.999994 0.127422 0.0784381 0.729767\n0.364251 -0.579093 0.0093725 1 0 0 0 1 0 0 0 1 0.056099 0.135541 1.38078\n-0.359978 -0.579093 0.0094185 1 0 0 0 1 0 0 0 1 0.056099 0.135541 1.38069\n0.365626 0.0727137 0.469733 0.0234081 0.999723 -0.00237865 0.998537 -0.0232642 0.0488086 0.0487398 -0.00351768 -0.998805 0.341173 0.0782165 0.0938299\n-0.358507 0.0802397 0.46643 -0.0562764 0.997738 0.0367703 0.987601 0.0502234 0.148732 0.146549 0.0446845 -0.988194 0.324989 0.0798735 0.104671\n-0.352372 -0.333701 0.117001 1 0 0 0 1 0 0 0 1 0.071313 0.106404 0.624461\n0.0012335 -0.333091 -0.239775 1 0 0 0 1 0 0 0 1 0.649677 0.101533 0.094758\n0.356628 -0.336209 0.115521 1 0 0 0 1 0 0 0 1 0.071322 0.101417 0.62759\n0.0021285 -0.334256 0.466589 1 0 0 0 1 0 0 0 1 0.651119 0.099189 0.086894\n0.348432 -0.330711 -0.241074 1 0 0 0 1 0 0 0 1 0.087737 0.477633 0.131979\n0.348696 -0.311138 0.464537 1 0 0 0 1 0 0 0 1 0.087208 0.483905 0.105021\n-0.352325 -0.305816 0.464535 1 0 0 0 1 0 0 0 1 0.071406 0.49571 0.105016\n-0.352437 -0.336533 -0.232382 -0.0148143 -0.991487 -0.129362 0.996875 -0.00460582 -0.0788597 0.0775925 -0.130126 0.988457 0.481018 0.0783945 0.123898\n-0.344348 0.385702 -0.241654 -0.284377 -0.0780849 -0.955527 0.95871 -0.0209889 -0.283609 0.00209018 -0.996726 0.0808295 0.146085 0.10585 1.01683\n0.348867 0.388007 -0.237723 0.00250541 0.998405 -0.0564067 0.999988 -0.0027391 -0.00406604 -0.00421405 -0.0563958 -0.9984 1.01114 0.0896412 0.109119\nC 92\n0 7\n0 4\n0 21\n0 18\n0 5\n0 8\n0 2\n0 22\n0 6\n0 9\n0 3\n0 23\n1 6\n1 5\n1 3\n1 23\n1 4\n1 7\n1 22\n2 22\n2 5\n2 6\n2 17\n2 18\n2 12\n2 23\n2 7\n2 19\n2 13\n2 20\n2 3\n2 14\n2 4\n2 16\n2 21\n2 15\n3 5\n3 22\n3 21\n3 9\n3 4\n4 5\n4 6\n4 22\n4 9\n5 7\n5 6\n5 22\n6 7\n6 23\n6 8\n7 8\n7 18\n7 23\n8 12\n8 23\n9 13\n9 22\n10 17\n10 18\n10 19\n10 15\n10 16\n11 21\n11 15\n11 20\n11 14\n11 17\n12 17\n12 19\n12 16\n13 17\n13 20\n13 14\n14 17\n14 15\n14 21\n14 22\n14 20\n15 16\n15 23\n15 22\n15 21\n15 18\n16 19\n16 23\n16 17\n16 18\n17 20\n17 19\n18 23\n21 22\nS 11\n2\n0 0.0028865 0.123439 -0.232439\n1 0.009997 0.79513 -0.271913\n2\n0.00644175 0.459284 -0.252176\n0.0105671 0.998222 -0.0586628\n2\n3 -0.248302 0.460611 -0.25171\n6 0.129651 0.454361 -0.251652\n2\n-0.0593255 0.457486 -0.251681\n0.999863 -0.0165321 0.000153653\n2\n4 -0.118851 0.463333 -0.253407\n7 0.245282 0.464346 -0.251204\n2\n0.0632153 0.46384 -0.252306\n0.999978 0.00278025 0.00604929\n2\n8 0.398173 0.260427 0.168354\n9 -0.393303 0.263365 0.167139\n2\n0.0024352 0.261896 0.167746\n-0.999992 0.00371152 -0.00153542\n2\n10 0.364251 -0.579093 0.0093725\n11 -0.359978 -0.579093 0.0094185\n2\n0.002136 -0.579093 0.0093955\n-1 0 6.35158e-05\n2\n12 0.365626 0.0727137 0.469733\n13 -0.358507 0.0802397 0.46643\n2\n0.00355924 0.0764767 0.468082\n-0.999936 0.0103924 -0.00456099\n2\n14 -0.352372 -0.333701 0.117001\n16 0.356628 -0.336209 0.115521\n2\n0.00212825 -0.334955 0.116261\n0.999992 -0.00353805 -0.00208814\n2\n15 0.0012335 -0.333091 -0.239775\n17 0.0021285 -0.334256 0.466589\n2\n0.001681 -0.333673 0.113407\n0.00126705 -0.00164929 0.999998\n2\n18 0.348432 -0.330711 -0.241074\n21 -0.352437 -0.336533 -0.232382\n2\n-0.00200252 -0.333622 -0.236728\n-0.999889 -0.00830624 0.0124012\n2\n19 0.348696 -0.311138 0.464537\n20 -0.352325 -0.305816 0.464535\n2\n-0.0018145 -0.308477 0.464536\n-0.999971 0.00759228 -2.13967e-06\n2\n22 -0.344348 0.385702 -0.241654\n23 0.348867 0.388007 -0.237723\n2\n0.00225936 0.386854 -0.239688\n0.999978 0.00332507 0.00567097\nL 24\n0\n0\n1\n0\n0\n0\n0\n0\n3\n3\n2\n2\n3\n3\n2\n2\n2\n2\n2\n2\n2\n2\n0\n0"
}