{
    "boxes": [
        [
            0.008251040242612362,
            -0.07197079807519913,
            0.1253799945116043,
            0.05349649861454964,
            0.7688699960708618,
            0.6959030032157898,
            0.0018348200246691704,
            0.9988430142402649,
            -0.04806160181760788,
            4.411780173541047e-05,
            0.04806160181760788,
            0.9988440275192261
        ],
        [
            0.3981730043888092,
            0.26533499360084534,
            0.16720199584960938,
            0.08573800325393677,
            0.7296090126037598,
            0.1239439994096756,
            0.0,
            1.0,
            0.0,
            0.0,
            0.0,
            1.0
        ],
        [
            -0.3575350046157837,
            0.08888550102710724,
            0.470007985830307,
            0.3081369996070862,
            0.09367900341749191,
            0.08138599991798401,
            0.0,
            1.0,
            0.0,
            0.0,
            0.0,
            1.0
        ],
        [
            0.3486729860305786,
            -0.306784987449646,
            0.4477689862251282,
            0.4908289909362793,
            0.13855700194835663,
            0.08725299686193466,
            0.0,
            1.0,
            0.0,
            0.0,
            0.0,
            1.0
        ],
        [
            -0.35997799038887024,
            -0.577530026435852,
            0.009418499656021595,
            0.13866600394248962,
            1.3806899785995483,
            0.056099001318216324,
            0.0,
            1.0,
            0.0,
            0.0,
            0.0,
            1.0
        ],
        [
            0.36003801226615906,
            -0.33673998713493347,
            0.10706499963998795,
            0.09326399862766266,
            0.6106780171394348,
            0.06450299918651581,
            0.0,
            1.0,
            0.0,
            0.0,
            0.0,
            1.0
        ],
        [
            0.0023105000145733356,
            -0.33164799213409424,
            -0.24389100074768066,
            0.09864799678325653,
            0.08587899804115295,
            0.6475229859352112,
            0.0,
            1.0,
            0.0,
            0.0,
            0.0,
            1.0
        ],
        [
            0.34042900800704956,
            -0.3269819915294647,
            -0.23538699746131897,
            0.4911620020866394,
            0.1498190015554428,
            0.10374099761247635,
            0.0,
            1.0,
            0.0,
            0.0,
            0.0,
            1.0
        ],
        [
            -0.34441500902175903,
            0.38839399814605713,
            -0.238755002617836,
            1.004330039024353,
            0.1564909964799881,
            0.087226003408432,
            0.0,
            1.0,
            0.0,
            0.0,
            0.0,
            1.0
        ],
        [
            -0.0021180000621825457,
            0.12442100048065186,
            -0.23221400380134583,
            0.10737200081348419,
            0.08553499728441238,
            0.6571339964866638,
            0.0,
            1.0,
            0.0,
            0.0,
            0.0,
            1.0
        ],
        [
            -0.2485949993133545,
            0.45677798986434937,
            -0.25127801299095154,
            0.6100850105285645,
            0.11541800200939178,
            0.07514999806880951,
            0.0,
            1.0,
            0.0,
            0.0,
            0.0,
            1.0
        ]
    ],
    "ops": [
        [
            0,
            0,
            0,
            1,
            2,
            1,
            0,
            0,
            0,
            1,
            1,
            2,
            0,
            2,
            0,
            2,
            1,
            1,
            1,
            0,
            2,
            0,
            2,
            0,
            2,
            1,
            1,
            1
        ]
    ],
    "syms": [
        [
            0.0,
            0.9999359846115112,
            0.0033970701042562723,
            -0.01082920003682375,
            0.0021569300442934036,
            0.26399001479148865,
            0.17148999869823456,
            0.0
        ],
        [
            0.0,
            0.9995999932289124,
            -0.025806499645113945,
            -0.011606699787080288,
            0.0034729999024420977,
            -0.29787400364875793,
            0.45177701115608215,
            0.0
        ],
        [
            0.0,
            -0.003872259985655546,
            -0.0036619699094444513,
            0.9999859929084778,
            0.000929499976336956,
            -0.3329539895057678,
            0.11274299770593643,
            0.0
        ],
        [
            0.0,
            0.9998980164527893,
            0.00714275985956192,
            -0.012361300177872181,
            0.0021494999527931213,
            -0.3293989896774292,
            -0.2312059998512268,
            0.0
        ],
        [
            0.0,
            0.999925971031189,
            0.010885699652135372,
            -0.005383539944887161,
            0.0014710599789395928,
            0.39215898513793945,
            -0.24061700701713562,
            0.0
        ],
        [
            0.0,
            0.008748590014874935,
            0.9982370138168335,
            -0.05870620161294937,
            0.0008210000232793391,
            0.45976799726486206,
            -0.2519359886646271,
            0.0
        ],
        [
            1.0,
            -0.31194350123405457,
            0.3431842625141144,
            -0.1884467452764511,
            -0.2485949993133545,
            0.45677798986434937,
            -0.25127801299095154,
            0.20000000298023224
        ]
    ],
    "labels:": [
        [
            1,
            3,
            3,
            2,
            2,
            2,
            2,
            2,
            0,
            0,
            0
        ]
    ],
    "obj": 35724,
    "mat_index": 1145,
    "obbs": "N 24\n-0.002118 0.124421 -0.232214 1 0 0 0 1 0 0 0 1 0.657134 0.107372 0.085535\n0.00376 0.795116 -0.271658 1 0 0 0 1 0 0 0 1 0.650458 0.100546 0.08558\n0.00825104 -0.0719708 0.12538 0.999998 -0.00183482 4.41178e-05 0.00183482 0.998843 -0.0480616 4.41178e-05 0.0480616 0.998844 0.695903 0.0534965 0.76887\n0.253394 0.454375 -0.251325 -0.103073 -0.0504527 -0.993393 0.994658 -0.0109113 -0.10265 -0.00566026 -0.998667 0.0513079 0.0883664 0.0822863 0.628337\n0.127409 0.458941 -0.251568 0.0106999 -0.0421131 -0.999056 0.999883 0.0113391 0.0102308 0.0108976 -0.999049 0.0422295 0.0908116 0.0873789 0.612297\n0.00252531 0.456943 -0.251363 -0.276546 -0.0703492 -0.958422 0.960987 -0.0150054 -0.276185 0.00504786 -0.99741 0.0717544 0.0948967 0.085612 0.610915\n-0.12304 0.460246 -0.252292 -0.0989085 -0.0479696 -0.99394 0.994669 0.0245053 -0.100164 0.0291616 -0.998548 0.0452901 0.0905246 0.0915615 0.612813\n-0.248595 0.456778 -0.251278 1 0 0 0 1 0 0 0 1 0.07515 0.610085 0.115418\n0.398173 0.265335 0.167202 1 0 0 0 1 0 0 0 1 0.123944 0.085738 0.729609\n-0.393859 0.262644 0.175779 0.999636 -0.0269827 -6.02393e-05 0.0269827 0.999626 0.0044642 -6.02393e-05 -0.0044642 0.99999 0.125018 0.0696461 0.712499\n0.364251 -0.577056 0.0093725 1 0 0 0 1 0 0 0 1 0.056099 0.139614 1.38078\n-0.359978 -0.57753 0.0094185 1 0 0 0 1 0 0 0 1 0.056099 0.138666 1.38069\n0.364105 0.0808893 0.469504 -0.0121633 0.0396248 -0.999141 0.999824 -0.0138108 -0.0127193 -0.0143029 -0.999119 -0.0394498 0.0926493 0.0830878 0.32602\n-0.357535 0.0888855 0.470008 1 0 0 0 1 0 0 0 1 0.081386 0.308137 0.093679\n0.0023105 -0.331648 -0.243891 1 0 0 0 1 0 0 0 1 0.647523 0.098648 0.085879\n0.360038 -0.33674 0.107065 1 0 0 0 1 0 0 0 1 0.064503 0.093264 0.610678\n-0.0004515 -0.33426 0.469377 1 0 0 0 1 0 0 0 1 0.645439 0.099198 0.081319\n-0.357525 -0.330697 0.116919 -0.0182754 -0.999824 0.00421936 0.999824 -0.0182928 -0.00414291 0.00421936 0.00414291 0.999983 0.103142 0.0640426 0.625061\n-0.341727 -0.288962 0.455785 1 0 0 0 1 0 0 0 1 0.092601 0.495699 0.122516\n-0.33613 -0.331815 -0.227023 1 0 0 0 1 0 0 0 1 0.103795 0.481488 0.166497\n0.340429 -0.326982 -0.235387 1 0 0 0 1 0 0 0 1 0.103741 0.491162 0.149819\n0.348673 -0.306785 0.447769 1 0 0 0 1 0 0 0 1 0.087253 0.490829 0.138557\n0.347357 0.395925 -0.242479 0.245521 -0.0664401 -0.967112 0.969388 0.0143322 0.245114 -0.00242457 -0.997687 0.0679251 0.119989 0.123339 0.995599\n-0.344415 0.388394 -0.238755 1 0 0 0 1 0 0 0 1 0.087226 1.00433 0.156491\nC 92\n0 20\n0 7\n0 4\n0 5\n0 8\n0 2\n0 22\n0 19\n0 6\n0 9\n0 3\n0 23\n1 6\n1 5\n1 3\n1 23\n1 4\n1 7\n1 22\n2 22\n2 5\n2 6\n2 17\n2 18\n2 12\n2 23\n2 7\n2 19\n2 13\n2 20\n2 3\n2 14\n2 4\n2 16\n2 21\n2 15\n3 5\n3 22\n3 4\n3 20\n3 8\n4 5\n4 6\n4 8\n4 22\n5 7\n5 6\n5 22\n6 9\n6 7\n6 23\n7 19\n7 23\n7 9\n8 12\n8 22\n9 13\n9 23\n10 14\n10 20\n10 15\n10 16\n10 21\n11 16\n11 14\n11 19\n11 18\n11 17\n12 16\n12 21\n12 15\n13 17\n13 16\n13 18\n14 17\n14 15\n14 22\n14 19\n14 23\n14 20\n15 20\n15 16\n15 22\n15 21\n16 17\n16 21\n16 18\n17 23\n17 18\n17 19\n19 23\n20 22\nS 10\n2\n0 -0.002118 0.124421 -0.232214\n1 0.00376 0.795116 -0.271658\n2\n0.000821 0.459768 -0.251936\n0.00874859 0.998237 -0.0587062\n5\n3 0.253394 0.454375 -0.251325\n4 0.127409 0.458941 -0.251568\n5 0.00252531 0.456943 -0.251363\n6 -0.12304 0.460246 -0.252292\n7 -0.248595 0.456778 -0.251278\n1\n0 0 0\n0 0 0\n2\n8 0.398173 0.265335 0.167202\n9 -0.393859 0.262644 0.175779\n2\n0.00215693 0.26399 0.17149\n-0.999936 -0.00339707 0.0108292\n2\n10 0.364251 -0.577056 0.0093725\n11 -0.359978 -0.57753 0.0094185\n2\n0.002136 -0.577293 0.0093955\n-1 -0.000654489 6.35158e-05\n2\n12 0.364105 0.0808893 0.469504\n13 -0.357535 0.0888855 0.470008\n2\n0.00328496 0.0848874 0.469756\n-0.999938 0.0110799 0.000698376\n2\n15 0.360038 -0.33674 0.107065\n17 -0.357525 -0.330697 0.116919\n2\n0.00125602 -0.333719 0.111992\n-0.99987 0.00842024 0.0137312\n2\n14 0.0023105 -0.331648 -0.243891\n16 -0.0004515 -0.33426 0.469377\n2\n0.0009295 -0.332954 0.112743\n-0.00387226 -0.00366197 0.999986\n2\n18 -0.341727 -0.288962 0.455785\n21 0.348673 -0.306785 0.447769\n2\n0.003473 -0.297874 0.451777\n0.9996 -0.0258065 -0.0116067\n2\n19 -0.33613 -0.331815 -0.227023\n20 0.340429 -0.326982 -0.235387\n2\n0.0021495 -0.329399 -0.231206\n0.999898 0.00714276 -0.0123613\n2\n22 0.347357 0.395925 -0.242479\n23 -0.344415 0.388394 -0.238755\n2\n0.00147106 0.392159 -0.240617\n-0.999926 -0.0108857 0.00538354\nL 24\n0\n0\n1\n0\n0\n0\n0\n0\n3\n3\n2\n2\n3\n3\n2\n2\n2\n2\n2\n2\n2\n2\n0\n0"
}