{
    "boxes": [
        [
            0.003283499972894788,
            -0.04882349818944931,
            0.09019000083208084,
            0.13790300488471985,
            0.6827359795570374,
            0.8004469871520996,
            0.0,
            1.0,
            0.0,
            0.0,
            0.0,
            1.0
        ],
        [
            -0.368120014667511,
            -0.44262298941612244,
            -0.25591400265693665,
            0.7158759832382202,
            0.06622959673404694,
            0.06558109819889069,
            0.014094299636781216,
            0.9948070049285889,
            0.10079900175333023,
            0.1539739966392517,
            -0.10176599770784378,
            0.9828199744224548
        ],
        [
            -0.36606499552726746,
            -0.44271498918533325,
            0.43542400002479553,
            0.7145659923553467,
            0.05832049995660782,
            0.0628947988152504,
            -0.00145112001337111,
            0.9973769783973694,
            -0.07236450165510178,
            -0.11388000100851059,
            0.0717289000749588,
            0.9909020066261292
        ],
        [
            0.006086309906095266,
            0.38820499181747437,
            -0.26058000326156616,
            0.45346999168395996,
            0.036518000066280365,
            0.6889510154724121,
            0.002144640078768134,
            0.9929609894752502,
            -0.11842499673366547,
            0.002415610011667013,
            0.11841999739408493,
            0.9929609894752502
        ],
        [
            -0.3631179928779602,
            0.29429399967193604,
            -0.25849100947380066,
            0.6662219762802124,
            0.05953279882669449,
            0.08621589839458466,
            0.029795199632644653,
            0.9933270215988159,
            -0.1114170029759407,
            0.03330739960074425,
            0.11041799932718277,
            0.9933270215988159
        ]
    ],
    "ops": [
        [
            0,
            0,
            0,
            1,
            2,
            1,
            0,
            0,
            2,
            1,
            1
        ]
    ],
    "syms": [
        [
            0.0,
            0.9999979734420776,
            -0.0019614798948168755,
            -0.0006303460104390979,
            0.0009884879691526294,
            -0.4433470070362091,
            -0.25614699721336365,
            0.0
        ],
        [
            0.0,
            0.9999889731407166,
            -0.0041933502070605755,
            0.002201199997216463,
            0.0016116700135171413,
            0.29276400804519653,
            -0.2576879858970642,
            0.0
        ]
    ],
    "labels:": [
        [
            1,
            2,
            2,
            0,
            0
        ]
    ],
    "obj": 35784,
    "mat_index": 1176,
    "obbs": "N 8\n0.00608631 0.388205 -0.26058 0.999995 -0.00241561 -0.00214464 0.00241561 0.11842 0.992961 -0.00214464 -0.992961 0.118425 0.688951 0.036518 0.45347\n0.0032835 -0.0488235 0.09019 1 0 0 0 1 0 0 0 1 0.800447 0.137903 0.682736\n-0.363118 0.294294 -0.258491 0.999001 -0.0333074 -0.0297952 0.0333074 0.110418 0.993327 -0.0297952 -0.993327 0.111417 0.0862159 0.0595328 0.666222\n0.366341 0.291235 -0.256885 -0.999233 0.0290705 -0.0262278 -0.0229837 0.106801 0.994015 0.0316977 0.993855 -0.106051 0.0949776 0.0564935 0.673288\n0.370097 -0.444071 -0.256379 1 -0.000373382 -0.000414544 0.000373382 -0.1042 0.994556 -0.000414544 -0.994556 -0.104199 0.067063 0.062702 0.712745\n0.375956 -0.442468 0.437978 -0.991045 -0.0283798 -0.130481 -0.132373 0.0803428 0.987939 -0.0175543 0.996363 -0.08338 0.069863 0.0515488 0.714916\n-0.366065 -0.442715 0.435424 -0.993493 -0.00967879 -0.113477 -0.11388 0.0717289 0.990902 -0.00145112 0.997377 -0.0723645 0.0628948 0.0583205 0.714566\n-0.36812 -0.442623 -0.255914 0.0140943 0.994807 0.100799 0.153974 -0.101766 0.98282 0.987974 0.00166829 -0.154609 0.715876 0.0662296 0.0655811\nC 11\n0 1\n0 3\n0 2\n1 2\n1 3\n1 4\n1 5\n1 6\n1 7\n2 7\n3 4\nS 3\n2\n2 -0.363118 0.294294 -0.258491\n3 0.366341 0.291235 -0.256885\n2\n0.00161167 0.292764 -0.257688\n0.999989 -0.00419335 0.0022012\n2\n4 0.370097 -0.444071 -0.256379\n7 -0.36812 -0.442623 -0.255914\n2\n0.000988488 -0.443347 -0.256147\n-0.999998 0.00196148 0.000630346\n2\n5 0.375956 -0.442468 0.437978\n6 -0.366065 -0.442715 0.435424\n2\n0.00494582 -0.442592 0.436701\n-0.999994 -0.000332543 -0.00344132\nL 8\n0\n1\n0\n0\n2\n2\n2\n2"
}