{
    "boxes": [
        [
            0.013572500087320805,
            -0.1585880070924759,
            0.0807339996099472,
            0.30288198590278625,
            0.9400259852409363,
            0.9342229962348938,
            0.0,
            1.0,
            0.0,
            0.0,
            0.0,
            1.0
        ],
        [
            -0.22002199292182922,
            -0.027989499270915985,
            0.44938600063323975,
            0.6133350133895874,
            0.1355929970741272,
            0.47704100608825684,
            -0.013094100169837475,
            0.9910069704055786,
            -0.13316400349140167,
            -0.13414700329303741,
            0.13023099303245544,
            0.9823669791221619
        ],
        [
            0.4270229935646057,
            -0.03333650156855583,
            0.4263249933719635,
            0.6003850102424622,
            0.13107800483703613,
            0.09030400216579437,
            0.0,
            1.0,
            0.0,
            0.0,
            0.0,
            1.0
        ],
        [
            -0.39972400665283203,
            0.2976599931716919,
            0.07828900218009949,
            0.1366569995880127,
            0.8261039853096008,
            0.1122789978981018,
            0.0,
            1.0,
            0.0,
            0.0,
            0.0,
            1.0
        ],
        [
            -0.217616006731987,
            -0.5526559948921204,
            -0.3522070050239563,
            0.5546759963035583,
            0.0889291986823082,
            0.08852069824934006,
            0.06874649971723557,
            0.9953650236129761,
            0.06725110113620758,
            -0.018570000305771828,
            -0.06612219661474228,
            0.997639000415802
        ],
        [
            -0.40053999423980713,
            -0.5787090063095093,
            0.44553500413894653,
            0.4903610050678253,
            0.09071099758148193,
            0.08935800194740295,
            0.0,
            1.0,
            0.0,
            0.0,
            0.0,
            1.0
        ],
        [
            -0.19819599390029907,
            -0.05511179938912392,
            -0.32650700211524963,
            0.44179999828338623,
            0.0445839986205101,
            0.1020980030298233,
            -0.034091901034116745,
            0.9982309937477112,
            0.048706598579883575,
            0.017396699637174606,
            -0.04813480004668236,
            0.9986889958381653
        ],
        [
            0.018286900594830513,
            0.4399609863758087,
            -0.3438040018081665,
            0.6927419900894165,
            0.1596820056438446,
            0.6688650250434875,
            -0.1045290008187294,
            0.9726799726486206,
            -0.20728500187397003,
            -9.475340334574867e-08,
            0.20842699706554413,
            0.9780380129814148
        ],
        [
            0.023686500266194344,
            0.4424389898777008,
            -0.3656289875507355,
            0.8211640119552612,
            0.11749900132417679,
            0.8044340014457703,
            -0.25881901383399963,
            0.9473639726638794,
            -0.18844999372959137,
            1.8613100394304638e-08,
            0.19509699940681458,
            0.980783998966217
        ]
    ],
    "ops": [
        [
            0,
            0,
            0,
            0,
            2,
            1,
            1,
            1,
            0,
            0,
            1,
            2,
            1,
            0,
            2,
            0,
            0,
            1,
            1,
            1
        ]
    ],
    "syms": [
        [
            0.0,
            1.0,
            -0.0,
            -0.0,
            0.013572700321674347,
            0.2976599931716919,
            0.07828900218009949,
            0.0
        ],
        [
            0.0,
            0.99993497133255,
            -0.00018783900304697454,
            0.011408300139009953,
            0.013612699694931507,
            -0.5526999831199646,
            -0.3495689928531647,
            0.0
        ],
        [
            0.0,
            1.0,
            4.5079200816644516e-08,
            1.5684500809243218e-08,
            0.013572700321674347,
            -0.05511179938912392,
            -0.32650700211524963,
            0.0
        ]
    ],
    "labels:": [
        [
            1,
            3,
            3,
            3,
            2,
            2,
            0,
            0,
            0
        ]
    ],
    "obj": 35823,
    "mat_index": 1197,
    "obbs": "N 13\n0.0182869 0.439961 -0.343804 0.994522 0.102233 -0.0217865 -9.47534e-08 0.208427 0.978038 0.104529 -0.97268 0.207285 0.668865 0.159682 0.692742\n0.0135725 -0.158588 0.080734 1 0 0 0 1 0 0 0 1 0.934223 0.302882 0.940026\n0.427023 -0.0333365 0.426325 1 0 0 0 1 0 0 0 1 0.090304 0.600385 0.131078\n-0.220022 -0.0279895 0.449386 -0.990875 -0.0307268 -0.131235 -0.134147 0.130231 0.982367 -0.0130941 0.991007 -0.133164 0.477041 0.135593 0.613335\n0.426869 0.29766 0.078289 1 0 0 0 1 0 0 0 1 0.112278 0.136657 0.826104\n-0.399724 0.29766 0.078289 1 0 0 0 1 0 0 0 1 0.112279 0.136657 0.826104\n0.225341 -0.0551118 -0.326507 0.0340929 0.998231 0.0487066 -0.0173957 -0.0481348 0.998689 0.999267 -0.0348955 0.0157239 0.4418 0.044584 0.102097\n-0.198196 -0.0551118 -0.326507 0.999267 0.0348945 -0.0157249 0.0173967 -0.0481348 0.998689 0.0340919 -0.998231 -0.0487066 0.102098 0.044584 0.4418\n-0.217616 -0.552656 -0.352207 -0.0687465 -0.995365 -0.0672511 0.997461 -0.069833 0.0139382 -0.01857 -0.0661222 0.997639 0.554676 0.0885207 0.0889292\n0.244841 -0.552743 -0.346931 0.0692385 -0.996823 -0.0393566 0.997461 0.0698328 -0.01393 0.0166341 -0.0382922 0.999128 0.555172 0.0885197 0.0903258\n0.427685 -0.578709 0.445535 1 0 0 0 1 0 0 0 1 0.089359 0.490361 0.090711\n-0.40054 -0.578709 0.445535 1 0 0 0 1 0 0 0 1 0.089358 0.490361 0.090711\n0.0236865 0.442439 -0.365629 0.965926 0.253846 -0.0504949 1.86131e-08 0.195097 0.980784 0.258819 -0.947364 0.18845 0.804434 0.117499 0.821164\nC 30\n0 7\n0 4\n0 12\n0 5\n0 1\n0 6\n1 3\n1 6\n1 11\n1 2\n1 5\n1 10\n1 4\n1 9\n1 12\n1 8\n1 7\n2 10\n2 4\n3 11\n3 5\n4 12\n4 6\n5 12\n5 7\n6 9\n6 12\n7 12\n7 8\n8 12\nS 4\n2\n4 0.426869 0.29766 0.078289\n5 -0.399724 0.29766 0.078289\n2\n0.0135727 0.29766 0.078289\n-1 0 0\n2\n6 0.225341 -0.0551118 -0.326507\n7 -0.198196 -0.0551118 -0.326507\n2\n0.0135727 -0.0551118 -0.326507\n-1 -4.50792e-08 -1.56845e-08\n2\n8 -0.217616 -0.552656 -0.352207\n9 0.244841 -0.552743 -0.346931\n2\n0.0136127 -0.5527 -0.349569\n0.999935 -0.000187839 0.0114083\n2\n10 0.427685 -0.578709 0.445535\n11 -0.40054 -0.578709 0.445535\n2\n0.0135727 -0.578709 0.445535\n-1 0 0\nL 13\n0\n1\n3\n3\n3\n3\n0\n0\n2\n2\n2\n2\n0"
}