{
    "boxes": [
        [
            0.006240500137209892,
            -0.04879499971866608,
            0.08795250207185745,
            0.05270199850201607,
            0.8322569727897644,
            0.8326349854469299,
            0.0,
            1.0,
            0.0,
            0.0,
            0.0,
            1.0
        ],
        [
            0.0066329101100564,
            -0.1818549931049347,
            -0.2650969922542572,
            0.23784099519252777,
            0.038918398320674896,
            0.6544190049171448,
            0.0006522319745272398,
            0.9923639893531799,
            -0.12333899736404419,
            0.0007383149932138622,
            0.12333899736404419,
            0.9923639893531799
        ],
        [
            -0.3448210060596466,
            -0.17801299691200256,
            0.08819589763879776,
            0.2526339888572693,
            0.707755982875824,
            0.010487600229680538,
            -0.22655299305915833,
            0.9739990234375,
            -3.3382599212927744e-05,
            3.3382599212927744e-05,
            4.203870048513636e-05,
            1.0
        ],
        [
            -0.3328559994697571,
            -0.4789609909057617,
            -0.2764109969139099,
            0.8006889820098877,
            0.05736849829554558,
            0.019083799794316292,
            0.13379999995231628,
            0.9805229902267456,
            0.14377999305725098,
            0.6644799709320068,
            -0.19640299677848816,
            0.7210350036621094
        ],
        [
            0.006291829980909824,
            -0.1776459962129593,
            0.45130398869514465,
            0.24894799292087555,
            0.01136189978569746,
            0.6606519818305969,
            -6.215710163814947e-05,
            0.9917449951171875,
            0.12822699546813965,
            -5.463790148496628e-05,
            -0.12822699546813965,
            0.9917449951171875
        ],
        [
            -0.3276180028915405,
            -0.4576129913330078,
            0.4471780061721802,
            0.845632016658783,
            0.06392429769039154,
            0.018957100808620453,
            0.13134899735450745,
            0.9812480211257935,
            -0.14106300473213196,
            -0.667756974697113,
            0.19274699687957764,
            0.7189919948577881
        ],
        [
            0.011544300243258476,
            0.3631640076637268,
            -0.306878000497818,
            0.8156690001487732,
            0.022183800116181374,
            0.6015509963035583,
            -1.2255900401214603e-05,
            0.9991269707679749,
            -0.041785500943660736,
            -1.2779099961335305e-05,
            0.041785500943660736,
            0.9991269707679749
        ],
        [
            0.0011022899998351932,
            0.390733003616333,
            -0.2883880138397217,
            0.9372320175170898,
            0.08351659774780273,
            0.6699180006980896,
            -0.05992230027914047,
            0.9928190112113953,
            -0.10353899747133255,
            -0.00842991005629301,
            0.10321799665689468,
            0.9946230053901672
        ]
    ],
    "ops": [
        [
            0,
            0,
            0,
            0,
            1,
            2,
            1,
            0,
            0,
            2,
            1,
            1,
            1,
            0,
            0,
            1,
            1
        ]
    ],
    "syms": [
        [
            0.0,
            1.0,
            0.0001686369942035526,
            1.3442299859889317e-05,
            0.006303139962255955,
            -0.17795400321483612,
            0.08820059895515442,
            0.0
        ],
        [
            0.0,
            0.9999930262565613,
            0.0006550989928655326,
            -0.003611450083553791,
            0.005192100070416927,
            -0.4573949873447418,
            0.44597598910331726,
            0.0
        ]
    ],
    "labels:": [
        [
            1,
            2,
            2,
            2,
            2,
            2,
            0,
            0
        ]
    ],
    "obj": 2254,
    "mat_index": 121,
    "obbs": "N 11\n0.0062405 -0.048795 0.0879525 1 0 0 0 1 0 0 0 1 0.832635 0.052702 0.832257\n0.00663291 -0.181855 -0.265097 1 -0.000738315 -0.000652232 0.000738315 0.123339 0.992364 -0.000652232 -0.992364 0.123339 0.654419 0.0389184 0.237841\n0.357427 -0.177895 0.0882053 4.08486e-05 3.2514e-05 -1 0.974515 -0.224321 3.2514e-05 -0.224321 -0.974515 -4.08486e-05 0.708509 0.0106681 0.253228\n-0.344821 -0.178013 0.0881959 0.226553 -0.973999 3.33826e-05 0.973999 0.226553 -4.20387e-05 3.33826e-05 4.20387e-05 1 0.252634 0.0104876 0.707756\n0.00629183 -0.177646 0.451304 -6.21571e-05 0.991745 0.128227 -5.46379e-05 -0.128227 0.991745 1 5.46379e-05 6.21571e-05 0.248948 0.0113619 0.660652\n0.0115443 0.363164 -0.306878 1 1.27791e-05 1.22559e-05 -1.27791e-05 0.0417855 0.999127 1.22559e-05 -0.999127 0.0417855 0.601551 0.0221838 0.815669\n-0.332856 -0.478961 -0.276411 -0.66448 0.196403 -0.721035 0.73523 -0.000935769 -0.677817 -0.1338 -0.980523 -0.14378 0.0573685 0.0190838 0.800689\n0.338002 -0.457177 0.444774 0.150934 -0.975132 0.162288 0.733676 0.000473829 -0.6795 0.662525 0.221626 0.715502 0.847117 0.0189875 0.0709412\n-0.327618 -0.457613 0.447178 0.667757 -0.192747 -0.718992 0.732699 -0.00024289 0.680553 -0.131349 -0.981248 0.141063 0.0639243 0.0189571 0.845632\n0.349075 -0.464165 -0.259442 0.660717 0.21871 -0.718066 0.735703 0.00117283 0.677303 0.148975 -0.975789 -0.160131 0.0672469 0.0204253 0.832417\n0.00110229 0.390733 -0.288388 0.998167 0.0604729 0.00218431 -0.00842991 0.103218 0.994623 0.0599223 -0.992819 0.103539 0.669918 0.0835166 0.937232\nC 33\n0 2\n0 7\n0 10\n0 3\n0 4\n0 5\n0 8\n0 1\n0 6\n0 9\n1 3\n1 6\n1 2\n1 5\n1 10\n1 9\n2 5\n2 9\n2 10\n2 7\n2 4\n3 10\n3 6\n3 5\n3 8\n3 4\n4 7\n4 8\n5 9\n5 6\n5 10\n6 10\n9 10\nS 3\n2\n2 0.357427 -0.177895 0.0882053\n3 -0.344821 -0.178013 0.0881959\n2\n0.00630314 -0.177954 0.0882006\n-1 -0.000168637 -1.34423e-05\n2\n6 -0.332856 -0.478961 -0.276411\n9 0.349075 -0.464165 -0.259442\n2\n0.00810917 -0.471563 -0.267926\n0.999455 0.0216866 0.02487\n2\n7 0.338002 -0.457177 0.444774\n8 -0.327618 -0.457613 0.447178\n2\n0.0051921 -0.457395 0.445976\n-0.999993 -0.000655099 0.00361145\nL 11\n1\n2\n2\n2\n2\n0\n2\n2\n2\n2\n0"
}