{
    "boxes": [
        [
            0.02596450038254261,
            -0.19674700498580933,
            0.19161200523376465,
            0.6213809847831726,
            0.8337860107421875,
            1.0303000211715698,
            0.0,
            1.0,
            0.0,
            0.0,
            0.0,
            1.0
        ],
        [
            0.5412989854812622,
            0.3990119993686676,
            0.10126099735498428,
            0.07445760071277618,
            0.5966740250587463,
            0.07974279671907425,
            0.21205200254917145,
            0.9759569764137268,
            -0.05042099952697754,
            0.15821899473667145,
            0.016627900302410126,
            0.9872639775276184
        ],
        [
            0.5574489831924438,
            -0.06006700173020363,
            0.41229599714279175,
            0.9455040097236633,
            0.10647699981927872,
            0.0673850029706955,
            0.0,
            1.0,
            0.0,
            0.0,
            0.0,
            1.0
        ],
        [
            -0.5070269703865051,
            -0.0427435003221035,
            0.4407399892807007,
            0.9801509976387024,
            0.049858998507261276,
            0.06125099956989288,
            0.0,
            1.0,
            0.0,
            0.0,
            0.0,
            1.0
        ],
        [
            -0.5133209824562073,
            0.4672200083732605,
            0.16724799573421478,
            0.040605999529361725,
            0.693015992641449,
            0.43178099393844604,
            0.0,
            1.0,
            0.0,
            0.0,
            0.0,
            1.0
        ],
        [
            -0.3305929899215698,
            -0.5238469839096069,
            -0.18549500405788422,
            0.0819874033331871,
            0.2890479862689972,
            0.1191129982471466,
            1.2952699535162537e-06,
            0.7565529942512512,
            -0.6539329886436462,
            4.822039727514493e-07,
            0.6539329886436462,
            0.7565529942512512
        ],
        [
            -0.3305929899215698,
            -0.6223859786987305,
            -0.26453301310539246,
            0.016242999583482742,
            0.042112499475479126,
            0.042112499475479126,
            8.4849302029713e-17,
            1.0,
            4.440889980918258e-16,
            0.7071070075035095,
            -3.7401600053850687e-16,
            0.7071070075035095
        ],
        [
            0.026744499802589417,
            0.13995200395584106,
            -0.3701159954071045,
            1.2146999835968018,
            0.2298319935798645,
            0.9420689940452576,
            -6.971539789901726e-08,
            0.9761229753494263,
            -0.21721699833869934,
            -8.693449871088887e-08,
            0.21721699833869934,
            0.9761229753494263
        ],
        [
            0.41656601428985596,
            -0.08096650242805481,
            -0.24152399599552155,
            0.0446770004928112,
            0.0324850007891655,
            0.0446770004928112,
            0.40673699975013733,
            0.9135450124740601,
            -2.2813699527727627e-16,
            6.217509691699733e-17,
            2.2204500197172533e-16,
            1.0
        ],
        [
            -0.3630770146846771,
            -0.08096650242805481,
            -0.24152399599552155,
            0.0446770004928112,
            0.0324850007891655,
            0.0446770004928112,
            0.40673699975013733,
            0.9135450124740601,
            3.914950018611322e-16,
            3.4914800656218217e-17,
            -4.440889980918258e-16,
            1.0
        ],
        [
            -0.3630770146846771,
            -0.34084799885749817,
            -0.24152399599552155,
            0.0446770004928112,
            0.0324850007891655,
            0.0446770004928112,
            0.40673699975013733,
            0.9135450124740601,
            -2.2527399744577713e-16,
            5.513729868160836e-17,
            2.2204500197172533e-16,
            1.0
        ]
    ],
    "ops": [
        [
            0,
            0,
            0,
            1,
            0,
            0,
            1,
            1,
            1,
            0,
            0,
            1,
            2,
            1,
            0,
            0,
            1,
            0,
            0,
            2,
            1,
            1,
            1
        ]
    ],
    "syms": [
        [
            0.0,
            1.0,
            -1.3139199950273905e-08,
            -1.5200599889908517e-08,
            0.02674419991672039,
            -0.5238469839096069,
            -0.18549500405788422,
            0.0
        ],
        [
            0.0,
            1.0,
            7.120070280857983e-17,
            0.0,
            0.026744000613689423,
            -0.340846985578537,
            -0.24152399599552155,
            0.0
        ]
    ],
    "labels:": [
        [
            1,
            3,
            3,
            3,
            3,
            2,
            2,
            0,
            0,
            0,
            0
        ]
    ],
    "obj": 35849,
    "mat_index": 1211,
    "obbs": "N 14\n0.0267445 0.139952 -0.370116 1 8.69345e-08 6.97154e-08 -8.69345e-08 0.217217 0.976123 6.97154e-08 -0.976123 0.217217 0.942069 0.229832 1.2147\n0.0259645 -0.196747 0.191612 1 0 0 0 1 0 0 0 1 1.0303 0.621381 0.833786\n0.541299 0.399012 0.101261 0.964365 -0.217329 -0.150889 0.212052 0.975957 -0.050421 0.158219 0.0166279 0.987264 0.0797428 0.0744576 0.596674\n-0.507027 -0.0427435 0.44074 1 0 0 0 1 0 0 0 1 0.061251 0.980151 0.049859\n0.557449 -0.060067 0.412296 1 0 0 0 1 0 0 0 1 0.067385 0.945504 0.106477\n-0.513321 0.46722 0.167248 1 0 0 0 1 0 0 0 1 0.431781 0.040606 0.693016\n0.416565 -0.340847 -0.241524 0.913545 0.406737 -1.75508e-16 9.32566e-17 2.22045e-16 1 0.406737 -0.913545 1.64917e-16 0.044677 0.032485 0.044677\n0.416566 -0.0809665 -0.241524 0.406737 0.913545 -2.28137e-16 6.21751e-17 2.22045e-16 1 0.913545 -0.406737 3.35139e-17 0.044677 0.032485 0.044677\n-0.363077 -0.340848 -0.241524 0.406737 0.913545 -2.25274e-16 5.51373e-17 2.22045e-16 1 0.913545 -0.406737 3.99432e-17 0.044677 0.032485 0.044677\n-0.363077 -0.0809665 -0.241524 0.406737 0.913545 3.91495e-16 3.49148e-17 -4.44089e-16 1 0.913545 -0.406737 -2.12524e-16 0.044677 0.032485 0.044677\n-0.330593 -0.523847 -0.185495 1 -1.29527e-06 4.82204e-07 1.29527e-06 0.756553 -0.653933 4.82204e-07 0.653933 0.756553 0.119113 0.0819874 0.289048\n0.384081 -0.523847 -0.185495 1 0 -0 -0 0.756553 -0.653933 0 0.653933 0.756553 0.119112 0.0819872 0.289048\n-0.330593 -0.622386 -0.264533 0.707107 2.54021e-16 -0.707107 8.48493e-17 1 4.44089e-16 0.707107 -3.74016e-16 0.707107 0.0421125 0.016243 0.0421125\n0.38408 -0.622386 -0.264533 0.707107 9.59474e-17 -0.707107 8.63545e-17 1 2.22045e-16 0.707107 -2.18071e-16 0.707107 0.0421125 0.016243 0.0421125\nC 32\n0 7\n0 10\n0 11\n0 12\n0 5\n0 8\n0 1\n0 13\n0 6\n0 9\n0 2\n1 3\n1 6\n1 11\n1 2\n1 10\n1 13\n1 4\n1 9\n1 12\n1 8\n1 7\n2 4\n3 5\n6 7\n6 11\n6 13\n8 9\n8 10\n8 12\n10 12\n11 13\nS 3\n2\n8 -0.363077 -0.340848 -0.241524\n6 0.416565 -0.340847 -0.241524\n2\n0.026744 -0.340847 -0.241524\n1 7.12007e-17 0\n2\n10 -0.330593 -0.523847 -0.185495\n11 0.384081 -0.523847 -0.185495\n2\n0.0267442 -0.523847 -0.185495\n1 -1.31392e-08 -1.52006e-08\n2\n12 -0.330593 -0.622386 -0.264533\n13 0.38408 -0.622386 -0.264533\n2\n0.026744 -0.622386 -0.264533\n1 0 0\nL 14\n0\n1\n3\n3\n3\n3\n0\n0\n0\n0\n2\n2\n2\n2"
}