{
    "boxes": [
        [
            -0.02731489948928356,
            -0.26399099826812744,
            0.1311119943857193,
            0.40122801065444946,
            0.7506880164146423,
            0.7238829731941223,
            -0.0030040598940104246,
            0.9998999834060669,
            -0.013846900314092636,
            -0.20793099701404572,
            0.012919699773192406,
            0.9780579805374146
        ],
        [
            -0.3714820146560669,
            -0.20836199820041656,
            -0.016467800363898277,
            0.19734600186347961,
            0.19734600186347961,
            0.020003600046038628,
            -0.12584899365901947,
            0.8053650259971619,
            0.5792660117149353,
            -0.17303599417209625,
            -0.5927780270576477,
            0.7865579724311829
        ],
        [
            0.3478870093822479,
            -0.20837299525737762,
            0.14050699770450592,
            0.19737400114536285,
            0.19737400114536285,
            0.020089099183678627,
            -0.02364340052008629,
            0.9939950108528137,
            0.10683999955654144,
            -0.21140700578689575,
            -0.10942400246858597,
            0.971252977848053
        ],
        [
            -0.4139710068702698,
            -0.02501939982175827,
            0.10618399828672409,
            0.5060709714889526,
            0.057719700038433075,
            0.02331010065972805,
            -0.09891989827156067,
            0.8178949952125549,
            0.5667999982833862,
            -0.1661369949579239,
            -0.575173020362854,
            0.8009840250015259
        ],
        [
            -0.430867999792099,
            0.17276699841022491,
            0.2201090008020401,
            0.034475501626729965,
            0.43001601099967957,
            0.09034939855337143,
            -0.10948900133371353,
            0.989342987537384,
            0.09598340094089508,
            -0.20149199664592743,
            -0.11665000021457672,
            0.9725189805030823
        ],
        [
            -0.03760470077395439,
            -0.5773829817771912,
            0.17138400673866272,
            0.4812549948692322,
            0.13575899600982666,
            0.07092379778623581,
            0.06528139859437943,
            0.9501309990882874,
            -0.30494099855422974,
            -0.24832899868488312,
            0.31144800782203674,
            0.9172419905662537
        ],
        [
            -0.01123259961605072,
            -0.8181210160255432,
            0.05909470096230507,
            0.08873920142650604,
            0.6326799988746643,
            0.31692200899124146,
            -0.0013934799935668707,
            0.9999819993972778,
            -0.005867559928447008,
            -0.20791499316692352,
            0.005449620075523853,
            0.9781320095062256
        ],
        [
            0.03691500052809715,
            0.38771000504493713,
            -0.16496099531650543,
            1.0902700424194336,
            0.39102500677108765,
            0.7228490114212036,
            0.01760759949684143,
            0.993582010269165,
            -0.11173699796199799,
            -0.21315999329090118,
            0.11291500180959702,
            0.9704700112342834
        ]
    ],
    "ops": [
        [
            0,
            0,
            0,
            0,
            0,
            1,
            2,
            1,
            1,
            1,
            0,
            0,
            1,
            1,
            0,
            1
        ]
    ],
    "syms": [
        [
            0.0,
            0.977931022644043,
            0.0025547000113874674,
            0.2089110016822815,
            -0.038887299597263336,
            -0.024039600044488907,
            0.1863120049238205,
            0.0
        ]
    ],
    "labels:": [
        [
            1,
            3,
            3,
            3,
            3,
            2,
            2,
            0
        ]
    ],
    "obj": 35851,
    "mat_index": 1212,
    "obbs": "N 10\n0.036915 0.38771 -0.164961 0.0176076 0.993582 -0.111737 -0.21316 0.112915 0.97047 0.976859 0.00673028 0.213781 1.09027 0.391025 0.722849\n0.347887 -0.208373 0.140507 -0.0236434 0.993995 0.10684 0.977112 0.00037705 0.212725 0.211407 0.109424 -0.971253 0.197374 0.0200891 0.197374\n-0.371482 -0.208362 -0.0164678 0.125849 -0.805365 -0.579266 0.976842 -0.00124619 0.213958 -0.173036 -0.592778 0.786558 0.197346 0.0200036 0.197346\n-0.0273149 -0.263991 0.131112 0.207931 -0.0129197 -0.978058 -0.00300406 0.9999 -0.0138469 0.978139 0.00581734 0.207871 0.750688 0.401228 0.723883\n-0.0376047 -0.577383 0.171384 0.248329 -0.311448 -0.917242 0.966474 0.0158468 0.256277 -0.0652814 -0.950131 0.304941 0.135759 0.0709238 0.481255\n0.336196 -0.0230597 0.266439 0.173316 0.557669 -0.811767 0.974506 0.0221329 0.223267 0.142476 -0.829768 -0.539616 0.0594797 0.0232937 0.505582\n-0.413971 -0.0250194 0.106184 0.0989199 -0.817895 -0.5668 0.981129 -0.014933 0.192779 -0.166137 -0.575173 0.800984 0.506071 0.0233101 0.0577197\n0.303302 0.172679 0.380569 0.211313 0.118094 -0.970258 0.0572947 0.989471 0.132911 0.975738 -0.0836764 0.202322 0.430055 0.0346205 0.087765\n-0.430868 0.172767 0.220109 0.201492 0.11665 -0.972519 -0.109489 0.989343 0.0959834 0.973352 0.0871408 0.212116 0.430016 0.0344755 0.0903494\n-0.0112326 -0.818121 0.0590947 -0.978146 -0.00258296 -0.207904 -0.00139348 0.999982 -0.00586756 0.207915 -0.00544962 -0.978132 0.316922 0.0887392 0.63268\nC 20\n0 1\n0 7\n0 6\n0 5\n0 4\n0 3\n0 8\n0 2\n1 3\n1 5\n2 6\n2 3\n3 8\n3 6\n3 7\n3 4\n3 5\n4 9\n5 7\n6 8\nS 2\n2\n5 0.336196 -0.0230597 0.266439\n6 -0.413971 -0.0250194 0.106184\n2\n-0.0388873 -0.0240396 0.186312\n-0.977931 -0.0025547 -0.208911\n2\n7 0.303302 0.172679 0.380569\n8 -0.430868 0.172767 0.220109\n2\n-0.063783 0.172723 0.300339\n-0.976939 0.000116896 -0.213519\nL 10\n0\n3\n3\n1\n2\n3\n3\n3\n3\n2"
}