{
    "boxes": [
        [
            0.0035235199611634016,
            -0.08977659791707993,
            0.17568400502204895,
            0.1505260020494461,
            0.7766129970550537,
            0.8202760219573975,
            0.0026951099280267954,
            0.9999949932098389,
            -0.0016047200188040733,
            2.162460077670403e-06,
            0.0016047200188040733,
            0.9999989867210388
        ],
        [
            -0.31384000182151794,
            -0.4697149991989136,
            0.3517040014266968,
            0.7254850268363953,
            0.05906840041279793,
            0.0464215986430645,
            0.086701400578022,
            0.9809049963951111,
            -0.17408999800682068,
            -0.08398079872131348,
            0.18132199347019196,
            0.9798309803009033
        ],
        [
            0.3500329852104187,
            -0.8215640187263489,
            -0.26260998845100403,
            0.05231890082359314,
            0.04935630038380623,
            0.04762279987335205,
            -0.23927000164985657,
            0.8866479992866516,
            0.3957349956035614,
            -0.5790839791297913,
            -0.4574640095233917,
            0.6748250126838684
        ],
        [
            -0.34463798999786377,
            -0.8204309940338135,
            -0.26299700140953064,
            0.049392398446798325,
            0.04898519814014435,
            0.047185998409986496,
            0.06863480061292648,
            0.9297080039978027,
            0.36184701323509216,
            -0.13276900351047516,
            -0.3509640097618103,
            0.9269289970397949
        ],
        [
            -0.314860999584198,
            -0.4763430058956146,
            -0.17544299364089966,
            0.7201200127601624,
            0.0666055977344513,
            0.05152260139584541,
            0.08879169821739197,
            0.9692209959030151,
            0.2296220064163208,
            0.15139199793338776,
            -0.24098600447177887,
            0.9586480259895325
        ],
        [
            0.0030712599400430918,
            0.4308120012283325,
            -0.26966598629951477,
            0.4767470061779022,
            0.11806699633598328,
            0.8070650100708008,
            -0.0010546200210228562,
            0.9887300133705139,
            -0.14970499277114868,
            -0.0012263200478628278,
            0.1497039943933487,
            0.9887300133705139
        ],
        [
            -0.2779040038585663,
            -0.06916189938783646,
            -0.20732100307941437,
            0.047963500022888184,
            0.1935950070619583,
            0.039431799203157425,
            0.18911999464035034,
            0.9309229850769043,
            0.31243398785591125,
            -0.03060070052742958,
            -0.31243398785591125,
            0.9494460225105286
        ],
        [
            -0.25186601281166077,
            0.21799999475479126,
            -0.28766700625419617,
            0.516219973564148,
            0.05362749844789505,
            0.04175940155982971,
            0.10433299839496613,
            0.994484007358551,
            0.010777600109577179,
            0.05143769830465317,
            -0.016218099743127823,
            0.9985449910163879
        ]
    ],
    "ops": [
        [
            0,
            0,
            2,
            0,
            2,
            0,
            2,
            0,
            2,
            1,
            1,
            1,
            1,
            0,
            0,
            0,
            1,
            2,
            1,
            1
        ]
    ],
    "syms": [
        [
            0.0,
            0.999983012676239,
            0.005801380146294832,
            -0.0007571440073661506,
            0.0033064999151974916,
            -0.46787500381469727,
            0.35146400332450867,
            0.0
        ],
        [
            0.0,
            0.002684619976207614,
            0.00440648989751935,
            0.999987006187439,
            0.35095301270484924,
            -0.820052981376648,
            0.08029770106077194,
            0.0
        ],
        [
            0.0,
            0.0024536000564694405,
            0.0017771499697118998,
            0.9999949932098389,
            -0.3437960147857666,
            -0.8198210000991821,
            0.08039890229701996,
            0.0
        ],
        [
            0.0,
            1.0,
            0.00037630400038324296,
            0.0003915090055670589,
            0.0037692300975322723,
            -0.4762229919433594,
            -0.17531900107860565,
            0.0
        ],
        [
            0.0,
            0.9999909996986389,
            0.00116840994451195,
            -0.004000369925051928,
            0.003928939811885357,
            -0.06883259862661362,
            -0.20844900608062744,
            0.0
        ]
    ],
    "labels:": [
        [
            1,
            2,
            2,
            2,
            2,
            0,
            0,
            0
        ]
    ],
    "obj": 2256,
    "mat_index": 122,
    "obbs": "N 14\n0.00307126 0.430812 -0.269666 0.999999 0.00122632 0.00105462 -0.00122632 0.149704 0.98873 0.00105462 -0.98873 0.149705 0.807065 0.118067 0.476747\n0.00352352 -0.0897766 0.175684 -2.16246e-06 -0.00160472 -0.999999 0.00269511 0.999995 -0.00160472 0.999996 -0.00269511 2.16246e-06 0.776613 0.150526 0.820276\n-0.342953 -0.819211 0.423795 -0.217732 -0.962565 0.161433 0.962565 -0.239133 -0.127606 0.161433 0.127606 0.978599 0.049021 0.0489536 0.0470521\n-0.344638 -0.820431 -0.262997 -0.988768 0.111662 -0.0993481 -0.132769 -0.350964 0.926929 0.0686348 0.929708 0.361847 0.047186 0.0489852 0.0493924\n0.350033 -0.821564 -0.26261 -0.23927 0.886648 0.395735 -0.579084 -0.457464 0.674825 0.779366 -0.0676989 0.622901 0.0523189 0.0493563 0.0476228\n0.351874 -0.818542 0.423206 0.113646 -0.97903 0.169072 0.746973 -0.0280052 -0.664264 0.655069 0.201783 0.728126 0.0452421 0.0474193 0.0474364\n-0.277904 -0.0691619 -0.207321 0.981477 -0.18912 -0.0306007 0.18912 0.930923 0.312434 -0.0306007 -0.312434 0.949446 0.0394318 0.0479635 0.193595\n0.285762 -0.0685033 -0.209576 -0.939403 -0.325464 -0.107679 -0.342693 0.883187 0.320221 -0.00912017 0.337717 -0.941203 0.0463306 0.0518705 0.199793\n0.322399 -0.476103 -0.175194 -0.103899 0.968603 0.22586 -0.0409343 -0.231061 0.972078 0.993745 0.0917528 0.0636562 0.722777 0.061399 0.0567856\n0.320453 -0.466035 0.351224 -0.079474 0.981838 -0.172272 0.0299859 0.175095 0.984095 0.996386 0.0730443 -0.0433568 0.732888 0.0605746 0.0463731\n-0.31384 -0.469715 0.351704 0.0867014 0.980905 -0.17409 -0.0839808 0.181322 0.979831 0.992688 -0.0703326 0.0980981 0.725485 0.0590684 0.0464216\n-0.314861 -0.476343 -0.175443 0.0887917 0.969221 0.229622 0.151392 -0.240986 0.958648 0.984478 -0.050357 -0.16813 0.72012 0.0666056 0.0515226\n-0.251866 0.218 -0.287667 -0.993211 0.103627 0.052846 0.0514377 -0.0162181 0.998545 0.104333 0.994484 0.0107776 0.0417594 0.0536275 0.51622\n0.265201 0.219909 -0.290511 0.978156 0.0608664 -0.198764 0.199541 -0.00689856 0.979865 0.0582697 -0.998122 -0.0188932 0.0438406 0.0492929 0.51427\nC 23\n0 7\n0 12\n0 1\n0 13\n0 6\n1 6\n1 11\n1 10\n1 13\n1 9\n1 12\n1 8\n1 7\n2 10\n3 11\n4 8\n5 9\n6 11\n6 12\n7 13\n7 8\n8 13\n11 12\nS 6\n2\n2 -0.342953 -0.819211 0.423795\n3 -0.344638 -0.820431 -0.262997\n2\n-0.343796 -0.819821 0.0803989\n-0.0024536 -0.00177715 -0.999995\n2\n4 0.350033 -0.821564 -0.26261\n5 0.351874 -0.818542 0.423206\n2\n0.350953 -0.820053 0.0802977\n0.00268462 0.00440649 0.999987\n2\n6 -0.277904 -0.0691619 -0.207321\n7 0.285762 -0.0685033 -0.209576\n2\n0.00392894 -0.0688326 -0.208449\n0.999991 0.00116841 -0.00400037\n2\n8 0.322399 -0.476103 -0.175194\n11 -0.314861 -0.476343 -0.175443\n2\n0.00376923 -0.476223 -0.175319\n-1 -0.000376304 -0.000391509\n2\n9 0.320453 -0.466035 0.351224\n10 -0.31384 -0.469715 0.351704\n2\n0.0033065 -0.467875 0.351464\n-0.999983 -0.00580138 0.000757144\n2\n12 -0.251866 0.218 -0.287667\n13 0.265201 0.219909 -0.290511\n2\n0.0066674 0.218955 -0.289089\n0.999978 0.00369254 -0.00550109\nL 14\n0\n1\n2\n2\n2\n2\n0\n0\n2\n2\n2\n2\n0\n0"
}