{
    "boxes": [
        [
            0.005235500168055296,
            -0.11967399716377258,
            0.1559479981660843,
            0.1802549958229065,
            0.7435590028762817,
            0.7748469710350037,
            0.0,
            1.0,
            0.0,
            0.0,
            0.0,
            1.0
        ],
        [
            -0.4389989972114563,
            0.09960570186376572,
            0.1414240002632141,
            0.4212940037250519,
            0.6624829769134521,
            0.11008399724960327,
            -0.30597901344299316,
            0.9511119723320007,
            -0.04199549928307533,
            -0.02639639936387539,
            0.035618800669908524,
            0.9990170001983643
        ],
        [
            0.2698799967765808,
            -0.4846470057964325,
            -0.18671199679374695,
            0.7003729939460754,
            0.10137800127267838,
            0.06880919635295868,
            -0.22421599924564362,
            0.9134969711303711,
            0.3394860029220581,
            -0.15953800082206726,
            -0.37806299328804016,
            0.9119300246238708
        ],
        [
            0.31240200996398926,
            -0.47648000717163086,
            0.39916300773620605,
            0.684598982334137,
            0.08576489984989166,
            0.07955949753522873,
            -0.2121019959449768,
            0.9675920009613037,
            -0.13703599572181702,
            -0.697488009929657,
            -0.051668599247932434,
            0.714730978012085
        ],
        [
            -0.32332998514175415,
            -0.4864419996738434,
            0.404105007648468,
            0.6674630045890808,
            0.07381019741296768,
            0.06949879974126816,
            0.22543300688266754,
            0.9606760144233704,
            -0.16211600601673126,
            -0.25204700231552124,
            0.21824300289154053,
            0.9427840113639832
        ],
        [
            -0.011766600422561169,
            0.2029380053281784,
            -0.24035599827766418,
            0.6932640075683594,
            0.24024899303913116,
            1.0628199577331543,
            0.05986829847097397,
            0.9747049808502197,
            -0.21532699465751648,
            0.009390490129590034,
            0.2151550054550171,
            0.9765350222587585
        ]
    ],
    "ops": [
        [
            0,
            0,
            2,
            1,
            0,
            2,
            0,
            0,
            1,
            1,
            1,
            0,
            1
        ]
    ],
    "syms": [
        [
            0.0,
            0.999862015247345,
            -0.01649159938097,
            0.001977459993213415,
            -0.009793819859623909,
            0.0925263985991478,
            0.14227299392223358,
            0.0
        ],
        [
            0.0,
            0.9999169707298279,
            0.006642700172960758,
            -0.011063599959015846,
            -0.008611470460891724,
            -0.48649701476097107,
            -0.18363100290298462,
            0.0
        ]
    ],
    "labels:": [
        [
            1,
            3,
            2,
            2,
            2,
            0
        ]
    ],
    "obj": 35903,
    "mat_index": 1238,
    "obbs": "N 8\n-0.0117666 0.202938 -0.240356 -0.998162 0.0604855 -0.003728 0.00939049 0.215155 0.976535 0.0598683 0.974705 -0.215327 1.06282 0.240249 0.693264\n-0.438999 0.0996057 0.141424 -0.305979 0.951112 -0.0419955 0.951672 0.306786 0.0142073 0.0263964 -0.0356188 -0.999017 0.421294 0.110084 0.662483\n0.419411 0.0854472 0.143122 -0.306056 -0.951691 0.0247909 0.951691 -0.306527 -0.0180645 0.0247909 0.0180645 0.999529 0.435819 0.108386 0.652067\n0.0052355 -0.119674 0.155948 1 0 0 0 1 0 0 0 1 0.774847 0.180255 0.743559\n0.312402 -0.47648 0.399163 0.697488 0.0516686 -0.714731 0.684488 0.247177 0.685843 0.212102 -0.967592 0.137036 0.0857649 0.0795595 0.684599\n0.26988 -0.484647 -0.186712 0.224216 -0.913497 -0.339486 0.961392 0.150308 0.230506 -0.159538 -0.378063 0.91193 0.700373 0.0688092 0.101378\n-0.287103 -0.488347 -0.180549 0.934055 -0.152607 -0.322882 0.247314 -0.37583 0.893078 -0.257639 -0.914037 -0.313304 0.0937978 0.0940029 0.69404\n-0.32333 -0.486442 0.404105 0.252047 -0.218243 -0.942784 0.941091 -0.171674 0.291334 -0.225433 -0.960676 0.162116 0.0738102 0.0694988 0.667463\nC 15\n0 1\n0 6\n0 5\n0 3\n0 2\n1 3\n1 6\n1 7\n2 4\n2 3\n2 5\n3 7\n3 6\n3 4\n3 5\nS 2\n2\n1 -0.438999 0.0996057 0.141424\n2 0.419411 0.0854472 0.143122\n2\n-0.00979382 0.0925264 0.142273\n0.999862 -0.0164916 0.00197746\n2\n5 0.26988 -0.484647 -0.186712\n6 -0.287103 -0.488347 -0.180549\n2\n-0.00861147 -0.486497 -0.183631\n-0.999917 -0.0066427 0.0110636\nL 8\n0\n3\n3\n1\n2\n2\n2\n2"
}