{
    "boxes": [
        [
            0.002598999999463558,
            0.03441249951720238,
            0.16439099609851837,
            0.5078610181808472,
            0.7461619973182678,
            0.8251940011978149,
            0.0,
            1.0,
            0.0,
            0.0,
            0.0,
            1.0
        ],
        [
            -0.3844049870967865,
            -0.47922199964523315,
            0.3029009997844696,
            0.7459520101547241,
            0.18500199913978577,
            0.05813800171017647,
            -0.006013830192387104,
            0.8667929768562317,
            -0.49863201379776,
            0.0546501986682415,
            0.49818098545074463,
            0.8653489947319031
        ],
        [
            -0.38086000084877014,
            -0.5028290152549744,
            -0.2459219992160797,
            0.5916730165481567,
            0.14780299365520477,
            0.058737099170684814,
            -0.0004833120037801564,
            0.9650629758834839,
            0.26201799511909485,
            -0.003302270080894232,
            -0.26201799511909485,
            0.9650570154190063
        ],
        [
            0.0018721800297498703,
            0.186149001121521,
            -0.11058899760246277,
            0.8549929857254028,
            0.2073020040988922,
            0.8271880149841309,
            -0.0034040699247270823,
            0.9999560117721558,
            0.008699269965291023,
            -0.003374560037627816,
            -0.008710759691894054,
            0.9999560117721558
        ],
        [
            0.002599499886855483,
            0.186258003115654,
            -0.20470300316810608,
            0.8466010093688965,
            0.09427600353956223,
            0.8251929879188538,
            0.0,
            1.0,
            0.0,
            0.0,
            0.0,
            1.0
        ]
    ],
    "ops": [
        [
            0,
            0,
            0,
            1,
            2,
            1,
            0,
            0,
            1,
            1
        ]
    ],
    "syms": [
        [
            0.0,
            0.9999889731407166,
            0.0003683599934447557,
            -0.004579950124025345,
            0.002621239982545376,
            -0.4790799915790558,
            0.301129013299942,
            0.0
        ]
    ],
    "labels:": [
        [
            1,
            2,
            2,
            0,
            0
        ]
    ],
    "obj": 35919,
    "mat_index": 1246,
    "obbs": "N 7\n0.00187218 0.186149 -0.110589 -0.00340407 0.999956 0.00869927 -0.00337456 -0.00871076 0.999956 0.999989 0.00337456 0.00340407 0.854993 0.207302 0.827188\n0.002599 0.0344125 0.164391 1 0 0 0 1 0 0 0 1 0.825194 0.507861 0.746162\n0.0025995 0.186258 -0.204703 1 0 0 0 1 0 0 0 1 0.825193 0.846601 0.094276\n0.389647 -0.478937 0.299356 0.0376039 -0.516834 -0.85526 0.999292 0.018604 0.0326944 -0.000986346 -0.855884 0.517168 0.161591 0.0534226 0.744367\n0.387181 -0.494728 -0.248178 -0.0121042 0.246507 -0.969066 0.999919 -0.00092531 -0.0127249 -0.00403346 -0.969141 -0.246475 0.148567 0.0570629 0.604154\n-0.384405 -0.479222 0.302901 -0.0546502 -0.498181 -0.865349 0.998487 -0.0220462 -0.0503664 0.00601383 -0.866793 0.498632 0.185002 0.058138 0.745952\n-0.38086 -0.502829 -0.245922 0.000483312 -0.965063 -0.262018 0.999994 -0.000398832 0.00331354 -0.00330227 -0.262018 0.965057 0.591673 0.0587371 0.147803\nC 17\n0 1\n0 6\n0 5\n0 4\n0 3\n0 2\n1 2\n1 3\n1 4\n1 5\n1 6\n2 6\n2 4\n2 3\n2 5\n3 4\n5 6\nS 2\n2\n3 0.389647 -0.478937 0.299356\n5 -0.384405 -0.479222 0.302901\n2\n0.00262124 -0.47908 0.301129\n-0.999989 -0.00036836 0.00457995\n2\n4 0.387181 -0.494728 -0.248178\n6 -0.38086 -0.502829 -0.245922\n2\n0.00316046 -0.498778 -0.24705\n-0.99994 -0.0105466 0.00293729\nL 7\n0\n1\n0\n2\n2\n2\n2"
}