{
    "boxes": [
        [
            0.001046229968778789,
            -0.10512199997901917,
            0.08926860243082047,
            0.06585049629211426,
            0.7109950184822083,
            0.8034669756889343,
            0.001523899962194264,
            0.995943009853363,
            -0.08996889740228653,
            6.869129720143974e-05,
            0.08996889740228653,
            0.9959449768066406
        ],
        [
            -0.4121989905834198,
            0.10305900126695633,
            0.4100100100040436,
            0.3021259903907776,
            0.047946199774742126,
            0.060263801366090775,
            -0.2562130093574524,
            0.963388979434967,
            -0.07897579669952393,
            0.06015089899301529,
            0.0974351018667221,
            0.9934229850769043
        ],
        [
            0.4567970037460327,
            0.20928500592708588,
            0.1090020015835762,
            0.04386160150170326,
            0.5843560099601746,
            0.08699700236320496,
            -0.12973499298095703,
            0.9865700006484985,
            -0.09924349933862686,
            0.09719710052013397,
            0.11226099729537964,
            0.9889140129089355
        ],
        [
            -0.3945179879665375,
            -0.31966400146484375,
            -0.27743101119995117,
            0.9682130217552185,
            0.04307980090379715,
            0.03210670128464699,
            0.08113750070333481,
            0.9845970273017883,
            0.15487100183963776,
            -0.7121890187263489,
            -0.05143259838223457,
            0.7001010179519653
        ],
        [
            0.4138149917125702,
            -0.39086899161338806,
            0.44672098755836487,
            0.8109570145606995,
            0.04412280023097992,
            0.042823199182748795,
            -0.06408350169658661,
            0.9954100251197815,
            -0.07108090072870255,
            -0.26278799772262573,
            0.051881201565265656,
            0.9634580016136169
        ],
        [
            -0.41233599185943604,
            -0.4126960039138794,
            0.4474639892578125,
            0.767524003982544,
            0.04306190088391304,
            0.03404479846358299,
            0.06529589742422104,
            0.9969099760055542,
            -0.043664101511240005,
            0.5455250144004822,
            0.0009770520264282823,
            0.8380939960479736
        ],
        [
            -0.009830360300838947,
            0.34053200483322144,
            -0.2359289973974228,
            0.38266199827194214,
            0.09713070094585419,
            0.7661929726600647,
            -0.0014996599638834596,
            0.9650740027427673,
            -0.2619749903678894,
            -0.001961020054295659,
            0.26197201013565063,
            0.9650740027427673
        ],
        [
            0.31290099024772644,
            0.15158499777317047,
            -0.20293399691581726,
            0.03446260094642639,
            0.053574301302433014,
            0.254925012588501,
            -0.019536899402737617,
            0.9320449829101562,
            -0.3618159890174866,
            -0.3124360144138336,
            0.33807098865509033,
            0.8877459764480591
        ]
    ],
    "ops": [
        [
            0,
            0,
            0,
            1,
            2,
            1,
            0,
            2,
            0,
            0,
            1,
            1,
            1,
            0,
            0,
            2,
            1,
            1
        ]
    ],
    "syms": [
        [
            0.0,
            0.9998469948768616,
            0.017486300319433212,
            -0.0008955969824455678,
            0.0010363300098106265,
            0.11028599739074707,
            0.40963900089263916,
            0.0
        ],
        [
            0.0,
            1.0,
            -3.177810140186921e-05,
            0.0001328310027020052,
            0.0014191899681463838,
            -0.3196769952774048,
            -0.27737900614738464,
            0.0
        ],
        [
            0.0,
            0.9999210238456726,
            -0.003799149999395013,
            -0.0119548998773098,
            -0.0019013399723917246,
            0.15278099477291107,
            -0.1991710066795349,
            0.0
        ]
    ],
    "labels:": [
        [
            1,
            3,
            3,
            2,
            2,
            2,
            0,
            0
        ]
    ],
    "obj": 35949,
    "mat_index": 1259,
    "obbs": "N 12\n-0.00983036 0.340532 -0.235929 0.999997 0.00196102 0.00149966 -0.00196102 0.261972 0.965074 0.00149966 -0.965074 0.261975 0.766193 0.0971307 0.382662\n0.00104623 -0.105122 0.0892686 -6.86913e-05 -0.0899689 -0.995945 0.0015239 0.995943 -0.0899689 0.999999 -0.0015239 6.86913e-05 0.710995 0.0658505 0.803467\n0.414271 0.117513 0.409269 0.293889 0.952665 -0.0778413 -0.0747282 0.104088 0.991757 0.952914 -0.285649 0.101781 0.283176 0.0469308 0.0540224\n-0.412199 0.103059 0.41001 0.964747 0.249778 -0.0829128 0.0601509 0.0974351 0.993423 0.256213 -0.963389 0.0789758 0.0602638 0.0479462 0.302126\n0.456797 0.209285 0.109002 0.986773 0.118651 -0.110456 -0.129735 0.98657 -0.0992435 0.0971971 0.112261 0.988914 0.086997 0.0438616 0.584356\n-0.462913 0.214073 0.129582 0.051144 -0.102783 -0.993388 0.0231304 0.994545 -0.101712 0.998423 -0.0177755 0.0532424 0.558972 0.0428546 0.0739969\n0.312901 0.151585 -0.202934 0.312436 -0.338071 -0.887746 -0.0195369 0.932045 -0.361816 0.949738 0.130388 0.284599 0.0535743 0.0344626 0.254925\n-0.316704 0.153977 -0.195407 -0.407387 -0.374226 -0.833061 0.00332391 0.911575 -0.411121 0.913249 -0.170255 -0.37012 0.0698327 0.0362761 0.273109\n0.413815 -0.390869 0.446721 0.262788 -0.0518812 -0.963458 0.962723 0.0804209 0.258257 0.0640835 -0.99541 0.0710809 0.0441228 0.0428232 0.810957\n-0.412336 -0.412696 0.447464 -0.0652959 -0.99691 0.0436641 0.835547 -0.078544 -0.543776 0.545525 0.000977052 0.838094 0.767524 0.0340448 0.0430619\n0.397356 -0.31969 -0.277326 -0.508918 0.105177 -0.854365 0.857866 0.144052 -0.49327 0.0711923 -0.983965 -0.163539 0.0323355 0.0325406 0.968159\n-0.394518 -0.319664 -0.277431 0.712189 0.0514326 -0.700101 0.697283 -0.167102 0.697046 -0.0811375 -0.984597 -0.154871 0.0430798 0.0321067 0.968213\nC 26\n0 7\n0 10\n0 11\n0 4\n0 5\n0 1\n0 6\n1 3\n1 6\n1 11\n1 2\n1 10\n1 9\n1 8\n1 7\n2 8\n2 4\n3 9\n3 5\n4 8\n4 10\n4 6\n5 11\n5 7\n6 10\n7 11\nS 4\n2\n2 0.414271 0.117513 0.409269\n3 -0.412199 0.103059 0.41001\n2\n0.00103633 0.110286 0.409639\n-0.999847 -0.0174863 0.000895597\n2\n4 0.456797 0.209285 0.109002\n5 -0.462913 0.214073 0.129582\n2\n-0.00305806 0.211679 0.119292\n-0.999736 0.00520508 0.0223712\n2\n6 0.312901 0.151585 -0.202934\n7 -0.316704 0.153977 -0.195407\n2\n-0.00190134 0.152781 -0.199171\n-0.999921 0.00379915 0.0119549\n2\n10 0.397356 -0.31969 -0.277326\n11 -0.394518 -0.319664 -0.277431\n2\n0.00141919 -0.319677 -0.277379\n-1 3.17781e-05 -0.000132831\nL 12\n0\n1\n3\n3\n3\n3\n0\n0\n2\n2\n2\n2"
}