{
    "boxes": [
        [
            -0.002512000035494566,
            -0.10251899808645248,
            0.09824199974536896,
            0.20891599357128143,
            0.7914440035820007,
            0.8888980150222778,
            0.0,
            1.0,
            0.0,
            0.0,
            0.0,
            1.0
        ],
        [
            -0.43256500363349915,
            0.20175300538539886,
            0.16006499528884888,
            0.10066299885511398,
            0.7894179821014404,
            0.08756709843873978,
            0.19228099286556244,
            0.9694820046424866,
            -0.1520950049161911,
            0.014848999679088593,
            0.1520950049161911,
            0.9882540106773376
        ],
        [
            0.41561299562454224,
            0.20131300389766693,
            0.16021700203418732,
            0.10847300291061401,
            0.7900140285491943,
            0.09797859936952591,
            0.3104510009288788,
            0.9380810260772705,
            -0.1537020057439804,
            0.024620700627565384,
            0.1537020057439804,
            0.9878100156784058
        ],
        [
            -0.42628899216651917,
            0.05817050114274025,
            0.462007999420166,
            0.30468499660491943,
            0.08667200058698654,
            0.06410499662160873,
            0.0,
            1.0,
            0.0,
            0.0,
            0.0,
            1.0
        ],
        [
            -0.42628899216651917,
            -0.4221799969673157,
            -0.29436901211738586,
            0.7154020071029663,
            0.14785799384117126,
            0.06455300003290176,
            0.0,
            1.0,
            0.0,
            0.0,
            0.0,
            1.0
        ],
        [
            -0.42628899216651917,
            -0.2776170074939728,
            0.0972990021109581,
            0.05167999863624573,
            0.6862180233001709,
            0.04134399816393852,
            0.0,
            1.0,
            0.0,
            0.0,
            0.0,
            1.0
        ],
        [
            -0.42628899216651917,
            -0.42911800742149353,
            0.46842798590660095,
            0.7016819715499878,
            0.07383199781179428,
            0.06410499662160873,
            0.0,
            1.0,
            0.0,
            0.0,
            0.0,
            1.0
        ],
        [
            -0.002512000035494566,
            0.38653698563575745,
            -0.3151110112667084,
            0.07975679636001587,
            0.0935932993888855,
            0.7855380177497864,
            -1.1645200037573621e-17,
            0.9982320070266724,
            -0.05944019928574562,
            -1.2359200008452855e-17,
            0.05944019928574562,
            0.9982320070266724
        ],
        [
            -0.002512000035494566,
            0.5227940082550049,
            -0.36726999282836914,
            0.16537800431251526,
            0.08073420077562332,
            0.7855380177497864,
            -0.0,
            0.9159899950027466,
            -0.4012010097503662,
            0.0,
            0.4012010097503662,
            0.9159899950027466
        ],
        [
            -0.4198009967803955,
            0.2655560076236725,
            -0.3042609989643097,
            0.7158420085906982,
            0.12686499953269958,
            0.08531049638986588,
            0.025141200050711632,
            0.9831609725952148,
            -0.18100599944591522,
            0.18100599944591522,
            0.17359299957752228,
            0.9680399894714355
        ]
    ],
    "ops": [
        [
            0,
            0,
            0,
            0,
            2,
            1,
            1,
            1,
            0,
            0,
            0,
            1,
            1,
            2,
            1,
            0,
            2,
            0,
            0,
            2,
            1,
            1,
            1
        ]
    ],
    "syms": [
        [
            0.0,
            1.0,
            8.259060450654943e-06,
            -0.0,
            -0.0025122500956058502,
            0.058173999190330505,
            0.462007999420166,
            0.0
        ],
        [
            0.0,
            1.0,
            0.00023833299928810447,
            -2.949660029116785e-06,
            -0.0025122500956058502,
            -0.4220789968967438,
            -0.29436999559402466,
            0.0
        ],
        [
            1.0,
            -0.0018840000266209245,
            0.38373100757598877,
            -0.25006675720214844,
            -0.002512000035494566,
            0.38653698563575745,
            -0.3151110112667084,
            0.20000000298023224
        ],
        [
            0.0,
            0.9999909996986389,
            -0.0007998059736564755,
            0.0041776299476623535,
            -0.002067730063572526,
            0.2652220129966736,
            -0.30251601338386536,
            0.0
        ]
    ],
    "labels:": [
        [
            1,
            3,
            3,
            3,
            2,
            2,
            2,
            0,
            0,
            0
        ]
    ],
    "obj": 35961,
    "mat_index": 1264,
    "obbs": "N 19\n-0.002512 0.522794 -0.36727 1 0 0 0 0.401201 0.91599 0 -0.91599 0.401201 0.785538 0.0807342 0.165378\n-0.002512 -0.102519 0.098242 1 0 0 0 1 0 0 0 1 0.888898 0.208916 0.791444\n0.415666 0.264888 -0.300771 0.224969 -0.144348 -0.963614 0.974151 0.0541034 0.219324 0.0204759 -0.988047 0.152788 0.124335 0.0869255 0.718392\n-0.419801 0.265556 -0.304261 -0.0251412 -0.983161 0.181006 0.983161 -0.0571008 -0.173593 0.181006 0.173593 0.96804 0.715842 0.0853105 0.126865\n-0.002512 0.011224 -0.260177 1 0 0 0 1 0 0 0 1 0.785538 0.06268 0.081512\n-0.002512 0.106876 -0.264182 1 0 0 -0 0.0758333 0.997121 0 -0.997121 0.0758333 0.785538 0.0810064 0.0620166\n-0.002512 0.201358 -0.273972 1 0 0 0 1 0 0 0 1 0.785538 0.073468 0.089392\n-0.002512 0.294735 -0.290998 1 0 0 0 0.172533 0.985004 0 -0.985004 0.172533 0.785538 0.0842166 0.0662743\n-0.002512 0.386537 -0.315111 1 1.23592e-17 1.16452e-17 -1.23592e-17 0.0594402 0.998232 1.16452e-17 -0.998232 0.0594402 0.785538 0.0935933 0.0797568\n0.415613 0.201313 0.160217 -0.0246207 -0.153702 -0.98781 0.310451 0.938081 -0.153702 0.950271 -0.310451 0.0246207 0.790014 0.108473 0.0979786\n-0.432565 0.201753 0.160065 0.981228 -0.192281 0.014849 0.192281 0.969482 -0.152095 0.014849 0.152095 0.988254 0.0875671 0.100663 0.789418\n0.421265 0.0581775 0.462008 1 0 0 0 1 0 0 0 1 0.064104 0.304671 0.086672\n-0.426289 0.0581705 0.462008 1 0 0 0 1 0 0 0 1 0.064105 0.304685 0.086672\n0.421265 -0.277617 0.097299 1 0 0 0 1 0 0 0 1 0.041344 0.05168 0.686218\n-0.426289 -0.277617 0.097299 1 0 0 0 1 0 0 0 1 0.041344 0.05168 0.686218\n0.421265 -0.42345 0.468229 1 0 0 0 1 0 0 0 1 0.064104 0.713018 0.07423\n0.421265 -0.421978 -0.294372 1 0 0 0 1 0 0 0 1 0.064552 0.71498 0.147853\n-0.426289 -0.42218 -0.294369 1 0 0 0 1 0 0 0 1 0.064553 0.715402 0.147858\n-0.426289 -0.429118 0.468428 1 0 0 0 1 0 0 0 1 0.064105 0.701682 0.073832\nC 76\n0 2\n0 7\n0 3\n0 8\n0 6\n1 3\n1 17\n1 15\n1 6\n1 11\n1 2\n1 16\n1 14\n1 5\n1 10\n1 13\n1 4\n1 9\n1 12\n1 18\n2 8\n2 5\n2 9\n2 13\n2 16\n2 6\n2 7\n2 4\n3 7\n3 17\n3 14\n3 10\n3 6\n3 5\n3 8\n3 4\n4 7\n4 9\n4 13\n4 10\n4 5\n4 14\n4 16\n4 6\n4 17\n5 9\n5 6\n5 8\n5 17\n5 10\n5 16\n5 7\n6 9\n6 17\n6 7\n6 10\n6 16\n6 8\n7 10\n7 8\n7 9\n8 9\n8 10\n9 15\n9 11\n9 16\n10 17\n10 12\n11 13\n11 15\n12 14\n12 18\n13 16\n13 15\n14 17\n14 18\nS 6\n2\n2 0.415666 0.264888 -0.300771\n3 -0.419801 0.265556 -0.304261\n2\n-0.00206773 0.265222 -0.302516\n-0.999991 0.000799806 -0.00417763\n5\n4 -0.002512 0.011224 -0.260177\n5 -0.002512 0.106876 -0.264182\n6 -0.002512 0.201358 -0.273972\n7 -0.002512 0.294735 -0.290998\n8 -0.002512 0.386537 -0.315111\n1\n0 0 0\n0 0 0\n2\n11 0.421265 0.0581775 0.462008\n12 -0.426289 0.0581705 0.462008\n2\n-0.00251225 0.058174 0.462008\n-1 -8.25906e-06 0\n2\n13 0.421265 -0.277617 0.097299\n14 -0.426289 -0.277617 0.097299\n2\n-0.002512 -0.277617 0.097299\n-1 0 0\n2\n15 0.421265 -0.42345 0.468229\n18 -0.426289 -0.429118 0.468428\n2\n-0.00251225 -0.426284 0.468329\n-0.999978 -0.00668733 0.000234788\n2\n16 0.421265 -0.421978 -0.294372\n17 -0.426289 -0.42218 -0.294369\n2\n-0.00251225 -0.422079 -0.29437\n-1 -0.000238333 2.94966e-06\nL 19\n0\n1\n0\n0\n0\n0\n0\n0\n0\n3\n3\n3\n3\n2\n2\n2\n2\n2\n2"
}