{
    "boxes": [
        [
            -0.025849999859929085,
            -0.11515700072050095,
            0.11122100055217743,
            0.24193699657917023,
            0.8461769819259644,
            0.8784840106964111,
            0.0,
            1.0,
            0.0,
            0.0,
            0.0,
            1.0
        ],
        [
            -0.44879499077796936,
            0.0441071018576622,
            0.43863800168037415,
            0.39521199464797974,
            0.071813203394413,
            0.07540319859981537,
            0.03148169815540314,
            0.9789029955863953,
            -0.20188599824905396,
            -0.3998669981956482,
            0.19745199382305145,
            0.8950530290603638
        ],
        [
            0.395251989364624,
            0.06715130060911179,
            0.46952399611473083,
            0.3484250009059906,
            0.07178100198507309,
            0.07187960296869278,
            0.02504800073802471,
            0.9753419756889343,
            -0.21927399933338165,
            -0.29167500138282776,
            0.21692900359630585,
            0.9315940141677856
        ],
        [
            -0.4214380085468292,
            0.22191500663757324,
            0.09341549873352051,
            0.07644200325012207,
            0.6611379981040955,
            0.07408790290355682,
            -0.2510159909725189,
            0.9555850028991699,
            -0.15442900359630585,
            -0.07044479995965958,
            0.14108000695705414,
            0.9874889850616455
        ],
        [
            -0.4475429952144623,
            -0.4464559853076935,
            0.504069983959198,
            0.647566020488739,
            0.07406750321388245,
            0.05995099991559982,
            -0.008051060140132904,
            0.9973019957542419,
            -0.07297070324420929,
            -0.2856909930706024,
            0.06763750314712524,
            0.9559320211410522
        ],
        [
            0.3993600010871887,
            -0.40042299032211304,
            -0.33174100518226624,
            0.7674070000648499,
            0.0879523977637291,
            0.06523559987545013,
            -0.02692130021750927,
            0.9510719776153564,
            0.307794988155365,
            -0.28252699971199036,
            -0.302592009305954,
            0.9102839827537537
        ],
        [
            -0.3812110126018524,
            -0.4093340039253235,
            -0.3632130026817322,
            0.7509229779243469,
            0.07928390055894852,
            0.06806229799985886,
            -0.004346040077507496,
            0.9494770169258118,
            0.3138050138950348,
            -0.2660360038280487,
            -0.30359700322151184,
            0.9149060249328613
        ],
        [
            -0.38309401273727417,
            0.2364940047264099,
            -0.28495800495147705,
            0.6606940031051636,
            0.10102800279855728,
            0.05792419984936714,
            -0.002052990021184087,
            0.9907789826393127,
            -0.13547199964523315,
            0.031172500923275948,
            0.13547000288963318,
            0.9902909994125366
        ],
        [
            0.005620670039206743,
            0.25861799716949463,
            -0.2829819917678833,
            0.6560930013656616,
            0.14934700727462769,
            0.7386770248413086,
            0.020504500716924667,
            0.9685930013656616,
            -0.24780400097370148,
            -0.04102899879217148,
            0.2484630048274994,
            0.9677720069885254
        ],
        [
            0.007300559896975756,
            0.2182289958000183,
            -0.32485800981521606,
            0.7087910175323486,
            0.12245699763298035,
            0.7397559881210327,
            0.01860079914331436,
            0.9829369783401489,
            -0.18299800157546997,
            -0.04062280058860779,
            0.18362200260162354,
            0.9821569919586182
        ]
    ],
    "ops": [
        [
            0,
            0,
            0,
            0,
            2,
            1,
            1,
            1,
            0,
            2,
            0,
            0,
            1,
            1,
            1,
            0,
            2,
            0,
            0,
            1,
            1,
            1
        ]
    ],
    "syms": [
        [
            0.0,
            0.9991220235824585,
            0.0015937499701976776,
            0.04186049848794937,
            -0.01394519954919815,
            0.22256499528884888,
            0.11048799753189087,
            0.0
        ],
        [
            0.0,
            0.998947024345398,
            0.026846200227737427,
            0.0372139997780323,
            -0.02854040078818798,
            -0.43519601225852966,
            0.5196790099143982,
            0.0
        ],
        [
            0.0,
            0.9988150000572205,
            0.027827700600028038,
            0.03992360085248947,
            0.0048153698444366455,
            0.24730199575424194,
            -0.2694529891014099,
            0.0
        ]
    ],
    "labels:": [
        [
            1,
            3,
            3,
            3,
            2,
            2,
            2,
            0,
            0,
            0
        ]
    ],
    "obj": 35988,
    "mat_index": 1279,
    "obbs": "N 13\n0.00562067 0.258618 -0.282982 -0.998948 0.00967648 -0.044835 -0.041029 0.248463 0.967772 0.0205045 0.968593 -0.247804 0.738677 0.149347 0.656093\n-0.02585 -0.115157 0.111221 1 0 0 0 1 0 0 0 1 0.878484 0.241937 0.846177\n0.392724 0.258109 -0.253948 0.104213 -0.158903 -0.981779 0.994539 0.0221799 0.101977 0.00557118 -0.987045 0.160347 0.096482 0.0591477 0.61907\n-0.383094 0.236494 -0.284958 -0.00205299 0.990779 -0.135472 0.999512 -0.00218995 -0.0311632 -0.0311725 -0.13547 -0.990291 0.660694 0.0579242 0.101028\n0.395252 0.0671513 0.469524 0.025048 0.975342 -0.219274 -0.291675 0.216929 0.931594 0.956189 0.0406223 0.289917 0.348425 0.071781 0.0718796\n-0.448795 0.0441071 0.438638 0.0314817 0.978903 -0.201886 -0.399867 0.197452 0.895053 0.916032 0.0525496 0.397647 0.395212 0.0718132 0.0754032\n0.393547 0.223215 0.127561 -0.0341109 -0.124866 -0.991587 0.506279 0.853282 -0.124866 0.861695 -0.506279 0.0341109 0.662629 0.0834387 0.0824731\n-0.421438 0.221915 0.0934155 0.0704448 -0.14108 -0.987489 -0.251016 0.955585 -0.154429 0.965416 0.258754 0.0319026 0.661138 0.076442 0.0740879\n0.00730056 0.218229 -0.324858 -0.999001 0.010835 -0.0433452 -0.0406228 0.183622 0.982157 0.0186008 0.982937 -0.182998 0.739756 0.122457 0.708791\n0.390462 -0.423935 0.535289 0.0179856 0.997279 -0.0714971 -0.0931024 0.0728684 0.992986 0.995494 -0.011203 0.0941596 0.692905 0.0726371 0.0593978\n0.39936 -0.400423 -0.331741 -0.0269213 0.951072 0.307795 -0.282527 -0.302592 0.910284 0.958881 -0.0624545 0.27685 0.767407 0.0879524 0.0652356\n-0.447543 -0.446456 0.50407 -0.00805106 0.997302 -0.0729707 -0.285691 0.0676375 0.955932 0.958288 0.0285434 0.284376 0.647566 0.0740675 0.059951\n-0.381211 -0.409334 -0.363213 -0.963953 0.0795072 -0.253914 -0.266036 -0.303597 0.914906 -0.00434604 0.949477 0.313805 0.0680623 0.0792839 0.750923\nC 35\n0 7\n0 10\n0 3\n0 12\n0 8\n0 1\n0 6\n0 2\n1 3\n1 6\n1 11\n1 2\n1 5\n1 10\n1 4\n1 9\n1 12\n1 8\n1 7\n2 8\n2 6\n2 10\n3 7\n3 12\n3 8\n4 9\n4 6\n5 11\n5 7\n6 10\n6 8\n7 12\n7 8\n8 10\n8 12\nS 3\n2\n2 0.392724 0.258109 -0.253948\n3 -0.383094 0.236494 -0.284958\n2\n0.00481537 0.247302 -0.269453\n-0.998815 -0.0278277 -0.0399236\n2\n6 0.393547 0.223215 0.127561\n7 -0.421438 0.221915 0.0934155\n2\n-0.0139452 0.222565 0.110488\n-0.999122 -0.00159375 -0.0418605\n2\n9 0.390462 -0.423935 0.535289\n11 -0.447543 -0.446456 0.50407\n2\n-0.0285404 -0.435196 0.519679\n-0.998947 -0.0268462 -0.037214\nL 13\n0\n1\n0\n0\n3\n3\n3\n3\n0\n2\n2\n2\n2"
}