{
    "boxes": [
        [
            -0.008643870241940022,
            0.14282700419425964,
            0.06872960180044174,
            0.5216230154037476,
            0.7829099893569946,
            0.8736569881439209,
            0.006139399949461222,
            0.9950609803199768,
            -0.09907250106334686,
            0.052639398723840714,
            0.09861540049314499,
            0.9937319755554199
        ],
        [
            -0.41360199451446533,
            0.19305799901485443,
            0.07299769669771194,
            0.5637500286102295,
            0.4456610083580017,
            0.12085600197315216,
            -0.1693660020828247,
            0.9646040201187134,
            -0.2021239995956421,
            -0.16818100214004517,
            0.1737920045852661,
            0.9703149795532227
        ],
        [
            -0.387594997882843,
            -0.447706013917923,
            0.3399290144443512,
            0.7366679906845093,
            0.07259570062160492,
            0.09277959913015366,
            0.08148419857025146,
            0.979216992855072,
            -0.18572600185871124,
            0.3392679989337921,
            0.14796599745750427,
            0.9289799928665161
        ],
        [
            0.0027256300672888756,
            -0.15753799676895142,
            -0.0670635998249054,
            0.05913050100207329,
            0.0270019993185997,
            0.4248009920120239,
            -1.033589978760574e-05,
            0.9971010088920593,
            -0.0760871022939682,
            -1.1154699677717872e-05,
            0.0760871022939682,
            0.9971010088920593
        ],
        [
            -0.28792399168014526,
            -0.47109898924827576,
            -0.22857600450515747,
            0.7135900259017944,
            0.06220950186252594,
            0.05208579823374748,
            0.09609699994325638,
            0.9698420166969299,
            0.2239920049905777,
            0.354434996843338,
            -0.2436240017414093,
            0.9027860164642334
        ],
        [
            0.017492499202489853,
            0.20099599659442902,
            -0.27166301012039185,
            0.5438820123672485,
            0.38967499136924744,
            0.9208109974861145,
            0.0,
            1.0,
            0.0,
            0.0,
            0.0,
            1.0
        ]
    ],
    "ops": [
        [
            0,
            0,
            2,
            1,
            0,
            2,
            0,
            0,
            2,
            1,
            1,
            1,
            0,
            1
        ]
    ],
    "syms": [
        [
            0.0,
            0.99965500831604,
            -0.0031883600167930126,
            0.026062000542879105,
            0.001689000055193901,
            0.1917330026626587,
            0.08382479846477509,
            0.0
        ],
        [
            0.0,
            0.9999899864196777,
            0.00035085700801573694,
            0.004487909842282534,
            0.00225725001655519,
            -0.44756901264190674,
            0.34167900681495667,
            0.0
        ],
        [
            0.0,
            1.0,
            -0.0006621010252274573,
            0.0007103519747033715,
            0.005416099913418293,
            -0.47129300236701965,
            -0.22836799919605255,
            0.0
        ]
    ],
    "labels:": [
        [
            1,
            3,
            2,
            2,
            2,
            0
        ]
    ],
    "obj": 2272,
    "mat_index": 135,
    "obbs": "N 9\n0.0174925 0.200996 -0.271663 1 0 0 0 1 0 0 0 1 0.920811 0.543882 0.389675\n0.41698 0.190409 0.0946519 -0.201109 -0.974427 0.100231 0.969305 -0.212731 -0.123263 0.141433 0.0723647 0.987299 0.516655 0.125432 0.458312\n-0.413602 0.193058 0.0729977 -0.169366 0.964604 -0.202124 0.971097 0.198332 0.132793 0.168181 -0.173792 -0.970315 0.56375 0.120856 0.445661\n-0.00864387 0.142827 0.0687296 0.998595 -0.011316 -0.051774 0.0061394 0.995061 -0.0990725 0.0526394 0.0986154 0.993732 0.873657 0.521623 0.78291\n0.298756 -0.471487 -0.228159 -0.976367 -0.0776899 -0.201673 -0.178512 -0.236103 0.95519 -0.121824 0.968617 0.216655 0.059609 0.0627992 0.712318\n-0.287924 -0.471099 -0.228576 0.930129 -0.00736439 -0.367158 0.354435 -0.243624 0.902786 -0.096097 -0.969842 -0.223992 0.0520858 0.0622095 0.71359\n-0.387595 -0.447706 0.339929 0.937154 -0.138708 -0.32016 0.339268 0.147966 0.92898 -0.0814842 -0.979217 0.185726 0.0927796 0.0725957 0.736668\n0.39211 -0.447433 0.343428 -0.844583 -0.145563 -0.515258 -0.532239 0.123429 0.837548 -0.0583181 0.981619 -0.18172 0.0798108 0.057806 0.735441\n0.00272563 -0.157538 -0.0670636 -1.03359e-05 0.997101 -0.0760871 -1.11547e-05 0.0760871 0.997101 1 1.11547e-05 1.03359e-05 0.0591305 0.027002 0.424801\nC 21\n0 1\n0 5\n0 4\n0 3\n0 8\n0 2\n1 3\n1 4\n1 8\n1 7\n2 6\n2 8\n2 5\n2 3\n3 5\n3 8\n3 6\n3 7\n3 4\n4 8\n5 8\nS 3\n2\n1 0.41698 0.190409 0.0946519\n2 -0.413602 0.193058 0.0729977\n2\n0.001689 0.191733 0.0838248\n-0.999655 0.00318836 -0.026062\n2\n4 0.298756 -0.471487 -0.228159\n5 -0.287924 -0.471099 -0.228576\n2\n0.0054161 -0.471293 -0.228368\n-1 0.000662101 -0.000710352\n2\n6 -0.387595 -0.447706 0.339929\n7 0.39211 -0.447433 0.343428\n2\n0.00225725 -0.447569 0.341679\n0.99999 0.000350857 0.00448791\nL 9\n0\n3\n3\n1\n2\n2\n2\n2\n2"
}