{
    "boxes": [
        [
            0.007239529862999916,
            -0.14374500513076782,
            0.13341300189495087,
            0.2758199870586395,
            0.8218380212783813,
            0.8822150230407715,
            2.1861800632905215e-05,
            0.9981120228767395,
            -0.061419498175382614,
            6.720050009789702e-07,
            0.061419498175382614,
            0.9981120228767395
        ],
        [
            -0.4737910032272339,
            0.24546800553798676,
            0.059331201016902924,
            0.1528560072183609,
            0.558542013168335,
            0.11047200113534927,
            -0.25287801027297974,
            0.8509460091590881,
            -0.4603720009326935,
            -0.1969359964132309,
            0.4206030070781708,
            0.8856120109558105
        ],
        [
            -0.4857800006866455,
            0.34295499324798584,
            0.2536880075931549,
            0.061573900282382965,
            0.4293699860572815,
            0.1831510066986084,
            0.12359499931335449,
            0.9904019832611084,
            -0.06186990067362785,
            -0.048097699880599976,
            0.06825359910726547,
            0.996508002281189
        ],
        [
            0.0050005000084638596,
            -0.45976099371910095,
            0.029100000858306885,
            0.4506079852581024,
            1.0194599628448486,
            1.073199987411499,
            0.0,
            1.0,
            0.0,
            0.0,
            0.0,
            1.0
        ],
        [
            0.005549500230699778,
            -0.6759709715843201,
            -0.4616760015487671,
            0.11651899665594101,
            0.08718500286340714,
            0.09050299972295761,
            0.0,
            1.0,
            0.0,
            0.0,
            0.0,
            1.0
        ],
        [
            0.004165490157902241,
            -0.580718994140625,
            -0.27629899978637695,
            0.11357299983501434,
            0.5148990154266357,
            0.10266800224781036,
            -0.01935580000281334,
            0.950065016746521,
            -0.3114509880542755,
            -0.003091380000114441,
            0.3114509880542755,
            0.9502570033073425
        ],
        [
            0.004313500132411718,
            0.25845998525619507,
            -0.2045309990644455,
            0.7466880083084106,
            0.34053298830986023,
            0.9207630157470703,
            0.0,
            1.0,
            0.0,
            0.0,
            0.0,
            1.0
        ],
        [
            0.008454919792711735,
            0.42869099974632263,
            -0.24931199848651886,
            0.9678859710693359,
            0.3416920006275177,
            0.8351619839668274,
            0.0002727970131672919,
            0.9716349840164185,
            -0.23648400604724884,
            0.00034715599031187594,
            0.23648400604724884,
            0.9716349840164185
        ],
        [
            0.009736940264701843,
            -0.16829100251197815,
            -0.1547359973192215,
            0.16254399716854095,
            0.406825989484787,
            0.49877798557281494,
            -0.02746020071208477,
            0.9294829964637756,
            0.3678410053253174,
            0.005235080141574144,
            -0.3678410053253174,
            0.9298740029335022
        ]
    ],
    "ops": [
        [
            0,
            0,
            0,
            1,
            2,
            1,
            0,
            0,
            0,
            1,
            2,
            1,
            1,
            0,
            0,
            0,
            1,
            1,
            1
        ]
    ],
    "syms": [
        [
            0.0,
            0.9999930262565613,
            0.0023854500614106655,
            -0.002958540106192231,
            0.006853709928691387,
            0.2466139942407608,
            0.057909201830625534,
            0.0
        ],
        [
            -1.0,
            -0.0,
            1.0,
            -0.0,
            0.005549500230699778,
            -0.6759709715843201,
            0.10396700352430344,
            0.20000000298023224
        ]
    ],
    "labels:": [
        [
            1,
            3,
            3,
            2,
            2,
            2,
            0,
            0,
            0
        ]
    ],
    "obj": 36124,
    "mat_index": 1350,
    "obbs": "N 19\n0.00845492 0.428691 -0.249312 1 -0.000347156 -0.000272797 0.000347156 0.236484 0.971635 -0.000272797 -0.971635 0.236484 0.835162 0.341692 0.967886\n0.0055495 -0.675971 -0.461676 1 0 0 0 1 0 0 0 1 0.090503 0.116519 0.087185\n0.543508 -0.675971 -0.0708265 1 0 0 0 1 0 0 0 1 0.090503 0.116519 0.087185\n0.338027 -0.675971 0.561581 1 0 0 0 1 0 0 0 1 0.090503 0.116519 0.087185\n-0.326927 -0.675971 0.561581 1 0 0 0 1 0 0 0 1 0.090503 0.116519 0.087185\n-0.532409 -0.675971 -0.0708265 1 0 0 0 1 0 0 0 1 0.090503 0.116519 0.087185\n0.487498 0.247761 0.0564872 -0.220118 -0.447562 -0.866739 0.959941 -0.257314 -0.110917 -0.173381 -0.856433 0.486273 0.555797 0.104636 0.15587\n-0.473791 0.245468 0.0593312 0.196936 -0.420603 -0.885612 0.947243 0.314616 0.0612203 0.252878 -0.850946 0.460372 0.558542 0.110472 0.152856\n0.00723953 -0.143745 0.133413 1 -2.18618e-05 6.72005e-07 2.18618e-05 0.998112 -0.0614195 6.72005e-07 0.0614195 0.998112 0.882215 0.27582 0.821838\n0.351175 -0.585036 -0.0371154 0.900606 -0.326252 -0.287175 0.300736 0.944778 -0.130202 0.313795 0.0308964 0.948988 0.492104 0.116414 0.0983956\n0.00416549 -0.580719 -0.276299 0.00309138 -0.311451 -0.950257 -0.0193558 0.950065 -0.311451 0.999808 0.0193558 -0.00309138 0.514899 0.113573 0.102668\n-0.335919 -0.580945 -0.0350108 -0.89749 -0.321461 -0.301951 -0.324112 0.945052 -0.0427548 0.299103 0.0594939 -0.952364 0.502619 0.111698 0.100836\n0.220142 -0.584148 0.363685 -0.571227 0.311629 -0.759333 0.103349 0.945068 0.310107 0.814259 0.0986646 -0.572055 0.498977 0.119176 0.104395\n-0.201631 -0.583418 0.364071 -0.805076 -0.036227 -0.592064 -0.21208 0.949735 0.23027 0.553962 0.31095 -0.772293 0.101558 0.116566 0.508462\n0.494683 0.344811 0.256765 0.989612 0.132162 -0.0565854 -0.135695 0.988685 -0.0639432 0.0474943 0.0709573 0.996348 0.18236 0.05458 0.4227\n-0.48578 0.342955 0.253688 -0.991166 0.120188 -0.0560719 0.123595 0.990402 -0.0618699 0.0480977 -0.0682536 -0.996508 0.183151 0.0615739 0.42937\n0.0050005 -0.459761 0.0291 1 0 0 0 1 0 0 0 1 1.0732 0.450608 1.01946\n0.00973694 -0.168291 -0.154736 0.999609 0.0274602 0.00523508 -0.0274602 0.929483 0.367841 0.00523508 -0.367841 0.929874 0.498778 0.162544 0.406826\n0.0043135 0.25846 -0.204531 1 0 0 0 1 0 0 0 1 0.920763 0.746688 0.340533\nC 54\n0 14\n0 7\n0 16\n0 15\n0 17\n0 18\n0 8\n0 6\n1 16\n1 10\n2 9\n2 16\n3 16\n3 12\n4 13\n4 16\n5 11\n5 16\n6 17\n6 14\n6 18\n6 8\n7 15\n7 18\n7 17\n7 8\n8 16\n8 17\n8 18\n9 11\n9 17\n9 10\n9 16\n9 13\n9 12\n10 11\n10 17\n10 12\n10 13\n10 16\n11 16\n11 13\n11 12\n11 17\n12 16\n12 13\n12 17\n13 17\n13 16\n14 18\n15 18\n16 17\n16 18\n17 18\nS 4\n5\n3 0.338027 -0.675971 0.561581\n2 0.543508 -0.675971 -0.0708265\n1 0.0055495 -0.675971 -0.461676\n5 -0.532409 -0.675971 -0.0708265\n4 -0.326927 -0.675971 0.561581\n3\n0.0055495 -0.675971 0.103967\n0 -1 0\n2\n6 0.487498 0.247761 0.0564872\n7 -0.473791 0.245468 0.0593312\n2\n0.00685371 0.246614 0.0579092\n-0.999993 -0.00238545 0.00295854\n5\n11 -0.335919 -0.580945 -0.0350108\n10 0.00416549 -0.580719 -0.276299\n9 0.351175 -0.585036 -0.0371154\n12 0.220142 -0.584148 0.363685\n13 -0.201631 -0.583418 0.364071\n3\n0.00758636 -0.582853 0.0758659\n0.00868624 0.999906 0.0106243\n2\n14 0.494683 0.344811 0.256765\n15 -0.48578 0.342955 0.253688\n2\n0.00445137 0.343883 0.255226\n-0.999993 -0.00189296 -0.0031386\nL 19\n0\n2\n2\n2\n2\n2\n3\n3\n1\n2\n2\n2\n2\n2\n3\n3\n2\n0\n0"
}