{
    "boxes": [
        [
            -0.0011060000397264957,
            -0.11138799786567688,
            0.15771399438381195,
            0.22549299895763397,
            0.7462549805641174,
            0.7406439781188965,
            0.0,
            1.0,
            0.0,
            0.0,
            0.0,
            1.0
        ],
        [
            -0.41475799679756165,
            0.004397000186145306,
            0.4989140033721924,
            0.47582000494003296,
            0.07079900056123734,
            0.092678003013134,
            0.0,
            1.0,
            0.0,
            0.0,
            0.0,
            1.0
        ],
        [
            -0.4134550094604492,
            0.019031699746847153,
            0.07864149659872055,
            0.4588339924812317,
            0.7938470244407654,
            0.09340719878673553,
            -0.12087800353765488,
            0.992667019367218,
            -1.5603700376232155e-05,
            1.5603700376232155e-05,
            1.761900057317689e-05,
            1.0
        ],
        [
            -0.4147759974002838,
            -0.25160300731658936,
            -0.27999600768089294,
            0.9865509867668152,
            0.0687130019068718,
            0.09123700112104416,
            0.0,
            1.0,
            0.0,
            0.0,
            0.0,
            1.0
        ],
        [
            -0.4030030071735382,
            -0.48512500524520874,
            0.4989140033721924,
            0.5215309858322144,
            0.07079900056123734,
            0.06975399702787399,
            0.0,
            1.0,
            0.0,
            0.0,
            0.0,
            1.0
        ],
        [
            -0.0031734800431877375,
            0.1730629950761795,
            -0.2475699931383133,
            0.800320029258728,
            0.2942369878292084,
            0.9452250003814697,
            0.011632800102233887,
            0.9842740297317505,
            -0.17626400291919708,
            -0.048657599836587906,
            0.17662499845027924,
            0.9830750226974487
        ]
    ],
    "ops": [
        [
            0,
            0,
            0,
            1,
            2,
            1,
            0,
            0,
            1,
            2,
            1,
            0,
            1
        ]
    ],
    "syms": [
        [
            0.0,
            0.9999610185623169,
            0.008878139778971672,
            -0.0,
            -0.004637499805539846,
            0.008038249798119068,
            0.4989140033721924,
            0.0
        ],
        [
            0.0,
            1.0,
            0.00015769699530210346,
            0.0005451560136862099,
            -0.007572080008685589,
            -0.2515380084514618,
            -0.2797749936580658,
            0.0
        ]
    ],
    "labels:": [
        [
            1,
            3,
            3,
            2,
            2,
            0
        ]
    ],
    "obj": 36128,
    "mat_index": 1352,
    "obbs": "N 10\n-0.00317348 0.173063 -0.24757 -0.998748 0.00285929 -0.049947 -0.0486576 0.176625 0.983075 0.0116328 0.984274 -0.176264 0.945225 0.294237 0.80032\n0.405483 0.0116795 0.498914 1 0 0 0 1 0 0 0 1 0.092346 0.461257 0.070799\n-0.414758 0.004397 0.498914 1 0 0 0 1 0 0 0 1 0.092678 0.47582 0.070799\n-0.001106 -0.111388 0.157714 1 0 0 0 1 0 0 0 1 0.740644 0.225493 0.746255\n0.399632 -0.251474 -0.279553 -0.0471223 0.00509951 -0.998876 0.998613 -0.0232531 -0.0472286 -0.0234678 -0.999717 -0.0039967 0.0744753 0.0832911 0.986954\n-0.414776 -0.251603 -0.279996 1 0 0 0 1 0 0 0 1 0.091237 0.986551 0.068713\n0.393562 -0.474279 0.498914 1 0 0 0 1 0 0 0 1 0.069754 0.543224 0.070799\n-0.403003 -0.485125 0.498914 1 0 0 0 1 0 0 0 1 0.069754 0.521531 0.070799\n0.404015 0.0190327 0.0786416 1.98037e-05 1.75385e-05 -1 0.992667 -0.120878 1.75385e-05 -0.120878 -0.992667 -1.98037e-05 0.793848 0.0934062 0.45884\n-0.413455 0.0190317 0.0786415 0.120878 -0.992667 1.56037e-05 0.992667 0.120878 -1.7619e-05 1.56037e-05 1.7619e-05 1 0.458834 0.0934072 0.793847\nC 21\n0 5\n0 4\n0 9\n0 3\n0 8\n1 3\n1 8\n1 6\n2 7\n2 9\n2 3\n3 7\n3 8\n3 9\n3 6\n3 4\n3 5\n4 8\n5 9\n6 8\n7 9\nS 4\n2\n1 0.405483 0.0116795 0.498914\n2 -0.414758 0.004397 0.498914\n2\n-0.0046375 0.00803825 0.498914\n-0.999961 -0.00887814 0\n2\n4 0.399632 -0.251474 -0.279553\n5 -0.414776 -0.251603 -0.279996\n2\n-0.00757208 -0.251538 -0.279775\n-1 -0.000157697 -0.000545156\n2\n6 0.393562 -0.474279 0.498914\n7 -0.403003 -0.485125 0.498914\n2\n-0.0047205 -0.479702 0.498914\n-0.999907 -0.0136153 0\n2\n8 0.404015 0.0190327 0.0786416\n9 -0.413455 0.0190317 0.0786415\n2\n-0.00472019 0.0190322 0.0786415\n-1 -1.16993e-06 -1.77587e-07\nL 10\n0\n3\n3\n1\n2\n2\n2\n2\n3\n3"
}