{
    "boxes": [
        [
            0.0031515699811279774,
            -0.10338100045919418,
            0.14285700023174286,
            0.10220000147819519,
            0.8499150276184082,
            0.8503159880638123,
            0.0008866050047799945,
            0.9999799728393555,
            0.006255690008401871,
            -2.7731900900107576e-06,
            -0.006255690008401871,
            0.9999799728393555
        ],
        [
            0.3881480097770691,
            -0.42680999636650085,
            -0.23925399780273438,
            0.5910339951515198,
            0.10588400065898895,
            0.09604860097169876,
            -0.06481900066137314,
            0.9959989786148071,
            0.061511699110269547,
            0.5148680210113525,
            -0.019423000514507294,
            0.8570489883422852
        ],
        [
            -0.3684709966182709,
            -0.42651599645614624,
            -0.2286670058965683,
            0.5870699882507324,
            0.10580600053071976,
            0.10590299963951111,
            0.0,
            1.0,
            0.0,
            0.0,
            0.0,
            1.0
        ],
        [
            0.0031534999143332243,
            0.7028830051422119,
            -0.22936199605464935,
            0.09039799869060516,
            0.05498199909925461,
            0.8893489837646484,
            0.0,
            1.0,
            0.0,
            0.0,
            0.0,
            1.0
        ],
        [
            0.00037784301093779504,
            0.32193100452423096,
            -0.23094700276851654,
            0.7966369986534119,
            0.035860899835824966,
            0.11104399710893631,
            0.011144399642944336,
            0.9999160170555115,
            0.0066587901674211025,
            0.011069799773395061,
            -0.006782160140573978,
            0.9999160170555115
        ],
        [
            -0.39339199662208557,
            0.2979240119457245,
            -0.2279919981956482,
            0.7606329917907715,
            0.07260599732398987,
            0.06425999850034714,
            0.0,
            1.0,
            0.0,
            0.0,
            0.0,
            1.0
        ],
        [
            -0.30494698882102966,
            0.30783799290657043,
            -0.2269050031900406,
            0.7709760069847107,
            0.03790099918842316,
            0.06388600170612335,
            0.0,
            1.0,
            0.0,
            0.0,
            0.0,
            1.0
        ],
        [
            -0.20795699954032898,
            0.31519201397895813,
            -0.22997300326824188,
            0.7854660153388977,
            0.035861000418663025,
            0.06748399883508682,
            0.0,
            1.0,
            0.0,
            0.0,
            0.0,
            1.0
        ],
        [
            -0.11242199689149857,
            0.32485100626945496,
            -0.2283170074224472,
            0.7855259776115417,
            0.026205999776721,
            0.06461799889802933,
            0.0,
            1.0,
            0.0,
            0.0,
            0.0,
            1.0
        ]
    ],
    "ops": [
        [
            0,
            0,
            0,
            1,
            2,
            1,
            0,
            0,
            1,
            0,
            0,
            1,
            0,
            0,
            1,
            1,
            2,
            1,
            1
        ]
    ],
    "syms": [
        [
            0.0,
            -0.003187919966876507,
            0.0011601400328800082,
            0.9999939799308777,
            0.38693198561668396,
            -0.42636701464653015,
            0.14214900135993958,
            0.0
        ],
        [
            0.0,
            0.9999989867210388,
            0.001241039950400591,
            6.19888014625758e-05,
            0.0018405000446364284,
            0.2984139919281006,
            -0.22796699404716492,
            0.0
        ]
    ],
    "labels:": [
        [
            1,
            2,
            2,
            0,
            0,
            0,
            0,
            0,
            0
        ]
    ],
    "obj": 36201,
    "mat_index": 1398,
    "obbs": "N 15\n0.0031535 0.702883 -0.229362 1 0 0 0 1 0 0 0 1 0.889349 0.090398 0.054982\n0.00315157 -0.103381 0.142857 1 -0.000886605 -2.77319e-06 0.000886605 0.99998 0.00625569 -2.77319e-06 -0.00625569 0.99998 0.850316 0.1022 0.849915\n0.397073 0.298905 -0.227943 1 0 0 0 1 0 0 0 1 0.080252 0.760847 0.072708\n0.306776 0.310395 -0.229396 0.0249205 0.999689 -0.00081914 -0.132095 0.0041051 0.991229 0.990924 -0.0245937 0.132156 0.777281 0.0414338 0.0727818\n0.214232 0.315816 -0.227033 1 0 0 0 1 0 0 0 1 0.067439 0.784362 0.037744\n0.116305 0.323934 -0.224899 0.00278228 0.999992 -0.00296615 -0.0497077 0.0031008 0.998759 0.99876 -0.00263139 0.049716 0.800343 0.0365449 0.0671626\n0.000377843 0.321931 -0.230947 0.999877 -0.0110698 -0.0111444 0.0110698 -0.00678216 0.999916 -0.0111444 -0.999916 -0.00665879 0.111044 0.0358609 0.796637\n-0.112422 0.324851 -0.228317 1 0 0 0 1 0 0 0 1 0.064618 0.785526 0.026206\n-0.207957 0.315192 -0.229973 1 0 0 0 1 0 0 0 1 0.067484 0.785466 0.035861\n-0.304947 0.307838 -0.226905 1 0 0 0 1 0 0 0 1 0.063886 0.770976 0.037901\n-0.393392 0.297924 -0.227992 1 0 0 0 1 0 0 0 1 0.06426 0.760633 0.072606\n0.385716 -0.425925 0.523552 -0.727121 -0.0729811 -0.682619 -0.684358 -0.0015861 0.729144 -0.0542965 0.997332 -0.048792 0.0980973 0.107381 0.592499\n0.388148 -0.42681 -0.239254 -0.064819 0.995999 0.0615117 0.514868 -0.019423 0.857049 0.854815 0.0872235 -0.51155 0.591034 0.105884 0.0960486\n-0.368471 -0.426516 -0.228667 1 0 0 0 1 0 0 0 1 0.105903 0.58707 0.105806\n-0.368467 -0.424154 0.514442 1 0 0 0 1 0 0 0 1 0.105897 0.591791 0.105716\nC 49\n0 7\n0 10\n0 3\n0 4\n0 5\n0 8\n0 6\n0 9\n0 2\n1 3\n1 6\n1 11\n1 2\n1 14\n1 5\n1 10\n1 13\n1 4\n1 9\n1 12\n1 8\n1 7\n2 12\n2 5\n2 4\n2 3\n3 6\n3 5\n3 12\n3 4\n4 12\n4 5\n4 6\n5 6\n5 12\n5 7\n6 9\n6 7\n6 8\n7 10\n7 8\n7 9\n7 13\n8 13\n8 9\n8 10\n9 10\n9 13\n10 13\nS 6\n2\n10 -0.393392 0.297924 -0.227992\n2 0.397073 0.298905 -0.227943\n2\n0.0018405 0.298414 -0.227967\n0.999999 0.00124104 6.19888e-05\n2\n9 -0.304947 0.307838 -0.226905\n3 0.306776 0.310395 -0.229396\n2\n0.000914472 0.309117 -0.22815\n0.999983 0.00418047 -0.00407347\n2\n8 -0.207957 0.315192 -0.229973\n4 0.214232 0.315816 -0.227033\n2\n0.00313775 0.315504 -0.228503\n0.999975 0.00147797 0.00696471\n2\n7 -0.112422 0.324851 -0.228317\n5 0.116305 0.323934 -0.224899\n2\n0.00194139 0.324392 -0.226608\n0.99988 -0.00400919 0.0149423\n2\n11 0.385716 -0.425925 0.523552\n12 0.388148 -0.42681 -0.239254\n2\n0.386932 -0.426367 0.142149\n0.00318792 -0.00116014 -0.999994\n2\n13 -0.368471 -0.426516 -0.228667\n14 -0.368467 -0.424154 0.514442\n2\n-0.368469 -0.425335 0.142888\n5.38276e-06 0.00317785 0.999995\nL 15\n0\n1\n0\n0\n0\n0\n0\n0\n0\n0\n0\n2\n2\n2\n2"
}