{
    "boxes": [
        [
            -0.0014189999783411622,
            -0.282927006483078,
            0.09766300022602081,
            0.47372299432754517,
            1.172160029411316,
            1.1596399545669556,
            0.0,
            1.0,
            0.0,
            0.0,
            0.0,
            1.0
        ],
        [
            -0.5170630216598511,
            0.10227999836206436,
            0.0976634994149208,
            0.420646995306015,
            1.172160029411316,
            0.3164040148258209,
            0.0,
            1.0,
            0.0,
            0.0,
            0.0,
            1.0
        ],
        [
            -0.489001989364624,
            -0.49859198927879333,
            0.6234650015830994,
            0.4250519871711731,
            0.08724340051412582,
            0.06695529818534851,
            -0.00449942983686924,
            0.9997850060462952,
            0.020252499729394913,
            -0.6029689908027649,
            -0.018869299441576004,
            0.7975410223007202
        ],
        [
            -0.48983800411224365,
            -0.4986270070075989,
            -0.3682979941368103,
            0.42467600107192993,
            0.07252459973096848,
            0.0858571007847786,
            0.013903100043535233,
            0.9998990297317505,
            -0.0029748999513685703,
            -0.7015060186386108,
            0.01187410019338131,
            0.712565004825592
        ],
        [
            -0.0014189999783411622,
            0.27811399102211,
            -0.42427000403404236,
            1.1605600118637085,
            0.12137900292873383,
            1.2383699417114258,
            0.0,
            1.0,
            0.0,
            0.0,
            0.0,
            1.0
        ],
        [
            -0.0014189999783411622,
            -0.14224599301815033,
            -0.42427000403404236,
            0.749671995639801,
            0.12137900292873383,
            1.2545700073242188,
            0.0,
            1.0,
            0.0,
            0.0,
            0.0,
            1.0
        ]
    ],
    "ops": [
        [
            0,
            0,
            2,
            1,
            0,
            0,
            1,
            2,
            1,
            0,
            0,
            1,
            1
        ]
    ],
    "syms": [
        [
            0.0,
            0.9998970031738281,
            0.014318499714136124,
            -4.85144028061768e-07,
            -0.0018052499508485198,
            0.10965900123119354,
            0.09766329824924469,
            0.0
        ],
        [
            0.0,
            1.0,
            -5.2062699978705496e-05,
            0.00046470900997519493,
            -0.0036813600454479456,
            -0.4986169934272766,
            0.6236910223960876,
            0.0
        ]
    ],
    "labels:": [
        [
            1,
            3,
            2,
            2,
            0,
            0
        ]
    ],
    "obj": 36225,
    "mat_index": 1409,
    "obbs": "N 9\n-0.001419 0.278114 -0.42427 1 0 0 0 1 0 0 0 1 1.23837 1.16056 0.121379\n0.513453 0.117038 0.097663 1 0 0 0 1 0 0 0 1 0.317945 0.391135 1.17216\n-0.517063 0.10228 0.0976635 1 0 0 0 1 0 0 0 1 0.316404 0.420647 1.17216\n-0.001419 -0.282927 0.097663 1 0 0 0 1 0 0 0 1 1.15964 0.473723 1.17216\n0.481639 -0.498643 0.623916 -0.583701 0.00510641 -0.811952 0.811915 0.0151848 -0.583579 0.00934934 -0.999872 -0.0130093 0.0840036 0.0710484 0.424609\n0.481639 -0.498643 -0.368096 0.583701 -0.00510641 -0.811952 0.811915 0.0151848 0.583579 0.00934934 -0.999872 0.0130093 0.0840036 0.0710484 0.424609\n-0.489838 -0.498627 -0.368298 0.0139031 0.999899 -0.0029749 -0.701506 0.0118741 0.712565 0.712528 -0.00781993 0.7016 0.424676 0.0725246 0.0858571\n-0.489002 -0.498592 0.623465 -0.00449943 0.999785 0.0202525 0.797752 -0.00862318 0.602924 0.602969 0.0188693 -0.797541 0.425052 0.0669553 0.0872434\n-0.001419 -0.142246 -0.42427 1 0 0 0 1 0 0 0 1 1.25457 0.749672 0.121379\nC 21\n0 1\n0 6\n0 5\n0 3\n0 8\n0 2\n1 3\n1 4\n1 5\n1 8\n2 7\n2 6\n2 8\n2 3\n3 8\n3 6\n3 7\n3 4\n3 5\n5 8\n6 8\nS 3\n2\n1 0.513453 0.117038 0.097663\n2 -0.517063 0.10228 0.0976635\n2\n-0.00180525 0.109659 0.0976633\n-0.999897 -0.0143185 4.85144e-07\n2\n4 0.481639 -0.498643 0.623916\n7 -0.489002 -0.498592 0.623465\n2\n-0.00368136 -0.498617 0.623691\n-1 5.20627e-05 -0.000464709\n2\n5 0.481639 -0.498643 -0.368096\n6 -0.489838 -0.498627 -0.368298\n2\n-0.00409935 -0.498635 -0.368197\n-1 1.59604e-05 -0.000207374\nL 9\n0\n3\n3\n1\n2\n2\n2\n2\n0"
}