{
    "boxes": [
        [
            0.026331499218940735,
            -0.0817829966545105,
            0.053326498717069626,
            0.09786000102758408,
            0.5286089777946472,
            0.6893150210380554,
            0.0,
            1.0,
            0.0,
            0.0,
            0.0,
            1.0
        ],
        [
            -0.3509570062160492,
            0.1131109967827797,
            0.06785350292921066,
            0.5715069770812988,
            0.41205400228500366,
            0.09328070282936096,
            -0.36967700719833374,
            0.8677060008049011,
            -0.3323020040988922,
            -0.400532990694046,
            0.1738860011100769,
            0.8996319770812988
        ],
        [
            -0.5218430161476135,
            -0.7257829904556274,
            0.45390599966049194,
            0.012600000016391277,
            0.01628899946808815,
            0.024636000394821167,
            0.0,
            1.0,
            0.0,
            0.0,
            0.0,
            1.0
        ],
        [
            0.3452740013599396,
            -0.41154301166534424,
            0.3749009966850281,
            0.7135369777679443,
            0.041037000715732574,
            0.013060200028121471,
            -0.41258299350738525,
            0.8845800161361694,
            -0.2174690067768097,
            -0.0017112500499933958,
            0.23798300325870514,
            0.9712679982185364
        ],
        [
            -0.4972110092639923,
            -0.7257829904556274,
            -0.33481499552726746,
            0.012600000016391277,
            0.016287999227643013,
            0.024636000394821167,
            0.0,
            1.0,
            0.0,
            0.0,
            0.0,
            1.0
        ],
        [
            -0.35457900166511536,
            -0.41617101430892944,
            -0.2618499994277954,
            0.6993510127067566,
            0.03387200087308884,
            0.014407999813556671,
            0.4135720133781433,
            0.883076012134552,
            0.2216629981994629,
            0.05757259950041771,
            -0.2683370113372803,
            0.9616029858589172
        ],
        [
            0.006593570113182068,
            0.1574469953775406,
            -0.19325099885463715,
            0.6043260097503662,
            0.24932999908924103,
            0.7761489748954773,
            -0.04922590032219887,
            0.7795190215110779,
            -0.6244410276412964,
            0.006485090125352144,
            0.6254349946975708,
            0.7802489995956421
        ]
    ],
    "ops": [
        [
            0,
            0,
            2,
            1,
            0,
            0,
            1,
            0,
            0,
            1,
            1,
            2,
            1,
            0,
            1
        ]
    ],
    "syms": [
        [
            0.0,
            0.9999909996986389,
            -0.0009394150110892951,
            -0.00409882003441453,
            0.0010385599453002214,
            0.11278100311756134,
            0.06641069799661636,
            0.0
        ],
        [
            0.0,
            1.0,
            -0.0,
            -0.0,
            -0.0155239999294281,
            -0.7257829904556274,
            0.45390599966049194,
            0.0
        ]
    ],
    "labels:": [
        [
            1,
            3,
            2,
            2,
            2,
            2,
            0
        ]
    ],
    "obj": 2282,
    "mat_index": 142,
    "obbs": "N 12\n0.00659357 0.157447 -0.193251 0.998767 0.0343589 -0.0358428 0.00648509 0.625435 0.780249 0.0492259 -0.779519 0.624441 0.776149 0.24933 0.604326\n0.490795 -0.725783 0.453906 1 0 0 0 1 0 0 0 1 0.024636 0.0126 0.016289\n-0.521843 -0.725783 0.453906 1 0 0 0 1 0 0 0 1 0.024636 0.0126 0.016289\n-0.497211 -0.725783 -0.334815 1 0 0 0 1 0 0 0 1 0.024636 0.0126 0.016288\n0.515427 -0.725783 -0.334815 1 0 0 0 1 0 0 0 1 0.024637 0.0126 0.016288\n0.0263315 -0.081783 0.0533265 1 0 0 0 1 0 0 0 1 0.689315 0.09786 0.528609\n0.345274 -0.411543 0.374901 -0.412583 0.88458 -0.217469 0.910918 0.401101 -0.0966739 0.00171125 -0.237983 -0.971268 0.713537 0.0130602 0.041037\n0.363924 -0.423274 -0.259722 -0.108333 0.16336 -0.980601 0.888711 0.457945 -0.0218915 0.445485 -0.873842 -0.194791 0.0296285 0.0142103 0.695053\n-0.354579 -0.416171 -0.26185 -0.413572 -0.883076 -0.221663 0.908649 -0.38493 -0.161818 0.0575726 -0.268337 0.961603 0.699351 0.014408 0.033872\n-0.366546 -0.416371 0.382993 -0.112573 -0.196106 -0.974099 0.890311 -0.455214 -0.0112459 -0.441218 -0.868517 0.22584 0.0331716 0.0137725 0.708471\n0.353034 0.11245 0.064968 -0.390394 -0.880653 0.268408 0.850121 -0.456737 -0.262079 0.353393 0.125865 0.926969 0.545506 0.10547 0.440996\n-0.350957 0.113111 0.0678535 0.400533 -0.173886 -0.899632 0.838399 0.465671 0.283264 0.369677 -0.867706 0.332302 0.412054 0.0932807 0.571507\nC 21\n0 7\n0 6\n0 11\n0 5\n0 10\n0 9\n0 8\n1 6\n2 9\n3 8\n4 7\n5 9\n5 10\n5 11\n5 6\n5 7\n5 8\n6 10\n7 10\n8 11\n9 11\nS 5\n2\n1 0.490795 -0.725783 0.453906\n2 -0.521843 -0.725783 0.453906\n2\n-0.015524 -0.725783 0.453906\n-1 0 0\n2\n3 -0.497211 -0.725783 -0.334815\n4 0.515427 -0.725783 -0.334815\n2\n0.00910775 -0.725783 -0.334815\n1 0 0\n2\n6 0.345274 -0.411543 0.374901\n9 -0.366546 -0.416371 0.382993\n2\n-0.0106359 -0.413957 0.378947\n-0.999912 -0.0067824 0.0113663\n2\n7 0.363924 -0.423274 -0.259722\n8 -0.354579 -0.416171 -0.26185\n2\n0.00467248 -0.419723 -0.260786\n-0.999947 0.00988445 -0.00296215\n2\n10 0.353034 0.11245 0.064968\n11 -0.350957 0.113111 0.0678535\n2\n0.00103856 0.112781 0.0664107\n-0.999991 0.000939415 0.00409882\nL 12\n0\n2\n2\n2\n2\n1\n2\n2\n2\n2\n3\n3"
}