{
    "boxes": [
        [
            0.001124480040743947,
            -0.05444290116429329,
            0.13199500739574432,
            0.17750300467014313,
            0.8217740058898926,
            0.7187079787254333,
            -0.00019109199638478458,
            0.9857180118560791,
            0.16840499639511108,
            1.620620059838984e-05,
            -0.16840499639511108,
            0.9857180118560791
        ],
        [
            -0.32106998562812805,
            -0.04478380084037781,
            0.10182899981737137,
            0.0441569983959198,
            0.04021339863538742,
            0.19526399672031403,
            0.5322880148887634,
            0.8433420062065125,
            -0.07377900183200836,
            0.021304599940776825,
            0.07377900183200836,
            0.9970470070838928
        ],
        [
            -0.39399999380111694,
            0.14988499879837036,
            0.1016559973359108,
            0.2879379987716675,
            0.03519200161099434,
            0.011943000368773937,
            0.0,
            1.0,
            0.0,
            0.0,
            0.0,
            1.0
        ],
        [
            -0.3948749899864197,
            0.3006249964237213,
            0.11946500092744827,
            0.07219540327787399,
            0.4478690028190613,
            0.11365199834108353,
            -0.025250200182199478,
            0.9963949918746948,
            0.08099540323019028,
            0.0010244200238958001,
            -0.08099540323019028,
            0.9967139959335327
        ],
        [
            0.3225669860839844,
            -0.05754369869828224,
            0.10181999951601028,
            0.020196599885821342,
            0.03629399836063385,
            0.1650719940662384,
            -0.46208301186561584,
            0.8864169716835022,
            0.027262000367045403,
            0.0066778999753296375,
            -0.027262000367045403,
            0.9996060132980347
        ],
        [
            0.3956589996814728,
            0.1284710019826889,
            0.1016559973359108,
            0.3311229944229126,
            0.03519200161099434,
            0.030269000679254532,
            0.0,
            1.0,
            0.0,
            0.0,
            0.0,
            1.0
        ],
        [
            0.019721999764442444,
            -0.3476699888706207,
            0.1193080022931099,
            0.4782029986381531,
            0.17312100529670715,
            0.15845200419425964,
            0.0,
            1.0,
            0.0,
            0.0,
            0.0,
            1.0
        ],
        [
            -0.06279200315475464,
            -0.6316490173339844,
            -0.15445800125598907,
            0.09090700000524521,
            0.4780789911746979,
            0.07285819947719574,
            -0.4387960135936737,
            0.8853269815444946,
            -0.1537960022687912,
            0.29513201117515564,
            0.30364999175071716,
            0.9059209823608398
        ],
        [
            -0.12500999867916107,
            -0.7686150074005127,
            -0.33868399262428284,
            0.07687100023031235,
            0.07687210291624069,
            0.05422170087695122,
            0.11074099689722061,
            0.9335770010948181,
            0.3408379852771759,
            0.28848299384117126,
            -0.35837700963020325,
            0.8878870010375977
        ],
        [
            0.012551000341773033,
            0.45593100786209106,
            -0.2958579957485199,
            0.6691100001335144,
            0.12759999930858612,
            0.6390759944915771,
            4.3663000326432666e-08,
            0.957381010055542,
            -0.28882598876953125,
            5.877920017383076e-08,
            0.28882598876953125,
            0.957381010055542
        ],
        [
            0.013506700284779072,
            0.1349799931049347,
            -0.2437400072813034,
            0.6504979729652405,
            0.16243800520896912,
            0.08113230019807816,
            0.0006663679960183799,
            0.8728560209274292,
            -0.487976998090744,
            -0.01551899965852499,
            0.48792698979377747,
            0.8727459907531738
        ]
    ],
    "ops": [
        [
            0,
            0,
            0,
            1,
            0,
            2,
            0,
            0,
            1,
            1,
            1,
            1,
            0,
            0,
            0,
            1,
            2,
            1,
            1,
            0,
            0,
            1,
            1
        ]
    ],
    "syms": [
        [
            0.0,
            1.0,
            -0.0007318090065382421,
            -0.00016540799697395414,
            0.0038335099816322327,
            0.3003329932689667,
            0.11939900368452072,
            0.0
        ],
        [
            -1.0,
            -0.004583409987390041,
            0.9999740123748779,
            -0.005514959804713726,
            0.022603999823331833,
            -0.6296769976615906,
            0.11293300241231918,
            0.20000000298023224
        ]
    ],
    "labels:": [
        [
            1,
            3,
            3,
            3,
            3,
            3,
            2,
            2,
            2,
            0,
            0
        ]
    ],
    "obj": 36260,
    "mat_index": 1436,
    "obbs": "N 20\n0.012551 0.455931 -0.295858 1 -5.87792e-08 -4.3663e-08 5.87792e-08 0.288826 0.957381 -4.3663e-08 -0.957381 0.288826 0.639076 0.1276 0.66911\n0.019722 -0.34767 0.119308 1 0 0 0 1 0 0 0 1 0.158452 0.478203 0.173121\n0.322567 -0.0575437 0.10182 0.886811 0.462083 0.0066779 -0.462083 0.886417 0.027262 0.0066779 -0.027262 0.999606 0.165072 0.0201966 0.036294\n-0.32107 -0.0447838 0.101829 0.846295 -0.532288 0.0213046 0.532288 0.843342 -0.073779 0.0213046 0.073779 0.997047 0.195264 0.044157 0.0402134\n0.00112448 -0.0544429 0.131995 -1.62062e-05 0.168405 -0.985718 -0.000191092 0.985718 0.168405 1 0.000191092 1.62062e-05 0.821774 0.177503 0.718708\n0.395659 0.128471 0.101656 1 0 0 0 1 0 0 0 1 0.030269 0.331123 0.035192\n-0.394 0.149885 0.101656 1 0 0 0 1 0 0 0 1 0.011943 0.287938 0.035192\n0.402542 0.300041 0.119333 -0.00134239 0.0751865 -0.997169 -0.0356462 0.996532 0.0751865 0.999364 0.0356462 0.00134239 0.447828 0.0738359 0.113847\n-0.394875 0.300625 0.119465 -0.00102442 0.0809954 -0.996714 -0.0252502 0.996395 0.0809954 0.999681 0.0252502 0.00102442 0.447869 0.0721954 0.113652\n-0.062792 -0.631649 -0.154458 0.438796 -0.885327 0.153796 0.848737 0.352125 -0.394529 0.295132 0.30365 0.905921 0.090907 0.0728582 0.478079\n0.253279 -0.631029 -0.0521707 0.783356 -0.305637 -0.541238 0.614552 0.250331 0.748105 -0.0931598 -0.918652 0.383928 0.474455 0.076163 0.0865152\n0.247751 -0.625194 0.28057 -0.7579 0.33623 -0.55905 -0.559464 0.105774 0.822078 0.33554 0.935821 0.107942 0.484929 0.0697152 0.082314\n-0.0664941 -0.631249 0.379716 0.0985214 -0.949503 -0.297888 0.949503 8.61643e-05 0.313757 -0.297888 -0.313757 0.901565 0.0803743 0.0586816 0.477048\n-0.258724 -0.629266 0.111006 0.947728 0.319039 0.00509085 -0.010595 0.0155192 0.999823 0.318904 -0.947615 0.0180882 0.478676 0.064615 0.0787275\n-0.450865 -0.768615 0.112186 0.93358 0.358368 -1.59147e-16 0 4.44089e-16 1 0.358368 -0.93358 4.14593e-16 0.076871 0.05422 0.076871\n-0.12501 -0.768615 -0.338684 -0.288483 0.358377 -0.887887 0.951059 3.33067e-16 -0.309008 -0.110741 -0.933577 -0.340838 0.0768721 0.0542217 0.076871\n0.409751 -0.768615 -0.166836 0.755295 0.358412 -0.548699 0.587747 5.55112e-16 0.809045 0.289971 -0.933564 -0.210656 0.0768724 0.0542236 0.0768706\n0.409323 -0.768615 0.393317 -0.28993 0.933578 -0.21065 -0.587791 0 0.809013 0.755276 0.358375 0.548749 0.0768711 0.0542211 0.0768718\n-0.123998 -0.768615 0.56449 0.288484 -0.358376 -0.887887 0.951059 -4.44089e-16 0.309009 -0.110741 -0.933578 0.340836 0.0768721 0.0542211 0.0768709\n0.0135067 0.13498 -0.24374 0.000666368 0.872856 -0.487977 0.999879 0.00699133 0.013871 0.015519 -0.487927 -0.872746 0.650498 0.0811323 0.162438\nC 44\n0 7\n0 4\n0 5\n0 8\n0 19\n0 6\n1 3\n1 11\n1 2\n1 10\n1 13\n1 4\n1 19\n1 9\n1 12\n2 5\n2 19\n2 4\n3 6\n3 19\n3 8\n3 4\n4 7\n4 8\n4 19\n4 5\n4 6\n5 7\n6 8\n9 15\n9 11\n9 10\n9 13\n9 12\n10 11\n10 12\n10 13\n10 16\n11 13\n11 12\n11 17\n12 13\n12 18\n13 14\nS 3\n2\n7 0.402542 0.300041 0.119333\n8 -0.394875 0.300625 0.119465\n2\n0.00383351 0.300333 0.119399\n-1 0.000731809 0.000165408\n5\n12 -0.0664941 -0.631249 0.379716\n13 -0.258724 -0.629266 0.111006\n9 -0.062792 -0.631649 -0.154458\n10 0.253279 -0.631029 -0.0521707\n11 0.247751 -0.625194 0.28057\n3\n0.022604 -0.629677 0.112933\n0.00458341 -0.999974 0.00551496\n5\n16 0.409751 -0.768615 -0.166836\n15 -0.12501 -0.768615 -0.338684\n14 -0.450865 -0.768615 0.112186\n18 -0.123998 -0.768615 0.56449\n17 0.409323 -0.768615 0.393317\n3\n0.0238403 -0.768615 0.112894\n1.31943e-08 -1 7.76975e-08\nL 20\n0\n2\n3\n3\n1\n3\n3\n3\n3\n2\n2\n2\n2\n2\n2\n2\n2\n2\n2\n0"
}