{
    "boxes": [
        [
            0.003665619995445013,
            -0.04595499858260155,
            0.11017300188541412,
            0.23482699692249298,
            0.7396180033683777,
            0.9266210198402405,
            0.0097496397793293,
            0.9723140001296997,
            -0.233474999666214,
            0.0011541299754753709,
            0.233474999666214,
            0.9723619818687439
        ],
        [
            -0.34477299451828003,
            -0.8015990257263184,
            -0.254628986120224,
            0.011390799656510353,
            0.02260730043053627,
            0.022042199969291687,
            0.07575339823961258,
            0.996753990650177,
            -0.027271199971437454,
            -0.6267079710960388,
            0.06886690109968185,
            0.7762050032615662
        ],
        [
            0.3559339940547943,
            -0.8014960289001465,
            -0.25463101267814636,
            0.011638499796390533,
            0.02207840047776699,
            0.021879300475120544,
            -0.05009059980511665,
            0.9983659982681274,
            -0.027489300817251205,
            -0.0006890409858897328,
            0.027489300817251205,
            0.9996219873428345
        ],
        [
            -0.2680729925632477,
            -0.4338870048522949,
            -0.18227800726890564,
            0.7563980221748352,
            0.21075600385665894,
            0.09252069890499115,
            0.28555798530578613,
            0.8744999766349792,
            0.3920539915561676,
            0.33525100350379944,
            -0.47439301013946533,
            0.8139770030975342
        ],
        [
            -0.3834959864616394,
            -0.8015789985656738,
            0.4877910017967224,
            0.011391200125217438,
            0.022607700899243355,
            0.022043900564312935,
            -0.018589099869132042,
            0.9994029998779297,
            -0.029114600270986557,
            -0.0002706869854591787,
            0.029114600270986557,
            0.9995759725570679
        ],
        [
            -0.32166099548339844,
            -0.42396798729896545,
            0.3874349892139435,
            0.7898929715156555,
            0.22986499965190887,
            0.08613640069961548,
            0.253711998462677,
            0.8851079940795898,
            -0.3901459872722626,
            -0.5192670226097107,
            0.46492698788642883,
            0.7170810103416443
        ],
        [
            -0.0019361099693924189,
            0.19965200126171112,
            -0.2394700050354004,
            0.8573219776153564,
            0.2866489887237549,
            0.9761180281639099,
            0.0024269400164484978,
            0.8802390098571777,
            -0.47452399134635925,
            0.004065440036356449,
            0.4745129942893982,
            0.8802390098571777
        ]
    ],
    "ops": [
        [
            0,
            0,
            0,
            0,
            2,
            1,
            1,
            0,
            0,
            1,
            2,
            1,
            1,
            0,
            1
        ]
    ],
    "syms": [
        [
            0.0,
            0.9999309778213501,
            -0.005408009979873896,
            0.01043269969522953,
            0.008019699715077877,
            -0.4353809952735901,
            -0.17939800024032593,
            0.0
        ],
        [
            0.0,
            1.0,
            1.1928499965563333e-08,
            1.0801300132090574e-10,
            0.005834740120917559,
            -0.8015789985656738,
            0.4877910017967224,
            0.0
        ]
    ],
    "labels:": [
        [
            1,
            2,
            2,
            2,
            2,
            2,
            0
        ]
    ],
    "obj": 2284,
    "mat_index": 144,
    "obbs": "N 10\n-0.00193611 0.199652 -0.23947 0.999989 -0.00406544 -0.00242694 0.00406544 0.474513 0.880239 -0.00242694 -0.880239 0.474524 0.976118 0.286649 0.857322\n0.355934 -0.801496 -0.254631 0.998744 0.0500906 -0.000689041 -0.0500906 0.998366 -0.0274893 -0.000689041 0.0274893 0.999622 0.0218793 0.0116385 0.0220784\n-0.344773 -0.801599 -0.254629 -0.775564 0.0417091 -0.62989 0.0757534 0.996754 -0.0272712 0.626708 -0.0688669 -0.776205 0.0220422 0.0113908 0.0226073\n0.395165 -0.801579 0.487791 0.999827 -0.0185911 0.000270717 0.0185911 0.999403 -0.0291146 0.000270717 0.0291146 0.999576 0.0220429 0.0113912 0.0226077\n-0.383496 -0.801579 0.487791 0.999827 0.0185891 -0.000270687 -0.0185891 0.999403 -0.0291146 -0.000270687 0.0291146 0.999576 0.0220439 0.0113912 0.0226077\n0.00366562 -0.045955 0.110173 0.999952 -0.00974964 0.00115413 0.00974964 0.972314 -0.233475 0.00115413 0.233475 0.972362 0.926621 0.234827 0.739618\n-0.268073 -0.433887 -0.182278 -0.335251 0.474393 -0.813977 0.89781 -0.101001 -0.428644 -0.285558 -0.8745 -0.392054 0.210756 0.0925207 0.756398\n0.335762 -0.421772 0.388479 0.26203 -0.880516 0.395008 0.82615 -0.0068996 -0.563408 0.498816 0.473966 0.72563 0.790751 0.0907979 0.229714\n-0.321661 -0.423968 0.387435 0.253712 0.885108 -0.390146 0.816084 0.0206576 0.577565 0.519267 -0.464927 -0.717081 0.789893 0.0861364 0.229865\n0.284112 -0.436874 -0.176517 0.420621 0.458342 -0.782943 0.860718 0.07119 0.50408 0.286779 -0.88592 -0.364559 0.209065 0.0933366 0.756072\nC 16\n0 7\n0 6\n0 5\n0 9\n0 8\n1 9\n2 6\n3 7\n4 8\n5 9\n5 6\n5 7\n5 8\n6 9\n6 8\n7 9\nS 3\n2\n3 0.395165 -0.801579 0.487791\n4 -0.383496 -0.801579 0.487791\n2\n0.00583474 -0.801579 0.487791\n-1 -1.19285e-08 -1.08013e-10\n2\n6 -0.268073 -0.433887 -0.182278\n9 0.284112 -0.436874 -0.176517\n2\n0.0080197 -0.435381 -0.179398\n0.999931 -0.00540801 0.0104327\n2\n7 0.335762 -0.421772 0.388479\n8 -0.321661 -0.423968 0.387435\n2\n0.00705057 -0.42287 0.387957\n-0.999993 -0.00334056 -0.00158736\nL 10\n0\n2\n2\n2\n2\n1\n2\n2\n2\n2"
}