{
    "boxes": [
        [
            -0.010355000384151936,
            -0.03645149990916252,
            0.14725500345230103,
            0.10138799995183945,
            0.8639330267906189,
            0.8590819835662842,
            0.004887150134891272,
            0.9983029961585999,
            0.05802689865231514,
            -0.000141914002597332,
            -0.05802689865231514,
            0.9983149766921997
        ],
        [
            8.099999831756577e-05,
            -0.760657012462616,
            -0.26732298731803894,
            0.025803999975323677,
            0.11489400267601013,
            0.7941160202026367,
            0.0,
            1.0,
            0.0,
            0.0,
            0.0,
            1.0
        ],
        [
            -0.4171839952468872,
            -0.4053570032119751,
            0.5533350110054016,
            0.6899200081825256,
            0.09054289758205414,
            0.02646780014038086,
            0.0010040299966931343,
            0.9999430179595947,
            0.010628599673509598,
            -0.010628599673509598,
            -0.010617299936711788,
            0.9998869895935059
        ],
        [
            -0.40223199129104614,
            -0.7493460178375244,
            0.13478900492191315,
            0.046922698616981506,
            0.7705209851264954,
            0.05823329836130142,
            -0.11327999830245972,
            0.9935500025749207,
            -0.005010600201785564,
            -0.0002847180003300309,
            0.005010600201785564,
            0.999987006187439
        ],
        [
            -0.008825499564409256,
            0.35182899236679077,
            -0.3121730089187622,
            0.32058000564575195,
            0.045888498425483704,
            0.8562800288200378,
            -0.002748349914327264,
            0.9999960064888,
            -7.553489922429435e-06,
            -0.002748359926044941,
            3.3306698679688577e-16,
            0.9999960064888
        ],
        [
            -0.4147540032863617,
            0.2695179879665375,
            -0.3082689940929413,
            0.5479620099067688,
            0.06287399679422379,
            0.02566329948604107,
            0.0020205900073051453,
            0.9972169995307922,
            -0.07452449947595596,
            -0.030027400702238083,
            0.07455150038003922,
            0.9967650175094604
        ]
    ],
    "ops": [
        [
            0,
            0,
            0,
            0,
            1,
            2,
            1,
            1,
            0,
            0,
            2,
            1,
            1
        ]
    ],
    "syms": [
        [
            0.0,
            0.9995520114898682,
            -0.020586900413036346,
            0.0217180997133255,
            -0.009808369912207127,
            -0.41374701261520386,
            0.5621860027313232,
            0.0
        ],
        [
            0.0,
            0.9999529719352722,
            0.007442090194672346,
            0.006205209996551275,
            -0.0075261699967086315,
            0.27254900336265564,
            -0.3057419955730438,
            0.0
        ]
    ],
    "labels:": [
        [
            1,
            2,
            2,
            2,
            0,
            0
        ]
    ],
    "obj": 36276,
    "mat_index": 1446,
    "obbs": "N 9\n-0.0088255 0.351829 -0.312173 -0.00274835 0.999996 -7.55349e-06 -0.00274836 3.33067e-16 0.999996 0.999992 0.00274836 0.00274835 0.32058 0.0458885 0.85628\n-0.010355 -0.0364515 0.147255 0.000141914 0.0580269 -0.998315 0.00488715 0.998303 0.0580269 0.999988 -0.00488715 -0.000141914 0.863933 0.101388 0.859082\n0.399702 0.27558 -0.303214 0.0138741 -0.0384307 -0.999165 0.999903 -0.000906553 0.0139192 -0.00144072 -0.999261 0.0384144 0.0549819 0.0260956 0.535576\n-0.414754 0.269518 -0.308269 0.00202059 0.997217 -0.0745245 0.999547 0.000223724 0.0300944 0.0300274 -0.0745515 -0.996765 0.547962 0.0256633 0.062874\n0.397567 -0.422138 0.571038 -0.00214977 -0.998983 -0.0450294 0.999972 -0.00182282 -0.00730066 0.00721116 -0.0450438 0.998959 0.661542 0.026839 0.0734441\n-0.417184 -0.405357 0.553335 -0.00100403 -0.999943 -0.0106286 0.999943 -0.00111688 0.0106173 -0.0106286 -0.0106173 0.999887 0.68992 0.0264678 0.0905429\n0.390344 -0.752768 0.159292 1 0 0 0 1 0 0 0 1 0.043344 0.041251 0.763618\n-0.402232 -0.749346 0.134789 0.000284718 -0.0050106 -0.999987 -0.11328 0.99355 -0.0050106 0.993563 0.11328 -0.000284718 0.770521 0.0469227 0.0582333\n8.1e-05 -0.760657 -0.267323 1 0 0 0 1 0 0 0 1 0.794116 0.025804 0.114894\nC 11\n0 1\n0 3\n0 2\n1 2\n1 3\n1 4\n1 5\n4 6\n5 7\n6 8\n7 8\nS 3\n2\n2 0.399702 0.27558 -0.303214\n3 -0.414754 0.269518 -0.308269\n2\n-0.00752617 0.272549 -0.305742\n-0.999953 -0.00744209 -0.00620521\n2\n4 0.397567 -0.422138 0.571038\n5 -0.417184 -0.405357 0.553335\n2\n-0.00980837 -0.413747 0.562186\n-0.999552 0.0205869 -0.0217181\n2\n6 0.390344 -0.752768 0.159292\n7 -0.402232 -0.749346 0.134789\n2\n-0.00594422 -0.751057 0.147041\n-0.999513 0.00431652 -0.0309002\nL 9\n0\n1\n0\n0\n2\n2\n2\n2\n2"
}