{
    "boxes": [
        [
            -0.006218499969691038,
            -0.07015450298786163,
            0.1690959930419922,
            0.08650299906730652,
            0.7785289883613586,
            0.7785289883613586,
            0.0,
            1.0,
            0.0,
            0.0,
            0.0,
            1.0
        ],
        [
            -0.23104999959468842,
            -0.12946400046348572,
            -0.15769700706005096,
            0.038513001054525375,
            0.048624999821186066,
            0.2783690094947815,
            0.0,
            1.0,
            0.0,
            0.0,
            0.0,
            1.0
        ],
        [
            -0.3516789972782135,
            -0.05012749880552292,
            -0.15756000578403473,
            0.18587300181388855,
            0.04889899864792824,
            0.0371129997074604,
            0.0,
            1.0,
            0.0,
            0.0,
            0.0,
            1.0
        ],
        [
            -0.3522309958934784,
            0.08687549829483032,
            0.43886399269104004,
            0.22926899790763855,
            0.049876000732183456,
            0.03600800037384033,
            0.0,
            1.0,
            0.0,
            0.0,
            0.0,
            1.0
        ],
        [
            -0.35225000977516174,
            0.17719900608062744,
            0.12943099439144135,
            0.1328130066394806,
            0.6733530163764954,
            0.03633350133895874,
            -0.0016492699505761266,
            0.9657459855079651,
            -0.25948598980903625,
            0.00027277099434286356,
            0.25948700308799744,
            0.9657469987869263
        ],
        [
            -0.00621799984946847,
            -0.5075910091400146,
            -0.3198559880256653,
            0.7821959853172302,
            0.11612199991941452,
            0.17300599813461304,
            -0.0,
            0.9606519937515259,
            0.277754008769989,
            0.0,
            -0.277754008769989,
            0.9606519937515259
        ],
        [
            -0.002507210010662675,
            -0.13794900476932526,
            0.17528599500656128,
            0.05254169926047325,
            0.03747029975056648,
            0.48416000604629517,
            0.005409250035881996,
            0.9795309901237488,
            -0.20122000575065613,
            0.0005498509854078293,
            0.20122000575065613,
            0.9795460104942322
        ],
        [
            -0.2740119993686676,
            -0.8693270087242126,
            0.37104499340057373,
            0.03150470182299614,
            0.03664330020546913,
            0.1915609985589981,
            0.006739359814673662,
            0.9744560122489929,
            -0.22447900474071503,
            0.0007662079879082739,
            0.22447900474071503,
            0.9744790196418762
        ],
        [
            -0.30442601442337036,
            -0.5001929998397827,
            0.27100101113319397,
            0.768746018409729,
            0.04070249944925308,
            0.06122199818491936,
            0.1412860006093979,
            0.9568219780921936,
            -0.2540290057659149,
            -0.1566140055656433,
            0.2749750018119812,
            0.9486100077629089
        ],
        [
            -0.00621799984946847,
            -0.0030360000673681498,
            -0.25518301129341125,
            0.505325973033905,
            0.04459000006318092,
            0.1748500019311905,
            0.0,
            1.0,
            0.0,
            0.0,
            0.0,
            1.0
        ],
        [
            -0.006218499969691038,
            0.49399399757385254,
            -0.20735299587249756,
            0.5190190076828003,
            0.05190199986100197,
            0.7785289883613586,
            0.0,
            1.0,
            0.0,
            0.0,
            0.0,
            1.0
        ],
        [
            -0.00604403018951416,
            0.41020500659942627,
            -0.23164500296115875,
            0.3462260067462921,
            0.06679940223693848,
            0.48466700315475464,
            -0.0015994099667295814,
            0.9950330257415771,
            0.09953030198812485,
            -0.0014473999617621303,
            -0.0995325967669487,
            0.9950330257415771
        ]
    ],
    "ops": [
        [
            0,
            0,
            0,
            1,
            0,
            0,
            1,
            1,
            2,
            1,
            0,
            0,
            0,
            0,
            1,
            2,
            1,
            1,
            1,
            0,
            0,
            0,
            1,
            1,
            1
        ]
    ],
    "syms": [
        [
            0.0,
            1.0,
            0.00017239099543076009,
            0.00016571799642406404,
            -0.006270249839872122,
            -0.12942500412464142,
            -0.15765999257564545,
            0.0
        ],
        [
            0.0,
            1.0,
            -0.0007852750131860375,
            0.0005336860194802284,
            -0.00625267019495368,
            -0.8695369958877563,
            0.3711880147457123,
            0.0
        ]
    ],
    "labels:": [
        [
            1,
            3,
            3,
            3,
            3,
            2,
            2,
            2,
            2,
            0,
            0,
            0
        ]
    ],
    "obj": 2285,
    "mat_index": 145,
    "obbs": "N 18\n-0.0062185 0.493994 -0.207353 1 0 0 0 1 0 0 0 1 0.778529 0.519019 0.051902\n0.218509 -0.129386 -0.157623 1 0 0 0 1 0 0 0 1 0.27816 0.038668 0.04876\n-0.23105 -0.129464 -0.157697 1 0 0 0 1 0 0 0 1 0.278369 0.038513 0.048625\n-0.0062185 -0.0701545 0.169096 1 0 0 0 1 0 0 0 1 0.778529 0.086503 0.778529\n0.339795 0.0839085 0.439546 1 0 0 0 1 0 0 0 1 0.036008 0.223335 0.048773\n0.33909 -0.048022 -0.156778 1 0 0 0 1 0 0 0 1 0.037507 0.196384 0.050239\n-0.351679 -0.0501275 -0.15756 1 0 0 0 1 0 0 0 1 0.037113 0.185873 0.048899\n-0.352231 0.0868755 0.438864 1 0 0 0 1 0 0 0 1 0.036008 0.229269 0.049876\n0.34005 0.170299 0.135688 0.00954112 0.978317 -0.206892 0.999954 -0.00953383 0.00103228 -0.000962578 -0.206892 -0.978363 0.139884 0.0372913 0.666895\n-0.35225 0.177199 0.129431 -0.00164927 0.965746 -0.259486 0.999999 0.00152199 -0.00069139 -0.000272771 -0.259487 -0.965747 0.132813 0.0363335 0.673353\n0.261506 -0.869748 0.371331 0.999951 0.00983677 -0.00109614 -0.00983677 0.975422 -0.220127 -0.00109614 0.220127 0.975471 0.191472 0.0313626 0.0365295\n-0.274012 -0.869327 0.371045 -0.000766208 -0.224479 -0.974479 0.00673936 0.974456 -0.224479 0.999977 -0.00673936 0.000766208 0.0366433 0.0315047 0.191561\n-0.00250721 -0.137949 0.175286 -0.000549851 -0.20122 -0.979546 0.00540925 0.979531 -0.20122 0.999985 -0.00540925 0.000549851 0.0374703 0.0525417 0.48416\n-0.00604403 0.410205 -0.231645 -0.00159941 0.995033 0.0995303 -0.0014474 -0.0995326 0.995033 0.999998 0.0014474 0.00159941 0.346226 0.0667994 0.484667\n0.287204 -0.502434 0.271559 -0.189295 -0.265381 -0.945378 0.974176 0.0699283 -0.214691 0.123084 -0.961604 0.245291 0.0487742 0.0611914 0.758881\n-0.304426 -0.500193 0.271001 -0.977502 0.094241 -0.188702 -0.156614 0.274975 0.94861 0.141286 0.956822 -0.254029 0.061222 0.0407025 0.768746\n-0.006218 -0.507591 -0.319856 1 0 0 0 -0.277754 0.960652 0 -0.960652 -0.277754 0.173006 0.116122 0.782196\n-0.006218 -0.003036 -0.255183 1 0 0 0 1 0 0 0 1 0.17485 0.505326 0.04459\nC 52\n0 17\n0 5\n0 8\n0 13\n0 6\n0 9\n1 3\n1 17\n1 2\n1 16\n1 5\n1 8\n2 9\n2 16\n2 6\n2 3\n2 17\n3 15\n3 7\n3 17\n3 14\n3 6\n3 16\n3 9\n3 5\n3 12\n3 8\n3 4\n4 8\n5 13\n5 8\n5 17\n5 16\n6 9\n6 17\n6 13\n6 16\n7 9\n8 13\n8 14\n8 17\n8 12\n9 15\n9 17\n9 13\n9 12\n10 14\n11 15\n12 14\n12 15\n13 17\n16 17\nS 6\n2\n1 0.218509 -0.129386 -0.157623\n2 -0.23105 -0.129464 -0.157697\n2\n-0.00627025 -0.129425 -0.15766\n-1 -0.000172391 -0.000165718\n2\n4 0.339795 0.0839085 0.439546\n7 -0.352231 0.0868755 0.438864\n2\n-0.006218 0.085392 0.439205\n-0.99999 0.00428737 -0.00098478\n2\n5 0.33909 -0.048022 -0.156778\n6 -0.351679 -0.0501275 -0.15756\n2\n-0.006294 -0.0490748 -0.157169\n-0.999995 -0.00304804 -0.00113351\n2\n8 0.34005 0.170299 0.135688\n9 -0.35225 0.177199 0.129431\n2\n-0.00609989 0.173749 0.132559\n-0.999909 0.00996608 -0.00903752\n2\n10 0.261506 -0.869748 0.371331\n11 -0.274012 -0.869327 0.371045\n2\n-0.00625267 -0.869537 0.371188\n-1 0.000785275 -0.000533686\n2\n14 0.287204 -0.502434 0.271559\n15 -0.304426 -0.500193 0.271001\n2\n-0.0086114 -0.501313 0.27128\n-0.999992 0.00378753 -0.000943797\nL 18\n0\n3\n3\n1\n3\n3\n3\n3\n3\n3\n2\n2\n2\n0\n2\n2\n2\n0"
}