{
    "boxes": [
        [
            -0.030650999397039413,
            -0.2685779929161072,
            0.15483500063419342,
            0.3939709961414337,
            0.7121949791908264,
            0.7085220217704773,
            0.0,
            1.0,
            0.0,
            0.0,
            0.0,
            1.0
        ],
        [
            -0.430867999792099,
            0.17276699841022491,
            0.2201090008020401,
            0.034475501626729965,
            0.43001601099967957,
            0.09034939855337143,
            -0.10948900133371353,
            0.989342987537384,
            0.09598340094089508,
            -0.20149199664592743,
            -0.11665000021457672,
            0.9725189805030823
        ],
        [
            -0.35293200612068176,
            -0.209880992770195,
            0.16053299605846405,
            0.21398299932479858,
            0.5477439761161804,
            0.12881000339984894,
            -0.017452100291848183,
            0.9987559914588928,
            0.04670900106430054,
            -0.15229499340057373,
            -0.04882640019059181,
            0.9871280193328857
        ],
        [
            -0.4139710068702698,
            -0.02501939982175827,
            0.10618399828672409,
            0.5060709714889526,
            0.057719700038433075,
            0.02331010065972805,
            -0.09891989827156067,
            0.8178949952125549,
            0.5667999982833862,
            -0.1661369949579239,
            -0.575173020362854,
            0.8009840250015259
        ],
        [
            -0.03536299988627434,
            -0.5764909982681274,
            0.169732004404068,
            0.47810098528862,
            0.13637800514698029,
            0.06516259908676147,
            0.06886249780654907,
            0.9511550068855286,
            -0.3009360134601593,
            -0.2503100037574768,
            0.3084760010242462,
            0.9177079796791077
        ],
        [
            -0.011308199726045132,
            -0.8192330002784729,
            0.05908320099115372,
            0.08672259747982025,
            0.6326799988746643,
            0.3169189989566803,
            -0.003464509965851903,
            0.9999740123748779,
            -0.00635045999661088,
            -0.20792099833488464,
            0.005491380114108324,
            0.9781299829483032
        ],
        [
            0.04417400062084198,
            0.31611400842666626,
            -0.1475919932126999,
            1.2249699831008911,
            0.4394949972629547,
            0.7309470176696777,
            0.00032729399390518665,
            0.9960740208625793,
            -0.08852239698171616,
            -0.2815769910812378,
            0.0850324034690857,
            0.9557629823684692
        ]
    ],
    "ops": [
        [
            0,
            0,
            0,
            0,
            1,
            1,
            2,
            1,
            0,
            0,
            1,
            1,
            0,
            1
        ]
    ],
    "syms": [
        [
            0.0,
            0.9769390225410461,
            -0.00011689600069075823,
            0.21351900696754456,
            -0.06378299742937088,
            0.17272299528121948,
            0.300339013338089,
            0.0
        ]
    ],
    "labels:": [
        [
            1,
            3,
            3,
            3,
            2,
            2,
            0
        ]
    ],
    "obj": 36294,
    "mat_index": 1457,
    "obbs": "N 10\n0.044174 0.316114 -0.147592 -0.959538 -0.0246131 -0.2805 -0.281577 0.0850324 0.955763 0.000327294 0.996074 -0.0885224 0.730947 0.439495 1.22497\n0.269481 -0.210575 0.29578 0.271045 0.122298 -0.954766 0.960825 0.0252738 0.276002 0.0578851 -0.992172 -0.110657 0.550288 0.105297 0.241403\n-0.352932 -0.209881 0.160533 -0.0174521 0.998756 0.046709 0.988181 0.0101139 0.152957 0.152295 0.0488264 -0.987128 0.213983 0.12881 0.547744\n-0.030651 -0.268578 0.154835 1 0 0 0 1 0 0 0 1 0.708522 0.393971 0.712195\n-0.035363 -0.576491 0.169732 0.25031 -0.308476 -0.917708 0.965714 0.0121318 0.259326 -0.0688625 -0.951155 0.300936 0.136378 0.0651626 0.478101\n0.336196 -0.0230597 0.266439 0.173316 0.557669 -0.811767 0.974506 0.0221329 0.223267 0.142476 -0.829768 -0.539616 0.0594797 0.0232937 0.505582\n-0.413971 -0.0250194 0.106184 0.0989199 -0.817895 -0.5668 0.981129 -0.014933 0.192779 -0.166137 -0.575173 0.800984 0.506071 0.0233101 0.0577197\n0.303302 0.172679 0.380569 0.211313 0.118094 -0.970258 0.0572947 0.989471 0.132911 0.975738 -0.0836764 0.202322 0.430055 0.0346205 0.087765\n-0.430868 0.172767 0.220109 0.201492 0.11665 -0.972519 -0.109489 0.989343 0.0959834 0.973352 0.0871408 0.212116 0.430016 0.0344755 0.0903494\n-0.0113082 -0.819233 0.0590832 -0.978139 -0.00470913 -0.207897 -0.00346451 0.999974 -0.00635046 0.207921 -0.00549138 -0.97813 0.316919 0.0867226 0.63268\nC 21\n0 1\n0 7\n0 6\n0 5\n0 4\n0 3\n0 8\n0 2\n1 3\n1 5\n2 6\n2 4\n2 3\n3 8\n3 6\n3 7\n3 4\n3 5\n4 9\n5 7\n6 8\nS 3\n2\n1 0.269481 -0.210575 0.29578\n2 -0.352932 -0.209881 0.160533\n2\n-0.0417255 -0.210228 0.228157\n-0.977195 0.00108941 -0.212341\n2\n5 0.336196 -0.0230597 0.266439\n6 -0.413971 -0.0250194 0.106184\n2\n-0.0388873 -0.0240396 0.186312\n-0.977931 -0.0025547 -0.208911\n2\n7 0.303302 0.172679 0.380569\n8 -0.430868 0.172767 0.220109\n2\n-0.063783 0.172723 0.300339\n-0.976939 0.000116896 -0.213519\nL 10\n0\n3\n3\n1\n2\n3\n3\n3\n3\n2"
}