{
    "boxes": [
        [
            0.012073099613189697,
            0.0034542600624263287,
            0.15885500609874725,
            0.1008630022406578,
            0.7176700234413147,
            0.7185090184211731,
            -0.004568910226225853,
            0.996254026889801,
            -0.08635739982128143,
            -0.00019765000615734607,
            0.08635739982128143,
            0.9962639808654785
        ],
        [
            0.011974499560892582,
            -0.7433199882507324,
            0.05177000164985657,
            0.028999000787734985,
            0.05618400126695633,
            0.7249550223350525,
            0.0,
            1.0,
            0.0,
            0.0,
            0.0,
            1.0
        ],
        [
            -0.364982008934021,
            -0.7407649755477905,
            0.4221020042896271,
            0.07304000109434128,
            0.1674650013446808,
            0.041140999644994736,
            0.0,
            1.0,
            0.0,
            0.0,
            0.0,
            1.0
        ],
        [
            -0.364982008934021,
            -0.7316660284996033,
            0.05996549874544144,
            0.0782100036740303,
            0.8109369874000549,
            0.03156999871134758,
            0.0,
            1.0,
            0.0,
            0.0,
            0.0,
            1.0
        ],
        [
            -0.364982008934021,
            -0.7532699704170227,
            -0.2893050014972687,
            0.04802900180220604,
            0.08880700170993805,
            0.037154000252485275,
            0.0,
            1.0,
            0.0,
            0.0,
            0.0,
            1.0
        ],
        [
            -0.36507898569107056,
            -0.37303999066352844,
            -0.2439969927072525,
            0.7486960291862488,
            0.11376500129699707,
            0.03486260026693344,
            0.004917920101433992,
            0.9363849759101868,
            0.350939005613327,
            0.006609559990465641,
            -0.3509660065174103,
            0.936365008354187
        ],
        [
            0.011738100089132786,
            0.5102300047874451,
            -0.2527720034122467,
            0.37299999594688416,
            0.17313100397586823,
            0.7995409965515137,
            0.005148179829120636,
            0.9437429904937744,
            -0.3306390047073364,
            0.0072585102170705795,
            0.33059900999069214,
            0.9437429904937744
        ],
        [
            -0.36510398983955383,
            0.3035939931869507,
            -0.20408399403095245,
            0.7170640230178833,
            0.06682579964399338,
            0.03890810161828995,
            -0.009050269611179829,
            0.9722859859466553,
            -0.23361800611019135,
            -0.08418689668178558,
            0.23205700516700745,
            0.9690520167350769
        ]
    ],
    "ops": [
        [
            0,
            0,
            0,
            0,
            1,
            2,
            1,
            0,
            0,
            1,
            2,
            1,
            1,
            0,
            0,
            2,
            1,
            1
        ]
    ],
    "syms": [
        [
            0.0,
            1.0,
            0.0,
            0.0,
            0.01199399959295988,
            -0.7407649755477905,
            0.4221020042896271,
            0.0
        ],
        [
            0.0,
            1.0,
            -0.0,
            -0.0,
            0.01199449971318245,
            -0.7532699704170227,
            -0.2893050014972687,
            0.0
        ],
        [
            0.0,
            0.9997929930686951,
            -0.020329400897026062,
            -0.0002159870055038482,
            0.011839100159704685,
            0.29592999815940857,
            -0.2041659951210022,
            0.0
        ]
    ],
    "labels:": [
        [
            1,
            2,
            2,
            2,
            2,
            2,
            0,
            0
        ]
    ],
    "obj": 36337,
    "mat_index": 1479,
    "obbs": "N 13\n0.0117381 0.51023 -0.252772 0.99996 -0.00725851 -0.00514818 0.00725851 0.330599 0.943743 -0.00514818 -0.943743 0.330639 0.799541 0.173131 0.373\n0.0120731 0.00345426 0.158855 0.99999 0.00456891 -0.00019765 -0.00456891 0.996254 -0.0863574 -0.00019765 0.0863574 0.996264 0.718509 0.100863 0.71767\n0.388782 0.288265 -0.204247 0.0310975 -0.23103 -0.97245 0.999492 0.0140111 0.0286336 0.00700986 -0.972846 0.231348 0.0752868 0.0370155 0.746775\n-0.365104 0.303594 -0.204084 0.0841869 -0.232057 -0.969052 0.996409 0.0284377 0.0797536 0.00905027 -0.972286 0.233618 0.0668258 0.0389081 0.717064\n0.0119745 -0.74332 0.05177 1 0 0 0 1 0 0 0 1 0.724955 0.028999 0.056184\n0.388971 -0.75327 -0.289305 1 0 0 0 1 0 0 0 1 0.037154 0.048029 0.088807\n-0.364982 -0.75327 -0.289305 1 0 0 0 1 0 0 0 1 0.037154 0.048029 0.088807\n-0.364982 -0.740765 0.422102 1 0 0 0 1 0 0 0 1 0.041141 0.07304 0.167465\n0.38897 -0.740765 0.422102 1 0 0 0 1 0 0 0 1 0.041141 0.07304 0.167465\n-0.365079 -0.37304 -0.243997 -0.00491792 -0.936385 -0.350939 0.999966 -0.00228542 -0.00791512 0.00660956 -0.350966 0.936365 0.748696 0.0348626 0.113765\n0.388518 -0.387364 -0.249041 0.00155354 -0.93897 -0.343996 0.999854 0.00730253 -0.0154174 0.0169885 -0.343922 0.938844 0.718822 0.0332365 0.117558\n0.388971 -0.733873 0.0605425 1 0 0 0 1 0 0 0 1 0.03157 0.074214 0.809783\n-0.364982 -0.731666 0.0599655 1 0 0 0 1 0 0 0 1 0.03157 0.07821 0.810937\nC 18\n0 3\n0 2\n1 2\n1 3\n1 9\n1 10\n2 10\n3 9\n4 12\n4 11\n5 10\n5 11\n6 9\n6 12\n7 12\n8 11\n9 12\n10 11\nS 5\n2\n2 0.388782 0.288265 -0.204247\n3 -0.365104 0.303594 -0.204084\n2\n0.0118391 0.29593 -0.204166\n-0.999793 0.0203294 0.000215987\n2\n5 0.388971 -0.75327 -0.289305\n6 -0.364982 -0.75327 -0.289305\n2\n0.0119945 -0.75327 -0.289305\n-1 0 0\n2\n7 -0.364982 -0.740765 0.422102\n8 0.38897 -0.740765 0.422102\n2\n0.011994 -0.740765 0.422102\n1 0 0\n2\n9 -0.365079 -0.37304 -0.243997\n10 0.388518 -0.387364 -0.249041\n2\n0.0117198 -0.380202 -0.246519\n0.999797 -0.0190035 -0.00669189\n2\n11 0.388971 -0.733873 0.0605425\n12 -0.364982 -0.731666 0.0599655\n2\n0.0119945 -0.732769 0.060254\n-0.999995 0.00292722 -0.000765296\nL 13\n0\n1\n0\n0\n2\n2\n2\n2\n2\n2\n2\n2\n2"
}