{
    "boxes": [
        [
            0.013166500255465508,
            -0.05556249991059303,
            0.10933999717235565,
            0.049612998962402344,
            0.8439300060272217,
            0.8657789826393127,
            0.0,
            1.0,
            0.0,
            0.0,
            0.0,
            1.0
        ],
        [
            -0.35630300641059875,
            -0.7828620076179504,
            -0.26430800557136536,
            0.02302980050444603,
            0.045316800475120544,
            0.054451800882816315,
            0.009050359949469566,
            0.8950210213661194,
            -0.4459330141544342,
            -0.4047729969024658,
            0.41106098890304565,
            0.8168150186538696
        ],
        [
            0.38024699687957764,
            -0.7754049897193909,
            -0.25773799419403076,
            0.027084000408649445,
            0.04850490018725395,
            0.057588301599025726,
            0.001312720007263124,
            0.7983409762382507,
            -0.6022040247917175,
            0.0004395869909785688,
            0.6022040247917175,
            0.7983419895172119
        ],
        [
            -0.3538370132446289,
            -0.42489099502563477,
            0.09306640177965164,
            0.06300940364599228,
            0.9997339844703674,
            0.03462430089712143,
            0.006620320025831461,
            0.7113469839096069,
            -0.7028099894523621,
            -0.0019214199855923653,
            0.7028329968452454,
            0.7113519906997681
        ],
        [
            -0.35380199551582336,
            -0.7805389761924744,
            0.4792709946632385,
            0.025620900094509125,
            0.03417719900608063,
            0.057893600314855576,
            0.008275230415165424,
            0.870809018611908,
            0.49155300855636597,
            -0.0021743099205195904,
            -0.49155300855636597,
            0.8708450198173523
        ],
        [
            -0.35016000270843506,
            -0.4172869920730591,
            0.11311600357294083,
            0.06292439997196198,
            1.0143799781799316,
            0.03685909882187843,
            -0.062233198434114456,
            0.7129120230674744,
            0.6984859704971313,
            0.000733260007109493,
            -0.6998100280761719,
            0.7143290042877197
        ],
        [
            -0.34478700160980225,
            0.3145959973335266,
            -0.31749799847602844,
            0.7763350009918213,
            0.05638660117983818,
            0.09657060354948044,
            -0.002215689979493618,
            0.9823949933052063,
            -0.1868010014295578,
            -0.19103799760341644,
            0.18294499814510345,
            0.9643840193748474
        ],
        [
            0.013233999721705914,
            0.6419839859008789,
            -0.36513298749923706,
            0.11050699651241302,
            0.03354509919881821,
            0.8656960129737854,
            3.459450090304017e-05,
            0.9862239956855774,
            -0.16541600227355957,
            4.088020068593323e-05,
            0.16541600227355957,
            0.9862239956855774
        ]
    ],
    "ops": [
        [
            0,
            0,
            0,
            0,
            2,
            1,
            1,
            0,
            0,
            1,
            2,
            1,
            1,
            0,
            2,
            0,
            2,
            1,
            1
        ]
    ],
    "syms": [
        [
            0.0,
            0.9997760057449341,
            0.007345160003751516,
            0.01985280029475689,
            0.011528000235557556,
            -0.4222069978713989,
            0.10032200068235397,
            0.0
        ],
        [
            0.0,
            0.9999709725379944,
            0.0053268601186573505,
            -0.005377340130507946,
            0.013334999792277813,
            -0.7785829901695251,
            0.47729700803756714,
            0.0
        ],
        [
            0.0,
            0.9999709725379944,
            0.005888950079679489,
            -0.0048519098199903965,
            0.016928300261497498,
            0.3167259991168976,
            -0.31925299763679504,
            0.0
        ],
        [
            0.0,
            0.000130030995933339,
            0.9895449876785278,
            -0.1442209929227829,
            0.013224899768829346,
            0.5727270245552063,
            -0.35503900051116943,
            0.0
        ]
    ],
    "labels:": [
        [
            1,
            2,
            2,
            2,
            2,
            2,
            0,
            0
        ]
    ],
    "obj": 2288,
    "mat_index": 148,
    "obbs": "N 13\n0.380247 -0.775405 -0.257738 0.999999 -0.00131272 0.000439587 0.00131272 0.798341 -0.602204 0.000439587 0.602204 0.798342 0.0575883 0.027084 0.0485049\n0.380472 -0.776627 0.475322 0.999773 -0.020543 -0.00572554 0.020543 0.855628 0.517183 -0.00572554 -0.517183 0.855856 0.0579926 0.0290394 0.04523\n-0.353802 -0.780539 0.479271 0.999963 -0.00827523 -0.00217431 0.00827523 0.870809 0.491553 -0.00217431 -0.491553 0.870845 0.0578936 0.0256209 0.0341772\n-0.356303 -0.782862 -0.264308 -0.914372 -0.173109 -0.366001 0.00905036 0.895021 -0.445933 0.404773 -0.411061 -0.816815 0.0544518 0.0230298 0.0453168\n0.376893 -0.419523 0.107577 -0.00287265 -0.712073 -0.702099 0.999971 0.00292018 -0.00705306 0.00707256 -0.702099 0.712044 1.0173 0.0361195 0.0540904\n0.374681 -0.40841 0.112924 -0.116506 -0.688267 -0.716041 0.993183 -0.0834657 -0.081371 -0.00375989 -0.72064 0.6933 0.0670911 0.0421614 1.02549\n-0.35016 -0.417287 0.113116 0.0622332 -0.712912 -0.698486 0.998061 0.0449671 0.0430286 0.00073326 -0.69981 0.714329 0.0629244 0.0368591 1.01438\n-0.353837 -0.424891 0.0930664 0.00192142 -0.702833 -0.711352 0.999976 -0.00335898 0.00601978 -0.00662032 -0.711347 0.70281 0.999734 0.0346243 0.0630094\n0.0131665 -0.0555625 0.10934 1 0 0 0 1 0 0 0 1 0.865779 0.049613 0.84393\n0.378644 0.318857 -0.321008 0.937056 -0.0469989 -0.346001 0.348819 0.170974 0.921463 0.0158494 -0.984154 0.176606 0.0673904 0.0613079 0.76467\n-0.344787 0.314596 -0.317498 -0.00221569 0.982395 -0.186801 -0.191038 0.182945 0.964384 0.98158 0.0378228 0.187269 0.776335 0.0563866 0.0965706\n0.013234 0.641984 -0.365133 1 -4.08802e-05 -3.45945e-05 4.08802e-05 0.165416 0.986224 -3.45945e-05 -0.986224 0.165416 0.865696 0.0335451 0.110507\n0.0132158 0.503471 -0.344945 0.000432547 0.978532 -0.206096 0.000533139 0.206096 0.978532 1 -0.000533139 -0.000432547 0.131328 0.0472295 0.865834\nC 19\n0 4\n1 5\n2 6\n3 7\n4 8\n4 5\n5 9\n5 8\n6 7\n6 8\n6 10\n7 8\n8 10\n8 9\n9 12\n9 11\n10 11\n10 12\n11 12\nS 5\n2\n1 0.380472 -0.776627 0.475322\n2 -0.353802 -0.780539 0.479271\n2\n0.013335 -0.778583 0.477297\n-0.999971 -0.00532686 0.00537734\n2\n4 0.376893 -0.419523 0.107577\n7 -0.353837 -0.424891 0.0930664\n2\n0.011528 -0.422207 0.100322\n-0.999776 -0.00734516 -0.0198528\n2\n5 0.374681 -0.40841 0.112924\n6 -0.35016 -0.417287 0.113116\n2\n0.0122605 -0.412849 0.11302\n-0.999925 -0.0122454 0.000265306\n2\n9 0.378644 0.318857 -0.321008\n10 -0.344787 0.314596 -0.317498\n2\n0.0169283 0.316726 -0.319253\n-0.999971 -0.00588895 0.00485191\n2\n11 0.013234 0.641984 -0.365133\n12 0.0132158 0.503471 -0.344945\n2\n0.0132249 0.572727 -0.355039\n-0.000130031 -0.989545 0.144221\nL 13\n2\n2\n2\n2\n2\n2\n2\n2\n1\n0\n0\n0\n0"
}