{
    "boxes": [
        [
            -0.002243499970063567,
            -0.22482700645923615,
            0.021877000108361244,
            1.1147600412368774,
            1.1138900518417358,
            1.1644999980926514,
            0.0,
            1.0,
            0.0,
            0.0,
            0.0,
            1.0
        ],
        [
            -0.5156729817390442,
            0.36379700899124146,
            0.16477300226688385,
            0.5486080050468445,
            0.7838339805603027,
            0.07472400367259979,
            -0.14722700417041779,
            0.98505699634552,
            0.08936350047588348,
            0.030778000131249428,
            -0.08574169874191284,
            0.9958419799804688
        ],
        [
            0.5158560276031494,
            0.4054050147533417,
            0.18841800093650818,
            0.5284579992294312,
            0.7408990263938904,
            0.0676088035106659,
            0.1604509949684143,
            0.986814022064209,
            0.021321900188922882,
            -0.021321900188922882,
            -0.018131600692868233,
            0.9996079802513123
        ],
        [
            -0.5200070142745972,
            -0.6218180060386658,
            0.5430769920349121,
            0.28169599175453186,
            0.07617480307817459,
            0.05444889888167381,
            0.004845850169658661,
            0.9998109936714172,
            -0.018829800188541412,
            -0.18883199989795685,
            0.01940610073506832,
            0.9818180203437805
        ],
        [
            -0.5739529728889465,
            -0.7368469834327698,
            -0.20163500308990479,
            0.10591500252485275,
            0.0337848998606205,
            0.03378390148282051,
            -0.005846209824085236,
            0.9999690055847168,
            0.005183400120586157,
            0.6633039712905884,
            -1.1841400464618346e-06,
            0.7483500242233276
        ],
        [
            0.5691570043563843,
            -0.7368109822273254,
            -0.20190800726413727,
            0.10571999847888947,
            0.03382899984717369,
            0.03382899984717369,
            0.0,
            1.0,
            0.0,
            0.0,
            0.0,
            1.0
        ],
        [
            -0.002245499985292554,
            0.4593240022659302,
            -0.3345080018043518,
            0.6783660054206848,
            0.42681199312210083,
            1.1605600118637085,
            0.0,
            1.0,
            0.0,
            0.0,
            0.0,
            1.0
        ]
    ],
    "ops": [
        [
            0,
            0,
            0,
            1,
            1,
            0,
            2,
            0,
            0,
            1,
            1,
            1,
            0,
            1
        ]
    ],
    "syms": [
        [
            0.0,
            0.9999330043792725,
            -0.01062610000371933,
            0.004555259831249714,
            -0.0004493730084504932,
            -0.6273390054702759,
            0.5454440116882324,
            0.0
        ]
    ],
    "labels:": [
        [
            1,
            3,
            3,
            2,
            2,
            2,
            0
        ]
    ],
    "obj": 36403,
    "mat_index": 1508,
    "obbs": "N 8\n-0.0022455 0.459324 -0.334508 1 0 0 0 1 0 0 0 1 1.16056 0.678366 0.426812\n-0.515673 0.363797 0.164773 -0.030778 0.0857417 -0.995842 0.988624 0.149366 -0.0176945 0.147227 -0.985057 -0.0893635 0.783834 0.074724 0.548608\n-0.0022435 -0.224827 0.021877 1 0 0 0 1 0 0 0 1 1.1645 1.11476 1.11389\n-0.573953 -0.736847 -0.201635 -0.00584621 0.999969 0.0051834 0.663304 -1.18414e-06 0.74835 0.748327 0.00781318 -0.663284 0.105915 0.0337849 0.0337839\n0.569157 -0.736811 -0.201908 1 0 0 0 1 0 0 0 1 0.033829 0.10572 0.033829\n0.519108 -0.63286 0.547811 0.00703679 -0.999613 0.0269121 0.971987 0.000514573 -0.235036 0.234931 0.027812 0.971614 0.259712 0.0487544 0.0673303\n-0.520007 -0.621818 0.543077 0.00484585 0.999811 -0.0188298 0.981997 -0.00120207 0.18889 0.188832 -0.0194061 -0.981818 0.281696 0.0544489 0.0761748\n0.515856 0.405405 0.188418 -0.160451 -0.986814 -0.0213219 0.986814 -0.160842 0.0181316 -0.0213219 -0.0181316 0.999608 0.528458 0.0676088 0.740899\nC 9\n0 1\n0 7\n0 2\n1 2\n2 7\n2 6\n2 3\n2 4\n2 5\nS 1\n2\n5 0.519108 -0.63286 0.547811\n6 -0.520007 -0.621818 0.543077\n2\n-0.000449373 -0.627339 0.545444\n-0.999933 0.0106261 -0.00455526\nL 8\n0\n3\n1\n2\n2\n2\n2\n3"
}