{
    "boxes": [
        [
            -0.0039743101224303246,
            -0.20600800216197968,
            0.22187499701976776,
            0.20142599940299988,
            0.8365479707717896,
            0.8187410235404968,
            0.0058444500900805,
            0.9803770184516907,
            -0.1970449984073639,
            0.0005815139738842845,
            0.1970449984073639,
            0.9803940057754517
        ],
        [
            -0.443897008895874,
            0.1456570029258728,
            0.06318250298500061,
            0.0925929993391037,
            1.0027799606323242,
            0.08705300092697144,
            0.0,
            1.0,
            0.0,
            0.0,
            0.0,
            1.0
        ],
        [
            -0.2024880051612854,
            0.18178600072860718,
            -0.42429399490356445,
            0.020119599997997284,
            0.027805199846625328,
            0.4214569926261902,
            0.00020553100330289453,
            0.9999560117721558,
            -0.009423449635505676,
            9.684259794084937e-07,
            0.009423449635505676,
            0.9999560117721558
        ],
        [
            -0.19624899327754974,
            0.08559960126876831,
            -0.2906990051269531,
            0.0647749975323677,
            0.0340907983481884,
            0.4084300100803375,
            0.05498280003666878,
            0.9922749996185303,
            0.11121200025081635,
            0.0023699700832366943,
            -0.11151000112295151,
            0.9937610030174255
        ],
        [
            -0.41805198788642883,
            -0.2209549993276596,
            -0.30654001235961914,
            0.7171069979667664,
            0.16135400533676147,
            0.0717673972249031,
            0.018353600054979324,
            0.9753699898719788,
            0.21981200575828552,
            -0.06852860003709793,
            -0.21810400485992432,
            0.9735159873962402
        ],
        [
            -0.4119350016117096,
            -0.2013150006532669,
            0.5026370286941528,
            0.6840069890022278,
            0.1581999957561493,
            0.06825459748506546,
            0.003814850002527237,
            0.9926630258560181,
            -0.12085100263357162,
            0.016931800171732903,
            0.12076999992132187,
            0.9925360083580017
        ],
        [
            -0.427511990070343,
            -0.5900200009346008,
            0.1099499985575676,
            0.15091000497341156,
            1.0935399532318115,
            0.032627999782562256,
            0.0,
            1.0,
            0.0,
            0.0,
            0.0,
            1.0
        ],
        [
            -0.41438499093055725,
            -0.25488901138305664,
            0.10522499680519104,
            0.08979599922895432,
            0.7373340129852295,
            0.05888200178742409,
            0.0,
            1.0,
            0.0,
            0.0,
            0.0,
            1.0
        ],
        [
            -0.0038402299396693707,
            0.3169179856777191,
            -0.25307801365852356,
            1.086150050163269,
            0.11851099878549576,
            0.8189719915390015,
            -0.0006102219922468066,
            0.9790260195732117,
            -0.20373199880123138,
            -0.0007502799853682518,
            0.20373199880123138,
            0.9790260195732117
        ]
    ],
    "ops": [
        [
            0,
            0,
            0,
            0,
            1,
            1,
            2,
            1,
            0,
            0,
            0,
            0,
            1,
            1,
            1,
            2,
            1,
            0,
            1
        ]
    ],
    "syms": [
        [
            0.0,
            0.9996330142021179,
            -0.02703220024704933,
            -0.001830309978686273,
            -0.006699500139802694,
            0.13383500277996063,
            0.06238200142979622,
            0.0
        ],
        [
            0.0,
            0.9996179938316345,
            -0.0110317999497056,
            0.025359099730849266,
            -0.0016032400308176875,
            -0.22555099427700043,
            -0.295974999666214,
            0.0
        ]
    ],
    "labels:": [
        [
            1,
            3,
            3,
            3,
            2,
            2,
            2,
            2,
            0
        ]
    ],
    "obj": 36423,
    "mat_index": 1518,
    "obbs": "N 16\n-0.00384023 0.316918 -0.253078 -0.000610222 0.979026 -0.203732 -0.00075028 0.203732 0.979026 1 0.00075028 0.000610222 1.08615 0.118511 0.818972\n-0.202488 0.181786 -0.424294 1 -0.000205531 9.68426e-07 0.000205531 0.999956 -0.00942345 9.68426e-07 0.00942345 0.999956 0.421457 0.0201196 0.0278052\n-0.196249 0.0855996 -0.290699 0.0549828 0.992275 0.111212 0.00236997 -0.11151 0.993761 0.998484 -0.0543761 -0.00848278 0.064775 0.0340908 0.40843\n0.191359 0.182335 -0.424451 1 0 0 0 1 0 0 0 1 0.412403 0.019141 0.02589\n0.196877 0.0972415 -0.288219 1 0 0 0 1 0 0 0 1 0.417413 0.074927 0.04907\n-0.00397431 -0.206008 0.221875 0.999983 -0.00584445 0.000581514 0.00584445 0.980377 -0.197045 0.000581514 0.197045 0.980394 0.818741 0.201426 0.836548\n-0.443897 0.145657 0.0631825 1 0 0 0 1 0 0 0 1 0.087053 0.092593 1.00278\n0.430497 0.122012 0.0615815 1 0 0 0 1 0 0 0 1 0.098587 0.139884 0.999689\n0.41987 -0.601654 0.109925 1 0 0 0 1 0 0 0 1 0.032628 0.127638 1.09358\n-0.427512 -0.59002 0.10995 1 0 0 0 1 0 0 0 1 0.032628 0.15091 1.09354\n-0.414385 -0.254889 0.105225 1 0 0 0 1 0 0 0 1 0.058882 0.089796 0.737334\n0.396802 -0.25507 0.105269 1 0 0 0 1 0 0 0 1 0.078765 0.089432 0.737411\n-0.411935 -0.201315 0.502637 0.00381485 0.992663 -0.120851 0.999849 -0.00583259 -0.0163468 -0.0169318 -0.12077 -0.992536 0.684007 0.0682546 0.1582\n-0.418052 -0.220955 -0.30654 0.0685286 0.218104 -0.973516 0.99748 -0.0329309 0.0628377 -0.0183536 -0.97537 -0.219812 0.161354 0.0717674 0.717107\n0.414845 -0.230147 -0.285411 -0.00667821 -0.987148 -0.159667 0.998365 -0.0156474 0.0549828 -0.0567746 -0.159039 0.985638 0.71421 0.0479085 0.147406\n0.407968 -0.212431 0.50962 -0.0737965 -0.125328 -0.989367 0.997273 -0.00908606 -0.0732353 0.000189 -0.992074 0.125657 0.153455 0.0659721 0.70491\nC 50\n0 14\n0 2\n0 7\n0 10\n0 3\n0 11\n0 4\n0 5\n0 1\n0 13\n0 6\n1 3\n1 6\n1 2\n1 13\n1 4\n2 5\n2 13\n2 6\n2 3\n2 4\n3 7\n3 14\n3 4\n4 7\n4 14\n5 9\n5 6\n5 13\n5 8\n5 12\n5 11\n5 15\n5 10\n5 7\n5 14\n6 12\n6 13\n7 15\n7 14\n8 14\n8 15\n8 11\n9 10\n9 13\n9 12\n10 12\n10 13\n11 14\n11 15\nS 7\n2\n1 -0.202488 0.181786 -0.424294\n3 0.191359 0.182335 -0.424451\n2\n-0.00556456 0.18206 -0.424372\n0.999999 0.00139249 -0.000398922\n2\n2 -0.196249 0.0855996 -0.290699\n4 0.196877 0.0972415 -0.288219\n2\n0.000313783 0.0914205 -0.289459\n0.999542 0.0296002 0.00630501\n2\n6 -0.443897 0.145657 0.0631825\n7 0.430497 0.122012 0.0615815\n2\n-0.0066995 0.133835 0.062382\n0.999633 -0.0270322 -0.00183031\n2\n8 0.41987 -0.601654 0.109925\n9 -0.427512 -0.59002 0.10995\n2\n-0.003821 -0.595837 0.109937\n-0.999906 0.0137281 2.89099e-05\n2\n10 -0.414385 -0.254889 0.105225\n11 0.396802 -0.25507 0.105269\n2\n-0.00879175 -0.25498 0.105247\n1 -0.00022313 5.36252e-05\n2\n12 -0.411935 -0.201315 0.502637\n15 0.407968 -0.212431 0.50962\n2\n-0.00198307 -0.206873 0.506128\n0.999872 -0.0135567 0.00851551\n2\n13 -0.418052 -0.220955 -0.30654\n14 0.414845 -0.230147 -0.285411\n2\n-0.00160324 -0.225551 -0.295975\n0.999618 -0.0110318 0.0253591\nL 16\n0\n3\n3\n3\n3\n1\n3\n3\n2\n2\n2\n2\n2\n2\n2\n2"
}