{
    "boxes": [
        [
            -0.020582500845193863,
            -0.20441800355911255,
            0.22002600133419037,
            0.20908400416374207,
            0.8671709895133972,
            1.0406099557876587,
            0.0,
            1.0,
            0.0,
            0.0,
            0.0,
            1.0
        ],
        [
            -0.5397310256958008,
            -0.14577099680900574,
            0.6404939889907837,
            0.3576590120792389,
            0.06338900327682495,
            0.07371699810028076,
            0.0,
            1.0,
            0.0,
            0.0,
            0.0,
            1.0
        ],
        [
            -0.540149986743927,
            0.053927499800920486,
            0.2019760012626648,
            0.08090870082378387,
            0.9446420073509216,
            0.08704549819231033,
            0.1535709947347641,
            0.9857689738273621,
            0.0683823972940445,
            -0.005288419779390097,
            -0.0683823972940445,
            0.9976450204849243
        ],
        [
            0.5356079936027527,
            -0.5503389835357666,
            -0.27393001317977905,
            0.5163260102272034,
            0.06423880159854889,
            0.08412809669971466,
            0.018045200034976006,
            0.9782459735870361,
            0.20666199922561646,
            -0.027828000485897064,
            -0.20612399280071259,
            0.9781299829483032
        ],
        [
            -0.5400810241699219,
            -0.5408790111541748,
            0.6414610147476196,
            0.5238819718360901,
            0.061455998569726944,
            0.073014996945858,
            0.0,
            1.0,
            0.0,
            0.0,
            0.0,
            1.0
        ],
        [
            -0.0019169299630448222,
            0.2758580148220062,
            -0.2696329951286316,
            0.7730849981307983,
            0.28358298540115356,
            0.9951000213623047,
            -0.011337799951434135,
            0.9860860109329224,
            -0.16584999859333038,
            -0.013402899727225304,
            0.16569599509239197,
            0.9860860109329224
        ],
        [
            -0.003585499944165349,
            0.616985023021698,
            -0.4202849864959717,
            0.05973900109529495,
            0.17402200400829315,
            1.0068600177764893,
            0.0,
            1.0,
            0.0,
            0.0,
            0.0,
            1.0
        ],
        [
            -0.0020830000285059214,
            0.24869300425052643,
            -0.36151599884033203,
            0.7306280136108398,
            0.1352670043706894,
            1.0752899646759033,
            2.1320099019561667e-09,
            0.9839280247688293,
            -0.17856499552726746,
            2.5537600922831416e-09,
            0.17856499552726746,
            0.9839280247688293
        ],
        [
            0.5355619788169861,
            0.16800500452518463,
            -0.3059130012989044,
            0.9795510172843933,
            0.07874120026826859,
            0.07438910007476807,
            -0.00011056000221287832,
            0.9828060269355774,
            -0.1846430003643036,
            -0.00013326600310392678,
            0.1846430003643036,
            0.9828060269355774
        ]
    ],
    "ops": [
        [
            0,
            0,
            0,
            1,
            2,
            1,
            0,
            0,
            1,
            2,
            1,
            0,
            0,
            1,
            0,
            0,
            2,
            1,
            1,
            1
        ]
    ],
    "syms": [
        [
            0.0,
            0.999983012676239,
            0.005882970057427883,
            -0.0,
            -0.0020860000513494015,
            -0.14260800182819366,
            0.6404939889907837,
            0.0
        ],
        [
            0.0,
            0.9998990297317505,
            -0.00979136023670435,
            -0.010316199623048306,
            -0.002398619893938303,
            -0.545071005821228,
            -0.26837900280952454,
            0.0
        ],
        [
            0.0,
            0.9999079704284668,
            -0.0019979700446128845,
            -0.013401799835264683,
            -0.00274234008975327,
            0.1690800040960312,
            -0.2986980080604553,
            0.0
        ]
    ],
    "labels:": [
        [
            1,
            3,
            3,
            2,
            2,
            0,
            0,
            0,
            0
        ]
    ],
    "obj": 36474,
    "mat_index": 1549,
    "obbs": "N 14\n-0.00191693 0.275858 -0.269633 -0.0113378 0.986086 -0.16585 -0.0134029 0.165696 0.986086 0.999846 0.0134029 0.0113378 0.773085 0.283583 0.9951\n-0.0035855 0.616985 -0.420285 1 0 0 0 1 0 0 0 1 1.00686 0.059739 0.174022\n-0.0205825 -0.204418 0.220026 1 0 0 0 1 0 0 0 1 1.04061 0.209084 0.867171\n0.535562 0.168005 -0.305913 -0.00011056 0.982806 -0.184643 -0.000133266 0.184643 0.982806 1 0.000133266 0.00011056 0.979551 0.0787412 0.0743891\n-0.541047 0.170156 -0.291483 0.993495 -0.0105709 -0.113384 0.113536 0.168752 0.979098 0.0087838 -0.985602 0.168854 0.084365 0.0720954 0.975034\n0.535559 -0.139446 0.640494 1 0 0 0 1 0 0 0 1 0.073707 0.318645 0.063389\n-0.539731 -0.145771 0.640494 1 0 0 0 1 0 0 0 1 0.073717 0.357659 0.063389\n0.533337 0.0449321 0.2015 0.988802 -0.149141 -0.00515039 0.149141 0.986434 0.0685988 -0.00515039 -0.0685988 0.997631 0.0858593 0.0989749 0.945059\n-0.54015 0.0539275 0.201976 0.988123 -0.153571 -0.00528842 0.153571 0.985769 0.0683824 -0.00528842 -0.0683824 0.997645 0.0870455 0.0809087 0.944642\n-0.002083 0.248693 -0.361516 1 -2.55376e-09 -2.13201e-09 2.55376e-09 0.178565 0.983928 -2.13201e-09 -0.983928 0.178565 1.07529 0.135267 0.730628\n-0.540405 -0.539803 -0.262828 0.0224004 0.977461 0.209923 -0.10883 -0.206343 0.972409 0.993808 -0.0446282 0.101755 0.530887 0.0780544 0.0872822\n0.535608 -0.550339 -0.27393 -0.99945 0.0234015 -0.0235031 -0.027828 -0.206124 0.97813 0.0180452 0.978246 0.206662 0.0841281 0.0642388 0.516326\n0.535527 -0.52591 0.641302 1 0 0 0 1 0 0 0 1 0.073149 0.553819 0.061773\n-0.540081 -0.540879 0.641461 1 0 0 0 1 0 0 0 1 0.073015 0.523882 0.061456\nC 38\n0 2\n0 7\n0 10\n0 3\n0 11\n0 4\n0 8\n0 1\n0 9\n1 3\n1 4\n1 9\n2 8\n2 12\n2 5\n2 9\n2 13\n2 6\n2 10\n2 3\n2 7\n2 11\n2 4\n3 11\n3 7\n3 9\n4 8\n4 9\n4 10\n5 12\n5 7\n6 8\n6 13\n7 12\n7 9\n8 9\n9 11\n9 10\nS 5\n2\n3 0.535562 0.168005 -0.305913\n4 -0.541047 0.170156 -0.291483\n2\n-0.00274234 0.16908 -0.298698\n-0.999908 0.00199797 0.0134018\n2\n5 0.535559 -0.139446 0.640494\n6 -0.539731 -0.145771 0.640494\n2\n-0.002086 -0.142608 0.640494\n-0.999983 -0.00588297 0\n2\n7 0.533337 0.0449321 0.2015\n8 -0.54015 0.0539275 0.201976\n2\n-0.00340644 0.0494298 0.201738\n-0.999965 0.00837929 0.000443701\n2\n10 -0.540405 -0.539803 -0.262828\n11 0.535608 -0.550339 -0.27393\n2\n-0.00239862 -0.545071 -0.268379\n0.999899 -0.00979136 -0.0103162\n2\n12 0.535527 -0.52591 0.641302\n13 -0.540081 -0.540879 0.641461\n2\n-0.002277 -0.533395 0.641382\n-0.999903 -0.013915 0.000147344\nL 14\n0\n0\n1\n0\n0\n3\n3\n3\n3\n0\n2\n2\n2\n2"
}