{
    "boxes": [
        [
            -0.005399220157414675,
            -0.18243899941444397,
            0.2106820046901703,
            0.13522499799728394,
            0.8030830025672913,
            0.7554000020027161,
            -0.00175370997749269,
            0.9992989897727966,
            0.03740759938955307,
            3.2812600693432614e-05,
            -0.03740759938955307,
            0.9993000030517578
        ],
        [
            -0.00572500005364418,
            -0.8019319772720337,
            -0.21589000523090363,
            0.03217500075697899,
            0.05480099841952324,
            0.7350040078163147,
            0.0,
            1.0,
            0.0,
            0.0,
            0.0,
            1.0
        ],
        [
            -0.2616170048713684,
            -0.8069679737091064,
            -0.2265930026769638,
            0.04622099921107292,
            0.06761900335550308,
            0.06162799894809723,
            0.0,
            1.0,
            0.0,
            0.0,
            0.0,
            1.0
        ],
        [
            -0.3380550146102905,
            -0.801127016544342,
            0.15990200638771057,
            0.04118699952960014,
            0.7677159905433655,
            0.06437020003795624,
            -0.07610119879245758,
            0.9969850182533264,
            0.015138800255954266,
            0.10479900240898132,
            -0.007101090159267187,
            0.9944679737091064
        ],
        [
            -0.32511401176452637,
            -0.8066710233688354,
            0.4315820038318634,
            0.04645970091223717,
            0.06195349991321564,
            0.06782270222902298,
            -0.0008615059778094292,
            0.9999930262565613,
            -0.003648140002042055,
            0.10452699661254883,
            0.0037182099185884,
            0.9945150017738342
        ],
        [
            -0.31382301449775696,
            -0.49809300899505615,
            0.5329880118370056,
            0.6213859915733337,
            0.04927799850702286,
            0.0357539989054203,
            0.0,
            1.0,
            0.0,
            0.0,
            0.0,
            1.0
        ],
        [
            -0.005464599933475256,
            0.30691200494766235,
            -0.27946901321411133,
            0.8985300064086914,
            0.0588839016854763,
            0.6698560118675232,
            -0.000241624002228491,
            0.9745450019836426,
            -0.2241930067539215,
            -0.00030352099565789104,
            0.2241930067539215,
            0.9745450019836426
        ]
    ],
    "ops": [
        [
            0,
            0,
            0,
            0,
            1,
            2,
            1,
            0,
            0,
            1,
            2,
            1,
            1,
            0,
            1
        ]
    ],
    "syms": [
        [
            0.0,
            1.0,
            0.0,
            0.0,
            -0.0035699999425560236,
            -0.8069679737091064,
            -0.2265930026769638,
            0.0
        ],
        [
            0.0,
            1.0,
            -4.491960226005176e-06,
            5.43983987881802e-05,
            -0.0059914300218224525,
            -0.8066719770431519,
            0.43160000443458557,
            0.0
        ]
    ],
    "labels:": [
        [
            1,
            2,
            2,
            2,
            2,
            2,
            0
        ]
    ],
    "obj": 36489,
    "mat_index": 1559,
    "obbs": "N 11\n-0.0054646 0.306912 -0.279469 1 0.000303521 0.000241624 -0.000303521 0.224193 0.974545 0.000241624 -0.974545 0.224193 0.669856 0.0588839 0.89853\n-0.325114 -0.806671 0.431582 0.994522 0.000475452 -0.104529 -0.000861506 0.999993 -0.00364814 0.104527 0.00371821 0.994515 0.0678227 0.0464597 0.0619535\n-0.261617 -0.806968 -0.226593 1 0 0 0 1 0 0 0 1 0.061628 0.046221 0.067619\n0.313131 -0.806673 0.431617 0.10453 0.00284901 -0.994518 0.00107696 0.999995 0.0029779 0.994521 -0.00138234 0.104526 0.0620123 0.0464462 0.0679236\n0.254477 -0.806968 -0.226593 1 0 0 0 1 0 0 0 1 0.061628 0.046221 0.067619\n-0.00539922 -0.182439 0.210682 0.999998 0.00175371 3.28126e-05 -0.00175371 0.999299 0.0374076 3.28126e-05 -0.0374076 0.9993 0.7554 0.135225 0.803083\n0.303408 -0.495322 0.533895 1 0 0 0 1 0 0 0 1 0.033013 0.611067 0.043113\n-0.313823 -0.498093 0.532988 1 0 0 0 1 0 0 0 1 0.035754 0.621386 0.049278\n0.328636 -0.796834 0.161675 0.104579 0.00428901 -0.994507 0.0236574 0.999697 0.00679913 0.994235 -0.0242385 0.104446 0.763566 0.0463298 0.0591576\n-0.005725 -0.801932 -0.21589 1 0 0 0 1 0 0 0 1 0.735004 0.032175 0.054801\n-0.338055 -0.801127 0.159902 0.991577 0.0772668 -0.103943 -0.0761012 0.996985 0.0151388 0.104799 -0.00710109 0.994468 0.0643702 0.041187 0.767716\nC 15\n0 5\n1 7\n1 10\n2 9\n2 10\n3 8\n3 6\n4 9\n4 8\n5 6\n5 7\n6 8\n7 10\n8 9\n9 10\nS 4\n2\n1 -0.325114 -0.806671 0.431582\n3 0.313131 -0.806673 0.431617\n2\n-0.00599143 -0.806672 0.4316\n1 -4.49196e-06 5.43984e-05\n2\n2 -0.261617 -0.806968 -0.226593\n4 0.254477 -0.806968 -0.226593\n2\n-0.00357 -0.806968 -0.226593\n1 0 0\n2\n6 0.303408 -0.495322 0.533895\n7 -0.313823 -0.498093 0.532988\n2\n-0.00520725 -0.496708 0.533442\n-0.999989 -0.00448854 -0.00147026\n2\n8 0.328636 -0.796834 0.161675\n10 -0.338055 -0.801127 0.159902\n2\n-0.00470975 -0.798981 0.160789\n-0.999976 -0.00643892 -0.00265926\nL 11\n0\n2\n2\n2\n2\n1\n2\n2\n2\n2\n2"
}