{
    "boxes": [
        [
            0.013457500375807285,
            -0.1492380052804947,
            0.1980299949645996,
            0.43792200088500977,
            0.9662420153617859,
            1.1338399648666382,
            0.0,
            1.0,
            0.0,
            0.0,
            0.0,
            1.0
        ],
        [
            -0.4732710123062134,
            0.053354401141405106,
            0.17432700097560883,
            0.2453639954328537,
            0.9222739934921265,
            0.40920400619506836,
            0.6106340289115906,
            0.7784630060195923,
            0.14533500373363495,
            -0.29168701171875,
            0.05047440156340599,
            0.9551810026168823
        ],
        [
            0.0001230000052601099,
            -0.3746879994869232,
            -0.02180049940943718,
            0.33727601170539856,
            0.4477289915084839,
            0.44767799973487854,
            0.0,
            1.0,
            0.0,
            0.0,
            0.0,
            1.0
        ],
        [
            0.2496269941329956,
            -0.5339530110359192,
            -0.26991501450538635,
            0.04707660153508186,
            0.10554099828004837,
            0.6453840136528015,
            0.04877090081572533,
            0.9863550066947937,
            -0.15724000334739685,
            0.7089899778366089,
            0.07669910043478012,
            0.7010350227355957
        ],
        [
            0.010995600372552872,
            0.32253900170326233,
            -0.38155001401901245,
            1.102139949798584,
            0.3137199878692627,
            0.9721819758415222,
            -0.011223199777305126,
            0.942808985710144,
            -0.33314499258995056,
            -0.015867499634623528,
            0.3329559862613678,
            0.942808985710144
        ]
    ],
    "ops": [
        [
            0,
            0,
            2,
            1,
            0,
            0,
            2,
            1,
            1,
            0,
            1
        ]
    ],
    "syms": [
        [
            0.0,
            0.9997029900550842,
            -0.009934689849615097,
            0.022268300876021385,
            0.016557399183511734,
            0.04848669841885567,
            0.18523800373077393,
            0.0
        ],
        [
            -1.0,
            0.0014085799921303988,
            0.9999960064888,
            0.0023584701120853424,
            0.002055850112810731,
            -0.5353320240974426,
            -0.020510900765657425,
            0.25
        ]
    ],
    "labels:": [
        [
            1,
            3,
            2,
            2,
            0
        ]
    ],
    "obj": 2299,
    "mat_index": 157,
    "obbs": "N 9\n0.0109956 0.322539 -0.38155 0.999811 0.0158675 0.0112232 -0.0158675 0.332956 0.942809 0.0112232 -0.942809 0.333145 0.972182 0.31372 1.10214\n0.000123 -0.374688 -0.0218005 1 0 0 0 1 0 0 0 1 0.447678 0.337276 0.447729\n0.506386 0.0436189 0.196149 -0.604777 -0.757888 0.244643 0.744967 -0.646969 -0.162647 0.281545 0.083886 0.955874 0.38386 0.204939 0.862293\n-0.473271 0.0533544 0.174327 0.291687 -0.0504744 -0.955181 0.610634 0.778463 0.145335 0.736237 -0.625658 0.257889 0.922274 0.245364 0.409204\n0.0134575 -0.149238 0.19803 1 0 0 0 1 0 0 0 1 1.13384 0.437922 0.966242\n-0.253859 -0.53441 0.224764 -0.708766 0.0452805 -0.703989 -0.0728458 0.987905 0.136882 0.701672 0.1483 -0.696895 0.0971099 0.0473743 0.641446\n0.244349 -0.537397 0.227133 0.706003 -0.0176243 -0.707989 0.124402 0.987233 0.0994777 0.697197 -0.158307 0.699182 0.0849004 0.0463596 0.651041\n0.249627 -0.533953 -0.269915 0.70353 -0.145671 -0.695575 0.0487709 0.986355 -0.15724 0.70899 0.0766991 0.701035 0.645384 0.0470766 0.105541\n-0.231893 -0.535568 -0.264027 0.745111 -0.0989998 -0.659552 -0.0393313 0.980678 -0.191635 0.66578 0.16873 0.72682 0.0926565 0.0506552 0.67705\nC 22\n0 2\n0 3\n0 4\n0 1\n1 3\n1 6\n1 2\n1 5\n1 4\n1 8\n1 7\n2 4\n3 4\n4 7\n4 5\n4 6\n5 6\n5 8\n5 7\n6 7\n6 8\n7 8\nS 2\n2\n2 0.506386 0.0436189 0.196149\n3 -0.473271 0.0533544 0.174327\n2\n0.0165574 0.0484867 0.185238\n-0.999703 0.00993469 -0.0222683\n4\n7 0.249627 -0.533953 -0.269915\n8 -0.231893 -0.535568 -0.264027\n5 -0.253859 -0.53441 0.224764\n6 0.244349 -0.537397 0.227133\n3\n0.00205585 -0.535332 -0.0205109\n0.00140858 0.999996 0.00235847\nL 9\n0\n2\n3\n3\n1\n2\n2\n2\n2"
}