{
    "boxes": [
        [
            0.0033344998955726624,
            -0.15028899908065796,
            0.07853899896144867,
            0.23808300495147705,
            0.9236339926719666,
            0.9110810160636902,
            0.0,
            1.0,
            0.0,
            0.0,
            0.0,
            1.0
        ],
        [
            -0.4051159918308258,
            0.2711920142173767,
            0.07063499838113785,
            0.13559600710868835,
            0.8178759813308716,
            0.10912299901247025,
            0.0,
            1.0,
            0.0,
            0.0,
            0.0,
            1.0
        ],
        [
            -0.4075630009174347,
            -0.05723400041460991,
            0.41690099239349365,
            0.5957220196723938,
            0.13006000220775604,
            0.08828900009393692,
            0.0,
            1.0,
            0.0,
            0.0,
            0.0,
            1.0
        ],
        [
            -0.22541500627994537,
            -0.5726040005683899,
            -0.3588460087776184,
            0.5504819750785828,
            0.08974210172891617,
            0.08782610297203064,
            0.07067369669675827,
            0.9947130084037781,
            0.07450029999017715,
            -0.025953300297260284,
            -0.07282809913158417,
            0.9970070123672485
        ],
        [
            -0.4075619876384735,
            -0.5983710289001465,
            0.4359619915485382,
            0.48655301332473755,
            0.09000600129365921,
            0.08866500109434128,
            0.0,
            1.0,
            0.0,
            0.0,
            0.0,
            1.0
        ],
        [
            -0.20630399882793427,
            -0.0797026976943016,
            -0.33091700077056885,
            0.4379410147666931,
            0.04424700140953064,
            0.10005699843168259,
            -0.039757099002599716,
            0.9980930089950562,
            0.0472165010869503,
            0.01201349962502718,
            -0.04677300155162811,
            0.9988330006599426
        ],
        [
            0.007919860072433949,
            0.41227400302886963,
            -0.34830498695373535,
            0.6872889995574951,
            0.1613920032978058,
            0.6636710166931152,
            -0.10452800244092941,
            0.9701200127601624,
            -0.21895599365234375,
            -1.5624799232227815e-08,
            0.22016200423240662,
            0.9754629731178284
        ],
        [
            0.013369699940085411,
            0.4148469865322113,
            -0.3689039945602417,
            0.814786970615387,
            0.11658599972724915,
            0.7981870174407959,
            -0.25881901383399963,
            0.9473639726638794,
            -0.18844999372959137,
            -5.696259908205548e-09,
            0.19509799778461456,
            0.980783998966217
        ]
    ],
    "ops": [
        [
            0,
            0,
            0,
            1,
            2,
            1,
            0,
            0,
            1,
            2,
            1,
            0,
            2,
            0,
            0,
            1,
            1,
            1
        ]
    ],
    "syms": [
        [
            0.0,
            0.9999970197677612,
            0.00155282998457551,
            -0.0018980699824169278,
            0.004362930078059435,
            0.2718279957771301,
            0.06985779851675034,
            0.0
        ],
        [
            0.0,
            0.9998490214347839,
            -0.00033537400304339826,
            0.01738150045275688,
            0.0034225299023091793,
            -0.5726810097694397,
            -0.35486701130867004,
            0.0
        ],
        [
            0.0,
            1.0,
            -3.2664601690157724e-08,
            -9.050039828650824e-09,
            0.003334549954161048,
            -0.0797026976943016,
            -0.33091700077056885,
            0.0
        ]
    ],
    "labels:": [
        [
            1,
            3,
            3,
            2,
            2,
            0,
            0,
            0
        ]
    ],
    "obj": 36561,
    "mat_index": 1597,
    "obbs": "N 13\n0.00791986 0.412274 -0.348305 0.994522 0.101964 -0.0230132 -1.56248e-08 0.220162 0.975463 0.104528 -0.97012 0.218956 0.663671 0.161392 0.687289\n0.0033345 -0.150289 0.078539 1 0 0 0 1 0 0 0 1 0.911081 0.238083 0.923634\n0.413842 0.272464 0.0690806 0.243103 -0.967787 -0.0654948 0.97 0.242516 0.0168943 -0.00046653 -0.067637 0.99771 0.127525 0.114744 0.821872\n-0.405116 0.271192 0.070635 1 0 0 0 1 0 0 0 1 0.109123 0.135596 0.817876\n0.414231 -0.057234 0.416901 1 0 0 0 1 0 0 0 1 0.088289 0.595722 0.13006\n-0.407563 -0.057234 0.416901 1 0 0 0 1 0 0 0 1 0.088289 0.595722 0.13006\n0.212973 -0.0797027 -0.330917 0.0397564 0.998093 0.0472165 -0.0120141 -0.046773 0.998833 0.999137 -0.0402773 0.0101316 0.437941 0.044247 0.100057\n-0.206304 -0.0797027 -0.330917 0.999137 0.0402779 -0.010131 0.0120135 -0.046773 0.998833 0.0397571 -0.998093 -0.0472165 0.100057 0.044247 0.437941\n-0.225415 -0.572604 -0.358846 -0.0706737 -0.994713 -0.0745003 0.997162 -0.0723957 0.020669 -0.0259533 -0.0728281 0.997007 0.550482 0.0878261 0.0897421\n0.23226 -0.572758 -0.350889 0.0716885 -0.996877 -0.0331225 0.997162 0.0723957 -0.020669 0.0230024 -0.0315467 0.999238 0.551385 0.0878261 0.0900464\n0.414231 -0.598371 0.435962 1 0 0 0 1 0 0 0 1 0.088665 0.486553 0.090006\n-0.407562 -0.598371 0.435962 1 0 0 0 1 0 0 0 1 0.088665 0.486553 0.090006\n0.0133697 0.414847 -0.368904 0.965926 0.253846 -0.050495 -5.69626e-09 0.195098 0.980784 0.258819 -0.947364 0.18845 0.798187 0.116586 0.814787\nC 30\n0 2\n0 7\n0 3\n0 12\n0 1\n0 6\n1 3\n1 6\n1 11\n1 2\n1 5\n1 10\n1 4\n1 9\n1 12\n1 8\n1 7\n2 12\n2 6\n2 4\n3 7\n3 5\n3 12\n4 10\n5 11\n6 9\n6 12\n7 12\n7 8\n8 12\nS 5\n2\n2 0.413842 0.272464 0.0690806\n3 -0.405116 0.271192 0.070635\n2\n0.00436293 0.271828 0.0698578\n-0.999997 -0.00155283 0.00189807\n2\n4 0.414231 -0.057234 0.416901\n5 -0.407563 -0.057234 0.416901\n2\n0.0033345 -0.057234 0.416901\n-1 0 0\n2\n6 0.212973 -0.0797027 -0.330917\n7 -0.206304 -0.0797027 -0.330917\n2\n0.00333455 -0.0797027 -0.330917\n-1 3.26646e-08 9.05004e-09\n2\n8 -0.225415 -0.572604 -0.358846\n9 0.23226 -0.572758 -0.350889\n2\n0.00342253 -0.572681 -0.354867\n0.999849 -0.000335374 0.0173815\n2\n10 0.414231 -0.598371 0.435962\n11 -0.407562 -0.598371 0.435962\n2\n0.0033345 -0.598371 0.435962\n-1 0 0\nL 13\n0\n1\n3\n3\n3\n3\n0\n0\n2\n2\n2\n2\n0"
}