{
    "boxes": [
        [
            0.00621100002899766,
            -0.02670850045979023,
            0.18993300199508667,
            0.11498499661684036,
            0.884335994720459,
            0.884335994720459,
            0.0,
            1.0,
            0.0,
            0.0,
            0.0,
            1.0
        ],
        [
            0.00621100002899766,
            -0.20958200097084045,
            0.33679699897766113,
            0.0729684978723526,
            0.6788250207901001,
            0.1589300036430359,
            0.0,
            0.8559730052947998,
            -0.5170210003852844,
            0.0,
            0.5170210003852844,
            0.8559730052947998
        ],
        [
            0.27680298686027527,
            -0.4504910111427307,
            -0.22442400455474854,
            0.0697375014424324,
            0.16673700511455536,
            0.5843619704246521,
            0.14671200513839722,
            0.9721609950065613,
            -0.18269799649715424,
            0.7089999914169312,
            0.025446299463510513,
            0.7047489881515503
        ],
        [
            0.00621100002899766,
            0.39114201068878174,
            -0.3420119881629944,
            0.8843349814414978,
            0.05799509957432747,
            0.1589300036430359,
            -0.0,
            0.9846519827842712,
            -0.17452800273895264,
            -0.0,
            0.17452800273895264,
            0.9846519827842712
        ],
        [
            0.006207619793713093,
            0.541703999042511,
            -0.34272301197052,
            0.1593019962310791,
            0.058439500629901886,
            0.8843709826469421,
            0.00022211100440472364,
            0.9910669922828674,
            -0.13336800038814545,
            0.0002540019922889769,
            0.13336800038814545,
            0.9910669922828674
        ]
    ],
    "ops": [
        [
            0,
            0,
            0,
            2,
            1,
            1,
            0,
            0,
            2,
            1,
            1
        ]
    ],
    "syms": [
        [
            -1.0,
            -0.011407800018787384,
            0.9998459815979004,
            -0.013371599838137627,
            -0.008361710235476494,
            -0.44569700956344604,
            0.027817299589514732,
            0.25
        ],
        [
            1.0,
            0.004170630127191544,
            -0.1190129965543747,
            0.14105333387851715,
            0.006239280104637146,
            0.13128699362277985,
            -0.26028499007225037,
            0.25
        ]
    ],
    "labels:": [
        [
            1,
            2,
            2,
            0,
            0
        ]
    ],
    "obj": 36622,
    "mat_index": 1626,
    "obbs": "N 11\n0.006211 -0.209582 0.336797 1 0 0 0 0.855973 -0.517021 0 0.517021 0.855973 0.15893 0.0729685 0.678825\n0.006211 -0.0267085 0.189933 1 0 0 0 1 0 0 0 1 0.884336 0.114985 0.884336\n0.006211 0.391142 -0.342012 1 0 0 -0 0.174528 0.984652 0 -0.984652 0.174528 0.15893 0.0579951 0.884335\n0.00620595 0.7509 -0.357695 1 -0.000376575 -0.000364885 0.000376575 0.0315233 0.999503 -0.000364885 -0.999503 0.0315235 0.884393 0.0599689 0.159886\n0.00620762 0.541704 -0.342723 1 -0.000254002 -0.000222111 0.000254002 0.133368 0.991067 -0.000222111 -0.991067 0.133368 0.884371 0.0584395 0.159302\n0.00620454 0.334667 -0.310246 1 -0.000485986 -0.000392124 0.000485986 0.211368 0.977407 -0.000392124 -0.977407 0.211368 0.884398 0.0578169 0.159277\n0.00623928 0.131287 -0.260285 -0.00164007 0.958625 -0.284666 -0.00219788 0.284662 0.958625 0.999996 0.00219788 0.00164007 0.160496 0.0598522 0.88459\n-0.258902 -0.449413 0.313164 -0.705654 -0.0161827 -0.708371 -0.176993 0.972072 0.154107 0.686094 0.234123 -0.688811 0.16877 0.0685609 0.591634\n-0.252581 -0.447052 -0.214687 -0.689108 -0.229297 -0.687425 -0.154893 0.973303 -0.169382 0.707911 -0.0102455 -0.706227 0.61523 0.0676078 0.162691\n0.276803 -0.450491 -0.224424 0.689779 -0.232928 -0.685529 0.146712 0.972161 -0.182698 0.709 0.0254463 0.704749 0.584362 0.0697375 0.166737\n0.201233 -0.435831 0.237216 0.708014 0.0158447 -0.706021 0.113594 0.984175 0.136001 0.697003 -0.17649 0.69501 0.232758 0.0755742 0.800672\nC 21\n0 1\n0 7\n0 10\n0 9\n0 8\n1 2\n1 5\n1 6\n2 6\n2 3\n2 5\n2 4\n3 4\n4 5\n5 6\n7 8\n7 10\n7 9\n8 10\n8 9\n9 10\nS 2\n4\n3 0.00620595 0.7509 -0.357695\n4 0.00620762 0.541704 -0.342723\n5 0.00620454 0.334667 -0.310246\n6 0.00623928 0.131287 -0.260285\n1\n0 0 0\n0 0 0\n4\n9 0.276803 -0.450491 -0.224424\n10 0.201233 -0.435831 0.237216\n7 -0.258902 -0.449413 0.313164\n8 -0.252581 -0.447052 -0.214687\n3\n-0.00836171 -0.445697 0.0278173\n0.0114078 -0.999846 0.0133716\nL 11\n2\n1\n0\n0\n0\n0\n0\n2\n2\n2\n2"
}