{
    "boxes": [
        [
            0.017209000885486603,
            -0.032063499093055725,
            0.14377599954605103,
            0.1902180016040802,
            0.7862300276756287,
            0.8138030171394348,
            0.00048011000035330653,
            0.999904990196228,
            0.013751399703323841,
            -3.3012599942594534e-06,
            -0.013751399703323841,
            0.999904990196228
        ],
        [
            -0.23896700143814087,
            -0.46869099140167236,
            -0.22182700037956238,
            0.652679979801178,
            0.043248701840639114,
            0.044530998915433884,
            0.19054900109767914,
            0.9572550058364868,
            0.2176090031862259,
            0.5471289753913879,
            -0.28760799765586853,
            0.7860860228538513
        ],
        [
            -0.28876298666000366,
            -0.4599910080432892,
            0.4041680097579956,
            0.6841639876365662,
            0.05047550052404404,
            0.04321189969778061,
            0.224698007106781,
            0.9413639903068542,
            -0.2516840100288391,
            0.5872420072555542,
            0.07529529929161072,
            0.8059020042419434
        ],
        [
            0.3205609917640686,
            -0.46417099237442017,
            0.41222500801086426,
            0.672810971736908,
            0.04317940026521683,
            0.04460719972848892,
            -0.2420939952135086,
            0.9442470073699951,
            -0.22313299775123596,
            0.4194900095462799,
            0.30923300981521606,
            0.8534659743309021
        ],
        [
            0.015791000798344612,
            0.2963559925556183,
            -0.2684060037136078,
            0.6949489712715149,
            0.15269599854946136,
            0.7363680005073547,
            0.006948130205273628,
            0.9765070080757141,
            -0.21537600457668304,
            0.008647309616208076,
            0.21531400084495544,
            0.9765070080757141
        ]
    ],
    "ops": [
        [
            0,
            0,
            2,
            0,
            0,
            1,
            1,
            1,
            0,
            1
        ]
    ],
    "syms": [
        [
            0.0,
            0.9999589920043945,
            0.00902285985648632,
            -0.0002787149860523641,
            0.015112699940800667,
            -0.46639901399612427,
            -0.22189800441265106,
            0.0
        ]
    ],
    "labels:": [
        [
            1,
            2,
            2,
            2,
            0
        ]
    ],
    "obj": 36635,
    "mat_index": 1634,
    "obbs": "N 6\n0.015791 0.296356 -0.268406 0.999938 -0.00864731 -0.00694813 0.00864731 0.215314 0.976507 -0.00694813 -0.976507 0.215376 0.736368 0.152696 0.694949\n0.017209 -0.0320635 0.143776 1 -0.00048011 -3.30126e-06 0.00048011 0.999905 0.0137514 -3.30126e-06 -0.0137514 0.999905 0.813803 0.190218 0.78623\n-0.288763 -0.459991 0.404168 -0.224698 -0.941364 0.251684 0.777597 -0.328884 -0.53589 0.587242 0.0752953 0.805902 0.684164 0.0432119 0.0504755\n-0.238967 -0.468691 -0.221827 0.815071 -0.0307278 -0.578546 0.547129 -0.287608 0.786086 -0.190549 -0.957255 -0.217609 0.044531 0.0432487 0.65268\n0.269192 -0.464106 -0.221969 -0.928567 -0.116166 -0.352518 -0.31248 -0.267866 0.911375 -0.200299 0.956427 0.212432 0.0440103 0.0441831 0.663746\n0.320561 -0.464171 0.412225 0.874882 0.113017 -0.470965 0.41949 0.309233 0.853466 0.242094 -0.944247 0.223133 0.0446072 0.0431794 0.672811\nC 7\n0 1\n0 4\n0 3\n1 2\n1 3\n1 4\n1 5\nS 1\n2\n3 -0.238967 -0.468691 -0.221827\n4 0.269192 -0.464106 -0.221969\n2\n0.0151127 -0.466399 -0.221898\n0.999959 0.00902286 -0.000278715\nL 6\n0\n1\n2\n2\n2\n2"
}