{
    "boxes": [
        [
            -0.002512000035494566,
            -0.10251899808645248,
            0.09824199974536896,
            0.20891599357128143,
            0.7914440035820007,
            0.8888980150222778,
            0.0,
            1.0,
            0.0,
            0.0,
            0.0,
            1.0
        ],
        [
            0.41561299562454224,
            0.20131300389766693,
            0.16021700203418732,
            0.10847300291061401,
            0.7900140285491943,
            0.09797859936952591,
            0.3104510009288788,
            0.9380810260772705,
            -0.1537020057439804,
            0.024620700627565384,
            0.1537020057439804,
            0.9878100156784058
        ],
        [
            -0.43256500363349915,
            0.20175300538539886,
            0.16006499528884888,
            0.10066299885511398,
            0.7894179821014404,
            0.08756709843873978,
            0.19228099286556244,
            0.9694820046424866,
            -0.1520950049161911,
            0.014848999679088593,
            0.1520950049161911,
            0.9882540106773376
        ],
        [
            -0.42628899216651917,
            -0.01982700079679489,
            0.462007999420166,
            0.4606800079345703,
            0.08667200058698654,
            0.06410499662160873,
            0.0,
            1.0,
            0.0,
            0.0,
            0.0,
            1.0
        ],
        [
            -0.43173500895500183,
            -0.45872101187705994,
            -0.3017979860305786,
            0.64969402551651,
            0.09364459663629532,
            0.08456160128116608,
            0.01500650029629469,
            0.9924820065498352,
            0.12146999686956406,
            -0.3652159869670868,
            -0.10764999687671661,
            0.9246780276298523
        ],
        [
            -0.42628899216651917,
            -0.2776170074939728,
            0.0972990021109581,
            0.05167999863624573,
            0.6862180233001709,
            0.04134399816393852,
            0.0,
            1.0,
            0.0,
            0.0,
            0.0,
            1.0
        ],
        [
            -0.4276390075683594,
            -0.5105029940605164,
            0.4712139964103699,
            0.5389119982719421,
            0.06825999915599823,
            0.06140600144863129,
            0.0,
            1.0,
            0.0,
            0.0,
            0.0,
            1.0
        ],
        [
            -0.002512000035494566,
            0.38653698563575745,
            -0.3151110112667084,
            0.07975679636001587,
            0.0935932993888855,
            0.7855380177497864,
            -1.1645200037573621e-17,
            0.9982320070266724,
            -0.05944019928574562,
            -1.2359200008452855e-17,
            0.05944019928574562,
            0.9982320070266724
        ],
        [
            -0.002512000035494566,
            0.5227940082550049,
            -0.36726999282836914,
            0.16537800431251526,
            0.08073420077562332,
            0.7855380177497864,
            -0.0,
            0.9159899950027466,
            -0.4012010097503662,
            0.0,
            0.4012010097503662,
            0.9159899950027466
        ],
        [
            -0.423442006111145,
            0.23005400598049164,
            -0.30090999603271484,
            0.7871710062026978,
            0.12970399856567383,
            0.0679422989487648,
            0.010543299838900566,
            0.9881430268287659,
            -0.15317100286483765,
            -0.05430759862065315,
            0.15351900458335876,
            0.9866520166397095
        ]
    ],
    "ops": [
        [
            0,
            0,
            0,
            0,
            2,
            1,
            1,
            1,
            0,
            0,
            0,
            1,
            1,
            2,
            1,
            0,
            2,
            0,
            0,
            2,
            1,
            1,
            1
        ]
    ],
    "syms": [
        [
            0.0,
            0.9999979734420776,
            -0.0021821600385010242,
            0.0,
            -0.0025122500956058502,
            -0.020751699805259705,
            0.462007999420166,
            0.0
        ],
        [
            0.0,
            0.9999790191650391,
            -0.004701119847595692,
            -0.004414060153067112,
            -0.0022714301012456417,
            -0.46074000000953674,
            -0.3036929965019226,
            0.0
        ],
        [
            1.0,
            -0.0018840000266209245,
            0.38373100757598877,
            -0.25006675720214844,
            -0.002512000035494566,
            0.38653698563575745,
            -0.3151110112667084,
            0.20000000298023224
        ],
        [
            0.0,
            0.9999909996986389,
            -0.004100149963051081,
            0.001063570030964911,
            -0.0014504699502140284,
            0.22832399606704712,
            -0.3004609942436218,
            0.0
        ]
    ],
    "labels:": [
        [
            1,
            3,
            3,
            3,
            2,
            2,
            2,
            0,
            0,
            0
        ]
    ],
    "obj": 36643,
    "mat_index": 1639,
    "obbs": "N 19\n-0.002512 0.522794 -0.36727 1 0 0 0 0.401201 0.91599 0 -0.91599 0.401201 0.785538 0.0807342 0.165378\n-0.002512 -0.102519 0.098242 1 0 0 0 1 0 0 0 1 0.888898 0.208916 0.791444\n0.420541 0.226594 -0.300012 -0.00296474 0.992511 -0.12212 0.999367 0.00727009 0.0348246 0.0354517 -0.12194 -0.991904 0.793342 0.067467 0.129651\n-0.423442 0.230054 -0.30091 0.0105433 0.988143 -0.153171 0.998469 -0.00208421 0.0552823 0.0543076 -0.153519 -0.986652 0.787171 0.0679423 0.129704\n-0.002512 0.011224 -0.260177 1 0 0 0 1 0 0 0 1 0.785538 0.06268 0.081512\n-0.002512 0.106876 -0.264182 1 0 0 -0 0.0758333 0.997121 0 -0.997121 0.0758333 0.785538 0.0810064 0.0620166\n-0.002512 0.201358 -0.273972 1 0 0 0 1 0 0 0 1 0.785538 0.073468 0.089392\n-0.002512 0.294735 -0.290998 1 0 0 0 0.172533 0.985004 0 -0.985004 0.172533 0.785538 0.0842166 0.0662743\n-0.002512 0.386537 -0.315111 1 1.23592e-17 1.16452e-17 -1.23592e-17 0.0594402 0.998232 1.16452e-17 -0.998232 0.0594402 0.785538 0.0935933 0.0797568\n-0.426289 -0.019827 0.462008 1 0 0 0 1 0 0 0 1 0.064105 0.46068 0.086672\n0.421265 -0.0216765 0.462008 1 0 0 0 1 0 0 0 1 0.064104 0.464379 0.086672\n-0.432565 0.201753 0.160065 0.981228 -0.192281 0.014849 0.192281 0.969482 -0.152095 0.014849 0.152095 0.988254 0.0875671 0.100663 0.789418\n0.415613 0.201313 0.160217 -0.0246207 -0.153702 -0.98781 0.310451 0.938081 -0.153702 0.950271 -0.310451 0.0246207 0.790014 0.108473 0.0979786\n0.421265 -0.277617 0.097299 1 0 0 0 1 0 0 0 1 0.041344 0.05168 0.686218\n-0.426289 -0.277617 0.097299 1 0 0 0 1 0 0 0 1 0.041344 0.05168 0.686218\n0.422744 -0.515032 0.471413 1 0 0 0 1 0 0 0 1 0.061147 0.529854 0.067863\n0.427192 -0.462759 -0.305589 0.0175624 -0.990772 -0.134394 0.937234 0.0631314 -0.342938 0.348258 -0.119936 0.929695 0.642914 0.0845767 0.0930601\n-0.431735 -0.458721 -0.301798 0.0150065 0.992482 0.12147 0.930802 -0.058239 0.360855 0.365216 0.10765 -0.924678 0.649694 0.0845616 0.0936446\n-0.427639 -0.510503 0.471214 1 0 0 0 1 0 0 0 1 0.061406 0.538912 0.06826\nC 73\n0 2\n0 7\n0 3\n0 8\n0 6\n1 3\n1 17\n1 15\n1 6\n1 11\n1 2\n1 16\n1 14\n1 5\n1 10\n1 13\n1 4\n1 9\n1 12\n1 18\n2 8\n2 12\n2 5\n2 13\n2 16\n2 6\n2 7\n2 4\n3 11\n3 7\n3 17\n3 14\n3 6\n3 5\n3 8\n3 4\n4 7\n4 12\n4 13\n4 5\n4 14\n4 16\n4 11\n4 6\n4 17\n5 6\n5 8\n5 12\n5 11\n5 17\n5 16\n5 7\n6 7\n6 11\n6 12\n6 8\n7 12\n7 11\n7 8\n8 11\n8 12\n9 18\n9 11\n9 14\n10 15\n10 12\n10 13\n11 17\n12 16\n13 16\n13 15\n14 17\n14 18\nS 6\n2\n2 0.420541 0.226594 -0.300012\n3 -0.423442 0.230054 -0.30091\n2\n-0.00145047 0.228324 -0.300461\n-0.999991 0.00410015 -0.00106357\n5\n4 -0.002512 0.011224 -0.260177\n5 -0.002512 0.106876 -0.264182\n6 -0.002512 0.201358 -0.273972\n7 -0.002512 0.294735 -0.290998\n8 -0.002512 0.386537 -0.315111\n1\n0 0 0\n0 0 0\n2\n9 -0.426289 -0.019827 0.462008\n10 0.421265 -0.0216765 0.462008\n2\n-0.00251225 -0.0207517 0.462008\n0.999998 -0.00218216 0\n2\n13 0.421265 -0.277617 0.097299\n14 -0.426289 -0.277617 0.097299\n2\n-0.002512 -0.277617 0.097299\n-1 0 0\n2\n15 0.422744 -0.515032 0.471413\n18 -0.427639 -0.510503 0.471214\n2\n-0.00244775 -0.512767 0.471313\n-0.999986 0.00532576 -0.000233421\n2\n16 0.427192 -0.462759 -0.305589\n17 -0.431735 -0.458721 -0.301798\n2\n-0.00227143 -0.46074 -0.303693\n-0.999979 0.00470112 0.00441406\nL 19\n0\n1\n0\n0\n0\n0\n0\n0\n0\n3\n3\n3\n3\n2\n2\n2\n2\n2\n2"
}