{
    "boxes": [
        [
            -0.004490499850362539,
            -0.0620260015130043,
            0.1667259931564331,
            0.7032179832458496,
            1.052489995956421,
            0.9501330256462097,
            0.0,
            1.0,
            0.0,
            0.0,
            0.0,
            1.0
        ],
        [
            -0.39239200949668884,
            -0.08413449674844742,
            0.0833199992775917,
            0.6521949768066406,
            0.9760019779205322,
            0.22746700048446655,
            0.0,
            1.0,
            0.0,
            0.0,
            0.0,
            1.0
        ],
        [
            -0.42642301321029663,
            -0.561523973941803,
            -0.30143600702285767,
            0.3323110044002533,
            0.1012599989771843,
            0.04290800169110298,
            -2.1931100461111507e-16,
            0.9876880049705505,
            0.15643399953842163,
            3.4735398416245266e-17,
            -0.15643399953842163,
            0.9876880049705505
        ],
        [
            -0.40488898754119873,
            -0.5680029988288879,
            0.620173990726471,
            0.3153750002384186,
            0.12059500068426132,
            0.05118609964847565,
            -0.012733399868011475,
            0.9999160170555115,
            -0.0024093000683933496,
            -0.45722201466560364,
            -0.003679610090330243,
            0.8893449902534485
        ],
        [
            -0.010976499877870083,
            0.1646679937839508,
            -0.28341299295425415,
            1.1438599824905396,
            0.3805820047855377,
            0.9911990165710449,
            -0.004933570045977831,
            0.999891996383667,
            -0.013851400464773178,
            -0.005002330057322979,
            0.013826699927449226,
            0.999891996383667
        ]
    ],
    "ops": [
        [
            0,
            0,
            2,
            1,
            0,
            0,
            1,
            2,
            1,
            0,
            1
        ]
    ],
    "syms": [
        [
            0.0,
            0.999767005443573,
            0.021126899868249893,
            0.004466489888727665,
            -0.0036430000327527523,
            -0.0759195014834404,
            0.08505669981241226,
            0.0
        ],
        [
            0.0,
            1.0,
            -0.0,
            -0.0,
            -0.004490249790251255,
            -0.561523973941803,
            -0.30143600702285767,
            0.0
        ]
    ],
    "labels:": [
        [
            1,
            3,
            2,
            2,
            0
        ]
    ],
    "obj": 36665,
    "mat_index": 1654,
    "obbs": "N 8\n-0.0109765 0.164668 -0.283413 0.999975 0.00500233 0.00493357 -0.00500233 0.0138267 0.999892 0.00493357 -0.999892 0.0138514 0.991199 0.380582 1.14386\n0.385107 -0.0677045 0.0867935 1 0 0 0 1 0 0 0 1 0.224069 0.664791 1.01555\n-0.392392 -0.0841345 0.08332 1 0 0 0 1 0 0 0 1 0.227467 0.652195 0.976002\n-0.0044905 -0.062026 0.166726 1 0 0 0 1 0 0 0 1 0.950133 0.703218 1.05249\n0.417442 -0.561524 -0.301436 2.19311e-16 -0.987688 -0.156434 1 2.22045e-16 0 3.47354e-17 -0.156434 0.987688 0.332311 0.042909 0.10126\n-0.426423 -0.561524 -0.301436 -3.47354e-17 0.156434 -0.987688 1 2.22045e-16 0 2.19311e-16 -0.987688 -0.156434 0.10126 0.042908 0.332311\n0.410844 -0.568007 0.620467 -0.00762738 -0.999948 0.00671648 0.864989 -0.00996772 -0.501692 0.501733 0.00198309 0.86502 0.315253 0.0461419 0.118298\n-0.404889 -0.568003 0.620174 0.457222 0.00367961 -0.889345 0.889261 0.012426 0.457231 0.0127334 -0.999916 0.0024093 0.120595 0.0511861 0.315375\nC 15\n0 1\n0 5\n0 4\n0 3\n0 2\n1 3\n1 4\n1 6\n2 7\n2 5\n2 3\n3 6\n3 7\n3 4\n3 5\nS 3\n2\n1 0.385107 -0.0677045 0.0867935\n2 -0.392392 -0.0841345 0.08332\n2\n-0.003643 -0.0759195 0.0850567\n-0.999767 -0.0211269 -0.00446649\n2\n4 0.417442 -0.561524 -0.301436\n5 -0.426423 -0.561524 -0.301436\n2\n-0.00449025 -0.561524 -0.301436\n-1 0 0\n2\n6 0.410844 -0.568007 0.620467\n7 -0.404889 -0.568003 0.620174\n2\n0.00297734 -0.568005 0.62032\n-1 5.23435e-06 -0.000359924\nL 8\n0\n3\n3\n1\n2\n2\n2\n2"
}