{
    "boxes": [
        [
            0.01731250062584877,
            -0.13589000701904297,
            0.14180700480937958,
            0.17214399576187134,
            0.6684550046920776,
            1.4577100276947021,
            0.0,
            1.0,
            0.0,
            0.0,
            0.0,
            1.0
        ],
        [
            -0.6918309926986694,
            -0.05518300086259842,
            -0.19980600476264954,
            0.31881600618362427,
            0.11640500277280807,
            0.04707000032067299,
            0.0,
            1.0,
            0.0,
            0.0,
            0.0,
            1.0
        ],
        [
            -0.691169023513794,
            0.1372479945421219,
            0.11891099810600281,
            0.07996010035276413,
            0.7907580137252808,
            0.07681400328874588,
            0.027326900511980057,
            0.9985079765319824,
            -0.04727939888834953,
            0.0006464809994213283,
            0.04727939888834953,
            0.9988809823989868
        ],
        [
            -0.6926900148391724,
            -0.05201030150055885,
            0.4248639941215515,
            0.3964720070362091,
            0.09962940216064453,
            0.04831299930810928,
            -0.0009111600229516625,
            0.9957159757614136,
            0.09246309846639633,
            -0.04027460142970085,
            -0.09242460131645203,
            0.9949049949645996
        ],
        [
            -0.6927549839019775,
            -0.3935210108757019,
            0.4339140057563782,
            0.3782069981098175,
            0.11572600156068802,
            0.04515000060200691,
            0.0,
            1.0,
            0.0,
            0.0,
            0.0,
            1.0
        ],
        [
            -0.6927509903907776,
            -0.39424100518226624,
            -0.2007790058851242,
            0.3768399953842163,
            0.11702299863100052,
            0.04523000121116638,
            0.0,
            1.0,
            0.0,
            0.0,
            0.0,
            1.0
        ],
        [
            -0.33321601152420044,
            0.1471939980983734,
            -0.22753499448299408,
            0.7651640176773071,
            0.27432799339294434,
            0.6948750019073486,
            0.02146969921886921,
            0.9424499869346619,
            -0.33365699648857117,
            0.1041409969329834,
            0.3298099935054779,
            0.9382860064506531
        ]
    ],
    "ops": [
        [
            0,
            0,
            0,
            0,
            1,
            1,
            2,
            1,
            0,
            0,
            1,
            2,
            1,
            0,
            2,
            1
        ]
    ],
    "syms": [
        [
            0.0,
            0.9999949932098389,
            0.003080340102314949,
            0.0009513890254311264,
            0.014500799588859081,
            -0.053007300943136215,
            -0.1991340070962906,
            0.0
        ],
        [
            0.0,
            0.9999840259552002,
            -0.0056102401576936245,
            -3.535120072228892e-07,
            0.01442249957472086,
            -0.3974890112876892,
            0.4339140057563782,
            0.0
        ],
        [
            0.0,
            0.9999679923057556,
            -0.0017494399799034,
            -0.007773720193654299,
            0.02031470090150833,
            0.14657500386238098,
            -0.2302830070257187,
            0.0
        ]
    ],
    "labels:": [
        [
            1,
            3,
            3,
            3,
            2,
            2,
            0
        ]
    ],
    "obj": 36670,
    "mat_index": 1658,
    "obbs": "N 13\n-0.333216 0.147194 -0.227535 0.994331 -0.054892 -0.0910666 0.104141 0.32981 0.938286 -0.0214697 -0.94245 0.333657 0.694875 0.274328 0.765164\n0.373845 0.145957 -0.233031 1 -0.000553648 -0.000378331 0.000553648 0.363368 0.931646 -0.000378331 -0.931646 0.363368 0.673703 0.220259 0.752492\n0.723214 0.137585 0.118908 -0.000443382 -0.0456195 -0.998959 0.0194263 0.99877 -0.0456195 0.999811 -0.0194263 0.000443382 0.790739 0.079017 0.0764654\n-0.691169 0.137248 0.118911 -0.000646481 -0.0472794 -0.998881 0.0273269 0.998508 -0.0472794 0.999626 -0.0273269 0.000646481 0.790758 0.0799601 0.076814\n0.0173125 -0.13589 0.141807 1 0 0 0 1 0 0 0 1 1.45771 0.172144 0.668455\n-0.692755 -0.393521 0.433914 1 0 0 0 1 0 0 0 1 0.04515 0.378207 0.115726\n-0.692751 -0.394241 -0.200779 1 0 0 0 1 0 0 0 1 0.04523 0.37684 0.117023\n0.721604 -0.387719 -0.200791 1 0 0 0 1 0 0 0 1 0.04523 0.389884 0.117\n0.7216 -0.401456 0.433914 1 0 0 0 1 0 0 0 1 0.04515 0.362337 0.115727\n0.721755 -0.0430631 0.421957 0.00375945 -0.992389 -0.123089 0.999824 0.00146444 0.0187303 -0.0184075 -0.123138 0.992219 0.381871 0.04726 0.0953905\n0.720832 -0.0508315 -0.198463 1 0 0 0 1 0 0 0 1 0.049561 0.318813 0.113717\n-0.691831 -0.055183 -0.199806 1 0 0 0 1 0 0 0 1 0.04707 0.318816 0.116405\n-0.69269 -0.0520103 0.424864 0.00091116 -0.995716 -0.0924631 0.999188 -0.0028174 0.0401863 -0.0402746 -0.0924246 0.994905 0.396472 0.048313 0.0996294\nC 27\n0 3\n0 11\n0 4\n0 1\n0 6\n1 2\n1 10\n1 4\n1 7\n2 9\n2 10\n2 4\n3 11\n3 12\n3 4\n4 7\n4 8\n4 12\n4 9\n4 10\n4 5\n4 11\n4 6\n5 12\n6 11\n7 10\n8 9\nS 6\n2\n0 -0.333216 0.147194 -0.227535\n1 0.373845 0.145957 -0.233031\n2\n0.0203147 0.146575 -0.230283\n0.999968 -0.00174944 -0.00777372\n2\n2 0.723214 0.137585 0.118908\n3 -0.691169 0.137248 0.118911\n2\n0.0160225 0.137416 0.11891\n-1 -0.000237621 2.00491e-06\n2\n5 -0.692755 -0.393521 0.433914\n8 0.7216 -0.401456 0.433914\n2\n0.0144225 -0.397489 0.433914\n0.999984 -0.00561024 -3.53512e-07\n2\n6 -0.692751 -0.394241 -0.200779\n7 0.721604 -0.387719 -0.200791\n2\n0.0144265 -0.39098 -0.200785\n0.999989 0.00461124 -8.13083e-06\n2\n9 0.721755 -0.0430631 0.421957\n12 -0.69269 -0.0520103 0.424864\n2\n0.0145323 -0.0475367 0.423411\n-0.999978 -0.00632552 0.00205513\n2\n10 0.720832 -0.0508315 -0.198463\n11 -0.691831 -0.055183 -0.199806\n2\n0.0145008 -0.0530073 -0.199134\n-0.999995 -0.00308034 -0.000951389\nL 13\n0\n0\n3\n3\n1\n2\n2\n2\n2\n3\n3\n3\n3"
}