{
    "boxes": [
        [
            -0.012755399569869041,
            -0.16491299867630005,
            0.15856300294399261,
            0.27187201380729675,
            0.9605849981307983,
            0.9039850234985352,
            0.016427699476480484,
            0.9975379705429077,
            -0.06817790120840073,
            0.0005606909980997443,
            0.06817790120840073,
            0.997672975063324
        ],
        [
            -0.49791601300239563,
            0.07723329961299896,
            0.08272240310907364,
            0.786761999130249,
            1.083109974861145,
            0.17532800137996674,
            -0.07426030188798904,
            0.9968330264091492,
            -0.028444800525903702,
            -0.027816200628876686,
            0.026441900059580803,
            0.9992629885673523
        ],
        [
            -0.5449360013008118,
            -0.4738039970397949,
            -0.3456540107727051,
            0.3161810040473938,
            0.03111560083925724,
            0.03306109830737114,
            0.2205290049314499,
            0.899167001247406,
            0.3779760003089905,
            0.3152889907360077,
            -0.4324280023574829,
            0.8447480201721191
        ],
        [
            0.49581199884414673,
            -0.4705890119075775,
            -0.3506090044975281,
            0.29445400834083557,
            0.031585898250341415,
            0.02834320068359375,
            -0.21896199882030487,
            0.9069010019302368,
            0.3599799871444702,
            0.013498200103640556,
            -0.36608201265335083,
            0.9304850101470947
        ],
        [
            -0.5623970031738281,
            -0.46678000688552856,
            0.6334760189056396,
            0.36500298976898193,
            0.039931099861860275,
            0.030738400295376778,
            0.08528850227594376,
            0.9960989952087402,
            -0.022638199850916862,
            0.022638199850916862,
            0.02077779918909073,
            0.9995279908180237
        ],
        [
            -0.5821449756622314,
            -0.6287810206413269,
            0.11254099756479263,
            0.05412000045180321,
            1.0327099561691284,
            0.027053000405430794,
            0.0,
            1.0,
            0.0,
            0.0,
            0.0,
            1.0
        ],
        [
            -0.02844890020787716,
            0.2736540138721466,
            -0.37318000197410583,
            0.7055280208587646,
            0.12610599398612976,
            0.9069859981536865,
            0.0014940600376576185,
            0.963733971118927,
            -0.2668609917163849,
            0.001963990041986108,
            0.2668580114841461,
            0.963733971118927
        ],
        [
            -0.029002100229263306,
            0.07303349673748016,
            -0.36142998933792114,
            0.8216170072555542,
            0.127577006816864,
            1.0657800436019897,
            0.0032691399101167917,
            0.9635760188102722,
            -0.26741600036621094,
            0.004299940075725317,
            0.2674019932746887,
            0.9635760188102722
        ]
    ],
    "ops": [
        [
            0,
            0,
            2,
            1,
            0,
            0,
            0,
            0,
            1,
            2,
            1,
            1,
            1,
            0,
            0,
            1,
            1
        ]
    ],
    "syms": [
        [
            0.0,
            0.9998530149459839,
            0.015942899510264397,
            0.00624044006690383,
            -0.0236929003149271,
            0.08479490131139755,
            0.08568219840526581,
            0.0
        ],
        [
            0.0,
            0.9999669790267944,
            0.005445030052214861,
            -0.006028180010616779,
            -0.01972530037164688,
            -0.463824987411499,
            0.630204975605011,
            0.0
        ]
    ],
    "labels:": [
        [
            1,
            3,
            2,
            2,
            2,
            2,
            0,
            0
        ]
    ],
    "obj": 36685,
    "mat_index": 1670,
    "obbs": "N 11\n-0.0284489 0.273654 -0.37318 0.999997 -0.00196399 -0.00149406 0.00196399 0.266858 0.963734 -0.00149406 -0.963734 0.266861 0.906986 0.126106 0.705528\n0.45053 0.0923565 0.088642 -0.0527098 -0.997284 0.0514387 0.997284 -0.0552233 -0.0487304 0.0514387 0.0487304 0.997487 0.786488 0.149143 1.07244\n-0.497916 0.0772333 0.0827224 0.0278162 -0.0264419 -0.999263 0.996851 0.0749969 0.0257646 0.0742603 -0.996833 0.0284448 1.08311 0.175328 0.786762\n-0.0127554 -0.164913 0.158563 0.999865 -0.0164277 0.000560691 0.0164277 0.997538 -0.0681779 0.000560691 0.0681779 0.997673 0.903985 0.271872 0.960585\n-0.0290021 0.0730335 -0.36143 0.999985 -0.00429994 -0.00326914 0.00429994 0.267402 0.963576 -0.00326914 -0.963576 0.267416 1.06578 0.127577 0.821617\n0.522947 -0.46087 0.626933 0.0912536 -0.994696 0.0474582 0.994696 0.0887752 -0.0519468 0.0474582 0.0519468 0.997522 0.369507 0.029089 0.0393234\n0.495812 -0.470589 -0.350609 0.218962 -0.906901 -0.35998 0.97564 0.2086 0.0679164 0.0134982 -0.366082 0.930485 0.294454 0.0283432 0.0315859\n-0.562397 -0.46678 0.633476 -0.0852885 -0.996099 0.0226382 0.996099 -0.0857607 -0.0207778 0.0226382 0.0207778 0.999528 0.365003 0.0307384 0.0399311\n-0.544936 -0.473804 -0.345654 -0.220529 -0.899167 -0.377976 0.923017 -0.0671193 -0.37886 0.315289 -0.432428 0.844748 0.316181 0.0330611 0.0311156\n0.539022 -0.621262 0.11088 0.237995 -0.971266 0.000805157 0.971266 0.237994 -0.00102627 0.000805157 0.00102627 0.999999 0.0623533 0.0220215 1.03561\n-0.582145 -0.628781 0.112541 1 0 0 0 1 0 0 0 1 0.027053 0.05412 1.03271\nC 23\n0 2\n0 3\n0 4\n0 1\n1 3\n1 6\n1 5\n1 4\n2 8\n2 3\n2 7\n2 4\n3 7\n3 6\n3 5\n3 8\n3 4\n4 8\n4 6\n5 9\n6 9\n7 10\n8 10\nS 3\n2\n1 0.45053 0.0923565 0.088642\n2 -0.497916 0.0772333 0.0827224\n2\n-0.0236929 0.0847949 0.0856822\n-0.999853 -0.0159429 -0.00624044\n2\n5 0.522947 -0.46087 0.626933\n7 -0.562397 -0.46678 0.633476\n2\n-0.0197253 -0.463825 0.630205\n-0.999967 -0.00544503 0.00602818\n2\n9 0.539022 -0.621262 0.11088\n10 -0.582145 -0.628781 0.112541\n2\n-0.0215616 -0.625021 0.11171\n-0.999976 -0.00670658 0.00148173\nL 11\n0\n3\n3\n1\n0\n2\n2\n2\n2\n2\n2"
}