{
    "boxes": [
        [
            -0.010717500001192093,
            -0.030698999762535095,
            0.11184299737215042,
            0.11871799826622009,
            0.7562180161476135,
            0.8080210089683533,
            0.0,
            1.0,
            0.0,
            0.0,
            0.0,
            1.0
        ],
        [
            -0.008224000222980976,
            -0.4310759902000427,
            0.08954449743032455,
            0.05179399996995926,
            0.08816099911928177,
            0.6896179914474487,
            0.0,
            1.0,
            0.0,
            0.0,
            0.0,
            1.0
        ],
        [
            -0.3650889992713928,
            -0.40354999899864197,
            0.4588859975337982,
            0.8353909850120544,
            0.10499899834394455,
            0.08010800182819366,
            0.0,
            1.0,
            0.0,
            0.0,
            0.0,
            1.0
        ],
        [
            -0.36416199803352356,
            -0.43247300386428833,
            0.08711650222539902,
            0.07467900216579437,
            0.688742995262146,
            0.06088700145483017,
            0.0,
            1.0,
            0.0,
            0.0,
            0.0,
            1.0
        ],
        [
            -0.36516299843788147,
            -0.3871159851551056,
            -0.2783769965171814,
            0.8688169717788696,
            0.11957599967718124,
            0.08047699928283691,
            0.0,
            1.0,
            0.0,
            0.0,
            0.0,
            1.0
        ],
        [
            -0.008051009848713875,
            0.5490720272064209,
            -0.32716700434684753,
            0.4357300102710724,
            0.11830200254917145,
            0.7751020193099976,
            0.0013101099757477641,
            0.9842219948768616,
            -0.17693300545215607,
            0.0015666299732401967,
            0.1769309937953949,
            0.9842219948768616
        ],
        [
            -0.3427119851112366,
            0.3908480107784271,
            -0.314862996339798,
            0.717585027217865,
            0.09260249882936478,
            0.0906544029712677,
            0.049954600632190704,
            0.9861389994621277,
            -0.15822499990463257,
            0.6277390122413635,
            0.09221850335597992,
            0.7729420065879822
        ]
    ],
    "ops": [
        [
            0,
            0,
            0,
            0,
            0,
            1,
            1,
            2,
            1,
            1,
            0,
            0,
            2,
            1,
            1
        ]
    ],
    "syms": [
        [
            0.0,
            0.9999920129776001,
            -0.0005079039838165045,
            0.00390456011518836,
            -0.006588819902390242,
            -0.4037320017814636,
            0.4602850079536438,
            0.0
        ],
        [
            0.0,
            0.9999380111694336,
            -0.01101940032094717,
            0.0016377100255340338,
            -0.012079100124537945,
            0.38720500469207764,
            -0.31432101130485535,
            0.0
        ]
    ],
    "labels:": [
        [
            1,
            2,
            2,
            2,
            2,
            0,
            0
        ]
    ],
    "obj": 2315,
    "mat_index": 168,
    "obbs": "N 11\n-0.00805101 0.549072 -0.327167 0.999998 -0.00156663 -0.00131011 0.00156663 0.176931 0.984222 -0.00131011 -0.984222 0.176933 0.775102 0.118302 0.43573\n0.342286 -0.431464 0.089251 1 0 0 0 1 0 0 0 1 0.053212 0.072292 0.682752\n-0.008224 -0.431076 0.0895445 1 0 0 0 1 0 0 0 1 0.689618 0.051794 0.088161\n-0.364162 -0.432473 0.0871165 1 0 0 0 1 0 0 0 1 0.060887 0.074679 0.688743\n-0.0107175 -0.030699 0.111843 1 0 0 0 1 0 0 0 1 0.808021 0.118718 0.756218\n-0.342712 0.390848 -0.314863 -0.0499546 -0.986139 0.158225 0.77682 -0.137936 -0.614431 0.627739 0.0922185 0.772942 0.717585 0.0906544 0.0926025\n0.318554 0.383561 -0.31378 0.613606 -0.0813418 -0.785412 0.786435 0.152096 0.598653 0.0707625 -0.985013 0.157297 0.0925972 0.0907589 0.730975\n0.347288 -0.38792 -0.278355 1 0 0 0 1 0 0 0 1 0.079725 0.867488 0.119685\n0.351911 -0.403914 0.461685 0.991438 0.0316527 -0.126685 0.124864 0.0540807 0.990699 0.0382095 -0.998035 0.0496654 0.0813063 0.0908213 0.837326\n-0.365163 -0.387116 -0.278377 1 0 0 0 1 0 0 0 1 0.080477 0.868817 0.119576\n-0.365089 -0.40355 0.458886 1 0 0 0 1 0 0 0 1 0.080108 0.835391 0.104999\nC 16\n0 6\n0 5\n1 2\n1 8\n1 7\n2 3\n3 10\n3 9\n4 10\n4 7\n4 9\n4 6\n4 8\n4 5\n5 9\n6 7\nS 4\n2\n1 0.342286 -0.431464 0.089251\n3 -0.364162 -0.432473 0.0871165\n2\n-0.0109378 -0.431969 0.0881837\n-0.999994 -0.00142897 -0.00302144\n2\n5 -0.342712 0.390848 -0.314863\n6 0.318554 0.383561 -0.31378\n2\n-0.0120791 0.387205 -0.314321\n0.999938 -0.0110194 0.00163771\n2\n7 0.347288 -0.38792 -0.278355\n9 -0.365163 -0.387116 -0.278377\n2\n-0.008937 -0.387518 -0.278366\n-0.999999 0.0011292 -3.01775e-05\n2\n8 0.351911 -0.403914 0.461685\n10 -0.365089 -0.40355 0.458886\n2\n-0.00658882 -0.403732 0.460285\n-0.999992 0.000507904 -0.00390456\nL 11\n0\n2\n2\n2\n1\n0\n0\n2\n2\n2\n2"
}