{
    "boxes": [
        [
            0.005424410104751587,
            -0.10105500370264053,
            0.1956070065498352,
            0.07488080114126205,
            0.5811600089073181,
            0.6090840101242065,
            -0.007880260236561298,
            0.9995989799499512,
            0.02718370035290718,
            0.00010712900257203728,
            -0.02718370035290718,
            0.9996299743652344
        ],
        [
            -0.3263950049877167,
            -0.4560700058937073,
            -0.1544319987297058,
            0.7294510006904602,
            0.06223670020699501,
            0.049410801380872726,
            0.10197000205516815,
            0.9646589756011963,
            0.2429710030555725,
            -0.6432589888572693,
            -0.12236999720335007,
            0.7558069825172424
        ],
        [
            -0.35996100306510925,
            -0.8258410096168518,
            -0.15253199636936188,
            0.032919999212026596,
            0.04589800164103508,
            0.04755700007081032,
            0.0,
            1.0,
            0.0,
            0.0,
            0.0,
            1.0
        ],
        [
            0.3361630141735077,
            -0.4533489942550659,
            -0.1518159955739975,
            0.734080970287323,
            0.05094030126929283,
            0.05704430118203163,
            -0.11606299877166748,
            0.9635429978370667,
            0.2410700023174286,
            0.3625670075416565,
            -0.18486200273036957,
            0.9134389758110046
        ],
        [
            -0.3247720003128052,
            -0.47088098526000977,
            0.4530549943447113,
            0.6861140131950378,
            0.051785700023174286,
            0.05081240087747574,
            0.08897049725055695,
            0.9932550191879272,
            -0.07435359805822372,
            -0.3540340065956116,
            0.10131099820137024,
            0.9297289848327637
        ],
        [
            -0.35996100306510925,
            -0.8258410096168518,
            0.38654500246047974,
            0.032919999212026596,
            0.04589800164103508,
            0.04755700007081032,
            0.0,
            1.0,
            0.0,
            0.0,
            0.0,
            1.0
        ],
        [
            -0.3612540066242218,
            -0.8113970160484314,
            0.11904200166463852,
            0.05499099940061569,
            0.701324999332428,
            0.03200000151991844,
            0.0,
            1.0,
            0.0,
            0.0,
            0.0,
            1.0
        ],
        [
            0.2071010023355484,
            -0.023344499990344048,
            -0.1018579974770546,
            0.19225899875164032,
            0.025247100740671158,
            0.20179499685764313,
            -7.475940037693363e-06,
            0.7230449914932251,
            -0.6908010244369507,
            -1.7482099792687222e-05,
            0.6908010244369507,
            0.7230449914932251
        ],
        [
            -0.1964859962463379,
            -0.023344499990344048,
            -0.1018579974770546,
            0.19225899875164032,
            0.025247100740671158,
            0.20179499685764313,
            -7.475940037693363e-06,
            0.7230449914932251,
            -0.6908010244369507,
            -1.7482099792687222e-05,
            0.6908010244369507,
            0.7230449914932251
        ],
        [
            0.005307000130414963,
            0.6027420163154602,
            -0.2595829963684082,
            0.23098699748516083,
            0.012725699692964554,
            0.20179399847984314,
            1.5983100354333146e-07,
            0.9774349927902222,
            -0.21123699843883514,
            1.980630059961186e-07,
            0.21123699843883514,
            0.9774349927902222
        ],
        [
            -0.19648699462413788,
            0.6027420163154602,
            -0.2595829963684082,
            0.23098699748516083,
            0.012725699692964554,
            0.20179300010204315,
            -0.0,
            0.9774349927902222,
            -0.21123699843883514,
            0.0,
            0.21123699843883514,
            0.9774349927902222
        ],
        [
            0.005369650200009346,
            0.31160199642181396,
            -0.1784680038690567,
            0.8435220122337341,
            0.12009699642658234,
            0.6097760200500488,
            0.000750778999645263,
            0.9769459962844849,
            -0.2134850025177002,
            0.0009325569844804704,
            0.2134850025177002,
            0.9769459962844849
        ],
        [
            0.2071010023355484,
            0.6027420163154602,
            -0.2595829963684082,
            0.23098699748516083,
            0.012725699692964554,
            0.20179300010204315,
            -0.0,
            0.9774349927902222,
            -0.21123699843883514,
            0.0,
            0.21123699843883514,
            0.9774349927902222
        ],
        [
            0.2071010023355484,
            0.3752860128879547,
            -0.2168949991464615,
            0.23098699748516083,
            0.012725899927318096,
            0.20179300010204315,
            -0.0,
            0.9774360060691833,
            -0.2112320065498352,
            0.0,
            0.2112320065498352,
            0.9774360060691833
        ],
        [
            0.005307000130414963,
            0.3752860128879547,
            -0.2168949991464615,
            0.23098699748516083,
            0.01272599957883358,
            0.20179399847984314,
            1.5983499679350643e-07,
            0.9774360060691833,
            -0.2112320065498352,
            1.980660044864635e-07,
            0.2112320065498352,
            0.9774360060691833
        ],
        [
            -0.19648699462413788,
            0.3752860128879547,
            -0.2168949991464615,
            0.23098699748516083,
            0.012725899927318096,
            0.20179300010204315,
            -0.0,
            0.9774360060691833,
            -0.2112320065498352,
            -0.0,
            0.2112320065498352,
            0.9774360060691833
        ],
        [
            0.0053071798756718636,
            -0.023344499990344048,
            -0.1018579974770546,
            0.19225899875164032,
            0.025247100740671158,
            0.20179599523544312,
            -7.456089861079818e-06,
            0.7230449914932251,
            -0.6908010244369507,
            -1.743569919199217e-05,
            0.6908010244369507,
            0.7230449914932251
        ]
    ],
    "ops": [
        [
            0,
            0,
            0,
            2,
            1,
            0,
            2,
            0,
            0,
            0,
            1,
            2,
            1,
            1,
            1,
            1,
            0,
            0,
            1,
            0,
            0,
            1,
            2,
            1,
            0,
            0,
            2,
            1,
            0,
            0,
            1,
            0,
            0,
            1,
            1,
            1,
            1,
            1
        ]
    ],
    "syms": [
        [
            0.0,
            1.0,
            -0.0,
            -0.0,
            0.007605750113725662,
            -0.8258410096168518,
            -0.15253199636936188,
            0.0
        ],
        [
            0.0,
            0.0028027500957250595,
            -0.014536900445818901,
            0.9998900294303894,
            0.337009996175766,
            -0.45774099230766296,
            0.150301992893219,
            0.0
        ],
        [
            0.0,
            1.0,
            -0.0,
            -0.0,
            0.007605750113725662,
            -0.8258410096168518,
            0.38654500246047974,
            0.0
        ],
        [
            0.0,
            2.9550201261635545e-14,
            0.9828400015830994,
            -0.18445900082588196,
            0.005307000130414963,
            0.3752860128879547,
            -0.2168949991464615,
            0.0
        ],
        [
            0.0,
            0.0,
            0.9828400015830994,
            -0.18445900082588196,
            0.2071010023355484,
            0.3752860128879547,
            -0.2168949991464615,
            0.0
        ]
    ],
    "labels:": [
        [
            1,
            2,
            2,
            2,
            2,
            2,
            2,
            0,
            0,
            0,
            0,
            0,
            0,
            0,
            0,
            0,
            0
        ]
    ],
    "obj": 36705,
    "mat_index": 1682,
    "obbs": "N 24\n0.207101 0.602742 -0.259583 1 0 0 0 0.211237 0.977435 0 -0.977435 0.211237 0.201793 0.0127257 0.230987\n0.207101 0.375286 -0.216895 1 0 0 0 0.211232 0.977436 0 -0.977436 0.211232 0.201793 0.0127259 0.230987\n0.005307 0.375286 -0.216895 1 -1.98066e-07 -1.59835e-07 1.98066e-07 0.211232 0.977436 -1.59835e-07 -0.977436 0.211232 0.201794 0.012726 0.230987\n0.005307 0.602742 -0.259583 1 -1.98063e-07 -1.59831e-07 1.98063e-07 0.211237 0.977435 -1.59831e-07 -0.977435 0.211237 0.201794 0.0127257 0.230987\n-0.196487 0.602742 -0.259583 1 0 0 0 0.211237 0.977435 0 -0.977435 0.211237 0.201793 0.0127257 0.230987\n-0.196487 0.375286 -0.216895 1 0 0 -0 0.211232 0.977436 0 -0.977436 0.211232 0.201793 0.0127259 0.230987\n-0.196487 0.147831 -0.174206 1 0 0 0 0.211232 0.977436 0 -0.977436 0.211232 0.201793 0.0127256 0.230987\n0.005307 0.147831 -0.174206 1 -1.98063e-07 -1.59832e-07 1.98063e-07 0.211232 0.977436 -1.59832e-07 -0.977436 0.211232 0.201794 0.0127257 0.230987\n0.207101 0.147831 -0.174206 1 0 0 0 0.211232 0.977436 0 -0.977436 0.211232 0.201793 0.0127256 0.230987\n0.207101 -0.0233445 -0.101858 -7.47594e-06 0.723045 -0.690801 -1.74821e-05 0.690801 0.723045 1 1.74821e-05 7.47594e-06 0.192259 0.0252471 0.201795\n0.00530718 -0.0233445 -0.101858 -7.45609e-06 0.723045 -0.690801 -1.74357e-05 0.690801 0.723045 1 1.74357e-05 7.45609e-06 0.192259 0.0252471 0.201796\n-0.196486 -0.0233445 -0.101858 -7.47594e-06 0.723045 -0.690801 -1.74821e-05 0.690801 0.723045 1 1.74821e-05 7.47594e-06 0.192259 0.0252471 0.201795\n0.00542441 -0.101055 0.195607 -0.000107129 0.0271837 -0.99963 -0.00788026 0.999599 0.0271837 0.999969 0.00788026 0.000107129 0.58116 0.0748808 0.609084\n0.375172 -0.825841 0.386545 1 0 0 0 1 0 0 0 1 0.047556 0.03292 0.045898\n0.375172 -0.825841 -0.152532 1 0 0 0 1 0 0 0 1 0.047556 0.03292 0.045898\n-0.359961 -0.825841 0.386545 1 0 0 0 1 0 0 0 1 0.047557 0.03292 0.045898\n-0.359961 -0.825841 -0.152532 1 0 0 0 1 0 0 0 1 0.047557 0.03292 0.045898\n0.00536965 0.311602 -0.178468 0.999999 -0.000932557 -0.000750779 0.000932557 0.213485 0.976946 -0.000750779 -0.976946 0.213485 0.609776 0.120097 0.843522\n-0.324772 -0.470881 0.453055 0.0889705 0.993255 -0.0743536 0.930991 -0.0563948 0.36066 0.354034 -0.101311 -0.929729 0.686114 0.0508124 0.0517857\n0.337857 -0.462133 0.45242 -0.105089 0.991219 -0.0802589 -0.47717 0.0205483 0.878571 0.872505 0.130625 0.470821 0.687146 0.0552393 0.0517313\n0.336163 -0.453349 -0.151816 0.924702 0.193421 -0.327893 0.362567 -0.184862 0.913439 0.116063 -0.963543 -0.24107 0.0570443 0.0509403 0.734081\n-0.326395 -0.45607 -0.154432 0.10197 0.964659 0.242971 -0.643259 -0.12237 0.755807 0.758828 -0.233363 0.608047 0.729451 0.0622367 0.0494108\n0.372009 -0.808948 0.124714 0.0019529 0.0020989 -0.999996 0.997405 0.071971 0.0020989 0.0719751 -0.997405 -0.0019529 0.712756 0.0312468 0.0610503\n-0.361254 -0.811397 0.119042 1 0 0 0 1 0 0 0 1 0.032 0.054991 0.701325\nC 98\n0 7\n0 17\n0 4\n0 1\n0 5\n0 8\n0 2\n0 3\n1 17\n1 6\n1 5\n1 10\n1 3\n1 4\n1 9\n1 7\n1 2\n1 8\n2 5\n2 6\n2 17\n2 11\n2 7\n2 8\n2 3\n2 4\n2 9\n2 10\n3 7\n3 17\n3 6\n3 5\n3 4\n3 8\n4 5\n4 6\n4 17\n4 7\n5 8\n5 11\n5 17\n5 10\n5 7\n5 6\n6 9\n6 7\n6 10\n6 11\n6 17\n6 8\n6 21\n6 12\n7 12\n7 8\n7 21\n7 17\n7 11\n7 20\n7 10\n7 9\n8 12\n8 9\n8 10\n8 20\n8 11\n8 17\n9 20\n9 11\n9 12\n9 17\n9 10\n10 17\n10 20\n10 11\n10 21\n10 12\n11 21\n11 12\n11 17\n12 17\n12 18\n12 20\n12 19\n12 21\n13 19\n13 22\n14 22\n14 20\n15 23\n15 18\n16 23\n16 21\n17 20\n17 21\n18 23\n19 22\n20 22\n21 23\nS 7\n2\n7 0.005307 0.147831 -0.174206\n3 0.005307 0.602742 -0.259583\n2\n0.005307 0.375286 -0.216895\n2.95502e-14 0.98284 -0.184459\n2\n6 -0.196487 0.147831 -0.174206\n4 -0.196487 0.602742 -0.259583\n2\n-0.196487 0.375286 -0.216895\n0 0.98284 -0.184459\n2\n8 0.207101 0.147831 -0.174206\n0 0.207101 0.602742 -0.259583\n2\n0.207101 0.375286 -0.216895\n0 0.98284 -0.184459\n2\n13 0.375172 -0.825841 0.386545\n15 -0.359961 -0.825841 0.386545\n2\n0.00760575 -0.825841 0.386545\n-1 0 0\n2\n14 0.375172 -0.825841 -0.152532\n16 -0.359961 -0.825841 -0.152532\n2\n0.00760575 -0.825841 -0.152532\n-1 0 0\n2\n19 0.337857 -0.462133 0.45242\n20 0.336163 -0.453349 -0.151816\n2\n0.33701 -0.457741 0.150302\n-0.00280275 0.0145369 -0.99989\n2\n22 0.372009 -0.808948 0.124714\n23 -0.361254 -0.811397 0.119042\n2\n0.00537755 -0.810173 0.121878\n-0.999965 -0.00333984 -0.00773437\nL 24\n0\n0\n0\n0\n0\n0\n0\n0\n0\n0\n0\n0\n1\n2\n2\n2\n2\n0\n2\n2\n2\n2\n2\n2"
}