{
    "boxes": [
        [
            -0.0040015000849962234,
            -0.40762099623680115,
            0.12755300104618073,
            0.26155000925064087,
            0.6226620078086853,
            0.464477002620697,
            0.0,
            1.0,
            0.0,
            0.0,
            0.0,
            1.0
        ],
        [
            -0.2549000084400177,
            -0.3083550035953522,
            0.18289299309253693,
            0.4790340065956116,
            0.5035039782524109,
            0.14359299838542938,
            -0.08435379713773727,
            0.9959689974784851,
            -0.030494900420308113,
            -0.02629449963569641,
            0.028368400409817696,
            0.9992520213127136
        ],
        [
            -0.24580299854278564,
            -0.5835139751434326,
            -0.17985999584197998,
            0.09023500233888626,
            0.041790999472141266,
            0.04179200157523155,
            0.0,
            1.0,
            0.0,
            0.0,
            0.0,
            1.0
        ],
        [
            -0.2645309865474701,
            -0.5835139751434326,
            0.4192950129508972,
            0.09023500233888626,
            0.041790999472141266,
            0.041790999472141266,
            0.0,
            1.0,
            0.0,
            0.0,
            0.0,
            1.0
        ],
        [
            -0.23435400426387787,
            0.22764599323272705,
            -0.10675899684429169,
            1.5334899425506592,
            0.25292500853538513,
            0.08819200098514557,
            0.0,
            1.0,
            0.0,
            0.0,
            0.0,
            1.0
        ],
        [
            -0.0040015000849962234,
            0.3335219919681549,
            -0.15644200146198273,
            1.2946499586105347,
            0.1404860019683838,
            0.45336300134658813,
            -2.1393200100305876e-08,
            0.9967510104179382,
            -0.08054859936237335,
            -2.3191800480049096e-08,
            0.08054859936237335,
            0.9967510104179382
        ],
        [
            -0.002767500001937151,
            -0.3662729859352112,
            -0.18781399726867676,
            0.3474389910697937,
            0.025668000802397728,
            0.43815699219703674,
            0.0,
            1.0,
            0.0,
            0.0,
            0.0,
            1.0
        ]
    ],
    "ops": [
        [
            0,
            0,
            2,
            1,
            0,
            0,
            1,
            2,
            1,
            0,
            2,
            0,
            0,
            1,
            1,
            1
        ]
    ],
    "syms": [
        [
            0.0,
            0.9999809861183167,
            0.0014443000545725226,
            0.005941439885646105,
            -0.006639029830694199,
            -0.30799600481987,
            0.18436799943447113,
            0.0
        ],
        [
            0.0,
            1.0,
            0.0,
            0.0,
            -0.004001250024884939,
            -0.5835139751434326,
            -0.17985999584197998,
            0.0
        ],
        [
            0.0,
            0.9999949932098389,
            -0.0017146399477496743,
            -0.0027844600845128298,
            -0.004652780015021563,
            0.22725200653076172,
            -0.10739800333976746,
            0.0
        ]
    ],
    "labels:": [
        [
            1,
            3,
            2,
            2,
            0,
            0,
            0
        ]
    ],
    "obj": 36713,
    "mat_index": 1686,
    "obbs": "N 11\n-0.0040015 0.333522 -0.156442 -2.13932e-08 0.996751 -0.0805486 -2.31918e-08 0.0805486 0.996751 1 2.31918e-08 2.13932e-08 1.29465 0.140486 0.453363\n0.241622 -0.307638 0.185843 -0.152027 -0.988345 -0.00782076 0.985057 -0.150864 -0.0830863 0.0809381 -0.0203353 0.996512 0.472224 0.146734 0.512963\n-0.2549 -0.308355 0.182893 -0.0843538 0.995969 -0.0304949 0.996089 0.0850925 0.0237955 0.0262945 -0.0283684 -0.999252 0.479034 0.143593 0.503504\n-0.0040015 -0.407621 0.127553 1 0 0 0 1 0 0 0 1 0.464477 0.26155 0.622662\n-0.234354 0.227646 -0.106759 1 0 0 0 1 0 0 0 1 0.088192 1.53349 0.252925\n0.225048 0.226858 -0.108038 -0.00179665 -0.999997 -0.00152518 0.999997 -0.00179897 0.00152244 -0.00152518 -0.00152244 0.999998 1.53505 0.11542 0.253398\n-0.0027675 -0.366273 -0.187814 1 0 0 0 1 0 0 0 1 0.438157 0.347439 0.025668\n-0.245803 -0.583514 -0.17986 1 0 0 0 1 0 0 0 1 0.041792 0.090235 0.041791\n0.2378 -0.583514 -0.17986 1 0 0 0 1 0 0 0 1 0.041791 0.090235 0.041791\n0.256529 -0.583514 0.419295 1 0 0 0 1 0 0 0 1 0.041791 0.090235 0.041791\n-0.264531 -0.583514 0.419295 1 0 0 0 1 0 0 0 1 0.041791 0.090235 0.041791\nC 31\n0 2\n0 7\n0 3\n0 4\n0 5\n0 8\n0 1\n0 6\n1 3\n1 6\n1 5\n1 9\n1 8\n2 6\n2 10\n2 3\n2 7\n2 4\n3 7\n3 10\n3 6\n3 9\n3 5\n3 8\n3 4\n4 7\n4 6\n5 6\n5 8\n6 7\n6 8\nS 4\n2\n1 0.241622 -0.307638 0.185843\n2 -0.2549 -0.308355 0.182893\n2\n-0.00663903 -0.307996 0.184368\n-0.999981 -0.0014443 -0.00594144\n2\n4 -0.234354 0.227646 -0.106759\n5 0.225048 0.226858 -0.108038\n2\n-0.00465278 0.227252 -0.107398\n0.999995 -0.00171464 -0.00278446\n2\n7 -0.245803 -0.583514 -0.17986\n8 0.2378 -0.583514 -0.17986\n2\n-0.00400125 -0.583514 -0.17986\n1 0 0\n2\n9 0.256529 -0.583514 0.419295\n10 -0.264531 -0.583514 0.419295\n2\n-0.004001 -0.583514 0.419295\n-1 0 0\nL 11\n0\n3\n3\n1\n0\n0\n0\n2\n2\n2\n2"
}