{
    "boxes": [
        [
            -0.004360999912023544,
            -0.08332949876785278,
            0.1277969926595688,
            0.5804849863052368,
            1.0576800107955933,
            1.0438400506973267,
            0.0,
            1.0,
            0.0,
            0.0,
            0.0,
            1.0
        ],
        [
            0.3141059875488281,
            0.028843600302934647,
            0.1130089983344078,
            0.3003680109977722,
            0.8097500205039978,
            0.14993000030517578,
            -0.23026199638843536,
            0.9632940292358398,
            -0.13800300657749176,
            0.13800300657749176,
            0.17270399630069733,
            0.9752579927444458
        ],
        [
            -0.005144250113517046,
            0.3604390025138855,
            -0.3683150112628937,
            0.9981279969215393,
            0.2866939902305603,
            0.6840090155601501,
            0.01032519992440939,
            0.9699699878692627,
            -0.2430039942264557,
            0.013230100274085999,
            0.2428629994392395,
            0.9699699878692627
        ]
    ],
    "ops": [
        [
            0,
            0,
            2,
            1,
            0,
            1
        ]
    ],
    "syms": [
        [
            0.0,
            0.9997180104255676,
            0.011842399835586548,
            -0.020584499463438988,
            -0.004652560222893953,
            0.025067700073122978,
            0.11957299709320068,
            0.0
        ]
    ],
    "labels:": [
        [
            1,
            3,
            0
        ]
    ],
    "obj": 2316,
    "mat_index": 169,
    "obbs": "N 4\n-0.00514425 0.360439 -0.368315 0.999859 -0.0132301 -0.0103252 0.0132301 0.242863 0.96997 -0.0103252 -0.96997 0.243004 0.684009 0.286694 0.998128\n0.314106 0.0288436 0.113009 0.230262 -0.963294 0.138003 0.963294 0.205521 -0.172704 0.138003 0.172704 0.975258 0.300368 0.14993 0.80975\n-0.323411 0.0212917 0.126136 0.120065 -0.19388 -0.97365 0.962713 -0.216749 0.161877 -0.242422 -0.956781 0.160627 0.786812 0.147623 0.315557\n-0.004361 -0.0833295 0.127797 1 0 0 0 1 0 0 0 1 1.04384 0.580485 1.05768\nC 5\n0 1\n0 3\n0 2\n1 3\n2 3\nS 1\n2\n1 0.314106 0.0288436 0.113009\n2 -0.323411 0.0212917 0.126136\n2\n-0.00465256 0.0250677 0.119573\n-0.999718 -0.0118424 0.0205845\nL 4\n0\n3\n3\n1"
}