{
    "boxes": [
        [
            -0.012965199537575245,
            -0.058889299631118774,
            0.16389000415802002,
            0.451092004776001,
            1.1969499588012695,
            1.1346499919891357,
            -0.0025396100245416164,
            0.9998310208320618,
            0.0182133000344038,
            2.312929973413702e-05,
            -0.0182133000344038,
            0.9998340010643005
        ],
        [
            -0.015095500275492668,
            -0.3103170096874237,
            0.007540499791502953,
            0.3330940008163452,
            0.39971300959587097,
            0.39971300959587097,
            0.0,
            1.0,
            0.0,
            0.0,
            0.0,
            1.0
        ],
        [
            -0.016913600265979767,
            -0.511214017868042,
            0.007457859814167023,
            0.0694895014166832,
            0.6167340278625488,
            0.6176980137825012,
            0.001178810023702681,
            0.9999819993972778,
            0.005894009955227375,
            -0.7071089744567871,
            -0.0033341499511152506,
            0.7070969939231873
        ],
        [
            0.0022375700064003468,
            0.29265299439430237,
            -0.4209609925746918,
            0.90904301404953,
            0.33055099844932556,
            1.126420021057129,
            0.051766399294137955,
            0.8737080097198486,
            -0.48368901014328003,
            -0.0009676939807832241,
            0.4843820035457611,
            0.8748559951782227
        ]
    ],
    "ops": [
        [
            0,
            0,
            0,
            1,
            1,
            0,
            1
        ]
    ],
    "syms": [
        [
            0.0,
            0.0,
            0.0,
            0.0,
            0.0,
            0.0,
            0.0,
            0.0
        ]
    ],
    "labels:": [
        [
            1,
            2,
            2,
            0
        ]
    ],
    "obj": 36728,
    "mat_index": 1697,
    "obbs": "N 4\n0.00223757 0.292653 -0.420961 0.0517664 0.873708 -0.483689 -0.000967694 0.484382 0.874856 0.998659 -0.0448201 0.0259202 0.909043 0.330551 1.12642\n-0.0129652 -0.0588893 0.16389 0.999997 0.00253961 2.31293e-05 -0.00253961 0.999831 0.0182133 2.31293e-05 -0.0182133 0.999834 1.13465 0.451092 1.19695\n-0.0150955 -0.310317 0.0075405 1 0 0 0 1 0 0 0 1 0.399713 0.333094 0.399713\n-0.0169136 -0.511214 0.00745786 0.707109 0.00333415 -0.707097 0.00117881 0.999982 0.00589401 0.707104 -0.00500124 0.707092 0.616734 0.0694895 0.617698\nC 5\n0 1\n0 2\n1 3\n1 2\n2 3\nS 0\nL 4\n0\n1\n2\n2"
}