{
    "boxes": [
        [
            -0.002400999888777733,
            -0.13654999434947968,
            0.15221400558948517,
            0.1508840024471283,
            0.8829609751701355,
            0.834551990032196,
            0.0,
            1.0,
            0.0,
            0.0,
            0.0,
            1.0
        ],
        [
            -0.002867999952286482,
            0.2381020039319992,
            0.05511689931154251,
            0.040525298565626144,
            1.3960399627685547,
            1.3276400566101074,
            4.376210060996755e-09,
            0.8172060251235962,
            0.5763459801673889,
            -0.10452800244092941,
            -0.5731890201568604,
            0.812729001045227
        ],
        [
            -0.002916140016168356,
            -0.19100099802017212,
            0.5628160238265991,
            0.06240370124578476,
            0.14862099289894104,
            0.7496529817581177,
            -0.00619093980640173,
            0.8441389799118042,
            -0.5360890030860901,
            -0.0017996999667957425,
            0.5360890030860901,
            0.8441590070724487
        ],
        [
            -0.5120829939842224,
            -0.40294599533081055,
            -0.26072201132774353,
            0.7313230037689209,
            0.07965540140867233,
            0.16763900220394135,
            0.20659999549388885,
            0.9683340191841125,
            0.14016300439834595,
            0.08842319995164871,
            -0.16114600002765656,
            0.9829609990119934
        ],
        [
            -0.38306599855422974,
            -0.41900500655174255,
            0.5028240084648132,
            0.7037230134010315,
            0.0721919983625412,
            0.061886999756097794,
            0.0,
            1.0,
            0.0,
            0.0,
            0.0,
            1.0
        ],
        [
            -0.0025532899890094995,
            0.25974398851394653,
            -0.3541490137577057,
            0.8153280019760132,
            0.08863119781017303,
            0.8050190210342407,
            -0.004239100031554699,
            0.9651100039482117,
            -0.2618120014667511,
            -0.005542209837585688,
            0.261788010597229,
            0.9651100039482117
        ]
    ],
    "ops": [
        [
            0,
            0,
            1,
            0,
            0,
            0,
            1,
            2,
            1,
            1,
            0,
            1
        ]
    ],
    "syms": [
        [
            0.0,
            0.9999960064888,
            -0.002654569922015071,
            0.0010179600212723017,
            -0.00521583016961813,
            -0.4042910039424896,
            -0.260206013917923,
            0.0
        ]
    ],
    "labels:": [
        [
            1,
            3,
            2,
            2,
            2,
            0
        ]
    ],
    "obj": 36752,
    "mat_index": 1711,
    "obbs": "N 8\n-0.00255329 0.259744 -0.354149 -0.0042391 0.96511 -0.261812 -0.00554221 0.261788 0.96511 0.999976 0.00554221 0.0042391 0.815328 0.0886312 0.805019\n-0.00291614 -0.191001 0.562816 0.0017997 -0.536089 -0.844159 -0.00619094 0.844139 -0.536089 0.999979 0.00619094 -0.0017997 0.148621 0.0624037 0.749653\n-0.002868 0.238102 0.0551169 -0.994522 0.0602446 -0.0854213 4.37621e-09 0.817206 0.576346 0.104528 0.573189 -0.812729 1.32764 0.0405253 1.39604\n-0.002401 -0.13655 0.152214 1 0 0 0 1 0 0 0 1 0.834552 0.150884 0.882961\n0.501651 -0.405637 -0.25969 0.984728 0.168987 0.0418876 -0.014737 -0.158825 0.987197 0.173476 -0.972737 -0.153909 0.165966 0.079813 0.731052\n0.367555 -0.416535 0.503155 1 0 0 0 1 0 0 0 1 0.083738 0.70873 0.073557\n-0.512083 -0.402946 -0.260722 0.2066 0.968334 0.140163 0.0884232 -0.161146 0.982961 0.974422 -0.190686 -0.118916 0.731323 0.0796554 0.167639\n-0.383066 -0.419005 0.502824 1 0 0 0 1 0 0 0 1 0.061887 0.703723 0.072192\nC 15\n0 6\n0 4\n0 3\n0 2\n1 2\n1 3\n1 5\n1 7\n2 7\n2 5\n2 3\n3 5\n3 6\n3 7\n3 4\nS 2\n2\n4 0.501651 -0.405637 -0.25969\n6 -0.512083 -0.402946 -0.260722\n2\n-0.00521583 -0.404291 -0.260206\n-0.999996 0.00265457 -0.00101796\n2\n5 0.367555 -0.416535 0.503155\n7 -0.383066 -0.419005 0.502824\n2\n-0.00775525 -0.41777 0.50299\n-0.999994 -0.00329126 -0.000441632\nL 8\n0\n2\n3\n1\n2\n2\n2\n2"
}