{
    "boxes": [
        [
            -0.004195170011371374,
            -0.07676789909601212,
            0.14459499716758728,
            0.19088399410247803,
            0.7426210045814514,
            0.807017982006073,
            0.004962900187820196,
            0.9866790175437927,
            -0.16260500252246857,
            0.00040620198706164956,
            0.16260500252246857,
            0.9866909980773926
        ],
        [
            -0.34117400646209717,
            -0.3384299874305725,
            -0.2601040005683899,
            0.9550830125808716,
            0.10494499653577805,
            0.11611700057983398,
            -0.0006814430234953761,
            0.9958009719848633,
            0.09154380112886429,
            -0.23737899959087372,
            -0.08908829838037491,
            0.9673230051994324
        ],
        [
            0.3473399877548218,
            -0.4545620083808899,
            0.47071999311447144,
            0.7162240147590637,
            0.0801623985171318,
            0.08769930154085159,
            -0.011591300368309021,
            0.9992089867591858,
            -0.0380278006196022,
            -0.22723400592803955,
            0.03440310060977936,
            0.9732319712638855
        ],
        [
            -0.3532159924507141,
            -0.45509201288223267,
            0.47499901056289673,
            0.7134919762611389,
            0.07334309816360474,
            0.08556870371103287,
            0.007456989958882332,
            0.999189019203186,
            -0.039560601115226746,
            -0.15509800612926483,
            0.040238700807094574,
            0.9870790243148804
        ],
        [
            -0.004222509916871786,
            0.29592499136924744,
            -0.2897680103778839,
            0.9699959754943848,
            0.13078400492668152,
            0.7775089740753174,
            -0.002683949889615178,
            0.9612360000610352,
            -0.2757140100002289,
            -0.0035620098933577538,
            0.2757039964199066,
            0.9612360000610352
        ]
    ],
    "ops": [
        [
            0,
            0,
            2,
            0,
            0,
            1,
            1,
            1,
            0,
            1
        ]
    ],
    "syms": [
        [
            0.0,
            0.9998310208320618,
            0.011323899962008,
            0.014511000365018845,
            -0.0015858999686315656,
            -0.33458399772644043,
            -0.25517499446868896,
            0.0
        ]
    ],
    "labels:": [
        [
            1,
            2,
            2,
            2,
            0
        ]
    ],
    "obj": 36778,
    "mat_index": 1728,
    "obbs": "N 6\n-0.00422251 0.295925 -0.289768 -0.00268395 0.961236 -0.275714 -0.00356201 0.275704 0.961236 0.99999 0.00356201 0.00268395 0.969996 0.130784 0.777509\n-0.00419517 -0.0767679 0.144595 0.999988 -0.0049629 0.000406202 0.0049629 0.986679 -0.162605 0.000406202 0.162605 0.986691 0.807018 0.190884 0.742621\n0.338002 -0.330738 -0.250247 0.983365 0.0257816 -0.179803 0.181519 -0.102971 0.977982 0.00669931 -0.99435 -0.105938 0.116171 0.140536 0.973257\n0.34734 -0.454562 0.47072 -0.0115913 0.999209 -0.0380278 -0.227234 0.0344031 0.973232 0.973771 0.0199222 0.226656 0.716224 0.0801624 0.0876993\n-0.353216 -0.455092 0.474999 0.00745699 0.999189 -0.0395606 -0.155098 0.0402387 0.987079 0.987871 -0.00122487 0.155272 0.713492 0.0733431 0.0855687\n-0.341174 -0.33843 -0.260104 -0.000681443 0.995801 0.0915438 -0.237379 -0.0890883 0.967323 0.971417 -0.0210714 0.236443 0.955083 0.104945 0.116117\nC 7\n0 1\n0 5\n0 2\n1 2\n1 3\n1 4\n1 5\nS 1\n2\n2 0.338002 -0.330738 -0.250247\n5 -0.341174 -0.33843 -0.260104\n2\n-0.0015859 -0.334584 -0.255175\n-0.999831 -0.0113239 -0.014511\nL 6\n0\n1\n2\n2\n2\n2"
}