{
    "boxes": [
        [
            0.000733143009711057,
            0.015947099775075912,
            0.11107700318098068,
            0.10010000318288803,
            0.7423099875450134,
            0.7101500034332275,
            0.0019465299556031823,
            0.9945650100708008,
            -0.10409899801015854,
            0.00010159100202145055,
            0.10409899801015854,
            0.9945669770240784
        ],
        [
            -0.3767099976539612,
            -0.3460350036621094,
            -0.26829299330711365,
            0.7014610171318054,
            0.03776689991354942,
            0.03350700065493584,
            0.05559359863400459,
            0.9955689907073975,
            0.07583410292863846,
            0.17224399745464325,
            -0.08437570184469223,
            0.9814339876174927
        ],
        [
            0.3752340078353882,
            -0.3444789946079254,
            -0.27114999294281006,
            0.6988450288772583,
            0.031283900141716,
            0.03798120096325874,
            -0.05660330131649971,
            0.995015025138855,
            0.08210760354995728,
            -0.5811100006103516,
            -0.09970760345458984,
            0.8076940178871155
        ],
        [
            -0.40113699436187744,
            -0.7070519924163818,
            -0.26205700635910034,
            0.02229199931025505,
            0.0518530011177063,
            0.017194999381899834,
            0.0,
            1.0,
            0.0,
            0.0,
            0.0,
            1.0
        ],
        [
            -0.40072500705718994,
            -0.6894050240516663,
            0.162663996219635,
            0.03730800002813339,
            0.9038019776344299,
            0.021925000473856926,
            0.0,
            1.0,
            0.0,
            0.0,
            0.0,
            1.0
        ],
        [
            -0.40113699436187744,
            -0.7070519924163818,
            0.46134400367736816,
            0.02229199931025505,
            0.05185399949550629,
            0.01719599962234497,
            0.0,
            1.0,
            0.0,
            0.0,
            0.0,
            1.0
        ],
        [
            -0.3738600015640259,
            -0.3099760115146637,
            0.5291659832000732,
            0.7638610005378723,
            0.03806620091199875,
            0.032381199300289154,
            0.05618920177221298,
            0.9744240045547485,
            -0.2175779938697815,
            0.5977680087089539,
            0.14171500504016876,
            0.7890440225601196
        ],
        [
            -0.0011052800109609962,
            0.26896899938583374,
            -0.2997879981994629,
            0.5706250071525574,
            0.09233620017766953,
            0.62950599193573,
            0.007136620115488768,
            0.9732930064201355,
            -0.22945399582386017,
            0.009014420211315155,
            0.22938799858093262,
            0.9732930064201355
        ]
    ],
    "ops": [
        [
            0,
            0,
            0,
            0,
            0,
            1,
            2,
            1,
            1,
            0,
            0,
            1,
            2,
            1,
            1,
            0,
            1
        ]
    ],
    "syms": [
        [
            0.0,
            1.0,
            0.0,
            0.0,
            -0.0009929999941959977,
            -0.7070519924163818,
            -0.26205700635910034,
            0.0
        ],
        [
            0.0,
            1.0,
            0.0,
            0.0,
            -0.000993250054307282,
            -0.7070519924163818,
            0.46134400367736816,
            0.0
        ]
    ],
    "labels:": [
        [
            1,
            2,
            2,
            2,
            2,
            2,
            2,
            0
        ]
    ],
    "obj": 36781,
    "mat_index": 1731,
    "obbs": "N 12\n-0.00110528 0.268969 -0.299788 0.999934 -0.00901442 -0.00713662 0.00901442 0.229388 0.973293 -0.00713662 -0.973293 0.229454 0.629506 0.0923362 0.570625\n-0.401137 -0.707052 0.461344 1 0 0 0 1 0 0 0 1 0.017196 0.022292 0.051854\n-0.401137 -0.707052 -0.262057 1 0 0 0 1 0 0 0 1 0.017195 0.022292 0.051853\n0.39915 -0.707052 -0.262057 1 0 0 0 1 0 0 0 1 0.017195 0.022292 0.051853\n0.39915 -0.707052 0.461344 1 0 0 0 1 0 0 0 1 0.017195 0.022292 0.051854\n0.000733143 0.0159471 0.111077 0.999998 -0.00194653 0.000101591 0.00194653 0.994565 -0.104099 0.000101591 0.104099 0.994567 0.71015 0.1001 0.74231\n0.375234 -0.344479 -0.27115 0.58111 0.0997076 -0.807694 0.811854 -0.00199544 0.583857 0.0566033 -0.995015 -0.0821076 0.0312839 0.0379812 0.698845\n0.371479 -0.307804 0.530907 -0.0564181 0.973981 -0.219495 -0.691458 0.12047 0.712301 0.72021 0.191958 0.66667 0.766731 0.0318407 0.0285515\n-0.37386 -0.309976 0.529166 0.799697 -0.174397 -0.574517 0.597768 0.141715 0.789044 -0.0561892 -0.974424 0.217578 0.0323812 0.0380662 0.763861\n-0.37671 -0.346035 -0.268293 -0.0555936 -0.995569 -0.0758341 0.983484 -0.0414994 -0.176172 0.172244 -0.0843757 0.981434 0.701461 0.033507 0.0377669\n0.398199 -0.686994 0.159531 1 0 0 0 1 0 0 0 1 0.022111 0.042128 0.910162\n-0.400725 -0.689405 0.162664 1 0 0 0 1 0 0 0 1 0.021925 0.037308 0.903802\nC 19\n0 6\n0 5\n0 9\n1 8\n1 11\n2 9\n2 11\n3 10\n3 6\n4 10\n4 7\n5 9\n5 6\n5 7\n5 8\n6 10\n7 10\n8 11\n9 11\nS 4\n2\n1 -0.401137 -0.707052 0.461344\n4 0.39915 -0.707052 0.461344\n2\n-0.00099325 -0.707052 0.461344\n1 0 0\n2\n2 -0.401137 -0.707052 -0.262057\n3 0.39915 -0.707052 -0.262057\n2\n-0.000993 -0.707052 -0.262057\n1 0 0\n2\n7 0.371479 -0.307804 0.530907\n8 -0.37386 -0.309976 0.529166\n2\n-0.00119052 -0.30889 0.530037\n-0.999993 -0.0029141 -0.00233578\n2\n10 0.398199 -0.686994 0.159531\n11 -0.400725 -0.689405 0.162664\n2\n-0.001263 -0.6882 0.161098\n-0.999988 -0.00301778 0.00392148\nL 12\n0\n2\n2\n2\n2\n1\n2\n2\n2\n2\n2\n2"
}