{
    "boxes": [
        [
            -0.030056899413466454,
            -0.11439599841833115,
            0.1815119981765747,
            0.4266830086708069,
            0.7339839935302734,
            1.1199899911880493,
            0.13210000097751617,
            0.9857100248336792,
            -0.1045290008187294,
            0.11052600294351578,
            0.09014789760112762,
            0.9897760152816772
        ],
        [
            0.024910500273108482,
            -0.5793769955635071,
            0.15366299450397491,
            0.5348960161209106,
            0.12129899859428406,
            0.12146300077438354,
            0.0,
            1.0,
            0.0,
            0.0,
            0.0,
            1.0
        ],
        [
            0.024815499782562256,
            -0.8239229917526245,
            0.15357400476932526,
            0.05130989849567413,
            0.7611100077629089,
            0.7613599896430969,
            -0.00018480299331713468,
            0.9999989867210388,
            -0.0010304299648851156,
            -0.05233610048890114,
            0.0010193400084972382,
            0.9986289739608765
        ],
        [
            0.012114600278437138,
            0.34639298915863037,
            -0.058540601283311844,
            1.007580041885376,
            0.7600420117378235,
            1.2612600326538086,
            0.13680200278759003,
            0.9746950268745422,
            -0.1767919957637787,
            0.10085699707269669,
            0.1638379991054535,
            0.9813179969787598
        ]
    ],
    "ops": [
        [
            0,
            0,
            0,
            1,
            1,
            0,
            1
        ]
    ],
    "syms": [
        [
            0.0,
            0.0,
            0.0,
            0.0,
            0.0,
            0.0,
            0.0,
            0.0
        ]
    ],
    "labels:": [
        [
            1,
            2,
            2,
            0
        ]
    ],
    "obj": 36788,
    "mat_index": 1736,
    "obbs": "N 4\n0.0121146 0.346393 -0.0585406 0.136802 0.974695 -0.176792 0.100857 0.163838 0.981318 0.985451 -0.152077 -0.0758915 1.00758 0.760042 1.26126\n-0.0300569 -0.114396 0.181512 0.985055 -0.142303 -0.0970376 0.1321 0.98571 -0.104529 0.110526 0.0901479 0.989776 1.11999 0.426683 0.733984\n0.0249105 -0.579377 0.153663 1 0 0 0 1 0 0 0 1 0.121463 0.534896 0.121299\n0.0248155 -0.823923 0.153574 0.0523361 -0.00101934 -0.998629 -0.000184803 0.999999 -0.00103043 0.99863 0.000238478 0.0523358 0.76111 0.0513099 0.76136\nC 3\n0 1\n1 2\n2 3\nS 0\nL 4\n0\n1\n2\n2"
}