{
    "boxes": [
        [
            8.164739847416058e-05,
            -0.07582680135965347,
            0.12707599997520447,
            0.04115790128707886,
            0.7654269933700562,
            0.6819689869880676,
            0.0047515700571238995,
            0.9991989731788635,
            -0.039726000279188156,
            9.441829752177e-05,
            0.039726000279188156,
            0.9992110133171082
        ],
        [
            -0.39333298802375793,
            0.2631930112838745,
            0.16708000004291534,
            0.07622630149126053,
            0.7299230098724365,
            0.12744900584220886,
            0.06204479932785034,
            0.9980499744415283,
            0.006852699909359217,
            -0.00021279499924276024,
            -0.006852699909359217,
            0.9999759793281555
        ],
        [
            -0.35168400406837463,
            0.06860899925231934,
            0.4625900089740753,
            0.3397899866104126,
            0.1030070036649704,
            0.09235180169343948,
            -0.05557889863848686,
            0.9983810186386108,
            0.012129300273954868,
            -0.06732430309057236,
            -0.015867700800299644,
            0.99760502576828
        ],
        [
            -0.3354339897632599,
            -0.3342039883136749,
            -0.2374580055475235,
            0.4767099916934967,
            0.15394599735736847,
            0.10518799722194672,
            0.0,
            1.0,
            0.0,
            0.0,
            0.0,
            1.0
        ],
        [
            -0.35997799038887024,
            -0.5790929794311523,
            0.009418499656021595,
            0.13554100692272186,
            1.3806899785995483,
            0.056099001318216324,
            0.0,
            1.0,
            0.0,
            0.0,
            0.0,
            1.0
        ],
        [
            0.36003801226615906,
            -0.32951200008392334,
            0.11439300328493118,
            0.09743300080299377,
            0.6253330111503601,
            0.06450299918651581,
            0.0,
            1.0,
            0.0,
            0.0,
            0.0,
            1.0
        ],
        [
            0.012098499573767185,
            -0.3288779854774475,
            -0.24222899973392487,
            0.09310699999332428,
            0.08916699886322021,
            0.6279469728469849,
            0.0,
            1.0,
            0.0,
            0.0,
            0.0,
            1.0
        ],
        [
            -0.3443959951400757,
            -0.31603801250457764,
            0.44777700304985046,
            0.4752660095691681,
            0.13853199779987335,
            0.08726300299167633,
            0.0,
            1.0,
            0.0,
            0.0,
            0.0,
            1.0
        ],
        [
            -0.1268399953842163,
            0.44533801078796387,
            -0.25080201029777527,
            0.6051949858665466,
            0.0913797989487648,
            0.08802440017461777,
            -0.00986539013683796,
            0.999006986618042,
            -0.043443500995635986,
            0.09607440233230591,
            0.044191598892211914,
            0.994392991065979
        ],
        [
            0.3460249900817871,
            0.38736599683761597,
            -0.2415730059146881,
            1.0063799619674683,
            0.15085500478744507,
            0.09254900366067886,
            0.0,
            1.0,
            0.0,
            0.0,
            0.0,
            1.0
        ],
        [
            0.0020332199055701494,
            0.4550969898700714,
            -0.25017398595809937,
            0.6110150218009949,
            0.0935686007142067,
            0.5645530223846436,
            0.005156659986823797,
            0.9966409802436829,
            -0.08173230290412903,
            0.0055967699736356735,
            0.08170340210199356,
            0.9966409802436829
        ],
        [
            -0.00013310200301930308,
            0.45539700984954834,
            -0.25136199593544006,
            0.6076909899711609,
            0.09056580066680908,
            0.07749799638986588,
            -0.008468530140817165,
            0.9973310232162476,
            -0.07251950353384018,
            0.07251950353384018,
            0.07294370234012604,
            0.9946960210800171
        ],
        [
            -0.24896299839019775,
            0.44852301478385925,
            -0.25124698877334595,
            0.5928980112075806,
            0.09186170250177383,
            0.0839700996875763,
            0.001199049991555512,
            0.9988809823989868,
            -0.0472790002822876,
            0.2524679899215698,
            0.04544509947299957,
            0.9665369987487793
        ],
        [
            0.006696000229567289,
            0.12666000425815582,
            -0.23221400380134583,
            0.1117200031876564,
            0.08553499728441238,
            0.656548023223877,
            0.0,
            1.0,
            0.0,
            0.0,
            0.0,
            1.0
        ]
    ],
    "ops": [
        [
            0,
            0,
            0,
            1,
            2,
            1,
            0,
            0,
            0,
            1,
            1,
            2,
            0,
            2,
            0,
            2,
            1,
            1,
            1,
            0,
            0,
            1,
            2,
            0,
            0,
            1,
            0,
            0,
            2,
            1,
            1,
            1,
            1
        ]
    ],
    "syms": [
        [
            0.0,
            0.9999960064888,
            0.0027041900902986526,
            0.00015296200581360608,
            0.0024201800115406513,
            0.26426300406455994,
            0.16714100539684296,
            0.0
        ],
        [
            0.0,
            0.9999960064888,
            0.002840799978002906,
            -9.617290197638795e-05,
            0.002497750101611018,
            -0.3332439959049225,
            -0.2374899983406067,
            0.0
        ],
        [
            0.0,
            -0.02054860070347786,
            -0.01747550070285797,
            0.9996359944343567,
            0.004813250154256821,
            -0.33507299423217773,
            0.11218000203371048,
            0.0
        ],
        [
            0.0,
            0.9999250173568726,
            -0.0010395899880677462,
            0.01218669954687357,
            -0.0019779999274760485,
            -0.31639400124549866,
            0.4519500136375427,
            0.0
        ],
        [
            0.0,
            0.9999989867210388,
            -0.0003067099896725267,
            0.0009943259647116065,
            -0.001284469966776669,
            0.44530001282691956,
            -0.2506769895553589,
            0.0
        ],
        [
            0.0,
            -0.005743780173361301,
            0.9982200264930725,
            -0.05936789885163307,
            0.004819749854505062,
            0.4527359902858734,
            -0.2516070008277893,
            0.0
        ]
    ],
    "labels:": [
        [
            1,
            3,
            3,
            2,
            2,
            2,
            2,
            2,
            0,
            0,
            0,
            0,
            0,
            0
        ]
    ],
    "obj": 36791,
    "mat_index": 1739,
    "obbs": "N 24\n0.006696 0.12666 -0.232214 1 0 0 0 1 0 0 0 1 0.656548 0.11172 0.085535\n0.0029435 0.778812 -0.271 1 0 0 0 1 0 0 0 1 0.648825 0.123085 0.086233\n8.16474e-05 -0.0758268 0.127076 0.999989 -0.00475157 9.44183e-05 0.00475157 0.999199 -0.039726 9.44183e-05 0.039726 0.999211 0.681969 0.0411579 0.765427\n0.00203322 0.455097 -0.250174 0.999971 -0.00559677 -0.00515666 0.00559677 0.0817034 0.996641 -0.00515666 -0.996641 0.0817323 0.564553 0.0935686 0.611015\n0.124271 0.445261 -0.250552 -0.0905537 -0.0380771 -0.995163 0.995882 -0.00778124 -0.0903214 -0.00430443 -0.999245 0.038625 0.0946622 0.0760256 0.606412\n-0.000133102 0.455397 -0.251362 0.00846853 -0.997331 0.0725195 0.997331 0.00316453 -0.0729437 0.0725195 0.0729437 0.994696 0.607691 0.077498 0.0905658\n-0.12684 0.445338 -0.250802 -0.0960744 -0.0441916 -0.994393 0.995325 0.00563626 -0.096415 0.00986539 -0.999007 0.0434435 0.0913798 0.0880244 0.605195\n-0.248963 0.448523 -0.251247 -0.00119905 -0.998881 0.047279 0.967604 -0.0130954 -0.252131 0.252468 0.0454451 0.966537 0.592898 0.0839701 0.0918617\n-0.393333 0.263193 0.16708 0.998073 -0.0620448 -0.000212795 0.0620448 0.99805 0.0068527 -0.000212795 -0.0068527 0.999976 0.127449 0.0762263 0.729923\n0.398173 0.265333 0.167202 1 0 0 0 1 0 0 0 1 0.123944 0.085741 0.729609\n-0.351684 0.068609 0.46259 0.0673243 0.0158677 -0.997605 0.996182 0.0546291 0.0680972 0.0555789 -0.998381 -0.0121293 0.103007 0.0923518 0.33979\n0.356497 0.064068 0.463605 1 0 0 0 1 0 0 0 1 0.10232 0.356628 0.104701\n0.364251 -0.579093 0.0093725 1 0 0 0 1 0 0 0 1 0.056099 0.135541 1.38078\n-0.359978 -0.579093 0.0094185 1 0 0 0 1 0 0 0 1 0.056099 0.135541 1.38069\n0.360038 -0.329512 0.114393 1 0 0 0 1 0 0 0 1 0.064503 0.097433 0.625333\n-0.352356 -0.331914 0.125005 1 0 0 0 1 0 0 0 1 0.071344 0.08702 0.608261\n0.0120985 -0.328878 -0.242229 1 0 0 0 1 0 0 0 1 0.627947 0.093107 0.089167\n-0.002472 -0.341269 0.466589 1 0 0 0 1 0 0 0 1 0.64934 0.113128 0.086894\n-0.335434 -0.334204 -0.237458 1 0 0 0 1 0 0 0 1 0.105188 0.47671 0.153946\n0.340429 -0.332284 -0.237523 1 0 0 0 1 0 0 0 1 0.103741 0.480558 0.15381\n0.34044 -0.31675 0.456124 1 0 0 0 1 0 0 0 1 0.103719 0.472682 0.121847\n-0.344396 -0.316038 0.447777 1 0 0 0 1 0 0 0 1 0.087263 0.475266 0.138532\n-0.341297 0.389191 -0.230407 0.0020167 -0.99837 0.057045 0.99837 -0.00124401 -0.0570671 0.057045 0.0570671 0.996739 1.00965 0.0971131 0.128584\n0.346025 0.387366 -0.241573 1 0 0 0 1 0 0 0 1 0.092549 1.00638 0.150855\nC 95\n0 7\n0 4\n0 18\n0 5\n0 8\n0 2\n0 22\n0 19\n0 6\n0 9\n0 3\n0 23\n1 6\n1 5\n1 3\n1 23\n1 4\n1 7\n1 22\n2 22\n2 5\n2 6\n2 17\n2 11\n2 18\n2 23\n2 7\n2 19\n2 20\n2 3\n2 14\n2 4\n2 16\n2 10\n2 21\n2 15\n3 7\n3 23\n3 18\n3 6\n3 5\n3 22\n3 9\n3 4\n3 19\n3 8\n4 5\n4 6\n4 9\n4 23\n5 7\n5 6\n6 7\n6 8\n6 22\n7 22\n7 8\n8 22\n8 10\n9 23\n9 11\n10 17\n10 15\n10 21\n11 20\n11 14\n11 17\n12 17\n12 20\n12 14\n12 19\n12 16\n13 17\n13 16\n13 15\n13 18\n13 21\n14 17\n14 19\n14 23\n14 16\n14 20\n15 16\n15 22\n15 21\n15 18\n15 17\n16 22\n16 19\n16 23\n16 18\n17 20\n17 21\n18 22\n19 23\nS 10\n2\n0 0.006696 0.12666 -0.232214\n1 0.0029435 0.778812 -0.271\n2\n0.00481975 0.452736 -0.251607\n-0.00574378 0.99822 -0.0593679\n2\n6 -0.12684 0.445338 -0.250802\n4 0.124271 0.445261 -0.250552\n2\n-0.00128447 0.4453 -0.250677\n0.999999 -0.00030671 0.000994326\n2\n8 -0.393333 0.263193 0.16708\n9 0.398173 0.265333 0.167202\n2\n0.00242018 0.264263 0.167141\n0.999996 0.00270419 0.000152962\n2\n10 -0.351684 0.068609 0.46259\n11 0.356497 0.064068 0.463605\n2\n0.00240635 0.0663385 0.463097\n0.999978 -0.00641202 0.00143235\n2\n12 0.364251 -0.579093 0.0093725\n13 -0.359978 -0.579093 0.0094185\n2\n0.002136 -0.579093 0.0093955\n-1 0 6.35158e-05\n2\n14 0.360038 -0.329512 0.114393\n15 -0.352356 -0.331914 0.125005\n2\n0.00384075 -0.330713 0.119699\n-0.999883 -0.00337204 0.0148959\n2\n16 0.0120985 -0.328878 -0.242229\n17 -0.002472 -0.341269 0.466589\n2\n0.00481325 -0.335073 0.11218\n-0.0205486 -0.0174755 0.999636\n2\n18 -0.335434 -0.334204 -0.237458\n19 0.340429 -0.332284 -0.237523\n2\n0.00249775 -0.333244 -0.23749\n0.999996 0.0028408 -9.61729e-05\n2\n20 0.34044 -0.31675 0.456124\n21 -0.344396 -0.316038 0.447777\n2\n-0.001978 -0.316394 0.45195\n-0.999925 0.00103959 -0.0121867\n2\n22 -0.341297 0.389191 -0.230407\n23 0.346025 0.387366 -0.241573\n2\n0.00236437 0.388279 -0.23599\n0.999865 -0.00265518 -0.0162448\nL 24\n0\n0\n1\n0\n0\n0\n0\n0\n3\n3\n3\n3\n2\n2\n2\n2\n2\n2\n2\n2\n2\n2\n0\n0"
}