{
    "boxes": [
        [
            0.003283000085502863,
            -0.06294599920511246,
            0.10623399913311005,
            0.1405320018529892,
            0.655601978302002,
            0.8004360198974609,
            0.0,
            1.0,
            0.0,
            0.0,
            0.0,
            1.0
        ],
        [
            -0.36867401003837585,
            -0.4480629861354828,
            -0.2554929852485657,
            0.7050579786300659,
            0.06243479996919632,
            0.06675960123538971,
            -0.013722299598157406,
            0.9941380023956299,
            0.10724099725484848,
            0.08167959749698639,
            -0.10577800124883652,
            0.9910290241241455
        ],
        [
            -0.3689889907836914,
            -0.44982999563217163,
            0.44094300270080566,
            0.699832022190094,
            0.049686700105667114,
            0.05816030129790306,
            0.00046250701416283846,
            0.9960759878158569,
            -0.08850380033254623,
            -0.11366800218820572,
            0.08798260241746902,
            0.9896150231361389
        ],
        [
            -0.003797980025410652,
            0.3875519931316376,
            -0.2646099925041199,
            0.4743039906024933,
            0.0495310015976429,
            0.7198359966278076,
            0.018817400559782982,
            0.9934589862823486,
            -0.1126289963722229,
            0.021067099645733833,
            0.11223000288009644,
            0.9934589862823486
        ],
        [
            -0.36466100811958313,
            0.25445300340652466,
            -0.24934199452400208,
            0.7473250031471252,
            0.07170119881629944,
            0.09362419694662094,
            -0.0403577983379364,
            0.9949589967727661,
            -0.09180240333080292,
            0.01315119955688715,
            0.09239819645881653,
            0.9956349730491638
        ]
    ],
    "ops": [
        [
            0,
            0,
            0,
            1,
            2,
            1,
            0,
            0,
            2,
            1,
            1
        ]
    ],
    "syms": [
        [
            0.0,
            0.9999970197677612,
            -0.002345860004425049,
            -0.0003061130119021982,
            0.0033141900785267353,
            -0.44893500208854675,
            -0.255607008934021,
            0.0
        ],
        [
            0.0,
            0.9999570250511169,
            -0.008707360364496708,
            -0.003189350012689829,
            -0.0021862098947167397,
            0.2512969970703125,
            -0.2504979968070984,
            0.0
        ]
    ],
    "labels:": [
        [
            1,
            2,
            2,
            0,
            0
        ]
    ],
    "obj": 36805,
    "mat_index": 1747,
    "obbs": "N 8\n-0.00379798 0.387552 -0.26461 0.999601 -0.0210671 -0.0188174 0.0210671 0.11223 0.993459 -0.0188174 -0.993459 0.112629 0.719836 0.049531 0.474304\n0.003283 -0.062946 0.106234 1 0 0 0 1 0 0 0 1 0.800436 0.140532 0.655602\n-0.364661 0.254453 -0.249342 -0.0403578 0.994959 -0.0918024 0.0131512 0.0923982 0.995635 0.999099 0.0389743 -0.0168139 0.747325 0.0717012 0.0936242\n0.360288 0.24814 -0.251654 0.997753 -0.0143865 -0.0654313 0.0664775 0.0915424 0.99358 -0.00830436 -0.995697 0.0922931 0.093833 0.0675133 0.759692\n-0.368674 -0.448063 -0.255493 0.996564 0.0223586 -0.0797493 0.0816796 -0.105778 0.991029 0.0137223 -0.994138 -0.107241 0.0667596 0.0624348 0.705058\n0.375302 -0.449808 -0.255721 -0.999387 0.026864 -0.0224388 -0.0251899 -0.106885 0.993952 0.0243032 0.993908 0.107496 0.0723592 0.0612405 0.701742\n0.375446 -0.447994 0.440666 0.0139504 0.996236 -0.0855547 -0.0987865 0.0865177 0.99134 0.995011 -0.00537796 0.0996216 0.703383 0.0483527 0.0658345\n-0.368989 -0.44983 0.440943 -0.993519 -0.00960235 -0.113263 -0.113668 0.0879826 0.989615 0.000462507 0.996076 -0.0885038 0.0581603 0.0496867 0.699832\nC 12\n0 1\n0 5\n0 3\n0 2\n1 2\n1 3\n1 4\n1 5\n1 6\n1 7\n2 4\n3 5\nS 3\n2\n2 -0.364661 0.254453 -0.249342\n3 0.360288 0.24814 -0.251654\n2\n-0.00218621 0.251297 -0.250498\n0.999957 -0.00870736 -0.00318935\n2\n4 -0.368674 -0.448063 -0.255493\n5 0.375302 -0.449808 -0.255721\n2\n0.00331419 -0.448935 -0.255607\n0.999997 -0.00234586 -0.000306113\n2\n6 0.375446 -0.447994 0.440666\n7 -0.368989 -0.44983 0.440943\n2\n0.00322856 -0.448912 0.440805\n-0.999997 -0.00246587 0.000371642\nL 8\n0\n1\n0\n0\n2\n2\n2\n2"
}