{
    "boxes": [
        [
            -0.0014270000392571092,
            -0.13329699635505676,
            0.2253659963607788,
            0.12609900534152985,
            0.7996379733085632,
            0.795993983745575,
            -1.8449499705752714e-09,
            0.9992110133171082,
            0.039721500128507614,
            3.6656500751464094e-11,
            -0.039721500128507614,
            0.9992110133171082
        ],
        [
            -0.44857800006866455,
            0.14241600036621094,
            0.10293599963188171,
            0.26350900530815125,
            0.7073299884796143,
            0.06711090356111526,
            0.006818360183387995,
            0.8162800073623657,
            0.5776159763336182,
            0.010444499552249908,
            -0.5776559710502625,
            0.8162140250205994
        ],
        [
            -0.44916999340057373,
            0.24305400252342224,
            -0.006155999843031168,
            0.050999999046325684,
            0.3683139979839325,
            0.07469800114631653,
            0.0,
            1.0,
            0.0,
            0.0,
            0.0,
            1.0
        ],
        [
            -0.0014280000468716025,
            -0.19884100556373596,
            0.3446420133113861,
            0.049750201404094696,
            0.026533300057053566,
            0.8457440137863159,
            -0.0,
            0.9396979808807373,
            -0.34200501441955566,
            0.0,
            0.34200501441955566,
            0.9396979808807373
        ],
        [
            -0.44917500019073486,
            -0.793586015701294,
            0.35463300347328186,
            0.014925000257790089,
            0.11608300358057022,
            0.058042000979185104,
            0.0,
            1.0,
            0.0,
            0.0,
            0.0,
            1.0
        ],
        [
            -0.4491960108280182,
            -0.44895699620246887,
            0.41395100951194763,
            0.6584309935569763,
            0.10205700248479843,
            0.06077219918370247,
            -0.0008493610075674951,
            0.9592080116271973,
            -0.2827019989490509,
            -0.0011358100455254316,
            0.2827009856700897,
            0.9592080116271973
        ],
        [
            -0.0014285000506788492,
            -0.776174008846283,
            -0.35849401354789734,
            0.022979000583291054,
            0.02653300017118454,
            0.8413010239601135,
            0.0,
            1.0,
            0.0,
            0.0,
            0.0,
            1.0
        ],
        [
            -0.44917500019073486,
            -0.793586015701294,
            -0.25070399045944214,
            0.014925000257790089,
            0.11608199775218964,
            0.058042000979185104,
            0.0,
            1.0,
            0.0,
            0.0,
            0.0,
            1.0
        ],
        [
            -0.44917500019073486,
            -0.7679830193519592,
            0.04966349899768829,
            0.05170699954032898,
            0.8682270050048828,
            0.06019999831914902,
            0.0,
            1.0,
            0.0,
            0.0,
            0.0,
            1.0
        ],
        [
            -0.0022802900057286024,
            0.23200400173664093,
            -0.25635799765586853,
            1.0480300188064575,
            0.1988220065832138,
            0.8457409739494324,
            0.0018418700201436877,
            0.9837849736213684,
            -0.1793449968099594,
            0.002208000048995018,
            0.17934100329875946,
            0.9837849736213684
        ]
    ],
    "ops": [
        [
            0,
            0,
            0,
            1,
            2,
            1,
            0,
            0,
            0,
            1,
            2,
            1,
            0,
            0,
            0,
            1,
            2,
            1,
            1,
            1,
            0,
            1
        ]
    ],
    "syms": [
        [
            0.0,
            0.9999859929084778,
            -0.003931079991161823,
            0.003409520024433732,
            -0.0010138299548998475,
            0.1406569927930832,
            0.10446199774742126,
            0.0
        ],
        [
            0.0,
            1.0,
            0.0,
            0.0,
            -0.001428249990567565,
            -0.793586015701294,
            0.35463300347328186,
            0.0
        ],
        [
            0.0,
            1.0,
            0.0,
            0.0,
            -0.001428249990567565,
            -0.793586015701294,
            -0.25070399045944214,
            0.0
        ]
    ],
    "labels:": [
        [
            1,
            3,
            3,
            2,
            2,
            2,
            2,
            2,
            2,
            0
        ]
    ],
    "obj": 36831,
    "mat_index": 1761,
    "obbs": "N 16\n-0.00228029 0.232004 -0.256358 0.999996 -0.002208 -0.00184187 0.002208 0.179341 0.983785 -0.00184187 -0.983785 0.179345 0.845741 0.198822 1.04803\n-0.448578 0.142416 0.102936 -0.0104445 0.577656 -0.816214 0.999922 0.000467663 -0.0124643 -0.00681836 -0.81628 -0.577616 0.70733 0.0671109 0.263509\n0.44655 0.138898 0.105988 -0.00491457 0.583004 -0.812454 0.999983 0.000211144 -0.00589742 -0.00326668 -0.812469 -0.582995 0.714907 0.0633277 0.265728\n-0.001427 -0.133297 0.225366 1 1.84495e-09 3.66565e-11 -1.84495e-09 0.999211 0.0397215 3.66565e-11 -0.0397215 0.999211 0.795994 0.126099 0.799638\n-0.449175 -0.793586 -0.250704 1 0 0 0 1 0 0 0 1 0.058042 0.014925 0.116082\n-0.449175 -0.793586 0.354633 1 0 0 0 1 0 0 0 1 0.058042 0.014925 0.116083\n0.446319 -0.793586 -0.250704 1 0 0 0 1 0 0 0 1 0.058041 0.014925 0.116082\n0.446319 -0.793586 0.354633 1 0 0 -0 1 0 0 -0 1 0.058041 0.014925 0.116083\n-0.44917 0.243054 -0.006156 1 0 0 0 1 0 0 0 1 0.074698 0.051 0.368314\n0.446324 0.243054 -0.006156 1 0 0 0 1 0 0 0 1 0.074698 0.051 0.368314\n-0.001428 -0.198841 0.344642 1 0 0 0 0.342005 0.939698 0 -0.939698 0.342005 0.845744 0.0265333 0.0497502\n0.444909 -0.449183 0.417518 -0.00776075 0.955332 -0.295434 -0.0813923 0.293859 0.952377 0.996652 0.0314372 0.0754761 0.643632 0.0922004 0.0687834\n-0.449196 -0.448957 0.413951 -0.000849361 0.959208 -0.282702 -0.00113581 0.282701 0.959208 0.999999 0.00113581 0.000849361 0.658431 0.102057 0.0607722\n0.446319 -0.767931 0.055202 1 0 0 0 1 0 0 0 1 0.060199 0.051811 0.879304\n-0.449175 -0.767983 0.0496635 1 0 0 0 1 0 0 0 1 0.0602 0.051707 0.868227\n-0.0014285 -0.776174 -0.358494 1 0 0 0 1 0 0 0 1 0.841301 0.022979 0.026533\nC 30\n0 3\n0 8\n0 1\n0 9\n0 2\n1 3\n1 10\n1 12\n1 8\n2 9\n2 10\n2 3\n2 11\n3 11\n3 10\n3 12\n4 14\n4 15\n5 12\n5 14\n6 15\n6 13\n7 11\n7 13\n10 11\n10 12\n11 13\n12 14\n13 15\n14 15\nS 6\n2\n1 -0.448578 0.142416 0.102936\n2 0.44655 0.138898 0.105988\n2\n-0.00101383 0.140657 0.104462\n0.999986 -0.00393108 0.00340952\n2\n4 -0.449175 -0.793586 -0.250704\n6 0.446319 -0.793586 -0.250704\n2\n-0.00142825 -0.793586 -0.250704\n1 0 0\n2\n5 -0.449175 -0.793586 0.354633\n7 0.446319 -0.793586 0.354633\n2\n-0.00142825 -0.793586 0.354633\n1 0 0\n2\n8 -0.44917 0.243054 -0.006156\n9 0.446324 0.243054 -0.006156\n2\n-0.001423 0.243054 -0.006156\n1 0 0\n2\n11 0.444909 -0.449183 0.417518\n12 -0.449196 -0.448957 0.413951\n2\n-0.00214346 -0.44907 0.415734\n-0.999992 0.000253429 -0.00398916\n2\n13 0.446319 -0.767931 0.055202\n14 -0.449175 -0.767983 0.0496635\n2\n-0.00142825 -0.767957 0.0524328\n-0.999981 -5.80674e-05 -0.00618474\nL 16\n0\n3\n3\n1\n2\n2\n2\n2\n3\n3\n2\n2\n2\n2\n2\n2"
}