{
    "boxes": [
        [
            -0.003226999891921878,
            0.023215999826788902,
            0.10891400277614594,
            0.11047200113534927,
            0.7487549781799316,
            0.7855799794197083,
            0.0,
            1.0,
            0.0,
            0.0,
            0.0,
            1.0
        ],
        [
            -0.35919299721717834,
            -0.5901700258255005,
            0.10359200090169907,
            0.06137299910187721,
            0.6382830142974854,
            0.024550000205636024,
            0.0,
            1.0,
            0.0,
            0.0,
            0.0,
            1.0
        ],
        [
            -0.3530550003051758,
            -0.36139899492263794,
            -0.2593269944190979,
            0.8905810117721558,
            0.06409899890422821,
            0.06409899890422821,
            0.0,
            1.0,
            0.0,
            0.0,
            0.0,
            1.0
        ],
        [
            -0.003226999891921878,
            -0.5901700258255005,
            0.4464679956436157,
            0.06137299910187721,
            0.024548999965190887,
            0.6382840275764465,
            0.0,
            1.0,
            0.0,
            0.0,
            0.0,
            1.0
        ],
        [
            -0.35305601358413696,
            -0.37571200728416443,
            0.44032999873161316,
            0.8592280149459839,
            0.0613740012049675,
            0.06137299910187721,
            0.0,
            1.0,
            0.0,
            0.0,
            0.0,
            1.0
        ],
        [
            -0.3530159890651703,
            0.4124619960784912,
            -0.28932198882102966,
            0.7114570140838623,
            0.08464410156011581,
            0.0745726004242897,
            0.014767300337553024,
            0.9934170246124268,
            -0.11359599977731705,
            -0.042133599519729614,
            0.11412599682807922,
            0.992572009563446
        ],
        [
            -0.003226999891921878,
            0.6918460130691528,
            -0.30895501375198364,
            0.10024400055408478,
            0.024549800902605057,
            0.6382840275764465,
            -0.0,
            0.9961940050125122,
            -0.08715979754924774,
            0.0,
            0.08715979754924774,
            0.9961940050125122
        ],
        [
            -0.27086499333381653,
            0.3473230004310608,
            -0.27886199951171875,
            0.5919449925422668,
            0.025745799764990807,
            0.07811179757118225,
            -0.009441389702260494,
            0.9960640072822571,
            -0.08813460171222687,
            -0.010313199833035469,
            0.08803679794073105,
            0.9960640072822571
        ]
    ],
    "ops": [
        [
            0,
            0,
            0,
            1,
            2,
            0,
            0,
            2,
            1,
            1,
            1,
            0,
            2,
            0,
            0,
            2,
            1,
            1,
            1
        ]
    ],
    "syms": [
        [
            0.0,
            1.0,
            0.0,
            0.0,
            -0.003226999891921878,
            -0.5901700258255005,
            0.10359200090169907,
            0.0
        ],
        [
            0.0,
            1.0,
            -0.0,
            -0.0,
            -0.003226999891921878,
            -0.37571200728416443,
            0.44032999873161316,
            0.0
        ],
        [
            0.0,
            0.9999989867210388,
            -0.0013194199418649077,
            0.00012974999845027924,
            -0.0032808699179440737,
            0.41200000047683716,
            -0.28927698731422424,
            0.0
        ],
        [
            1.0,
            0.3147123456001282,
            0.28943583369255066,
            -0.23238499462604523,
            -0.27086499333381653,
            0.3473230004310608,
            -0.27886199951171875,
            0.1428571492433548
        ]
    ],
    "labels:": [
        [
            1,
            2,
            2,
            2,
            2,
            0,
            0,
            0
        ]
    ],
    "obj": 36848,
    "mat_index": 1771,
    "obbs": "N 18\n-0.003227 0.691846 -0.308955 1 0 0 0 0.0871598 0.996194 0 -0.996194 0.0871598 0.638284 0.0245498 0.100244\n-0.003227 0.023216 0.108914 1 0 0 0 1 0 0 0 1 0.78558 0.110472 0.748755\n0.263084 0.347323 -0.278862 -0.00944112 0.996064 -0.0881346 -0.0103129 0.0880368 0.996064 0.999902 0.0103129 0.00944112 0.591945 0.0257458 0.0781117\n0.174092 0.347323 -0.278862 -0.00944109 0.996064 -0.0881346 -0.0103128 0.0880368 0.996064 0.999902 0.0103128 0.00944109 0.591945 0.0257458 0.0781117\n0.0851009 0.347323 -0.278862 -0.00944112 0.996064 -0.0881346 -0.0103129 0.0880368 0.996064 0.999902 0.0103129 0.00944112 0.591945 0.0257458 0.0781117\n-0.00389112 0.347323 -0.278862 -0.00944109 0.996064 -0.0881346 -0.0103128 0.0880368 0.996064 0.999902 0.0103128 0.00944109 0.591945 0.0257458 0.0781117\n-0.0928821 0.347323 -0.278862 -0.00944139 0.996064 -0.0881346 -0.0103132 0.0880368 0.996064 0.999902 0.0103132 0.00944139 0.591945 0.0257458 0.0781118\n-0.181874 0.347323 -0.278862 -0.00944109 0.996064 -0.0881346 -0.0103128 0.0880368 0.996064 0.999902 0.0103128 0.00944109 0.591945 0.0257458 0.0781117\n-0.270865 0.347323 -0.278862 -0.00944139 0.996064 -0.0881346 -0.0103132 0.0880368 0.996064 0.999902 0.0103132 0.00944139 0.591945 0.0257458 0.0781118\n-0.359193 -0.59017 0.103592 1 0 0 0 1 0 0 0 1 0.02455 0.061373 0.638283\n-0.003227 -0.59017 0.446468 1 0 0 0 1 0 0 0 1 0.638284 0.061373 0.024549\n0.352739 -0.59017 0.103592 1 0 0 0 1 0 0 0 1 0.02455 0.061373 0.638283\n0.346602 -0.367348 -0.259327 1 0 0 0 1 0 0 0 1 0.064099 0.878681 0.064099\n-0.353055 -0.361399 -0.259327 1 0 0 0 1 0 0 0 1 0.064099 0.890581 0.064099\n0.346602 -0.375712 0.44033 1 0 0 0 1 0 0 0 1 0.061373 0.859228 0.061374\n-0.353056 -0.375712 0.44033 1 0 0 0 1 0 0 0 1 0.061373 0.859228 0.061374\n-0.353016 0.412462 -0.289322 -0.999003 0.00987137 -0.0435416 -0.0421336 0.114126 0.992572 0.0147673 0.993417 -0.113596 0.0745726 0.0846441 0.711457\n0.346454 0.411539 -0.289232 0.00405995 0.993612 -0.112779 -0.112492 0.112518 0.987262 0.993644 0.00867846 0.11223 0.712901 0.0870316 0.0696578\nC 59\n0 7\n0 16\n0 3\n0 17\n0 4\n0 5\n0 8\n0 6\n0 2\n1 3\n1 17\n1 15\n1 6\n1 2\n1 16\n1 14\n1 5\n1 13\n1 4\n1 12\n1 8\n1 7\n2 12\n2 5\n2 4\n2 3\n2 17\n3 17\n3 6\n3 5\n3 12\n3 4\n4 7\n4 12\n4 5\n4 6\n4 17\n5 6\n5 8\n5 7\n6 7\n6 16\n6 8\n6 13\n7 16\n7 8\n7 13\n8 13\n8 16\n9 15\n9 10\n9 13\n10 11\n10 15\n10 14\n11 14\n11 12\n12 17\n13 16\nS 5\n7\n2 0.263084 0.347323 -0.278862\n3 0.174092 0.347323 -0.278862\n4 0.0851009 0.347323 -0.278862\n5 -0.00389112 0.347323 -0.278862\n6 -0.0928821 0.347323 -0.278862\n7 -0.181874 0.347323 -0.278862\n8 -0.270865 0.347323 -0.278862\n1\n0 0 0\n0 0 0\n2\n9 -0.359193 -0.59017 0.103592\n11 0.352739 -0.59017 0.103592\n2\n-0.003227 -0.59017 0.103592\n1 0 0\n2\n12 0.346602 -0.367348 -0.259327\n13 -0.353055 -0.361399 -0.259327\n2\n-0.003227 -0.364374 -0.259327\n-0.999964 0.00850386 0\n2\n14 0.346602 -0.375712 0.44033\n15 -0.353056 -0.375712 0.44033\n2\n-0.003227 -0.375712 0.44033\n-1 0 0\n2\n16 -0.353016 0.412462 -0.289322\n17 0.346454 0.411539 -0.289232\n2\n-0.00328087 0.412 -0.289277\n0.999999 -0.00131942 0.00012975\nL 18\n0\n1\n0\n0\n0\n0\n0\n0\n0\n2\n2\n2\n2\n2\n2\n2\n0\n0"
}