{
    "boxes": [
        [
            -0.008864670060575008,
            0.10338900238275528,
            0.07323069870471954,
            0.2635990083217621,
            0.7861639857292175,
            0.809909999370575,
            -0.0016581499949097633,
            0.9914590120315552,
            0.1304119974374771,
            0.00010858500172616914,
            -0.1304119974374771,
            0.9914600253105164
        ],
        [
            -0.009145399555563927,
            -0.39499199390411377,
            0.07890079915523529,
            0.46323099732398987,
            0.9833080172538757,
            0.8121500015258789,
            -0.007303010206669569,
            0.898222029209137,
            -0.4394809901714325,
            -0.0016908099642023444,
            0.4394809901714325,
            0.8982499837875366
        ],
        [
            0.005978609900921583,
            0.520268976688385,
            -0.3714660108089447,
            0.7268660068511963,
            0.1816370040178299,
            0.7869300246238708,
            0.058100998401641846,
            0.964339017868042,
            -0.25821399688720703,
            0.00752191012725234,
            0.25822100043296814,
            0.9660570025444031
        ]
    ],
    "ops": [
        [
            0,
            0,
            1,
            0,
            1
        ]
    ],
    "syms": [
        [
            0.0,
            0.0,
            0.0,
            0.0,
            0.0,
            0.0,
            0.0,
            0.0
        ]
    ],
    "labels:": [
        [
            1,
            2,
            0
        ]
    ],
    "obj": 36850,
    "mat_index": 1773,
    "obbs": "N 3\n0.00597861 0.520269 -0.371466 -0.998282 0.0580711 -0.00774921 0.00752191 0.258221 0.966057 0.058101 0.964339 -0.258214 0.78693 0.181637 0.726866\n-0.0091454 -0.394992 0.0789008 0.999972 0.00730301 -0.00169081 -0.00730301 0.898222 -0.439481 -0.00169081 0.439481 0.89825 0.81215 0.463231 0.983308\n-0.00886467 0.103389 0.0732307 -0.000108585 0.130412 -0.99146 -0.00165815 0.991459 0.130412 0.999999 0.00165815 0.000108585 0.786164 0.263599 0.80991\nC 2\n0 2\n1 2\nS 0\nL 3\n0\n2\n1"
}