{
    "boxes": [
        [
            -0.003161109983921051,
            -0.11493399739265442,
            0.1635259985923767,
            0.08760610222816467,
            0.6286600232124329,
            0.7036070227622986,
            0.00010019099863711745,
            0.9986299872398376,
            -0.052336301654577255,
            2.6236000394419534e-06,
            0.052336301654577255,
            0.9986299872398376
        ],
        [
            -0.33372798562049866,
            -0.4491629898548126,
            -0.14019599556922913,
            0.7354360222816467,
            0.06691490113735199,
            0.0552545003592968,
            0.039557699114084244,
            0.9950140118598938,
            0.09154979884624481,
            -0.6274970173835754,
            -0.046564601361751556,
            0.7772259712219238
        ],
        [
            0.3348250091075897,
            -0.4469209909439087,
            0.4468420147895813,
            0.7366099953651428,
            0.05716719850897789,
            0.05227930098772049,
            -0.06066349893808365,
            0.9956700205802917,
            -0.07043950259685516,
            0.6960830092430115,
            0.09277740120887756,
            0.7119420170783997
        ],
        [
            -0.3352920114994049,
            -0.4465619921684265,
            0.4467799961566925,
            0.7354580163955688,
            0.0536625012755394,
            0.0675681009888649,
            0.02810779958963394,
            0.9984639883041382,
            -0.04774250090122223,
            0.3996700048446655,
            0.03255220130085945,
            0.9160810112953186
        ],
        [
            -0.002928250003606081,
            0.2538810074329376,
            -0.19728100299835205,
            0.7209479808807373,
            0.09756579995155334,
            0.702892005443573,
            -0.0014331199927255511,
            0.9627249836921692,
            -0.2704769968986511,
            -0.0018912400119006634,
            0.27047398686408997,
            0.9627249836921692
        ]
    ],
    "ops": [
        [
            0,
            0,
            2,
            0,
            0,
            1,
            1,
            1,
            0,
            1
        ]
    ],
    "syms": [
        [
            0.0,
            1.0,
            -0.00036167100188322365,
            0.0001060110007529147,
            -0.0001379489985993132,
            -0.44928300380706787,
            -0.1401599943637848,
            0.0
        ]
    ],
    "labels:": [
        [
            1,
            2,
            2,
            2,
            0
        ]
    ],
    "obj": 36865,
    "mat_index": 1783,
    "obbs": "N 6\n-0.00292825 0.253881 -0.197281 -0.00143312 0.962725 -0.270477 -0.00189124 0.270474 0.962725 0.999997 0.00189124 0.00143312 0.720948 0.0975658 0.702892\n-0.00316111 -0.114934 0.163526 -2.6236e-06 -0.0523363 -0.99863 0.000100191 0.99863 -0.0523363 1 -0.000100191 2.6236e-06 0.62866 0.0876061 0.703607\n0.333452 -0.449404 -0.140125 -0.0513245 0.995839 0.0752974 0.785669 -0.00628223 0.618616 0.616515 0.0909089 -0.782077 0.736609 0.0552597 0.0517327\n0.334825 -0.446921 0.446842 0.0606635 -0.99567 0.0704395 0.715394 -0.00584288 -0.698697 0.696083 0.0927774 0.711942 0.73661 0.0522793 0.0571672\n-0.335292 -0.446562 0.44678 0.916228 -0.0448302 -0.398141 0.39967 0.0325522 0.916081 -0.0281078 -0.998464 0.0477425 0.0675681 0.0536625 0.735458\n-0.333728 -0.449163 -0.140196 0.0395577 0.995014 0.0915498 0.777614 -0.0881924 0.622526 0.627497 0.0465646 -0.777226 0.735436 0.0552545 0.0669149\nC 7\n0 1\n0 5\n0 2\n1 2\n1 3\n1 4\n1 5\nS 1\n2\n2 0.333452 -0.449404 -0.140125\n5 -0.333728 -0.449163 -0.140196\n2\n-0.000137949 -0.449283 -0.14016\n-1 0.000361671 -0.000106011\nL 6\n0\n1\n2\n2\n2\n2"
}