{
    "boxes": [
        [
            0.0024935000110417604,
            0.03501199930906296,
            0.1442430019378662,
            0.5553179979324341,
            0.7864580154418945,
            0.8249830007553101,
            0.0,
            1.0,
            0.0,
            0.0,
            0.0,
            1.0
        ],
        [
            -0.38086000084877014,
            -0.5028290152549744,
            -0.2459219992160797,
            0.5916730165481567,
            0.14780299365520477,
            0.058737099170684814,
            -0.0004833120037801564,
            0.9650629758834839,
            0.26201799511909485,
            -0.003302270080894232,
            -0.26201799511909485,
            0.9650570154190063
        ],
        [
            -0.3803499937057495,
            -0.47941499948501587,
            0.3025459945201874,
            0.745872974395752,
            0.1850380003452301,
            0.0659227967262268,
            -0.005446990020573139,
            0.8670539855957031,
            -0.4981839954853058,
            0.05434330180287361,
            0.4977110028266907,
            0.8656389713287354
        ],
        [
            -0.002917350037023425,
            0.31269198656082153,
            -0.09336099773645401,
            0.5984150171279907,
            0.09953740239143372,
            0.7720100283622742,
            0.0033228599932044744,
            0.9981510043144226,
            -0.060684800148010254,
            0.0035309900995343924,
            0.06067299842834473,
            0.9981510043144226
        ],
        [
            0.002597999991849065,
            0.18759199976921082,
            -0.19510699808597565,
            0.8439329862594604,
            0.11346700042486191,
            0.8251919746398926,
            0.0,
            1.0,
            0.0,
            0.0,
            0.0,
            1.0
        ]
    ],
    "ops": [
        [
            0,
            0,
            0,
            1,
            2,
            1,
            0,
            0,
            1,
            1
        ]
    ],
    "syms": [
        [
            0.0,
            0.9999880194664001,
            -1.0820300303748809e-05,
            -0.00496322987601161,
            0.0031738399993628263,
            -0.5028330087661743,
            -0.24782800674438477,
            0.0
        ]
    ],
    "labels:": [
        [
            1,
            2,
            2,
            0,
            0
        ]
    ],
    "obj": 36888,
    "mat_index": 1796,
    "obbs": "N 7\n-0.00291735 0.312692 -0.093361 0.999988 -0.00353099 -0.00332286 0.00353099 0.060673 0.998151 -0.00332286 -0.998151 0.0606848 0.77201 0.0995374 0.598415\n0.0024935 0.035012 0.144243 1 0 0 0 1 0 0 0 1 0.824983 0.555318 0.786458\n0.002598 0.187592 -0.195107 1 0 0 0 1 0 0 0 1 0.825192 0.843933 0.113467\n0.387208 -0.502837 -0.249734 -0.00202926 -0.96864 -0.24846 0.999943 0.000650007 -0.010701 0.0105269 -0.248468 0.968583 0.587945 0.0560672 0.148455\n0.388729 -0.475409 0.298852 0.0100716 -0.489599 -0.871889 0.999928 -0.000743882 0.0119684 -0.0065083 -0.871947 0.489556 0.18792 0.0569875 0.74734\n-0.38086 -0.502829 -0.245922 0.000483312 -0.965063 -0.262018 0.999994 -0.000398832 0.00331354 -0.00330227 -0.262018 0.965057 0.591673 0.0587371 0.147803\n-0.38035 -0.479415 0.302546 -0.0543433 -0.497711 -0.865639 0.998507 -0.0223578 -0.0498296 0.00544699 -0.867054 0.498184 0.185038 0.0659228 0.745873\nC 17\n0 1\n0 6\n0 5\n0 4\n0 3\n0 2\n1 2\n1 3\n1 4\n1 5\n1 6\n2 6\n2 4\n2 3\n2 5\n3 4\n5 6\nS 2\n2\n3 0.387208 -0.502837 -0.249734\n5 -0.38086 -0.502829 -0.245922\n2\n0.00317384 -0.502833 -0.247828\n-0.999988 1.08203e-05 0.00496323\n2\n4 0.388729 -0.475409 0.298852\n6 -0.38035 -0.479415 0.302546\n2\n0.00418936 -0.477412 0.300699\n-0.999975 -0.00520818 0.00480414\nL 7\n0\n1\n0\n2\n2\n2\n2"
}