{
    "boxes": [
        [
            0.013549700379371643,
            -0.09451530128717422,
            0.18143600225448608,
            0.14927999675273895,
            0.6956700086593628,
            0.6271370053291321,
            0.0009759609820321202,
            0.9998160004615784,
            0.01916860044002533,
            -9.35475964070065e-06,
            -0.01916860044002533,
            0.9998160004615784
        ],
        [
            0.27070799469947815,
            -0.48311999440193176,
            -0.13213799893856049,
            0.7182379961013794,
            0.05162059888243675,
            0.05610780045390129,
            -0.0664730966091156,
            0.9794420003890991,
            0.1904599964618683,
            -0.24366800487041473,
            -0.20103800296783447,
            0.9487940073013306
        ],
        [
            -0.2486400008201599,
            -0.47402501106262207,
            -0.1302189975976944,
            0.6998289823532104,
            0.04668470099568367,
            0.04391150176525116,
            0.06058730185031891,
            0.9766290187835693,
            0.20621399581432343,
            -0.3322939872741699,
            -0.1750749945640564,
            0.9267839789390564
        ],
        [
            -0.2780529856681824,
            -0.8405479788780212,
            -0.10908100008964539,
            0.031197000294923782,
            0.04456700012087822,
            0.038624998182058334,
            -0.0,
            1.0,
            -1.1102199806005023e-16,
            0.0,
            1.1102199806005023e-16,
            1.0
        ],
        [
            -0.27746498584747314,
            -0.8234059810638428,
            0.15005600452423096,
            0.054639700800180435,
            0.7019479870796204,
            0.023732099682092667,
            0.03701090067625046,
            0.9993150234222412,
            -0.0007876069867052138,
            0.0007876069867052138,
            0.0007589770248159766,
            0.9999989867210388
        ],
        [
            -0.2780529856681824,
            -0.8405479788780212,
            0.41152000427246094,
            0.031197000294923782,
            0.04456700012087822,
            0.038624998182058334,
            -0.0,
            1.0,
            0.0,
            0.0,
            0.0,
            1.0
        ],
        [
            -0.24881300330162048,
            -0.48545199632644653,
            0.49315300583839417,
            0.6883360147476196,
            0.050047699362039566,
            0.040925901383161545,
            0.06253819912672043,
            0.9979010224342346,
            -0.016812199726700783,
            -0.03228149935603142,
            0.01885879971086979,
            0.999301016330719
        ],
        [
            0.0134723000228405,
            0.3619079887866974,
            -0.24672800302505493,
            0.8617389798164368,
            0.09269300103187561,
            0.6291429996490479,
            -0.0030070599168539047,
            0.9777160286903381,
            -0.20991100370883942,
            -0.0037211698945611715,
            0.20989899337291718,
            0.9777160286903381
        ]
    ],
    "ops": [
        [
            0,
            0,
            0,
            0,
            0,
            1,
            2,
            1,
            1,
            0,
            0,
            1,
            2,
            1,
            1,
            0,
            1
        ]
    ],
    "syms": [
        [
            0.0,
            1.0,
            0.0,
            0.0,
            0.013559999875724316,
            -0.8405479788780212,
            -0.10908100008964539,
            0.0
        ],
        [
            0.0,
            1.0,
            0.0,
            0.0,
            0.013559999875724316,
            -0.8405479788780212,
            0.41152000427246094,
            0.0
        ]
    ],
    "labels:": [
        [
            1,
            2,
            2,
            2,
            2,
            2,
            2,
            0
        ]
    ],
    "obj": 36915,
    "mat_index": 1811,
    "obbs": "N 12\n0.0134723 0.361908 -0.246728 -0.00300706 0.977716 -0.209911 -0.00372117 0.209899 0.977716 0.999989 0.00372117 0.00300706 0.861739 0.092693 0.629143\n-0.278053 -0.840548 0.41152 1 0 -0 -0 1 0 0 0 1 0.038625 0.031197 0.044567\n-0.278053 -0.840548 -0.109081 1 0 -0 -0 1 -1.11022e-16 0 1.11022e-16 1 0.038625 0.031197 0.044567\n0.305173 -0.840548 -0.109081 1 0 0 0 1 0 0 0 1 0.038625 0.031197 0.044567\n0.305173 -0.840548 0.41152 1 0 0 0 1 0 0 0 1 0.038625 0.031197 0.044567\n0.0135497 -0.0945153 0.181436 1 -0.000975961 -9.35476e-06 0.000975961 0.999816 0.0191686 -9.35476e-06 -0.0191686 0.999816 0.627137 0.14928 0.69567\n-0.24864 -0.474025 -0.130219 0.0605873 0.976629 0.206214 -0.332294 -0.175075 0.926784 0.941228 -0.124675 0.313921 0.699829 0.0466847 0.0439115\n0.270708 -0.48312 -0.132138 0.243668 0.201038 -0.948794 0.967578 0.0166603 0.252022 0.0664731 -0.979442 -0.19046 0.0516206 0.0561078 0.718238\n0.279629 -0.492211 0.492316 0.0583438 -0.998127 0.0183787 0.998127 0.0579851 -0.0194808 0.0183787 0.0194808 0.999641 0.692569 0.0349593 0.0507766\n-0.248813 -0.485452 0.493153 0.0625382 0.997901 -0.0168122 0.99752 -0.0619517 0.0333931 0.0322815 -0.0188588 -0.999301 0.688336 0.0409259 0.0500477\n0.304744 -0.833429 0.15173 1 0 0 0 1 0 0 0 1 0.023867 0.034159 0.676514\n-0.277465 -0.823406 0.150056 -0.0370109 -0.999315 0.000787607 0.999315 -0.0370115 -0.000758977 0.000787607 0.000758977 0.999999 0.0546397 0.0237321 0.701948\nC 19\n0 7\n0 6\n0 5\n1 9\n1 11\n2 6\n2 11\n3 10\n3 7\n4 10\n4 8\n5 9\n5 6\n5 7\n5 8\n6 11\n7 10\n8 10\n9 11\nS 4\n2\n1 -0.278053 -0.840548 0.41152\n4 0.305173 -0.840548 0.41152\n2\n0.01356 -0.840548 0.41152\n1 0 0\n2\n2 -0.278053 -0.840548 -0.109081\n3 0.305173 -0.840548 -0.109081\n2\n0.01356 -0.840548 -0.109081\n1 0 0\n2\n8 0.279629 -0.492211 0.492316\n9 -0.248813 -0.485452 0.493153\n2\n0.015408 -0.488831 0.492734\n-0.999917 0.0127892 0.0015838\n2\n10 0.304744 -0.833429 0.15173\n11 -0.277465 -0.823406 0.150056\n2\n0.0136399 -0.828417 0.150893\n-0.999848 0.0172113 -0.00287447\nL 12\n0\n2\n2\n2\n2\n1\n2\n2\n2\n2\n2\n2"
}