{
    "boxes": [
        [
            -0.006237360183149576,
            -0.11024300009012222,
            0.17413100600242615,
            0.2736569941043854,
            0.8169069886207581,
            0.8684020042419434,
            -0.011172899976372719,
            0.9972079992294312,
            0.0738300010561943,
            0.00041302599129267037,
            -0.0738300010561943,
            0.9972710013389587
        ],
        [
            -0.511896014213562,
            0.25833800435066223,
            0.2797299921512604,
            0.11674199998378754,
            0.44632500410079956,
            0.18507200479507446,
            0.0,
            1.0,
            0.0,
            0.0,
            0.0,
            1.0
        ],
        [
            -0.39641499519348145,
            -0.15749800205230713,
            0.1925709992647171,
            0.10469499975442886,
            0.1744379997253418,
            0.3079420030117035,
            0.18542499840259552,
            0.9765040278434753,
            -0.10981100052595139,
            0.01030190009623766,
            0.10981100052595139,
            0.9938989877700806
        ],
        [
            -0.51487797498703,
            0.04258690029382706,
            0.2212350070476532,
            0.3335840106010437,
            0.14752799272537231,
            0.11610600352287292,
            0.017631100490689278,
            0.9955210089683533,
            0.09288319945335388,
            0.009906589984893799,
            -0.0930669978260994,
            0.9956110119819641
        ],
        [
            -0.016509000211954117,
            -0.4561629891395569,
            0.09516949951648712,
            0.44480499625205994,
            0.2177170068025589,
            0.19947999715805054,
            0.0,
            1.0,
            0.0,
            0.0,
            0.0,
            1.0
        ],
        [
            0.17625099420547485,
            -0.6511290073394775,
            -0.15405499935150146,
            0.0835724025964737,
            0.4786199927330017,
            0.09030839800834656,
            0.015340499579906464,
            0.9946500062942505,
            -0.1021530032157898,
            -0.5870800018310547,
            0.09166029840707779,
            0.8043230175971985
        ],
        [
            -0.3048020005226135,
            -0.7229509949684143,
            -0.28350600600242615,
            0.09881900250911713,
            0.1033409982919693,
            0.09021200239658356,
            0.0,
            1.0,
            0.0,
            0.0,
            0.0,
            1.0
        ],
        [
            -0.009682290256023407,
            0.21765999495983124,
            -0.23940999805927277,
            1.047029972076416,
            0.32781100273132324,
            0.8696979880332947,
            0.006986789871007204,
            0.9986810088157654,
            -0.0508699007332325,
            0.007351549807935953,
            0.05081849917769432,
            0.9986810088157654
        ]
    ],
    "ops": [
        [
            0,
            0,
            0,
            0,
            1,
            1,
            2,
            1,
            0,
            0,
            0,
            1,
            2,
            1,
            1,
            0,
            1
        ]
    ],
    "syms": [
        [
            0.0,
            1.0,
            -0.0,
            -0.0,
            -0.006769999861717224,
            0.25833800435066223,
            0.2797299921512604,
            0.0
        ],
        [
            -1.0,
            0.004640629980713129,
            0.9998549818992615,
            -0.01641160063445568,
            -0.0066172401420772076,
            -0.6457639932632446,
            0.09927520155906677,
            0.20000000298023224
        ]
    ],
    "labels:": [
        [
            1,
            3,
            3,
            3,
            2,
            2,
            2,
            0
        ]
    ],
    "obj": 36926,
    "mat_index": 1817,
    "obbs": "N 19\n-0.00968229 0.21766 -0.23941 0.999949 -0.00735155 -0.00698679 0.00735155 0.0508185 0.998681 -0.00698679 -0.998681 0.0508699 0.869698 0.327811 1.04703\n-0.016509 -0.456163 0.0951695 1 0 0 0 1 0 0 0 1 0.19948 0.444805 0.217717\n-0.396415 -0.157498 0.192571 0.982604 -0.185425 0.0103019 0.185425 0.976504 -0.109811 0.0103019 0.109811 0.993899 0.307942 0.104695 0.174438\n0.376917 -0.166788 0.193632 0.99264 0.120837 -0.00806207 -0.120837 0.983809 -0.132357 -0.00806207 0.132357 0.991169 0.290201 0.082841 0.174757\n-0.00623736 -0.110243 0.174131 0.999937 0.0111729 0.000413026 -0.0111729 0.997208 0.07383 0.000413026 -0.07383 0.997271 0.868402 0.273657 0.816907\n-0.514878 0.0425869 0.221235 -0.0176311 -0.995521 -0.0928832 0.999795 -0.0166336 -0.0115031 0.00990659 -0.093067 0.995611 0.333584 0.116106 0.147528\n0.49833 0.030974 0.235902 1 0 0 0 1 0 0 0 1 0.11645 0.349938 0.148056\n0.498356 0.258338 0.27973 1 0 0 0 1 0 0 0 1 0.185072 0.116742 0.446325\n-0.511896 0.258338 0.27973 1 0 0 0 1 0 0 0 1 0.185072 0.116742 0.446325\n-0.182597 -0.644468 -0.14476 0.807518 0.0398518 -0.588495 -0.0750764 0.996544 -0.0355338 0.585045 0.0728762 0.80772 0.0899996 0.085256 0.50357\n0.176251 -0.651129 -0.154055 0.58708 -0.0916603 -0.804323 0.0153405 0.99465 -0.102153 0.809383 0.0476332 0.585346 0.47862 0.0835724 0.0903084\n0.279972 -0.64945 0.192239 0.343218 -0.216417 -0.913983 0.138198 0.974138 -0.178765 0.929033 -0.0649553 0.36425 0.12032 0.0950866 0.494756\n-0.00677 -0.633769 0.412902 1 0 0 0 1 0 0 0 1 0.087878 0.077947 0.467868\n-0.299943 -0.650005 0.19005 0.948329 0.088227 -0.304774 -0.0616192 0.993485 0.0958643 0.311247 -0.072131 0.947588 0.48476 0.0843538 0.094973\n-0.490058 -0.722951 0.284846 1 0 0 0 1 0 0 0 1 0.090212 0.098819 0.10334\n-0.304802 -0.722951 -0.283506 1 0 0 0 1 0 0 0 1 0.090212 0.098819 0.103341\n0.29298 -0.722951 -0.282948 1 0 0 0 1 0 0 0 1 0.090212 0.098819 0.10334\n0.477174 -0.722951 0.285749 1 0 0 0 1 0 0 0 1 0.090212 0.098819 0.10334\n-0.00677 -0.722951 0.636665 1 0 0 0 1 0 0 0 1 0.090212 0.098819 0.10334\nC 41\n0 2\n0 7\n0 3\n0 4\n0 5\n0 8\n0 1\n0 6\n1 3\n1 11\n1 2\n1 10\n1 13\n1 4\n1 9\n1 12\n2 5\n2 4\n3 6\n3 4\n4 7\n4 8\n4 5\n4 6\n5 8\n6 7\n9 15\n9 11\n9 10\n9 13\n9 12\n10 11\n10 12\n10 13\n10 16\n11 13\n11 12\n11 17\n12 13\n12 18\n13 14\nS 5\n2\n2 -0.396415 -0.157498 0.192571\n3 0.376917 -0.166788 0.193632\n2\n-0.00974895 -0.162143 0.193101\n0.999927 -0.0120129 0.00137172\n2\n5 -0.514878 0.0425869 0.221235\n6 0.49833 0.030974 0.235902\n2\n-0.00827397 0.0367804 0.228569\n0.99983 -0.0114595 0.0144733\n2\n7 0.498356 0.258338 0.27973\n8 -0.511896 0.258338 0.27973\n2\n-0.00677 0.258338 0.27973\n-1 0 0\n5\n12 -0.00677 -0.633769 0.412902\n13 -0.299943 -0.650005 0.19005\n9 -0.182597 -0.644468 -0.14476\n10 0.176251 -0.651129 -0.154055\n11 0.279972 -0.64945 0.192239\n3\n-0.00661724 -0.645764 0.0992752\n-0.00464063 -0.999855 0.0164116\n5\n17 0.477174 -0.722951 0.285749\n18 -0.00677 -0.722951 0.636665\n14 -0.490058 -0.722951 0.284846\n15 -0.304802 -0.722951 -0.283506\n16 0.29298 -0.722951 -0.282948\n3\n-0.0062952 -0.722951 0.128161\n0 -1 0\nL 19\n0\n2\n3\n3\n1\n3\n3\n3\n3\n2\n2\n2\n2\n2\n2\n2\n2\n2\n2"
}