{
    "boxes": [
        [
            -0.00023051000607665628,
            0.02908949926495552,
            0.12668800354003906,
            0.21855799853801727,
            0.8806260228157043,
            0.8827450275421143,
            0.019103100523352623,
            0.9996970295906067,
            -0.015536800026893616,
            -0.20772899687290192,
            0.019169099628925323,
            0.9779989719390869
        ],
        [
            -0.30404698848724365,
            -0.4338189959526062,
            0.3233799934387207,
            0.7804179787635803,
            0.22005799412727356,
            0.2288379967212677,
            0.14416199922561646,
            0.988398015499115,
            -0.04781550168991089,
            -0.1765650063753128,
            0.07323739677667618,
            0.981561005115509
        ],
        [
            0.31825101375579834,
            -0.4310489892959595,
            0.3356190025806427,
            0.7836179733276367,
            0.23055799305438995,
            0.20877499878406525,
            -0.14238999783992767,
            0.9853259921073914,
            -0.0941208004951477,
            -0.2649649977684021,
            0.05367539823055267,
            0.9627630114555359
        ],
        [
            0.3196449875831604,
            -0.40286800265312195,
            -0.1769160032272339,
            0.841729998588562,
            0.2219340056180954,
            0.22116999328136444,
            -0.1587730050086975,
            0.9782969951629639,
            0.13314099609851837,
            -0.012345399707555771,
            -0.13680799305438995,
            0.9905210137367249
        ],
        [
            0.004314430058002472,
            0.4702180027961731,
            -0.24419599771499634,
            1.0054800510406494,
            0.2776620090007782,
            0.8980649709701538,
            -0.0589849017560482,
            0.9514070153236389,
            -0.3022330105304718,
            -0.009100760333240032,
            0.3022350072860718,
            0.95319002866745
        ]
    ],
    "ops": [
        [
            0,
            0,
            0,
            0,
            2,
            1,
            1,
            1,
            0,
            1
        ]
    ],
    "syms": [
        [
            0.0,
            0.999879002571106,
            0.009679339826107025,
            -0.012189899571239948,
            -0.006396499928086996,
            -0.4060240089893341,
            -0.17294099926948547,
            0.0
        ]
    ],
    "labels:": [
        [
            1,
            2,
            2,
            2,
            0
        ]
    ],
    "obj": 36943,
    "mat_index": 1826,
    "obbs": "N 6\n-0.00023051 0.0290895 0.126688 -0.978 0.0154553 -0.208032 0.0191031 0.999697 -0.0155368 0.207729 -0.0191691 -0.977999 0.882745 0.218558 0.880626\n-0.332438 -0.40918 -0.168966 0.20111 0.124318 -0.971648 0.965391 -0.193303 0.175083 -0.166057 -0.973231 -0.158891 0.24053 0.21504 0.82674\n0.319645 -0.402868 -0.176916 0.158773 -0.978297 -0.133141 0.987238 0.155625 0.0337989 -0.0123454 -0.136808 0.990521 0.84173 0.22117 0.221934\n0.318251 -0.431049 0.335619 0.264965 -0.0536754 -0.962763 0.953687 0.162026 0.253434 0.14239 -0.985326 0.0941208 0.230558 0.208775 0.783618\n-0.304047 -0.433819 0.32338 0.176565 -0.0732374 -0.981561 0.973675 -0.133061 0.185074 -0.144162 -0.988398 0.0478155 0.220058 0.228838 0.780418\n0.00431443 0.470218 -0.244196 -0.0589849 0.951407 -0.302233 -0.00910076 0.302235 0.95319 0.998217 0.0589744 -0.00916879 1.00548 0.277662 0.898065\nC 11\n0 1\n0 5\n0 4\n0 3\n0 2\n1 4\n1 5\n2 5\n2 3\n3 5\n4 5\nS 1\n2\n1 -0.332438 -0.40918 -0.168966\n2 0.319645 -0.402868 -0.176916\n2\n-0.0063965 -0.406024 -0.172941\n0.999879 0.00967934 -0.0121899\nL 6\n1\n2\n2\n2\n2\n0"
}