{
    "boxes": [
        [
            0.003432000055909157,
            -0.17271700501441956,
            0.09736800193786621,
            0.03441400080919266,
            0.7571160197257996,
            0.774321973323822,
            4.8831298836489536e-20,
            1.0,
            0.0,
            0.0,
            -0.0,
            1.0
        ],
        [
            -0.3063110113143921,
            -0.5275359749794006,
            0.3557629883289337,
            0.6886849999427795,
            0.04649290069937706,
            0.05108270049095154,
            0.09702400118112564,
            0.9905179738998413,
            -0.09726770222187042,
            0.3785269856452942,
            0.053661201149225235,
            0.924032986164093
        ],
        [
            -0.2470400035381317,
            -0.5276679992675781,
            -0.10567999631166458,
            0.6888859868049622,
            0.0449909009039402,
            0.05808519944548607,
            0.06189719960093498,
            0.9946150183677673,
            0.08312340080738068,
            -0.27939000725746155,
            -0.06268700212240219,
            0.9581289887428284
        ],
        [
            0.002271499950438738,
            0.5867199897766113,
            -0.17374800145626068,
            0.12062200158834457,
            0.3215779960155487,
            0.8117449879646301,
            0.0,
            1.0,
            0.0,
            0.0,
            0.0,
            1.0
        ],
        [
            0.003432000055909157,
            0.1854500025510788,
            -0.26808398962020874,
            0.6889370083808899,
            0.05510580167174339,
            0.04301819950342178,
            -1.8876299918701989e-06,
            0.9945089817047119,
            -0.10464700311422348,
            0.00012006400356767699,
            0.10464700311422348,
            0.9945089817047119
        ],
        [
            -0.3208560049533844,
            0.1854500025510788,
            -0.08085600286722183,
            0.6891369819641113,
            0.044468700885772705,
            0.060072701424360275,
            -0.09526609629392624,
            0.9950460195541382,
            -0.028430599719285965,
            0.5321140289306641,
            0.07504089921712875,
            0.8433399796485901
        ],
        [
            -0.1837960034608841,
            0.1854500025510788,
            -0.21791699528694153,
            0.6887739896774292,
            0.04499160125851631,
            0.051426198333501816,
            -0.05549120157957077,
            0.995290994644165,
            -0.07948250323534012,
            -0.5313249826431274,
            0.03796229884028435,
            0.8463169932365417
        ]
    ],
    "ops": [
        [
            0,
            0,
            0,
            1,
            2,
            1,
            0,
            0,
            1,
            0,
            0,
            1,
            2,
            1,
            1
        ]
    ],
    "syms": [
        [
            0.0,
            1.0,
            -0.0001910540013341233,
            -0.00036322700907476246,
            0.0031984099186956882,
            -0.5275959968566895,
            0.35565000772476196,
            0.0
        ],
        [
            0.0,
            1.0,
            -7.307860272476319e-08,
            2.0880099871334323e-09,
            0.003432250116020441,
            0.1854500025510788,
            -0.08085600286722183,
            0.0
        ]
    ],
    "labels:": [
        [
            1,
            2,
            2,
            0,
            0,
            0,
            0
        ]
    ],
    "obj": 36953,
    "mat_index": 1832,
    "obbs": "N 11\n0.0022715 0.58672 -0.173748 1 0 0 0 1 0 0 0 1 0.811745 0.120622 0.321578\n0.003432 -0.172717 0.097368 1 -4.88313e-20 -0 4.88313e-20 1 0 0 -0 1 0.774322 0.034414 0.757116\n-0.320856 0.18545 -0.080856 -0.0952661 0.995046 -0.0284306 0.532114 0.0750409 0.84334 0.841296 0.0652134 -0.536627 0.689137 0.0444687 0.0600727\n-0.183796 0.18545 -0.217917 -0.0554912 0.995291 -0.0794825 -0.531325 0.0379623 0.846317 0.845349 0.0891942 0.526716 0.688774 0.0449916 0.0514262\n0.003432 0.18545 -0.268084 -0.000120064 -0.104647 -0.994509 1 -1.06872e-05 -0.000119603 1.88763e-06 -0.994509 0.104647 0.0551058 0.0430182 0.688937\n0.19066 0.18545 -0.217917 0.0531825 0.995553 -0.0777511 0.481667 0.0426301 0.875317 0.874739 -0.0840016 -0.477258 0.688679 0.044804 0.049572\n0.327721 0.18545 -0.080856 0.0782931 0.995354 -0.0560396 0.903968 -0.0471774 0.42499 0.420372 -0.0839318 -0.903462 0.688781 0.044727 0.0514691\n0.312708 -0.527655 0.355538 -0.925726 -0.115173 -0.360231 -0.367962 0.0542202 0.928259 -0.0873784 0.991865 -0.0925723 0.0447687 0.0461415 0.688454\n0.254439 -0.527681 -0.105935 -0.0727323 0.993443 0.0882052 0.125372 -0.0786309 0.988989 0.98944 0.0829899 -0.118831 0.688678 0.0447997 0.051395\n-0.24704 -0.527668 -0.10568 0.0618972 0.994615 0.0831234 -0.27939 -0.062687 0.958129 0.95818 -0.0825294 0.274006 0.688886 0.0449909 0.0580852\n-0.306311 -0.527536 0.355763 0.920491 -0.126472 -0.369732 0.378527 0.0536612 0.924033 -0.097024 -0.990518 0.0972677 0.0510827 0.0464929 0.688685\nC 24\n0 3\n0 4\n0 5\n0 6\n0 2\n1 3\n1 6\n1 2\n1 5\n1 10\n1 4\n1 9\n1 8\n1 7\n2 9\n2 3\n3 9\n3 4\n4 8\n4 9\n4 5\n5 6\n5 8\n6 8\nS 4\n2\n2 -0.320856 0.18545 -0.080856\n6 0.327721 0.18545 -0.080856\n2\n0.00343225 0.18545 -0.080856\n1 -7.30786e-08 2.08801e-09\n2\n3 -0.183796 0.18545 -0.217917\n5 0.19066 0.18545 -0.217917\n2\n0.003432 0.18545 -0.217917\n1 0 0\n2\n7 0.312708 -0.527655 0.355538\n10 -0.306311 -0.527536 0.355763\n2\n0.00319841 -0.527596 0.35565\n-1 0.000191054 0.000363227\n2\n8 0.254439 -0.527681 -0.105935\n9 -0.24704 -0.527668 -0.10568\n2\n0.00369966 -0.527675 -0.105807\n-1 2.60341e-05 0.000508136\nL 11\n0\n1\n0\n0\n0\n0\n0\n2\n2\n2\n2"
}