{
    "boxes": [
        [
            0.005448999814689159,
            -0.08420749753713608,
            0.1210630014538765,
            0.23537500202655792,
            0.8820639848709106,
            0.7191759943962097,
            0.0,
            1.0,
            0.0,
            0.0,
            0.0,
            1.0
        ],
        [
            -0.3185510039329529,
            -0.4866270124912262,
            0.5135200023651123,
            0.5768030285835266,
            0.055663999170064926,
            0.05712199956178665,
            0.0,
            1.0,
            0.0,
            0.0,
            0.0,
            1.0
        ],
        [
            -0.2854290008544922,
            -0.4865410029888153,
            -0.27854999899864197,
            0.5921210050582886,
            0.08569200336933136,
            0.07267750054597855,
            0.08961880207061768,
            0.9905949831008911,
            0.10339300334453583,
            -0.2423509955406189,
            -0.07900159806013107,
            0.966966986656189
        ],
        [
            0.004487430211156607,
            0.3402929902076721,
            -0.2990410029888153,
            0.7964199781417847,
            0.14600500464439392,
            0.6254810094833374,
            0.0033989499788731337,
            0.9909819960594177,
            -0.1339540034532547,
            0.003889289917424321,
            0.13394099473953247,
            0.9909819960594177
        ]
    ],
    "ops": [
        [
            0,
            0,
            0,
            1,
            2,
            1,
            0,
            1
        ]
    ],
    "syms": [
        [
            0.0,
            1.0,
            -0.0,
            -0.0,
            0.00045349998981691897,
            -0.4866270124912262,
            0.5135200023651123,
            0.0
        ]
    ],
    "labels:": [
        [
            1,
            2,
            2,
            0
        ]
    ],
    "obj": 36975,
    "mat_index": 1847,
    "obbs": "N 6\n0.00448743 0.340293 -0.299041 0.999987 -0.00388929 -0.00339895 0.00388929 0.133941 0.990982 -0.00339895 -0.990982 0.133954 0.625481 0.146005 0.79642\n0.005449 -0.0842075 0.121063 1 0 0 0 1 0 0 0 1 0.719176 0.235375 0.882064\n0.319458 -0.486627 0.51352 1 0 0 0 1 0 0 0 1 0.057122 0.576803 0.055664\n0.291192 -0.4866 -0.27805 0.0901257 -0.990758 -0.101374 0.96604 0.111717 -0.232994 0.242166 -0.0769324 0.96718 0.592034 0.0726777 0.0855256\n-0.285429 -0.486541 -0.27855 0.242351 0.0790016 -0.966967 0.96604 -0.111716 0.232992 -0.0896188 -0.990595 -0.103393 0.085692 0.0726775 0.592121\n-0.318551 -0.486627 0.51352 1 0 0 0 1 0 0 0 1 0.057122 0.576803 0.055664\nC 7\n0 1\n0 4\n0 3\n1 2\n1 3\n1 4\n1 5\nS 2\n2\n2 0.319458 -0.486627 0.51352\n5 -0.318551 -0.486627 0.51352\n2\n0.0004535 -0.486627 0.51352\n-1 0 0\n2\n3 0.291192 -0.4866 -0.27805\n4 -0.285429 -0.486541 -0.27855\n2\n0.00288186 -0.48657 -0.2783\n-1 0.000103611 -0.000867103\nL 6\n0\n1\n2\n2\n2\n2"
}