{
    "boxes": [
        [
            0.0022134999744594097,
            -0.022466499358415604,
            0.2295359969139099,
            0.18451300263404846,
            0.6620950102806091,
            0.9791330099105835,
            0.0,
            1.0,
            0.0,
            0.0,
            0.0,
            1.0
        ],
        [
            -0.4098150134086609,
            0.10563000291585922,
            0.176938995718956,
            0.19201399385929108,
            0.8131420016288757,
            0.5208969712257385,
            0.5189030170440674,
            0.8182100057601929,
            0.24753400683403015,
            0.4812229871749878,
            -0.5189260244369507,
            0.7064980268478394
        ],
        [
            0.03094800002872944,
            -0.4026240110397339,
            0.03561050072312355,
            0.6182270050048828,
            0.14487700164318085,
            0.14518000185489655,
            0.0,
            1.0,
            0.0,
            0.0,
            0.0,
            1.0
        ],
        [
            0.030755499377846718,
            -0.7865039706230164,
            0.03604850172996521,
            0.18370699882507324,
            0.9168149828910828,
            0.916031002998352,
            0.0,
            1.0,
            0.0,
            0.0,
            0.0,
            1.0
        ],
        [
            0.05023159831762314,
            0.44426101446151733,
            -0.24820999801158905,
            0.9399880170822144,
            0.3710150122642517,
            1.520859956741333,
            0.14657999575138092,
            0.7083140015602112,
            -0.6905109882354736,
            -0.023656699806451797,
            0.7003610134124756,
            0.7133970260620117
        ]
    ],
    "ops": [
        [
            0,
            0,
            2,
            1,
            0,
            0,
            1,
            1,
            0,
            1
        ]
    ],
    "syms": [
        [
            0.0,
            0.9961529970169067,
            -0.07223860174417496,
            0.049605801701545715,
            -0.0016735700191929936,
            0.07603269815444946,
            0.19726400077342987,
            0.0
        ]
    ],
    "labels:": [
        [
            1,
            3,
            2,
            2,
            0
        ]
    ],
    "obj": 37002,
    "mat_index": 1867,
    "obbs": "N 6\n0.0502316 0.444261 -0.24821 0.14658 0.708314 -0.690511 -0.0236567 0.700361 0.713397 0.988916 -0.0882344 0.119415 0.939988 0.371015 1.52086\n-0.409815 0.10563 0.176939 0.706516 -0.247485 -0.663013 0.518903 0.81821 0.247534 0.481223 -0.518926 0.706498 0.520897 0.192014 0.813142\n0.406468 0.0464353 0.217588 -0.548477 -0.167157 -0.819287 -0.444078 0.888444 0.116024 0.708496 0.427464 -0.561522 0.48769 0.138393 0.614299\n0.0022135 -0.0224665 0.229536 1 0 0 0 1 0 0 0 1 0.979133 0.184513 0.662095\n0.030948 -0.402624 0.0356105 1 0 0 0 1 0 0 0 1 0.14518 0.618227 0.144877\n0.0307555 -0.786504 0.0360485 1 0 0 0 1 0 0 0 1 0.916031 0.183707 0.916815\nC 11\n0 1\n0 4\n0 3\n0 2\n1 2\n1 3\n1 4\n2 4\n2 3\n3 4\n4 5\nS 1\n2\n1 -0.409815 0.10563 0.176939\n2 0.406468 0.0464353 0.217588\n2\n-0.00167357 0.0760327 0.197264\n0.996153 -0.0722386 0.0496058\nL 6\n0\n3\n3\n1\n2\n2"
}