{
    "boxes": [
        [
            0.002495999913662672,
            -0.17532199621200562,
            0.1643349975347519,
            0.10300499945878983,
            0.5132570266723633,
            0.6139360070228577,
            0.0,
            1.0,
            0.0,
            0.0,
            0.0,
            1.0
        ],
        [
            -0.2893509864807129,
            -0.0383015014231205,
            0.22532600164413452,
            0.33346399664878845,
            0.06391450017690659,
            0.032357100397348404,
            0.012063699774444103,
            0.9938600063323975,
            -0.10998400300741196,
            -0.0453575998544693,
            0.11042200028896332,
            0.9928489923477173
        ],
        [
            0.2891649901866913,
            -0.014507399871945381,
            0.22195599973201752,
            0.2654710114002228,
            0.06547430157661438,
            0.050920598208904266,
            0.012134100310504436,
            0.9919689893722534,
            -0.12589700520038605,
            0.27510300278663635,
            0.11773599684238434,
            0.9541789889335632
        ],
        [
            -0.2904210090637207,
            -0.018414199352264404,
            -0.025455400347709656,
            0.2715170085430145,
            0.061855901032686234,
            0.050590500235557556,
            0.00940782018005848,
            0.9916149973869324,
            -0.1288820058107376,
            -0.07921870052814484,
            0.12922200560569763,
            0.9884459972381592
        ],
        [
            -0.29909899830818176,
            0.12709499895572662,
            0.11838400363922119,
            0.09066899865865707,
            0.4646509885787964,
            0.08044199645519257,
            -0.022190099582076073,
            0.9920139908790588,
            0.124160997569561,
            -0.017559800297021866,
            -0.12455999851226807,
            0.9920570254325867
        ],
        [
            -0.24667400121688843,
            -0.5135160088539124,
            -0.04821750149130821,
            0.6378830075263977,
            0.13576699793338776,
            0.0962442010641098,
            0.02216150052845478,
            0.9953699707984924,
            -0.09352409839630127,
            0.04255019873380661,
            0.09252329915761948,
            0.9948009848594666
        ],
        [
            -0.24819999933242798,
            -0.5165709853172302,
            0.3690659999847412,
            0.6312400102615356,
            0.1340399980545044,
            0.06561440229415894,
            0.004256289917975664,
            0.9951009750366211,
            -0.09877309948205948,
            0.046900998800992966,
            0.09846659749746323,
            0.994035005569458
        ],
        [
            0.002359559992328286,
            0.3144800066947937,
            -0.12799899280071259,
            1.3217500448226929,
            0.10945600271224976,
            0.7077249884605408,
            -0.0017446100246161222,
            0.9967830181121826,
            -0.08013299852609634,
            -0.0018904800526797771,
            0.0801296979188919,
            0.9967830181121826
        ]
    ],
    "ops": [
        [
            0,
            0,
            0,
            0,
            0,
            1,
            2,
            1,
            1,
            1,
            0,
            0,
            1,
            2,
            1,
            0,
            1
        ]
    ],
    "syms": [
        [
            0.0,
            0.999904990196228,
            0.013517200015485287,
            -0.002776320092380047,
            0.0008568639750592411,
            -0.014476600103080273,
            -0.02626419998705387,
            0.0
        ],
        [
            0.0,
            0.9999229907989502,
            -0.012354600243270397,
            0.0008701020269654691,
            0.0026666501071304083,
            -0.5165960192680359,
            -0.04800049960613251,
            0.0
        ]
    ],
    "labels:": [
        [
            1,
            3,
            3,
            3,
            3,
            2,
            2,
            0
        ]
    ],
    "obj": 37032,
    "mat_index": 1884,
    "obbs": "N 12\n0.00235956 0.31448 -0.127999 0.999997 0.00189048 0.00174461 -0.00189048 0.0801297 0.996783 0.00174461 -0.996783 0.080133 0.707725 0.109456 1.32175\n0.292135 -0.010539 -0.027073 -0.0638255 -0.996113 0.0607027 0.952093 -0.079008 -0.295425 0.299073 0.038939 0.953435 0.271804 0.0536754 0.0763775\n0.289165 -0.0145074 0.221956 -0.275103 -0.117736 -0.954179 0.961338 -0.0462127 -0.271465 -0.0121341 -0.991969 0.125897 0.0654743 0.0509206 0.265471\n-0.289351 -0.0383015 0.225326 0.0120637 0.99386 -0.109984 0.998898 -0.00698883 0.0464112 0.0453576 -0.110422 -0.992849 0.333464 0.0323571 0.0639145\n-0.290421 -0.0184142 -0.0254554 0.00940782 0.991615 -0.128882 0.996813 0.000910771 0.0797702 0.0792187 -0.129222 -0.988446 0.271517 0.0505905 0.0618559\n0.002496 -0.175322 0.164335 1 0 0 0 1 0 0 0 1 0.613936 0.103005 0.513257\n0.252008 -0.519677 -0.0477836 0.0599307 -0.0993936 -0.993242 0.997961 0.027845 0.057429 0.0219488 -0.994659 0.10086 0.133815 0.0971423 0.625256\n-0.2482 -0.516571 0.369066 -0.046901 -0.0984666 -0.994035 0.99889 -0.00886345 -0.0462521 -0.00425629 -0.995101 0.0987731 0.13404 0.0656144 0.63124\n-0.246674 -0.513516 -0.0482175 0.0221615 0.99537 -0.0935241 0.998849 -0.0260258 -0.0403028 -0.0425502 -0.0925233 -0.994801 0.637883 0.0962442 0.135767\n0.25646 -0.51762 0.371607 0.001664 0.993693 -0.112124 0.999968 -0.00253486 -0.00762477 -0.0078609 -0.112108 -0.993665 0.62808 0.0534023 0.133935\n0.307262 0.119437 0.116516 -0.0821723 -0.993256 -0.0817966 0.996516 -0.0807094 -0.0210391 0.0142955 -0.0832404 0.996427 0.0917303 0.0872981 0.466709\n-0.299099 0.127095 0.118384 0.0221901 -0.992014 -0.124161 0.9996 0.0198336 0.0201836 -0.0175598 -0.12456 0.992057 0.090669 0.080442 0.464651\nC 31\n0 10\n0 3\n0 11\n0 4\n0 5\n0 8\n0 1\n0 6\n0 2\n1 6\n1 2\n1 5\n1 10\n2 5\n2 9\n2 6\n2 10\n3 11\n3 7\n3 5\n3 8\n3 4\n4 8\n4 5\n4 11\n5 9\n5 6\n5 8\n5 11\n5 10\n5 7\nS 4\n2\n1 0.292135 -0.010539 -0.027073\n4 -0.290421 -0.0184142 -0.0254554\n2\n0.000856864 -0.0144766 -0.0262642\n-0.999905 -0.0135172 0.00277632\n2\n6 0.252008 -0.519677 -0.0477836\n8 -0.246674 -0.513516 -0.0482175\n2\n0.00266665 -0.516596 -0.0480005\n-0.999923 0.0123546 -0.000870102\n2\n7 -0.2482 -0.516571 0.369066\n9 0.25646 -0.51762 0.371607\n2\n0.00412974 -0.517096 0.370337\n0.999985 -0.0020786 0.00503396\n2\n10 0.307262 0.119437 0.116516\n11 -0.299099 0.127095 0.118384\n2\n0.00408187 0.123266 0.11745\n-0.999916 0.0126273 0.00308059\nL 12\n0\n3\n3\n3\n3\n1\n2\n2\n2\n2\n3\n3"
}