{
    "boxes": [
        [
            0.005155269987881184,
            -0.13922999799251556,
            0.27564600110054016,
            0.27167800068855286,
            1.2645699977874756,
            0.8775429725646973,
            0.0012263900134712458,
            0.9999480247497559,
            -0.010150199756026268,
            6.224210210348247e-06,
            0.010150199756026268,
            0.9999480247497559
        ],
        [
            -0.4291119873523712,
            0.012968099676072598,
            -0.017576200887560844,
            0.6842619776725769,
            0.8543760180473328,
            0.11647599935531616,
            -0.00852661021053791,
            0.9877399802207947,
            -0.15587599575519562,
            -0.0019224099814891815,
            0.15586599707603455,
            0.987775981426239
        ],
        [
            -0.3710959851741791,
            -0.5028600096702576,
            -0.4297249913215637,
            0.027420999482274055,
            0.10594899952411652,
            0.10594899952411652,
            1.2859300171912615e-18,
            1.0,
            -1.1102199806005023e-16,
            -0.7071070075035095,
            7.941389822462705e-17,
            0.7071070075035095
        ],
        [
            -0.3712260127067566,
            -0.4045870006084442,
            -0.23740899562835693,
            0.05990609899163246,
            0.48190900683403015,
            0.024062400683760643,
            -0.025049200281500816,
            0.9289699792861938,
            -0.3693059980869293,
            0.002992230001837015,
            0.36948999762535095,
            0.9292299747467041
        ],
        [
            0.0022700000554323196,
            -0.3406069874763489,
            0.04660150036215782,
            0.04172699898481369,
            0.04387500137090683,
            0.7458660006523132,
            0.0,
            1.0,
            0.0,
            0.0,
            0.0,
            1.0
        ],
        [
            -0.3710959851741791,
            -0.5028600096702576,
            0.5208359956741333,
            0.027420999482274055,
            0.10594899952411652,
            0.10594899952411652,
            1.2859300171912615e-18,
            1.0,
            0.0,
            -0.7071070075035095,
            9.092910062508337e-19,
            0.7071070075035095
        ],
        [
            0.38025999069213867,
            -0.3956480026245117,
            0.2626889944076538,
            0.08746329694986343,
            0.6136990189552307,
            0.02377540059387684,
            0.017300300300121307,
            0.9674819707870483,
            0.2523469924926758,
            0.002289100084453821,
            -0.2524220049381256,
            0.9676139950752258
        ],
        [
            0.0026100000832229853,
            0.2149450033903122,
            -0.36952900886535645,
            1.1163300275802612,
            0.2520279884338379,
            0.91771000623703,
            -7.40664996001783e-09,
            0.991021990776062,
            -0.13369600474834442,
            -8.472960111305383e-09,
            0.13369600474834442,
            0.991021990776062
        ]
    ],
    "ops": [
        [
            0,
            0,
            2,
            1,
            0,
            0,
            1,
            2,
            0,
            0,
            0,
            1,
            2,
            1,
            1,
            1,
            0,
            1
        ]
    ],
    "syms": [
        [
            0.0,
            1.0,
            0.0003630410064943135,
            0.00037606401019729674,
            0.0064261602237820625,
            0.013126200065016747,
            -0.017412399873137474,
            0.0
        ],
        [
            0.0,
            1.0,
            -0.0,
            -0.0,
            0.004503500182181597,
            -0.5028600096702576,
            -0.4297249913215637,
            0.0
        ],
        [
            0.0,
            1.0,
            -0.0,
            -0.0,
            0.004503500182181597,
            -0.5028600096702576,
            0.5208359956741333,
            0.0
        ]
    ],
    "labels:": [
        [
            1,
            3,
            2,
            2,
            2,
            2,
            2,
            0
        ]
    ],
    "obj": 37108,
    "mat_index": 1920,
    "obbs": "N 13\n0.00261 0.214945 -0.369529 1 8.47296e-09 7.40665e-09 -8.47296e-09 0.133696 0.991022 7.40665e-09 -0.991022 0.133696 0.91771 0.252028 1.11633\n0.441964 0.0132843 -0.0172486 -0.0028763 -0.158157 -0.98741 0.999972 -0.00726805 -0.00174874 -0.00689997 -0.987387 0.158174 0.853705 0.11714 0.684892\n-0.429112 0.0129681 -0.0175762 0.00192241 -0.155866 -0.987776 0.999962 0.00872204 0.000569837 0.00852661 -0.98774 0.155876 0.854376 0.116476 0.684262\n0.00515527 -0.13923 0.275646 0.999999 -0.00122639 6.22421e-06 0.00122639 0.999948 -0.0101502 6.22421e-06 0.0101502 0.999948 0.877543 0.271678 1.26457\n0.00227 -0.340607 0.0466015 1 0 0 0 1 0 0 0 1 0.745866 0.041727 0.043875\n0.380104 -0.50286 0.520836 0.707107 7.66713e-17 -0.707107 2.59275e-18 1 1.11022e-16 0.707107 -8.0338e-17 0.707107 0.105949 0.027421 0.105949\n0.380104 -0.50286 -0.429725 0.707107 7.66713e-17 -0.707107 2.59275e-18 1 1.11022e-16 0.707107 -8.0338e-17 0.707107 0.105949 0.027421 0.105949\n-0.371096 -0.50286 -0.429725 0.707107 -7.94139e-17 -0.707107 1.28593e-18 1 -1.11022e-16 0.707107 7.75953e-17 0.707107 0.105949 0.027421 0.105949\n-0.371096 -0.50286 0.520836 0.707107 -9.09291e-19 -0.707107 1.28593e-18 1 0 0.707107 -9.09291e-19 0.707107 0.105949 0.027421 0.105949\n-0.371226 -0.404587 -0.237409 -0.00299223 -0.36949 -0.92923 0.999682 0.0221714 -0.0120351 0.0250492 -0.92897 0.369306 0.481909 0.0240624 0.0599061\n-0.371105 -0.397484 0.271743 -0.00646978 -0.966296 -0.257353 0.999979 -0.00629373 -0.0015078 -0.000162729 -0.257357 0.966316 0.0859221 0.022626 0.595499\n0.379951 -0.40466 -0.244385 -0.021878 0.929568 -0.368001 0.999757 0.0193478 -0.0105639 -0.00269982 -0.368143 -0.929765 0.054994 0.0238231 0.468863\n0.38026 -0.395648 0.262689 -0.0173003 -0.967482 -0.252347 0.999848 -0.0161624 -0.00658166 0.0022891 -0.252422 0.967614 0.0874633 0.0237754 0.613699\nC 41\n0 2\n0 7\n0 10\n0 3\n0 11\n0 4\n0 12\n0 1\n0 6\n0 9\n1 3\n1 6\n1 11\n1 5\n1 4\n1 12\n2 8\n2 9\n2 10\n2 3\n2 7\n2 4\n3 11\n3 7\n3 10\n3 6\n3 9\n3 5\n3 12\n3 8\n3 4\n4 12\n4 9\n4 10\n4 11\n5 12\n6 11\n7 9\n8 10\n9 10\n11 12\nS 5\n2\n1 0.441964 0.0132843 -0.0172486\n2 -0.429112 0.0129681 -0.0175762\n2\n0.00642616 0.0131262 -0.0174124\n-1 -0.000363041 -0.000376064\n2\n5 0.380104 -0.50286 0.520836\n8 -0.371096 -0.50286 0.520836\n2\n0.0045035 -0.50286 0.520836\n-1 0 0\n2\n6 0.380104 -0.50286 -0.429725\n7 -0.371096 -0.50286 -0.429725\n2\n0.0045035 -0.50286 -0.429725\n-1 0 0\n2\n9 -0.371226 -0.404587 -0.237409\n11 0.379951 -0.40466 -0.244385\n2\n0.00436265 -0.404623 -0.240897\n0.999957 -9.78231e-05 -0.00928693\n2\n10 -0.371105 -0.397484 0.271743\n12 0.38026 -0.395648 0.262689\n2\n0.00457732 -0.396566 0.267216\n0.999924 0.00244342 -0.0120495\nL 13\n0\n3\n3\n1\n2\n2\n2\n2\n2\n2\n2\n2\n2"
}