{
    "boxes": [
        [
            -0.03176390007138252,
            -0.22669200599193573,
            0.15173999965190887,
            0.4406220018863678,
            0.692575991153717,
            0.723471999168396,
            0.06730379909276962,
            0.9611849784851074,
            -0.26756900548934937,
            -0.1984499990940094,
            0.2757149934768677,
            0.9405310153961182
        ],
        [
            -0.3714820146560669,
            -0.20836199820041656,
            -0.016467800363898277,
            0.19734600186347961,
            0.19734600186347961,
            0.020003600046038628,
            -0.12584899365901947,
            0.8053650259971619,
            0.5792660117149353,
            -0.17303599417209625,
            -0.5927780270576477,
            0.7865579724311829
        ],
        [
            0.3478870093822479,
            -0.20837299525737762,
            0.14050699770450592,
            0.19737400114536285,
            0.19737400114536285,
            0.020089099183678627,
            -0.02364340052008629,
            0.9939950108528137,
            0.10683999955654144,
            -0.21140700578689575,
            -0.10942400246858597,
            0.971252977848053
        ],
        [
            -0.4139710068702698,
            -0.02501939982175827,
            0.10618399828672409,
            0.5060709714889526,
            0.057719700038433075,
            0.02331010065972805,
            -0.09891989827156067,
            0.8178949952125549,
            0.5667999982833862,
            -0.1661369949579239,
            -0.575173020362854,
            0.8009840250015259
        ],
        [
            -0.430867999792099,
            0.17276699841022491,
            0.2201090008020401,
            0.034475501626729965,
            0.43001601099967957,
            0.09034939855337143,
            -0.10948900133371353,
            0.989342987537384,
            0.09598340094089508,
            -0.20149199664592743,
            -0.11665000021457672,
            0.9725189805030823
        ],
        [
            -0.03773939982056618,
            -0.5809760093688965,
            0.17336399853229523,
            0.48986300826072693,
            0.13740399479866028,
            0.06561119854450226,
            0.07219690084457397,
            0.9461579918861389,
            -0.3155499994754791,
            -0.17918099462985992,
            0.32353198528289795,
            0.9290969967842102
        ],
        [
            -0.011227499693632126,
            -0.8226220011711121,
            0.05901540070772171,
            0.0814846009016037,
            0.6326689720153809,
            0.3169209957122803,
            -0.0014734800206497312,
            0.9999600052833557,
            -0.008770990185439587,
            -0.20791800320148468,
            0.008272970095276833,
            0.9781110286712646
        ],
        [
            0.04693270102143288,
            0.2977460026741028,
            -0.1435759961605072,
            1.2587900161743164,
            0.4461689889431,
            0.736670970916748,
            0.0406108982861042,
            0.9964879751205444,
            -0.07323359698057175,
            -0.2914170026779175,
            0.08191999793052673,
            0.9530820250511169
        ]
    ],
    "ops": [
        [
            0,
            0,
            0,
            0,
            0,
            1,
            2,
            1,
            1,
            1,
            0,
            0,
            1,
            1,
            0,
            1
        ]
    ],
    "syms": [
        [
            0.0,
            0.977931022644043,
            0.0025547000113874674,
            0.2089110016822815,
            -0.038887299597263336,
            -0.024039600044488907,
            0.1863120049238205,
            0.0
        ]
    ],
    "labels:": [
        [
            1,
            3,
            3,
            3,
            3,
            2,
            2,
            0
        ]
    ],
    "obj": 37134,
    "mat_index": 1932,
    "obbs": "N 10\n0.0469327 0.297746 -0.143576 0.0406109 0.996488 -0.0732336 -0.291417 0.08192 0.953082 0.955734 -0.017364 0.293721 1.25879 0.446169 0.736671\n0.347887 -0.208373 0.140507 -0.0236434 0.993995 0.10684 0.977112 0.00037705 0.212725 0.211407 0.109424 -0.971253 0.197374 0.0200891 0.197374\n-0.371482 -0.208362 -0.0164678 0.125849 -0.805365 -0.579266 0.976842 -0.00124619 0.213958 -0.173036 -0.592778 0.786558 0.197346 0.0200036 0.197346\n-0.0317639 -0.226692 0.15174 0.19845 -0.275715 -0.940531 0.0673038 0.961185 -0.267569 0.977797 -0.0102022 0.209304 0.692576 0.440622 0.723472\n-0.0377394 -0.580976 0.173364 0.179181 -0.323532 -0.929097 0.981163 -0.0105372 0.192892 -0.0721969 -0.946158 0.31555 0.137404 0.0656112 0.489863\n0.336196 -0.0230597 0.266439 0.173316 0.557669 -0.811767 0.974506 0.0221329 0.223267 0.142476 -0.829768 -0.539616 0.0594797 0.0232937 0.505582\n-0.413971 -0.0250194 0.106184 0.0989199 -0.817895 -0.5668 0.981129 -0.014933 0.192779 -0.166137 -0.575173 0.800984 0.506071 0.0233101 0.0577197\n0.303302 0.172679 0.380569 0.211313 0.118094 -0.970258 0.0572947 0.989471 0.132911 0.975738 -0.0836764 0.202322 0.430055 0.0346205 0.087765\n-0.430868 0.172767 0.220109 0.201492 0.11665 -0.972519 -0.109489 0.989343 0.0959834 0.973352 0.0871408 0.212116 0.430016 0.0344755 0.0903494\n-0.0112275 -0.822622 0.0590154 -0.978145 -0.00326487 -0.207897 -0.00147348 0.99996 -0.00877099 0.207918 -0.00827297 -0.978111 0.316921 0.0814846 0.632669\nC 20\n0 1\n0 7\n0 6\n0 5\n0 4\n0 3\n0 8\n0 2\n1 3\n1 5\n2 6\n2 3\n3 8\n3 6\n3 7\n3 4\n3 5\n4 9\n5 7\n6 8\nS 2\n2\n5 0.336196 -0.0230597 0.266439\n6 -0.413971 -0.0250194 0.106184\n2\n-0.0388873 -0.0240396 0.186312\n-0.977931 -0.0025547 -0.208911\n2\n7 0.303302 0.172679 0.380569\n8 -0.430868 0.172767 0.220109\n2\n-0.063783 0.172723 0.300339\n-0.976939 0.000116896 -0.213519\nL 10\n0\n3\n3\n1\n2\n3\n3\n3\n3\n2"
}