{
    "boxes": [
        [
            0.0053820000030100346,
            -0.033355001360177994,
            0.11476600170135498,
            0.18536199629306793,
            0.7068619728088379,
            0.7396140098571777,
            0.0,
            1.0,
            0.0,
            0.0,
            0.0,
            1.0
        ],
        [
            -0.3490540087223053,
            -0.46815600991249084,
            0.2636300027370453,
            0.7496089935302734,
            0.03623409941792488,
            0.04491350054740906,
            0.1930530071258545,
            0.9702519774436951,
            -0.14608900249004364,
            0.04303880035877228,
            0.14037300646305084,
            0.9891629815101624
        ],
        [
            -0.3513529896736145,
            -0.468966007232666,
            -0.21424800157546997,
            0.8069800138473511,
            0.050787199288606644,
            0.03757160156965256,
            0.16264599561691284,
            0.9449160099029541,
            0.28404098749160767,
            -0.15323799848556519,
            -0.2601900100708008,
            0.9533200263977051
        ],
        [
            -0.2537209987640381,
            0.05979650095105171,
            -0.23398999869823456,
            0.25091099739074707,
            0.030379999428987503,
            0.05362899973988533,
            0.0,
            1.0,
            0.0,
            0.0,
            0.0,
            1.0
        ],
        [
            0.005073400214314461,
            0.23572400212287903,
            -0.18140199780464172,
            0.6441180109977722,
            0.16867199540138245,
            0.7400000095367432,
            -0.0043329098261892796,
            0.8865500092506409,
            -0.46261298656463623,
            -0.007148180156946182,
            0.4625779986381531,
            0.8865500092506409
        ],
        [
            0.008888499811291695,
            0.18595600128173828,
            -0.23446600139141083,
            0.04194499924778938,
            0.029404999688267708,
            0.5141270160675049,
            0.0,
            1.0,
            0.0,
            0.0,
            0.0,
            1.0
        ]
    ],
    "ops": [
        [
            0,
            0,
            0,
            1,
            2,
            1,
            0,
            2,
            0,
            0,
            1,
            1,
            1
        ]
    ],
    "syms": [
        [
            0.0,
            0.9997820258140564,
            0.016192300245165825,
            0.013149900361895561,
            0.005718459840863943,
            -0.46241000294685364,
            0.2682969868183136,
            0.0
        ],
        [
            0.0,
            1.0,
            -0.0005123220034874976,
            0.00013885300722904503,
            0.0073449998162686825,
            0.059662800282239914,
            -0.23395399749279022,
            0.0
        ]
    ],
    "labels:": [
        [
            1,
            2,
            2,
            0,
            0,
            0
        ]
    ],
    "obj": 37186,
    "mat_index": 1962,
    "obbs": "N 9\n0.0050734 0.235724 -0.181402 0.999965 0.00714818 0.00433291 -0.00714818 0.462578 0.88655 0.00433291 -0.88655 0.462613 0.74 0.168672 0.644118\n0.005382 -0.033355 0.114766 1 0 0 0 1 0 0 0 1 0.739614 0.185362 0.706862\n0.0088885 0.185956 -0.234466 1 0 0 0 1 0 0 0 1 0.514127 0.041945 0.029405\n0.360491 -0.456664 0.272963 0.976087 0.184484 0.114978 -0.133002 0.0884622 0.98716 0.171944 -0.978846 0.110884 0.0343992 0.044655 0.770256\n0.356672 -0.445261 -0.201661 -0.189204 0.925702 0.327534 0.088514 -0.316122 0.94458 0.97794 0.20771 -0.022126 0.806684 0.0409991 0.0497902\n-0.351353 -0.468966 -0.214248 0.162646 0.944916 0.284041 -0.153238 -0.26019 0.95332 0.974712 -0.19858 0.102478 0.80698 0.0507872 0.0375716\n-0.349054 -0.468156 0.26363 0.193053 0.970252 -0.146089 0.0430388 0.140373 0.989163 0.980244 -0.197248 -0.014659 0.749609 0.0362341 0.0449135\n-0.253721 0.0597965 -0.23399 1 0 0 0 1 0 0 0 1 0.053629 0.250911 0.03038\n0.268412 0.059529 -0.233918 1 0 0 0 1 0 0 0 1 0.046229 0.238358 0.029919\nC 19\n0 1\n0 7\n0 6\n0 5\n0 4\n0 3\n0 8\n0 2\n1 2\n1 3\n1 4\n1 5\n1 8\n1 6\n1 7\n2 7\n2 8\n4 8\n5 7\nS 3\n2\n3 0.360491 -0.456664 0.272963\n6 -0.349054 -0.468156 0.26363\n2\n0.00571846 -0.46241 0.268297\n-0.999782 -0.0161923 -0.0131499\n2\n4 0.356672 -0.445261 -0.201661\n5 -0.351353 -0.468966 -0.214248\n2\n0.00265927 -0.457113 -0.207955\n-0.999282 -0.0334566 -0.0177646\n2\n7 -0.253721 0.0597965 -0.23399\n8 0.268412 0.059529 -0.233918\n2\n0.007345 0.0596628 -0.233954\n1 -0.000512322 0.000138853\nL 9\n0\n1\n0\n2\n2\n2\n2\n0\n0"
}