{
    "boxes": [
        [
            -0.03227489814162254,
            -0.01420109998434782,
            0.12996800243854523,
            0.10270299762487411,
            0.7845330238342285,
            0.7828029990196228,
            0.010968100279569626,
            0.9999079704284668,
            -0.00799832958728075,
            4.386510045151226e-05,
            0.00799832958728075,
            0.9999679923057556
        ],
        [
            -0.4027009904384613,
            -0.41868799924850464,
            -0.2669390141963959,
            0.7867010235786438,
            0.07765199989080429,
            0.06615360081195831,
            -0.004109949804842472,
            0.9810969829559326,
            0.19347499310970306,
            -0.1423719972372055,
            -0.19208000600337982,
            0.9709969758987427
        ],
        [
            -0.3525950014591217,
            -0.4058719873428345,
            0.48619401454925537,
            0.7909839749336243,
            0.07184100151062012,
            0.056811001151800156,
            0.0,
            1.0,
            0.0,
            0.0,
            0.0,
            1.0
        ],
        [
            -0.011769100092351437,
            0.23781900107860565,
            -0.23478500545024872,
            0.637274980545044,
            0.16950500011444092,
            0.8414480090141296,
            -0.00034008699003607035,
            0.9878810048103333,
            -0.1552100032567978,
            -0.00039769100840203464,
            0.1552100032567978,
            0.9878810048103333
        ]
    ],
    "ops": [
        [
            0,
            0,
            0,
            1,
            2,
            1,
            0,
            1
        ]
    ],
    "syms": [
        [
            0.0,
            1.0,
            0.000429928011726588,
            -9.570560359861702e-05,
            -0.011693200096487999,
            -0.4185200035572052,
            -0.266975998878479,
            0.0
        ]
    ],
    "labels:": [
        [
            1,
            2,
            2,
            0
        ]
    ],
    "obj": 37188,
    "mat_index": 1964,
    "obbs": "N 6\n-0.0117691 0.237819 -0.234785 1 0.000397691 0.000340087 -0.000397691 0.15521 0.987881 0.000340087 -0.987881 0.15521 0.841448 0.169505 0.637275\n-0.0322749 -0.0142011 0.129968 0.99994 -0.0109681 4.38651e-05 0.0109681 0.999908 -0.00799833 4.38651e-05 0.00799833 0.999968 0.782803 0.102703 0.784533\n-0.402701 -0.418688 -0.266939 0.142372 0.19208 -0.970997 0.989805 -0.0235547 0.14047 0.00410995 -0.981097 -0.193475 0.077652 0.0661536 0.786701\n0.379314 -0.418352 -0.267013 -0.0544628 0.155261 -0.986371 0.998514 0.0103063 -0.053511 0.00185762 -0.98782 -0.155592 0.0769214 0.0649125 0.785074\n0.333953 -0.411639 0.49043 1 0 0 0 1 0 0 0 1 0.04783 0.779597 0.06343\n-0.352595 -0.405872 0.486194 1 0 0 0 1 0 0 0 1 0.056811 0.790984 0.071841\nC 7\n0 1\n0 3\n0 2\n1 2\n1 3\n1 4\n1 5\nS 2\n2\n2 -0.402701 -0.418688 -0.266939\n3 0.379314 -0.418352 -0.267013\n2\n-0.0116932 -0.41852 -0.266976\n1 0.000429928 -9.57056e-05\n2\n4 0.333953 -0.411639 0.49043\n5 -0.352595 -0.405872 0.486194\n2\n-0.00932075 -0.408756 0.488312\n-0.999946 0.00840027 -0.00616894\nL 6\n0\n1\n2\n2\n2\n2"
}