{
    "boxes": [
        [
            -0.004770999774336815,
            -0.16176599264144897,
            0.10955300182104111,
            0.23163199424743652,
            0.8665130138397217,
            0.9072039723396301,
            0.0,
            1.0,
            0.0,
            0.0,
            0.0,
            1.0
        ],
        [
            -0.4104749858379364,
            -0.015361499972641468,
            0.10119400173425674,
            0.41167399287223816,
            0.86496502161026,
            0.1710350066423416,
            -0.014605299569666386,
            0.9998930096626282,
            -0.000861121981870383,
            0.000861121981870383,
            0.0008737919852137566,
            0.9999989867210388
        ],
        [
            -0.40911099314689636,
            -0.5068420171737671,
            0.46499401330947876,
            0.5499039888381958,
            0.08201500028371811,
            0.09432800114154816,
            0.0,
            1.0,
            0.0,
            0.0,
            0.0,
            1.0
        ],
        [
            0.41374701261520386,
            -0.507194995880127,
            -0.30954501032829285,
            0.5658159852027893,
            0.09402649849653244,
            0.07670749723911285,
            -0.018062299117445946,
            0.9909499883651733,
            0.13301099836826324,
            -0.02698720060288906,
            -0.13346700370311737,
            0.9906859993934631
        ],
        [
            -0.4156210124492645,
            -0.5054649710655212,
            -0.3208940029144287,
            0.5671200156211853,
            0.09750399738550186,
            0.12195000052452087,
            0.009711680002510548,
            0.9895009994506836,
            0.1441970020532608,
            0.3786590099334717,
            -0.13710400462150574,
            0.9153249859809875
        ],
        [
            -0.004787969868630171,
            0.13727499544620514,
            -0.25840699672698975,
            0.6848559975624084,
            0.25126099586486816,
            0.9861249923706055,
            0.003074279986321926,
            0.9864510297775269,
            -0.16402900218963623,
            0.003627659985795617,
            0.16401700675487518,
            0.9864510297775269
        ]
    ],
    "ops": [
        [
            0,
            0,
            2,
            1,
            0,
            2,
            0,
            0,
            1,
            1,
            1,
            0,
            1
        ]
    ],
    "syms": [
        [
            0.0,
            0.9999840259552002,
            -0.00014364700473379344,
            0.00557254021987319,
            -0.006712879985570908,
            -0.015419499948620796,
            0.10344400256872177,
            0.0
        ],
        [
            0.0,
            0.9999819993972778,
            -0.00039744298555888236,
            -0.006054259836673737,
            -0.0015132500557228923,
            -0.5070040225982666,
            0.46252700686454773,
            0.0
        ]
    ],
    "labels:": [
        [
            1,
            3,
            2,
            2,
            2,
            0
        ]
    ],
    "obj": 37223,
    "mat_index": 1982,
    "obbs": "N 8\n-0.00478797 0.137275 -0.258407 0.999989 -0.00362766 -0.00307428 0.00362766 0.164017 0.986451 -0.00307428 -0.986451 0.164029 0.986125 0.251261 0.684856\n0.397049 -0.0154775 0.105694 1 0 0 0 1 0 0 0 1 0.182166 0.413171 0.872443\n-0.410475 -0.0153615 0.101194 0.0146053 -0.999893 0.000861122 0.999893 0.0146045 -0.000873792 0.000861122 0.000873792 0.999999 0.411674 0.171035 0.864965\n-0.004771 -0.161766 0.109553 1 0 0 0 1 0 0 0 1 0.907204 0.231632 0.866513\n0.406084 -0.507166 0.460059 1 0 0 0 1 0 0 0 1 0.081297 0.549282 0.091886\n0.413747 -0.507195 -0.309545 0.0180623 -0.99095 -0.133011 0.999473 0.0143045 0.0291537 -0.0269872 -0.133467 0.990686 0.565816 0.0767075 0.0940265\n-0.415621 -0.505465 -0.320894 -0.378659 0.137104 -0.915325 0.925485 0.0457121 -0.376015 -0.00971168 -0.989501 -0.144197 0.097504 0.12195 0.56712\n-0.409111 -0.506842 0.464994 1 0 0 0 1 0 0 0 1 0.094328 0.549904 0.082015\nC 15\n0 1\n0 6\n0 5\n0 3\n0 2\n1 3\n1 4\n1 5\n2 7\n2 6\n2 3\n3 6\n3 7\n3 4\n3 5\nS 2\n2\n1 0.397049 -0.0154775 0.105694\n2 -0.410475 -0.0153615 0.101194\n2\n-0.00671288 -0.0154195 0.103444\n-0.999984 0.000143647 -0.00557254\n2\n4 0.406084 -0.507166 0.460059\n7 -0.409111 -0.506842 0.464994\n2\n-0.00151325 -0.507004 0.462527\n-0.999982 0.000397443 0.00605426\nL 8\n0\n3\n3\n1\n2\n2\n2\n2"
}