{
    "boxes": [
        [
            0.0010460000485181808,
            -0.07015299797058105,
            0.09877099841833115,
            0.18533000349998474,
            0.6989459991455078,
            0.6820300221443176,
            0.0,
            1.0,
            0.0,
            0.0,
            0.0,
            1.0
        ],
        [
            -0.3669709861278534,
            0.09872119873762131,
            0.05990780144929886,
            0.5388200283050537,
            0.7043370008468628,
            0.16173599660396576,
            -0.38341501355171204,
            0.9232029914855957,
            -0.026256099343299866,
            -0.1897680014371872,
            -0.05092639848589897,
            0.9805070161819458
        ],
        [
            -0.23809200525283813,
            -0.4693300127983093,
            -0.2733060121536255,
            0.5977219939231873,
            0.039975300431251526,
            0.05550669878721237,
            0.08326009660959244,
            0.9720100164413452,
            0.21969300508499146,
            -0.0590767003595829,
            -0.215256005525589,
            0.9747689962387085
        ],
        [
            0.36053401231765747,
            -0.45694300532341003,
            0.45263299345970154,
            0.6438040137290955,
            0.052326101809740067,
            0.04250739887356758,
            -0.23953700065612793,
            0.9421510100364685,
            -0.23446199297904968,
            0.5114889740943909,
            0.3277220129966736,
            0.7943410277366638
        ],
        [
            0.21611100435256958,
            -0.4701620042324066,
            -0.2701689898967743,
            0.5986149907112122,
            0.04124600067734718,
            0.05204850062727928,
            -0.06814809888601303,
            0.9681770205497742,
            0.24081100523471832,
            0.6248350143432617,
            -0.1467519998550415,
            0.7668409943580627
        ],
        [
            0.030686799436807632,
            0.17107699811458588,
            -0.2304069995880127,
            0.6263610124588013,
            0.2931550145149231,
            0.8415979743003845,
            0.023961300030350685,
            0.9690020084381104,
            -0.24588699638843536,
            -0.10368400067090988,
            0.2470400035381317,
            0.9634420275688171
        ]
    ],
    "ops": [
        [
            0,
            0,
            2,
            1,
            0,
            2,
            0,
            0,
            1,
            1,
            1,
            0,
            1
        ]
    ],
    "syms": [
        [
            0.0,
            0.9977989792823792,
            0.011509500443935394,
            0.06530679762363434,
            0.014270000159740448,
            0.10311900079250336,
            0.08486039936542511,
            0.0
        ],
        [
            0.0,
            -0.20079000294208527,
            0.014340599998831749,
            0.9795290231704712,
            -0.31253600120544434,
            -0.464013010263443,
            0.0898573026061058,
            0.0
        ]
    ],
    "labels:": [
        [
            1,
            3,
            2,
            2,
            2,
            0
        ]
    ],
    "obj": 37246,
    "mat_index": 1999,
    "obbs": "N 8\n0.0306868 0.171077 -0.230407 -0.994322 -0.00240929 -0.10639 -0.103684 0.24704 0.963442 0.0239613 0.969002 -0.245887 0.841598 0.293155 0.626361\n0.395511 0.107516 0.109813 -0.348239 -0.935935 0.0524867 0.918515 -0.35187 -0.180324 0.187241 -0.0145861 0.982206 0.507534 0.142048 0.574331\n-0.366971 0.0987212 0.0599078 0.189768 0.0509264 -0.980507 0.90387 0.380923 0.19472 0.383415 -0.923203 0.0262561 0.704337 0.161736 0.53882\n0.001046 -0.070153 0.098771 1 0 0 0 1 0 0 0 1 0.68203 0.18533 0.698946\n0.360534 -0.456943 0.452633 0.239537 -0.942151 0.234462 0.825228 0.070349 -0.560402 0.511489 0.327722 0.794341 0.643804 0.0425074 0.0523261\n0.216111 -0.470162 -0.270169 0.777777 0.202726 -0.59495 0.624835 -0.146752 0.766841 0.0681481 -0.968177 -0.240811 0.0520485 0.041246 0.598615\n-0.238092 -0.46933 -0.273306 0.0832601 0.97201 0.219693 -0.0590767 -0.215256 0.974769 0.994775 -0.0941381 0.0395009 0.597722 0.0399753 0.0555067\n-0.386979 -0.458696 0.453021 0.068767 -0.238131 -0.968795 0.972575 -0.200277 0.118264 -0.22219 -0.950359 0.217828 0.0401202 0.0404494 0.6383\nC 15\n0 1\n0 6\n0 5\n0 3\n0 2\n1 3\n1 4\n1 5\n2 7\n2 6\n2 3\n3 6\n3 7\n3 4\n3 5\nS 2\n2\n1 0.395511 0.107516 0.109813\n2 -0.366971 0.0987212 0.0599078\n2\n0.01427 0.103119 0.0848604\n-0.997799 -0.0115095 -0.0653068\n2\n6 -0.238092 -0.46933 -0.273306\n7 -0.386979 -0.458696 0.453021\n2\n-0.312536 -0.464013 0.0898573\n-0.20079 0.0143406 0.979529\nL 8\n0\n3\n3\n1\n2\n2\n2\n2"
}