{
    "boxes": [
        [
            0.013416499830782413,
            -0.09465949982404709,
            0.17984899878501892,
            0.37893301248550415,
            1.0229500532150269,
            1.0516400337219238,
            0.0,
            1.0,
            0.0,
            0.0,
            0.0,
            1.0
        ],
        [
            -0.4574350118637085,
            0.16630800068378448,
            0.15360499918460846,
            0.3947249948978424,
            1.3318599462509155,
            0.18630899488925934,
            -0.04903620108962059,
            0.9005290269851685,
            0.43202298879623413,
            -0.008865940384566784,
            -0.4329180121421814,
            0.9013890027999878
        ],
        [
            -0.5119789838790894,
            -0.4128299951553345,
            0.6556860208511353,
            0.28156399726867676,
            0.05477499961853027,
            0.051562998443841934,
            0.0,
            1.0,
            0.0,
            0.0,
            0.0,
            1.0
        ],
        [
            -0.34797999262809753,
            -0.10793399810791016,
            -0.4420210123062134,
            0.9069030284881592,
            0.13039200007915497,
            0.0634320005774498,
            0.0,
            1.0,
            0.0,
            0.0,
            0.0,
            1.0
        ],
        [
            0.011846000328660011,
            0.20909400284290314,
            -0.40029698610305786,
            0.9838089942932129,
            0.19929100573062897,
            0.9490450024604797,
            -0.003909219987690449,
            0.9517459869384766,
            -0.3068619966506958,
            -0.00536774005740881,
            0.3068400025367737,
            0.9517459869384766
        ]
    ],
    "ops": [
        [
            0,
            0,
            2,
            1,
            0,
            0,
            1,
            2,
            1,
            0,
            1
        ]
    ],
    "syms": [
        [
            0.0,
            0.9999480247497559,
            -0.008958449587225914,
            -0.00479624979197979,
            0.015199000015854836,
            0.1620739996433258,
            0.15133799612522125,
            0.0
        ],
        [
            0.0,
            0.9999889731407166,
            -0.004734999965876341,
            6.42179002170451e-05,
            0.013570000417530537,
            -0.4153189957141876,
            0.655718982219696,
            0.0
        ]
    ],
    "labels:": [
        [
            1,
            3,
            2,
            2,
            0
        ]
    ],
    "obj": 37301,
    "mat_index": 2025,
    "obbs": "N 8\n0.011846 0.209094 -0.400297 -0.00390922 0.951746 -0.306862 -0.00536774 0.30684 0.951746 0.999978 0.00536774 0.00390922 0.983809 0.199291 0.949045\n0.487833 0.15784 0.149071 -0.0609325 -0.905424 -0.420113 0.998083 -0.0506871 -0.03552 0.0108663 -0.421472 0.906777 0.393479 0.184263 1.32849\n-0.457435 0.166308 0.153605 0.00886594 0.432918 -0.901389 0.998758 0.0403704 0.0292127 0.0490362 -0.900529 -0.432023 1.33186 0.186309 0.394725\n0.0134165 -0.0946595 0.179849 1 0 0 0 1 0 0 0 1 1.05164 0.378933 1.02295\n0.539119 -0.417807 0.655753 1 0 0 0 1 0 0 0 1 0.051535 0.291418 0.054642\n0.374246 -0.11458 -0.44202 1 0 0 0 1 0 0 0 1 0.061593 0.905212 0.130307\n-0.34798 -0.107934 -0.442021 1 0 0 0 1 0 0 0 1 0.063432 0.906903 0.130392\n-0.511979 -0.41283 0.655686 1 0 0 0 1 0 0 0 1 0.051563 0.281564 0.054775\nC 15\n0 1\n0 6\n0 5\n0 3\n0 2\n1 3\n1 4\n1 5\n2 7\n2 6\n2 3\n3 6\n3 7\n3 4\n3 5\nS 3\n2\n1 0.487833 0.15784 0.149071\n2 -0.457435 0.166308 0.153605\n2\n0.015199 0.162074 0.151338\n-0.999948 0.00895845 0.00479625\n2\n4 0.539119 -0.417807 0.655753\n7 -0.511979 -0.41283 0.655686\n2\n0.01357 -0.415319 0.655719\n-0.999989 0.004735 -6.42179e-05\n2\n5 0.374246 -0.11458 -0.44202\n6 -0.34798 -0.107934 -0.442021\n2\n0.0131333 -0.111257 -0.44202\n-0.999958 0.0092024 -2.07682e-06\nL 8\n0\n3\n3\n1\n2\n2\n2\n2"
}