{
    "boxes": [
        [
            -0.004389970097690821,
            -0.2457520067691803,
            0.22558000683784485,
            0.10306400060653687,
            0.5597450137138367,
            0.7540850043296814,
            -0.0025556699838489294,
            0.9998679757118225,
            0.01605680026113987,
            2.0519399186014198e-05,
            -0.01605680026113987,
            0.999871015548706
        ],
        [
            -0.32003700733184814,
            -0.5415419936180115,
            -0.08742000162601471,
            0.5706290006637573,
            0.06650400161743164,
            0.07509099692106247,
            0.0,
            1.0,
            0.0,
            0.0,
            0.0,
            1.0
        ],
        [
            -0.320033997297287,
            -0.5414490103721619,
            0.44620999693870544,
            0.5704600214958191,
            0.07309900224208832,
            0.0750960037112236,
            0.0,
            1.0,
            0.0,
            0.0,
            0.0,
            1.0
        ],
        [
            -0.004370000213384628,
            0.2984279990196228,
            -0.1315159946680069,
            0.7354549765586853,
            0.032735198736190796,
            0.563510000705719,
            5.934320257416914e-10,
            0.9960790276527405,
            -0.08847229927778244,
            6.484769943249091e-10,
            0.08847229927778244,
            0.9960790276527405
        ],
        [
            -0.00442525977268815,
            -0.19418099522590637,
            -0.08437679708003998,
            0.21278400719165802,
            0.14115600287914276,
            0.7545880079269409,
            -0.0032819800544530153,
            0.9010639786720276,
            -0.43367400765419006,
            -0.005221849773079157,
            0.4336549937725067,
            0.9010639786720276
        ],
        [
            -0.004370000213384628,
            0.3342970013618469,
            -0.16194799542427063,
            0.8890810012817383,
            0.034091901034116745,
            0.6400079727172852,
            -0.0,
            0.9958540201187134,
            -0.0909636989235878,
            -0.0,
            0.0909636989235878,
            0.9958540201187134
        ],
        [
            -0.3517409861087799,
            0.3558749854564667,
            -0.1653899997472763,
            1.0187400579452515,
            0.08170200139284134,
            0.09648240357637405,
            0.021568700671195984,
            0.9959059953689575,
            -0.08778669685125351,
            -0.5695520043373108,
            0.08440530300140381,
            0.8176100254058838
        ]
    ],
    "ops": [
        [
            0,
            0,
            0,
            1,
            2,
            1,
            0,
            0,
            1,
            0,
            0,
            2,
            1,
            1,
            1
        ]
    ],
    "syms": [
        [
            0.0,
            0.9999899864196777,
            0.0006150269764475524,
            0.0044952197931706905,
            -0.002980499994009733,
            -0.54134601354599,
            -0.08599469810724258,
            0.0
        ],
        [
            0.0,
            0.9999979734420776,
            0.0001813629933167249,
            0.0019407999934628606,
            -0.005180180072784424,
            0.35593798756599426,
            -0.16471800208091736,
            0.0
        ]
    ],
    "labels:": [
        [
            1,
            2,
            2,
            0,
            0,
            0,
            0
        ]
    ],
    "obj": 37312,
    "mat_index": 2031,
    "obbs": "N 10\n-0.00437 0.298428 -0.131516 1 -6.48477e-10 -5.93432e-10 6.48477e-10 0.0884723 0.996079 -5.93432e-10 -0.996079 0.0884723 0.56351 0.0327352 0.735455\n-0.00442526 -0.194181 -0.0843768 -0.00328198 0.901064 -0.433674 -0.00522185 0.433655 0.901064 0.999981 0.00522185 0.00328198 0.212784 0.141156 0.754588\n-0.00438997 -0.245752 0.22558 0.999997 0.00255567 2.05194e-05 -0.00255567 0.999868 0.0160568 2.05194e-05 -0.0160568 0.999871 0.754085 0.103064 0.559745\n0.341381 0.356001 -0.164045 -0.437023 -0.084659 -0.895457 0.899412 -0.031933 -0.435934 0.00831108 -0.995898 0.0900987 0.0709962 0.0868936 1.01842\n-0.351741 0.355875 -0.16539 0.0215687 0.995906 -0.0877867 -0.569552 0.0844053 0.81761 0.821672 0.0323643 0.569041 1.01874 0.081702 0.0964824\n-0.00437 0.334297 -0.161948 1 0 0 -0 0.0909637 0.995854 0 -0.995854 0.0909637 0.640008 0.0340919 0.889081\n-0.320037 -0.541542 -0.08742 1 0 0 0 1 0 0 0 1 0.075091 0.570629 0.066504\n0.314075 -0.541152 -0.0845695 1 0 0 0 1 0 0 0 1 0.080969 0.571381 0.072257\n0.320479 -0.544214 0.449483 1 0 0 0 1 0 0 0 1 0.068162 0.565257 0.079652\n-0.320034 -0.541449 0.44621 1 0 0 0 1 0 0 0 1 0.075096 0.57046 0.073099\nC 26\n0 2\n0 7\n0 3\n0 4\n0 5\n0 1\n0 6\n1 3\n1 6\n1 2\n1 5\n1 4\n1 7\n2 8\n2 5\n2 9\n2 6\n2 3\n2 7\n2 4\n3 7\n3 5\n4 5\n4 6\n5 6\n5 7\nS 3\n2\n3 0.341381 0.356001 -0.164045\n4 -0.351741 0.355875 -0.16539\n2\n-0.00518018 0.355938 -0.164718\n-0.999998 -0.000181363 -0.0019408\n2\n6 -0.320037 -0.541542 -0.08742\n7 0.314075 -0.541152 -0.0845695\n2\n-0.0029805 -0.541346 -0.0859947\n0.99999 0.000615027 0.00449522\n2\n8 0.320479 -0.544214 0.449483\n9 -0.320034 -0.541449 0.44621\n2\n0.0002225 -0.542831 0.447846\n-0.999978 0.00431598 -0.00511063\nL 10\n0\n0\n1\n0\n0\n0\n2\n2\n2\n2"
}