{
    "boxes": [
        [
            0.002211000071838498,
            -0.09235099703073502,
            0.1190669983625412,
            0.11608599871397018,
            0.5896679759025574,
            0.7257999777793884,
            0.0,
            1.0,
            0.0,
            0.0,
            0.0,
            1.0
        ],
        [
            0.3896760046482086,
            -0.46954798698425293,
            -0.19567500054836273,
            0.6866899728775024,
            0.03744560107588768,
            0.04190269857645035,
            -0.10968299955129623,
            0.9912139773368835,
            0.0739263966679573,
            0.6382179856300354,
            0.013213399797677994,
            0.7697420120239258
        ],
        [
            0.3823840022087097,
            -0.46175599098205566,
            0.42182400822639465,
            0.7045220136642456,
            0.03266499936580658,
            0.05436290055513382,
            -0.10444899648427963,
            0.9907709956169128,
            -0.086394302546978,
            -0.5256230235099792,
            0.018751300871372223,
            0.8505110144615173
        ],
        [
            -0.3844299912452698,
            -0.4588660001754761,
            0.4066460132598877,
            0.7095749974250793,
            0.052529800683259964,
            0.04612239822745323,
            0.11316099762916565,
            0.9913529753684998,
            -0.06643989682197571,
            0.0200824998319149,
            0.06457360088825226,
            0.9977110028266907
        ],
        [
            -0.006152410060167313,
            0.25430500507354736,
            -0.17103299498558044,
            0.6192640066146851,
            0.06136099994182587,
            0.7095749974250793,
            -0.0006618699990212917,
            0.9892669916152954,
            -0.1461150050163269,
            -0.00076680799247697,
            0.14611400663852692,
            0.9892669916152954
        ]
    ],
    "ops": [
        [
            0,
            0,
            2,
            0,
            0,
            1,
            1,
            1,
            0,
            1
        ]
    ],
    "syms": [
        [
            0.0,
            0.9997199773788452,
            -0.007107269950211048,
            -0.022553900256752968,
            0.0023176500108093023,
            -0.4667940139770508,
            -0.18693600594997406,
            0.0
        ]
    ],
    "labels:": [
        [
            1,
            2,
            2,
            2,
            0
        ]
    ],
    "obj": 37321,
    "mat_index": 2037,
    "obbs": "N 6\n0.002211 -0.092351 0.119067 1 0 0 0 1 0 0 0 1 0.7258 0.116086 0.589668\n-0.00615241 0.254305 -0.171033 0.999999 0.000766808 0.00066187 -0.000766808 0.146114 0.989267 0.00066187 -0.989267 0.146115 0.709575 0.061361 0.619264\n0.382384 -0.461756 0.421824 -0.104449 0.990771 -0.0863943 -0.525623 0.0187513 0.850511 0.844281 0.134246 0.518813 0.704522 0.032665 0.0543629\n0.389676 -0.469548 -0.195675 0.109683 -0.991214 -0.0739264 0.762002 0.131609 -0.63406 0.638218 0.0132134 0.769742 0.68669 0.0419027 0.0374456\n-0.38504 -0.46404 -0.178197 0.641131 0.0134285 -0.767314 0.761609 -0.134066 0.634018 -0.0943567 -0.990881 -0.096181 0.0461446 0.0485162 0.698755\n-0.38443 -0.458866 0.406646 -0.0200825 -0.0645736 -0.997711 0.993374 -0.114236 -0.0126017 -0.113161 -0.991353 0.0664399 0.0525298 0.0461224 0.709575\nC 7\n0 1\n0 5\n0 4\n0 3\n0 2\n1 3\n1 4\nS 1\n2\n3 0.389676 -0.469548 -0.195675\n4 -0.38504 -0.46404 -0.178197\n2\n0.00231765 -0.466794 -0.186936\n-0.99972 0.00710727 0.0225539\nL 6\n1\n0\n2\n2\n2\n2"
}