{
    "boxes": [
        [
            -0.0017195000546053052,
            0.3054409921169281,
            0.08154799789190292,
            0.9270899891853333,
            0.9844300150871277,
            0.8819810152053833,
            0.0,
            1.0,
            0.0,
            0.0,
            0.0,
            1.0
        ],
        [
            -0.3182680010795593,
            -0.4770280122756958,
            0.47062501311302185,
            0.7678670287132263,
            0.08046899735927582,
            0.09916280210018158,
            0.03197089955210686,
            0.9993169903755188,
            -0.0185249000787735,
            -0.3358300030231476,
            0.02819729968905449,
            0.9415010213851929
        ],
        [
            -0.3304649889469147,
            -0.4918130040168762,
            -0.28867200016975403,
            0.7344880104064941,
            0.06967099756002426,
            0.10134799778461456,
            0.023022200912237167,
            0.9987819790840149,
            0.043649498373270035,
            0.4090920090675354,
            -0.04924999922513962,
            0.9111629724502563
        ],
        [
            -0.3804450035095215,
            -0.24706199765205383,
            0.09979449957609177,
            0.30426400899887085,
            0.7028239965438843,
            0.04157299920916557,
            -0.2578130066394806,
            0.9650120139122009,
            0.0477961003780365,
            0.018062200397253036,
            -0.04464609920978546,
            0.9988399744033813
        ],
        [
            0.0028552201110869646,
            -0.23865200579166412,
            -0.30521199107170105,
            0.26794999837875366,
            0.04565250128507614,
            0.5961160063743591,
            0.031110400334000587,
            0.995290994644165,
            -0.09180620312690735,
            -0.023299600929021835,
            0.09254779666662216,
            0.9954360127449036
        ],
        [
            0.001237540040165186,
            0.7298399806022644,
            -0.3410179913043976,
            0.23930500447750092,
            0.21172299981117249,
            0.9207900166511536,
            -0.018984699621796608,
            0.9894999861717224,
            -0.14328399300575256,
            -0.021927200257778168,
            0.14286300539970398,
            0.9894999861717224
        ]
    ],
    "ops": [
        [
            0,
            0,
            2,
            0,
            2,
            0,
            2,
            0,
            2,
            1,
            1,
            1,
            1,
            0,
            1
        ]
    ],
    "syms": [
        [
            0.0,
            1.0,
            -9.675879653059383e-08,
            -2.962109988402517e-07,
            0.0018892600201070309,
            -0.4770280122756958,
            0.47062501311302185,
            0.0
        ],
        [
            0.0,
            0.9998409748077393,
            0.01779709942638874,
            0.0008787160040810704,
            -0.005174550227820873,
            -0.4860230088233948,
            -0.2883859872817993,
            0.0
        ],
        [
            0.0,
            0.9999769926071167,
            0.002335940022021532,
            -0.006360880099236965,
            0.003725009970366955,
            -0.2461639940738678,
            0.09735079854726791,
            0.0
        ],
        [
            0.0,
            -0.0185139998793602,
            -0.008917110040783882,
            0.9997889995574951,
            -0.004751959815621376,
            -0.24231599271297455,
            0.10559000074863434,
            0.0
        ]
    ],
    "labels:": [
        [
            1,
            2,
            2,
            2,
            2,
            0
        ]
    ],
    "obj": 2356,
    "mat_index": 204,
    "obbs": "N 10\n0.00123754 0.72984 -0.341018 -0.0189847 0.9895 -0.143284 -0.0219272 0.142863 0.9895 0.999579 0.0219272 0.0189847 0.239305 0.211723 0.92079\n0.387895 -0.245267 0.0949071 -0.25833 -0.966026 -0.00771162 0.966026 -0.258378 0.00592025 -0.00771162 -0.00592025 0.999953 0.301056 0.0415728 0.703062\n0.00285522 -0.238652 -0.305212 -0.999244 0.0288294 -0.0260691 -0.0232996 0.0925478 0.995436 0.0311104 0.995291 -0.0918062 0.596116 0.0456525 0.26795\n-0.380445 -0.247062 0.0997945 0.257813 -0.965012 -0.0477961 0.966026 0.258377 -0.00591994 0.0180622 -0.0446461 0.99884 0.304264 0.041573 0.702824\n-0.0123591 -0.24598 0.516393 0.99841 0.0338401 0.0450822 -0.0338401 -0.279798 0.959462 0.0450822 -0.959462 -0.278208 0.58667 0.0531485 0.291581\n-0.0017195 0.305441 0.081548 1 0 0 0 1 0 0 0 1 0.881981 0.92709 0.98443\n-0.330465 -0.491813 -0.288672 0.912203 -0.00312032 -0.409727 0.409092 -0.04925 0.911163 -0.0230222 -0.998782 -0.0436495 0.101348 0.069671 0.734488\n0.320116 -0.480233 -0.288101 -0.899588 -0.0307525 -0.435656 -0.434258 -0.0432259 0.899751 -0.0465012 0.998592 0.025531 0.111219 0.0661104 0.759681\n0.322047 -0.477028 0.470625 0.94138 0.0238808 -0.336501 0.335829 0.0281972 0.941501 0.0319722 -0.999317 0.0185244 0.0991635 0.0804691 0.767866\n-0.318268 -0.477028 0.470625 0.0319709 0.999317 -0.0185249 -0.33583 0.0281973 0.941501 0.94138 -0.0238794 0.336502 0.767867 0.080469 0.0991628\nC 21\n0 5\n1 2\n1 4\n1 5\n1 8\n1 7\n2 7\n2 6\n2 3\n2 5\n3 9\n3 6\n3 4\n3 5\n4 9\n4 8\n4 5\n5 9\n5 6\n5 7\n5 8\nS 4\n2\n1 0.387895 -0.245267 0.0949071\n3 -0.380445 -0.247062 0.0997945\n2\n0.00372501 -0.246164 0.0973508\n-0.999977 -0.00233594 0.00636088\n2\n2 0.00285522 -0.238652 -0.305212\n4 -0.0123591 -0.24598 0.516393\n2\n-0.00475196 -0.242316 0.10559\n-0.018514 -0.00891711 0.999789\n2\n6 -0.330465 -0.491813 -0.288672\n7 0.320116 -0.480233 -0.288101\n2\n-0.00517455 -0.486023 -0.288386\n0.999841 0.0177971 0.000878716\n2\n8 0.322047 -0.477028 0.470625\n9 -0.318268 -0.477028 0.470625\n2\n0.00188926 -0.477028 0.470625\n-1 9.67588e-08 2.96211e-07\nL 10\n0\n2\n2\n2\n2\n1\n2\n2\n2\n2"
}