{
    "boxes": [
        [
            -0.00013899999612476677,
            -0.14507700502872467,
            0.13949599862098694,
            0.12944699823856354,
            0.7583039999008179,
            0.7478860020637512,
            0.0,
            1.0,
            0.0,
            0.0,
            0.0,
            1.0
        ],
        [
            -0.41051599383354187,
            -0.01343149971216917,
            0.45375001430511475,
            0.41989099979400635,
            0.0770300030708313,
            0.08554399758577347,
            0.0,
            1.0,
            0.0,
            0.0,
            0.0,
            1.0
        ],
        [
            -0.4010849893093109,
            0.17110200226306915,
            0.10241799801588058,
            0.05093599855899811,
            0.6624280214309692,
            0.10109800100326538,
            0.0,
            1.0,
            0.0,
            0.0,
            0.0,
            1.0
        ],
        [
            -0.33403798937797546,
            -0.5014569759368896,
            -0.20193900167942047,
            0.6049900054931641,
            0.11441899836063385,
            0.06177600100636482,
            0.01693510077893734,
            0.986083984375,
            0.16538600623607635,
            -0.26367101073265076,
            -0.15514999628067017,
            0.9520540237426758
        ],
        [
            -0.4117020070552826,
            -0.5033779740333557,
            0.45837101340293884,
            0.5854640007019043,
            0.06649100035429001,
            0.08313299715518951,
            0.0,
            1.0,
            0.0,
            0.0,
            0.0,
            1.0
        ],
        [
            -0.33390599489212036,
            0.16292500495910645,
            -0.2154649943113327,
            0.8036090135574341,
            0.13300000131130219,
            0.058877501636743546,
            -0.007683950010687113,
            0.9774079918861389,
            -0.2112240046262741,
            -0.16206899285316467,
            0.20722000300884247,
            0.9647759795188904
        ],
        [
            2.6500900276005268e-05,
            0.18794900178909302,
            -0.23879200220108032,
            0.6495389938354492,
            0.14904800057411194,
            0.6359189748764038,
            1.2506999880201874e-08,
            0.9690430164337158,
            -0.2468930035829544,
            1.6093000709815897e-08,
            0.2468930035829544,
            0.9690430164337158
        ],
        [
            -0.0003124999930150807,
            0.5202990174293518,
            -0.3391219973564148,
            0.054740000516176224,
            0.11227700114250183,
            0.6242390275001526,
            0.0,
            1.0,
            0.0,
            0.0,
            0.0,
            1.0
        ]
    ],
    "ops": [
        [
            0,
            0,
            0,
            1,
            2,
            1,
            0,
            0,
            1,
            2,
            1,
            0,
            2,
            0,
            0,
            1,
            1,
            1
        ]
    ],
    "syms": [
        [
            0.0,
            0.999970018863678,
            0.00779344979673624,
            0.0001236770040122792,
            -0.00018375000217929482,
            -0.0102335000410676,
            0.4538010060787201,
            0.0
        ],
        [
            0.0,
            0.9999909996986389,
            0.002522009890526533,
            -0.003336070105433464,
            -0.000671973975840956,
            -0.5006160140037537,
            -0.20305100083351135,
            0.0
        ],
        [
            0.0,
            0.9999420046806335,
            0.010688000358641148,
            0.001276029972359538,
            -0.00024274300085380673,
            0.16649200022220612,
            -0.21503899991512299,
            0.0
        ]
    ],
    "labels:": [
        [
            1,
            3,
            3,
            2,
            2,
            0,
            0,
            0
        ]
    ],
    "obj": 37346,
    "mat_index": 2050,
    "obbs": "N 13\n2.65009e-05 0.187949 -0.238792 1 -1.6093e-08 -1.2507e-08 1.6093e-08 0.246893 0.969043 -1.2507e-08 -0.969043 0.246893 0.635919 0.149048 0.649539\n-0.0003125 0.520299 -0.339122 1 0 0 0 1 0 0 0 1 0.624239 0.05474 0.112277\n-0.000139 -0.145077 0.139496 1 0 0 0 1 0 0 0 1 0.747886 0.129447 0.758304\n-0.333906 0.162925 -0.215465 0.162069 -0.20722 -0.964776 0.98675 0.0416461 0.156815 0.00768395 -0.977408 0.211224 0.133 0.0588775 0.803609\n0.333421 0.170058 -0.214613 0.00835726 0.980222 -0.197722 0.989051 -0.0372363 -0.142797 -0.147335 -0.194364 -0.969801 0.788019 0.0566063 0.128897\n0.410149 -0.0070355 0.453851 1 0 0 0 1 0 0 0 1 0.085675 0.407209 0.077181\n-0.410516 -0.0134315 0.45375 1 0 0 0 1 0 0 0 1 0.085544 0.419891 0.07703\n0.400552 0.171077 0.100366 1 0 0 0 1 0 0 0 1 0.100613 0.050985 0.657696\n-0.401085 0.171102 0.102418 1 0 0 0 1 0 0 0 1 0.101098 0.050936 0.662428\n0.332694 -0.499775 -0.204164 0.00702084 -0.979743 -0.200133 0.984883 0.041415 -0.168195 0.173076 -0.195927 0.965224 0.612973 0.0551183 0.115783\n-0.334038 -0.501457 -0.201939 0.263671 0.15515 -0.952054 0.964464 -0.0597306 0.257374 -0.0169351 -0.986084 -0.165386 0.114419 0.061776 0.60499\n0.411276 -0.49337 0.458215 1 0 0 0 1 0 0 0 1 0.083407 0.605481 0.066141\n-0.411702 -0.503378 0.458371 1 0 0 0 1 0 0 0 1 0.083133 0.585464 0.066491\nC 28\n0 2\n0 7\n0 10\n0 3\n0 4\n0 8\n0 1\n0 9\n1 3\n1 4\n2 8\n2 12\n2 5\n2 9\n2 6\n2 10\n2 3\n2 7\n2 11\n2 4\n3 10\n3 8\n4 7\n4 9\n5 11\n5 7\n6 12\n6 8\nS 5\n2\n3 -0.333906 0.162925 -0.215465\n4 0.333421 0.170058 -0.214613\n2\n-0.000242743 0.166492 -0.215039\n0.999942 0.010688 0.00127603\n2\n5 0.410149 -0.0070355 0.453851\n6 -0.410516 -0.0134315 0.45375\n2\n-0.00018375 -0.0102335 0.453801\n-0.99997 -0.00779345 -0.000123677\n2\n7 0.400552 0.171077 0.100366\n8 -0.401085 0.171102 0.102418\n2\n-0.00026625 0.17109 0.101392\n-0.999997 3.05623e-05 0.00255975\n2\n9 0.332694 -0.499775 -0.204164\n10 -0.334038 -0.501457 -0.201939\n2\n-0.000671974 -0.500616 -0.203051\n-0.999991 -0.00252201 0.00333607\n2\n11 0.411276 -0.49337 0.458215\n12 -0.411702 -0.503378 0.458371\n2\n-0.000213 -0.498374 0.458292\n-0.999926 -0.0121604 0.000189541\nL 13\n0\n0\n1\n0\n0\n3\n3\n3\n3\n2\n2\n2\n2"
}