{
    "boxes": [
        [
            -0.002015999983996153,
            -0.11379300057888031,
            0.15339399874210358,
            0.26732099056243896,
            0.7976379990577698,
            0.7975019812583923,
            0.0,
            1.0,
            0.0,
            0.0,
            0.0,
            1.0
        ],
        [
            -0.39140498638153076,
            0.2599309980869293,
            -0.006352489814162254,
            0.034242600202560425,
            0.6598860025405884,
            0.08669299632310867,
            -0.024460000917315483,
            0.9975209832191467,
            -0.0659748986363411,
            -0.053126998245716095,
            0.06460429728031158,
            0.9964960217475891
        ],
        [
            -0.38980400562286377,
            0.02270900085568428,
            0.10054399818181992,
            0.46271398663520813,
            0.054186999797821045,
            0.06254900246858597,
            0.0,
            1.0,
            0.0,
            0.0,
            0.0,
            1.0
        ],
        [
            -0.35357099771499634,
            -0.427513986825943,
            0.5204859972000122,
            0.6740679740905762,
            0.06588900089263916,
            0.08123800158500671,
            0.0,
            1.0,
            0.0,
            0.0,
            0.0,
            1.0
        ],
        [
            -0.321289986371994,
            -0.2586730122566223,
            -0.30163100361824036,
            1.036389946937561,
            0.18076500296592712,
            0.052411600947380066,
            -0.0033167300280183554,
            0.9942470192909241,
            0.10706000030040741,
            -0.002211489947512746,
            -0.1070680022239685,
            0.9942489862442017
        ],
        [
            0.0016851499676704407,
            0.25301599502563477,
            -0.261137992143631,
            0.839044988155365,
            0.15311299264431,
            0.6880559921264648,
            5.222770141699584e-06,
            0.9371230006217957,
            -0.3489980101585388,
            7.518230177083751e-06,
            0.3489980101585388,
            0.9371230006217957
        ],
        [
            -0.001026500016450882,
            0.02016969956457615,
            -0.2673090100288391,
            0.5017120242118835,
            0.041752301156520844,
            0.5932790040969849,
            -0.0,
            0.9791589975357056,
            -0.2030940055847168,
            -0.0,
            0.2030940055847168,
            0.9791589975357056
        ]
    ],
    "ops": [
        [
            0,
            0,
            0,
            1,
            2,
            1,
            0,
            0,
            1,
            2,
            1,
            0,
            0,
            1,
            1
        ]
    ],
    "syms": [
        [
            0.0,
            1.0,
            -0.0,
            -7.930070021216039e-17,
            0.0023499999660998583,
            0.2599309980869293,
            -0.006352489814162254,
            0.0
        ],
        [
            0.0,
            1.0,
            0.00032599898986518383,
            -7.728410128038377e-05,
            0.0022587499115616083,
            -0.4273979961872101,
            0.520458996295929,
            0.0
        ]
    ],
    "labels:": [
        [
            1,
            3,
            3,
            2,
            2,
            0,
            0
        ]
    ],
    "obj": 37405,
    "mat_index": 2078,
    "obbs": "N 11\n0.00168515 0.253016 -0.261138 1 -7.51823e-06 -5.22277e-06 7.51823e-06 0.348998 0.937123 -5.22277e-06 -0.937123 0.348998 0.688056 0.153113 0.839045\n-0.002016 -0.113793 0.153394 1 0 0 0 1 0 0 0 1 0.797502 0.267321 0.797638\n0.396105 0.259931 -0.00635249 0.998288 -0.0278793 -0.0514151 0.02446 0.997521 -0.0659749 0.053127 0.0646043 0.996496 0.086693 0.0342426 0.659886\n-0.391405 0.259931 -0.00635249 0.053127 -0.0646043 -0.996496 -0.02446 0.997521 -0.0659749 0.998288 0.0278793 0.0514151 0.659886 0.0342426 0.086693\n0.394505 0.022709 0.100544 1 0 0 0 1 0 0 0 1 0.062549 0.462714 0.054187\n-0.389804 0.022709 0.100544 1 0 0 0 1 0 0 0 1 0.062549 0.462714 0.054187\n-0.0010265 0.0201697 -0.267309 1 0 0 -0 0.203094 0.979159 0 -0.979159 0.203094 0.593279 0.0417523 0.501712\n-0.353571 -0.427514 0.520486 1 0 0 0 1 0 0 0 1 0.081238 0.674068 0.065889\n0.318411 -0.258839 -0.306916 0.00417169 -0.992523 -0.121984 0.999843 0.00203651 0.0176231 -0.017243 -0.122039 0.992376 1.03688 0.0543366 0.187143\n0.358089 -0.427282 0.520432 1 0 0 0 1 0 0 0 1 0.062549 0.672404 0.063871\n-0.32129 -0.258673 -0.301631 0.00331673 -0.994247 -0.10706 0.999992 0.0030609 0.00255388 -0.00221149 -0.107068 0.994249 1.03639 0.0524116 0.180765\nC 27\n0 2\n0 10\n0 3\n0 4\n0 5\n0 8\n0 1\n0 6\n1 3\n1 6\n1 2\n1 5\n1 10\n1 4\n1 9\n1 8\n1 7\n2 8\n2 6\n2 4\n3 10\n3 6\n3 5\n4 8\n5 10\n6 10\n6 8\nS 4\n2\n2 0.396105 0.259931 -0.00635249\n3 -0.391405 0.259931 -0.00635249\n2\n0.00235 0.259931 -0.00635249\n-1 0 7.93007e-17\n2\n4 0.394505 0.022709 0.100544\n5 -0.389804 0.022709 0.100544\n2\n0.00235 0.022709 0.100544\n-1 0 0\n2\n7 -0.353571 -0.427514 0.520486\n9 0.358089 -0.427282 0.520432\n2\n0.00225875 -0.427398 0.520459\n1 0.000325999 -7.72841e-05\n2\n8 0.318411 -0.258839 -0.306916\n10 -0.32129 -0.258673 -0.301631\n2\n-0.00143958 -0.258756 -0.304274\n-0.999966 0.000259536 0.00826243\nL 11\n0\n1\n3\n3\n3\n3\n0\n2\n2\n2\n2"
}