{
    "boxes": [
        [
            -0.0043635801412165165,
            -0.1343960016965866,
            0.1645669937133789,
            0.1663219928741455,
            0.8435829877853394,
            0.832617998123169,
            0.00878375954926014,
            0.9997239708900452,
            -0.021792899817228317,
            -0.05223830044269562,
            0.022222699597477913,
            0.9983869791030884
        ],
        [
            -0.39915400743484497,
            0.11329899728298187,
            0.046978600323200226,
            0.4495300054550171,
            0.7197489738464355,
            0.13066400587558746,
            -0.17218400537967682,
            0.9850450158119202,
            -0.006322510074824095,
            0.006322510074824095,
            0.007523360196501017,
            0.9999520182609558
        ],
        [
            -0.43149301409721375,
            -0.4718399941921234,
            -0.20482300221920013,
            0.5702469944953918,
            0.0467660017311573,
            0.04670820012688637,
            0.13062399625778198,
            0.965382993221283,
            0.22577400505542755,
            0.0001331429957645014,
            -0.227742001414299,
            0.9737210273742676
        ],
        [
            -0.4373759925365448,
            -0.46991801261901855,
            0.3995180130004883,
            0.5692369937896729,
            0.0458763986825943,
            0.043322499841451645,
            0.1118519976735115,
            0.978210985660553,
            -0.17490500211715698,
            -0.15427599847316742,
            0.19096900522708893,
            0.9693970084190369
        ],
        [
            -0.004882459994405508,
            0.24033300578594208,
            -0.33019301295280457,
            0.7996619939804077,
            0.26243600249290466,
            0.9303020238876343,
            0.06898190081119537,
            0.9082210063934326,
            -0.4127660095691681,
            -0.0554439015686512,
            0.4166019856929779,
            0.9073969721794128
        ]
    ],
    "ops": [
        [
            0,
            0,
            2,
            1,
            0,
            0,
            1,
            2,
            1,
            0,
            1
        ]
    ],
    "syms": [
        [
            0.0,
            0.9998859763145447,
            0.0032227500341832638,
            0.014758200384676456,
            -0.009035109542310238,
            0.11455599963665009,
            0.05273669958114624,
            0.0
        ],
        [
            0.0,
            0.9999780058860779,
            0.00624221982434392,
            0.002103809965774417,
            -0.0010015500010922551,
            -0.4691529870033264,
            -0.203916996717453,
            0.0
        ]
    ],
    "labels:": [
        [
            1,
            3,
            2,
            2,
            0
        ]
    ],
    "obj": 37407,
    "mat_index": 2080,
    "obbs": "N 8\n-0.00488246 0.240333 -0.330193 -0.996076 0.0397086 -0.0790933 -0.0554439 0.416602 0.907397 0.0689819 0.908221 -0.412766 0.930302 0.262436 0.799662\n0.381084 0.115813 0.0584948 -0.125106 -0.99177 0.0272354 0.99177 -0.125765 -0.0240078 0.0272354 0.0240078 0.999341 0.436744 0.114432 0.66343\n-0.399154 0.113299 0.0469786 0.172184 -0.985045 0.00632251 0.985045 0.172135 -0.00752336 0.00632251 0.00752336 0.999952 0.44953 0.130664 0.719749\n-0.00436358 -0.134396 0.164567 -0.998596 0.00763117 -0.0524191 0.00878376 0.999724 -0.0217929 0.0522383 -0.0222227 -0.998387 0.832618 0.166322 0.843583\n0.42949 -0.466466 -0.203011 0.133107 -0.970881 -0.199178 0.978166 0.161053 -0.131353 0.159607 -0.177345 0.97112 0.581629 0.0494998 0.0364495\n0.43227 -0.448252 0.395764 0.14312 -0.193742 -0.970557 0.98234 0.147222 0.115469 0.120516 -0.969943 0.211391 0.048667 0.0443565 0.614893\n-0.437376 -0.469918 0.399518 0.154276 -0.190969 -0.969397 0.981676 -0.0814452 0.172275 -0.111852 -0.978211 0.174905 0.0458764 0.0433225 0.569237\n-0.431493 -0.47184 -0.204823 -0.130624 -0.965383 -0.225774 0.991432 -0.127161 -0.0298772 0.000133143 -0.227742 0.973721 0.570247 0.0467082 0.046766\nC 15\n0 1\n0 7\n0 4\n0 3\n0 2\n1 3\n1 4\n1 5\n2 7\n2 6\n2 3\n3 6\n3 7\n3 4\n3 5\nS 3\n2\n1 0.381084 0.115813 0.0584948\n2 -0.399154 0.113299 0.0469786\n2\n-0.00903511 0.114556 0.0527367\n-0.999886 -0.00322275 -0.0147582\n2\n4 0.42949 -0.466466 -0.203011\n7 -0.431493 -0.47184 -0.204823\n2\n-0.00100155 -0.469153 -0.203917\n-0.999978 -0.00624222 -0.00210381\n2\n5 0.43227 -0.448252 0.395764\n6 -0.437376 -0.469918 0.399518\n2\n-0.00255301 -0.459085 0.397641\n-0.99968 -0.0249056 0.00431568\nL 8\n0\n3\n3\n1\n2\n2\n2\n2"
}