{
    "boxes": [
        [
            0.006356500089168549,
            -0.084865503013134,
            0.16371500492095947,
            0.15561899542808533,
            0.8471879959106445,
            0.9950810074806213,
            0.0,
            1.0,
            0.0,
            0.0,
            0.0,
            1.0
        ],
        [
            -0.45526400208473206,
            -0.3770749866962433,
            0.5784890055656433,
            0.5407909750938416,
            0.03538820147514343,
            0.03456589952111244,
            0.040540099143981934,
            0.9987360239028931,
            -0.029698699712753296,
            0.3238919973373413,
            0.014982500113546848,
            0.9459750056266785
        ],
        [
            0.5068989992141724,
            -0.3922339975833893,
            -0.274509996175766,
            0.5351380109786987,
            0.03768790140748024,
            0.03269679844379425,
            -0.027910299599170685,
            0.9577310085296631,
            0.2863070070743561,
            -0.022216100245714188,
            -0.2869420051574707,
            0.9576900005340576
        ],
        [
            -0.5008990168571472,
            -0.3892129957675934,
            -0.2726689875125885,
            0.5420889854431152,
            0.039310600608587265,
            0.032247498631477356,
            0.04472839832305908,
            0.9576370120048523,
            0.28448399901390076,
            -0.3737199902534485,
            -0.24805200099945068,
            0.8937579989433289
        ],
        [
            0.002558849984779954,
            0.24470999836921692,
            -0.30691400170326233,
            0.5508490204811096,
            0.056412000209093094,
            0.9347169995307922,
            4.937749963573879e-06,
            0.9631630182266235,
            -0.2689180076122284,
            6.5052399804699235e-06,
            0.2689180076122284,
            0.9631630182266235
        ]
    ],
    "ops": [
        [
            0,
            0,
            2,
            0,
            0,
            1,
            1,
            1,
            0,
            1
        ]
    ],
    "syms": [
        [
            0.0,
            0.9999960064888,
            -0.0022817999124526978,
            0.0016335099935531616,
            0.003592659952118993,
            -0.3781220018863678,
            0.579239010810852,
            0.0
        ]
    ],
    "labels:": [
        [
            1,
            2,
            2,
            2,
            0
        ]
    ],
    "obj": 37431,
    "mat_index": 2096,
    "obbs": "N 6\n0.00255885 0.24471 -0.306914 1 -6.50524e-06 -4.93775e-06 6.50524e-06 0.268918 0.963163 -4.93775e-06 -0.963163 0.268918 0.934717 0.056412 0.550849\n0.0063565 -0.0848655 0.163715 1 0 0 0 1 0 0 0 1 0.995081 0.155619 0.847188\n0.46245 -0.379169 0.579988 -0.0285529 0.998028 -0.0559036 0.98675 0.037078 0.157956 0.159717 -0.0506528 -0.985862 0.536522 0.0314849 0.0341758\n0.506899 -0.392234 -0.27451 0.0279103 -0.957731 -0.286307 0.999364 0.0203688 0.0292857 -0.0222161 -0.286942 0.95769 0.535138 0.0326968 0.0376879\n-0.455264 -0.377075 0.578489 -0.323892 -0.0149825 -0.945975 0.945225 -0.0479691 -0.322876 -0.0405401 -0.998736 0.0296987 0.0353882 0.0345659 0.540791\n-0.500899 -0.389213 -0.272669 0.37372 0.248052 -0.893758 0.926462 -0.146294 0.346793 -0.0447284 -0.957637 -0.284484 0.0393106 0.0322475 0.542089\nC 7\n0 1\n0 5\n0 3\n1 2\n1 3\n1 4\n1 5\nS 1\n2\n2 0.46245 -0.379169 0.579988\n4 -0.455264 -0.377075 0.578489\n2\n0.00359266 -0.378122 0.579239\n-0.999996 0.0022818 -0.00163351\nL 6\n0\n1\n2\n2\n2\n2"
}