{
    "boxes": [
        [
            -0.0011060000397264957,
            -0.11138799786567688,
            0.15771399438381195,
            0.22549299895763397,
            0.7462549805641174,
            0.7406439781188965,
            0.0,
            1.0,
            0.0,
            0.0,
            0.0,
            1.0
        ],
        [
            -0.41506800055503845,
            0.014667900279164314,
            0.49880000948905945,
            0.45480701327323914,
            0.0754213035106659,
            0.08529789745807648,
            -0.12982000410556793,
            0.9914799928665161,
            0.010663099586963654,
            0.048486098647117615,
            -0.004393420182168484,
            0.9988139867782593
        ],
        [
            -0.4134550094604492,
            0.019031699746847153,
            0.07864149659872055,
            0.4588339924812317,
            0.7938470244407654,
            0.09340719878673553,
            -0.12087800353765488,
            0.992667019367218,
            -1.5603700376232155e-05,
            1.5603700376232155e-05,
            1.761900057317689e-05,
            1.0
        ],
        [
            -0.4147759974002838,
            -0.25160300731658936,
            -0.27999600768089294,
            0.9865509867668152,
            0.0687130019068718,
            0.09123700112104416,
            0.0,
            1.0,
            0.0,
            0.0,
            0.0,
            1.0
        ],
        [
            -0.4030030071735382,
            -0.46538200974464417,
            0.4989140033721924,
            0.5610190033912659,
            0.07079900056123734,
            0.06975399702787399,
            0.0,
            1.0,
            0.0,
            0.0,
            0.0,
            1.0
        ],
        [
            -0.0031734800431877375,
            0.1730629950761795,
            -0.2475699931383133,
            0.800320029258728,
            0.2942369878292084,
            0.9452250003814697,
            0.011632800102233887,
            0.9842740297317505,
            -0.17626400291919708,
            -0.048657599836587906,
            0.17662499845027924,
            0.9830750226974487
        ]
    ],
    "ops": [
        [
            0,
            0,
            0,
            1,
            2,
            1,
            0,
            0,
            1,
            2,
            1,
            0,
            1
        ]
    ],
    "syms": [
        [
            0.0,
            0.9999470114707947,
            -0.010311000049114227,
            0.00013952399604022503,
            -0.004874940030276775,
            0.01043820008635521,
            0.4988569915294647,
            0.0
        ],
        [
            0.0,
            1.0,
            0.00015769699530210346,
            0.0005451560136862099,
            -0.007572080008685589,
            -0.2515380084514618,
            -0.2797749936580658,
            0.0
        ]
    ],
    "labels:": [
        [
            1,
            3,
            3,
            2,
            2,
            0
        ]
    ],
    "obj": 37476,
    "mat_index": 2122,
    "obbs": "N 10\n-0.00317348 0.173063 -0.24757 -0.998748 0.00285929 -0.049947 -0.0486576 0.176625 0.983075 0.0116328 0.984274 -0.176264 0.945225 0.294237 0.80032\n0.405318 0.0062085 0.498914 1 0 0 0 1 0 0 0 1 0.092676 0.472199 0.070799\n-0.415068 0.0146679 0.4988 -0.0484861 0.00439342 -0.998814 0.990351 0.130183 -0.0475027 0.12982 -0.99148 -0.0106631 0.0754213 0.0852979 0.454807\n-0.001106 -0.111388 0.157714 1 0 0 0 1 0 0 0 1 0.740644 0.225493 0.746255\n0.399632 -0.251474 -0.279553 -0.0471223 0.00509951 -0.998876 0.998613 -0.0232531 -0.0472286 -0.0234678 -0.999717 -0.0039967 0.0744753 0.0832911 0.986954\n0.393562 -0.482426 0.498914 1 0 0 0 1 0 0 0 1 0.069754 0.52693 0.070799\n-0.403003 -0.465382 0.498914 1 0 0 0 1 0 0 0 1 0.069754 0.561019 0.070799\n-0.414776 -0.251603 -0.279996 1 0 0 0 1 0 0 0 1 0.091237 0.986551 0.068713\n0.404015 0.0190327 0.0786416 1.98037e-05 1.75385e-05 -1 0.992667 -0.120878 1.75385e-05 -0.120878 -0.992667 -1.98037e-05 0.793848 0.0934062 0.45884\n-0.413455 0.0190317 0.0786415 0.120878 -0.992667 1.56037e-05 0.992667 0.120878 -1.7619e-05 1.56037e-05 1.7619e-05 1 0.458834 0.0934072 0.793847\nC 21\n0 7\n0 4\n0 9\n0 3\n0 8\n1 3\n1 5\n1 8\n2 6\n2 9\n2 3\n3 8\n3 9\n3 6\n3 7\n3 4\n3 5\n4 8\n5 8\n6 9\n7 9\nS 4\n2\n1 0.405318 0.0062085 0.498914\n2 -0.415068 0.0146679 0.4988\n2\n-0.00487494 0.0104382 0.498857\n-0.999947 0.010311 -0.000139524\n2\n4 0.399632 -0.251474 -0.279553\n7 -0.414776 -0.251603 -0.279996\n2\n-0.00757208 -0.251538 -0.279775\n-1 -0.000157697 -0.000545156\n2\n5 0.393562 -0.482426 0.498914\n6 -0.403003 -0.465382 0.498914\n2\n-0.0047205 -0.473904 0.498914\n-0.999771 0.0213926 0\n2\n8 0.404015 0.0190327 0.0786416\n9 -0.413455 0.0190317 0.0786415\n2\n-0.00472019 0.0190322 0.0786415\n-1 -1.16993e-06 -1.77587e-07\nL 10\n0\n3\n3\n1\n2\n2\n2\n2\n3\n3"
}