{
    "boxes": [
        [
            0.0034114900045096874,
            -0.08339960128068924,
            0.13924899697303772,
            0.26424500346183777,
            0.7857720255851746,
            0.8260400295257568,
            0.03079329989850521,
            0.989208996295929,
            -0.14323900640010834,
            0.0022173700854182243,
            0.14323900640010834,
            0.9896860122680664
        ],
        [
            -0.3735400140285492,
            -0.2783069908618927,
            0.14309200644493103,
            1.2616599798202515,
            0.2838880121707916,
            0.0786999985575676,
            -0.0003183000080753118,
            0.8475199937820435,
            -0.5307639837265015,
            0.04169360175728798,
            0.5303130149841309,
            0.846776008605957
        ],
        [
            0.3934360146522522,
            -0.3688659965991974,
            -0.21292400360107422,
            0.8704869747161865,
            0.1467999964952469,
            0.04456060007214546,
            0.006928679998964071,
            0.9671990275382996,
            0.25392401218414307,
            0.0033833400812000036,
            -0.2539510130882263,
            0.9672110080718994
        ],
        [
            -0.010735999792814255,
            0.2570030093193054,
            -0.12218800187110901,
            0.7103649973869324,
            0.1844169944524765,
            0.7954699993133545,
            0.0,
            1.0,
            0.0,
            0.0,
            0.0,
            1.0
        ],
        [
            0.002599499886855483,
            0.18612800538539886,
            -0.201555997133255,
            0.8469939827919006,
            0.09751900285482407,
            0.8221409916877747,
            0.0,
            1.0,
            0.0,
            0.0,
            0.0,
            1.0
        ]
    ],
    "ops": [
        [
            0,
            0,
            0,
            1,
            2,
            1,
            0,
            0,
            1,
            1
        ]
    ],
    "syms": [
        [
            0.0,
            0.9997050166130066,
            0.00929396040737629,
            0.02244189940392971,
            -0.0006507880170829594,
            -0.27483999729156494,
            0.15146300196647644,
            0.0
        ]
    ],
    "labels:": [
        [
            1,
            2,
            2,
            0,
            0
        ]
    ],
    "obj": 37534,
    "mat_index": 2153,
    "obbs": "N 7\n-0.010736 0.257003 -0.122188 1 0 0 0 1 0 0 0 1 0.79547 0.710365 0.184417\n0.00341149 -0.0833996 0.139249 0.999523 -0.0307933 0.00221737 0.0307933 0.989209 -0.143239 0.00221737 0.143239 0.989686 0.82604 0.264245 0.785772\n0.0025995 0.186128 -0.201556 1 0 0 0 1 0 0 0 1 0.822141 0.846994 0.097519\n0.372239 -0.271374 0.159834 -0.0187796 -0.558027 -0.82961 0.999823 -0.00974446 -0.0160781 0.000887914 -0.829766 0.558111 0.284243 0.087123 1.2489\n0.393436 -0.368866 -0.212924 -0.00692868 -0.967199 -0.253924 0.99997 -0.00584239 -0.00503191 0.00338334 -0.253951 0.967211 0.870487 0.0445606 0.1468\n-0.37354 -0.278307 0.143092 -0.0416936 -0.530313 -0.846776 0.99913 -0.0218599 -0.0355049 0.0003183 -0.84752 0.530764 0.283888 0.0787 1.26166\n-0.388021 -0.316749 -0.189431 0.00413061 -0.957983 -0.286795 0.999661 0.0113334 -0.0234593 0.025724 -0.286601 0.957705 0.987954 0.0477411 0.158291\nC 17\n0 1\n0 6\n0 5\n0 4\n0 3\n0 2\n1 2\n1 3\n1 4\n1 5\n1 6\n2 6\n2 4\n2 3\n2 5\n3 4\n5 6\nS 2\n2\n3 0.372239 -0.271374 0.159834\n5 -0.37354 -0.278307 0.143092\n2\n-0.000650788 -0.27484 0.151463\n-0.999705 -0.00929396 -0.0224419\n2\n4 0.393436 -0.368866 -0.212924\n6 -0.388021 -0.316749 -0.189431\n2\n0.00270756 -0.342807 -0.201177\n-0.997335 0.0665142 0.0299829\nL 7\n0\n1\n0\n2\n2\n2\n2"
}