{
    "boxes": [
        [
            -0.03360849991440773,
            -0.07242850214242935,
            0.10899200290441513,
            0.2296389937400818,
            0.8203200101852417,
            0.8770470023155212,
            0.0,
            1.0,
            0.0,
            0.0,
            0.0,
            1.0
        ],
        [
            -0.47651299834251404,
            0.12450200319290161,
            0.045755401253700256,
            0.36005899310112,
            0.4592970013618469,
            0.1091890037059784,
            -0.5662239789962769,
            0.8242499828338623,
            0.0012830200139433146,
            -0.24230900406837463,
            -0.16794300079345703,
            0.9555529952049255
        ],
        [
            -0.5290150046348572,
            0.26522600650787354,
            -0.029421400278806686,
            0.06728459894657135,
            0.44946399331092834,
            0.19654400646686554,
            -0.0371238999068737,
            0.9984790086746216,
            0.040773000568151474,
            -0.30808401107788086,
            -0.05024930089712143,
            0.9500309824943542
        ],
        [
            0.4072740077972412,
            -0.8589289784431458,
            -0.27802300453186035,
            0.04406600072979927,
            0.036701999604701996,
            0.03646000102162361,
            0.0,
            1.0,
            0.0,
            0.0,
            0.0,
            1.0
        ],
        [
            -0.3205670118331909,
            -0.8589320182800293,
            -0.37771299481391907,
            0.04408150166273117,
            0.03675340116024017,
            0.036393601447343826,
            0.00027568000950850546,
            1.0,
            0.0007026320090517402,
            0.35766300559043884,
            -0.0007547540008090436,
            0.9338499903678894
        ],
        [
            -0.14859099686145782,
            -0.5736259818077087,
            -0.14964400231838226,
            0.8211569786071777,
            0.2060050070285797,
            0.0462350994348526,
            0.3753739893436432,
            0.7886949777603149,
            0.4868830144405365,
            0.47161298990249634,
            -0.6147369742393494,
            0.6322020292282104
        ],
        [
            -0.42013999819755554,
            -0.858951985836029,
            0.3496200144290924,
            0.044197700917720795,
            0.03706829994916916,
            0.035506799817085266,
            0.003181090112775564,
            0.9999790191650391,
            0.005584099795669317,
            0.49441400170326233,
            -0.006426619831472635,
            0.8692029714584351
        ],
        [
            -0.1937970072031021,
            -0.5731279850006104,
            0.17567400634288788,
            0.8210369944572449,
            0.04798870161175728,
            0.20842599868774414,
            0.49056699872016907,
            0.7920039892196655,
            -0.3634200096130371,
            0.6103410124778748,
            -0.014625499956309795,
            0.7920039892196655
        ],
        [
            0.031499698758125305,
            0.34219399094581604,
            -0.27925899624824524,
            0.43308499455451965,
            0.26371800899505615,
            0.9622189998626709,
            0.07653170078992844,
            0.9136379957199097,
            -0.3992590010166168,
            -0.1229650005698204,
            0.4060249924659729,
            0.905551016330719
        ]
    ],
    "ops": [
        [
            0,
            0,
            0,
            1,
            2,
            1,
            0,
            0,
            0,
            2,
            1,
            1,
            0,
            0,
            1,
            2,
            1,
            1,
            0,
            1
        ]
    ],
    "syms": [
        [
            0.0,
            0.9970470070838928,
            0.017944499850273132,
            0.07466589659452438,
            -0.013189599849283695,
            0.13284100592136383,
            0.08045230060815811,
            0.0
        ],
        [
            0.0,
            0.9908329844474792,
            0.0008232489926740527,
            0.13508599996566772,
            0.01583630032837391,
            -0.5734900236129761,
            -0.12722599506378174,
            0.0
        ],
        [
            0.0,
            0.9907490015029907,
            -4.143329988437472e-06,
            0.1357090026140213,
            -0.05629580095410347,
            -0.8589529991149902,
            0.39945799112319946,
            0.0
        ]
    ],
    "labels:": [
        [
            1,
            3,
            3,
            2,
            2,
            2,
            2,
            2,
            0
        ]
    ],
    "obj": 37535,
    "mat_index": 2154,
    "obbs": "N 14\n0.0314997 0.342194 -0.279259 0.0765317 0.913638 -0.399259 -0.122965 0.406025 0.905551 0.989456 -0.0202086 0.143419 0.433085 0.263718 0.962219\n0.450134 0.141179 0.115149 -0.571246 -0.81781 0.0697526 0.81781 -0.574343 -0.0363052 0.0697526 0.0363052 0.996903 0.346965 0.106752 0.452319\n-0.476513 0.124502 0.0457554 0.242309 0.167943 -0.955553 0.78783 0.540746 0.294816 0.566224 -0.82425 -0.00128302 0.459297 0.109189 0.360059\n-0.0336085 -0.0724285 0.108992 1 0 0 0 1 0 0 0 1 0.877047 0.229639 0.82032\n-0.42014 -0.858952 0.34962 -0.00318109 -0.999979 -0.0055841 0.869221 -4.15357e-06 -0.494424 0.494414 -0.00642662 0.869203 0.0441977 0.0355068 0.0370683\n-0.320567 -0.858932 -0.377713 -0.00027568 -1 -0.000702632 0.933851 -6.13808e-06 -0.357663 0.357663 -0.000754754 0.93385 0.0440815 0.0363936 0.0367534\n0.407274 -0.858929 -0.278023 1 0 0 0 1 0 0 0 1 0.03646 0.044066 0.036702\n0.307549 -0.858955 0.449297 0.842682 0.00745138 -0.53836 0.538375 2.67465e-06 0.842706 0.00628076 -0.999972 -0.00400938 0.0360423 0.0369361 0.0442142\n0.508 0.264588 0.0996947 0.994295 -0.0188826 -0.104985 0.0240616 0.998544 0.0482851 0.10392 -0.0505357 0.993301 0.207533 0.0790957 0.469386\n-0.529015 0.265226 -0.0294214 0.308084 0.0502493 -0.950031 -0.0371239 0.998479 0.040773 0.950635 0.0227074 0.30948 0.449464 0.0672846 0.196544\n-0.148591 -0.573626 -0.149644 -0.375374 -0.788695 -0.486883 0.79792 -0.00769181 -0.602715 0.471613 -0.614737 0.632202 0.821157 0.0462351 0.206005\n-0.193797 -0.573128 0.175674 0.490567 0.792004 -0.36342 0.610341 -0.0146255 0.792004 0.621954 -0.610341 -0.490567 0.821037 0.0479887 0.208426\n0.140197 -0.569636 0.227159 -0.392602 0.765414 -0.509907 0.798042 0.00792924 -0.602549 -0.457156 -0.64349 -0.613946 0.82116 0.0462858 0.212194\n0.180264 -0.573353 -0.104809 0.627267 0.612288 -0.48129 0.605203 0.00572906 0.796051 0.490169 -0.790614 -0.366965 0.207384 0.0457731 0.821111\nC 25\n0 3\n0 8\n0 1\n0 9\n0 2\n1 3\n1 8\n2 9\n2 3\n3 11\n3 10\n3 13\n3 9\n3 12\n3 8\n4 11\n5 10\n6 13\n7 12\n10 11\n10 12\n10 13\n11 13\n11 12\n12 13\nS 5\n2\n1 0.450134 0.141179 0.115149\n2 -0.476513 0.124502 0.0457554\n2\n-0.0131896 0.132841 0.0804523\n-0.997047 -0.0179445 -0.0746659\n2\n4 -0.42014 -0.858952 0.34962\n7 0.307549 -0.858955 0.449297\n2\n-0.0562958 -0.858953 0.399458\n0.990749 -4.14333e-06 0.135709\n2\n8 0.508 0.264588 0.0996947\n9 -0.529015 0.265226 -0.0294214\n2\n-0.0105078 0.264907 0.0351366\n-0.992338 0.000610462 -0.123553\n2\n10 -0.148591 -0.573626 -0.149644\n13 0.180264 -0.573353 -0.104809\n2\n0.0158363 -0.57349 -0.127226\n0.990833 0.000823249 0.135086\n2\n11 -0.193797 -0.573128 0.175674\n12 0.140197 -0.569636 0.227159\n2\n-0.0267998 -0.571382 0.201417\n0.988274 0.0103325 0.152343\nL 14\n0\n3\n3\n1\n2\n2\n2\n2\n3\n3\n2\n2\n2\n2"
}