{
    "boxes": [
        [
            -0.015977000817656517,
            -0.056402500718832016,
            0.1395300030708313,
            0.03519299998879433,
            0.6918929815292358,
            0.7145860195159912,
            0.0,
            1.0,
            0.0,
            0.0,
            0.0,
            1.0
        ],
        [
            -0.013953999616205692,
            -0.05885760113596916,
            0.39865198731422424,
            0.03514640033245087,
            0.05502859875559807,
            0.6693500280380249,
            0.0011864500120282173,
            0.775846004486084,
            -0.6309210062026978,
            0.00042152201058343053,
            0.6309210062026978,
            0.7758470177650452
        ],
        [
            -0.36117199063301086,
            -0.5081170201301575,
            0.13673999905586243,
            0.8646690249443054,
            0.03231729939579964,
            0.04837200045585632,
            0.017049100250005722,
            0.7873929738998413,
            -0.6162160038948059,
            -0.07240539789199829,
            0.6156600117683411,
            0.7846789956092834
        ],
        [
            -0.35989800095558167,
            -0.450408011674881,
            0.09287899732589722,
            1.008239984512329,
            0.031978901475667953,
            0.066594697535038,
            0.03394810110330582,
            0.7874739766120911,
            0.6154130101203918,
            -0.060189299285411835,
            -0.6130390167236328,
            0.7877569794654846
        ],
        [
            -0.019792500883340836,
            0.46361199021339417,
            -0.30967798829078674,
            0.24740999937057495,
            0.01637840084731579,
            0.6853569746017456,
            3.5812499632470463e-09,
            0.9601879715919495,
            -0.2793560028076172,
            4.771659956048779e-09,
            0.2793560028076172,
            0.9601879715919495
        ],
        [
            -0.018835999071598053,
            0.26773300766944885,
            -0.252144992351532,
            0.9416559934616089,
            0.04282420128583908,
            0.7210649847984314,
            -0.0021631699055433273,
            0.9631010293960571,
            -0.26913100481033325,
            -0.002850509947165847,
            0.26912400126457214,
            0.9631010293960571
        ]
    ],
    "ops": [
        [
            0,
            0,
            0,
            0,
            1,
            2,
            1,
            1,
            0,
            0,
            1,
            1
        ]
    ],
    "syms": [
        [
            0.0,
            1.0,
            0.0005839740042574704,
            0.0002022380067501217,
            -0.018526099622249603,
            -0.5079169869422913,
            0.13680900633335114,
            0.0
        ]
    ],
    "labels:": [
        [
            1,
            2,
            2,
            2,
            0,
            0
        ]
    ],
    "obj": 37536,
    "mat_index": 2155,
    "obbs": "N 8\n-0.0197925 0.463612 -0.309678 1 -4.77166e-09 -3.58125e-09 4.77166e-09 0.279356 0.960188 -3.58125e-09 -0.960188 0.279356 0.685357 0.0163784 0.24741\n-0.013954 -0.0588576 0.398652 -0.000421522 -0.630921 -0.775847 0.00118645 0.775846 -0.630921 0.999999 -0.00118645 0.000421522 0.0550286 0.0351464 0.66935\n-0.015977 -0.0564025 0.13953 1 0 0 0 1 0 0 0 1 0.714586 0.035193 0.691893\n0.324119 -0.507717 0.136878 0.957528 -0.166805 -0.235193 0.288 0.592832 0.752068 0.013981 -0.787862 0.615693 0.0455111 0.034857 0.865038\n-0.361172 -0.508117 0.13674 -0.99723 -0.0312393 -0.067508 -0.0724054 0.61566 0.784679 0.0170491 0.787393 -0.616216 0.048372 0.0323173 0.864669\n0.323131 -0.453708 0.0890395 0.961448 0.183109 -0.205156 0.274414 -0.590741 0.758764 0.0177424 -0.78581 -0.618214 0.05167 0.0344367 0.998327\n-0.359898 -0.450408 0.092879 0.0339481 0.787474 0.615413 -0.0601893 -0.613039 0.787757 0.99761 -0.0637841 0.026586 1.00824 0.0319789 0.0665947\n-0.018836 0.267733 -0.252145 -0.00216317 0.963101 -0.269131 -0.00285051 0.269124 0.963101 0.999994 0.00285051 0.00216317 0.941656 0.0428242 0.721065\nC 13\n0 7\n1 2\n1 5\n1 6\n2 7\n2 6\n2 3\n2 5\n2 4\n3 7\n3 5\n4 7\n4 6\nS 2\n2\n3 0.324119 -0.507717 0.136878\n4 -0.361172 -0.508117 0.13674\n2\n-0.0185261 -0.507917 0.136809\n-1 -0.000583974 -0.000202238\n2\n5 0.323131 -0.453708 0.0890395\n6 -0.359898 -0.450408 0.092879\n2\n-0.0183836 -0.452058 0.0909593\n-0.999973 0.00483156 0.00562109\nL 8\n0\n2\n1\n2\n2\n2\n2\n0"
}