{
    "boxes": [
        [
            -0.00784549955278635,
            -0.12241899967193604,
            0.13497300446033478,
            0.16349099576473236,
            0.9508609771728516,
            0.8900189995765686,
            0.0,
            1.0,
            0.0,
            0.0,
            0.0,
            1.0
        ],
        [
            -0.4588249921798706,
            0.12578700482845306,
            0.14833399653434753,
            0.33656200766563416,
            0.703095018863678,
            0.1155799999833107,
            -0.22155100107192993,
            0.8263750076293945,
            0.5177059769630432,
            -0.04454980045557022,
            -0.5389230251312256,
            0.8411759734153748
        ],
        [
            -0.38774099946022034,
            -0.18535000085830688,
            0.3488759994506836,
            0.06406500190496445,
            0.04702400043606758,
            0.14251099526882172,
            0.0,
            1.0,
            0.0,
            0.0,
            0.0,
            1.0
        ],
        [
            -0.38156598806381226,
            -0.44939300417900085,
            0.48723000288009644,
            0.6677629947662354,
            0.06686689704656601,
            0.05206270143389702,
            0.0314829982817173,
            0.9990469813346863,
            -0.030222000554203987,
            -0.1828629970550537,
            0.03548390045762062,
            0.9824979901313782
        ],
        [
            0.40347200632095337,
            -0.4724000096321106,
            -0.4195899963378906,
            0.6439380049705505,
            0.08595210313796997,
            0.05533460155129433,
            -0.057736799120903015,
            0.9580579996109009,
            0.2806990146636963,
            -0.2806990146636963,
            -0.2854039967060089,
            0.916379988193512
        ],
        [
            -0.3765299916267395,
            -0.4456680119037628,
            0.005543670151382685,
            0.69057697057724,
            1.0332900285720825,
            0.1281909942626953,
            0.08822079747915268,
            0.9960860013961792,
            0.005525350105017424,
            0.04221000149846077,
            -0.00928031001240015,
            0.9990659952163696
        ],
        [
            -0.00338141992688179,
            0.24409699440002441,
            -0.2915480136871338,
            0.8571000099182129,
            0.25365498661994934,
            0.8479369878768921,
            -0.00587398000061512,
            0.9821529984474182,
            -0.18799400329589844,
            -0.007104809861630201,
            0.18795199692249298,
            0.9821529984474182
        ]
    ],
    "ops": [
        [
            0,
            0,
            0,
            1,
            2,
            1,
            0,
            0,
            0,
            2,
            1,
            1,
            1,
            0,
            1
        ]
    ],
    "syms": [
        [
            0.0,
            0.9999719858169556,
            0.006306690163910389,
            -0.004039859864860773,
            -0.004574129823595285,
            0.12865200638771057,
            0.14649899303913116,
            0.0
        ],
        [
            0.0,
            0.9999750256538391,
            -0.005807249806821346,
            -0.004125440027564764,
            -0.010329100303351879,
            -0.44779500365257263,
            0.004032900091260672,
            0.0
        ]
    ],
    "labels:": [
        [
            1,
            3,
            3,
            2,
            2,
            2,
            0
        ]
    ],
    "obj": 37559,
    "mat_index": 2166,
    "obbs": "N 10\n-0.00338142 0.244097 -0.291548 0.999958 0.00710481 0.00587398 -0.00710481 0.187952 0.982153 0.00587398 -0.982153 0.187994 0.847937 0.253655 0.8571\n0.449677 0.131517 0.144663 -0.0483117 0.53937 -0.840682 0.976457 -0.15165 -0.153411 -0.210235 -0.828301 -0.519345 0.690682 0.101776 0.327\n-0.458825 0.125787 0.148334 0.221551 -0.826375 -0.517706 0.974131 0.1633 0.156214 -0.0445498 -0.538923 0.841176 0.336562 0.11558 0.703095\n0.382686 -0.178398 0.348039 0.983803 0.177407 0.0256769 -0.0213249 -0.026395 0.999424 0.177982 -0.983784 -0.0221843 0.156022 0.0505545 0.072867\n-0.387741 -0.18535 0.348876 1 0 0 0 1 0 0 0 1 0.142511 0.064065 0.047024\n-0.0078455 -0.122419 0.134973 1 0 0 0 1 0 0 0 1 0.890019 0.163491 0.950861\n0.355871 -0.449922 0.00252212 0.0410368 -0.0121788 -0.999083 0.996453 0.0740202 0.0400264 0.0734649 -0.997182 0.0151731 1.03848 0.129605 0.682578\n0.403472 -0.4724 -0.41959 0.280699 0.285404 -0.91638 0.958058 -0.0258832 0.285404 0.0577368 -0.958058 -0.280699 0.0859521 0.0553346 0.643938\n-0.37653 -0.445668 0.00554367 -0.0882208 -0.996086 -0.00552535 0.995206 -0.0879052 -0.0428635 0.04221 -0.00928031 0.999066 0.690577 0.128191 1.03329\n-0.381566 -0.449393 0.48723 -0.982634 0.0254055 -0.183806 -0.182863 0.0354839 0.982498 0.031483 0.999047 -0.030222 0.0520627 0.0668669 0.667763\nC 24\n0 2\n0 7\n0 5\n0 8\n0 1\n0 6\n1 3\n1 6\n1 5\n2 8\n2 5\n2 9\n2 4\n3 6\n3 5\n4 8\n4 9\n4 5\n5 9\n5 6\n5 8\n5 7\n6 7\n8 9\nS 3\n2\n1 0.449677 0.131517 0.144663\n2 -0.458825 0.125787 0.148334\n2\n-0.00457413 0.128652 0.146499\n-0.999972 -0.00630669 0.00403986\n2\n3 0.382686 -0.178398 0.348039\n4 -0.387741 -0.18535 0.348876\n2\n-0.0025274 -0.181874 0.348457\n-0.999959 -0.00902256 0.00108658\n2\n6 0.355871 -0.449922 0.00252212\n8 -0.37653 -0.445668 0.00554367\n2\n-0.0103291 -0.447795 0.0040329\n-0.999975 0.00580725 0.00412544\nL 10\n0\n3\n3\n3\n3\n1\n2\n2\n2\n2"
}