{
    "boxes": [
        [
            -0.0044964998960494995,
            -0.15463599562644958,
            0.15056300163269043,
            0.18124599754810333,
            0.7740030288696289,
            0.7855129837989807,
            0.0,
            1.0,
            0.0,
            0.0,
            0.0,
            1.0
        ],
        [
            -0.3557110130786896,
            -0.47187599539756775,
            0.49602198600769043,
            0.6344540119171143,
            0.09818899631500244,
            0.09818899631500244,
            0.0,
            1.0,
            0.0,
            0.0,
            0.0,
            1.0
        ],
        [
            -0.3557110130786896,
            -0.47187599539756775,
            -0.20640799403190613,
            0.6344540119171143,
            0.09818899631500244,
            0.09818899631500244,
            0.0,
            1.0,
            0.0,
            0.0,
            0.0,
            1.0
        ],
        [
            -0.0044964998960494995,
            0.3033660054206848,
            -0.26206400990486145,
            0.9732049703598022,
            0.12047699838876724,
            0.6646649837493896,
            2.406199905991002e-09,
            0.995369017124176,
            -0.09612450003623962,
            2.6497599669994543e-09,
            0.09612450003623962,
            0.995369017124176
        ],
        [
            -0.36677899956703186,
            0.31252801418304443,
            -0.07364220172166824,
            1.0203200578689575,
            0.4919390082359314,
            0.06125849857926369,
            0.0005886110011488199,
            0.987434983253479,
            -0.15802599489688873,
            0.0017253600526601076,
            0.15802499651908875,
            0.9874340295791626
        ]
    ],
    "ops": [
        [
            0,
            0,
            0,
            1,
            2,
            1,
            0,
            0,
            2,
            1,
            1
        ]
    ],
    "syms": [
        [
            0.0,
            1.0,
            0.0,
            0.0,
            -0.0044964998960494995,
            -0.47187599539756775,
            0.49602198600769043,
            0.0
        ],
        [
            0.0,
            0.9999979734420776,
            0.0003224120009690523,
            0.0018542100442573428,
            -0.004497679881751537,
            0.31264498829841614,
            -0.07297050207853317,
            0.0
        ]
    ],
    "labels:": [
        [
            1,
            2,
            2,
            0,
            0
        ]
    ],
    "obj": 37577,
    "mat_index": 2180,
    "obbs": "N 8\n-0.0044965 0.303366 -0.262064 1 -2.64976e-09 -2.4062e-09 2.64976e-09 0.0961245 0.995369 -2.4062e-09 -0.995369 0.0961245 0.664665 0.120477 0.973205\n-0.0044965 -0.154636 0.150563 1 0 0 0 1 0 0 0 1 0.785513 0.181246 0.774003\n0.357783 0.312761 -0.0722987 0.00172346 -0.154843 -0.987938 0.999998 0.000853867 0.00161067 0.000594166 -0.987939 0.154845 0.491869 0.0612585 1.01887\n-0.366779 0.312528 -0.0736422 -0.00172536 -0.158025 -0.987434 0.999998 -0.000853867 -0.00161067 -0.000588611 -0.987435 0.158026 0.491939 0.0612585 1.02032\n-0.355711 -0.471876 0.496022 1 0 0 0 1 0 0 0 1 0.098189 0.634454 0.098189\n0.346719 -0.471876 0.496022 1 0 0 0 1 0 0 0 1 0.098189 0.634454 0.098189\n0.346719 -0.471876 -0.206408 1 0 0 0 1 0 0 0 1 0.098189 0.634454 0.098189\n-0.355711 -0.471876 -0.206408 1 0 0 0 1 0 0 0 1 0.098189 0.634454 0.098189\nC 15\n0 1\n0 7\n0 6\n0 3\n0 2\n1 2\n1 3\n1 4\n1 5\n1 6\n1 7\n2 6\n2 5\n3 7\n3 4\nS 3\n2\n2 0.357783 0.312761 -0.0722987\n3 -0.366779 0.312528 -0.0736422\n2\n-0.00449768 0.312645 -0.0729705\n-0.999998 -0.000322412 -0.00185421\n2\n4 -0.355711 -0.471876 0.496022\n5 0.346719 -0.471876 0.496022\n2\n-0.0044965 -0.471876 0.496022\n1 0 0\n2\n6 0.346719 -0.471876 -0.206408\n7 -0.355711 -0.471876 -0.206408\n2\n-0.0044965 -0.471876 -0.206408\n-1 0 0\nL 8\n0\n1\n0\n0\n2\n2\n2\n2"
}