{
    "boxes": [
        [
            0.001561500015668571,
            -0.18471099436283112,
            6.841689810244134e-06,
            0.5263220071792603,
            1.2324399948120117,
            0.8605639934539795,
            0.01093329954892397,
            0.9761980175971985,
            -0.21660800278186798,
            0.001198380021378398,
            0.21660800278186798,
            0.9762579798698425
        ],
        [
            0.41422000527381897,
            -0.029164200648665428,
            0.5341969728469849,
            0.565201997756958,
            0.0408908985555172,
            0.044362299144268036,
            -0.00282260007224977,
            0.9822970032691956,
            -0.18731099367141724,
            -0.6368319988250732,
            0.1426520049571991,
            0.7576910257339478
        ],
        [
            -0.4175319969654083,
            -0.027949700132012367,
            0.5376150012016296,
            0.5535529851913452,
            0.041150301694869995,
            0.030654000118374825,
            -0.006548440083861351,
            0.9841600060462952,
            -0.17715899646282196,
            -0.1325870007276535,
            0.17474399507045746,
            0.9756460189819336
        ],
        [
            -0.3850089907646179,
            -0.04099610075354576,
            0.03923249989748001,
            0.6056380271911621,
            1.0982500314712524,
            0.11729899793863297,
            -0.0861956998705864,
            0.9945729970932007,
            -0.05826830118894577,
            0.0014333500294014812,
            0.058609701693058014,
            0.9982799887657166
        ],
        [
            -0.41676899790763855,
            0.19941399991512299,
            -0.016423000022768974,
            0.03999270126223564,
            1.0308799743652344,
            0.030666299164295197,
            0.10294000059366226,
            0.9916039705276489,
            -0.07825929671525955,
            0.004044999834150076,
            0.07825929671525955,
            0.9969249963760376
        ],
        [
            -0.41719600558280945,
            -0.4362640082836151,
            -0.4557879865169525,
            0.04326840117573738,
            0.25776100158691406,
            0.029633499681949615,
            -0.05159509927034378,
            0.8586130142211914,
            -0.510021984577179,
            -0.014158199541270733,
            0.510021984577179,
            0.8600450158119202
        ],
        [
            -0.41704800724983215,
            -0.3943830132484436,
            0.5838879942893982,
            0.208064004778862,
            0.033858999609947205,
            0.026738999411463737,
            0.0,
            1.0,
            0.0,
            0.0,
            0.0,
            1.0
        ],
        [
            -0.0001900000061141327,
            0.2512809932231903,
            -0.35946300625801086,
            1.2116800546646118,
            0.2590320110321045,
            0.6803820133209229,
            -0.0,
            0.9909970164299011,
            -0.13388599455356598,
            -0.0,
            0.13388599455356598,
            0.9909970164299011
        ]
    ],
    "ops": [
        [
            0,
            0,
            0,
            0,
            0,
            1,
            2,
            1,
            1,
            1,
            0,
            0,
            1,
            2,
            1,
            0,
            1
        ]
    ],
    "syms": [
        [
            0.0,
            0.9999750256538391,
            -0.006823789793998003,
            0.0016181600512936711,
            -0.00042050800402648747,
            -0.04362050071358681,
            0.03985489904880524,
            0.0
        ],
        [
            0.0,
            0.9999809861183167,
            -0.0013460300397127867,
            -0.005933479871600866,
            -0.0002965359890367836,
            -0.4368250072002411,
            -0.45826199650764465,
            0.0
        ]
    ],
    "labels:": [
        [
            1,
            3,
            3,
            3,
            3,
            2,
            2,
            0
        ]
    ],
    "obj": 37595,
    "mat_index": 2194,
    "obbs": "N 12\n-0.00019 0.251281 -0.359463 1 0 0 -0 0.133886 0.990997 0 -0.990997 0.133886 0.680382 0.259032 1.21168\n-0.385009 -0.0409961 0.0392325 -0.00143335 -0.0586097 -0.99828 0.996277 0.0859639 -0.00647747 0.0861957 -0.994573 0.0582683 1.09825 0.117299 0.605638\n0.384168 -0.0462449 0.0404772 0.0861854 0.991497 -0.0975021 0.996277 -0.085964 0.00647745 -0.0019593 -0.0976974 -0.995214 0.620318 0.117299 1.07756\n0.0015615 -0.184711 6.84169e-06 0.99994 -0.0109333 0.00119838 0.0109333 0.976198 -0.216608 0.00119838 0.216608 0.976258 0.860564 0.526322 1.23244\n-0.416769 0.199414 -0.016423 -0.004045 -0.0782593 -0.996925 0.10294 0.991604 -0.0782593 0.994679 -0.10294 0.004045 1.03088 0.0399927 0.0306663\n0.416574 0.197612 -0.0217673 0.997914 0.0645043 -0.0026499 -0.0645043 0.994548 -0.0819381 -0.0026499 0.0819381 0.996634 0.0290734 0.0431553 1.01989\n-0.417532 -0.0279497 0.537615 -0.99115 -0.029878 -0.129343 -0.132587 0.174744 0.975646 -0.00654844 0.98416 -0.177159 0.030654 0.0411503 0.553553\n0.41422 -0.0291642 0.534197 -0.0028226 0.982297 -0.187311 -0.636832 0.142652 0.757691 0.770997 0.121424 0.625155 0.565202 0.0408909 0.0443623\n0.416603 -0.437386 -0.460735 0.999996 0.00285679 -0.000799401 -0.00285679 0.854764 -0.519009 -0.000799401 0.519009 0.854768 0.0269273 0.0409053 0.247944\n-0.417196 -0.436264 -0.455788 0.998568 0.0515951 -0.0141582 -0.0515951 0.858613 -0.510022 -0.0141582 0.510022 0.860045 0.0296335 0.0432684 0.257761\n0.416575 -0.398086 0.584467 1 0 0 0 1 0 0 0 1 0.026715 0.20066 0.03285\n-0.417048 -0.394383 0.583888 1 0 0 0 1 0 0 0 1 0.026739 0.208064 0.033859\nC 29\n0 3\n0 4\n0 5\n0 8\n0 1\n0 9\n0 2\n1 3\n1 6\n1 11\n1 4\n1 9\n2 8\n2 5\n2 10\n2 3\n2 7\n3 11\n3 7\n3 10\n3 6\n3 9\n3 5\n3 8\n3 4\n4 6\n5 7\n6 11\n7 10\nS 4\n2\n1 -0.385009 -0.0409961 0.0392325\n2 0.384168 -0.0462449 0.0404772\n2\n-0.000420508 -0.0436205 0.0398549\n0.999975 -0.00682379 0.00161816\n2\n4 -0.416769 0.199414 -0.016423\n5 0.416574 0.197612 -0.0217673\n2\n-9.79233e-05 0.198513 -0.0190952\n0.999977 -0.00216281 -0.0064129\n2\n8 0.416603 -0.437386 -0.460735\n9 -0.417196 -0.436264 -0.455788\n2\n-0.000296536 -0.436825 -0.458262\n-0.999981 0.00134603 0.00593348\n2\n10 0.416575 -0.398086 0.584467\n11 -0.417048 -0.394383 0.583888\n2\n-0.000236 -0.396235 0.584177\n-0.99999 0.00444201 -0.000695151\nL 12\n0\n3\n3\n1\n3\n3\n3\n3\n2\n2\n2\n2"
}