{
    "boxes": [
        [
            0.0011360000353306532,
            -0.030672000721096992,
            0.1428080052137375,
            0.0980760008096695,
            0.6729090213775635,
            0.6642379760742188,
            0.0,
            1.0,
            0.0,
            0.0,
            0.0,
            1.0
        ],
        [
            -0.37210699915885925,
            -0.37342599034309387,
            -0.36308300495147705,
            0.8299360275268555,
            0.05565040186047554,
            0.09876179695129395,
            0.02271289937198162,
            0.8237320184707642,
            0.5665240287780762,
            0.0669391006231308,
            -0.5666509866714478,
            0.8212339878082275
        ],
        [
            -0.3479120135307312,
            -0.36143600940704346,
            0.3971230089664459,
            0.8326039910316467,
            0.05700080096721649,
            0.11140400171279907,
            0.057789601385593414,
            0.8236929774284363,
            -0.5640829801559448,
            -0.08891800045967102,
            0.5670289993286133,
            0.8188850283622742
        ],
        [
            0.012873999774456024,
            0.34272500872612,
            -0.17674300074577332,
            0.708935022354126,
            0.04337200149893761,
            0.6287099719047546,
            0.0,
            1.0,
            0.0,
            0.0,
            0.0,
            1.0
        ]
    ],
    "ops": [
        [
            0,
            0,
            0,
            1,
            2,
            1,
            0,
            1
        ]
    ],
    "syms": [
        [
            0.0,
            0.9997490048408508,
            0.01817220076918602,
            0.013121400028467178,
            -0.004383170045912266,
            -0.36674201488494873,
            -0.358256995677948,
            0.0
        ]
    ],
    "labels:": [
        [
            1,
            2,
            2,
            0
        ]
    ],
    "obj": 2377,
    "mat_index": 221,
    "obbs": "N 6\n0.012874 0.342725 -0.176743 1 0 0 0 1 0 0 0 1 0.62871 0.708935 0.043372\n0.001136 -0.030672 0.142808 1 0 0 0 1 0 0 0 1 0.664238 0.098076 0.672909\n0.363341 -0.360058 -0.353431 -0.082292 0.821423 0.564352 -0.0705322 -0.569653 0.818853 0.994109 0.0275801 0.104815 0.82858 0.0565729 0.0998442\n-0.372107 -0.373426 -0.363083 0.997499 0.01927 -0.0680101 0.0669391 -0.566651 0.821234 -0.0227129 -0.823732 -0.566524 0.0987618 0.0556504 0.829936\n0.384226 -0.349145 0.390181 0.998272 0.0535705 -0.0241666 -0.0104683 0.566724 0.823841 0.0578294 -0.822164 0.566305 0.0987259 0.0525643 0.827745\n-0.347912 -0.361436 0.397123 -0.994361 -0.00283414 -0.10601 -0.088918 0.567029 0.818885 0.0577896 0.823693 -0.564083 0.111404 0.0570008 0.832604\nC 9\n0 1\n0 3\n0 2\n1 2\n1 3\n1 4\n1 5\n2 4\n3 5\nS 2\n2\n2 0.363341 -0.360058 -0.353431\n3 -0.372107 -0.373426 -0.363083\n2\n-0.00438317 -0.366742 -0.358257\n-0.999749 -0.0181722 -0.0131214\n2\n4 0.384226 -0.349145 0.390181\n5 -0.347912 -0.361436 0.397123\n2\n0.0181573 -0.355291 0.393652\n-0.999814 -0.0167842 0.00948026\nL 6\n0\n1\n2\n2\n2\n2"
}