{
    "boxes": [
        [
            0.009057389572262764,
            -0.17512500286102295,
            0.25147199630737305,
            0.36490899324417114,
            0.7698330283164978,
            1.1071300506591797,
            -0.038363099098205566,
            0.9695519804954529,
            -0.24186299741268158,
            -0.004711030051112175,
            0.24186299741268158,
            0.9702990055084229
        ],
        [
            -0.5066710114479065,
            -0.518468976020813,
            0.3207789957523346,
            0.0936432033777237,
            0.6589840054512024,
            0.08494389802217484,
            0.4469659924507141,
            0.8438130021095276,
            0.29698699712753296,
            -0.009555540047585964,
            -0.3274730145931244,
            0.944811999797821
        ],
        [
            0.5257109999656677,
            -0.5197759866714478,
            0.3193809986114502,
            0.08176930248737335,
            0.6615999937057495,
            0.0680219978094101,
            0.13010400533676147,
            0.9411829710006714,
            0.31184500455856323,
            0.0025545901153236628,
            -0.3148359954357147,
            0.9491429924964905
        ],
        [
            -0.5062090158462524,
            -0.5070800185203552,
            -0.2388319969177246,
            0.09512220323085785,
            0.4894390106201172,
            0.07196170091629028,
            0.20876599848270416,
            0.8858569860458374,
            -0.41433700919151306,
            -0.005321870092302561,
            0.4246949851512909,
            0.9053210020065308
        ],
        [
            0.013149100355803967,
            0.2068450003862381,
            -0.21143600344657898,
            0.7362220287322998,
            0.15975800156593323,
            1.0875400304794312,
            -0.0007364639895968139,
            0.9278920292854309,
            -0.3728489875793457,
            -0.0010896200546994805,
            0.3728480041027069,
            0.9278920292854309
        ],
        [
            0.009204249829053879,
            0.4636150002479553,
            -0.4288890063762665,
            0.0936845988035202,
            0.027789700776338577,
            1.0941400527954102,
            0.0016518699703738093,
            0.997173011302948,
            -0.07511530071496964,
            0.001780980033800006,
            0.07511240243911743,
            0.997173011302948
        ],
        [
            -0.5039029717445374,
            0.06694120168685913,
            -0.28929901123046875,
            0.7877489924430847,
            0.09728170186281204,
            0.09324110299348831,
            0.0026320500764995813,
            0.9056540131568909,
            -0.4240089952945709,
            -0.4636690020561218,
            0.37678200006484985,
            0.8019019961357117
        ],
        [
            -0.3888530135154724,
            0.08922149986028671,
            -0.2516539990901947,
            0.9338939785957336,
            0.05628630146384239,
            0.06549639999866486,
            0.008340300060808659,
            0.906965970993042,
            -0.4211220145225525,
            0.01306730043143034,
            0.42100098729133606,
            0.906965970993042
        ]
    ],
    "ops": [
        [
            0,
            0,
            0,
            0,
            2,
            1,
            1,
            1,
            0,
            0,
            1,
            0,
            2,
            0,
            2,
            1,
            1,
            1
        ]
    ],
    "syms": [
        [
            0.0,
            0.9999920129776001,
            -0.003559370059520006,
            0.0017080700490623713,
            0.01072049979120493,
            -0.5089200139045715,
            -0.23794899880886078,
            0.0
        ],
        [
            0.0,
            0.9999690055847168,
            0.005557579919695854,
            -0.005635169800370932,
            0.010963199660182,
            0.06980270147323608,
            -0.2921999990940094,
            0.0
        ],
        [
            1.0,
            0.4705474376678467,
            0.07653327286243439,
            -0.21558642387390137,
            0.41499701142311096,
            0.08927919715642929,
            -0.2515369951725006,
            0.125
        ]
    ],
    "labels:": [
        [
            1,
            2,
            2,
            2,
            0,
            0,
            0,
            0
        ]
    ],
    "obj": 37644,
    "mat_index": 2226,
    "obbs": "N 17\n0.0131491 0.206845 -0.211436 -0.000736464 0.927892 -0.372849 -0.00108962 0.372848 0.927892 0.999999 0.00108962 0.000736464 0.736222 0.159758 1.08754\n0.00920425 0.463615 -0.428889 0.999997 -0.00178098 -0.00165187 0.00178098 0.0751124 0.997173 -0.00165187 -0.997173 0.0751153 1.09414 0.0277897 0.0936846\n0.00905739 -0.175125 0.251472 0.999253 0.0383631 -0.00471103 -0.0383631 0.969552 -0.241863 -0.00471103 0.241863 0.970299 1.10713 0.364909 0.769833\n-0.503903 0.0669412 -0.289299 0.463669 -0.376782 -0.801902 0.886004 0.194489 0.420916 -0.00263205 -0.905654 0.424009 0.0972817 0.0932411 0.787749\n0.525829 0.0726642 -0.295102 -0.329445 -0.396322 -0.856968 0.944175 -0.137741 -0.299269 0.000567499 -0.90772 0.419576 0.0922921 0.0795564 0.770599\n-0.388853 0.0892215 -0.251654 0.99988 -0.0130673 -0.0083403 0.0130673 0.421001 0.906966 -0.0083403 -0.906966 0.421122 0.0654964 0.0562863 0.933894\n-0.273804 0.0892194 -0.251662 -0.0123392 0.907039 -0.420867 -0.0193257 0.420604 0.907039 0.999737 0.0193257 0.0123392 0.934088 0.0562962 0.069423\n-0.15917 0.0892828 -0.251525 0.999921 -0.0105843 -0.00678324 0.0105843 0.417654 0.908545 -0.00678324 -0.908545 0.417733 0.0639464 0.0534206 0.933824\n-0.04441 0.089202 -0.251702 0.999686 -0.0210976 -0.0134997 0.0210976 0.418787 0.907839 -0.0134997 -0.907839 0.419101 0.0704584 0.0546991 0.934144\n0.0708222 0.0892331 -0.25165 -0.0245345 0.907792 -0.418703 -0.0383148 0.417668 0.907792 0.998964 0.0383148 0.0245345 0.934584 0.0549555 0.0811414\n0.185464 0.0892138 -0.251676 -0.00620336 0.907347 -0.420337 -0.00971013 0.420271 0.907347 0.999934 0.00971013 0.00620336 0.933791 0.0553814 0.0634653\n0.300223 0.0892085 -0.251687 0.999999 -0.00122803 -0.000784991 0.00122803 0.419837 0.907599 -0.000784991 -0.907599 0.419838 0.0581529 0.0544739 0.933496\n0.414997 0.0892792 -0.251537 0.999928 -0.0101039 -0.00647523 0.0101039 0.417674 0.908541 -0.00647523 -0.908541 0.417746 0.06365 0.0533915 0.933807\n-0.506209 -0.50708 -0.238832 0.00532187 -0.424695 -0.905321 0.208766 0.885857 -0.414337 0.977951 -0.186795 0.0933762 0.489439 0.0951222 0.0719617\n0.52765 -0.51076 -0.237066 0.992023 0.101637 -0.0745659 -0.123567 0.901026 -0.415792 0.0249261 0.42169 0.906398 0.0718483 0.0832731 0.490314\n0.525711 -0.519776 0.319381 -0.00255459 0.314836 -0.949143 0.991497 -0.12269 -0.0433656 -0.130104 -0.941183 -0.311845 0.6616 0.068022 0.0817693\n-0.506671 -0.518469 0.320779 0.00955554 0.327473 -0.944812 0.8945 -0.425137 -0.138306 -0.446966 -0.843813 -0.296987 0.658984 0.0849439 0.0936432\nC 70\n0 14\n0 7\n0 16\n0 10\n0 3\n0 11\n0 4\n0 12\n0 5\n0 8\n0 1\n0 13\n0 6\n0 9\n0 2\n1 3\n1 6\n1 11\n1 5\n1 10\n1 4\n1 9\n1 12\n1 8\n1 7\n2 8\n2 12\n2 5\n2 4\n2 9\n2 13\n2 15\n2 16\n2 6\n2 10\n2 3\n2 14\n2 7\n2 11\n3 6\n3 16\n3 13\n3 5\n4 12\n4 14\n4 11\n4 15\n5 6\n5 13\n5 16\n5 7\n6 7\n6 16\n6 8\n6 13\n7 9\n7 8\n8 9\n8 10\n9 11\n9 10\n10 11\n10 12\n11 14\n11 12\n11 15\n12 14\n12 15\n13 16\n14 15\nS 3\n2\n3 -0.503903 0.0669412 -0.289299\n4 0.525829 0.0726642 -0.295102\n2\n0.0109632 0.0698027 -0.2922\n0.999969 0.00555758 -0.00563517\n8\n5 -0.388853 0.0892215 -0.251654\n6 -0.273804 0.0892194 -0.251662\n7 -0.15917 0.0892828 -0.251525\n8 -0.04441 0.089202 -0.251702\n9 0.0708222 0.0892331 -0.25165\n10 0.185464 0.0892138 -0.251676\n11 0.300223 0.0892085 -0.251687\n12 0.414997 0.0892792 -0.251537\n1\n0 0 0\n0 0 0\n2\n13 -0.506209 -0.50708 -0.238832\n14 0.52765 -0.51076 -0.237066\n2\n0.0107205 -0.50892 -0.237949\n0.999992 -0.00355937 0.00170807\nL 17\n0\n0\n1\n0\n0\n0\n0\n0\n0\n0\n0\n0\n0\n2\n2\n2\n2"
}