{
    "boxes": [
        [
            -0.004567389842122793,
            -0.07181060314178467,
            0.1242469996213913,
            0.17162300646305084,
            0.867205023765564,
            0.7812089920043945,
            0.011145800352096558,
            0.999800980091095,
            0.016565699130296707,
            -9.232819866156206e-05,
            -0.016565699130296707,
            0.9998630285263062
        ],
        [
            0.3601419925689697,
            -0.4624350070953369,
            -0.253356009721756,
            0.7078559994697571,
            0.11144199967384338,
            0.05418640002608299,
            -0.004937599878758192,
            0.9981989860534668,
            0.059791598469018936,
            -0.007220270112156868,
            -0.05982629954814911,
            0.998183012008667
        ],
        [
            -0.36603400111198425,
            -0.4699540138244629,
            0.47281399369239807,
            0.6884040236473083,
            0.16313199698925018,
            0.05764999985694885,
            0.0,
            1.0,
            0.0,
            0.0,
            0.0,
            1.0
        ],
        [
            -0.00469700014218688,
            0.2801690101623535,
            -0.32417601346969604,
            0.13690899312496185,
            0.06948640197515488,
            0.6834200024604797,
            -0.0,
            0.9950140118598938,
            -0.09973789751529694,
            0.0,
            0.09973789751529694,
            0.9950140118598938
        ],
        [
            -0.00469700014218688,
            0.700410008430481,
            -0.3683210015296936,
            0.1890230029821396,
            0.07732509821653366,
            0.6834200024604797,
            1.3837100354407994e-09,
            0.8988710045814514,
            -0.4382140040397644,
            2.213959904295848e-09,
            0.4382140040397644,
            0.8988710045814514
        ],
        [
            -0.3506309986114502,
            0.34717100858688354,
            -0.2887130081653595,
            0.9360809922218323,
            0.16259899735450745,
            0.0887117013335228,
            0.00031220100936479867,
            0.9874399900436401,
            -0.15799400210380554,
            0.0016484500374644995,
            0.15799300372600555,
            0.987438976764679
        ]
    ],
    "ops": [
        [
            0,
            0,
            0,
            1,
            2,
            1,
            0,
            0,
            0,
            2,
            1,
            1,
            1
        ]
    ],
    "syms": [
        [
            0.0,
            0.9999319911003113,
            -0.0049660298973321915,
            -0.01056050043553114,
            -0.0034307900350540876,
            -0.46062999963760376,
            -0.24951599538326263,
            0.0
        ],
        [
            0.0,
            0.9999179840087891,
            -0.011856700293719769,
            -0.004877089988440275,
            -0.0030157500877976418,
            0.34304898977279663,
            -0.29040899872779846,
            0.0
        ]
    ],
    "labels:": [
        [
            1,
            2,
            2,
            0,
            0,
            0
        ]
    ],
    "obj": 37645,
    "mat_index": 2227,
    "obbs": "N 9\n-0.004697 0.70041 -0.368321 1 -2.21396e-09 -1.38371e-09 2.21396e-09 0.438214 0.898871 -1.38371e-09 -0.898871 0.438214 0.68342 0.0773251 0.189023\n-0.367004 -0.458824 -0.245676 1 0 0 0 1 0 0 0 1 0.055711 0.710662 0.13278\n0.360142 -0.462435 -0.253356 0.0049376 -0.998199 -0.0597916 0.999962 0.00449691 0.00750267 -0.00722027 -0.0598263 0.998183 0.707856 0.0541864 0.111442\n0.35677 -0.46906 0.474695 1 0 0 0 1 0 0 0 1 0.057389 0.690417 0.16304\n-0.366034 -0.469954 0.472814 1 0 0 0 1 0 0 0 1 0.05765 0.688404 0.163132\n-0.004697 0.280169 -0.324176 1 0 0 0 0.0997379 0.995014 0 -0.995014 0.0997379 0.68342 0.0694864 0.136909\n0.3446 0.338927 -0.292104 -5.03135e-05 0.988357 -0.15215 0.998829 -0.0073123 -0.0478305 -0.0483861 -0.151974 -0.987199 0.950256 0.0870317 0.145916\n-0.350631 0.347171 -0.288713 -0.00164845 -0.157993 -0.987439 0.999999 -0.000568725 -0.00157842 -0.000312201 -0.98744 0.157994 0.162599 0.0887117 0.936081\n-0.00456739 -0.0718106 0.124247 0.999938 -0.0111458 -9.23282e-05 0.0111458 0.999801 0.0165657 -9.23282e-05 -0.0165657 0.999863 0.781209 0.171623 0.867205\nC 13\n0 7\n0 6\n1 8\n1 7\n2 6\n2 8\n3 8\n4 8\n5 6\n5 7\n5 8\n6 8\n7 8\nS 3\n2\n1 -0.367004 -0.458824 -0.245676\n2 0.360142 -0.462435 -0.253356\n2\n-0.00343079 -0.46063 -0.249516\n0.999932 -0.00496603 -0.0105605\n2\n3 0.35677 -0.46906 0.474695\n4 -0.366034 -0.469954 0.472814\n2\n-0.00463175 -0.469507 0.473754\n-0.999996 -0.00123754 -0.00260235\n2\n6 0.3446 0.338927 -0.292104\n7 -0.350631 0.347171 -0.288713\n2\n-0.00301575 0.343049 -0.290409\n-0.999918 0.0118567 0.00487709\nL 9\n0\n2\n2\n2\n2\n0\n0\n0\n1"
}