{
    "boxes": [
        [
            0.005572000052779913,
            -0.11486700177192688,
            0.119439996778965,
            0.10669200122356415,
            0.7319279909133911,
            0.8380699753761292,
            0.0,
            1.0,
            0.0,
            0.0,
            0.0,
            1.0
        ],
        [
            -0.00145650003105402,
            -0.8673520088195801,
            -0.2255209982395172,
            0.0259419996291399,
            0.05620700120925903,
            0.6595450043678284,
            0.0,
            1.0,
            0.0,
            0.0,
            0.0,
            1.0
        ],
        [
            -0.187733992934227,
            -0.8715630173683167,
            -0.24069899320602417,
            0.019552500918507576,
            0.028548499569296837,
            0.036437999457120895,
            -0.0,
            0.9998149871826172,
            -0.01921660080552101,
            0.0,
            0.01921660080552101,
            0.9998149871826172
        ],
        [
            0.32343798875808716,
            -0.8553599715232849,
            0.09159959852695465,
            0.06034009903669357,
            0.6477900147438049,
            0.13230399787425995,
            -0.12759700417518616,
            0.9917619824409485,
            -0.011279099620878696,
            0.05118659883737564,
            0.01794159971177578,
            0.998528003692627
        ],
        [
            -0.3122810125350952,
            -0.8715000152587891,
            0.32188600301742554,
            0.021271200850605965,
            0.037289898842573166,
            0.028672000393271446,
            -0.033578600734472275,
            0.9990329742431641,
            0.028385600075125694,
            -0.6285949945449829,
            -0.04319139942526817,
            0.7765330076217651
        ],
        [
            0.3824000060558319,
            -0.49245700240135193,
            0.39223501086235046,
            0.6901490092277527,
            0.08262640237808228,
            0.0391228012740612,
            -0.050313301384449005,
            0.998199999332428,
            -0.032641101628541946,
            -0.0223642997443676,
            0.03154819831252098,
            0.9992520213127136
        ],
        [
            0.005572000052779913,
            0.4184130132198334,
            -0.2772369980812073,
            0.45547398924827576,
            0.0728766992688179,
            0.8380699753761292,
            -0.0,
            0.9848080277442932,
            -0.17364799976348877,
            0.0,
            0.17364799976348877,
            0.9848080277442932
        ],
        [
            -0.3592579960823059,
            0.15536700189113617,
            -0.2879689931869507,
            0.6253049969673157,
            0.09127490222454071,
            0.028379499912261963,
            -0.007586169987916946,
            0.9759160280227661,
            -0.2180130034685135,
            0.06255610287189484,
            0.21805499494075775,
            0.9739289879798889
        ]
    ],
    "ops": [
        [
            0,
            0,
            0,
            0,
            1,
            2,
            1,
            0,
            0,
            1,
            2,
            1,
            1,
            0,
            0,
            2,
            1,
            1
        ]
    ],
    "syms": [
        [
            0.0,
            1.0,
            0.0,
            7.179179945686532e-17,
            0.005572000052779913,
            -0.8715630173683167,
            -0.24069899320602417,
            0.0
        ],
        [
            0.0,
            1.0,
            0.00017434300389140844,
            -7.940950308693573e-05,
            0.005558460019528866,
            -0.8714450001716614,
            0.32186099886894226,
            0.0
        ],
        [
            0.0,
            0.9999849796295166,
            -0.0013392399996519089,
            -0.005276849959045649,
            0.005190469790250063,
            0.15487800538539886,
            -0.2898919880390167,
            0.0
        ]
    ],
    "labels:": [
        [
            1,
            2,
            2,
            2,
            2,
            2,
            0,
            0
        ]
    ],
    "obj": 37720,
    "mat_index": 2270,
    "obbs": "N 13\n0.005572 0.418413 -0.277237 1 0 0 0 0.173648 0.984808 0 -0.984808 0.173648 0.83807 0.0728767 0.455474\n0.005572 -0.114867 0.11944 1 0 0 0 1 0 0 0 1 0.83807 0.106692 0.731928\n-0.312281 -0.8715 0.321886 -0.777008 -0.00823182 -0.629437 -0.0335786 0.999033 0.0283856 0.628595 0.0431914 -0.776533 0.028672 0.0212712 0.0372899\n-0.187734 -0.871563 -0.240699 1 0 -0 -0 0.999815 -0.0192166 0 0.0192166 0.999815 0.036438 0.0195525 0.0285485\n0.198878 -0.871563 -0.240699 1 0 -0 -0 0.999815 -0.0192166 0 0.0192166 0.999815 0.036438 0.0195525 0.0285485\n0.323398 -0.871389 0.321836 -0.629011 0.0386698 -0.776434 0.0159819 0.999194 0.0368169 0.777232 0.0107493 -0.629122 0.0372126 0.0213934 0.0287182\n0.369639 0.15439 -0.291815 -0.00757561 -0.163167 -0.986569 0.999963 -0.00517895 -0.00682192 -0.00399628 -0.986585 0.1632 0.0579057 0.0275775 0.626855\n-0.359258 0.155367 -0.287969 -0.00758617 0.975916 -0.218013 0.998013 -0.00624965 -0.0627037 -0.0625561 -0.218055 -0.973929 0.625305 0.0283795 0.0912749\n-0.373167 -0.489758 0.401798 0.0552222 0.996084 -0.069051 0.99828 -0.0564416 -0.0158336 -0.019669 -0.0680579 -0.997487 0.696377 0.035835 0.0817527\n0.3824 -0.492457 0.392235 0.0223643 -0.0315482 -0.999252 0.998483 0.0510056 0.0207367 0.0503133 -0.9982 0.0326411 0.0826264 0.0391228 0.690149\n0.323438 -0.85536 0.0915996 0.990504 0.126832 -0.0530542 -0.127597 0.991762 -0.0112791 0.0511866 0.0179416 0.998528 0.132304 0.0603401 0.64779\n-0.0014565 -0.867352 -0.225521 1 0 0 0 1 0 0 0 1 0.659545 0.025942 0.056207\n-0.313088 -0.854576 0.103186 0.0500141 -0.0276523 -0.998366 0.166745 0.985818 -0.0189515 0.984731 -0.165524 0.0539156 0.640262 0.0656341 0.133745\nC 18\n0 7\n0 6\n1 8\n1 6\n1 9\n1 7\n2 8\n2 12\n3 12\n3 11\n4 10\n4 11\n5 9\n5 10\n8 12\n9 10\n10 11\n11 12\nS 5\n2\n2 -0.312281 -0.8715 0.321886\n5 0.323398 -0.871389 0.321836\n2\n0.00555846 -0.871445 0.321861\n1 0.000174343 -7.94095e-05\n2\n3 -0.187734 -0.871563 -0.240699\n4 0.198878 -0.871563 -0.240699\n2\n0.005572 -0.871563 -0.240699\n1 0 7.17918e-17\n2\n6 0.369639 0.15439 -0.291815\n7 -0.359258 0.155367 -0.287969\n2\n0.00519047 0.154878 -0.289892\n-0.999985 0.00133924 0.00527685\n2\n8 -0.373167 -0.489758 0.401798\n9 0.3824 -0.492457 0.392235\n2\n0.00461628 -0.491108 0.397017\n0.999914 -0.00357161 -0.0126566\n2\n10 0.323438 -0.85536 0.0915996\n12 -0.313088 -0.854576 0.103186\n2\n0.00517481 -0.854968 0.0973927\n-0.999834 0.00123097 0.0181991\nL 13\n0\n1\n2\n2\n2\n2\n0\n0\n2\n2\n2\n2\n2"
}