{
    "boxes": [
        [
            -0.004339400213211775,
            0.27476799488067627,
            0.03818869963288307,
            0.054878100752830505,
            0.6881790161132812,
            0.6881669759750366,
            0.00010395699791843072,
            1.0,
            -0.0003333629865664989,
            -0.35836800932884216,
            0.0003484759945422411,
            0.9335799813270569
        ],
        [
            -0.2685239911079407,
            -0.29330700635910034,
            -0.22597600519657135,
            1.1630100011825562,
            0.09907680004835129,
            0.13930700719356537,
            0.03672980144619942,
            0.9986799955368042,
            0.035903200507164,
            -0.7066929936408997,
            0.0005552489892579615,
            0.7075200080871582
        ],
        [
            -0.26851600408554077,
            -0.29330798983573914,
            0.30236101150512695,
            1.1630100011825562,
            0.09897899627685547,
            0.13930700719356537,
            0.036691900342702866,
            0.9986799955368042,
            -0.035941898822784424,
            0.7074819803237915,
            -0.0005582949961535633,
            0.7067319750785828
        ],
        [
            -0.004339999984949827,
            0.5534589886665344,
            -0.26936399936676025,
            0.8307890295982361,
            0.12680499255657196,
            0.5807759761810303,
            1.1744299754923304e-08,
            0.9937909841537476,
            -0.11125999689102173,
            1.3132500420454107e-08,
            0.11125999689102173,
            0.9937909841537476
        ],
        [
            -0.2725540101528168,
            0.19280299544334412,
            -0.2300260066986084,
            0.07285760343074799,
            0.08196479827165604,
            0.01730390079319477,
            5.014070211473154e-06,
            1.0,
            -5.0141397878178395e-06,
            -0.7071020007133484,
            7.091020052030217e-06,
            0.7071120142936707
        ]
    ],
    "ops": [
        [
            0,
            0,
            0,
            1,
            2,
            1,
            0,
            0,
            2,
            1,
            1
        ]
    ],
    "syms": [
        [
            0.0,
            1.0,
            0.00036252199788577855,
            0.0002464689896441996,
            -0.0044562797993421555,
            -0.2932110130786896,
            -0.2259110063314438,
            0.0
        ],
        [
            0.0,
            1.0,
            0.0,
            2.5537600478742206e-08,
            -0.004339800216257572,
            0.19280299544334412,
            -0.2300260066986084,
            0.0
        ]
    ],
    "labels:": [
        [
            1,
            2,
            2,
            0,
            0
        ]
    ],
    "obj": 37725,
    "mat_index": 2273,
    "obbs": "N 8\n-0.0043394 0.274768 0.0381887 0.358368 -0.000348476 -0.93358 0.000103957 1 -0.000333363 0.93358 2.24148e-05 0.358368 0.688179 0.0548781 0.688167\n-0.272554 0.192803 -0.230026 0.707102 -7.09102e-06 -0.707112 0.707112 0 0.707102 -5.01407e-06 -1 5.01414e-06 0.0819648 0.0173039 0.0728576\n0.263875 0.192803 -0.230026 3.92523e-17 1 -1.11022e-16 -0.707107 1.11022e-16 0.707107 0.707107 1.01465e-17 0.707107 0.072857 0.0173036 0.081965\n-0.268524 -0.293307 -0.225976 0.706693 -0.000555249 -0.70752 0.706566 -0.0513596 0.705781 -0.0367298 -0.99868 -0.0359032 0.0990768 0.139307 1.16301\n0.259612 -0.293115 -0.225846 -0.698801 0.0122249 -0.715212 0.714742 0.0519893 -0.697453 0.0286571 -0.998573 -0.0450678 0.111954 0.139065 1.16354\n0.259589 -0.2931 0.302209 0.698008 -0.0133767 -0.715965 0.715546 0.0519877 0.696628 0.0279028 -0.998558 0.0458595 0.113234 0.139113 1.16358\n-0.268516 -0.293308 0.302361 0.0366919 0.99868 -0.0359419 -0.705779 0.0513596 0.706568 0.707482 -0.000558295 0.706732 1.16301 0.139307 0.098979\n-0.00434 0.553459 -0.269364 1 -1.31325e-08 -1.17443e-08 1.31325e-08 0.11126 0.993791 -1.17443e-08 -0.993791 0.11126 0.580776 0.126805 0.830789\nC 13\n0 1\n0 7\n0 6\n0 5\n0 4\n0 3\n0 2\n1 3\n1 7\n2 7\n2 4\n3 7\n4 7\nS 3\n2\n1 -0.272554 0.192803 -0.230026\n2 0.263875 0.192803 -0.230026\n2\n-0.0043398 0.192803 -0.230026\n1 0 2.55376e-08\n2\n3 -0.268524 -0.293307 -0.225976\n4 0.259612 -0.293115 -0.225846\n2\n-0.00445628 -0.293211 -0.225911\n1 0.000362522 0.000246469\n2\n5 0.259589 -0.2931 0.302209\n6 -0.268516 -0.293308 0.302361\n2\n-0.00446361 -0.293204 0.302285\n-1 -0.000393056 0.00028875\nL 8\n1\n0\n0\n2\n2\n2\n2\n0"
}