{
    "boxes": [
        [
            0.004393499810248613,
            -0.23690100014209747,
            0.0885239988565445,
            0.5767419934272766,
            0.8388500213623047,
            0.9806990027427673,
            0.0,
            1.0,
            0.0,
            0.0,
            0.0,
            1.0
        ],
        [
            -0.5127230286598206,
            -0.05091850087046623,
            0.029990000650286674,
            1.2990399599075317,
            0.7492120265960693,
            0.41593000292778015,
            0.0,
            1.0,
            0.0,
            0.0,
            0.0,
            1.0
        ],
        [
            0.5926200151443481,
            -0.6930189728736877,
            -0.24505199491977692,
            0.0765077993273735,
            0.13937300443649292,
            0.1647389978170395,
            -0.11767999827861786,
            0.9723179936408997,
            0.2018660008907318,
            -0.14343999326229095,
            -0.21778999269008636,
            0.9653980135917664
        ],
        [
            0.5832440257072449,
            -0.6895130276679993,
            0.30921098589897156,
            0.062308698892593384,
            0.11545500159263611,
            0.16606999933719635,
            0.01062059961259365,
            0.9981269836425781,
            -0.0602525994181633,
            0.0003202589869033545,
            0.0602525994181633,
            0.998183012008667
        ],
        [
            -0.508525013923645,
            -0.6657360196113586,
            0.3254159986972809,
            0.09595529735088348,
            0.13527700304985046,
            0.17151400446891785,
            0.002603169996291399,
            0.877282977104187,
            -0.47996601462364197,
            0.0006655550096184015,
            0.47996601462364197,
            0.877286970615387
        ],
        [
            0.0016354999970644712,
            0.16431500017642975,
            0.02766449935734272,
            1.4387199878692627,
            0.7445650100708008,
            1.0407899618148804,
            0.0,
            1.0,
            0.0,
            0.0,
            0.0,
            1.0
        ]
    ],
    "ops": [
        [
            0,
            0,
            2,
            1,
            0,
            2,
            0,
            0,
            1,
            1,
            1,
            0,
            1
        ]
    ],
    "syms": [
        [
            0.0,
            0.9994580149650574,
            0.025954699143767357,
            0.020268699154257774,
            0.012185200117528439,
            -0.03728720173239708,
            0.04063500091433525,
            0.0
        ],
        [
            0.0,
            0.9999409914016724,
            -0.00352917006239295,
            -0.010266399942338467,
            0.041091300547122955,
            -0.6910719871520996,
            -0.23938900232315063,
            0.0
        ]
    ],
    "labels:": [
        [
            1,
            3,
            2,
            2,
            2,
            0
        ]
    ],
    "obj": 37729,
    "mat_index": 2275,
    "obbs": "N 8\n0.0016355 0.164315 0.0276645 1 0 0 0 1 0 0 0 1 1.04079 1.43872 0.744565\n0.537094 -0.023656 0.05128 1 0 0 0 1 0 0 0 1 0.415529 1.34376 0.791788\n-0.512723 -0.0509185 0.02999 1 0 0 0 1 0 0 0 1 0.41593 1.29904 0.749212\n0.0043935 -0.236901 0.088524 1 0 0 0 1 0 0 0 1 0.980699 0.576742 0.83885\n-0.510437 -0.689126 -0.233727 1 0 0 0 1 0 0 0 1 0.174026 0.077283 0.148415\n0.59262 -0.693019 -0.245052 0.14344 0.21779 -0.965398 -0.11768 0.972318 0.201866 0.982637 0.0846523 0.165099 0.139373 0.0765078 0.164739\n0.583244 -0.689513 0.309211 0.999944 -0.0106206 0.000320259 0.0106206 0.998127 -0.0602526 0.000320259 0.0602526 0.998183 0.16607 0.0623087 0.115455\n-0.508525 -0.665736 0.325416 -0.000665555 -0.479966 -0.877287 0.00260317 0.877283 -0.479966 0.999996 -0.00260317 0.000665555 0.135277 0.0959553 0.171514\nC 17\n0 1\n0 7\n0 6\n0 5\n0 4\n0 3\n0 2\n1 3\n1 5\n1 6\n2 7\n2 4\n2 3\n3 6\n3 7\n3 4\n3 5\nS 2\n2\n1 0.537094 -0.023656 0.05128\n2 -0.512723 -0.0509185 0.02999\n2\n0.0121852 -0.0372872 0.040635\n-0.999458 -0.0259547 -0.0202687\n2\n4 -0.510437 -0.689126 -0.233727\n5 0.59262 -0.693019 -0.245052\n2\n0.0410913 -0.691072 -0.239389\n0.999941 -0.00352917 -0.0102664\nL 8\n0\n3\n3\n1\n2\n2\n2\n2"
}