{
    "boxes": [
        [
            0.003378000110387802,
            -0.046980999410152435,
            0.1593099981546402,
            0.17235399782657623,
            0.7459819912910461,
            0.7694680094718933,
            0.0,
            1.0,
            0.0,
            0.0,
            0.0,
            1.0
        ],
        [
            -0.4049299955368042,
            -0.03514369949698448,
            -0.08866219967603683,
            0.1702589988708496,
            0.08640939742326736,
            0.10176099836826324,
            -0.4714359939098358,
            0.7856969833374023,
            0.4005340039730072,
            -0.13207100331783295,
            -0.5119490027427673,
            0.8488019704818726
        ],
        [
            0.4191559851169586,
            -0.019866300746798515,
            -0.09040439873933792,
            0.14838600158691406,
            0.07670780271291733,
            0.09609139710664749,
            0.5470669865608215,
            0.8174790143966675,
            0.18012599647045135,
            -0.12996099889278412,
            -0.1296280026435852,
            0.9830089807510376
        ],
        [
            -0.4581890106201172,
            0.17682500183582306,
            -0.025185100734233856,
            0.36733099818229675,
            0.06708790361881256,
            0.06127310171723366,
            -0.05852609872817993,
            0.9538019895553589,
            0.29468199610710144,
            0.15292200446128845,
            -0.2831380069255829,
            0.9468089938163757
        ],
        [
            -0.4721679985523224,
            0.3328390121459961,
            0.01581669971346855,
            0.14847800135612488,
            0.3334290087223053,
            0.06813179701566696,
            -0.6044080257415771,
            0.7966709733009338,
            0.002582619898021221,
            -0.002582619898021221,
            -0.0052010598592460155,
            0.999983012676239
        ],
        [
            -0.4291659891605377,
            -0.44506600499153137,
            -0.22518600523471832,
            0.7639070153236389,
            0.07013329863548279,
            0.06279519945383072,
            0.09424269944429398,
            0.950527012348175,
            0.29600000381469727,
            -0.06548099964857101,
            -0.29076099395751953,
            0.9545519948005676
        ],
        [
            -0.32610899209976196,
            -0.39894500374794006,
            0.4122120141983032,
            0.8118500113487244,
            0.09753149747848511,
            0.06582800298929214,
            0.09112729877233505,
            0.9887750148773193,
            -0.11840199679136276,
            0.2110529989004135,
            0.09701959788799286,
            0.972648024559021
        ],
        [
            0.008138920180499554,
            0.32416999340057373,
            -0.2855660021305084,
            0.6447759866714478,
            0.08410730212926865,
            0.7155939936637878,
            -0.0022810399532318115,
            0.982617974281311,
            -0.18562699854373932,
            -0.0027522901073098183,
            0.1856199949979782,
            0.982617974281311
        ]
    ],
    "ops": [
        [
            0,
            0,
            0,
            0,
            0,
            1,
            2,
            1,
            1,
            1,
            0,
            0,
            1,
            2,
            1,
            0,
            1
        ]
    ],
    "syms": [
        [
            0.0,
            1.0,
            0.0005263210041448474,
            0.0004246339958626777,
            0.004059160128235817,
            0.17706799507141113,
            -0.024988800287246704,
            0.0
        ],
        [
            0.0,
            0.9999470114707947,
            0.009598249569535255,
            0.0036669899709522724,
            0.0058192601427435875,
            -0.44089099764823914,
            -0.22359099984169006,
            0.0
        ]
    ],
    "labels:": [
        [
            1,
            3,
            3,
            3,
            3,
            2,
            2,
            0
        ]
    ],
    "obj": 37761,
    "mat_index": 2295,
    "obbs": "N 12\n0.00813892 0.32417 -0.285566 0.999994 0.00275229 0.00228104 -0.00275229 0.18562 0.982618 0.00228104 -0.982618 0.185627 0.715594 0.0841073 0.644776\n0.419156 -0.0198663 -0.0904044 0.547067 0.817479 0.180126 -0.129961 -0.129628 0.983009 0.826939 -0.561182 0.0353252 0.148386 0.0767078 0.0960914\n-0.40493 -0.0351437 -0.0886622 0.871955 0.347257 0.34512 -0.132071 -0.511949 0.848802 0.471436 -0.785697 -0.400534 0.101761 0.0864094 0.170259\n0.003378 -0.046981 0.15931 1 0 0 0 1 0 0 0 1 0.769468 0.172354 0.745982\n0.466307 0.177311 -0.0247925 -0.0568782 -0.942587 -0.32908 0.998316 -0.0499349 -0.0295199 0.0113925 -0.330205 0.94384 0.365931 0.0533826 0.0665862\n-0.458189 0.176825 -0.0251851 -0.152922 0.283138 -0.946809 0.986504 0.100476 -0.129287 0.0585261 -0.953802 -0.294682 0.0670879 0.0612731 0.367331\n0.479957 0.332787 0.0160061 -0.00895457 -0.00444984 -0.99995 0.797025 -0.60393 -0.00444984 -0.60388 -0.797025 0.00895457 0.334028 0.0680396 0.147746\n-0.472168 0.332839 0.0158167 0.00258262 0.00520106 -0.999983 0.796671 0.604391 0.00520106 0.604408 -0.796671 -0.00258262 0.333429 0.0681318 0.148478\n0.440804 -0.436716 -0.221995 0.0966869 -0.940113 -0.326862 0.970552 0.0162546 0.240341 -0.220635 -0.340475 0.914001 0.782289 0.0765943 0.0865149\n-0.429166 -0.445066 -0.225186 -0.0942427 -0.950527 -0.296 0.993393 -0.109342 0.0348393 -0.065481 -0.290761 0.954552 0.763907 0.0627952 0.0701333\n0.334088 -0.398113 0.418893 0.0372736 -0.130598 -0.990735 0.995519 0.0910679 0.0254491 0.0869005 -0.987244 0.133407 0.0900962 0.0554028 0.813058\n-0.326109 -0.398945 0.412212 -0.0911273 -0.988775 0.118402 0.973217 -0.113624 -0.199843 0.211053 0.0970196 0.972648 0.81185 0.065828 0.0975315\nC 29\n0 7\n0 3\n0 4\n0 5\n0 8\n0 1\n0 6\n0 9\n0 2\n1 3\n1 6\n1 4\n1 8\n2 5\n2 9\n2 3\n2 7\n3 11\n3 7\n3 10\n3 6\n3 9\n3 5\n3 8\n3 4\n4 8\n4 6\n5 9\n5 7\nS 4\n2\n4 0.466307 0.177311 -0.0247925\n5 -0.458189 0.176825 -0.0251851\n2\n0.00405916 0.177068 -0.0249888\n-1 -0.000526321 -0.000424634\n2\n6 0.479957 0.332787 0.0160061\n7 -0.472168 0.332839 0.0158167\n2\n0.00389452 0.332813 0.0159114\n-1 5.46658e-05 -0.000199008\n2\n8 0.440804 -0.436716 -0.221995\n9 -0.429166 -0.445066 -0.225186\n2\n0.00581926 -0.440891 -0.223591\n-0.999947 -0.00959825 -0.00366699\n2\n10 0.334088 -0.398113 0.418893\n11 -0.326109 -0.398945 0.412212\n2\n0.00398954 -0.398529 0.415552\n-0.999948 -0.00125982 -0.0101185\nL 12\n0\n3\n3\n1\n3\n3\n3\n3\n2\n2\n2\n2"
}