{
    "boxes": [
        [
            -0.003162829903885722,
            0.08057060092687607,
            0.10706699639558792,
            0.36751800775527954,
            0.7256699800491333,
            0.7410140037536621,
            0.0025627799332141876,
            0.9994249939918518,
            -0.033805299550294876,
            4.3330201151547953e-05,
            0.033805299550294876,
            0.9994279742240906
        ],
        [
            -0.41821399331092834,
            0.2526699900627136,
            -0.0019666398875415325,
            0.03486499935388565,
            0.3742839992046356,
            0.06900610029697418,
            0.01603589951992035,
            0.9860259890556335,
            -0.16582100093364716,
            -0.10318300127983093,
            0.16658799350261688,
            0.9806129932403564
        ],
        [
            -0.3923340141773224,
            -0.33523499965667725,
            -0.23078599572181702,
            0.9426239728927612,
            0.03609300032258034,
            0.03613220155239105,
            0.04267770051956177,
            0.9837639927864075,
            0.1743209958076477,
            0.4159409999847412,
            -0.17613500356674194,
            0.8921710252761841
        ],
        [
            0.38461199402809143,
            -0.33525601029396057,
            -0.23098500072956085,
            0.9428079724311829,
            0.03636160120368004,
            0.041004400700330734,
            -0.04940769821405411,
            0.9833080172538757,
            0.17511199414730072,
            -0.08496730029582977,
            -0.17882800102233887,
            0.9802049994468689
        ],
        [
            -0.3528200089931488,
            0.21960100531578064,
            -0.20428499579429626,
            0.6670439839363098,
            0.11714799702167511,
            0.0800705999135971,
            0.09974750131368637,
            0.9776250123977661,
            -0.18520000576972961,
            -0.5340800285339355,
            0.209647998213768,
            0.8190280199050903
        ],
        [
            -0.0032379499170929193,
            0.36270400881767273,
            -0.2349500060081482,
            0.38562101125717163,
            0.12530399858951569,
            0.7762799859046936,
            0.003108750097453594,
            0.9460009932518005,
            -0.3241499960422516,
            0.004351379815489054,
            0.32413598895072937,
            0.9460009932518005
        ],
        [
            -0.003540599951520562,
            0.5095919966697693,
            -0.2738560140132904,
            0.07550740242004395,
            0.14308400452136993,
            0.763496994972229,
            -0.00013848699745722115,
            0.9011290073394775,
            0.43355101346969604,
            3.1581901566823944e-05,
            -0.43355101346969604,
            0.9011290073394775
        ]
    ],
    "ops": [
        [
            0,
            0,
            2,
            1,
            0,
            0,
            1,
            2,
            1,
            0,
            2,
            0,
            0,
            1,
            1,
            1
        ]
    ],
    "syms": [
        [
            0.0,
            1.0,
            1.9154700567014515e-05,
            0.00011684600031003356,
            -0.003752460004761815,
            0.2526780068874359,
            -0.0019182199612259865,
            0.0
        ],
        [
            0.0,
            0.07457569986581802,
            -0.12557099759578705,
            0.9892780184745789,
            -0.36646100878715515,
            -0.37880000472068787,
            0.11242999881505966,
            0.0
        ],
        [
            0.0,
            0.9999880194664001,
            0.004677869845181704,
            0.0013352299574762583,
            -0.0025252599734812975,
            0.22123999893665314,
            -0.20381799340248108,
            0.0
        ]
    ],
    "labels:": [
        [
            1,
            3,
            2,
            2,
            0,
            0,
            0
        ]
    ],
    "obj": 37773,
    "mat_index": 2301,
    "obbs": "N 11\n-0.00323795 0.362704 -0.23495 0.999986 -0.00435138 -0.00310875 0.00435138 0.324136 0.946001 -0.00310875 -0.946001 0.32415 0.77628 0.125304 0.385621\n-0.0035406 0.509592 -0.273856 -3.15819e-05 0.433551 -0.901129 -0.000138487 0.901129 0.433551 1 0.000138487 3.15819e-05 0.143084 0.0755074 0.763497\n-0.00316283 0.0805706 0.107067 0.999997 -0.00256278 4.33302e-05 0.00256278 0.999425 -0.0338053 4.33302e-05 0.0338053 0.999428 0.741014 0.367518 0.72567\n0.34777 0.222878 -0.20335 -0.579554 -0.205588 -0.788575 0.809783 -0.0366625 -0.585582 0.0914773 -0.977952 0.187729 0.111543 0.0834194 0.660664\n-0.35282 0.219601 -0.204285 0.53408 -0.209648 -0.819028 0.839529 0.0172158 0.543042 -0.0997475 -0.977625 0.1852 0.117148 0.0800706 0.667044\n0.410709 0.252686 -0.00186979 0.993444 0.0386294 -0.107592 -0.055394 0.985967 -0.15748 0.0999985 0.162407 0.981644 0.0691685 0.0346595 0.374234\n-0.418214 0.25267 -0.00196664 -0.994533 -0.00138488 -0.104413 0.0160359 0.986026 -0.165821 0.103183 -0.166588 -0.980613 0.0690061 0.034865 0.374284\n-0.392334 -0.335235 -0.230786 0.0426777 0.983764 0.174321 0.415941 -0.176135 0.892171 0.90839 0.0344314 -0.416704 0.942624 0.036093 0.0361322\n0.384612 -0.335256 -0.230985 -0.0494077 0.983308 0.175112 -0.0849673 -0.178828 0.980205 0.995158 0.0335509 0.0923845 0.942808 0.0363616 0.0410044\n0.333746 -0.422299 0.455608 -0.0301982 0.998357 -0.0486895 -0.300319 0.0373986 0.953105 0.953361 0.0434045 0.298697 0.755532 0.0338521 0.0524653\n-0.340588 -0.422365 0.455646 0.0706953 0.996225 -0.050381 -0.36183 0.0726785 0.929407 0.92956 -0.0474753 0.365602 0.755279 0.0341322 0.0462459\nC 27\n0 2\n0 7\n0 3\n0 4\n0 5\n0 8\n0 1\n0 6\n1 3\n1 6\n1 2\n1 5\n1 4\n2 8\n2 5\n2 9\n2 6\n2 10\n2 3\n2 7\n2 4\n3 5\n3 8\n4 7\n4 6\n5 8\n6 7\nS 4\n2\n3 0.34777 0.222878 -0.20335\n4 -0.35282 0.219601 -0.204285\n2\n-0.00252526 0.22124 -0.203818\n-0.999988 -0.00467787 -0.00133523\n2\n5 0.410709 0.252686 -0.00186979\n6 -0.418214 0.25267 -0.00196664\n2\n-0.00375246 0.252678 -0.00191822\n-1 -1.91547e-05 -0.000116846\n2\n7 -0.392334 -0.335235 -0.230786\n10 -0.340588 -0.422365 0.455646\n2\n-0.366461 -0.3788 0.11243\n0.0745757 -0.125571 0.989278\n2\n8 0.384612 -0.335256 -0.230985\n9 0.333746 -0.422299 0.455608\n2\n0.359179 -0.378778 0.112312\n-0.0732985 -0.125431 0.989391\nL 11\n0\n0\n1\n0\n0\n3\n3\n2\n2\n2\n2"
}