{
    "boxes": [
        [
            0.004783280193805695,
            -0.006057600025087595,
            0.4078409969806671,
            0.12754599750041962,
            0.884876012802124,
            0.731095016002655,
            -0.0022739300038665533,
            0.9614310264587402,
            -0.2750369906425476,
            -0.0003188560076523572,
            0.2750369906425476,
            0.961434006690979
        ],
        [
            0.005933959968388081,
            -0.2228340059518814,
            0.19879600405693054,
            0.34827399253845215,
            1.4333000183105469,
            0.7406589984893799,
            -0.02837890014052391,
            0.9734950065612793,
            -0.22694100439548492,
            -0.003263419959694147,
            0.22694100439548492,
            0.9739030003547668
        ],
        [
            0.005607659928500652,
            0.2783229947090149,
            -0.3406260013580322,
            1.016819953918457,
            0.23102499544620514,
            0.7420589923858643,
            -0.01266419980674982,
            0.792809009552002,
            -0.6093389987945557,
            -0.025700800120830536,
            0.6089280247688293,
            0.792809009552002
        ],
        [
            0.006485419813543558,
            0.11067599803209305,
            -0.32690098881721497,
            0.32821500301361084,
            1.2638800144195557,
            0.7451149821281433,
            -0.02402069978415966,
            0.7273849844932556,
            0.6858100295066833,
            0.009536740370094776,
            -0.6858100295066833,
            0.7277190089225769
        ]
    ],
    "ops": [
        [
            0,
            0,
            1,
            0,
            0,
            1,
            1
        ]
    ],
    "syms": [
        [
            0.0,
            0.0,
            0.0,
            0.0,
            0.0,
            0.0,
            0.0,
            0.0
        ]
    ],
    "labels:": [
        [
            1,
            2,
            0,
            0
        ]
    ],
    "obj": 37777,
    "mat_index": 2305,
    "obbs": "N 4\n0.00560766 0.278323 -0.340626 -0.0126642 0.792809 -0.609339 -0.0257008 0.608928 0.792809 0.999589 0.0257008 0.0126642 1.01682 0.231025 0.742059\n0.00593396 -0.222834 0.198796 0.999592 0.0283789 -0.00326342 -0.0283789 0.973495 -0.226941 -0.00326342 0.226941 0.973903 0.740659 0.348274 1.4333\n0.00478328 -0.0060576 0.407841 0.999997 0.00227393 -0.000318856 -0.00227393 0.961431 -0.275037 -0.000318856 0.275037 0.961434 0.731095 0.127546 0.884876\n0.00648542 0.110676 -0.326901 -0.00953674 0.68581 -0.727719 -0.0240207 0.727385 0.68581 0.999666 0.0240207 0.00953674 1.26388 0.328215 0.745115\nC 6\n0 1\n0 3\n0 2\n1 2\n1 3\n2 3\nS 0\nL 4\n0\n2\n1\n0"
}