{
    "boxes": [
        [
            -0.005538499914109707,
            -0.20628400146961212,
            0.07691449671983719,
            0.5085830092430115,
            1.064810037612915,
            1.0902800559997559,
            0.0,
            1.0,
            0.0,
            0.0,
            0.0,
            1.0
        ],
        [
            -0.48938900232315063,
            -0.05884699895977974,
            0.20579800009727478,
            0.8012480139732361,
            0.8070399761199951,
            0.26391199231147766,
            0.0,
            1.0,
            0.0,
            0.0,
            0.0,
            1.0
        ],
        [
            -0.5377389788627625,
            -0.5530480146408081,
            -0.42678898572921753,
            0.19805599749088287,
            0.05738300085067749,
            0.057551298290491104,
            0.17325499653816223,
            0.9848769903182983,
            3.7641699049413977e-19,
            -3.7641699049413977e-19,
            -3.159789873391645e-19,
            1.0
        ],
        [
            -0.5393909811973572,
            -0.5537499785423279,
            0.5774120092391968,
            0.20201300084590912,
            0.05738300085067749,
            0.06081390008330345,
            0.2077070027589798,
            0.9781910181045532,
            -2.6551399580689024e-18,
            2.6551399580689024e-18,
            2.150550065039358e-18,
            1.0
        ],
        [
            -0.005537999793887138,
            0.09387650340795517,
            -0.2754040062427521,
            1.1065800189971924,
            0.4813460111618042,
            1.2401599884033203,
            0.0,
            1.0,
            0.0,
            0.0,
            0.0,
            1.0
        ]
    ],
    "ops": [
        [
            0,
            0,
            2,
            1,
            0,
            0,
            1,
            2,
            1,
            0,
            1
        ]
    ],
    "syms": [
        [
            0.0,
            1.0,
            -0.0003908500075340271,
            2.9340000764932483e-05,
            -0.012223999947309494,
            -0.05903349816799164,
            0.205812007188797,
            0.0
        ],
        [
            0.0,
            1.0,
            -3.239680168576342e-08,
            -0.0,
            -0.0055381301790475845,
            -0.5530480146408081,
            -0.42678898572921753,
            0.0
        ]
    ],
    "labels:": [
        [
            1,
            3,
            2,
            2,
            0
        ]
    ],
    "obj": 37779,
    "mat_index": 2307,
    "obbs": "N 8\n-0.005538 0.0938765 -0.275404 1 0 0 0 1 0 0 0 1 1.24016 1.10658 0.481346\n0.464941 -0.05922 0.205826 1 0 0 0 1 0 0 0 1 0.290644 0.802566 0.806984\n-0.489389 -0.058847 0.205798 1 0 0 0 1 0 0 0 1 0.263912 0.801248 0.80704\n-0.0055385 -0.206284 0.0769145 1 0 0 0 1 0 0 0 1 1.09028 0.508583 1.06481\n0.526662 -0.553048 -0.426789 0.173258 -0.984876 -2.72394e-19 0.984876 0.173258 3.24496e-19 -2.72394e-19 -3.24496e-19 1 0.198056 0.0575503 0.057383\n0.528315 -0.55375 0.577725 0.978148 0.207912 -4.61657e-17 0 2.22045e-16 1 0.207912 -0.978148 2.17192e-16 0.0608501 0.056758 0.202025\n-0.539391 -0.55375 0.577412 -0.207707 -0.978191 2.65514e-18 0.978191 -0.207707 -2.15055e-18 2.65514e-18 2.15055e-18 1 0.202013 0.0608139 0.057383\n-0.537739 -0.553048 -0.426789 -0.173255 -0.984877 -3.76417e-19 0.984877 -0.173255 3.15979e-19 -3.76417e-19 -3.15979e-19 1 0.198056 0.0575513 0.057383\nC 15\n0 1\n0 7\n0 4\n0 3\n0 2\n1 3\n1 4\n1 5\n2 7\n2 6\n2 3\n3 6\n3 7\n3 4\n3 5\nS 3\n2\n1 0.464941 -0.05922 0.205826\n2 -0.489389 -0.058847 0.205798\n2\n-0.012224 -0.0590335 0.205812\n-1 0.00039085 -2.934e-05\n2\n4 0.526662 -0.553048 -0.426789\n7 -0.537739 -0.553048 -0.426789\n2\n-0.00553813 -0.553048 -0.426789\n-1 3.23968e-08 0\n2\n5 0.528315 -0.55375 0.577725\n6 -0.539391 -0.55375 0.577412\n2\n-0.00553824 -0.55375 0.577569\n-1 9.51466e-08 -0.000292684\nL 8\n0\n3\n3\n1\n2\n2\n2\n2"
}