{
    "boxes": [
        [
            0.01092540007084608,
            0.011929299682378769,
            0.08202429860830307,
            0.5443800091743469,
            0.7961999773979187,
            0.7452629804611206,
            -0.0002849989978130907,
            0.9958109855651855,
            -0.09143520146608353,
            -1.305679961660644e-05,
            0.09143520146608353,
            0.9958109855651855
        ],
        [
            0.010927599854767323,
            -0.3513439893722534,
            0.13621999323368073,
            0.29012998938560486,
            0.7080150246620178,
            0.7452800273895264,
            0.0007326520280912519,
            0.9876360297203064,
            -0.1567630022764206,
            5.778350168839097e-05,
            0.1567630022764206,
            0.9876360297203064
        ],
        [
            0.010834500193595886,
            0.3436799943447113,
            -0.38321900367736816,
            0.9069539904594421,
            0.08724059909582138,
            0.7450510263442993,
            -0.00014703899796586484,
            0.9648640155792236,
            -0.2627499997615814,
            -0.00019243500719312578,
            0.2627499997615814,
            0.9648640155792236
        ]
    ],
    "ops": [
        [
            0,
            0,
            1,
            0,
            1
        ]
    ],
    "syms": [
        [
            0.0,
            0.0,
            0.0,
            0.0,
            0.0,
            0.0,
            0.0,
            0.0
        ]
    ],
    "labels:": [
        [
            1,
            2,
            0
        ]
    ],
    "obj": 37791,
    "mat_index": 2314,
    "obbs": "N 3\n0.0108345 0.34368 -0.383219 -0.000147039 0.964864 -0.26275 -0.000192435 0.26275 0.964864 1 0.000192435 0.000147039 0.906954 0.0872406 0.745051\n0.0109276 -0.351344 0.13622 -5.77835e-05 -0.156763 -0.987636 0.000732652 0.987636 -0.156763 1 -0.000732652 5.77835e-05 0.708015 0.29013 0.74528\n0.0109254 0.0119293 0.0820243 1 0.000284999 -1.30568e-05 -0.000284999 0.995811 -0.0914352 -1.30568e-05 0.0914352 0.995811 0.745263 0.54438 0.7962\nC 3\n0 1\n0 2\n1 2\nS 0\nL 3\n0\n2\n1"
}