{
    "boxes": [
        [
            -0.010017399676144123,
            -0.15616300702095032,
            0.25354400277137756,
            0.4206730127334595,
            0.9015880227088928,
            1.0031499862670898,
            0.04336199909448624,
            0.9762060046195984,
            -0.21246400475502014,
            0.00466187996789813,
            0.21246400475502014,
            0.9771580100059509
        ],
        [
            -0.30296799540519714,
            -0.4324600100517273,
            -0.14975500106811523,
            0.21376900374889374,
            0.07866650074720383,
            0.6142889857292175,
            -0.6065080165863037,
            0.7089800238609314,
            0.3598560094833374,
            -0.014202100224792957,
            -0.46219301223754883,
            0.8866649866104126
        ],
        [
            -0.026995999738574028,
            -0.38089901208877563,
            0.20212100446224213,
            0.13853399455547333,
            0.6314229965209961,
            0.07364209741353989,
            8.192179734578531e-07,
            0.9986299872398376,
            0.05233589932322502,
            -2.4395500730634012e-08,
            -0.05233589932322502,
            0.9986299872398376
        ],
        [
            -0.2846910059452057,
            -0.44383299350738525,
            0.5348550081253052,
            0.21395400166511536,
            0.08068759739398956,
            0.5804970264434814,
            -0.5396080017089844,
            0.7949450016021729,
            -0.2772830128669739,
            0.008444979786872864,
            0.33444198966026306,
            0.9423779845237732
        ],
        [
            -0.018307499587535858,
            0.2540909945964813,
            -0.3155269920825958,
            0.8103910088539124,
            0.4139229953289032,
            0.8520709872245789,
            4.191349844973047e-08,
            0.9562079906463623,
            -0.2926889955997467,
            5.6662599945411785e-08,
            0.2926889955997467,
            0.9562079906463623
        ],
        [
            -0.011985200457274914,
            0.18742699921131134,
            -0.31061598658561707,
            0.8573729991912842,
            0.37625399231910706,
            1.006060004234314,
            0.023225700482726097,
            0.9827839732170105,
            -0.18329499661922455,
            0.02794869989156723,
            0.18263499438762665,
            0.9827839732170105
        ]
    ],
    "ops": [
        [
            0,
            0,
            2,
            0,
            0,
            2,
            1,
            1,
            1,
            0,
            0,
            1,
            1
        ]
    ],
    "syms": [
        [
            0.0,
            0.9999960064888,
            -0.0019297200487926602,
            0.002204919932410121,
            -0.029109599068760872,
            -0.4329890012741089,
            -0.1491509974002838,
            0.0
        ],
        [
            0.0,
            0.9999849796295166,
            -0.0017592000076547265,
            0.005227319896221161,
            -0.0258347000926733,
            -0.4442889988422394,
            0.5362079739570618,
            0.0
        ]
    ],
    "labels:": [
        [
            1,
            2,
            2,
            2,
            0,
            0
        ]
    ],
    "obj": 37794,
    "mat_index": 2316,
    "obbs": "N 8\n-0.0183075 0.254091 -0.315527 1 -5.66626e-08 -4.19135e-08 5.66626e-08 0.292689 0.956208 -4.19135e-08 -0.956208 0.292689 0.852071 0.413923 0.810391\n-0.026996 -0.380899 0.202121 -8.19218e-07 -0.99863 -0.0523359 1 -8.19372e-07 -1.85124e-08 -2.43955e-08 -0.0523359 0.99863 0.138534 0.0736421 0.631423\n-0.0100174 -0.156163 0.253544 0.999049 -0.043362 0.00466188 0.043362 0.976206 -0.212464 0.00466188 0.212464 0.977158 1.00315 0.420673 0.901588\n-0.0119852 0.187427 -0.310616 0.999339 -0.0279487 -0.0232257 0.0279487 0.182635 0.982784 -0.0232257 -0.982784 0.183295 1.00606 0.376254 0.857373\n0.233022 -0.444744 0.537561 -0.822805 0.53074 -0.203239 -0.0340573 0.310922 0.949825 0.567302 0.788443 -0.237753 0.582927 0.0847303 0.214851\n-0.284691 -0.443833 0.534855 0.841874 0.506174 -0.187181 0.00844498 0.334442 0.942378 0.539608 -0.794945 0.277283 0.580497 0.0806876 0.213954\n0.244749 -0.433517 -0.148547 -0.806914 0.523924 0.27275 -0.0286403 -0.495927 0.867892 0.589974 0.692503 0.415176 0.622128 0.0825637 0.223709\n-0.302968 -0.43246 -0.149755 -0.606508 0.70898 0.359856 -0.0142021 -0.462193 0.886665 0.794951 0.532659 0.290393 0.213769 0.0786665 0.614289\nC 19\n0 7\n0 6\n0 3\n0 2\n1 2\n1 3\n1 4\n1 5\n1 6\n1 7\n2 7\n2 6\n2 4\n2 3\n2 5\n3 6\n3 7\n4 5\n6 7\nS 2\n2\n4 0.233022 -0.444744 0.537561\n5 -0.284691 -0.443833 0.534855\n2\n-0.0258347 -0.444289 0.536208\n-0.999985 0.0017592 -0.00522732\n2\n6 0.244749 -0.433517 -0.148547\n7 -0.302968 -0.43246 -0.149755\n2\n-0.0291096 -0.432989 -0.149151\n-0.999996 0.00192972 -0.00220492\nL 8\n0\n2\n1\n0\n2\n2\n2\n2"
}