{
    "boxes": [
        [
            -0.002969499910250306,
            -0.08577650040388107,
            0.08861549943685532,
            0.1746170073747635,
            0.666441023349762,
            0.7328190207481384,
            0.0,
            1.0,
            0.0,
            0.0,
            0.0,
            1.0
        ],
        [
            -0.4089660048484802,
            0.12931300699710846,
            0.2987059950828552,
            0.462444007396698,
            0.13505500555038452,
            0.10575799643993378,
            0.008717799559235573,
            0.8411769866943359,
            -0.5406889915466309,
            -0.12741099298000336,
            0.5372369885444641,
            0.8337519764900208
        ],
        [
            0.40779298543930054,
            0.13239000737667084,
            0.2939000129699707,
            0.43203800916671753,
            0.13969600200653076,
            0.13435600697994232,
            0.03301059827208519,
            0.824832022190094,
            -0.5644130110740662,
            0.5644130110740662,
            0.45066899061203003,
            0.691618025302887
        ],
        [
            -0.391959011554718,
            0.3343670070171356,
            -0.03447730094194412,
            0.07938479632139206,
            0.5198969841003418,
            0.13138900697231293,
            -0.2685990035533905,
            0.9632089734077454,
            -0.009085549972951412,
            -0.15191300213336945,
            -0.03304449841380119,
            0.987841010093689
        ],
        [
            -0.30611100792884827,
            -0.4054889976978302,
            -0.2799359858036041,
            0.8255590200424194,
            0.12645499408245087,
            0.10587199777364731,
            0.0032647699117660522,
            0.9809250235557556,
            0.1943580061197281,
            0.2999570071697235,
            -0.18636900186538696,
            0.935571014881134
        ],
        [
            0.40051499009132385,
            -0.3967050015926361,
            0.41634100675582886,
            0.804302990436554,
            0.10194700211286545,
            0.08584599941968918,
            0.0,
            1.0,
            0.0,
            0.0,
            0.0,
            1.0
        ],
        [
            -0.2635209858417511,
            0.07635179907083511,
            -0.23436400294303894,
            0.26926499605178833,
            0.08743800222873688,
            0.09193690121173859,
            0.46910199522972107,
            0.8687329888343811,
            -0.1588899940252304,
            0.08158870041370392,
            0.13651399314403534,
            0.9872729778289795
        ],
        [
            -0.007129000034183264,
            0.4357529878616333,
            -0.31589800119400024,
            0.7532690167427063,
            0.12936599552631378,
            0.5978000164031982,
            -1.0436999708929307e-08,
            0.9565979838371277,
            -0.29140999913215637,
            -1.4090000277633408e-08,
            0.29140999913215637,
            0.9565979838371277
        ],
        [
            -0.007129000034183264,
            0.4351600110530853,
            -0.31334400177001953,
            0.7113680243492126,
            0.10989099740982056,
            0.5679100155830383,
            -1.5646900664023633e-08,
            0.9570840001106262,
            -0.289808988571167,
            -2.1086499657485547e-08,
            0.289808988571167,
            0.9570840001106262
        ]
    ],
    "ops": [
        [
            0,
            0,
            0,
            0,
            2,
            1,
            1,
            1,
            0,
            0,
            1,
            2,
            1,
            0,
            2,
            0,
            0,
            1,
            1,
            1
        ]
    ],
    "syms": [
        [
            0.0,
            0.9999719858169556,
            -0.006507540121674538,
            0.00361626991070807,
            -0.002274960046634078,
            0.3318310081958771,
            -0.03306810185313225,
            0.0
        ],
        [
            0.0,
            1.0,
            0.0009641119977459311,
            2.6364899895270355e-05,
            -0.0007391889812424779,
            -0.4051949977874756,
            -0.2799279987812042,
            0.0
        ],
        [
            0.0,
            0.9999369978904724,
            -0.011245200410485268,
            0.0006928240181878209,
            -0.0031494100112468004,
            0.07342369854450226,
            -0.23418299853801727,
            0.0
        ]
    ],
    "labels:": [
        [
            1,
            3,
            3,
            3,
            2,
            2,
            0,
            0,
            0
        ]
    ],
    "obj": 37796,
    "mat_index": 2318,
    "obbs": "N 13\n-0.007129 0.435753 -0.315898 1 1.409e-08 1.0437e-08 -1.409e-08 0.29141 0.956598 1.0437e-08 -0.956598 0.29141 0.5978 0.129366 0.753269\n-0.0029695 -0.0857765 0.0886155 1 0 0 0 1 0 0 0 1 0.732819 0.174617 0.666441\n0.407793 0.13239 0.2939 -0.0330106 -0.824832 0.564413 0.824832 -0.341393 -0.450669 0.564413 0.450669 0.691618 0.432038 0.134356 0.139696\n-0.408966 0.129313 0.298706 0.127411 -0.537237 -0.833752 0.991812 0.0616212 0.111859 -0.0087178 -0.841177 0.540689 0.135055 0.105758 0.462444\n0.387409 0.329295 -0.0316588 0.956518 -0.204049 -0.208417 0.209648 0.977765 0.00489566 0.202784 -0.048377 0.978028 0.132997 0.0839505 0.532177\n-0.391959 0.334367 -0.0344773 0.151913 0.0330445 -0.987841 -0.268599 0.963209 -0.00908555 0.951197 0.266714 0.1552 0.519897 0.0793848 0.131389\n-0.263521 0.0763518 -0.234364 -0.879367 0.476095 0.00683966 0.0815887 0.136514 0.987273 0.469102 0.868733 -0.15889 0.0919369 0.087438 0.269265\n0.257222 0.0704956 -0.234003 0.872411 0.487066 -0.040808 -0.0443652 0.162057 0.985784 0.486755 -0.858198 0.162989 0.0913112 0.0853624 0.278139\n-0.306111 -0.405489 -0.279936 0.00326477 0.980925 0.194358 0.299957 -0.186369 0.935571 0.953947 0.0552445 -0.294844 0.825559 0.126455 0.105872\n0.304633 -0.4049 -0.27992 -0.962259 0.0332395 -0.270097 -0.271296 -0.195042 0.942527 -0.021351 0.980232 0.196698 0.111374 0.128467 0.827292\n0.400515 -0.396705 0.416341 1 0 0 0 1 0 0 0 1 0.085846 0.804303 0.101947\n-0.406009 -0.401875 0.427935 1 0 0 0 1 0 0 0 1 0.08474 0.793963 0.078756\n-0.007129 0.43516 -0.313344 1 2.10865e-08 1.56469e-08 -2.10865e-08 0.289809 0.957084 1.56469e-08 -0.957084 0.289809 0.56791 0.109891 0.711368\nC 31\n0 7\n0 4\n0 12\n0 5\n0 8\n0 1\n0 6\n0 9\n1 3\n1 6\n1 11\n1 2\n1 10\n1 9\n1 12\n1 8\n1 7\n2 10\n2 4\n3 11\n3 5\n4 7\n4 12\n5 6\n5 12\n6 12\n6 8\n7 12\n7 9\n8 12\n9 12\nS 4\n2\n4 0.387409 0.329295 -0.0316588\n5 -0.391959 0.334367 -0.0344773\n2\n-0.00227496 0.331831 -0.0330681\n-0.999972 0.00650754 -0.00361627\n2\n6 -0.263521 0.0763518 -0.234364\n7 0.257222 0.0704956 -0.234003\n2\n-0.00314941 0.0734237 -0.234183\n0.999937 -0.0112452 0.000692824\n2\n8 -0.306111 -0.405489 -0.279936\n9 0.304633 -0.4049 -0.27992\n2\n-0.000739189 -0.405195 -0.279928\n1 0.000964112 2.63649e-05\n2\n10 0.400515 -0.396705 0.416341\n11 -0.406009 -0.401875 0.427935\n2\n-0.002747 -0.39929 0.422138\n-0.999876 -0.00640943 0.0143741\nL 13\n0\n1\n3\n3\n3\n3\n0\n0\n2\n2\n2\n2\n0"
}