{
    "boxes": [
        [
            -0.008372999727725983,
            -0.009866500273346901,
            0.09280049800872803,
            0.1002269983291626,
            0.7437450289726257,
            0.7265999913215637,
            0.0,
            1.0,
            0.0,
            0.0,
            0.0,
            1.0
        ],
        [
            -0.30501100420951843,
            -0.5806859731674194,
            0.07774549722671509,
            0.046549998223781586,
            0.6462370157241821,
            0.015937000513076782,
            -0.0008068580063991249,
            0.9999740123748779,
            0.007215539924800396,
            -0.1117440015077591,
            -0.007260510232299566,
            0.993710994720459
        ],
        [
            -0.268779993057251,
            -0.3812440037727356,
            -0.26633399724960327,
            0.7945110201835632,
            0.06286899745464325,
            0.061873000115156174,
            0.0,
            1.0,
            0.0,
            0.0,
            0.0,
            1.0
        ],
        [
            -0.00834800023585558,
            -0.5837339758872986,
            0.12182500213384628,
            0.01599299907684326,
            0.05175499990582466,
            0.5930560231208801,
            -0.0,
            1.0,
            0.0,
            0.0,
            0.0,
            1.0
        ],
        [
            -0.33021101355552673,
            -0.3777090013027191,
            0.42091500759124756,
            0.799659013748169,
            0.059974998235702515,
            0.05997399985790253,
            0.0,
            1.0,
            0.0,
            0.0,
            0.0,
            1.0
        ],
        [
            0.09710290282964706,
            0.5032709836959839,
            -0.3080559968948364,
            0.5562329888343811,
            0.030879899859428406,
            0.0284550990909338,
            0.005111380014568567,
            0.9908199906349182,
            -0.13508999347686768,
            0.5119280219078064,
            0.11345499753952026,
            0.8515030145645142
        ],
        [
            -0.0749048963189125,
            0.5011460185050964,
            -0.30612900853157043,
            0.5510389804840088,
            0.018870899453759193,
            0.02822979912161827,
            -0.017796799540519714,
            0.9884210228919983,
            -0.1506890058517456,
            -0.08151079714298248,
            0.14877699315547943,
            0.985505998134613
        ],
        [
            -0.20255599915981293,
            0.5061450004577637,
            -0.3066219985485077,
            0.561523973941803,
            0.025623800233006477,
            0.02578040026128292,
            0.0009527209913358092,
            0.9907289743423462,
            -0.13585099577903748,
            0.08416219800710678,
            0.1352889984846115,
            0.9872249960899353
        ],
        [
            -0.15999199450016022,
            0.5036590099334717,
            -0.3063470125198364,
            0.5565209984779358,
            0.01871119998395443,
            0.026297900825738907,
            0.0015845299931243062,
            0.9889619946479797,
            -0.148158997297287,
            -0.008220580406486988,
            0.14816699922084808,
            0.9889280200004578
        ],
        [
            -0.11507099866867065,
            0.5038579702377319,
            -0.3053480088710785,
            0.5564500093460083,
            0.03107140026986599,
            0.023290200158953667,
            -0.010454599745571613,
            0.9914439916610718,
            -0.13011300563812256,
            -0.3488990068435669,
            0.11832600086927414,
            0.9296600222587585
        ],
        [
            0.05595859885215759,
            0.5037369728088379,
            -0.3070429861545563,
            0.5565779805183411,
            0.03460570052266121,
            0.03132740035653114,
            -0.01642029918730259,
            0.9875079989433289,
            -0.15671099722385406,
            0.6880199909210205,
            0.12488400191068649,
            0.7148650288581848
        ],
        [
            -0.008087149821221828,
            0.806427001953125,
            -0.3519099950790405,
            0.09749049693346024,
            0.021467899903655052,
            0.4928489923477173,
            -0.005679289810359478,
            0.9889010190963745,
            -0.1484690010547638,
            -0.006595479790121317,
            0.14843200147151947,
            0.9889010190963745
        ],
        [
            -0.2741200029850006,
            0.4498339891433716,
            -0.3203270137310028,
            0.9067050218582153,
            0.08090589940547943,
            0.07117880135774612,
            -0.013358299620449543,
            0.9905070066452026,
            -0.13681000471115112,
            0.1642560064792633,
            0.13713699579238892,
            0.9768379926681519
        ]
    ],
    "ops": [
        [
            0,
            0,
            0,
            1,
            2,
            0,
            0,
            2,
            1,
            1,
            1,
            0,
            0,
            1,
            0,
            0,
            1,
            2,
            1,
            0,
            0,
            1,
            2,
            0,
            2,
            0,
            2,
            1,
            1,
            1,
            1
        ]
    ],
    "syms": [
        [
            0.0,
            0.9999690055847168,
            -0.007894789800047874,
            -0.00036433301283977926,
            -0.008360129781067371,
            -0.5830280184745789,
            0.07763739675283432,
            0.0
        ],
        [
            0.0,
            1.0,
            0.0,
            0.0,
            -0.00834800023585558,
            -0.3777090013027191,
            0.42091500759124756,
            0.0
        ],
        [
            0.0,
            0.9999449849128723,
            -0.010448900051414967,
            -6.944659980945289e-05,
            -0.09604539722204208,
            0.5050320029258728,
            -0.3066299855709076,
            0.0
        ],
        [
            0.0,
            0.9999840259552002,
            -0.0052943602204322815,
            -0.0018671200377866626,
            0.03268330171704292,
            0.5030760169029236,
            -0.30562400817871094,
            0.0
        ],
        [
            0.0,
            0.0004502400115597993,
            0.9893680214881897,
            -0.14543600380420685,
            -0.00821757037192583,
            0.5198270082473755,
            -0.3097809851169586,
            0.0
        ],
        [
            0.0,
            0.9999960064888,
            0.002692640060558915,
            0.0011295699514448643,
            -0.010402300395071507,
            0.45054399967193604,
            -0.32002899050712585,
            0.0
        ]
    ],
    "labels:": [
        [
            1,
            2,
            2,
            2,
            2,
            0,
            0,
            0,
            0,
            0,
            0,
            0,
            0
        ]
    ],
    "obj": 37798,
    "mat_index": 2319,
    "obbs": "N 22\n-0.00808715 0.806427 -0.35191 -0.00567929 0.988901 -0.148469 -0.00659548 0.148432 0.988901 0.999962 0.00659548 0.00567929 0.0974905 0.0214679 0.492849\n-0.008348 0.233227 -0.267651 1 0 0 -0 0.208523 0.978018 0 -0.978018 0.208523 0.468232 0.0193595 0.121847\n-0.008373 -0.0098665 0.0928005 1 0 0 0 1 0 0 0 1 0.7266 0.100227 0.743745\n0.180437 0.502293 -0.3059 -0.429309 -0.124654 -0.894514 0.903147 -0.0641006 -0.424519 -0.00442091 -0.990128 0.1401 0.0261107 0.0225268 0.553545\n0.139216 0.503219 -0.306613 -0.0124855 0.991785 -0.127302 0.890462 0.0689454 0.449805 0.454887 -0.107742 -0.884008 0.555474 0.0263736 0.0342554\n0.0971029 0.503271 -0.308056 -0.00511138 -0.99082 0.13509 0.859013 -0.0735088 -0.506649 0.511928 0.113455 0.851503 0.556233 0.0284551 0.0308799\n0.0559586 0.503737 -0.307043 0.0164203 -0.987508 0.156711 0.725506 -0.0960818 -0.681476 0.68802 0.124884 0.714865 0.556578 0.0313274 0.0346057\n0.0104647 0.503919 -0.306637 -0.0773715 -0.128854 -0.988641 0.997002 -0.00955812 -0.0767801 0.000443875 -0.991618 0.129207 0.0289813 0.0235534 0.556755\n-0.0322521 0.501219 -0.305947 0.99946 -0.0248919 -0.0214487 0.0248919 0.147476 0.988752 -0.0214487 -0.988752 0.148016 0.0295995 0.0189689 0.551199\n-0.0749049 0.501146 -0.306129 -0.0177968 0.988421 -0.150689 -0.0815108 0.148777 0.985506 0.996514 0.0298217 0.0779192 0.551039 0.0188709 0.0282298\n-0.115071 0.503858 -0.305348 0.348899 -0.118326 -0.92966 0.937102 0.0551156 0.344677 0.0104546 -0.991444 0.130113 0.0310714 0.0232902 0.55645\n-0.159992 0.503659 -0.306347 0.00158453 0.988962 -0.148159 0.999965 -0.000349029 0.00836462 0.00822058 -0.148167 -0.988928 0.556521 0.0262979 0.0187112\n-0.202556 0.506145 -0.306622 -0.0841622 -0.135289 -0.987225 0.996452 -0.012374 -0.083253 -0.000952721 -0.990729 0.135851 0.0256238 0.0257804 0.561524\n0.288291 -0.58537 0.0775293 -0.108358 -0.0038525 -0.994104 0.994112 5.35039e-06 -0.108359 0.000422772 -0.999993 0.00382923 0.646501 0.0180525 0.0443556\n-0.008348 -0.583734 0.121825 1 0 -0 -0 1 0 0 0 1 0.593056 0.015993 0.051755\n-0.305011 -0.580686 0.0777455 -0.000806858 0.999974 0.00721554 0.993737 -4.50678e-06 0.111746 0.111744 0.00726051 -0.993711 0.04655 0.015937 0.646237\n0.251982 -0.38125 -0.266323 1 0 0 0 1 0 0 0 1 0.061742 0.794499 0.062847\n-0.26878 -0.381244 -0.266334 1 0 0 0 1 0 0 0 1 0.061873 0.794511 0.062869\n-0.330211 -0.377709 0.420915 1 0 0 0 1 0 0 0 1 0.059974 0.799659 0.059975\n0.313515 -0.377709 0.420915 1 0 0 0 1 0 0 0 1 0.059974 0.799659 0.059975\n0.253315 0.451254 -0.319731 -0.937696 -0.0433834 -0.344737 -0.347435 0.128175 0.928903 0.00388762 0.990802 -0.135262 0.0822216 0.0874672 0.903937\n-0.27412 0.449834 -0.320327 0.986327 -0.00942294 -0.164529 0.164256 0.137137 0.976838 0.0133583 -0.990507 0.13681 0.0711788 0.0809059 0.906705\nC 110\n0 20\n0 7\n0 10\n0 4\n0 21\n0 11\n0 5\n0 8\n0 12\n0 6\n0 9\n0 3\n1 17\n1 6\n1 11\n1 12\n1 21\n1 16\n1 5\n1 10\n1 3\n1 20\n1 4\n1 9\n1 7\n1 2\n1 8\n2 5\n2 6\n2 17\n2 11\n2 18\n2 12\n2 7\n2 8\n2 19\n2 20\n2 3\n2 4\n2 9\n2 16\n2 10\n2 21\n3 7\n3 6\n3 5\n3 16\n3 9\n3 4\n3 20\n3 8\n4 10\n4 5\n4 16\n4 6\n4 8\n4 7\n4 9\n4 20\n5 8\n5 11\n5 10\n5 7\n5 20\n5 16\n5 9\n5 6\n6 9\n6 7\n6 10\n6 11\n6 20\n6 8\n6 12\n7 12\n7 8\n7 21\n7 11\n7 20\n7 10\n7 9\n8 21\n8 12\n8 9\n8 10\n8 20\n8 11\n9 21\n9 11\n9 12\n9 10\n10 17\n10 11\n10 21\n10 12\n11 21\n11 12\n11 17\n12 17\n12 21\n13 16\n13 19\n13 14\n14 18\n14 15\n14 19\n15 18\n15 17\n16 20\n17 21\nS 9\n2\n0 -0.00808715 0.806427 -0.35191\n1 -0.008348 0.233227 -0.267651\n2\n-0.00821757 0.519827 -0.309781\n-0.00045024 -0.989368 0.145436\n2\n12 -0.202556 0.506145 -0.306622\n7 0.0104647 0.503919 -0.306637\n2\n-0.0960454 0.505032 -0.30663\n0.999945 -0.0104489 -6.94466e-05\n2\n11 -0.159992 0.503659 -0.306347\n8 -0.0322521 0.501219 -0.305947\n2\n-0.0961222 0.502439 -0.306147\n0.999813 -0.019098 0.00313326\n2\n10 -0.115071 0.503858 -0.305348\n3 0.180437 0.502293 -0.3059\n2\n0.0326833 0.503076 -0.305624\n0.999984 -0.00529436 -0.00186712\n2\n6 0.0559586 0.503737 -0.307043\n4 0.139216 0.503219 -0.306613\n2\n0.0975871 0.503478 -0.306828\n0.999967 -0.00621437 0.00516653\n2\n13 0.288291 -0.58537 0.0775293\n15 -0.305011 -0.580686 0.0777455\n2\n-0.00836013 -0.583028 0.0776374\n-0.999969 0.00789479 0.000364333\n2\n16 0.251982 -0.38125 -0.266323\n17 -0.26878 -0.381244 -0.266334\n2\n-0.00839925 -0.381247 -0.266328\n-1 1.15216e-05 -2.11229e-05\n2\n18 -0.330211 -0.377709 0.420915\n19 0.313515 -0.377709 0.420915\n2\n-0.008348 -0.377709 0.420915\n1 0 0\n2\n20 0.253315 0.451254 -0.319731\n21 -0.27412 0.449834 -0.320327\n2\n-0.0104023 0.450544 -0.320029\n-0.999996 -0.00269264 -0.00112957\nL 22\n0\n0\n1\n0\n0\n0\n0\n0\n0\n0\n0\n0\n0\n2\n2\n2\n2\n2\n2\n2\n0\n0"
}