{
    "boxes": [
        [
            -0.030352000147104263,
            -0.11215800046920776,
            0.11043699830770493,
            0.25161799788475037,
            0.9037479758262634,
            0.9294120073318481,
            0.0,
            1.0,
            0.0,
            0.0,
            0.0,
            1.0
        ],
        [
            -0.47807300090789795,
            0.021740399301052094,
            0.4418160021305084,
            0.47496798634529114,
            0.07332109659910202,
            0.07225009799003601,
            0.02902269922196865,
            0.9778820276260376,
            -0.20713399350643158,
            -0.3448230028152466,
            0.20429499447345734,
            0.9161660075187683
        ],
        [
            0.39855098724365234,
            0.022749800235033035,
            0.5065979957580566,
            0.473114013671875,
            0.08146929740905762,
            0.07798799872398376,
            0.02800079993903637,
            0.9760310053825378,
            -0.21582399308681488,
            -0.4670659899711609,
            0.20366500318050385,
            0.8604469895362854
        ],
        [
            -0.436706006526947,
            0.23931099474430084,
            0.07766109704971313,
            0.06893370300531387,
            0.6874880194664001,
            0.06355039775371552,
            0.006763970013707876,
            0.9901949763298035,
            -0.13952599465847015,
            -0.10405399650335312,
            0.1394689977169037,
            0.9847440123558044
        ],
        [
            -0.48190099000930786,
            -0.4858810007572174,
            0.5073230266571045,
            0.6144890189170837,
            0.06774509698152542,
            0.05783259868621826,
            0.011135400272905827,
            0.9977269768714905,
            -0.0664651021361351,
            -0.04405679926276207,
            0.06689420342445374,
            0.9967870116233826
        ],
        [
            -0.3790009915828705,
            -0.4912259876728058,
            -0.4104900062084198,
            0.6330459713935852,
            0.07742299884557724,
            0.07370109856128693,
            -0.025502700358629227,
            0.9473180174827576,
            0.31927698850631714,
            0.46426400542259216,
            -0.27162501215934753,
            0.8430179953575134
        ],
        [
            0.4291130006313324,
            -0.5159839987754822,
            -0.3600830137729645,
            0.5803589820861816,
            0.06000610068440437,
            0.05214099958539009,
            -0.024065399542450905,
            0.949675977230072,
            0.31230899691581726,
            -0.09300229698419571,
            -0.31317099928855896,
            0.9451320171356201
        ],
        [
            0.019579699262976646,
            0.23804700374603271,
            -0.31211599707603455,
            0.7434689998626709,
            0.19050699472427368,
            0.7796729803085327,
            -0.011718099936842918,
            0.9829879999160767,
            -0.1832980066537857,
            -0.07701429724693298,
            0.181878000497818,
            0.9803000092506409
        ],
        [
            -0.38523998856544495,
            0.17818200588226318,
            -0.32555100321769714,
            0.8299180269241333,
            0.14195400476455688,
            0.05446070060133934,
            0.0020740199834108353,
            0.9960939884185791,
            -0.08827970176935196,
            -0.06878220289945602,
            0.08821289986371994,
            0.99372398853302
        ]
    ],
    "ops": [
        [
            0,
            0,
            0,
            0,
            2,
            1,
            1,
            1,
            0,
            2,
            0,
            0,
            1,
            1,
            1,
            0,
            0,
            2,
            1,
            1
        ]
    ],
    "syms": [
        [
            0.0,
            0.9972720146179199,
            0.000659607001580298,
            0.07381720095872879,
            -0.015557699836790562,
            0.23958900570869446,
            0.10883399844169617,
            0.0
        ],
        [
            0.0,
            0.9973949790000916,
            0.01124459970742464,
            0.071253702044487,
            -0.04298489913344383,
            -0.48093199729919434,
            0.5386790037155151,
            0.0
        ],
        [
            0.0,
            0.9969660043716431,
            -0.01923779956996441,
            0.07542800158262253,
            0.01850459910929203,
            0.1703909933567047,
            -0.2950049936771393,
            0.0
        ]
    ],
    "labels:": [
        [
            1,
            3,
            3,
            3,
            2,
            2,
            2,
            0,
            0
        ]
    ],
    "obj": 37847,
    "mat_index": 2348,
    "obbs": "N 12\n0.0195797 0.238047 -0.312116 -0.0117181 0.982988 -0.183298 -0.0770143 0.181878 0.9803 0.996961 0.0256038 0.0735729 0.743469 0.190507 0.779673\n-0.030352 -0.112158 0.110437 1 0 0 0 1 0 0 0 1 0.929412 0.251618 0.903748\n0.422249 0.1626 -0.264458 0.00126017 0.999197 -0.0400373 0.997908 0.0013311 0.0646288 0.0646303 -0.040035 -0.997106 0.856509 0.0527495 0.140976\n-0.38524 0.178182 -0.325551 0.0687822 -0.0882129 -0.993724 0.99763 0.00401107 0.0686965 -0.00207402 -0.996094 0.0882797 0.141954 0.0544607 0.829918\n0.405591 0.239868 0.140007 -0.000867271 -0.136026 -0.990705 0.0126917 0.990624 -0.136026 0.999919 -0.0126917 0.000867271 0.689051 0.0680763 0.0654897\n-0.436706 0.239311 0.0776611 -0.994549 -0.00785756 -0.103978 0.00676397 0.990195 -0.139526 0.104054 -0.139469 -0.984744 0.0635504 0.0689337 0.687488\n0.398551 0.0227498 0.506598 0.0280008 0.976031 -0.215824 -0.467066 0.203665 0.860447 0.883779 0.0767107 0.461574 0.473114 0.0814693 0.077988\n-0.478073 0.0217404 0.441816 0.0290227 0.977882 -0.207134 -0.344823 0.204295 0.916166 0.938219 0.0448348 0.343125 0.474968 0.0733211 0.0722501\n-0.379001 -0.491226 -0.41049 -0.0255027 0.947318 0.319277 0.464264 -0.271625 0.843018 0.88533 0.169728 -0.432878 0.633046 0.077423 0.0737011\n0.429113 -0.515984 -0.360083 -0.995375 0.00630042 -0.0958586 -0.0930023 -0.313171 0.945132 -0.0240654 0.949676 0.312309 0.052141 0.0600061 0.580359\n0.395931 -0.475984 0.570035 -0.984015 -0.0219189 -0.176733 -0.177758 0.0606161 0.982206 -0.010816 0.99792 -0.0635434 0.0648945 0.0732746 0.634309\n-0.481901 -0.485881 0.507323 -0.998967 0.00817137 -0.0447015 -0.0440568 0.0668942 0.996787 0.0111354 0.997727 -0.0664651 0.0578326 0.0677451 0.614489\nC 25\n0 2\n0 3\n0 4\n0 5\n0 8\n0 1\n0 9\n1 3\n1 6\n1 11\n1 2\n1 5\n1 10\n1 4\n1 9\n1 8\n1 7\n2 9\n2 4\n3 5\n3 8\n4 6\n5 7\n6 10\n7 11\nS 3\n2\n2 0.422249 0.1626 -0.264458\n3 -0.38524 0.178182 -0.325551\n2\n0.0185046 0.170391 -0.295005\n-0.996966 0.0192378 -0.075428\n2\n4 0.405591 0.239868 0.140007\n5 -0.436706 0.239311 0.0776611\n2\n-0.0155577 0.239589 0.108834\n-0.997272 -0.000659607 -0.0738172\n2\n10 0.395931 -0.475984 0.570035\n11 -0.481901 -0.485881 0.507323\n2\n-0.0429849 -0.480932 0.538679\n-0.997395 -0.0112446 -0.0712537\nL 12\n0\n1\n0\n0\n3\n3\n3\n3\n2\n2\n2\n2"
}