{
    "boxes": [
        [
            0.007542999926954508,
            -0.03655799850821495,
            0.133432999253273,
            0.08216200023889542,
            0.7942370176315308,
            0.8124960064888,
            0.0,
            1.0,
            0.0,
            0.0,
            0.0,
            1.0
        ],
        [
            -0.411639004945755,
            0.41153499484062195,
            -0.25492000579833984,
            0.020174000412225723,
            0.02132299914956093,
            0.05460900068283081,
            0.0,
            1.0,
            0.0,
            0.0,
            0.0,
            1.0
        ],
        [
            -0.4724090099334717,
            0.4116609990596771,
            -0.026875000447034836,
            0.047251999378204346,
            0.5487099885940552,
            0.0764710009098053,
            0.0,
            1.0,
            0.0,
            0.0,
            0.0,
            1.0
        ],
        [
            -0.4741699993610382,
            0.14975599944591522,
            0.25789201259613037,
            0.49102699756622314,
            0.059129901230335236,
            0.08503179997205734,
            -0.0245520006865263,
            0.9913169741630554,
            -0.1291780024766922,
            0.15051999688148499,
            0.13141000270843506,
            0.9798340201377869
        ],
        [
            -0.39433398842811584,
            -0.05599899962544441,
            0.28881898522377014,
            0.019564000889658928,
            0.02259800024330616,
            0.09051000326871872,
            0.0,
            1.0,
            0.0,
            0.0,
            0.0,
            1.0
        ],
        [
            -0.3947409987449646,
            -0.019336000084877014,
            0.2826330065727234,
            0.02102000080049038,
            0.022777000442147255,
            0.09099599719047546,
            0.0,
            1.0,
            0.0,
            0.0,
            0.0,
            1.0
        ],
        [
            -0.3680410087108612,
            -0.4519830048084259,
            -0.2597689926624298,
            0.7760509848594666,
            0.09250680357217789,
            0.08513999730348587,
            0.0451165996491909,
            0.9955509901046753,
            0.08271840214729309,
            0.06757479906082153,
            -0.08565449714660645,
            0.9940310120582581
        ],
        [
            0.3833940029144287,
            -0.45409199595451355,
            -0.25439900159835815,
            0.7742769718170166,
            0.08604449778795242,
            0.09165900200605392,
            -0.05335159972310066,
            0.993802011013031,
            0.09752179682254791,
            0.6300259828567505,
            -0.04226969927549362,
            0.775422990322113
        ],
        [
            -0.3269979953765869,
            -0.227961003780365,
            0.07729890197515488,
            0.036343298852443695,
            0.6818879842758179,
            0.08481580018997192,
            0.1317880004644394,
            0.9912779927253723,
            7.415450090775266e-05,
            -0.051884401589632034,
            0.006823210045695305,
            0.9986299872398376
        ],
        [
            -0.37387898564338684,
            -0.4152350127696991,
            0.45566099882125854,
            0.839883029460907,
            0.09013800323009491,
            0.06992900371551514,
            0.0,
            1.0,
            0.0,
            0.0,
            0.0,
            1.0
        ],
        [
            0.011763200163841248,
            0.38179099559783936,
            -0.32371801137924194,
            0.6030830144882202,
            0.15123499929904938,
            0.7575160264968872,
            -0.008589229546487331,
            0.98745197057724,
            -0.15768399834632874,
            -0.010069199837744236,
            0.15759600698947906,
            0.98745197057724
        ],
        [
            -0.3713510036468506,
            0.29107600450515747,
            -0.2721039950847626,
            0.784949004650116,
            0.10093700140714645,
            0.07218360155820847,
            -0.0620277002453804,
            0.9879249930381775,
            -0.14197300374507904,
            0.34637001156806946,
            0.1547130048274994,
            0.9252520203590393
        ]
    ],
    "ops": [
        [
            0,
            0,
            0,
            1,
            0,
            0,
            0,
            1,
            1,
            1,
            2,
            1,
            0,
            0,
            0,
            0,
            1,
            2,
            1,
            1,
            1,
            0,
            0,
            2,
            1,
            1
        ]
    ],
    "syms": [
        [
            0.0,
            0.9999840259552002,
            0.0030480199493467808,
            -0.004739779978990555,
            0.00788899976760149,
            0.4128139913082123,
            -0.25690799951553345,
            0.0
        ],
        [
            0.0,
            0.9986129999160767,
            -0.05265650153160095,
            -7.65354979392896e-09,
            0.009466109797358513,
            -0.24570299685001373,
            0.07729890197515488,
            0.0
        ],
        [
            0.0,
            0.9998769760131836,
            -0.0002221449976786971,
            0.01570579968392849,
            0.006948819849640131,
            0.29099199175834656,
            -0.2661620080471039,
            0.0
        ]
    ],
    "labels:": [
        [
            1,
            3,
            3,
            3,
            3,
            3,
            2,
            2,
            2,
            2,
            0,
            0
        ]
    ],
    "obj": 37853,
    "mat_index": 2352,
    "obbs": "N 20\n0.0117632 0.381791 -0.323718 0.999912 0.0100692 0.00858923 -0.0100692 0.157596 0.987452 0.00858923 -0.987452 0.157684 0.757516 0.151235 0.603083\n-0.394334 -0.055999 0.288819 1 0 0 0 1 0 0 0 1 0.09051 0.019564 0.022598\n-0.394741 -0.019336 0.282633 1 0 0 0 1 0 0 0 1 0.090996 0.02102 0.022777\n-0.411639 0.411535 -0.25492 1 0 0 0 1 0 0 0 1 0.054609 0.020174 0.021323\n0.427416 0.414092 -0.258897 1 0 0 0 1 0 0 0 1 0.055021 0.023169 0.021223\n0.409878 -0.052618 0.283081 1 0 0 0 1 0 0 0 1 0.090135 0.022752 0.025506\n0.409757 -0.0144107 0.279829 0.999997 -0.00173356 -0.0018815 0.00173356 -0.0817134 0.996654 -0.0018815 -0.996654 -0.0817102 0.0901638 0.0231532 0.0228137\n0.007543 -0.036558 0.133433 1 0 0 0 1 0 0 0 1 0.812496 0.082162 0.794237\n0.385248 0.290908 -0.26022 -0.899345 0.0224161 -0.436666 -0.428608 0.152269 0.890567 0.0864537 0.988085 -0.127335 0.0791042 0.0932812 0.78729\n-0.371351 0.291076 -0.272104 -0.0620277 0.987925 -0.141973 0.34637 0.154713 0.925252 0.936045 0.00821601 -0.351785 0.784949 0.100937 0.0721836\n-0.472409 0.411661 -0.026875 1 0 0 0 1 0 0 0 1 0.076471 0.047252 0.54871\n0.488534 0.415064 -0.030625 1 0 0 0 1 0 0 0 1 0.075363 0.047252 0.549078\n-0.47417 0.149756 0.257892 0.988302 0.00461297 -0.152439 0.15052 0.13141 0.979834 0.024552 -0.991317 0.129178 0.0850318 0.0591299 0.491027\n0.487569 0.15343 0.254265 -0.011137 0.989361 -0.145055 -0.0128879 0.144909 0.989361 0.999855 0.0128879 0.011137 0.490376 0.0505229 0.0811478\n0.34593 -0.263444 0.0772989 0.989696 -0.133278 -0.0523387 0.133463 0.991054 4.06981e-05 0.051865 -0.00702557 0.998629 0.0848244 0.0362429 0.681889\n-0.326998 -0.227961 0.0772989 -0.989919 0.131611 -0.0523311 0.131788 0.991278 7.41545e-05 0.0518844 -0.00682321 -0.99863 0.0848158 0.0363433 0.681888\n0.383394 -0.454092 -0.254399 0.774739 0.102811 -0.623866 0.630026 -0.0422697 0.775423 0.0533516 -0.993802 -0.0975218 0.091659 0.0860445 0.774277\n0.388581 -0.415235 0.456048 1 0 0 0 1 0 0 0 1 0.070092 0.839883 0.089976\n-0.373879 -0.415235 0.455661 1 0 0 0 1 0 0 0 1 0.069929 0.839883 0.090138\n-0.368041 -0.451983 -0.259769 -0.0675748 0.0856545 -0.994031 0.996694 -0.0392576 -0.0711386 -0.0451166 -0.995551 -0.0827184 0.0925068 0.08514 0.776051\nC 57\n0 7\n0 16\n0 10\n0 3\n0 9\n0 11\n0 4\n0 8\n0 19\n1 15\n1 2\n1 12\n1 18\n1 7\n2 18\n2 12\n2 7\n2 15\n3 10\n3 9\n4 8\n4 11\n5 6\n5 13\n5 17\n5 7\n5 14\n6 17\n6 14\n6 7\n6 13\n7 12\n7 16\n7 15\n7 19\n7 14\n7 18\n7 9\n7 13\n7 17\n7 8\n8 14\n8 16\n8 11\n9 15\n9 19\n9 10\n10 12\n11 13\n12 18\n12 15\n13 17\n13 14\n14 17\n14 16\n15 19\n15 18\nS 8\n2\n1 -0.394334 -0.055999 0.288819\n5 0.409878 -0.052618 0.283081\n2\n0.00777175 -0.0543085 0.28595\n0.999966 0.00420397 -0.00713469\n2\n2 -0.394741 -0.019336 0.282633\n6 0.409757 -0.0144107 0.279829\n2\n0.00750816 -0.0168733 0.281231\n0.999975 0.00612209 -0.00348639\n2\n3 -0.411639 0.411535 -0.25492\n4 0.427416 0.414092 -0.258897\n2\n0.007889 0.412814 -0.256908\n0.999984 0.00304802 -0.00473978\n2\n8 0.385248 0.290908 -0.26022\n9 -0.371351 0.291076 -0.272104\n2\n0.00694882 0.290992 -0.266162\n-0.999877 0.000222145 -0.0157058\n2\n10 -0.472409 0.411661 -0.026875\n11 0.488534 0.415064 -0.030625\n2\n0.008063 0.413362 -0.02875\n0.999986 0.00354126 -0.00390236\n2\n12 -0.47417 0.149756 0.257892\n13 0.487569 0.15343 0.254265\n2\n0.0066998 0.151593 0.256079\n0.999986 0.00382039 -0.00377064\n2\n14 0.34593 -0.263444 0.0772989\n15 -0.326998 -0.227961 0.0772989\n2\n0.00946611 -0.245703 0.0772989\n-0.998613 0.0526565 7.65355e-09\n2\n17 0.388581 -0.415235 0.456048\n18 -0.373879 -0.415235 0.455661\n2\n0.00735125 -0.415235 0.455854\n-1 0 -0.000507568\nL 20\n0\n3\n3\n3\n3\n3\n3\n1\n0\n0\n3\n3\n3\n3\n2\n2\n2\n2\n2\n2"
}