{
    "boxes": [
        [
            -0.023957300931215286,
            -0.14082500338554382,
            0.1255359947681427,
            0.21170200407505035,
            0.8053550124168396,
            0.7877690196037292,
            -0.007048449944704771,
            0.9997959733009338,
            -0.01893180049955845,
            -6.672659947071224e-05,
            0.01893180049955845,
            0.9998210072517395
        ],
        [
            0.38407400250434875,
            0.006883590016514063,
            0.412092000246048,
            0.4558899998664856,
            0.06992310285568237,
            0.09686899930238724,
            -0.008045130409300327,
            0.9846760034561157,
            -0.17420899868011475,
            0.17675000429153442,
            0.17287200689315796,
            0.9689549803733826
        ],
        [
            -0.39588600397109985,
            0.18689900636672974,
            0.08643490076065063,
            0.07289019972085953,
            0.6337460279464722,
            0.0937248021364212,
            -0.05471130087971687,
            0.9889360070228577,
            -0.13788700103759766,
            -0.05604499951004982,
            0.13483500480651855,
            0.9892820119857788
        ],
        [
            -0.3530699908733368,
            -0.4390009939670563,
            -0.2329930067062378,
            0.6711620092391968,
            0.09529700130224228,
            0.055578600615262985,
            0.05868019908666611,
            0.9864959716796875,
            0.15291300415992737,
            0.24634100496768951,
            -0.1627500057220459,
            0.955420970916748
        ],
        [
            -0.4350320100784302,
            -0.48654600977897644,
            0.47814399003982544,
            0.554410994052887,
            0.0754953995347023,
            0.07395750284194946,
            -0.0042162202298641205,
            0.9976130127906799,
            -0.06892719864845276,
            -0.48603200912475586,
            0.058194298297166824,
            0.8720009922981262
        ],
        [
            -0.013977300375699997,
            0.24346700310707092,
            -0.26996999979019165,
            0.705715000629425,
            0.17674900591373444,
            0.8017429709434509,
            -0.005298740230500698,
            0.9642120003700256,
            -0.26507899165153503,
            -0.006951920222491026,
            0.2650409936904907,
            0.9642120003700256
        ]
    ],
    "ops": [
        [
            0,
            0,
            0,
            1,
            2,
            1,
            0,
            0,
            1,
            2,
            1,
            0,
            1
        ]
    ],
    "syms": [
        [
            0.0,
            0.9999169707298279,
            0.0070448401384055614,
            -0.010831300169229507,
            -0.01949789933860302,
            0.0040402598679065704,
            0.4164640009403229,
            0.0
        ],
        [
            0.0,
            0.9999809861183167,
            -0.0010925900423899293,
            -0.006071889773011208,
            -0.015353599563241005,
            -0.4393700063228607,
            -0.23504400253295898,
            0.0
        ]
    ],
    "labels:": [
        [
            1,
            3,
            3,
            2,
            2,
            0
        ]
    ],
    "obj": 37858,
    "mat_index": 2355,
    "obbs": "N 10\n-0.0139773 0.243467 -0.26997 -0.00529874 0.964212 -0.265079 -0.00695192 0.265041 0.964212 0.999962 0.00695192 0.00529874 0.705715 0.176749 0.801743\n0.384074 0.00688359 0.412092 0.984223 -0.0229961 -0.175432 0.17675 0.172872 0.968955 0.00804513 -0.984676 0.174209 0.096869 0.0699231 0.45589\n-0.42307 0.00119692 0.420835 0.00986443 0.983359 -0.181408 -0.414341 0.169129 0.894269 0.910068 0.0663431 0.409114 0.479642 0.0642751 0.0928155\n-0.0239573 -0.140825 0.125536 0.999975 0.00704845 -6.67266e-05 -0.00704845 0.999796 -0.0189318 -6.67266e-05 0.0189318 0.999821 0.787769 0.211702 0.805355\n0.322363 -0.439739 -0.237094 0.243832 0.201589 -0.948635 0.967405 0.0183954 0.252565 0.0683649 -0.979297 -0.190533 0.097521 0.0555787 0.671246\n0.398752 -0.468783 0.479948 0.967158 0.00520483 -0.254124 0.253159 0.0696863 0.964912 0.0227312 -0.997555 0.06608 0.0893152 0.0617477 0.590412\n-0.435032 -0.486546 0.478144 -0.00421622 0.997613 -0.0689272 -0.486032 0.0581943 0.872001 0.873931 0.0371774 0.484626 0.554411 0.0754954 0.0739575\n-0.35307 -0.439001 -0.232993 -0.246341 0.16275 -0.955421 0.967405 -0.0183954 -0.252565 -0.0586802 -0.986496 -0.152913 0.095297 0.0555786 0.671162\n0.365003 0.191483 0.0853172 0.998363 -0.0268175 -0.0505121 0.0197592 0.990596 -0.135382 0.0536677 0.134163 0.989505 0.0942609 0.0625983 0.635233\n-0.395886 0.186899 0.0864349 0.056045 -0.134835 -0.989282 -0.0547113 0.988936 -0.137887 0.996928 0.0618528 0.0480479 0.633746 0.0728902 0.0937248\nC 19\n0 7\n0 4\n0 9\n0 3\n0 8\n1 3\n1 5\n1 8\n2 6\n2 9\n2 3\n3 8\n3 9\n3 6\n3 7\n3 4\n3 5\n4 8\n7 9\nS 4\n2\n1 0.384074 0.00688359 0.412092\n2 -0.42307 0.00119692 0.420835\n2\n-0.0194979 0.00404026 0.416464\n-0.999917 -0.00704484 0.0108313\n2\n4 0.322363 -0.439739 -0.237094\n7 -0.35307 -0.439001 -0.232993\n2\n-0.0153536 -0.43937 -0.235044\n-0.999981 0.00109259 0.00607189\n2\n5 0.398752 -0.468783 0.479948\n6 -0.435032 -0.486546 0.478144\n2\n-0.0181398 -0.477665 0.479046\n-0.999771 -0.0212988 -0.0021634\n2\n8 0.365003 0.191483 0.0853172\n9 -0.395886 0.186899 0.0864349\n2\n-0.0154413 0.189191 0.0858761\n-0.999981 -0.0060254 0.00146887\nL 10\n0\n3\n3\n1\n2\n2\n2\n2\n3\n3"
}