{
    "boxes": [
        [
            0.013485600240528584,
            0.08829870074987411,
            0.09211429953575134,
            0.10909900069236755,
            0.7995259761810303,
            0.9382849931716919,
            0.00015726100536994636,
            0.995764970779419,
            -0.09193509817123413,
            7.244229891512077e-06,
            0.09193509817123413,
            0.995764970779419
        ],
        [
            0.013494499959051609,
            -0.5623000264167786,
            -0.29983100295066833,
            0.07043830305337906,
            0.049582600593566895,
            0.5888010263442993,
            -0.0,
            0.9975680112838745,
            -0.06969360262155533,
            -0.0,
            0.06969360262155533,
            0.9975680112838745
        ],
        [
            -0.41965800523757935,
            -0.2669619917869568,
            0.4807850122451782,
            0.8898440003395081,
            0.07030870020389557,
            0.07197500020265579,
            -0.0,
            0.9976549744606018,
            -0.06844419986009598,
            0.0,
            0.06844419986009598,
            0.9976549744606018
        ],
        [
            -0.3665969967842102,
            -0.4413689970970154,
            0.09288240224123001,
            0.08262939751148224,
            0.7447429895401001,
            0.05148199945688248,
            -0.05874110013246536,
            0.9903460144996643,
            -0.12555600702762604,
            -0.15316200256347656,
            0.11534299701452255,
            0.9814469814300537
        ],
        [
            -0.3168930113315582,
            -0.3102949857711792,
            -0.3175159990787506,
            0.7982109785079956,
            0.13029800355434418,
            0.07453099638223648,
            0.0,
            1.0,
            0.0,
            0.0,
            0.0,
            1.0
        ],
        [
            0.015096000395715237,
            0.5603939890861511,
            -0.38148099184036255,
            0.3185189962387085,
            0.1116819977760315,
            0.7591559886932373,
            -5.883970199960231e-09,
            0.9855290055274963,
            -0.1695059984922409,
            -6.982380007514166e-09,
            0.1695059984922409,
            0.9855290055274963
        ],
        [
            -0.3177039921283722,
            0.3914099931716919,
            -0.3741360008716583,
            0.6410639882087708,
            0.09507569670677185,
            0.08620840311050415,
            -0.012299000285565853,
            0.9931870102882385,
            -0.11587599664926529,
            -0.07254230231046677,
            0.11469399929046631,
            0.9907490015029907
        ]
    ],
    "ops": [
        [
            0,
            0,
            0,
            0,
            0,
            1,
            1,
            2,
            1,
            1,
            0,
            0,
            2,
            1,
            1
        ]
    ],
    "syms": [
        [
            0.0,
            1.0,
            0.0,
            0.0,
            0.013494499959051609,
            -0.2669619917869568,
            0.4807850122451782,
            0.0
        ],
        [
            0.0,
            0.9999920129776001,
            0.0014250699896365404,
            0.0037944898940622807,
            0.012395800091326237,
            0.39188000559806824,
            -0.37288299202919006,
            0.0
        ]
    ],
    "labels:": [
        [
            1,
            2,
            2,
            2,
            2,
            0,
            0
        ]
    ],
    "obj": 37893,
    "mat_index": 2373,
    "obbs": "N 11\n0.015096 0.560394 -0.381481 -5.88397e-09 0.985529 -0.169506 -6.98238e-09 0.169506 0.985529 1 6.98238e-09 5.88397e-09 0.318519 0.111682 0.759156\n0.393589 -0.44131 0.0928761 -0.151804 -0.0930821 -0.984018 0.986454 -0.0768816 -0.144908 -0.0621645 -0.992686 0.103492 0.743106 0.051482 0.0813566\n0.0134945 -0.5623 -0.299831 1 0 0 -0 0.0696936 0.997568 0 -0.997568 0.0696936 0.588801 0.0495826 0.0704383\n-0.366597 -0.441369 0.0928824 0.153162 -0.115343 -0.981447 0.986454 0.0768816 0.144908 0.0587411 -0.990346 0.125556 0.744743 0.051482 0.0826294\n0.0134856 0.0882987 0.0921143 -7.24423e-06 -0.0919351 -0.995765 0.000157261 0.995765 -0.0919351 1 -0.000157261 7.24423e-06 0.799526 0.109099 0.938285\n0.342496 0.39235 -0.371631 -0.0154703 0.994819 -0.100476 -0.0749107 0.0990524 0.992259 0.99707 0.0228772 0.0729902 0.639055 0.0890523 0.0862789\n-0.317704 0.39141 -0.374136 -0.012299 0.993187 -0.115876 -0.0725423 0.114694 0.990749 0.997289 0.0205912 0.0706375 0.641064 0.0950757 0.0862084\n-0.316893 -0.310295 -0.317516 1 0 0 0 1 0 0 0 1 0.074531 0.798211 0.130298\n-0.419658 -0.266962 0.480785 1 0 0 0 0.0684442 0.997655 0 -0.997655 0.0684442 0.071975 0.0703087 0.889844\n0.343882 -0.310391 -0.31777 1 0 0 0 1 0 0 0 1 0.074531 0.798016 0.130874\n0.446647 -0.266962 0.480785 1 0 0 -0 0.0684442 0.997655 0 -0.997655 0.0684442 0.071975 0.0703087 0.889844\nC 18\n0 6\n0 5\n1 2\n1 9\n1 10\n2 7\n2 9\n2 3\n3 8\n3 7\n4 7\n4 10\n4 9\n4 6\n4 8\n4 5\n5 9\n6 7\nS 4\n2\n1 0.393589 -0.44131 0.0928761\n3 -0.366597 -0.441369 0.0928824\n2\n0.0134963 -0.44134 0.0928793\n-1 -7.66317e-05 8.34864e-06\n2\n5 0.342496 0.39235 -0.371631\n6 -0.317704 0.39141 -0.374136\n2\n0.0123958 0.39188 -0.372883\n-0.999992 -0.00142507 -0.00379449\n2\n7 -0.316893 -0.310295 -0.317516\n9 0.343882 -0.310391 -0.31777\n2\n0.0134945 -0.310343 -0.317643\n1 -0.00014604 -0.000384396\n2\n8 -0.419658 -0.266962 0.480785\n10 0.446647 -0.266962 0.480785\n2\n0.0134945 -0.266962 0.480785\n1 0 0\nL 11\n0\n2\n2\n2\n1\n0\n0\n2\n2\n2\n2"
}