{
    "boxes": [
        [
            -0.002985999919474125,
            -0.015670999884605408,
            0.15426300466060638,
            0.16717800498008728,
            0.8804360032081604,
            0.9912829995155334,
            0.004055929835885763,
            0.9979180097579956,
            0.06436839699745178,
            -0.0001306729973293841,
            -0.06436839699745178,
            0.9979259967803955
        ],
        [
            -0.4759730100631714,
            0.17120499908924103,
            0.0585189014673233,
            0.2833839952945709,
            0.14257599413394928,
            0.11567600071430206,
            -0.027129199355840683,
            0.9386389851570129,
            0.34383299946784973,
            -0.19392800331115723,
            -0.3423669934272766,
            0.9193350076675415
        ],
        [
            -0.49162399768829346,
            0.3283790051937103,
            0.07866369932889938,
            0.16541799902915955,
            0.4773539900779724,
            0.19129599630832672,
            0.002455509966239333,
            0.9987229704856873,
            0.05045830085873604,
            -6.199009658303112e-05,
            -0.05045830085873604,
            0.9987260103225708
        ],
        [
            0.011331499554216862,
            -0.3290160000324249,
            0.07858800143003464,
            0.5322009921073914,
            0.37400001287460327,
            0.3777030110359192,
            0.0,
            1.0,
            0.0,
            0.0,
            0.0,
            1.0
        ],
        [
            0.0021832198835909367,
            -0.709089994430542,
            -0.42816799879074097,
            0.16446800529956818,
            0.20079199969768524,
            0.10988499969244003,
            -0.02863370068371296,
            0.8559079766273499,
            -0.5163350105285645,
            0.0054960697889328,
            0.5166739821434021,
            0.8561649918556213
        ],
        [
            -0.0005456900107674301,
            -0.5943930149078369,
            -0.22489400207996368,
            0.16200000047683716,
            0.401078999042511,
            0.13963299989700317,
            -0.17073799669742584,
            0.8374419808387756,
            -0.5191709995269775,
            -0.0009241160005331039,
            0.5267720222473145,
            0.8500059843063354
        ],
        [
            -0.018370099365711212,
            0.4272029995918274,
            -0.24221999943256378,
            0.8416789770126343,
            0.303041011095047,
            1.0394699573516846,
            -0.001158030005171895,
            0.9553070068359375,
            -0.29561200737953186,
            -0.001570550026372075,
            0.2956100106239319,
            0.9553070068359375
        ]
    ],
    "ops": [
        [
            0,
            0,
            0,
            1,
            2,
            1,
            0,
            0,
            0,
            1,
            2,
            1,
            1,
            0,
            1
        ]
    ],
    "syms": [
        [
            0.0,
            0.9998970031738281,
            -0.0018261499935761094,
            0.014208599925041199,
            -0.0026814499869942665,
            0.17034000158309937,
            0.0652443990111351,
            0.0
        ],
        [
            -1.0,
            0.000970861001405865,
            0.9999930262565613,
            0.0036118600983172655,
            -0.00038981199031695724,
            -0.7134280204772949,
            0.08154109865427017,
            0.20000000298023224
        ]
    ],
    "labels:": [
        [
            1,
            3,
            3,
            2,
            2,
            2,
            0
        ]
    ],
    "obj": 37961,
    "mat_index": 2416,
    "obbs": "N 17\n-0.0183701 0.427203 -0.24222 0.999998 0.00157055 0.00115803 -0.00157055 0.29561 0.955307 0.00115803 -0.955307 0.295612 1.03947 0.303041 0.841679\n0.00218322 -0.70909 -0.428168 -0.00549607 -0.516674 -0.856165 0.999575 0.0216774 -0.0194984 0.0286337 -0.855908 0.516335 0.200792 0.109885 0.164468\n0.491045 -0.716199 -0.0776647 0.465225 0.875061 -0.133544 0.131958 0.0806204 0.987971 0.875302 -0.477251 -0.0779649 0.163494 0.118719 0.178064\n0.29789 -0.713089 0.498648 -0.372593 0.667456 -0.64473 0.836845 -0.0586114 -0.544294 -0.401081 -0.742339 -0.536719 0.186816 0.112077 0.166471\n-0.311065 -0.715304 0.496514 0.447402 -0.685228 -0.574713 0.790726 0.00285199 0.612163 -0.417832 -0.728323 0.543104 0.168693 0.10943 0.176939\n-0.482003 -0.713458 -0.0816242 -0.149485 0.976099 -0.157747 -0.344185 0.0981933 0.933753 0.926926 0.193876 0.32128 0.164326 0.113328 0.199391\n-0.273013 -0.585999 0.00613646 0.805464 0.538247 0.248028 -0.116585 -0.266425 0.956779 0.581064 -0.799568 -0.151844 0.470846 0.19337 0.166429\n-0.176179 -0.590666 0.316812 0.478948 0.539006 -0.692879 0.722131 0.206872 0.660099 0.499135 -0.816502 -0.290152 0.448684 0.175392 0.162999\n0.178116 -0.59185 0.3372 -0.171525 -0.872081 -0.458317 0.850149 0.104052 -0.516159 0.497821 -0.478171 0.723551 0.162728 0.131691 0.374175\n0.290749 -0.587726 -0.0245892 0.427885 0.894354 -0.130562 0.301914 -0.0052744 0.95332 0.851917 -0.44733 -0.272275 0.165682 0.176206 0.415131\n-0.00054569 -0.594393 -0.224894 0.000924116 -0.526772 -0.850006 0.985316 0.145609 -0.0891663 0.170738 -0.837442 0.519171 0.401079 0.139633 0.162\n0.0113315 -0.329016 0.078588 1 0 0 0 1 0 0 0 1 0.377703 0.532201 0.374\n-0.002986 -0.015671 0.154263 0.999992 -0.00405593 -0.000130673 0.00405593 0.997918 0.0643684 -0.000130673 -0.0643684 0.997926 0.991283 0.167178 0.880436\n0.47061 0.169476 0.0719699 0.0876142 0.3808 -0.920497 0.987154 -0.157123 0.0289586 -0.133604 -0.91121 -0.389674 0.169204 0.129456 0.367306\n-0.475973 0.171205 0.0585189 0.0271292 -0.938639 -0.343833 0.980641 -0.0417378 0.191316 -0.193928 -0.342367 0.919335 0.283384 0.115676 0.142576\n0.489861 0.322239 0.0852354 -0.000746187 0.0409012 -0.999163 -0.0364599 0.998498 0.0409012 0.999335 0.0364599 0.000746187 0.47979 0.145776 0.190688\n-0.491624 0.328379 0.0786637 6.19901e-05 0.0504583 -0.998726 0.00245551 0.998723 0.0504583 0.999997 -0.00245551 -6.19901e-05 0.477354 0.165418 0.191296\nC 39\n0 14\n0 16\n0 15\n0 11\n0 12\n0 13\n1 11\n1 10\n2 9\n2 11\n3 11\n3 8\n4 7\n4 11\n5 6\n5 11\n6 9\n6 7\n6 10\n6 11\n6 8\n7 11\n7 10\n7 9\n7 8\n8 9\n8 10\n8 11\n9 11\n9 10\n10 11\n11 13\n11 12\n12 16\n12 13\n12 14\n12 15\n13 15\n14 16\nS 4\n5\n4 -0.311065 -0.715304 0.496514\n5 -0.482003 -0.713458 -0.0816242\n1 0.00218322 -0.70909 -0.428168\n2 0.491045 -0.716199 -0.0776647\n3 0.29789 -0.713089 0.498648\n3\n-0.000389812 -0.713428 0.0815411\n-0.000970861 -0.999993 -0.00361186\n5\n8 0.178116 -0.59185 0.3372\n7 -0.176179 -0.590666 0.316812\n6 -0.273013 -0.585999 0.00613646\n10 -0.00054569 -0.594393 -0.224894\n9 0.290749 -0.587726 -0.0245892\n3\n0.00382558 -0.590127 0.082133\n0.00202629 0.999998 -0.000367904\n2\n13 0.47061 0.169476 0.0719699\n14 -0.475973 0.171205 0.0585189\n2\n-0.00268145 0.17034 0.0652444\n-0.999897 0.00182615 -0.0142086\n2\n15 0.489861 0.322239 0.0852354\n16 -0.491624 0.328379 0.0786637\n2\n-0.000881642 0.325309 0.0819496\n-0.999958 0.00625586 -0.00669536\nL 17\n0\n2\n2\n2\n2\n2\n2\n2\n2\n2\n2\n2\n1\n3\n3\n3\n3"
}