{
    "boxes": [
        [
            0.003701339941471815,
            -0.21734799444675446,
            0.21798500418663025,
            0.35003799200057983,
            0.8662520051002502,
            1.0955400466918945,
            0.0006942349718883634,
            0.9691330194473267,
            -0.2465360015630722,
            8.691850234754384e-05,
            0.2465360015630722,
            0.9691339731216431
        ],
        [
            -0.43431198596954346,
            0.04537630081176758,
            -0.028894200921058655,
            0.958433985710144,
            1.237969994544983,
            0.044150300323963165,
            -0.0011017799843102694,
            0.9346609711647034,
            0.3555389940738678,
            0.003665460040792823,
            -0.35553300380706787,
            0.9346569776535034
        ],
        [
            0.0036214999854564667,
            -0.5217220187187195,
            -0.2082190066576004,
            0.03266429901123047,
            0.4216949939727783,
            1.0954999923706055,
            1.4412999860269338e-07,
            0.9483240246772766,
            -0.3173049986362457,
            2.347310079642284e-08,
            0.3173049986362457,
            0.9483240246772766
        ],
        [
            -0.4816649854183197,
            -0.542087972164154,
            0.3939509987831116,
            0.3772299885749817,
            0.43105900287628174,
            0.047961700707674026,
            0.2936669886112213,
            0.8491520285606384,
            -0.438975989818573,
            0.006303019821643829,
            0.45749399065971375,
            0.8891900181770325
        ],
        [
            -0.0005446309805847704,
            0.26923099160194397,
            -0.2802790105342865,
            1.1438299417495728,
            0.2898389995098114,
            0.8792290091514587,
            0.0151808001101017,
            0.9922109842300415,
            -0.12363799661397934,
            0.01718759909272194,
            0.12337499856948853,
            0.9922109842300415
        ]
    ],
    "ops": [
        [
            0,
            0,
            2,
            1,
            0,
            0,
            2,
            1,
            1,
            0,
            1
        ]
    ],
    "syms": [
        [
            0.0,
            0.9999970197677612,
            -0.00044034598977304995,
            -0.00236695003695786,
            0.0025257898960262537,
            0.045184001326560974,
            -0.02992819994688034,
            0.0
        ],
        [
            0.0,
            0.9998980164527893,
            -0.00011287799861747772,
            0.014294399879872799,
            0.003574440022930503,
            -0.5421429872512817,
            0.40088799595832825,
            0.0
        ]
    ],
    "labels:": [
        [
            1,
            3,
            2,
            2,
            0
        ]
    ],
    "obj": 2409,
    "mat_index": 243,
    "obbs": "N 7\n-0.000544631 0.269231 -0.280279 0.999737 -0.0171876 -0.0151808 0.0171876 0.123375 0.992211 -0.0151808 -0.992211 0.123638 0.879229 0.289839 1.14383\n0.439364 0.0449916 -0.0309621 0.00381586 0.360287 -0.932834 0.999984 -0.00525425 0.0020612 -0.00415872 -0.932827 -0.360301 1.23845 0.0460726 0.954613\n-0.434312 0.0453763 -0.0288942 0.00110178 -0.934661 -0.355539 0.999993 0.002333 -0.00303424 0.00366546 -0.355533 0.934657 0.958434 0.0441503 1.23797\n0.00370134 -0.217348 0.217985 1 -0.000694235 8.69185e-05 0.000694235 0.969133 -0.246536 8.69185e-05 0.246536 0.969134 1.09554 0.350038 0.866252\n0.488814 -0.542198 0.407825 0.0337462 -0.511598 -0.858562 0.944946 0.296098 -0.139297 0.325482 -0.806594 0.493424 0.431214 0.055835 0.387657\n-0.481665 -0.542088 0.393951 0.293667 0.849152 -0.438976 0.955887 -0.263893 0.128999 -0.00630302 -0.457494 -0.88919 0.37723 0.0479617 0.431059\n0.0036215 -0.521722 -0.208219 1 -1.4413e-07 2.34731e-08 1.4413e-07 0.948324 -0.317305 2.34731e-08 0.317305 0.948324 1.0955 0.0326643 0.421695\nC 15\n0 1\n0 6\n0 3\n0 2\n1 3\n1 4\n1 6\n2 6\n2 5\n2 3\n3 6\n3 4\n3 5\n4 6\n5 6\nS 2\n2\n1 0.439364 0.0449916 -0.0309621\n2 -0.434312 0.0453763 -0.0288942\n2\n0.00252579 0.045184 -0.0299282\n-0.999997 0.000440346 0.00236695\n2\n4 0.488814 -0.542198 0.407825\n5 -0.481665 -0.542088 0.393951\n2\n0.00357444 -0.542143 0.400888\n-0.999898 0.000112878 -0.0142944\nL 7\n0\n3\n3\n1\n2\n2\n2"
}