{
    "boxes": [
        [
            -0.002524999901652336,
            -0.03588100150227547,
            0.16296100616455078,
            0.11548800021409988,
            0.8136259913444519,
            0.8478800058364868,
            0.0,
            1.0,
            0.0,
            0.0,
            0.0,
            1.0
        ],
        [
            -0.43960100412368774,
            -0.7971000075340271,
            -0.22405199706554413,
            0.019547000527381897,
            0.09216000139713287,
            0.025805000215768814,
            0.0,
            1.0,
            0.0,
            0.0,
            0.0,
            1.0
        ],
        [
            -0.4371100068092346,
            -0.41515499353408813,
            -0.26720499992370605,
            0.7481759786605835,
            0.02506989985704422,
            0.03989500179886818,
            -0.020430700853466988,
            0.9959139823913574,
            0.08796799927949905,
            -0.06655170023441315,
            -0.08914589881896973,
            0.9937930107116699
        ],
        [
            -0.43960100412368774,
            -0.7971000075340271,
            0.4192270040512085,
            0.019547000527381897,
            0.09216000139713287,
            0.025805000215768814,
            0.0,
            1.0,
            0.0,
            0.0,
            0.0,
            1.0
        ],
        [
            -0.4283730089664459,
            -0.7830520272254944,
            0.10434199869632721,
            0.03339879959821701,
            0.8127530217170715,
            0.04520779848098755,
            -0.16449899971485138,
            0.9863749742507935,
            0.0022082000505179167,
            0.00018286900012753904,
            -0.0022082000505179167,
            0.9999979734420776
        ],
        [
            -0.4018790125846863,
            -0.3899550139904022,
            0.43261000514030457,
            0.8077260255813599,
            0.04390060156583786,
            0.04736730083823204,
            -0.008495880290865898,
            0.984840989112854,
            -0.1732500046491623,
            0.3554700016975403,
            0.16491399705410004,
            0.9200239777565002
        ],
        [
            0.0009934999980032444,
            -0.2901740074157715,
            0.42137399315834045,
            0.023719999939203262,
            0.016705000773072243,
            0.7747889757156372,
            0.0,
            1.0,
            0.0,
            0.0,
            0.0,
            1.0
        ],
        [
            0.4016819894313812,
            -0.3955560028553009,
            0.4326629936695099,
            0.8079869747161865,
            0.0432640016078949,
            0.044327400624752045,
            -0.0005708489916287363,
            0.986860990524292,
            -0.16157199442386627,
            0.005180510226637125,
            0.16157299280166626,
            0.9868469834327698
        ],
        [
            -0.002650940092280507,
            0.3519749939441681,
            -0.30004099011421204,
            0.4897249937057495,
            0.14254499971866608,
            0.8553590178489685,
            -0.0022712498903274536,
            0.9751799702644348,
            -0.22140100598335266,
            -0.002844699891284108,
            0.22139400243759155,
            0.9751799702644348
        ],
        [
            -0.43420401215553284,
            0.18061000108718872,
            -0.23213699460029602,
            0.47526100277900696,
            0.055629998445510864,
            0.03176699951291084,
            0.0,
            1.0,
            0.0,
            0.0,
            0.0,
            1.0
        ]
    ],
    "ops": [
        [
            0,
            0,
            0,
            1,
            2,
            0,
            0,
            1,
            2,
            0,
            0,
            0,
            1,
            1,
            1,
            1,
            1,
            0,
            0,
            2,
            1,
            1
        ]
    ],
    "syms": [
        [
            0.0,
            1.0,
            -0.0,
            -0.0,
            -0.0027604999486356974,
            -0.7971000075340271,
            -0.22405199706554413,
            0.0
        ],
        [
            0.0,
            1.0,
            -0.0,
            -0.0,
            -0.0027604999486356974,
            -0.7971000075340271,
            0.4192270040512085,
            0.0
        ],
        [
            0.0,
            0.9999989867210388,
            0.001210779999382794,
            1.5686700862715952e-05,
            -0.003903500037267804,
            0.1811320036649704,
            -0.2321300059556961,
            0.0
        ]
    ],
    "labels:": [
        [
            1,
            2,
            2,
            2,
            2,
            2,
            2,
            2,
            0,
            0
        ]
    ],
    "obj": 38007,
    "mat_index": 2434,
    "obbs": "N 15\n-0.00265094 0.351975 -0.300041 -0.00227125 0.97518 -0.221401 -0.0028447 0.221394 0.97518 0.999993 0.0028447 0.00227125 0.489725 0.142545 0.855359\n-0.002525 -0.035881 0.162961 1 0 0 0 1 0 0 0 1 0.84788 0.115488 0.813626\n0.426396 0.181652 -0.232124 1 0 0 0 1 0 0 0 1 0.036337 0.473059 0.055533\n-0.434204 0.18061 -0.232137 1 0 0 0 1 0 0 0 1 0.031767 0.475261 0.05563\n0.0009935 -0.290174 0.421374 1 0 0 0 1 0 0 0 1 0.774789 0.02372 0.016705\n0.43408 -0.7971 -0.224052 1 0 0 0 1 0 0 0 1 0.025805 0.019547 0.09216\n0.43408 -0.7971 0.419227 1 0 0 0 1 0 0 0 1 0.025805 0.019547 0.09216\n-0.439601 -0.7971 -0.224052 1 0 0 0 1 0 0 0 1 0.025805 0.019547 0.09216\n-0.439601 -0.7971 0.419227 1 0 0 0 1 0 0 0 1 0.025805 0.019547 0.09216\n0.401682 -0.395556 0.432663 -0.000570849 0.986861 -0.161572 0.999986 -0.000273686 -0.00520467 -0.00518051 -0.161573 -0.986847 0.807987 0.0443274 0.043264\n-0.401879 -0.389955 0.43261 0.934649 -0.0537688 -0.351482 0.35547 0.164914 0.920024 0.00849588 -0.984841 0.17325 0.0473673 0.0439006 0.807726\n0.43305 -0.416638 -0.263833 -0.981882 0.018052 -0.188634 -0.189487 -0.0839109 0.978291 0.00183168 0.99631 0.0858112 0.0242082 0.0321248 0.751759\n-0.43711 -0.415155 -0.267205 -0.0204307 0.995914 0.087968 -0.0665517 -0.0891459 0.993793 0.997574 0.0144494 0.0681011 0.748176 0.0250699 0.039895\n-0.428373 -0.783052 0.104342 0.986377 0.164499 0.000182869 -0.164499 0.986375 0.0022082 0.000182869 -0.0022082 0.999998 0.0452078 0.0333988 0.812753\n0.422338 -0.787381 0.104684 1 0 0 0 1 0 0 0 1 0.043766 0.02709 0.803621\nC 28\n0 3\n0 11\n0 12\n0 1\n0 2\n1 3\n1 11\n1 2\n1 10\n1 4\n1 9\n1 12\n2 11\n3 12\n4 9\n4 10\n5 11\n5 14\n6 9\n6 14\n7 12\n7 13\n8 13\n8 10\n9 14\n10 13\n11 14\n12 13\nS 5\n2\n2 0.426396 0.181652 -0.232124\n3 -0.434204 0.18061 -0.232137\n2\n-0.0039035 0.181132 -0.23213\n-0.999999 -0.00121078 -1.56867e-05\n2\n5 0.43408 -0.7971 -0.224052\n7 -0.439601 -0.7971 -0.224052\n2\n-0.0027605 -0.7971 -0.224052\n-1 0 0\n2\n6 0.43408 -0.7971 0.419227\n8 -0.439601 -0.7971 0.419227\n2\n-0.0027605 -0.7971 0.419227\n-1 0 0\n2\n11 0.43305 -0.416638 -0.263833\n12 -0.43711 -0.415155 -0.267205\n2\n-0.00203005 -0.415896 -0.265519\n-0.999991 0.00170363 -0.00387512\n2\n13 -0.428373 -0.783052 0.104342\n14 0.422338 -0.787381 0.104684\n2\n-0.0030177 -0.785217 0.104513\n0.999987 -0.00508852 0.000401243\nL 15\n0\n1\n0\n0\n2\n2\n2\n2\n2\n2\n2\n2\n2\n2\n2"
}