{
    "boxes": [
        [
            -0.009263000451028347,
            0.12499900162220001,
            0.10145699977874756,
            0.08115000277757645,
            0.7059720158576965,
            0.6986200213432312,
            0.0,
            1.0,
            0.0,
            0.0,
            0.0,
            1.0
        ],
        [
            -0.3714990019798279,
            0.1239129975438118,
            0.061015501618385315,
            0.1146949976682663,
            0.1624629944562912,
            0.05362299829721451,
            0.0,
            1.0,
            0.0,
            0.0,
            0.0,
            1.0
        ],
        [
            -0.37899601459503174,
            0.3096959888935089,
            0.17993800342082977,
            0.3625960052013397,
            0.03928939998149872,
            0.047224100679159164,
            -0.02398429997265339,
            0.9172530174255371,
            0.3975830078125,
            0.08747009932994843,
            -0.39424699544906616,
            0.9148330092430115
        ],
        [
            -0.3751010000705719,
            0.30748501420021057,
            -0.061731498688459396,
            0.36962801218032837,
            0.05281990021467209,
            0.04705680161714554,
            -0.0060384999960660934,
            0.9175810217857361,
            -0.3975040018558502,
            -0.16760799288749695,
            0.3909589946269989,
            0.9050189852714539
        ],
        [
            -0.3772979974746704,
            0.4748989939689636,
            0.05795599892735481,
            0.03467100113630295,
            0.38625800609588623,
            0.04578299820423126,
            0.0,
            1.0,
            0.0,
            0.0,
            0.0,
            1.0
        ],
        [
            -0.009600499644875526,
            -0.37991800904273987,
            0.061933498829603195,
            0.6750159859657288,
            0.09954699873924255,
            0.11007100343704224,
            0.0,
            1.0,
            0.0,
            0.0,
            0.0,
            1.0
        ],
        [
            -0.19658499956130981,
            -0.629410982131958,
            -0.2042050063610077,
            0.09640520066022873,
            0.5819680094718933,
            0.036176301538944244,
            -0.02107050083577633,
            0.9993280172348022,
            -0.02998029999434948,
            0.5746189951896667,
            0.03664400056004524,
            0.8176000118255615
        ],
        [
            -0.3632209897041321,
            -0.7152829766273499,
            -0.4413039982318878,
            0.07316060364246368,
            0.072222501039505,
            0.06142159923911095,
            0.25331100821495056,
            0.8862749934196472,
            0.3877510130405426,
            0.509672999382019,
            -0.46295100450515747,
            0.7251960039138794
        ],
        [
            -0.004489989951252937,
            0.45557400584220886,
            -0.270143985748291,
            0.6675199866294861,
            0.06792210042476654,
            0.6897109746932983,
            -0.016058899462223053,
            0.9976080060005188,
            -0.06723109632730484,
            -0.017175300046801567,
            0.0669545978307724,
            0.9976080060005188
        ]
    ],
    "ops": [
        [
            0,
            0,
            0,
            1,
            0,
            0,
            1,
            1,
            2,
            1,
            0,
            0,
            0,
            1,
            2,
            1,
            1,
            0,
            1
        ]
    ],
    "syms": [
        [
            0.0,
            0.9999679923057556,
            -0.007929299958050251,
            0.0009906439809128642,
            -0.009625249542295933,
            0.12104299664497375,
            0.0613740012049675,
            0.0
        ],
        [
            -1.0,
            0.007230100221931934,
            0.9999269843101501,
            -0.009630650281906128,
            -0.009656080044806004,
            -0.626990020275116,
            0.061938200145959854,
            0.20000000298023224
        ]
    ],
    "labels:": [
        [
            1,
            3,
            3,
            3,
            3,
            2,
            2,
            2,
            0
        ]
    ],
    "obj": 38025,
    "mat_index": 2442,
    "obbs": "N 21\n-0.00448999 0.455574 -0.270144 -0.0160589 0.997608 -0.0672311 -0.0171753 0.0669546 0.997608 0.999724 0.0171753 0.0160589 0.66752 0.0679221 0.689711\n-0.0096005 -0.379918 0.0619335 1 0 0 0 1 0 0 0 1 0.110071 0.675016 0.099547\n-0.371499 0.123913 0.0610155 1 0 0 0 1 0 0 0 1 0.053623 0.114695 0.162463\n0.352249 0.118174 0.0617325 1 0 0 0 1 0 0 0 1 0.053116 0.103191 0.158623\n-0.009263 0.124999 0.101457 1 0 0 0 1 0 0 0 1 0.69862 0.08115 0.705972\n-0.378996 0.309696 0.179938 0.995878 0.0567182 -0.0707764 0.0874701 -0.394247 0.914833 0.0239843 -0.917253 -0.397583 0.0472241 0.0392894 0.362596\n-0.375101 0.307485 -0.0617315 -0.985835 -0.0720898 -0.151433 -0.167608 0.390959 0.905019 -0.0060385 0.917581 -0.397504 0.0470568 0.0528199 0.369628\n0.354069 0.308593 0.189747 -0.983075 0.0569082 -0.174141 -0.182365 -0.394834 0.900472 -0.0175126 0.916988 0.39853 0.0490238 0.0461478 0.364008\n0.359294 0.310038 -0.0552787 -0.00897879 0.919325 -0.393396 -0.0927699 0.390949 0.915725 0.995647 0.0447174 0.0817755 0.368291 0.0368421 0.0472557\n-0.377298 0.474899 0.057956 1 0 0 0 1 0 0 0 1 0.045783 0.034671 0.386258\n0.358245 0.474776 0.066434 1 0 0 0 1 0 0 0 1 0.045556 0.034696 0.38494\n-0.0147074 -0.623358 0.387332 0.000246744 -0.999877 -0.0157041 0.999877 6.36269e-08 0.0157061 -0.0157041 -0.0157061 0.999753 0.0964581 0.0361765 0.580265\n0.298071 -0.629411 0.167194 0.0346674 0.999328 0.0118687 -0.323918 6.19288e-07 0.946085 0.94545 -0.0366427 0.323701 0.0964053 0.0361768 0.581968\n0.185661 -0.629411 -0.1982 0.0220015 0.999328 -0.0293033 0.799685 2.94167e-08 0.60042 0.600017 -0.0366436 -0.799147 0.0964052 0.0361766 0.581969\n-0.196585 -0.629411 -0.204205 0.0210705 -0.999328 0.0299803 0.81815 -4.4135e-09 -0.575005 0.574619 0.036644 0.8176 0.0964052 0.0361763 0.581968\n-0.32072 -0.623358 0.157571 -0.0150127 0.999877 0.00461846 0.294041 6.94501e-08 0.955793 0.955675 0.0157071 -0.294004 0.0964581 0.0361765 0.580266\n-0.0192545 -0.715283 0.676778 1 0 0 0 1 0 0 0 1 0.061417 0.071974 0.072912\n0.572246 -0.715283 0.261065 0.311895 0.00928941 -0.950071 0.559589 0.806321 0.191589 0.767842 -0.591405 0.246289 0.061423 0.0723503 0.0732894\n0.359663 -0.715283 -0.429948 -0.806442 0.0107863 -0.591215 0.412326 0.726913 -0.549168 0.423838 -0.686645 -0.59066 0.0614137 0.071736 0.0726737\n-0.363221 -0.715283 -0.441304 0.253311 0.886275 0.387751 0.509673 -0.462951 0.725196 0.822233 0.0139256 -0.568981 0.0731606 0.0722225 0.0614216\n-0.597405 -0.715283 0.24269 0.758845 0.601425 -0.249884 -0.574908 0.798874 0.176868 0.305998 0.0094452 0.951985 0.0732774 0.0723393 0.0614233\nC 43\n0 2\n0 10\n0 3\n0 4\n0 8\n0 6\n0 9\n1 15\n1 11\n1 14\n1 13\n1 12\n2 5\n2 6\n2 4\n3 7\n3 8\n3 4\n4 7\n4 8\n4 5\n4 6\n5 9\n5 6\n6 9\n7 10\n7 8\n8 10\n11 16\n11 14\n11 13\n11 12\n11 15\n12 13\n12 17\n12 14\n12 15\n13 15\n13 14\n13 18\n14 19\n14 15\n15 20\nS 6\n2\n2 -0.371499 0.123913 0.0610155\n3 0.352249 0.118174 0.0617325\n2\n-0.00962525 0.121043 0.061374\n0.999968 -0.0079293 0.000990644\n2\n5 -0.378996 0.309696 0.179938\n7 0.354069 0.308593 0.189747\n2\n-0.0124637 0.309145 0.184842\n0.999909 -0.00150385 0.0133796\n2\n6 -0.375101 0.307485 -0.0617315\n8 0.359294 0.310038 -0.0552787\n2\n-0.0079033 0.308762 -0.0585051\n0.999955 0.00347614 0.00878621\n2\n9 -0.377298 0.474899 0.057956\n10 0.358245 0.474776 0.066434\n2\n-0.00952675 0.474837 0.062195\n0.999934 -0.000166532 0.0115254\n5\n13 0.185661 -0.629411 -0.1982\n12 0.298071 -0.629411 0.167194\n11 -0.0147074 -0.623358 0.387332\n15 -0.32072 -0.623358 0.157571\n14 -0.196585 -0.629411 -0.204205\n3\n-0.00965608 -0.62699 0.0619382\n0.0072301 0.999927 -0.00963065\n5\n18 0.359663 -0.715283 -0.429948\n17 0.572246 -0.715283 0.261065\n16 -0.0192545 -0.715283 0.676778\n20 -0.597405 -0.715283 0.24269\n19 -0.363221 -0.715283 -0.441304\n3\n-0.00959447 -0.715283 0.0618562\n-5.253e-08 1 -8.23055e-08\nL 21\n0\n2\n3\n3\n1\n3\n3\n3\n3\n3\n3\n2\n2\n2\n2\n2\n2\n2\n2\n2\n2"
}