{
    "boxes": [
        [
            0.001832999987527728,
            -0.14360299706459045,
            0.11957599967718124,
            0.23021200299263,
            0.7088260054588318,
            0.7479599714279175,
            0.0,
            1.0,
            0.0,
            0.0,
            0.0,
            1.0
        ],
        [
            -0.2861739993095398,
            -0.5229520201683044,
            -0.19309499859809875,
            0.733322024345398,
            0.09615740180015564,
            0.06163790076971054,
            -0.01618259958922863,
            0.9997190237045288,
            -0.017338499426841736,
            0.5639280080795288,
            0.02344520017504692,
            0.8254910111427307
        ],
        [
            -0.2862679958343506,
            -0.5230720043182373,
            0.40468600392341614,
            0.7331590056419373,
            0.09802140295505524,
            0.06189269945025444,
            -0.013732099905610085,
            0.9998130202293396,
            0.013624699786305428,
            -0.5602989792823792,
            -0.01897989958524704,
            0.8280730247497559
        ],
        [
            0.00677850004285574,
            0.377020001411438,
            -0.19454200565814972,
            0.7576000094413757,
            0.059502001851797104,
            0.7145450115203857,
            0.0,
            1.0,
            0.0,
            0.0,
            0.0,
            1.0
        ],
        [
            0.006777499802410603,
            0.40108099579811096,
            -0.21429599821567535,
            1.1170300245285034,
            0.01999399997293949,
            0.9307050108909607,
            0.0,
            1.0,
            0.0,
            0.0,
            0.0,
            1.0
        ]
    ],
    "ops": [
        [
            0,
            0,
            0,
            1,
            2,
            1,
            0,
            0,
            1,
            1
        ]
    ],
    "syms": [
        [
            0.0,
            0.9999989867210388,
            0.0006795760127715766,
            0.00104136997833848,
            0.009696920402348042,
            -0.522750973701477,
            -0.19278700649738312,
            0.0
        ]
    ],
    "labels:": [
        [
            1,
            2,
            2,
            0,
            0
        ]
    ],
    "obj": 38059,
    "mat_index": 2461,
    "obbs": "N 7\n0.0067785 0.37702 -0.194542 1 0 0 0 1 0 0 0 1 0.714545 0.7576 0.059502\n0.001833 -0.143603 0.119576 1 0 0 0 1 0 0 0 1 0.74796 0.230212 0.708826\n0.305568 -0.52255 -0.192478 0.715477 -0.0398165 -0.6975 0.698182 0.00476037 0.715905 -0.0251845 -0.999196 0.0312051 0.0990733 0.066902 0.733805\n0.304307 -0.523085 0.402938 -0.00956415 -0.999852 -0.0142947 0.71897 0.00305941 -0.695035 0.694975 -0.0169249 0.718834 0.73303 0.0650664 0.100068\n-0.286268 -0.523072 0.404686 0.560299 0.0189799 -0.828073 0.828176 0.00373722 0.560455 0.0137321 -0.999813 -0.0136247 0.0980214 0.0618927 0.733159\n-0.286174 -0.522952 -0.193095 0.0161826 -0.999719 0.0173385 0.825666 0.00358098 -0.564149 0.563928 0.0234452 0.825491 0.733322 0.0616379 0.0961574\n0.0067775 0.401081 -0.214296 1 0 0 0 1 0 0 0 1 0.930705 1.11703 0.019994\nC 11\n0 1\n0 6\n0 5\n0 2\n1 2\n1 3\n1 4\n1 5\n1 6\n2 6\n5 6\nS 2\n2\n2 0.305568 -0.52255 -0.192478\n5 -0.286174 -0.522952 -0.193095\n2\n0.00969692 -0.522751 -0.192787\n-0.999999 -0.000679576 -0.00104137\n2\n3 0.304307 -0.523085 0.402938\n4 -0.286268 -0.523072 0.404686\n2\n0.00901936 -0.523079 0.403812\n-0.999996 2.19758e-05 0.0029602\nL 7\n0\n1\n2\n2\n2\n2\n0"
}