{
    "boxes": [
        [
            0.005677000153809786,
            -0.04974900186061859,
            0.11795300245285034,
            0.24346600472927094,
            0.8217129707336426,
            0.8569880127906799,
            0.0,
            1.0,
            0.0,
            0.0,
            0.0,
            1.0
        ],
        [
            0.0014489999739453197,
            -0.5489100217819214,
            0.09051749855279922,
            0.056627001613378525,
            0.08885099738836288,
            0.7266560196876526,
            0.0,
            1.0,
            0.0,
            0.0,
            0.0,
            1.0
        ],
        [
            -0.37712299823760986,
            -0.44106900691986084,
            0.45671701431274414,
            0.6128119826316833,
            0.14418600499629974,
            0.09138800203800201,
            0.0,
            1.0,
            0.0,
            0.0,
            0.0,
            1.0
        ],
        [
            0.39579299092292786,
            -0.44282200932502747,
            -0.26697200536727905,
            0.6233699917793274,
            0.16461299359798431,
            0.09195789694786072,
            0.013805000111460686,
            0.9931960105895996,
            0.11563699692487717,
            0.0916396975517273,
            -0.11641799658536911,
            0.9889640212059021
        ],
        [
            -0.3800030052661896,
            -0.5503159761428833,
            0.09801200032234192,
            0.09429500252008438,
            0.636676013469696,
            0.06140200048685074,
            0.0,
            1.0,
            0.0,
            0.0,
            0.0,
            1.0
        ],
        [
            0.00651721004396677,
            0.5197439789772034,
            -0.28017500042915344,
            0.7606319785118103,
            0.04530410096049309,
            0.7125980257987976,
            -0.0007007570238783956,
            0.9951980113983154,
            -0.09787850081920624,
            -0.0007730579818598926,
            0.09787800163030624,
            0.9951980113983154
        ],
        [
            -0.37845999002456665,
            0.3494589924812317,
            -0.2761879861354828,
            1.0577499866485596,
            0.16460900008678436,
            0.11830399930477142,
            -0.004889190196990967,
            0.9966840147972107,
            -0.08121900260448456,
            -0.18267999589443207,
            0.07896289974451065,
            0.9799960255622864
        ]
    ],
    "ops": [
        [
            0,
            0,
            0,
            0,
            0,
            1,
            1,
            2,
            1,
            1,
            0,
            0,
            2,
            1,
            1
        ]
    ],
    "syms": [
        [
            0.0,
            0.9998170137405396,
            -0.015692900866270065,
            0.010928199626505375,
            0.00834750011563301,
            -0.44711899757385254,
            0.4609299898147583,
            0.0
        ],
        [
            0.0,
            0.9999759793281555,
            0.005232550203800201,
            0.004481830168515444,
            0.002864049980416894,
            0.3514550030231476,
            -0.2744790017604828,
            0.0
        ]
    ],
    "labels:": [
        [
            1,
            2,
            2,
            2,
            2,
            0,
            0
        ]
    ],
    "obj": 38061,
    "mat_index": 2462,
    "obbs": "N 11\n0.005677 -0.049749 0.117953 1 0 0 0 1 0 0 0 1 0.856988 0.243466 0.821713\n0.00651721 0.519744 -0.280175 -0.000700757 0.995198 -0.0978785 -0.000773058 0.097878 0.995198 0.999999 0.000773058 0.000700757 0.760632 0.0453041 0.712598\n0.384188 0.35345 -0.27277 0.00146155 -0.997096 0.0761438 0.991767 -0.00830455 -0.127784 0.128045 0.0757037 0.988875 1.05026 0.115297 0.158198\n-0.37846 0.349459 -0.276188 -0.00488919 0.996684 -0.081219 0.98316 0.0196285 0.181689 0.18268 -0.0789629 -0.979996 1.05775 0.118304 0.164609\n-0.38325 -0.454339 -0.256052 0.0117856 -0.997116 -0.0749782 0.999686 0.0100912 0.0229369 -0.0221141 -0.075225 0.996921 0.59808 0.0880141 0.173274\n0.395793 -0.442822 -0.266972 -0.013805 -0.993196 -0.115637 0.995697 -0.00305576 -0.0926233 0.0916397 -0.116418 0.988964 0.62337 0.0919579 0.164613\n-0.377123 -0.441069 0.456717 1 0 0 0 1 0 0 0 1 0.091388 0.612812 0.144186\n0.393818 -0.45317 0.465143 1 0 0 0 1 0 0 0 1 0.080706 0.588611 0.127333\n0.383826 -0.549043 0.0924437 -0.0289857 -0.999571 -0.0043061 0.999571 -0.0290037 0.004183 -0.0043061 -0.004183 0.999982 0.0940093 0.0783827 0.630167\n0.001449 -0.54891 0.0905175 1 0 0 0 1 0 0 0 1 0.726656 0.056627 0.088851\n-0.380003 -0.550316 0.098012 1 0 0 0 1 0 0 0 1 0.061402 0.094295 0.636676\nC 19\n0 1\n0 7\n0 6\n0 5\n0 4\n0 3\n0 2\n1 2\n1 3\n2 5\n3 4\n4 10\n4 9\n5 9\n5 8\n6 10\n7 8\n8 9\n9 10\nS 4\n2\n2 0.384188 0.35345 -0.27277\n3 -0.37846 0.349459 -0.276188\n2\n0.00286405 0.351455 -0.274479\n-0.999976 -0.00523255 -0.00448183\n2\n4 -0.38325 -0.454339 -0.256052\n5 0.395793 -0.442822 -0.266972\n2\n0.00627118 -0.44858 -0.261512\n0.999793 0.0147807 -0.0140149\n2\n6 -0.377123 -0.441069 0.456717\n7 0.393818 -0.45317 0.465143\n2\n0.0083475 -0.447119 0.46093\n0.999817 -0.0156929 0.0109282\n2\n8 0.383826 -0.549043 0.0924437\n10 -0.380003 -0.550316 0.098012\n2\n0.00191136 -0.54968 0.0952278\n-0.999972 -0.00166679 0.00728979\nL 11\n1\n0\n0\n0\n2\n2\n2\n2\n2\n2\n2"
}