{
    "boxes": [
        [
            0.0010217999806627631,
            -0.09157609939575195,
            0.10869599878787994,
            0.03607640042901039,
            0.6698660254478455,
            0.6837170124053955,
            0.0008413720061071217,
            0.996757984161377,
            -0.08045700192451477,
            3.390209894860163e-05,
            0.08045700192451477,
            0.996757984161377
        ],
        [
            -0.3705520033836365,
            0.009629970416426659,
            -0.2226489931344986,
            0.29927000403404236,
            0.03354800119996071,
            0.03430499881505966,
            0.08007840067148209,
            0.9835619926452637,
            0.16184400022029877,
            -0.15480999648571014,
            -0.14812399446964264,
            0.9767770171165466
        ],
        [
            0.37520700693130493,
            -0.01974480040371418,
            -0.22752200067043304,
            0.3591949939727783,
            0.032943498343229294,
            0.039444200694561005,
            -0.05028719827532768,
            0.9838060140609741,
            0.1720380038022995,
            -0.299778014421463,
            -0.1791819930076599,
            0.9370309710502625
        ],
        [
            -0.4123849868774414,
            0.08925700187683105,
            0.4136430025100708,
            0.34792301058769226,
            0.04126409813761711,
            0.06847470253705978,
            -0.21761199831962585,
            0.9723889827728271,
            -0.08429250121116638,
            -0.17769399285316467,
            0.04544910043478012,
            0.9830359816551208
        ],
        [
            0.2851499915122986,
            0.14735600352287292,
            -0.21195000410079956,
            0.03496519848704338,
            0.045747701078653336,
            0.19429099559783936,
            -0.03447610139846802,
            0.954410970211029,
            -0.29649901390075684,
            -0.18719099462032318,
            0.2852579951286316,
            0.9399930238723755
        ],
        [
            0.4467499852180481,
            0.20556899905204773,
            0.09112019836902618,
            0.03907670080661774,
            0.6228209733963013,
            0.10717400163412094,
            -0.2851710021495819,
            0.9545630216598511,
            -0.08652789890766144,
            0.1374569982290268,
            0.13007299602031708,
            0.9819300174713135
        ],
        [
            -0.413224995136261,
            -0.4313110113143921,
            0.4488010108470917,
            0.7301939725875854,
            0.039551399648189545,
            0.03398419916629791,
            0.053355198353528976,
            0.9966390132904053,
            -0.06215929985046387,
            0.523173987865448,
            0.02512110024690628,
            0.851855993270874
        ],
        [
            0.40871700644493103,
            -0.4760339856147766,
            -0.30334800481796265,
            0.650924026966095,
            0.0408610999584198,
            0.036309998482465744,
            -0.07374770194292068,
            0.9858610033988953,
            0.15046200156211853,
            0.5201370120048523,
            -0.09070370346307755,
            0.8492529988288879
        ],
        [
            -0.4048219919204712,
            -0.45330101251602173,
            -0.2994830012321472,
            0.6966059803962708,
            0.05030540004372597,
            0.03650439903140068,
            0.07859659940004349,
            0.9872729778289795,
            0.1382559984922409,
            -0.04247390106320381,
            -0.1352429986000061,
            0.9899020195007324
        ],
        [
            -0.009830360300838947,
            0.34053200483322144,
            -0.2359289973974228,
            0.38266199827194214,
            0.09713070094585419,
            0.7661929726600647,
            -0.0014996599638834596,
            0.9650740027427673,
            -0.2619749903678894,
            -0.001961020054295659,
            0.26197201013565063,
            0.9650740027427673
        ]
    ],
    "ops": [
        [
            0,
            0,
            0,
            0,
            0,
            0,
            1,
            1,
            2,
            1,
            1,
            1,
            0,
            2,
            0,
            0,
            1,
            1,
            1,
            0,
            1
        ]
    ],
    "syms": [
        [
            0.0,
            0.9971699714660645,
            -0.07517559826374054,
            -0.000390994013287127,
            -8.963129948824644e-05,
            0.0581744983792305,
            0.4134809970855713,
            0.0
        ],
        [
            0.0,
            0.9974349737167358,
            -0.07147180289030075,
            0.003814860014244914,
            0.002695529954507947,
            -0.46111398935317993,
            0.4503920078277588,
            0.0
        ]
    ],
    "labels:": [
        [
            1,
            3,
            3,
            3,
            3,
            3,
            2,
            2,
            2,
            0
        ]
    ],
    "obj": 38075,
    "mat_index": 2466,
    "obbs": "N 14\n-0.00983036 0.340532 -0.235929 0.999997 0.00196102 0.00149966 -0.00196102 0.261972 0.965074 0.00149966 -0.965074 0.261975 0.766193 0.0971307 0.382662\n0.28515 0.147356 -0.21195 -0.0344761 0.954411 -0.296499 -0.187191 0.285258 0.939993 0.981718 0.0879092 0.168822 0.0349652 0.0457477 0.194291\n-0.308999 0.151581 -0.201452 0.936201 -0.162916 -0.311426 -0.0296953 0.846245 -0.531965 0.350209 0.507274 0.787418 0.253622 0.0380667 0.0594737\n0.0010218 -0.0915761 0.108696 -3.39021e-05 -0.080457 -0.996758 0.000841372 0.996758 -0.080457 1 -0.000841372 3.39021e-05 0.669866 0.0360764 0.683717\n0.412205 0.027092 0.41332 0.167083 0.982956 -0.0766852 0.0678475 0.0661312 0.995502 0.983606 -0.171534 -0.0556417 0.460836 0.0497576 0.0847455\n0.375207 -0.0197448 -0.227522 -0.0502872 0.983806 0.172038 -0.299778 -0.179182 0.937031 0.952683 -0.00445263 0.303934 0.359195 0.0329435 0.0394442\n-0.412385 0.089257 0.413643 0.959724 0.228899 0.162897 -0.177694 0.0454491 0.983036 0.217612 -0.972389 0.0842925 0.0684747 0.0412641 0.347923\n-0.370552 0.00962997 -0.222649 0.0800784 0.983562 0.161844 -0.15481 -0.148124 0.976777 0.984694 -0.103274 0.140403 0.29927 0.033548 0.034305\n0.44675 0.205569 0.0911202 -0.137457 -0.130073 -0.98193 -0.285171 0.954563 -0.0865279 0.948569 0.268124 -0.168304 0.622821 0.0390767 0.107174\n-0.454247 0.209756 0.110588 -0.976128 0.18538 -0.113177 0.196092 0.976241 -0.0922026 0.093396 -0.112195 -0.989287 0.0886554 0.0403746 0.562699\n0.408717 -0.476034 -0.303348 0.0737477 -0.985861 -0.150462 0.850893 0.140891 -0.506094 0.520137 -0.0907037 0.849253 0.650924 0.03631 0.0408611\n0.418616 -0.490917 0.451983 0.666342 -0.00407197 -0.745635 0.743162 0.0851932 0.663666 0.0608206 -0.996356 0.0597939 0.0348944 0.037309 0.610405\n-0.413225 -0.431311 0.448801 -0.0533552 -0.996639 0.0621593 0.850554 -0.077971 -0.520075 0.523174 0.0251211 0.851856 0.730194 0.0339842 0.0395514\n-0.404822 -0.453301 -0.299483 0.0424739 0.135243 -0.989902 0.996001 -0.0836752 0.0313037 -0.0785966 -0.987273 -0.138256 0.0503054 0.0365044 0.696606\nC 31\n0 7\n0 3\n0 5\n0 8\n0 1\n0 9\n0 2\n1 3\n1 5\n1 8\n2 9\n2 13\n2 3\n2 7\n3 11\n3 7\n3 10\n3 6\n3 13\n3 5\n3 12\n3 8\n3 4\n4 8\n4 11\n5 8\n5 10\n6 9\n6 12\n7 9\n7 13\nS 4\n2\n1 0.28515 0.147356 -0.21195\n2 -0.308999 0.151581 -0.201452\n2\n-0.0119243 0.149468 -0.206701\n-0.999819 0.00710968 0.0176646\n2\n4 0.412205 0.027092 0.41332\n6 -0.412385 0.089257 0.413643\n2\n-8.96313e-05 0.0581745 0.413481\n-0.99717 0.0751756 0.000390994\n2\n8 0.44675 0.205569 0.0911202\n9 -0.454247 0.209756 0.110588\n2\n-0.00374853 0.207662 0.100854\n-0.999756 0.00464584 0.021602\n2\n11 0.418616 -0.490917 0.451983\n12 -0.413225 -0.431311 0.448801\n2\n0.00269553 -0.461114 0.450392\n-0.997435 0.0714718 -0.00381486\nL 14\n0\n3\n3\n1\n3\n3\n3\n3\n3\n3\n2\n2\n2\n2"
}