{
    "boxes": [
        [
            0.011834800243377686,
            -0.11759699881076813,
            0.23260700702667236,
            0.21884700655937195,
            0.9201419949531555,
            1.0377700328826904,
            0.004577210173010826,
            0.9601359963417053,
            -0.2794950008392334,
            0.000652663002256304,
            0.2794950008392334,
            0.9601470232009888
        ],
        [
            -0.46445900201797485,
            -0.48114800453186035,
            -0.20807500183582306,
            0.46122801303863525,
            0.06846989691257477,
            0.05580519884824753,
            -0.025686999782919884,
            0.9209499955177307,
            0.3888329863548279,
            -0.43345800042152405,
            -0.3607560098171234,
            0.8258140087127686
        ],
        [
            -0.46637898683547974,
            -0.4204300045967102,
            0.4685930013656616,
            0.5772029757499695,
            0.08277519792318344,
            0.0505221001803875,
            -0.0039594098925590515,
            0.9380819797515869,
            -0.3463889956474304,
            -0.015195799991488457,
            0.3462960124015808,
            0.9380019903182983
        ],
        [
            0.01048820000141859,
            0.188058003783226,
            -0.27691999077796936,
            0.9507529735565186,
            0.2220740020275116,
            1.040869951248169,
            0.007793410215526819,
            0.9481260180473328,
            -0.31779900193214417,
            0.010831300169229507,
            0.3177100121974945,
            0.9481260180473328
        ],
        [
            0.010707199573516846,
            0.19110700488090515,
            -0.25390899181365967,
            0.8691530227661133,
            0.1305769979953766,
            1.038949966430664,
            0.004909830167889595,
            0.9505580067634583,
            -0.31050699949264526,
            0.006768859922885895,
            0.3104720115661621,
            0.9505580067634583
        ]
    ],
    "ops": [
        [
            0,
            0,
            0,
            1,
            2,
            1,
            0,
            0,
            1,
            1
        ]
    ],
    "syms": [
        [
            0.0,
            0.9999909996986389,
            0.001761410036124289,
            0.0038555199280381203,
            0.009997050277888775,
            -0.4803119897842407,
            -0.20624500513076782,
            0.0
        ]
    ],
    "labels:": [
        [
            1,
            2,
            2,
            0,
            0
        ]
    ],
    "obj": 38096,
    "mat_index": 2478,
    "obbs": "N 7\n0.0104882 0.188058 -0.27692 0.999911 -0.0108313 -0.00779341 0.0108313 0.31771 0.948126 -0.00779341 -0.948126 0.317799 1.04087 0.222074 0.950753\n0.0118348 -0.117597 0.232607 0.999989 -0.00457721 0.000652663 0.00457721 0.960136 -0.279495 0.000652663 0.279495 0.960147 1.03777 0.218847 0.920142\n0.0107072 0.191107 -0.253909 0.999965 -0.00676886 -0.00490983 0.00676886 0.310472 0.950558 -0.00490983 -0.950558 0.310507 1.03895 0.130577 0.869153\n0.484453 -0.479477 -0.204416 -0.5774 0.297977 -0.760144 0.816437 0.217947 -0.534725 0.0063349 -0.929359 -0.369122 0.0651453 0.0557387 0.466518\n0.482043 -0.425845 0.460572 -0.00281118 0.943045 -0.332655 0.996212 0.0315544 0.081035 0.0869164 -0.331167 -0.939561 0.570569 0.0507266 0.09636\n-0.464459 -0.481148 -0.208075 0.433458 0.360756 -0.825814 0.900807 -0.14733 0.40846 0.025687 -0.92095 -0.388833 0.0684699 0.0558052 0.461228\n-0.466379 -0.42043 0.468593 0.0151958 -0.346296 -0.938002 0.999877 0.0089776 0.0128838 0.00395941 -0.938082 0.346389 0.0827752 0.0505221 0.577203\nC 11\n0 1\n0 5\n0 3\n0 2\n1 2\n1 3\n1 4\n1 5\n1 6\n2 5\n2 3\nS 2\n2\n3 0.484453 -0.479477 -0.204416\n5 -0.464459 -0.481148 -0.208075\n2\n0.00999705 -0.480312 -0.206245\n-0.999991 -0.00176141 -0.00385552\n2\n4 0.482043 -0.425845 0.460572\n6 -0.466379 -0.42043 0.468593\n2\n0.0078319 -0.423138 0.464582\n-0.999948 0.00570883 0.00845689\nL 7\n0\n1\n0\n2\n2\n2\n2"
}