{
    "boxes": [
        [
            0.02871749922633171,
            -0.07215069979429245,
            0.12691399455070496,
            0.08431869745254517,
            0.7714179754257202,
            0.7292940020561218,
            -0.021577000617980957,
            0.997310996055603,
            -0.0700346976518631,
            -0.0007565849809907377,
            0.0700346976518631,
            0.99754399061203
        ],
        [
            -0.3539699912071228,
            0.07475720345973969,
            0.46664199233055115,
            0.3425329923629761,
            0.10391499847173691,
            0.0881664976477623,
            -0.041355401277542114,
            0.997979998588562,
            0.04821540042757988,
            -0.04821540042757988,
            -0.050193801522254944,
            0.9975749850273132
        ],
        [
            -0.39367398619651794,
            0.27117300033569336,
            0.16708500683307648,
            0.06674599647521973,
            0.7301920056343079,
            0.1249070018529892,
            0.024654200300574303,
            0.9996070265769958,
            0.013311799615621567,
            -0.00016412900004070252,
            -0.013311799615621567,
            0.9999110102653503
        ],
        [
            -0.3441469967365265,
            -0.3264859914779663,
            -0.24021199345588684,
            0.49214598536491394,
            0.14843900501728058,
            0.08776099979877472,
            0.0,
            1.0,
            0.0,
            0.0,
            0.0,
            1.0
        ],
        [
            -0.35997799038887024,
            -0.5790929794311523,
            0.009418499656021595,
            0.13554100692272186,
            1.3806899785995483,
            0.056099001318216324,
            0.0,
            1.0,
            0.0,
            0.0,
            0.0,
            1.0
        ],
        [
            -0.35572999715805054,
            -0.3315269947052002,
            0.11672800034284592,
            0.1024169996380806,
            0.6248160004615784,
            0.0645970031619072,
            0.0,
            1.0,
            0.0,
            0.0,
            0.0,
            1.0
        ],
        [
            -0.00046999999904073775,
            -0.3384949862957001,
            -0.23960399627685547,
            0.09072399884462357,
            0.09441699832677841,
            0.6462699770927429,
            0.0,
            1.0,
            0.0,
            0.0,
            0.0,
            1.0
        ],
        [
            0.3404349982738495,
            -0.29099899530410767,
            0.4442780017852783,
            0.5222700238227844,
            0.1315159946680069,
            0.10373000055551529,
            0.0,
            1.0,
            0.0,
            0.0,
            0.0,
            1.0
        ],
        [
            -0.3366059958934784,
            0.5172399878501892,
            -0.25339600443840027,
            0.752062976360321,
            0.11518300324678421,
            0.12320400029420853,
            0.0020102099515497684,
            0.9974449872970581,
            -0.07141149789094925,
            0.32375600934028625,
            0.06691630184650421,
            0.9437710046768188
        ],
        [
            0.023086899891495705,
            0.4592519998550415,
            -0.2534349858760834,
            0.6588510274887085,
            0.09881210327148438,
            0.6782429814338684,
            0.018159400671720505,
            0.9969419836997986,
            -0.07600110024213791,
            0.019592899829149246,
            0.07564429938793182,
            0.9969419836997986
        ],
        [
            0.004237649962306023,
            0.45673999190330505,
            -0.25245699286460876,
            0.6076589822769165,
            0.09084290266036987,
            0.08587410300970078,
            -0.0063533601351082325,
            0.9988830089569092,
            -0.04682869836688042,
            0.2535479962825775,
            0.04690840095281601,
            0.9661849737167358
        ],
        [
            0.2565990090370178,
            0.4551149904727936,
            -0.2525250017642975,
            0.6232349872589111,
            0.09299030154943466,
            0.08571740239858627,
            -0.012267399579286575,
            0.9976810216903687,
            -0.06694810092449188,
            0.22291399538516998,
            0.06799689680337906,
            0.9724640250205994
        ],
        [
            0.0021120000164955854,
            0.1215599998831749,
            -0.23094399273395538,
            0.10207200050354004,
            0.08610600233078003,
            0.7802799940109253,
            0.0,
            1.0,
            0.0,
            0.0,
            0.0,
            1.0
        ],
        [
            -0.1227789968252182,
            0.4590809941291809,
            -0.2512499988079071,
            0.6119260191917419,
            0.09437719732522964,
            0.09273210167884827,
            -0.0002747910039033741,
            0.9973899722099304,
            -0.07219800353050232,
            0.1754309982061386,
            0.07112640142440796,
            0.98191899061203
        ],
        [
            -0.3523780107498169,
            -0.0037350000347942114,
            -0.22140899300575256,
            0.18703599274158478,
            0.0972059965133667,
            0.07130099833011627,
            0.0,
            1.0,
            0.0,
            0.0,
            0.0,
            1.0
        ]
    ],
    "ops": [
        [
            0,
            0,
            0,
            1,
            2,
            1,
            0,
            0,
            0,
            1,
            1,
            2,
            0,
            2,
            0,
            2,
            1,
            1,
            1,
            0,
            2,
            0,
            0,
            1,
            1,
            0,
            0,
            2,
            1,
            0,
            0,
            1,
            2,
            1,
            1,
            1
        ]
    ],
    "syms": [
        [
            0.0,
            0.9997410178184509,
            0.02268330007791519,
            -0.0017403099918738008,
            0.005027339793741703,
            0.08290260285139084,
            0.4660170078277588,
            0.0
        ],
        [
            0.0,
            0.9999610185623169,
            -0.005536799784749746,
            0.006891460157930851,
            0.0007587500149384141,
            -0.3283959925174713,
            -0.23783500492572784,
            0.0
        ],
        [
            0.0,
            -0.0054068900644779205,
            0.005911690182983875,
            0.9999679923057556,
            -0.0023792500142008066,
            -0.33640700578689575,
            0.11349800229072571,
            0.0
        ],
        [
            0.0,
            0.9990730285644531,
            0.03543290123343468,
            -0.024441100656986237,
            -0.0019797501154243946,
            -0.3031429946422577,
            0.45265498757362366,
            0.0
        ],
        [
            0.0,
            0.9999380111694336,
            0.005639560054987669,
            0.009552749805152416,
            0.006978739984333515,
            0.5191779732704163,
            -0.25011301040649414,
            0.0
        ],
        [
            0.0,
            6.566150113940239e-05,
            0.9981859922409058,
            -0.060207199305295944,
            0.00213425001129508,
            0.4598050117492676,
            -0.25134599208831787,
            0.0
        ],
        [
            0.0,
            0.9999909996986389,
            -0.0014817500486969948,
            -0.0040193102322518826,
            0.0034635800402611494,
            0.4588940143585205,
            -0.25175800919532776,
            0.0
        ]
    ],
    "labels:": [
        [
            1,
            3,
            3,
            2,
            2,
            2,
            2,
            2,
            0,
            0,
            0,
            0,
            0,
            0,
            0
        ]
    ],
    "obj": 38129,
    "mat_index": 2495,
    "obbs": "N 26\n0.002112 0.12156 -0.230944 1 0 0 0 1 0 0 0 1 0.78028 0.102072 0.086106\n0.0021565 0.798049 -0.271747 1 0 0 0 1 0 0 0 1 0.640239 0.074266 0.084739\n0.0287175 -0.0721507 0.126914 0.999767 0.021577 -0.000756585 -0.021577 0.997311 -0.0700347 -0.000756585 0.0700347 0.997544 0.729294 0.0843187 0.771418\n0.0230869 0.459252 -0.253435 0.999643 -0.0195929 -0.0181594 0.0195929 0.0756443 0.996942 -0.0181594 -0.996942 0.0760011 0.678243 0.0988121 0.658851\n-0.122779 0.459081 -0.25125 -0.175431 -0.0711264 -0.981919 0.984492 -0.0123959 -0.174992 0.000274791 -0.99739 0.072198 0.0943772 0.0927321 0.611926\n0.00423765 0.45674 -0.252457 0.00635336 -0.998883 0.0468287 0.967302 -0.0057348 -0.253563 0.253548 0.0469084 0.966185 0.607659 0.0858741 0.0908429\n0.129707 0.458707 -0.252265 1 0 0 0 1 0 0 0 1 0.085255 0.613549 0.115782\n0.256599 0.455115 -0.252525 -0.222914 -0.0679969 -0.972464 0.974761 -0.00299408 -0.223231 0.0122674 -0.997681 0.0669481 0.0929903 0.0857174 0.623235\n-0.35397 0.0747572 0.466642 0.0482154 0.0501938 -0.997575 0.99798 0.0389304 0.0501938 0.0413554 -0.99798 -0.0482154 0.103915 0.0881665 0.342533\n0.364024 0.0910479 0.465393 -0.0430996 -0.998931 -0.0166932 0.998931 -0.0433667 0.0159864 -0.0166932 -0.0159864 0.999733 0.305569 0.0746344 0.0986247\n0.364251 -0.579093 0.0093725 1 0 0 0 1 0 0 0 1 0.056099 0.135541 1.38078\n-0.359978 -0.579093 0.0094185 1 0 0 0 1 0 0 0 1 0.056099 0.135541 1.38069\n-0.393674 0.271173 0.167085 0.999696 -0.0246542 -0.000164129 0.0246542 0.999607 0.0133118 -0.000164129 -0.0133118 0.999911 0.124907 0.066746 0.730192\n0.398173 0.257097 0.167202 1 0 0 0 1 0 0 0 1 0.123944 0.102215 0.729609\n-0.0042885 -0.33432 0.466601 1 0 0 0 1 0 0 0 1 0.661113 0.09906 0.08687\n-0.35573 -0.331527 0.116728 1 0 0 0 1 0 0 0 1 0.064597 0.102417 0.624816\n-0.00047 -0.338495 -0.239604 1 0 0 0 1 0 0 0 1 0.64627 0.090724 0.094417\n0.359675 -0.326992 0.115327 0.0045115 -0.999855 0.0164037 0.999855 0.0042412 -0.0164756 0.0164037 0.0164756 0.99973 0.112916 0.0739569 0.629768\n0.348687 -0.0075385 -0.218307 1 0 0 0 1 0 0 0 1 0.087226 0.194901 0.103318\n-0.352378 -0.003735 -0.221409 1 0 0 0 1 0 0 0 1 0.071301 0.187036 0.097206\n-0.344147 -0.326486 -0.240212 1 0 0 0 1 0 0 0 1 0.087761 0.492146 0.148439\n-0.344394 -0.315287 0.461032 1 0 0 0 1 0 0 0 1 0.087267 0.473764 0.098009\n0.345665 -0.330305 -0.235457 1 0 0 0 1 0 0 0 1 0.09327 0.473391 0.149679\n0.340435 -0.290999 0.444278 1 0 0 0 1 0 0 0 1 0.10373 0.52227 0.131516\n-0.336606 0.51724 -0.253396 -0.00201021 -0.997445 0.0714115 0.946139 -0.025017 -0.322794 0.323756 0.0669163 0.943771 0.752063 0.123204 0.115183\n0.350564 0.521116 -0.246831 -0.0142814 0.998243 -0.0574981 0.965395 0.0287414 0.259203 0.260401 -0.0518066 -0.96411 0.744054 0.102231 0.116745\nC 116\n0 20\n0 7\n0 4\n0 24\n0 18\n0 5\n0 2\n0 22\n0 25\n0 12\n0 19\n0 6\n0 3\n0 13\n1 6\n1 5\n1 3\n1 25\n1 4\n1 7\n1 24\n2 22\n2 5\n2 6\n2 17\n2 18\n2 12\n2 23\n2 24\n2 7\n2 8\n2 19\n2 13\n2 20\n2 3\n2 14\n2 25\n2 4\n2 9\n2 16\n2 21\n2 15\n3 7\n3 24\n3 12\n3 18\n3 6\n3 5\n3 22\n3 4\n3 25\n3 20\n3 13\n3 19\n4 19\n4 5\n4 12\n4 6\n4 24\n5 24\n5 7\n5 6\n5 25\n6 7\n6 25\n6 13\n6 18\n7 25\n7 22\n7 18\n7 13\n8 15\n8 21\n8 12\n8 14\n9 14\n9 13\n9 23\n9 17\n10 17\n10 23\n10 14\n10 16\n10 22\n11 21\n11 15\n11 16\n11 20\n11 14\n12 24\n12 19\n13 23\n13 25\n13 18\n14 17\n14 15\n14 21\n14 23\n15 20\n15 16\n15 19\n15 21\n16 22\n16 19\n16 20\n16 17\n16 18\n17 23\n17 18\n17 22\n18 25\n18 22\n19 24\n19 20\n20 24\n22 25\nS 11\n2\n0 0.002112 0.12156 -0.230944\n1 0.0021565 0.798049 -0.271747\n2\n0.00213425 0.459805 -0.251346\n6.56615e-05 0.998186 -0.0602072\n2\n4 -0.122779 0.459081 -0.25125\n6 0.129707 0.458707 -0.252265\n2\n0.00346358 0.458894 -0.251758\n0.999991 -0.00148175 -0.00401931\n2\n8 -0.35397 0.0747572 0.466642\n9 0.364024 0.0910479 0.465393\n2\n0.00502734 0.0829026 0.466017\n0.999741 0.0226833 -0.00174031\n2\n10 0.364251 -0.579093 0.0093725\n11 -0.359978 -0.579093 0.0094185\n2\n0.002136 -0.579093 0.0093955\n-1 0 6.35158e-05\n2\n12 -0.393674 0.271173 0.167085\n13 0.398173 0.257097 0.167202\n2\n0.00224937 0.264135 0.167143\n0.999842 -0.0177744 0.000146806\n2\n15 -0.35573 -0.331527 0.116728\n17 0.359675 -0.326992 0.115327\n2\n0.00197262 -0.329259 0.116028\n0.999978 0.00633795 -0.0019576\n2\n14 -0.0042885 -0.33432 0.466601\n16 -0.00047 -0.338495 -0.239604\n2\n-0.00237925 -0.336407 0.113498\n0.00540689 -0.00591169 -0.999968\n2\n18 0.348687 -0.0075385 -0.218307\n19 -0.352378 -0.003735 -0.221409\n2\n-0.00184525 -0.00563675 -0.219858\n-0.999975 0.00542519 -0.00442459\n2\n20 -0.344147 -0.326486 -0.240212\n22 0.345665 -0.330305 -0.235457\n2\n0.00075875 -0.328396 -0.237835\n0.999961 -0.0055368 0.00689146\n2\n21 -0.344394 -0.315287 0.461032\n23 0.340435 -0.290999 0.444278\n2\n-0.00197975 -0.303143 0.452655\n0.999073 0.0354329 -0.0244411\n2\n24 -0.336606 0.51724 -0.253396\n25 0.350564 0.521116 -0.246831\n2\n0.00697874 0.519178 -0.250113\n0.999938 0.00563956 0.00955275\nL 26\n0\n0\n1\n0\n0\n0\n0\n0\n3\n3\n2\n2\n3\n3\n2\n2\n2\n2\n0\n0\n2\n2\n2\n2\n0\n0"
}