{
    "boxes": [
        [
            0.010582500137388706,
            -0.09904850274324417,
            0.24858899414539337,
            0.059199001640081406,
            0.7315980195999146,
            0.9405450224876404,
            0.0,
            1.0,
            0.0,
            0.0,
            0.0,
            1.0
        ],
        [
            -0.41477200388908386,
            -0.419950008392334,
            0.5292789936065674,
            0.6028540134429932,
            0.020980799570679665,
            0.03386000171303749,
            -0.0,
            0.9956089854240417,
            -0.0936041995882988,
            0.0,
            0.0936041995882988,
            0.9956089854240417
        ],
        [
            0.41300299763679504,
            -0.40314701199531555,
            -0.19385500252246857,
            0.7373769879341125,
            0.021305300295352936,
            0.053409699350595474,
            0.0021381499245762825,
            0.8592060208320618,
            0.5116249918937683,
            0.0012153199641034007,
            -0.5116289854049683,
            0.8592060208320618
        ],
        [
            -0.425603985786438,
            -0.42173299193382263,
            -0.2041500061750412,
            0.6949219703674316,
            0.020818600431084633,
            0.033858999609947205,
            5.645129919074066e-10,
            0.8588389754295349,
            0.5122460126876831,
            3.2059999099942615e-10,
            -0.5122460126876831,
            0.8588389754295349
        ],
        [
            0.010582500137388706,
            0.22243300080299377,
            -0.3063490092754364,
            0.7011460065841675,
            0.11176399886608124,
            0.9405450224876404,
            -3.621279942578326e-10,
            0.9156820178031921,
            -0.40190500020980835,
            -5.544180115002462e-10,
            0.40190500020980835,
            0.9156820178031921
        ]
    ],
    "ops": [
        [
            0,
            0,
            2,
            0,
            0,
            1,
            1,
            1,
            0,
            1
        ]
    ],
    "syms": [
        [
            0.0,
            1.0,
            -7.078849739627913e-05,
            -0.0008016800275072455,
            0.009025500155985355,
            -0.419979989528656,
            0.5289390087127686,
            0.0
        ]
    ],
    "labels:": [
        [
            1,
            2,
            2,
            2,
            0
        ]
    ],
    "obj": 2420,
    "mat_index": 250,
    "obbs": "N 6\n0.0105825 0.222433 -0.306349 -3.62128e-10 0.915682 -0.401905 -5.54418e-10 0.401905 0.915682 1 5.54417e-10 3.62129e-10 0.701146 0.111764 0.940545\n0.0105825 -0.0990485 0.248589 1 0 0 0 1 0 0 0 1 0.940545 0.059199 0.731598\n-0.414772 -0.41995 0.529279 1 0 0 0 0.0936042 0.995609 0 -0.995609 0.0936042 0.03386 0.0209808 0.602854\n0.432823 -0.42001 0.528599 1 0 0 -0 0.0936042 0.995609 0 -0.995609 0.0936042 0.03386 0.0209798 0.602854\n0.413003 -0.403147 -0.193855 0.999997 -0.00121532 -0.00213815 0.00121532 -0.511629 0.859206 -0.00213815 -0.859206 -0.511625 0.0534097 0.0213053 0.737377\n-0.425604 -0.421733 -0.20415 1 -3.206e-10 -5.64513e-10 3.206e-10 -0.512246 0.858839 -5.64513e-10 -0.858839 -0.512246 0.033859 0.0208186 0.694922\nC 7\n0 1\n0 5\n0 4\n1 2\n1 3\n1 4\n1 5\nS 1\n2\n2 -0.414772 -0.41995 0.529279\n3 0.432823 -0.42001 0.528599\n2\n0.0090255 -0.41998 0.528939\n1 -7.07885e-05 -0.00080168\nL 6\n0\n1\n2\n2\n2\n2"
}