{
    "boxes": [
        [
            0.016766000539064407,
            0.3826430141925812,
            0.05990200117230415,
            0.022669000551104546,
            0.5440620183944702,
            0.7594199776649475,
            1.4405700626901605e-19,
            1.0,
            0.0,
            0.0,
            -0.0,
            1.0
        ],
        [
            0.016766000539064407,
            0.21509400010108948,
            0.083965003490448,
            0.022669000551104546,
            0.45338600873947144,
            0.7594199776649475,
            0.0,
            1.0,
            0.0,
            0.0,
            0.0,
            1.0
        ],
        [
            0.016766000539064407,
            -0.7088969945907593,
            -0.2922019958496094,
            0.09067700058221817,
            0.09067700058221817,
            0.7254160046577454,
            0.0,
            1.0,
            0.0,
            0.0,
            0.0,
            1.0
        ],
        [
            -0.36877501010894775,
            -0.19649499654769897,
            0.1279039978981018,
            0.9633479714393616,
            0.1935109943151474,
            0.05732500180602074,
            -0.006564970128238201,
            0.9220110177993774,
            -0.3871079981327057,
            -0.02621779963374138,
            0.38682499527931213,
            0.921779990196228
        ],
        [
            -0.36861100792884827,
            -0.7015050053596497,
            0.02452149987220764,
            0.19892999529838562,
            0.9082689881324768,
            0.04812999814748764,
            0.0,
            1.0,
            0.0,
            0.0,
            0.0,
            1.0
        ],
        [
            -0.3689340054988861,
            0.525754988193512,
            -0.16867700219154358,
            0.737280011177063,
            0.19193699955940247,
            0.05532379820942879,
            0.008244270458817482,
            0.9278119802474976,
            -0.3729569911956787,
            0.020003600046038628,
            0.3727419972419739,
            0.927718997001648
        ],
        [
            0.016766000539064407,
            0.7193149924278259,
            -0.28197601437568665,
            0.13601599633693695,
            0.07934260368347168,
            0.7254160046577454,
            4.024539990155063e-08,
            0.9848080277442932,
            -0.17364799976348877,
            4.7962601001927396e-08,
            0.17364799976348877,
            0.9848080277442932
        ]
    ],
    "ops": [
        [
            0,
            0,
            1,
            0,
            2,
            0,
            0,
            1,
            2,
            1,
            1,
            0,
            2,
            0,
            2,
            1,
            1
        ]
    ],
    "syms": [
        [
            0.0,
            -0.0,
            -0.0,
            1.0,
            0.016766000539064407,
            -0.7088969945907593,
            0.01577799953520298,
            0.0
        ],
        [
            0.0,
            0.9999070167541504,
            0.012526599690318108,
            -0.0053540500812232494,
            0.016434499993920326,
            -0.19166900217533112,
            0.12584100663661957,
            0.0
        ],
        [
            0.0,
            0.999879002571106,
            0.014393400400876999,
            -0.00596247985959053,
            0.016433199867606163,
            0.5313019752502441,
            -0.170974999666214,
            0.0
        ],
        [
            0.0,
            8.535980255963693e-10,
            0.9848080277442932,
            -0.17364799976348877,
            0.016766000539064407,
            0.6276050209999084,
            -0.2658050060272217,
            0.0
        ]
    ],
    "labels:": [
        [
            1,
            1,
            2,
            2,
            2,
            0,
            0
        ]
    ],
    "obj": 2423,
    "mat_index": 252,
    "obbs": "N 12\n0.016766 0.382643 0.059902 1 -1.44057e-19 -0 1.44057e-19 1 0 0 -0 1 0.75942 0.022669 0.544062\n0.016766 0.215094 0.083965 1 0 0 0 1 0 0 0 1 0.75942 0.022669 0.453386\n0.401801 0.53685 -0.173273 -0.0296966 -0.381213 -0.92401 0.999532 -0.0181158 -0.0246499 -0.00734237 -0.92431 0.381572 0.18562 0.0563028 0.715228\n-0.368934 0.525755 -0.168677 -0.0200036 -0.372742 -0.927719 0.999766 -0.0151088 -0.0154866 -0.00824427 -0.927812 0.372957 0.191937 0.0553238 0.73728\n0.016766 0.535895 -0.249634 1 -5.29807e-08 -4.64825e-08 5.29807e-08 0.130109 0.9915 -4.64825e-08 -0.9915 0.130109 0.725416 0.0852556 0.139378\n0.016766 0.719315 -0.281976 1 -4.79626e-08 -4.02454e-08 4.79626e-08 0.173648 0.984808 -4.02454e-08 -0.984808 0.173648 0.725416 0.0793426 0.136016\n0.016766 -0.708897 0.323758 1 0 0 0 1 0 0 0 1 0.725416 0.090677 0.090677\n0.016766 -0.708897 -0.292202 1 0 0 0 1 0 0 0 1 0.725416 0.090677 0.090677\n-0.368775 -0.196495 0.127904 0.0262178 -0.386825 -0.92178 0.999635 0.0162006 0.0216336 0.00656497 -0.922011 0.387108 0.193511 0.057325 0.963348\n0.401644 -0.186843 0.123779 0.0363593 -0.378362 -0.924943 0.999309 0.020854 0.030752 0.00765336 -0.925423 0.378859 0.194288 0.0605849 0.995375\n0.402143 -0.701505 0.0245215 1 0 0 0 1 0 0 0 1 0.048131 0.19893 0.908269\n-0.368611 -0.701505 0.0245215 1 0 0 0 1 0 0 0 1 0.04813 0.19893 0.908269\nC 26\n0 2\n0 3\n0 4\n0 8\n0 1\n0 9\n1 3\n1 2\n1 9\n1 8\n2 5\n2 9\n2 4\n3 5\n3 8\n3 4\n4 9\n4 5\n6 9\n6 10\n6 11\n6 8\n7 11\n7 10\n8 11\n9 10\nS 5\n2\n2 0.401801 0.53685 -0.173273\n3 -0.368934 0.525755 -0.168677\n2\n0.0164332 0.531302 -0.170975\n-0.999879 -0.0143934 0.00596248\n2\n4 0.016766 0.535895 -0.249634\n5 0.016766 0.719315 -0.281976\n2\n0.016766 0.627605 -0.265805\n8.53598e-10 0.984808 -0.173648\n2\n6 0.016766 -0.708897 0.323758\n7 0.016766 -0.708897 -0.292202\n2\n0.016766 -0.708897 0.015778\n0 0 -1\n2\n8 -0.368775 -0.196495 0.127904\n9 0.401644 -0.186843 0.123779\n2\n0.0164345 -0.191669 0.125841\n0.999907 0.0125266 -0.00535405\n2\n10 0.402143 -0.701505 0.0245215\n11 -0.368611 -0.701505 0.0245215\n2\n0.0167662 -0.701505 0.0245215\n-1 0 0\nL 12\n1\n1\n0\n0\n0\n0\n2\n2\n2\n2\n2\n2"
}