{
    "boxes": [
        [
            -7.550000009359792e-05,
            -0.1297769993543625,
            0.15026900172233582,
            0.1856060028076172,
            0.7635059952735901,
            0.8241469860076904,
            0.0,
            1.0,
            0.0,
            0.0,
            0.0,
            1.0
        ],
        [
            -0.26278001070022583,
            -0.4332369863986969,
            -0.24778899550437927,
            0.6547790169715881,
            0.1058029979467392,
            0.09096329659223557,
            -0.0246823001652956,
            0.980230987071991,
            0.19631199538707733,
            -0.31496700644493103,
            -0.19399599730968475,
            0.9290649890899658
        ],
        [
            -0.38669800758361816,
            -0.4019539952278137,
            0.5150539875030518,
            0.6884049773216248,
            0.04363200068473816,
            0.06787099689245224,
            0.0,
            1.0,
            0.0,
            0.0,
            0.0,
            1.0
        ],
        [
            0.0029511600732803345,
            0.28744301199913025,
            -0.2502340078353882,
            0.8178079724311829,
            0.14177699387073517,
            0.7495009899139404,
            -0.008246920071542263,
            0.9785240292549133,
            -0.20596599578857422,
            -0.010163100436329842,
            0.20588000118732452,
            0.9785240292549133
        ]
    ],
    "ops": [
        [
            0,
            0,
            0,
            1,
            2,
            1,
            0,
            1
        ]
    ],
    "syms": [
        [
            0.0,
            1.0,
            -3.0731200695299776e-08,
            -8.734809853194747e-07,
            -7.52159976400435e-05,
            -0.4332369863986969,
            -0.24778899550437927,
            0.0
        ]
    ],
    "labels:": [
        [
            1,
            2,
            2,
            0
        ]
    ],
    "obj": 38191,
    "mat_index": 2526,
    "obbs": "N 6\n0.00295116 0.287443 -0.250234 0.999914 0.0101631 0.00824692 -0.0101631 0.20588 0.978524 0.00824692 -0.978524 0.205966 0.749501 0.141777 0.817808\n-7.55e-05 -0.129777 0.150269 1 0 0 0 1 0 0 0 1 0.824147 0.185606 0.763506\n-0.26278 -0.433237 -0.247789 -0.0246823 0.980231 0.196312 -0.314967 -0.193996 0.929065 0.948782 -0.0389003 0.313528 0.654779 0.105803 0.0909633\n0.26263 -0.433237 -0.247789 0.948784 0.038907 -0.313521 0.31496 -0.193996 0.929067 -0.0246745 -0.980231 -0.196314 0.0909648 0.105803 0.654778\n0.386546 -0.401954 0.515054 1 0 0 0 1 0 0 0 1 0.06787 0.688405 0.043632\n-0.386698 -0.401954 0.515054 1 0 0 0 1 0 0 0 1 0.067871 0.688405 0.043632\nC 7\n0 1\n0 3\n0 2\n1 2\n1 3\n1 4\n1 5\nS 2\n2\n2 -0.26278 -0.433237 -0.247789\n3 0.26263 -0.433237 -0.247789\n2\n-7.5216e-05 -0.433237 -0.247789\n1 -3.07312e-08 -8.73481e-07\n2\n4 0.386546 -0.401954 0.515054\n5 -0.386698 -0.401954 0.515054\n2\n-7.575e-05 -0.401954 0.515054\n-1 0 0\nL 6\n0\n1\n2\n2\n2\n2"
}