{
    "boxes": [
        [
            -0.002391000045463443,
            -0.05016250163316727,
            0.10011400282382965,
            0.15192300081253052,
            0.8245000243186951,
            0.8233739733695984,
            0.0,
            1.0,
            0.0,
            0.0,
            0.0,
            1.0
        ],
        [
            -0.369500994682312,
            0.14509600400924683,
            -0.24161000549793243,
            0.2898310124874115,
            0.04906570166349411,
            0.0513123981654644,
            -0.31431400775909424,
            0.9171900153160095,
            0.24488499760627747,
            -0.30097100138664246,
            -0.34092798829078674,
            0.8906090259552002
        ],
        [
            -0.4802519977092743,
            0.31405898928642273,
            0.021806400269269943,
            0.05145049840211868,
            0.2948479950428009,
            0.11336500197649002,
            0.46341100335121155,
            0.8856639862060547,
            -0.02915240079164505,
            -0.0854991003870964,
            0.0774322971701622,
            0.9933249950408936
        ],
        [
            -0.45975399017333984,
            0.28993499279022217,
            -0.07542330026626587,
            0.050533100962638855,
            0.30897700786590576,
            0.058685898780822754,
            0.20343099534511566,
            0.9770659804344177,
            -0.06290339678525925,
            -0.19722899794578552,
            0.10382500290870667,
            0.9748439788818359
        ],
        [
            -0.35581299662590027,
            -0.3238379955291748,
            -0.3531140089035034,
            0.7314460277557373,
            0.050301000475883484,
            0.05401289835572243,
            0.10507500171661377,
            0.9729160070419312,
            0.2058980017900467,
            0.12526999413967133,
            -0.21834400296211243,
            0.9677979946136475
        ],
        [
            -0.40061599016189575,
            -0.3895860016345978,
            0.3747340142726898,
            0.5874050259590149,
            0.05340379849076271,
            0.04865249991416931,
            0.09213639795780182,
            0.9914640188217163,
            -0.09224530309438705,
            -0.6119509935379028,
            0.12946000695228577,
            0.7802280187606812
        ],
        [
            0.027479300275444984,
            0.3185810148715973,
            -0.22613400220870972,
            0.6966680288314819,
            0.21147200465202332,
            0.7578229904174805,
            0.0019015299621969461,
            0.9989489912986755,
            -0.04579859972000122,
            -0.1074339970946312,
            0.045737698674201965,
            0.9931600093841553
        ]
    ],
    "ops": [
        [
            0,
            0,
            0,
            0,
            1,
            1,
            2,
            1,
            0,
            0,
            1,
            2,
            1,
            0,
            1
        ]
    ],
    "syms": [
        [
            0.0,
            0.9948189854621887,
            -0.029494399204850197,
            0.09728480130434036,
            0.02331019937992096,
            0.1334500014781952,
            -0.20319600403308868,
            0.0
        ],
        [
            0.0,
            0.994234025478363,
            -0.03455059975385666,
            0.10151199996471405,
            0.03703960031270981,
            -0.3374899923801422,
            -0.3130030035972595,
            0.0
        ]
    ],
    "labels:": [
        [
            1,
            3,
            3,
            3,
            2,
            2,
            0
        ]
    ],
    "obj": 2425,
    "mat_index": 254,
    "obbs": "N 12\n0.0274793 0.318581 -0.226134 -0.99421 -0.0030318 -0.107408 -0.107434 0.0457377 0.99316 0.00190153 0.998949 -0.0457986 0.757823 0.211472 0.696668\n0.470612 0.31439 0.12487 -0.885946 -0.457948 -0.073369 -0.446988 0.885294 -0.128278 0.123698 -0.0808526 -0.989021 0.113469 0.0515184 0.29467\n0.469181 0.288761 0.0262679 0.939041 0.34327 -0.0191548 -0.34327 0.933022 -0.107865 -0.0191548 0.107865 0.993981 0.0643179 0.0499984 0.307497\n-0.480252 0.314059 0.0218064 -0.882009 0.457826 -0.111606 0.463411 0.885664 -0.0291524 0.0854991 -0.0774323 -0.993325 0.113365 0.0514505 0.294848\n-0.459754 0.289935 -0.0754233 -0.959019 0.185907 -0.213827 0.203431 0.977066 -0.0629034 0.197229 -0.103825 -0.974844 0.0586859 0.0505331 0.308977\n-0.002391 -0.0501625 0.100114 1 0 0 0 1 0 0 0 1 0.823374 0.151923 0.8245\n-0.355813 -0.323838 -0.353114 -0.105075 -0.972916 -0.205898 0.986543 -0.0758987 -0.14482 0.12527 -0.218344 0.967798 0.731446 0.0540129 0.050301\n0.429892 -0.351142 -0.272893 -0.828104 -0.0150196 -0.560373 -0.542763 -0.228503 0.808205 -0.140186 0.973427 0.181072 0.041754 0.0527753 0.676422\n0.316847 -0.386693 0.453698 0.968525 0.0119053 -0.248632 0.245313 0.123713 0.961518 0.0422061 -0.992247 0.116898 0.0437095 0.0517059 0.59273\n-0.400616 -0.389586 0.374734 -0.78551 0.0154377 -0.618656 -0.611951 0.12946 0.780228 0.0921364 0.991464 -0.0922453 0.0486525 0.0534038 0.587405\n0.416122 0.121804 -0.164783 0.254636 0.925301 0.281031 0.0734128 -0.308268 0.948463 0.964246 -0.220881 -0.146425 0.338262 0.0499502 0.0597628\n-0.369501 0.145096 -0.24161 -0.314314 0.91719 0.244885 -0.300971 -0.340928 0.890609 0.900346 0.206228 0.383206 0.289831 0.0490657 0.0513124\nC 28\n0 7\n0 10\n0 3\n0 11\n0 4\n0 5\n0 1\n0 6\n0 2\n1 2\n1 5\n1 10\n2 5\n2 10\n3 11\n3 5\n3 4\n4 5\n4 11\n4 6\n5 9\n5 6\n5 8\n5 11\n5 10\n5 7\n6 11\n7 10\nS 5\n2\n1 0.470612 0.31439 0.12487\n3 -0.480252 0.314059 0.0218064\n2\n-0.00482003 0.314225 0.073338\n-0.994177 -0.000345836 -0.107758\n2\n2 0.469181 0.288761 0.0262679\n4 -0.459754 0.289935 -0.0754233\n2\n0.00471324 0.289348 -0.0245777\n-0.994061 0.00125654 -0.108821\n2\n6 -0.355813 -0.323838 -0.353114\n7 0.429892 -0.351142 -0.272893\n2\n0.0370396 -0.33749 -0.313003\n0.994234 -0.0345506 0.101512\n2\n8 0.316847 -0.386693 0.453698\n9 -0.400616 -0.389586 0.374734\n2\n-0.0418841 -0.38814 0.414216\n-0.99399 -0.00400792 -0.109399\n2\n10 0.416122 0.121804 -0.164783\n11 -0.369501 0.145096 -0.24161\n2\n0.0233102 0.13345 -0.203196\n-0.994819 0.0294944 -0.0972848\nL 12\n0\n3\n3\n3\n3\n1\n2\n2\n2\n2\n3\n3"
}