{
    "boxes": [
        [
            -0.0017839999636635184,
            -0.02727999910712242,
            0.1339550018310547,
            0.1166519969701767,
            0.8352140188217163,
            0.8352140188217163,
            0.0,
            1.0,
            0.0,
            0.0,
            0.0,
            1.0
        ],
        [
            -0.42420700192451477,
            -0.28453999757766724,
            -0.2475930005311966,
            0.9341210126876831,
            0.08759160339832306,
            0.07328829914331436,
            -0.005548680201172829,
            0.9735050201416016,
            0.2285979986190796,
            0.36411601305007935,
            -0.21094200015068054,
            0.9071509838104248
        ],
        [
            -0.00793050043284893,
            -0.42150500416755676,
            -0.2779639959335327,
            0.032917000353336334,
            0.032917000353336334,
            0.8540570139884949,
            0.0,
            1.0,
            0.0,
            0.0,
            0.0,
            1.0
        ],
        [
            -0.42303499579429626,
            -0.4008829891681671,
            0.3211649954319,
            0.8554419875144958,
            0.08324199914932251,
            0.07289990037679672,
            0.007025820203125477,
            0.8092269897460938,
            -0.5874540209770203,
            -0.2691119909286499,
            0.5673249959945679,
            0.7782809734344482
        ],
        [
            -0.0038475000765174627,
            -0.22919699549674988,
            -0.22762100398540497,
            0.03291799873113632,
            0.032917000353336334,
            0.8540570139884949,
            0.0,
            1.0,
            0.0,
            0.0,
            0.0,
            1.0
        ],
        [
            0.4153729975223541,
            -0.29493701457977295,
            -0.24458299577236176,
            0.9523680210113525,
            0.07341969758272171,
            0.07340800017118454,
            0.002366509987041354,
            0.9665200114250183,
            0.25658100843429565,
            0.3885680139064789,
            -0.23730799555778503,
            0.8903369903564453
        ],
        [
            -0.0071061900816857815,
            0.523052990436554,
            -0.2817409932613373,
            0.3636080026626587,
            0.02721400000154972,
            0.777580976486206,
            -0.0011111099738627672,
            0.8188580274581909,
            -0.5739960074424744,
            -0.0021357599180191755,
            0.5739930272102356,
            0.8188580274581909
        ],
        [
            -0.006161089986562729,
            0.31840500235557556,
            -0.17575299739837646,
            0.9529910087585449,
            0.06559249758720398,
            0.8984310030937195,
            -0.0033197100274264812,
            0.8215600252151489,
            -0.5701119899749756,
            -0.006344310007989407,
            0.5700870156288147,
            0.8215600252151489
        ]
    ],
    "ops": [
        [
            0,
            0,
            0,
            2,
            1,
            0,
            2,
            0,
            0,
            1,
            1,
            1,
            1,
            0,
            0,
            1,
            1
        ]
    ],
    "syms": [
        [
            0.0,
            0.0,
            0.0,
            1.0,
            -0.00793050043284893,
            -0.42150500416755676,
            0.029339000582695007,
            0.0
        ],
        [
            0.0,
            0.9999859929084778,
            0.003934130072593689,
            -0.003597170114517212,
            -0.004856400191783905,
            -0.3992379903793335,
            0.3196600079536438,
            0.0
        ]
    ],
    "labels:": [
        [
            1,
            2,
            2,
            2,
            2,
            2,
            0,
            0
        ]
    ],
    "obj": 38274,
    "mat_index": 2570,
    "obbs": "N 10\n-0.00710619 0.523053 -0.281741 -0.00111111 0.818858 -0.573996 -0.00213576 0.573993 0.818858 0.999997 0.00213576 0.00111111 0.363608 0.027214 0.777581\n-0.0038475 -0.229197 -0.227621 1 0 0 0 1 0 0 0 1 0.854057 0.032918 0.032917\n-0.0079305 -0.421505 -0.277964 1 0 0 0 1 0 0 0 1 0.854057 0.032917 0.032917\n-0.0079305 -0.421505 0.336642 1 0 0 0 1 0 0 0 1 0.854057 0.032917 0.032917\n-0.001784 -0.02728 0.133955 1 0 0 0 1 0 0 0 1 0.835214 0.116652 0.835214\n0.413323 -0.397593 0.318156 -0.00259189 0.811155 -0.584825 0.984234 -0.101358 -0.144946 -0.17685 -0.575981 -0.798104 0.864096 0.0732248 0.0796762\n-0.423035 -0.400883 0.321165 0.269112 -0.567325 -0.778281 0.963083 0.152623 0.221759 -0.00702582 -0.809227 0.587454 0.083242 0.0728999 0.855442\n0.415373 -0.294937 -0.244583 -0.388568 0.237308 -0.890337 0.921417 0.097592 -0.37612 -0.00236651 -0.96652 -0.256581 0.0734197 0.073408 0.952368\n-0.424207 -0.28454 -0.247593 -0.364116 0.210942 -0.907151 0.931337 0.0882698 -0.353298 0.00554868 -0.973505 -0.228598 0.0875916 0.0732883 0.934121\n-0.00616109 0.318405 -0.175753 -0.00331971 0.82156 -0.570112 -0.00634431 0.570087 0.82156 0.999974 0.00634431 0.00331971 0.952991 0.0655925 0.898431\nC 22\n0 7\n0 8\n0 9\n1 2\n1 4\n1 8\n1 7\n2 8\n2 7\n3 6\n3 5\n4 7\n4 8\n4 9\n4 5\n4 6\n5 9\n5 7\n6 9\n6 8\n7 9\n8 9\nS 2\n2\n2 -0.0079305 -0.421505 -0.277964\n3 -0.0079305 -0.421505 0.336642\n2\n-0.0079305 -0.421505 0.029339\n0 0 1\n2\n5 0.413323 -0.397593 0.318156\n6 -0.423035 -0.400883 0.321165\n2\n-0.0048564 -0.399238 0.31966\n-0.999986 -0.00393413 0.00359717\nL 10\n0\n2\n2\n2\n1\n2\n2\n2\n2\n0"
}