{
    "boxes": [
        [
            -0.014255999587476254,
            -0.15009300410747528,
            0.10401300340890884,
            0.38673800230026245,
            0.9371209740638733,
            0.9359350204467773,
            0.007605249993503094,
            0.9999669790267944,
            -0.0026834900490939617,
            0.10453599691390991,
            0.0018738199723884463,
            0.9945189952850342
        ],
        [
            -0.3932090103626251,
            0.19703799486160278,
            -0.038339000195264816,
            0.4332830011844635,
            0.4021660089492798,
            0.17904500663280487,
            0.0,
            1.0,
            0.0,
            0.0,
            0.0,
            1.0
        ],
        [
            0.37493500113487244,
            0.19343100488185883,
            -0.059832099825143814,
            0.4265420138835907,
            0.47308000922203064,
            0.11390399932861328,
            -0.004488009959459305,
            0.999987006187439,
            0.002450099913403392,
            0.3081200122833252,
            -0.0009480660082772374,
            0.9513469934463501
        ],
        [
            -0.009113039821386337,
            -0.44565901160240173,
            0.10232599824666977,
            0.3333750069141388,
            0.9366080164909363,
            0.9372889995574951,
            0.005526709835976362,
            0.999983012676239,
            -0.0019464700017124414,
            0.1564369946718216,
            0.0010579300578683615,
            0.9876869916915894
        ],
        [
            -0.00583685003221035,
            0.5827630162239075,
            -0.31329700350761414,
            0.6611859798431396,
            0.24344399571418762,
            0.6941400170326233,
            0.016102999448776245,
            0.9959660172462463,
            -0.08827579766511917,
            -0.03961220011115074,
            0.0888533964753151,
            0.9952570199966431
        ]
    ],
    "ops": [
        [
            0,
            0,
            0,
            1,
            1,
            0,
            1,
            0,
            1
        ]
    ],
    "syms": [
        [
            0.0,
            0.0,
            0.0,
            0.0,
            0.0,
            0.0,
            0.0,
            0.0
        ]
    ],
    "labels:": [
        [
            1,
            3,
            3,
            2,
            0
        ]
    ],
    "obj": 38339,
    "mat_index": 2598,
    "obbs": "N 5\n-0.00583685 0.582763 -0.313297 -0.999085 0.0125298 -0.0408832 -0.0396122 0.0888534 0.995257 0.016103 0.995966 -0.0882758 0.69414 0.243444 0.661186\n-0.393209 0.197038 -0.038339 1 0 0 0 1 0 0 0 1 0.179045 0.433283 0.402166\n0.374935 0.193431 -0.0598321 0.00448801 -0.999987 -0.0024501 0.951337 0.00502458 -0.308111 0.30812 -0.000948066 0.951347 0.426542 0.113904 0.47308\n-0.014256 -0.150093 0.104013 0.994492 -0.00784409 -0.104518 0.00760525 0.999967 -0.00268349 0.104536 0.00187382 0.994519 0.935935 0.386738 0.937121\n-0.00911304 -0.445659 0.102326 0.987672 -0.00576316 -0.156429 0.00552671 0.999983 -0.00194647 0.156437 0.00105793 0.987687 0.937289 0.333375 0.936608\nC 6\n0 1\n0 3\n0 2\n1 3\n2 3\n3 4\nS 0\nL 5\n0\n3\n3\n1\n2"
}