{
    "boxes": [
        [
            0.008471610024571419,
            -0.12863899767398834,
            0.25361698865890503,
            0.15851899981498718,
            0.9316220283508301,
            1.1548700332641602,
            0.0005507280002348125,
            0.9488710165023804,
            -0.31566399335861206,
            8.920300024328753e-05,
            0.31566399335861206,
            0.9488710165023804
        ],
        [
            -0.5409420132637024,
            0.23999600112438202,
            0.05702219903469086,
            0.04833130165934563,
            0.7723119854927063,
            0.17634700238704681,
            -0.004326419904828072,
            0.9729430079460144,
            -0.23100300133228302,
            -0.052841298282146454,
            0.2304600030183792,
            0.9716460108757019
        ],
        [
            0.008238470181822777,
            -0.22275100648403168,
            0.4384300112724304,
            0.07521490007638931,
            0.023431699723005295,
            1.136929988861084,
            -0.00018582500342745334,
            0.9693700075149536,
            -0.24560600519180298,
            -0.00023877799685578793,
            0.24560600519180298,
            0.9693700075149536
        ],
        [
            -0.4924109876155853,
            -0.22757099568843842,
            0.02670699916779995,
            0.2527869939804077,
            1.4087400436401367,
            0.04504520073533058,
            0.025580599904060364,
            0.8775529861450195,
            -0.47879600524902344,
            -0.07258520275354385,
            0.4793190062046051,
            0.8746340274810791
        ],
        [
            -0.5504590272903442,
            -0.17616799473762512,
            0.4272480010986328,
            0.953577995300293,
            0.04073470085859299,
            0.08899620175361633,
            -0.0003575790033210069,
            0.9642630219459534,
            -0.2649480104446411,
            -0.000469082995550707,
            0.2649480104446411,
            0.9642630219459534
        ],
        [
            0.007695680018514395,
            0.21302199363708496,
            -0.3796600103378296,
            0.9468979835510254,
            0.14256399869918823,
            1.0171799659729004,
            -0.001541920006275177,
            0.9037070274353027,
            -0.42814901471138,
            -0.0024367300793528557,
            0.42814400792121887,
            0.9037070274353027
        ],
        [
            0.47438499331474304,
            0.21931399405002594,
            -0.3790090084075928,
            0.9331520199775696,
            0.10646700114011765,
            0.04431930184364319,
            -0.04273660108447075,
            0.879492998123169,
            -0.47398999333381653,
            0.12320899963378906,
            0.47544100880622864,
            0.8710770010948181
        ]
    ],
    "ops": [
        [
            0,
            0,
            2,
            1,
            0,
            0,
            0,
            1,
            2,
            1,
            1,
            0,
            0,
            2,
            1,
            1
        ]
    ],
    "syms": [
        [
            0.0,
            1.0,
            -7.3172201631166445e-09,
            -2.2888299255896527e-08,
            0.008224500343203545,
            0.23999600112438202,
            0.05702219903469086,
            0.0
        ],
        [
            0.0,
            0.9999439716339111,
            -0.006867129821330309,
            0.008009890094399452,
            0.009239709936082363,
            -0.23101599514484406,
            0.030725400894880295,
            0.0
        ],
        [
            0.0,
            0.9997689723968506,
            -0.010615799576044083,
            -0.01868310011923313,
            0.0069512901827692986,
            0.22427700459957123,
            -0.37027400732040405,
            0.0
        ]
    ],
    "labels:": [
        [
            1,
            3,
            2,
            2,
            2,
            0,
            0
        ]
    ],
    "obj": 38343,
    "mat_index": 2600,
    "obbs": "N 11\n0.00769568 0.213022 -0.37966 -0.00154192 0.903707 -0.428149 -0.00243673 0.428144 0.903707 0.999996 0.00243673 0.00154192 0.946898 0.142564 1.01718\n0.00847161 -0.128639 0.253617 1 -0.000550728 8.9203e-05 0.000550728 0.948871 -0.315664 8.9203e-05 0.315664 0.948871 1.15487 0.158519 0.931622\n0.474385 0.219314 -0.379009 -0.0427366 0.879493 -0.47399 0.99146 -0.0211732 -0.128681 -0.123209 -0.475441 -0.871077 0.933152 0.0443193 0.106467\n-0.460482 0.22924 -0.361539 0.0366884 0.901593 -0.431026 0.99146 0.0211739 0.128682 0.125145 -0.432066 -0.893117 0.932007 0.0443194 0.106579\n0.00823847 -0.222751 0.43843 1 0.000238778 0.000185825 -0.000238778 0.245606 0.96937 0.000185825 -0.96937 0.245606 1.13693 0.0234317 0.0752149\n0.557391 0.239996 0.0570222 0.998594 -0.0164103 -0.0504146 0.00432641 0.972943 -0.231003 0.0528413 0.23046 0.971646 0.176347 0.0483313 0.772312\n-0.540942 0.239996 0.0570222 0.0528413 -0.23046 -0.971646 -0.00432642 0.972943 -0.231003 0.998594 0.0164103 0.0504146 0.772312 0.0483313 0.176347\n0.51089 -0.234461 0.0347438 -0.0759722 -0.434041 -0.897684 0.996594 -0.0040916 -0.0823647 0.0320767 -0.900884 0.432874 1.40813 0.0438412 0.254039\n0.567026 -0.176168 0.427248 1 -0.000469162 -0.000357639 0.000469162 0.264948 0.964263 -0.000357639 -0.964263 0.264948 0.0889963 0.0407347 0.953578\n-0.550459 -0.176168 0.427248 -0.000357579 0.964263 -0.264948 -0.000469083 0.264948 0.964263 1 0.000469083 0.000357579 0.953578 0.0407347 0.0889962\n-0.492411 -0.227571 0.026707 0.0725852 -0.479319 -0.874634 0.997034 0.0123798 0.0759586 -0.0255806 -0.877553 0.478796 1.40874 0.0450452 0.252787\nC 28\n0 7\n0 10\n0 3\n0 5\n0 1\n0 6\n0 2\n1 3\n1 2\n1 10\n1 4\n1 9\n1 8\n1 7\n2 5\n2 7\n3 10\n3 6\n4 7\n4 8\n4 9\n4 10\n5 8\n5 7\n6 9\n6 10\n7 8\n9 10\nS 4\n2\n2 0.474385 0.219314 -0.379009\n3 -0.460482 0.22924 -0.361539\n2\n0.00695129 0.224277 -0.370274\n-0.999769 0.0106158 0.0186831\n2\n5 0.557391 0.239996 0.0570222\n6 -0.540942 0.239996 0.0570222\n2\n0.0082245 0.239996 0.0570222\n-1 7.31722e-09 2.28883e-08\n2\n7 0.51089 -0.234461 0.0347438\n10 -0.492411 -0.227571 0.026707\n2\n0.00923971 -0.231016 0.0307254\n-0.999944 0.00686713 -0.00800989\n2\n8 0.567026 -0.176168 0.427248\n9 -0.550459 -0.176168 0.427248\n2\n0.00828349 -0.176168 0.427248\n-1 -4.1334e-10 -4.74287e-10\nL 11\n0\n1\n0\n0\n2\n3\n3\n2\n2\n2\n2"
}