{
    "boxes": [
        [
            -0.00976100005209446,
            -0.16368499398231506,
            0.21234600245952606,
            0.4721269905567169,
            1.0258300304412842,
            0.9024519920349121,
            0.0,
            1.0,
            0.0,
            0.0,
            0.0,
            1.0
        ],
        [
            -0.4781320095062256,
            -0.0546610988676548,
            0.22084400057792664,
            0.7208340167999268,
            0.9290270209312439,
            0.27500200271606445,
            -0.20429900288581848,
            0.9782689809799194,
            -0.03537129983305931,
            -0.027698999270796776,
            0.030341900885105133,
            0.9991559982299805
        ],
        [
            -0.4795700013637543,
            -0.4447399973869324,
            0.6271039843559265,
            0.08998499810695648,
            0.09577099978923798,
            0.09840399771928787,
            0.0,
            1.0,
            0.0,
            0.0,
            0.0,
            1.0
        ],
        [
            -0.4335620105266571,
            -0.4447399973869324,
            -0.27422401309013367,
            0.08998499810695648,
            0.09577000141143799,
            0.09840399771928787,
            0.0,
            1.0,
            0.0,
            0.0,
            0.0,
            1.0
        ],
        [
            -0.00976100005209446,
            0.2893950045108795,
            -0.3564339876174927,
            1.0214899778366089,
            0.2988159954547882,
            0.9797139763832092,
            -2.8903598958684995e-10,
            0.9256529808044434,
            -0.37837299704551697,
            -4.3039699582081425e-10,
            0.37837299704551697,
            0.9256529808044434
        ],
        [
            -0.0072920299135148525,
            0.123928003013134,
            -0.3350220024585724,
            1.0836900472640991,
            0.527646005153656,
            1.0851099491119385,
            -0.009315120056271553,
            0.9921150207519531,
            -0.12498799711465836,
            -0.010561799630522728,
            0.12488900125026703,
            0.9921150207519531
        ]
    ],
    "ops": [
        [
            0,
            0,
            2,
            1,
            0,
            0,
            1,
            2,
            1,
            0,
            0,
            1,
            1
        ]
    ],
    "syms": [
        [
            0.0,
            1.0,
            -8.878979861037806e-05,
            -0.000694252026733011,
            -0.006452229805290699,
            -0.0547030009329319,
            0.22051599621772766,
            0.0
        ],
        [
            0.0,
            1.0,
            0.0,
            0.0,
            -0.00976100005209446,
            -0.4447399973869324,
            0.6271039843559265,
            0.0
        ]
    ],
    "labels:": [
        [
            1,
            3,
            2,
            2,
            0,
            0
        ]
    ],
    "obj": 38386,
    "mat_index": 2628,
    "obbs": "N 9\n-0.009761 0.289395 -0.356434 1 4.30397e-10 2.89036e-10 -4.30397e-10 0.378373 0.925653 2.89036e-10 -0.925653 0.378373 0.979714 0.298816 1.02149\n0.465228 -0.0547449 0.220189 -0.180948 -0.98349 -0.00245063 0.982661 -0.180692 -0.0415576 0.0404286 -0.00992789 0.999133 0.715044 0.263717 0.941432\n-0.478132 -0.0546611 0.220844 -0.204299 0.978269 -0.0353713 0.978517 0.205106 0.0208983 0.027699 -0.0303419 -0.999156 0.720834 0.275002 0.929027\n-0.009761 -0.163685 0.212346 1 0 0 0 1 0 0 0 1 0.902452 0.472127 1.02583\n-0.00729203 0.123928 -0.335022 0.999901 0.0105618 0.00931512 -0.0105618 0.124889 0.992115 0.00931512 -0.992115 0.124988 1.08511 0.527646 1.08369\n-0.47957 -0.44474 0.627104 1 0 0 0 1 0 0 0 1 0.098404 0.089985 0.095771\n0.460048 -0.44474 0.627104 1 0 0 0 1 0 0 0 1 0.098404 0.089985 0.095771\n0.41404 -0.44474 -0.274224 1 0 0 0 1 0 0 0 1 0.098404 0.089985 0.09577\n-0.433562 -0.44474 -0.274224 1 0 0 0 1 0 0 0 1 0.098404 0.089985 0.09577\nC 21\n0 1\n0 7\n0 4\n0 3\n0 8\n0 2\n1 3\n1 4\n1 6\n1 7\n2 8\n2 4\n2 3\n2 5\n3 5\n3 8\n3 6\n3 7\n3 4\n4 7\n4 8\nS 3\n2\n1 0.465228 -0.0547449 0.220189\n2 -0.478132 -0.0546611 0.220844\n2\n-0.00645223 -0.054703 0.220516\n-1 8.87898e-05 0.000694252\n2\n5 -0.47957 -0.44474 0.627104\n6 0.460048 -0.44474 0.627104\n2\n-0.009761 -0.44474 0.627104\n1 0 0\n2\n7 0.41404 -0.44474 -0.274224\n8 -0.433562 -0.44474 -0.274224\n2\n-0.009761 -0.44474 -0.274224\n-1 0 0\nL 9\n0\n3\n3\n1\n0\n2\n2\n2\n2"
}