{
    "boxes": [
        [
            -0.005125999916344881,
            -0.12087199836969376,
            0.16843800246715546,
            0.21082699298858643,
            1.0145100355148315,
            1.0652999877929688,
            0.0,
            1.0,
            0.0,
            0.0,
            0.0,
            1.0
        ],
        [
            -0.5842310190200806,
            -0.27459099888801575,
            -0.41415199637413025,
            0.6867769956588745,
            0.04302259907126427,
            0.10564400255680084,
            -0.01330410037189722,
            0.9365230202674866,
            0.3503530025482178,
            0.02709369920194149,
            -0.349918007850647,
            0.9363880157470703
        ],
        [
            -0.4922940135002136,
            -0.34870800375938416,
            0.6446890234947205,
            0.49292299151420593,
            0.09935799986124039,
            0.09131400287151337,
            0.0,
            1.0,
            0.0,
            0.0,
            0.0,
            1.0
        ],
        [
            -0.005240969825536013,
            0.21512599289417267,
            -0.36303800344467163,
            0.628944993019104,
            0.2148589938879013,
            1.1589200496673584,
            -0.00034845000482164323,
            0.9401140213012695,
            -0.3408609926700592,
            -0.0004969859728589654,
            0.3408609926700592,
            0.9401140213012695
        ],
        [
            -0.0073447697795927525,
            0.3016270101070404,
            -0.37318599224090576,
            0.5585970282554626,
            0.20132799446582794,
            1.2559499740600586,
            -0.00584439979866147,
            0.8395270109176636,
            -0.5432869791984558,
            -0.010743100196123123,
            0.5432119965553284,
            0.8395270109176636
        ]
    ],
    "ops": [
        [
            0,
            0,
            0,
            1,
            2,
            1,
            0,
            0,
            1,
            1
        ]
    ],
    "syms": [
        [
            0.0,
            0.9999759793281555,
            0.006596540100872517,
            0.002294169971719384,
            -0.004950160160660744,
            -0.27077001333236694,
            -0.41282299160957336,
            0.0
        ]
    ],
    "labels:": [
        [
            1,
            2,
            2,
            0,
            0
        ]
    ],
    "obj": 2435,
    "mat_index": 263,
    "obbs": "N 7\n-0.00524097 0.215126 -0.363038 1 0.000496986 0.00034845 -0.000496986 0.340861 0.940114 0.00034845 -0.940114 0.340861 1.15892 0.214859 0.628945\n-0.005126 -0.120872 0.168438 1 0 0 0 1 0 0 0 1 1.0653 0.210827 1.01451\n0.574331 -0.266948 -0.411494 0.999997 -0.00147768 -0.00213057 0.00147768 -0.350419 0.936592 -0.00213057 -0.936592 -0.350416 0.0983144 0.0430877 0.70266\n-0.584231 -0.274591 -0.414152 -0.0133041 0.936523 0.350353 0.0270937 -0.349918 0.936388 0.999544 0.0219502 -0.0207185 0.686777 0.0430226 0.105644\n0.482005 -0.355175 0.66065 0.999995 -0.00230722 -0.00223225 0.00230722 0.0330211 0.999452 -0.00223225 -0.999452 0.0330262 0.0920078 0.0759881 0.480961\n-0.492294 -0.348708 0.644689 1 0 0 0 1 0 0 0 1 0.091314 0.492923 0.099358\n-0.00734477 0.301627 -0.373186 0.999925 0.0107431 0.0058444 -0.0107431 0.543212 0.839527 0.0058444 -0.839527 0.543287 1.25595 0.201328 0.558597\nC 11\n0 1\n0 6\n0 3\n0 2\n1 2\n1 3\n1 4\n1 5\n1 6\n2 6\n3 6\nS 2\n2\n2 0.574331 -0.266948 -0.411494\n3 -0.584231 -0.274591 -0.414152\n2\n-0.00495016 -0.27077 -0.412823\n-0.999976 -0.00659654 -0.00229417\n2\n4 0.482005 -0.355175 0.66065\n5 -0.492294 -0.348708 0.644689\n2\n-0.00514434 -0.351942 0.652669\n-0.999844 0.00663587 -0.016379\nL 7\n0\n1\n2\n2\n2\n2\n0"
}