{
    "boxes": [
        [
            -0.0010735000250861049,
            -0.03607650101184845,
            0.06378500163555145,
            0.7453749775886536,
            1.1887400150299072,
            1.2758500576019287,
            0.0,
            1.0,
            0.0,
            0.0,
            0.0,
            1.0
        ],
        [
            -0.5267230272293091,
            0.10999999940395355,
            0.15152199566364288,
            0.45264101028442383,
            1.0132700204849243,
            0.22455400228500366,
            0.0,
            1.0,
            0.0,
            0.0,
            0.0,
            1.0
        ],
        [
            -0.5676550269126892,
            -0.41620901226997375,
            -0.45462799072265625,
            0.05994600057601929,
            0.15191900730133057,
            0.1426900029182434,
            0.0,
            1.0,
            0.0,
            0.0,
            0.0,
            1.0
        ],
        [
            -0.5556899905204773,
            -0.41599100828170776,
            0.5820299983024597,
            0.06220180168747902,
            0.15185900032520294,
            0.16626399755477905,
            -0.1075659990310669,
            0.9941539764404297,
            0.009328420273959637,
            0.0005031820037402213,
            -0.009328420273959637,
            0.9999560117721558
        ],
        [
            -3.73365000996273e-05,
            0.34324198961257935,
            -0.229420006275177,
            0.6464030146598816,
            0.261898010969162,
            0.904242992401123,
            0.009225909598171711,
            0.9374949932098389,
            -0.34787601232528687,
            0.013263200409710407,
            0.34774601459503174,
            0.9374949932098389
        ],
        [
            -0.0010735000250861049,
            0.10998199880123138,
            -0.42882901430130005,
            0.452675998210907,
            0.20351700484752655,
            1.2758500576019287,
            0.0,
            1.0,
            0.0,
            0.0,
            0.0,
            1.0
        ]
    ],
    "ops": [
        [
            0,
            0,
            2,
            1,
            0,
            0,
            1,
            2,
            1,
            0,
            0,
            1,
            1
        ]
    ],
    "syms": [
        [
            0.0,
            0.9999499917030334,
            -0.004314839839935303,
            0.009023250080645084,
            -0.008421249687671661,
            0.10776299983263016,
            0.15619899332523346,
            0.0
        ],
        [
            0.0,
            0.9999989867210388,
            -0.0015467300545424223,
            4.2652300180634484e-05,
            -0.0011786599643528461,
            -0.4170849919319153,
            -0.454602986574173,
            0.0
        ]
    ],
    "labels:": [
        [
            1,
            3,
            2,
            2,
            0,
            0
        ]
    ],
    "obj": 38393,
    "mat_index": 2634,
    "obbs": "N 9\n-3.73365e-05 0.343242 -0.22942 0.999869 -0.0132632 -0.00922591 0.0132632 0.347746 0.937495 -0.00922591 -0.937495 0.347876 0.904243 0.261898 0.646403\n0.50988 0.105526 0.160876 1 0 0 0 1 0 0 0 1 0.253945 0.462307 0.994559\n-0.526723 0.11 0.151522 1 0 0 0 1 0 0 0 1 0.224554 0.452641 1.01327\n-0.0010735 -0.0360765 0.063785 1 0 0 0 1 0 0 0 1 1.27585 0.745375 1.18874\n-0.0010735 0.109982 -0.428829 1 0 0 0 1 0 0 0 1 1.27585 0.452676 0.203517\n0.565298 -0.417961 -0.454579 0.999961 -0.00878196 -6.73457e-06 0.00878196 0.99996 0.0015337 -6.73457e-06 -0.0015337 0.999999 0.14262 0.0566954 0.152085\n0.565578 -0.407391 0.582493 0.999911 -0.0133464 0.000118474 0.0133464 0.999753 -0.0177516 0.000118474 0.0177516 0.999842 0.142368 0.0791853 0.152023\n-0.55569 -0.415991 0.58203 0.994198 0.107566 0.000503182 -0.107566 0.994154 0.00932842 0.000503182 -0.00932842 0.999956 0.166264 0.0622018 0.151859\n-0.567655 -0.416209 -0.454628 1 0 0 0 1 0 0 0 1 0.14269 0.059946 0.151919\nC 14\n0 1\n0 4\n0 3\n0 2\n1 3\n1 4\n1 6\n2 4\n2 3\n3 8\n3 6\n3 7\n3 4\n3 5\nS 3\n2\n1 0.50988 0.105526 0.160876\n2 -0.526723 0.11 0.151522\n2\n-0.00842125 0.107763 0.156199\n-0.99995 0.00431484 -0.00902325\n2\n5 0.565298 -0.417961 -0.454579\n8 -0.567655 -0.416209 -0.454628\n2\n-0.00117866 -0.417085 -0.454603\n-0.999999 0.00154673 -4.26523e-05\n2\n6 0.565578 -0.407391 0.582493\n7 -0.55569 -0.415991 0.58203\n2\n0.00494378 -0.411691 0.582262\n-0.99997 -0.00767024 -0.000413183\nL 9\n0\n3\n3\n1\n0\n2\n2\n2\n2"
}