{
    "boxes": [
        [
            -0.02788200043141842,
            -0.11500199884176254,
            0.1563110053539276,
            0.5937489867210388,
            1.1527600288391113,
            1.2977399826049805,
            0.0,
            1.0,
            0.0,
            0.0,
            0.0,
            1.0
        ],
        [
            -0.5326700210571289,
            -0.05100009962916374,
            0.6967589855194092,
            0.7274309992790222,
            0.041127998381853104,
            0.08524110168218613,
            0.006196280010044575,
            0.9999750256538391,
            0.0033662801142781973,
            -0.09806499630212784,
            -0.002742470009252429,
            0.9951760172843933
        ],
        [
            -0.5060700178146362,
            -0.05130450055003166,
            -0.40892499685287476,
            0.7200769782066345,
            0.033539000898599625,
            0.08455599844455719,
            0.0,
            1.0,
            0.0,
            0.0,
            0.0,
            1.0
        ],
        [
            -0.5214539766311646,
            0.3218820095062256,
            0.28544700145721436,
            0.017109699547290802,
            0.6646980047225952,
            0.11068300157785416,
            0.003609670093283057,
            0.9999930262565613,
            -0.00010985400149365887,
            1.9826900654607016e-07,
            0.00010985400149365887,
            1.0
        ],
        [
            -0.5179139971733093,
            0.3056490123271942,
            0.1409749984741211,
            0.028325000777840614,
            1.1117000579833984,
            0.10798999667167664,
            -0.00850198045372963,
            0.9999610185623169,
            -0.002425899961963296,
            -1.0312700396752916e-05,
            0.002425899961963296,
            0.9999970197677612
        ],
        [
            -0.02859090082347393,
            -0.4136120080947876,
            0.15754500031471252,
            0.03628610074520111,
            1.1182600259780884,
            1.1491299867630005,
            0.0037042798940092325,
            0.9999930262565613,
            -0.0008210940286517143,
            1.5207799606287153e-06,
            0.0008210940286517143,
            1.0
        ],
        [
            -0.0075194998644292355,
            0.20827700197696686,
            -0.33924600481987,
            1.2334400415420532,
            0.3699980080127716,
            0.8868989944458008,
            0.0,
            1.0,
            0.0,
            0.0,
            0.0,
            1.0
        ]
    ],
    "ops": [
        [
            0,
            0,
            0,
            0,
            0,
            1,
            1,
            1,
            2,
            1,
            0,
            1,
            0,
            1
        ]
    ],
    "syms": [
        [
            0.0,
            0.9997450113296509,
            -0.007180789951235056,
            0.021391699090600014,
            -0.04072580114006996,
            -0.05453360080718994,
            0.7072849869728088,
            0.0
        ]
    ],
    "labels:": [
        [
            1,
            3,
            3,
            3,
            3,
            2,
            0
        ]
    ],
    "obj": 38407,
    "mat_index": 2643,
    "obbs": "N 11\n-0.0075195 0.208277 -0.339246 1 0 0 0 1 0 0 0 1 0.886899 1.23344 0.369998\n0.462726 0.318333 0.310361 -1.98262e-07 -0.00010988 -1 0.00360869 0.999993 -0.00010988 0.999993 -0.00360869 1.98262e-07 0.664698 0.0171097 0.110682\n0.466097 0.303974 0.16778 1 0 0 0 1 0 0 0 1 0.108325 0.022139 1.12295\n-0.521454 0.321882 0.285447 -1.98269e-07 -0.000109854 -1 0.00360967 0.999993 -0.000109854 0.999993 -0.00360967 1.98269e-07 0.664698 0.0171097 0.110683\n-0.517914 0.305649 0.140975 1.03127e-05 -0.0024259 -0.999997 -0.00850198 0.999961 -0.0024259 0.999964 0.00850198 -1.03127e-05 1.1117 0.028325 0.10799\n-0.027882 -0.115002 0.156311 1 0 0 0 1 0 0 0 1 1.29774 0.593749 1.15276\n-0.0285909 -0.413612 0.157545 -1.52078e-06 -0.000821094 -1 0.00370428 0.999993 -0.000821094 0.999993 -0.00370428 1.52078e-06 1.11826 0.0362861 1.14913\n0.4782 -0.0525245 -0.387177 -0.998883 0.00541782 -0.0469351 -0.0469247 0.00203708 0.998896 0.00550745 0.999983 -0.00178058 0.0834366 0.0281801 0.723524\n0.451218 -0.058067 0.717812 1 0 0 0 1 0 0 0 1 0.084324 0.72078 0.044025\n-0.50607 -0.0513045 -0.408925 1 0 0 0 1 0 0 0 1 0.084556 0.720077 0.033539\n-0.53267 -0.0510001 0.696759 0.00619628 0.999975 0.00336628 -0.098065 -0.00274247 0.995176 0.995161 -0.0064965 0.0980455 0.727431 0.041128 0.0852411\nC 29\n0 7\n0 3\n0 4\n0 5\n0 1\n0 6\n0 9\n0 2\n1 2\n1 5\n1 8\n2 8\n2 5\n2 7\n3 10\n3 5\n3 4\n4 9\n4 10\n4 5\n5 9\n5 6\n5 8\n5 10\n5 7\n6 9\n6 7\n6 10\n6 8\nS 4\n2\n1 0.462726 0.318333 0.310361\n3 -0.521454 0.321882 0.285447\n2\n-0.0293642 0.320107 0.297904\n-0.999673 0.00360488 -0.0253062\n2\n2 0.466097 0.303974 0.16778\n4 -0.517914 0.305649 0.140975\n2\n-0.0259086 0.304811 0.154378\n-0.999628 0.00170206 -0.02723\n2\n7 0.4782 -0.0525245 -0.387177\n9 -0.50607 -0.0513045 -0.408925\n2\n-0.0139349 -0.0519145 -0.398051\n-0.999755 0.00123916 -0.0220903\n2\n8 0.451218 -0.058067 0.717812\n10 -0.53267 -0.0510001 0.696759\n2\n-0.0407258 -0.0545336 0.707285\n-0.999745 0.00718079 -0.0213917\nL 11\n0\n3\n3\n3\n3\n1\n2\n3\n3\n3\n3"
}