{
    "boxes": [
        [
            -0.000699999975040555,
            -0.0403595007956028,
            0.29078298807144165,
            0.1807209998369217,
            0.9661679863929749,
            1.1167999505996704,
            0.0,
            1.0,
            0.0,
            0.0,
            0.0,
            1.0
        ],
        [
            -0.017635000869631767,
            -0.778482973575592,
            -0.40776199102401733,
            0.03306899964809418,
            0.032749999314546585,
            0.8554840087890625,
            0.0,
            1.0,
            0.0,
            0.0,
            0.0,
            1.0
        ],
        [
            -0.3419699966907501,
            -0.413129985332489,
            0.5857340097427368,
            0.7574970126152039,
            0.0877465009689331,
            0.03258319944143295,
            0.011489399708807468,
            0.9994149804115295,
            -0.03220070153474808,
            0.03220070153474808,
            0.03181630000472069,
            0.9989749789237976
        ],
        [
            -0.47409000992774963,
            -0.4522469937801361,
            -0.27522900700569153,
            0.7336210012435913,
            0.06293340027332306,
            0.08907689899206161,
            0.012719900347292423,
            0.9388059973716736,
            0.34421199560165405,
            -0.064273402094841,
            -0.34275999665260315,
            0.9372220039367676
        ],
        [
            -0.3459540009498596,
            -0.7775840163230896,
            0.08577200025320053,
            0.032652001827955246,
            0.9809439778327942,
            0.030202999711036682,
            0.0,
            1.0,
            0.0,
            0.0,
            0.0,
            1.0
        ],
        [
            -0.0016384300542995334,
            0.3016650080680847,
            -0.31368300318717957,
            0.8693140149116516,
            0.19570599496364594,
            1.117840051651001,
            -0.0024343200493603945,
            0.9518560171127319,
            -0.306535005569458,
            -0.003341370029374957,
            0.3065269887447357,
            0.9518560171127319
        ]
    ],
    "ops": [
        [
            0,
            0,
            0,
            0,
            0,
            1,
            1,
            2,
            1,
            1,
            0,
            1
        ]
    ],
    "syms": [
        [
            0.0,
            0.9999639987945557,
            0.00032364099752157927,
            -0.008486580103635788,
            -0.04106380045413971,
            -0.41303300857543945,
            0.5831800103187561,
            0.0
        ]
    ],
    "labels:": [
        [
            1,
            2,
            2,
            2,
            2,
            0
        ]
    ],
    "obj": 38418,
    "mat_index": 2652,
    "obbs": "N 9\n-0.00163843 0.301665 -0.313683 -0.00243432 0.951856 -0.306535 -0.00334137 0.306527 0.951856 0.999991 0.00334137 0.00243432 0.869314 0.195706 1.11784\n-0.0007 -0.0403595 0.290783 1 0 0 0 1 0 0 0 1 1.1168 0.180721 0.966168\n0.455917 -0.453585 -0.275828 0.998771 0.00196647 -0.0495149 0.0471185 -0.347089 0.936648 -0.0153442 -0.93783 -0.346755 0.0952712 0.0650685 0.735549\n0.259843 -0.412936 0.580627 -0.0095544 0.997987 -0.0626931 0.999024 0.0122299 0.0424324 0.0431137 -0.0622265 -0.99713 0.75612 0.0327342 0.0799088\n-0.47409 -0.452247 -0.275229 -0.997851 0.034045 -0.0559804 -0.0642734 -0.34276 0.937222 0.0127199 0.938806 0.344212 0.0890769 0.0629334 0.733621\n-0.34197 -0.41313 0.585734 -0.0114894 -0.999415 0.0322007 0.999415 -0.0125145 -0.0318163 0.0322007 0.0318163 0.998975 0.757497 0.0325832 0.0877465\n-0.345954 -0.777584 0.085772 1 0 0 0 1 0 0 0 1 0.030203 0.032652 0.980944\n0.263425 -0.777532 0.083692 1 0 0 0 1 0 0 0 1 0.030256 0.032873 0.976784\n-0.017635 -0.778483 -0.407762 1 0 0 0 1 0 0 0 1 0.855484 0.033069 0.03275\nC 15\n0 1\n0 4\n0 2\n1 2\n1 3\n1 4\n1 5\n2 7\n2 8\n3 7\n4 6\n4 8\n5 6\n6 8\n7 8\nS 3\n2\n2 0.455917 -0.453585 -0.275828\n4 -0.47409 -0.452247 -0.275229\n2\n-0.00908635 -0.452916 -0.275528\n-0.999999 0.00143864 0.000644537\n2\n3 0.259843 -0.412936 0.580627\n5 -0.34197 -0.41313 0.585734\n2\n-0.0410638 -0.413033 0.58318\n-0.999964 -0.000323641 0.00848658\n2\n6 -0.345954 -0.777584 0.085772\n7 0.263425 -0.777532 0.083692\n2\n-0.0412647 -0.777558 0.084732\n0.999994 8.61527e-05 -0.00341329\nL 9\n0\n1\n2\n2\n2\n2\n2\n2\n2"
}