{
    "boxes": [
        [
            -0.010222500190138817,
            -0.12256699800491333,
            0.16106300055980682,
            0.06786590069532394,
            0.7302060127258301,
            0.9194899797439575,
            -6.611279968637973e-05,
            0.9999409914016724,
            -0.010871900245547295,
            -3.593960116177186e-07,
            0.010871900245547295,
            0.9999409914016724
        ],
        [
            -0.4047130048274994,
            -0.7530519962310791,
            0.47498199343681335,
            0.0617079995572567,
            0.07042200118303299,
            0.05289199948310852,
            0.0,
            1.0,
            0.0,
            0.0,
            0.0,
            1.0
        ],
        [
            -0.4047650098800659,
            -0.38866499066352844,
            0.29373699426651,
            0.8844879865646362,
            0.14130499958992004,
            0.04109539836645126,
            -0.0005104559822939336,
            0.867097020149231,
            -0.49813899397850037,
            -0.00277339993044734,
            0.4981360137462616,
            0.8670949935913086
        ],
        [
            -0.4664129912853241,
            -0.7530519962310791,
            -0.3491150140762329,
            0.0617079995572567,
            0.07042200118303299,
            0.05289199948310852,
            0.0,
            1.0,
            0.0,
            0.0,
            0.0,
            1.0
        ],
        [
            -0.4664129912853241,
            -0.38864898681640625,
            -0.19910599291324615,
            0.8556780219078064,
            0.15372000634670258,
            0.0396680012345314,
            8.36444957741378e-09,
            0.8910070061683655,
            0.45399001240730286,
            1.2747399580348429e-07,
            -0.45399001240730286,
            0.8910070061683655
        ],
        [
            -0.01022149994969368,
            0.41555801033973694,
            -0.2340089976787567,
            0.5112249851226807,
            0.04691930115222931,
            0.8286370038986206,
            2.3617400302100577e-07,
            0.9158130288124084,
            -0.4016050100326538,
            3.6145300441603467e-07,
            0.4016050100326538,
            0.9158130288124084
        ],
        [
            -0.4051530063152313,
            0.138032004237175,
            -0.10701499879360199,
            0.4701400101184845,
            0.09192659705877304,
            0.04395909979939461,
            -0.004547220189124346,
            0.8386300206184387,
            -0.5446829795837402,
            0.05879160016775131,
            0.5439710021018982,
            0.837041974067688
        ]
    ],
    "ops": [
        [
            0,
            0,
            0,
            1,
            0,
            0,
            1,
            1,
            2,
            1,
            0,
            0,
            2,
            1,
            1
        ]
    ],
    "syms": [
        [
            0.0,
            1.0,
            -0.0,
            -0.0,
            -0.01022849977016449,
            -0.7530519962310791,
            0.47498199343681335,
            0.0
        ],
        [
            0.0,
            0.9995329976081848,
            -0.022369399666786194,
            0.0207992997020483,
            -0.010494300164282322,
            0.12919999659061432,
            -0.09880279749631882,
            0.0
        ]
    ],
    "labels:": [
        [
            1,
            2,
            2,
            2,
            2,
            0,
            0
        ]
    ],
    "obj": 2441,
    "mat_index": 268,
    "obbs": "N 12\n-0.0102215 0.415558 -0.234009 1 -3.61453e-07 -2.36174e-07 3.61453e-07 0.401605 0.915813 -2.36174e-07 -0.915813 0.401605 0.828637 0.0469193 0.511225\n0.384256 -0.753052 0.474982 1 0 0 0 1 0 0 0 1 0.052892 0.061708 0.070422\n0.44597 -0.753052 -0.349115 1 0 0 0 1 0 0 0 1 0.052892 0.061708 0.070422\n-0.466413 -0.753052 -0.349115 1 0 0 0 1 0 0 0 1 0.052892 0.061708 0.070422\n-0.404713 -0.753052 0.474982 1 0 0 0 1 0 0 0 1 0.052892 0.061708 0.070422\n-0.0102225 -0.122567 0.161063 1 6.61128e-05 -3.59396e-07 -6.61128e-05 0.999941 -0.0108719 -3.59396e-07 0.0108719 0.999941 0.91949 0.0678659 0.730206\n0.384164 0.120368 -0.0905904 -0.047401 -0.577697 -0.814874 0.998873 -0.0253262 -0.0401494 0.00255651 -0.815858 0.578246 0.103562 0.043548 0.516496\n-0.405153 0.138032 -0.107015 -0.00454722 0.83863 -0.544683 0.99826 -0.0282166 -0.0517779 -0.0587916 -0.543971 -0.837042 0.47014 0.0439591 0.0919266\n-0.466413 -0.388649 -0.199106 -8.36445e-09 -0.891007 -0.45399 1 5.04192e-08 -1.17378e-07 1.27474e-07 -0.45399 0.891007 0.855678 0.039668 0.15372\n0.44597 -0.388649 -0.199106 1.97843e-16 -0.891007 -0.45399 1 2.22045e-16 0 1.00806e-16 -0.45399 0.891007 0.855678 0.039668 0.15372\n0.384046 -0.405815 0.311826 0.00871826 -0.493043 -0.869961 0.999962 0.00354695 0.00801084 -0.000863982 -0.869998 0.493055 0.125071 0.0414905 0.836971\n-0.404765 -0.388665 0.293737 0.0027734 -0.498136 -0.867095 0.999996 0.00182415 0.00215053 0.000510456 -0.867097 0.498139 0.141305 0.0410954 0.884488\nC 20\n0 7\n0 6\n0 9\n0 8\n1 10\n2 9\n3 8\n4 11\n5 9\n5 10\n5 8\n5 6\n5 11\n5 7\n6 9\n6 10\n7 11\n7 8\n8 11\n9 10\nS 5\n2\n1 0.384256 -0.753052 0.474982\n4 -0.404713 -0.753052 0.474982\n2\n-0.0102285 -0.753052 0.474982\n-1 0 0\n2\n2 0.44597 -0.753052 -0.349115\n3 -0.466413 -0.753052 -0.349115\n2\n-0.0102215 -0.753052 -0.349115\n-1 0 0\n2\n6 0.384164 0.120368 -0.0905904\n7 -0.405153 0.138032 -0.107015\n2\n-0.0104943 0.1292 -0.0988028\n-0.999533 0.0223694 -0.0207993\n2\n8 -0.466413 -0.388649 -0.199106\n9 0.44597 -0.388649 -0.199106\n2\n-0.0102215 -0.388649 -0.199106\n1 1.95127e-08 -2.92198e-08\n2\n10 0.384046 -0.405815 0.311826\n11 -0.404765 -0.388665 0.293737\n2\n-0.0103596 -0.39724 0.302782\n-0.999501 0.0217319 -0.0229204\nL 12\n0\n2\n2\n2\n2\n1\n0\n0\n2\n2\n2\n2"
}