{
    "boxes": [
        [
            -0.019932499155402184,
            -0.1404220014810562,
            0.23772099614143372,
            0.48410698771476746,
            0.809132993221283,
            0.9574310183525085,
            0.0,
            1.0,
            0.0,
            0.0,
            0.0,
            1.0
        ],
        [
            0.48567700386047363,
            0.17422300577163696,
            0.45659101009368896,
            0.8494889736175537,
            0.2689409852027893,
            0.05378900095820427,
            0.0,
            1.0,
            0.0,
            0.0,
            0.0,
            1.0
        ],
        [
            0.21915100514888763,
            0.5882179737091064,
            0.33248400688171387,
            0.022258300334215164,
            0.5177710056304932,
            0.517795979976654,
            -0.001423759968020022,
            0.9992650151252747,
            -0.038303300738334656,
            0.10450100153684616,
            0.03824229910969734,
            0.99378901720047
        ],
        [
            -0.4176419973373413,
            -0.45762899518013,
            -0.2838119864463806,
            0.1783909946680069,
            0.07114270329475403,
            0.05065299943089485,
            -0.001040920033119619,
            0.903315007686615,
            0.42897701263427734,
            0.09101179987192154,
            -0.42711201310157776,
            0.8996070027351379
        ],
        [
            -0.44167500734329224,
            -0.4440169930458069,
            0.5189390182495117,
            0.18097899854183197,
            0.051195401698350906,
            0.04956720024347305,
            -0.016141600906848907,
            0.9980869889259338,
            -0.059681400656700134,
            0.6486819982528687,
            0.055876098573207855,
            0.7590060234069824
        ],
        [
            0.38128501176834106,
            -0.4440169930458069,
            0.5189399719238281,
            0.18123699724674225,
            0.05250069871544838,
            0.04962389916181564,
            0.007531399838626385,
            0.9971839785575867,
            -0.074617400765419,
            -0.029355300590395927,
            0.0748078003525734,
            0.9967659711837769
        ],
        [
            -0.020072199404239655,
            0.1598059982061386,
            -0.2929840087890625,
            1.1783599853515625,
            0.2996549904346466,
            0.9703829884529114,
            -0.0017736699664965272,
            0.9729260206222534,
            -0.23110899329185486,
            -0.0022443400230258703,
            0.2311049997806549,
            0.9729260206222534
        ]
    ],
    "ops": [
        [
            0,
            0,
            0,
            1,
            1,
            0,
            2,
            0,
            0,
            1,
            1,
            1,
            0,
            1
        ]
    ],
    "syms": [
        [
            0.0,
            1.0,
            5.779990169685334e-05,
            -5.023059929953888e-05,
            -0.03020700067281723,
            -0.4576059877872467,
            -0.28383201360702515,
            0.0
        ]
    ],
    "labels:": [
        [
            1,
            3,
            3,
            2,
            2,
            2,
            0
        ]
    ],
    "obj": 38487,
    "mat_index": 2687,
    "obbs": "N 8\n-0.0200722 0.159806 -0.292984 -0.00177367 0.972926 -0.231109 -0.00224434 0.231105 0.972926 0.999996 0.00224434 0.00177367 1.17836 0.299655 0.970383\n0.485677 0.174223 0.456591 1 0 0 0 1 0 0 0 1 0.053789 0.849489 0.268941\n-0.0199325 -0.140422 0.237721 1 0 0 0 1 0 0 0 1 0.957431 0.484107 0.809133\n-0.441675 -0.444017 0.518939 -0.0161416 0.998087 -0.0596814 0.648682 0.0558761 0.759006 0.760889 -0.0264627 -0.648343 0.180979 0.0511954 0.0495672\n-0.417642 -0.457629 -0.283812 0.00104092 -0.903315 -0.428977 0.995849 0.0399784 -0.0817677 0.0910118 -0.427112 0.899607 0.178391 0.050653 0.0711427\n0.357228 -0.457584 -0.283851 -0.0111977 -0.902483 -0.43058 0.989819 0.0510981 -0.132841 0.141889 -0.427684 0.892723 0.178455 0.0516802 0.0712099\n0.381285 -0.444017 0.51894 0.0293553 -0.0748078 -0.996766 0.999541 -0.00531663 0.0298361 -0.0075314 -0.997184 0.0746174 0.0525007 0.0496239 0.181237\n0.219151 0.588218 0.332484 0.994524 -0.00258783 -0.104479 -0.00142376 0.999265 -0.0383033 0.104501 0.0382423 0.993789 0.517796 0.0222583 0.517771\nC 10\n0 5\n0 4\n0 2\n1 2\n1 6\n1 7\n2 6\n2 4\n2 3\n2 5\nS 1\n2\n4 -0.417642 -0.457629 -0.283812\n5 0.357228 -0.457584 -0.283851\n2\n-0.030207 -0.457606 -0.283832\n1 5.77999e-05 -5.02306e-05\nL 8\n0\n3\n1\n2\n2\n2\n2\n3"
}