{
    "boxes": [
        [
            -0.004415160045027733,
            -0.1652110069990158,
            0.11888399720191956,
            0.13879899680614471,
            0.7251989841461182,
            0.6485289931297302,
            0.00867099966853857,
            0.9994480013847351,
            0.03208160027861595,
            -0.00013912799477111548,
            -0.03208160027861595,
            0.9994850158691406
        ],
        [
            -0.2949160039424896,
            -0.49508899450302124,
            -0.24486100673675537,
            0.6849939823150635,
            0.047826800495386124,
            0.04254699870944023,
            -2.5139699573628604e-05,
            0.9825289845466614,
            0.18611100316047668,
            -2.0824800230911933e-05,
            -0.18611100316047668,
            0.9825289845466614
        ],
        [
            0.28583499789237976,
            -0.47697699069976807,
            0.44885700941085815,
            0.6672970056533813,
            0.06541740149259567,
            0.05389830097556114,
            0.006051409989595413,
            0.9818999767303467,
            -0.189300999045372,
            0.6275849938392639,
            0.14365200698375702,
            0.7651810050010681
        ],
        [
            -0.2940180003643036,
            -0.4878680109977722,
            0.4562950134277344,
            0.6432620286941528,
            0.05428279936313629,
            0.05625849962234497,
            0.01734969951212406,
            0.9819279909133911,
            -0.1884559988975525,
            -0.23042599856853485,
            0.1873369961977005,
            0.9548869729042053
        ],
        [
            0.0004034999874420464,
            0.5487290024757385,
            -0.23767200112342834,
            0.4388450086116791,
            0.11194100230932236,
            0.7466830015182495,
            1.2149300232522364e-08,
            0.9983199834823608,
            -0.05794399976730347,
            1.287490025703164e-08,
            0.05794399976730347,
            0.9983199834823608
        ],
        [
            -0.293271005153656,
            0.2860940098762512,
            -0.25695499777793884,
            0.8702309727668762,
            0.08757290244102478,
            0.04860350117087364,
            0.0008741850033402443,
            0.9997590184211731,
            -0.021918699145317078,
            -0.08270829916000366,
            0.021915800869464874,
            0.9963330030441284
        ]
    ],
    "ops": [
        [
            0,
            0,
            2,
            0,
            0,
            1,
            1,
            1,
            0,
            0,
            2,
            1,
            1
        ]
    ],
    "syms": [
        [
            0.0,
            1.0,
            -3.36812012741855e-13,
            -4.791330093095736e-13,
            -0.004432499874383211,
            -0.49508899450302124,
            -0.24486100673675537,
            0.0
        ],
        [
            0.0,
            0.999904990196228,
            0.012865600176155567,
            0.005038539879024029,
            -0.0024194500874727964,
            0.28983598947525024,
            -0.2554900050163269,
            0.0
        ]
    ],
    "labels:": [
        [
            1,
            2,
            2,
            2,
            0,
            0
        ]
    ],
    "obj": 38491,
    "mat_index": 2689,
    "obbs": "N 8\n0.0004035 0.548729 -0.237672 1 -1.28749e-08 -1.21493e-08 1.28749e-08 0.057944 0.99832 -1.21493e-08 -0.99832 0.057944 0.746683 0.111941 0.438845\n-0.00441516 -0.165211 0.118884 0.999962 -0.008671 -0.000139128 0.008671 0.999448 0.0320816 -0.000139128 -0.0320816 0.999485 0.648529 0.138799 0.725199\n0.288432 0.293579 -0.254024 0.0292755 -0.0231648 -0.999303 0.999566 0.00408562 0.0291884 0.00340663 -0.999723 0.0232743 0.0944239 0.0494514 0.855406\n-0.293271 0.286094 -0.256955 0.000874185 0.999759 -0.0219187 0.996573 0.000941874 0.0827075 0.0827083 -0.0219158 -0.996333 0.870231 0.0486035 0.0875729\n0.285835 -0.476977 0.448857 -0.627585 -0.143652 -0.765181 0.778525 -0.123433 -0.615356 -0.00605141 -0.9819 0.189301 0.0654174 0.0538983 0.667297\n-0.294018 -0.487868 0.456295 -0.972935 -0.026858 -0.229512 -0.230426 0.187337 0.954887 0.0173497 0.981928 -0.188456 0.0562585 0.0542828 0.643262\n0.286051 -0.495089 -0.244861 1 -2.29469e-05 -2.77015e-05 2.29469e-05 -0.186111 0.982529 -2.77015e-05 -0.982529 -0.186111 0.0425487 0.0478268 0.684994\n-0.294916 -0.495089 -0.244861 -2.51397e-05 0.982529 0.186111 -2.08248e-05 -0.186111 0.982529 1 2.08248e-05 2.51397e-05 0.684994 0.0478268 0.042547\nC 10\n0 3\n0 2\n1 2\n1 3\n1 4\n1 5\n1 6\n1 7\n2 6\n3 7\nS 2\n2\n2 0.288432 0.293579 -0.254024\n3 -0.293271 0.286094 -0.256955\n2\n-0.00241945 0.289836 -0.25549\n-0.999905 -0.0128656 -0.00503854\n2\n6 0.286051 -0.495089 -0.244861\n7 -0.294916 -0.495089 -0.244861\n2\n-0.0044325 -0.495089 -0.244861\n-1 3.36812e-13 4.79133e-13\nL 8\n0\n1\n0\n0\n2\n2\n2\n2"
}