{
    "boxes": [
        [
            0.005956000182777643,
            0.03453249856829643,
            0.07404550164937973,
            0.1293250024318695,
            0.7910130023956299,
            0.741707980632782,
            0.0,
            1.0,
            0.0,
            0.0,
            0.0,
            1.0
        ],
        [
            0.005293000023812056,
            -0.46788400411605835,
            0.04530949890613556,
            0.05391399934887886,
            0.08568699657917023,
            0.6171919703483582,
            0.0,
            1.0,
            0.0,
            0.0,
            0.0,
            1.0
        ],
        [
            -0.3202340006828308,
            -0.30348700284957886,
            0.4060559868812561,
            0.7422339916229248,
            0.14190100133419037,
            0.09662000089883804,
            0.0,
            1.0,
            0.0,
            0.0,
            0.0,
            1.0
        ],
        [
            -0.324880987405777,
            -0.4655649960041046,
            0.051619499921798706,
            0.08244399726390839,
            0.5983970165252686,
            0.07269199937582016,
            0.0,
            1.0,
            0.0,
            0.0,
            0.0,
            1.0
        ],
        [
            0.3438880145549774,
            -0.2893890142440796,
            -0.28557100892066956,
            0.7753390073776245,
            0.11948200315237045,
            0.08629459887742996,
            -0.006470679771155119,
            0.998242974281311,
            0.05890199914574623,
            0.15220099687576294,
            -0.05723379924893379,
            0.9866909980773926
        ],
        [
            0.008519729599356651,
            0.483242005109787,
            -0.2972019910812378,
            0.3304240107536316,
            0.03371499851346016,
            0.07609649747610092,
            0.02018599957227707,
            0.9985259771347046,
            -0.05037419870495796,
            -0.03384070098400116,
            0.051038000732660294,
            0.9981229901313782
        ],
        [
            0.004086500033736229,
            0.27118200063705444,
            -0.28173398971557617,
            0.1504790037870407,
            0.05498399958014488,
            0.5860049724578857,
            0.0,
            1.0,
            0.0,
            0.0,
            0.0,
            1.0
        ],
        [
            -0.3120090067386627,
            0.4944419860839844,
            -0.304951012134552,
            0.8033109903335571,
            0.10031399875879288,
            0.11704400181770325,
            0.004201849922537804,
            0.9987429976463318,
            -0.04994799941778183,
            0.04994799941778183,
            0.049676500260829926,
            0.9975159764289856
        ],
        [
            -0.2018910050392151,
            0.48449501395225525,
            -0.2966279983520508,
            0.329257994890213,
            0.026451900601387024,
            0.07099659740924835,
            0.03348710015416145,
            0.9970030188560486,
            -0.06974150240421295,
            0.035889800637960434,
            0.06853599846363068,
            0.9970030188560486
        ],
        [
            -0.09989359974861145,
            0.4897570013999939,
            -0.29923999309539795,
            0.3391219973564148,
            0.03115689940750599,
            0.07304050028324127,
            0.017972199246287346,
            0.9971709847450256,
            -0.0729897990822792,
            -0.03699810057878494,
            0.07361479848623276,
            0.9965999722480774
        ]
    ],
    "ops": [
        [
            0,
            0,
            0,
            0,
            0,
            1,
            1,
            2,
            1,
            1,
            0,
            0,
            2,
            1,
            0,
            2,
            0,
            0,
            1,
            2,
            1,
            1,
            1
        ]
    ],
    "syms": [
        [
            0.0,
            0.9999719858169556,
            7.606379881508474e-07,
            0.007420780137181282,
            0.008428500033915043,
            -0.30348700284957886,
            0.4084939956665039,
            0.0
        ],
        [
            0.0,
            0.0026595001108944416,
            0.9971939921379089,
            -0.07481340318918228,
            0.004698750097304583,
            0.5007489919662476,
            -0.2989569902420044,
            0.0
        ],
        [
            0.0,
            0.9998909831047058,
            -0.014287999831140041,
            0.0037936600856482983,
            0.004907509777694941,
            0.4899140000343323,
            -0.3037480115890503,
            0.0
        ],
        [
            0.0,
            0.9999949932098389,
            -0.0029597401153296232,
            -0.0010676899692043662,
            0.003770299954339862,
            0.4838869869709015,
            -0.29684799909591675,
            0.0
        ]
    ],
    "labels:": [
        [
            1,
            2,
            2,
            2,
            2,
            0,
            0,
            0,
            0,
            0
        ]
    ],
    "obj": 2442,
    "mat_index": 269,
    "obbs": "N 17\n0.005956 0.0345325 0.0740455 1 0 0 0 1 0 0 0 1 0.741708 0.129325 0.791013\n0.209431 0.483278 -0.297067 0.00760011 0.998773 -0.0489325 -0.0469961 0.0492366 0.997681 0.998866 -0.00528285 0.0473127 0.33002 0.0341789 0.0712444\n0.104554 0.483537 -0.297993 -0.999254 0.021281 -0.0322344 -0.0309887 0.0564738 0.997923 0.0230572 0.998177 -0.0557722 0.0724139 0.0333084 0.33063\n-0.201891 0.484495 -0.296628 0.998795 -0.0358898 -0.0334871 0.0358898 0.068536 0.997003 -0.0334871 -0.997003 0.0697415 0.0709966 0.0264519 0.329258\n-0.0998936 0.489757 -0.29924 0.0179722 0.997171 -0.0729898 -0.0369981 0.0736148 0.9966 0.999154 -0.0152106 0.0382164 0.339122 0.0311569 0.0730405\n0.00851973 0.483242 -0.297202 -0.999223 0.0184434 -0.0348211 -0.0338407 0.051038 0.998123 0.020186 0.998526 -0.0503742 0.0760965 0.033715 0.330424\n0.0040865 0.271182 -0.281734 1 0 0 0 1 0 0 0 1 0.586005 0.150479 0.054984\n0.005311 0.730316 -0.31618 1 0 0 0 1 0 0 0 1 0.587916 0.226896 0.060454\n0.335103 -0.467089 0.054943 1 0 0 0 1 0 0 0 1 0.071711 0.093261 0.617684\n-0.324881 -0.465565 0.0516195 1 0 0 0 1 0 0 0 1 0.072692 0.082444 0.598397\n0.005293 -0.467884 0.0453095 1 0 0 0 1 0 0 0 1 0.617192 0.053914 0.085687\n-0.323554 -0.27697 -0.279632 0.00167607 -0.99776 -0.0668725 0.999273 0.00421875 -0.0378997 0.038097 -0.0667603 0.997041 0.801352 0.0925417 0.134567\n0.343888 -0.289389 -0.285571 0.00647068 -0.998243 -0.058902 0.988328 0.0153495 -0.151563 0.152201 -0.0572338 0.986691 0.775339 0.0862946 0.119482\n0.337091 -0.303486 0.410934 1 0 0 0 1 0 0 0 1 0.084188 0.742233 0.132143\n-0.320234 -0.303487 0.406056 1 0 0 0 1 0 0 0 1 0.09662 0.742234 0.141901\n0.321824 0.485385 -0.302546 -0.0085377 -0.061272 -0.998085 0.999939 0.00648195 -0.00895149 0.00701801 -0.9981 0.0612129 0.0920638 0.120414 0.822006\n-0.312009 0.494442 -0.304951 -0.049948 -0.0496765 -0.997516 0.998743 -0.00668622 -0.0496765 -0.00420185 -0.998743 0.049948 0.100314 0.117044 0.803311\nC 56\n0 14\n0 2\n0 16\n0 3\n0 15\n0 11\n0 4\n0 12\n0 5\n0 1\n0 13\n0 6\n1 15\n1 6\n1 2\n1 5\n1 4\n1 12\n1 7\n2 5\n2 6\n2 3\n2 7\n2 15\n2 4\n3 11\n3 7\n3 6\n3 16\n3 5\n3 4\n4 7\n4 5\n4 16\n4 11\n4 6\n5 6\n5 15\n5 16\n5 7\n6 15\n6 16\n6 11\n6 12\n7 16\n7 15\n8 13\n8 10\n8 12\n9 11\n9 14\n9 10\n10 11\n10 12\n11 16\n12 15\nS 7\n2\n3 -0.201891 0.484495 -0.296628\n1 0.209431 0.483278 -0.297067\n2\n0.0037703 0.483887 -0.296848\n0.999995 -0.00295974 -0.00106769\n2\n4 -0.0998936 0.489757 -0.29924\n2 0.104554 0.483537 -0.297993\n2\n0.00233011 0.486647 -0.298617\n0.999519 -0.0304072 0.00609531\n2\n6 0.0040865 0.271182 -0.281734\n7 0.005311 0.730316 -0.31618\n2\n0.00469875 0.500749 -0.298957\n0.0026595 0.997194 -0.0748134\n2\n8 0.335103 -0.467089 0.054943\n9 -0.324881 -0.465565 0.0516195\n2\n0.00511125 -0.466327 0.0532813\n-0.999985 0.00230835 -0.00503565\n2\n11 -0.323554 -0.27697 -0.279632\n12 0.343888 -0.289389 -0.285571\n2\n0.010167 -0.28318 -0.282601\n0.999787 -0.018602 -0.00889581\n2\n13 0.337091 -0.303486 0.410934\n14 -0.320234 -0.303487 0.406056\n2\n0.0084285 -0.303487 0.408494\n-0.999972 -7.60638e-07 -0.00742078\n2\n15 0.321824 0.485385 -0.302546\n16 -0.312009 0.494442 -0.304951\n2\n0.00490751 0.489914 -0.303748\n-0.999891 0.014288 -0.00379366\nL 17\n1\n0\n0\n0\n0\n0\n0\n0\n2\n2\n2\n2\n2\n2\n2\n0\n0"
}