{
    "boxes": [
        [
            -0.008130960166454315,
            -0.1621679961681366,
            0.1779319941997528,
            0.1927189975976944,
            0.7823020219802856,
            0.7190150022506714,
            -0.003835459938272834,
            0.9901660084724426,
            -0.13984699547290802,
            -0.00026951401378028095,
            0.13984699547290802,
            0.9901729822158813
        ],
        [
            -0.3691299855709076,
            -0.0558663010597229,
            0.19759899377822876,
            0.11562199890613556,
            0.6262909770011902,
            0.08782990276813507,
            -0.6487100124359131,
            0.6131539940834045,
            -0.4507960081100464,
            0.008336259983479977,
            0.5980349779129028,
            0.8014259934425354
        ],
        [
            -0.37983301281929016,
            0.15108999609947205,
            0.14531299471855164,
            0.11981800198554993,
            0.9082040190696716,
            0.05629580095410347,
            -0.0012961199972778559,
            0.9971799850463867,
            -0.07503490149974823,
            -0.029862800613045692,
            0.07496289908885956,
            0.9967389702796936
        ],
        [
            -0.36916500329971313,
            -0.427372008562088,
            -0.28519099950790405,
            0.49838998913764954,
            0.09948520362377167,
            0.08652129769325256,
            -0.03185170143842697,
            0.6631190180778503,
            0.7478359937667847,
            -0.5234419703483582,
            -0.6484709978103638,
            0.552715003490448
        ],
        [
            -0.3883630037307739,
            -0.2830919921398163,
            0.5042780041694641,
            0.7238289713859558,
            0.13068799674510956,
            0.047944001853466034,
            -1.9784299426762423e-16,
            0.8910070061683655,
            -0.45399001240730286,
            -1.0080599985766512e-16,
            0.45399001240730286,
            0.8910070061683655
        ],
        [
            0.32756900787353516,
            0.03886520117521286,
            -0.2994399964809418,
            0.827347993850708,
            0.25005701184272766,
            0.10533499717712402,
            -0.040421199053525925,
            0.8273680210113525,
            -0.560204029083252,
            0.12228299677371979,
            0.5605440139770508,
            0.8190469741821289
        ],
        [
            -0.29622799158096313,
            0.06456580013036728,
            -0.2943100035190582,
            0.6458240151405334,
            0.015981599688529968,
            0.03196199983358383,
            -0.0,
            0.89485102891922,
            -0.44636499881744385,
            0.0,
            0.44636499881744385,
            0.89485102891922
        ],
        [
            -0.24428899586200714,
            0.06456580013036728,
            -0.2943100035190582,
            0.6458240151405334,
            0.015981599688529968,
            0.03196199983358383,
            -0.0,
            0.89485102891922,
            -0.44636499881744385,
            0.0,
            0.44636499881744385,
            0.89485102891922
        ],
        [
            -0.19235000014305115,
            0.06456580013036728,
            -0.2943100035190582,
            0.6458240151405334,
            0.015981599688529968,
            0.03196299821138382,
            -0.0,
            0.89485102891922,
            -0.44636499881744385,
            0.0,
            0.44636499881744385,
            0.89485102891922
        ],
        [
            -0.14041000604629517,
            0.06456580013036728,
            -0.2943100035190582,
            0.6458240151405334,
            0.015981599688529968,
            0.03196299821138382,
            -0.0,
            0.89485102891922,
            -0.44636499881744385,
            0.0,
            0.44636499881744385,
            0.89485102891922
        ],
        [
            -0.08847100287675858,
            0.06456580013036728,
            -0.2943100035190582,
            0.6458240151405334,
            0.015981599688529968,
            0.03196199983358383,
            -0.0,
            0.89485102891922,
            -0.44636499881744385,
            -0.0,
            0.44636499881744385,
            0.89485102891922
        ],
        [
            -0.03653150051832199,
            0.06456580013036728,
            -0.2943100035190582,
            0.6458240151405334,
            0.015981599688529968,
            0.03196299821138382,
            -0.0,
            0.89485102891922,
            -0.44636499881744385,
            0.0,
            0.44636499881744385,
            0.89485102891922
        ],
        [
            -0.007903500460088253,
            0.20646999776363373,
            -0.2663480043411255,
            0.6955659985542297,
            0.1278509944677353,
            0.7154150009155273,
            4.4075802035914435e-12,
            0.8970770239830017,
            -0.44187501072883606,
            7.084320109707054e-12,
            0.44187501072883606,
            0.8970770239830017
        ],
        [
            -0.08959479629993439,
            0.3464590013027191,
            -0.43318501114845276,
            0.333763986825943,
            0.07706639915704727,
            0.7967309951782227,
            -0.3965890109539032,
            0.7718729972839355,
            -0.49691998958587646,
            0.020358800888061523,
            0.5485720038414001,
            0.8358550071716309
        ]
    ],
    "ops": [
        [
            0,
            0,
            0,
            1,
            2,
            1,
            0,
            0,
            1,
            2,
            1,
            0,
            0,
            1,
            0,
            0,
            1,
            1,
            2,
            0,
            0,
            1,
            2,
            0,
            2,
            0,
            0,
            1,
            1,
            1,
            1,
            1
        ]
    ],
    "syms": [
        [
            0.0,
            0.9996050000190735,
            -0.009462390094995499,
            0.026482099667191505,
            -0.009398279711604118,
            -0.05927160009741783,
            0.20712900161743164,
            0.0
        ],
        [
            0.0,
            0.9991350173950195,
            0.019531099125742912,
            0.03670379891991615,
            -0.011990600265562534,
            -0.4203900098800659,
            -0.2720699906349182,
            0.0
        ],
        [
            0.0,
            0.9995830059051514,
            0.01618349924683571,
            -0.023897800594568253,
            -0.013863700442016125,
            0.0333372987806797,
            -0.2912769913673401,
            0.0
        ],
        [
            0.0,
            1.0,
            5.34383987436e-17,
            4.275070046603428e-16,
            -0.01056199986487627,
            0.06456580013036728,
            -0.2943100035190582,
            0.0
        ],
        [
            0.0,
            1.0,
            1.0687800318566086e-15,
            3.2063299311744587e-15,
            -0.01056199986487627,
            0.06456580013036728,
            -0.2943100035190582,
            0.0
        ]
    ],
    "labels:": [
        [
            1,
            3,
            3,
            2,
            2,
            0,
            0,
            0,
            0,
            0,
            0,
            0,
            0,
            0
        ]
    ],
    "obj": 38550,
    "mat_index": 2724,
    "obbs": "N 25\n-0.0079035 0.20647 -0.266348 1 -7.08432e-12 -4.40758e-12 7.08432e-12 0.441875 0.897077 -4.40758e-12 -0.897077 0.441875 0.715415 0.127851 0.695566\n-0.00813096 -0.162168 0.177932 0.999993 0.00383546 -0.000269514 -0.00383546 0.990166 -0.139847 -0.000269514 0.139847 0.990173 0.719015 0.192719 0.782302\n-0.355297 0.0278095 -0.283114 0.0154648 0.754347 -0.656294 0.998171 -0.0500172 -0.0339692 -0.0584506 -0.654568 -0.75374 0.845483 0.0890829 0.3028\n0.327569 0.0388652 -0.29944 -0.122283 -0.560544 -0.819047 0.991672 -0.0353964 -0.123831 0.0404212 -0.827368 0.560204 0.250057 0.105335 0.827348\n0.350334 -0.0626769 0.216659 -0.0137788 -0.589233 -0.807846 0.87879 -0.39256 0.27134 -0.47701 -0.706188 0.523221 0.659442 0.0802287 0.134055\n-0.36913 -0.0558663 0.197599 -0.00833626 -0.598035 -0.801426 0.64871 -0.613154 0.450796 -0.76099 -0.516135 0.393063 0.626291 0.115622 0.0878299\n0.365665 0.160556 0.144161 -0.0424402 -0.042811 -0.998181 0.999053 0.0077804 -0.042811 0.00959903 -0.999053 0.0424402 0.906092 0.0610534 0.127196\n-0.379833 0.15109 0.145313 0.0298628 -0.0749629 -0.996739 0.999553 0.00353264 0.0296815 0.00129612 -0.99718 0.0750349 0.908204 0.0562958 0.119818\n0.275104 0.0645658 -0.29431 1 0 0 0 0.446365 0.894851 0 -0.894851 0.446365 0.031963 0.0159816 0.645824\n0.223165 0.0645658 -0.29431 1 0 0 0 0.446365 0.894851 0 -0.894851 0.446365 0.031962 0.0159816 0.645824\n0.171226 0.0645658 -0.29431 1 0 0 0 0.446365 0.894851 0 -0.894851 0.446365 0.031963 0.0159816 0.645824\n0.119286 0.0645658 -0.29431 1 0 0 -0 0.446365 0.894851 0 -0.894851 0.446365 0.031963 0.0159816 0.645824\n0.067347 0.0645658 -0.29431 1 0 0 0 0.446365 0.894851 0 -0.894851 0.446365 0.031962 0.0159816 0.645824\n0.0154075 0.0645658 -0.29431 1 0 0 -0 0.446365 0.894851 0 -0.894851 0.446365 0.031963 0.0159816 0.645824\n-0.0365315 0.0645658 -0.29431 1 0 0 0 0.446365 0.894851 0 -0.894851 0.446365 0.031963 0.0159816 0.645824\n-0.088471 0.0645658 -0.29431 1 0 0 -0 0.446365 0.894851 0 -0.894851 0.446365 0.031962 0.0159816 0.645824\n-0.14041 0.0645658 -0.29431 1 0 0 0 0.446365 0.894851 0 -0.894851 0.446365 0.031963 0.0159816 0.645824\n-0.19235 0.0645658 -0.29431 1 0 0 0 0.446365 0.894851 0 -0.894851 0.446365 0.031963 0.0159816 0.645824\n-0.244289 0.0645658 -0.29431 1 0 0 0 0.446365 0.894851 0 -0.894851 0.446365 0.031962 0.0159816 0.645824\n-0.296228 0.0645658 -0.29431 1 0 0 0 0.446365 0.894851 0 -0.894851 0.446365 0.031962 0.0159816 0.645824\n-0.0895948 0.346459 -0.433185 0.917771 0.321374 -0.233272 0.0203588 0.548572 0.835855 0.396589 -0.771873 0.49692 0.796731 0.0770664 0.333764\n0.345184 -0.413408 -0.258949 -0.0526142 -0.637842 -0.768368 0.917148 0.273528 -0.289865 0.395058 -0.719958 0.570605 0.554811 0.0870747 0.0829319\n-0.369165 -0.427372 -0.285191 0.0318517 -0.663119 -0.747836 0.851466 -0.373844 0.367759 -0.523442 -0.648471 0.552715 0.49839 0.0865213 0.0994852\n0.373776 -0.283092 0.504278 1.00806e-16 -0.45399 -0.891007 1 2.22045e-16 0 1.97843e-16 -0.891007 0.45399 0.130688 0.047944 0.723829\n-0.388363 -0.283092 0.504278 1.00806e-16 -0.45399 -0.891007 1 2.22045e-16 0 1.97843e-16 -0.891007 0.45399 0.130688 0.047944 0.723829\nC 162\n0 20\n0 7\n0 10\n0 17\n0 4\n0 1\n0 14\n0 21\n0 11\n0 18\n0 5\n0 8\n0 2\n0 15\n0 22\n0 12\n0 19\n0 6\n0 9\n0 16\n0 3\n0 13\n1 17\n1 6\n1 11\n1 12\n1 21\n1 15\n1 16\n1 5\n1 10\n1 19\n1 3\n1 20\n1 14\n1 23\n1 4\n1 9\n1 18\n1 7\n1 2\n1 24\n1 13\n1 22\n1 8\n2 22\n2 5\n2 17\n2 18\n2 24\n2 7\n2 19\n2 20\n2 16\n2 15\n3 12\n3 11\n3 6\n3 21\n3 10\n3 9\n3 4\n3 20\n3 13\n3 8\n4 10\n4 21\n4 12\n4 11\n4 6\n4 8\n4 9\n4 23\n5 18\n5 24\n5 17\n5 7\n5 16\n5 19\n5 22\n5 15\n6 9\n6 10\n6 23\n6 11\n6 20\n6 8\n6 12\n7 19\n7 15\n7 24\n7 18\n7 17\n7 20\n7 16\n8 21\n8 12\n8 9\n8 13\n8 10\n8 20\n8 11\n9 21\n9 14\n9 20\n9 13\n9 11\n9 12\n9 10\n10 13\n10 14\n10 20\n10 15\n10 11\n10 21\n10 12\n11 21\n11 15\n11 16\n11 20\n11 14\n11 13\n11 12\n12 17\n12 13\n12 20\n12 14\n12 16\n12 21\n12 15\n13 17\n13 20\n13 16\n13 15\n13 18\n13 14\n14 17\n14 18\n14 15\n14 19\n14 16\n14 20\n15 20\n15 16\n15 19\n15 22\n15 18\n15 17\n16 22\n16 19\n16 20\n16 17\n16 18\n17 20\n17 18\n17 22\n17 19\n18 19\n18 20\n18 22\n19 22\n19 20\nS 11\n2\n2 -0.355297 0.0278095 -0.283114\n3 0.327569 0.0388652 -0.29944\n2\n-0.0138637 0.0333373 -0.291277\n0.999583 0.0161835 -0.0238978\n2\n4 0.350334 -0.0626769 0.216659\n5 -0.36913 -0.0558663 0.197599\n2\n-0.00939828 -0.0592716 0.207129\n-0.999605 0.00946239 -0.0264821\n2\n6 0.365665 0.160556 0.144161\n7 -0.379833 0.15109 0.145313\n2\n-0.00708378 0.155823 0.144737\n-0.999918 -0.0126966 0.00154542\n2\n19 -0.296228 0.0645658 -0.29431\n8 0.275104 0.0645658 -0.29431\n2\n-0.0105618 0.0645658 -0.29431\n1 -1.45741e-16 -1.94322e-16\n2\n18 -0.244289 0.0645658 -0.29431\n9 0.223165 0.0645658 -0.29431\n2\n-0.010562 0.0645658 -0.29431\n1 5.93761e-17 0\n2\n17 -0.19235 0.0645658 -0.29431\n10 0.171226 0.0645658 -0.29431\n2\n-0.010562 0.0645658 -0.29431\n1 -7.63407e-17 0\n2\n16 -0.14041 0.0645658 -0.29431\n11 0.119286 0.0645658 -0.29431\n2\n-0.010562 0.0645658 -0.29431\n1 5.34384e-17 4.27507e-16\n2\n15 -0.088471 0.0645658 -0.29431\n12 0.067347 0.0645658 -0.29431\n2\n-0.010562 0.0645658 -0.29431\n1 0 0\n2\n14 -0.0365315 0.0645658 -0.29431\n13 0.0154075 0.0645658 -0.29431\n2\n-0.010562 0.0645658 -0.29431\n1 1.06878e-15 3.20633e-15\n2\n21 0.345184 -0.413408 -0.258949\n22 -0.369165 -0.427372 -0.285191\n2\n-0.0119906 -0.42039 -0.27207\n-0.999135 -0.0195311 -0.0367038\n2\n23 0.373776 -0.283092 0.504278\n24 -0.388363 -0.283092 0.504278\n2\n-0.0072935 -0.283092 0.504278\n-1 0 0\nL 25\n0\n1\n0\n0\n3\n3\n3\n3\n0\n0\n0\n0\n0\n0\n0\n0\n0\n0\n0\n0\n0\n2\n2\n2\n2"
}