{
    "boxes": [
        [
            -0.008345499634742737,
            -0.029765499755740166,
            0.16466400027275085,
            0.17276500165462494,
            0.8338009715080261,
            0.9754350185394287,
            0.0,
            1.0,
            0.0,
            0.0,
            0.0,
            1.0
        ],
        [
            -0.0024890101049095392,
            -0.3373950123786926,
            0.628121018409729,
            0.6985340118408203,
            0.0699826031923294,
            0.44670799374580383,
            -0.005942999850958586,
            0.9923620223999023,
            -0.12321799993515015,
            -0.006726429797708988,
            0.12317799776792526,
            0.9923620223999023
        ],
        [
            -0.5026659965515137,
            -0.35088199377059937,
            -0.13833899796009064,
            0.8441339731216431,
            0.23118899762630463,
            0.04987749829888344,
            0.06744450330734253,
            0.8086069822311401,
            0.5844709873199463,
            -0.10209400206804276,
            -0.5771369934082031,
            0.8102409839630127
        ],
        [
            -0.002153499983251095,
            0.3894610106945038,
            -0.37806200981140137,
            0.9343969821929932,
            0.10983099788427353,
            0.669651985168457,
            0.0019229300087317824,
            0.949114978313446,
            -0.3149249851703644,
            0.0026640600990504026,
            0.31491899490356445,
            0.949114978313446
        ]
    ],
    "ops": [
        [
            0,
            0,
            0,
            2,
            1,
            1,
            0,
            1
        ]
    ],
    "syms": [
        [
            0.0,
            0.9999549984931946,
            -0.0012489299988374114,
            -0.009354080073535442,
            -0.010710599832236767,
            -0.35149601101875305,
            -0.14294099807739258,
            0.0
        ]
    ],
    "labels:": [
        [
            1,
            2,
            2,
            0
        ]
    ],
    "obj": 38551,
    "mat_index": 2725,
    "obbs": "N 5\n-0.0021535 0.389461 -0.378062 0.999995 -0.00266406 -0.00192293 0.00266406 0.314919 0.949115 -0.00192293 -0.949115 0.314925 0.669652 0.109831 0.934397\n-0.0083455 -0.0297655 0.164664 1 0 0 0 1 0 0 0 1 0.975435 0.172765 0.833801\n0.481245 -0.352111 -0.147543 0.0651695 -0.798612 -0.598307 0.992609 0.113393 -0.0432379 0.102374 -0.591067 0.8001 0.833326 0.0588379 0.221335\n-0.00248901 -0.337395 0.628121 0.99996 0.00672643 0.005943 -0.00672643 0.123178 0.992362 0.005943 -0.992362 0.123218 0.446708 0.0699826 0.698534\n-0.502666 -0.350882 -0.138339 -0.0674445 -0.808607 -0.584471 0.992486 -0.114317 0.043629 -0.102094 -0.577137 0.810241 0.844134 0.0498775 0.231189\nC 6\n0 1\n0 4\n0 2\n1 2\n1 3\n1 4\nS 1\n2\n2 0.481245 -0.352111 -0.147543\n4 -0.502666 -0.350882 -0.138339\n2\n-0.0107106 -0.351496 -0.142941\n-0.999955 0.00124893 0.00935408\nL 5\n0\n1\n2\n2\n2"
}