{
    "boxes": [
        [
            -0.010054999962449074,
            -0.20226100087165833,
            0.2770490050315857,
            0.16042399406433105,
            0.9027720093727112,
            1.1601799726486206,
            -0.003483650041744113,
            0.9833890199661255,
            -0.18147900700569153,
            -0.00031875300919637084,
            0.18147900700569153,
            0.983394980430603
        ],
        [
            -0.45610401034355164,
            -0.4397619962692261,
            -0.3237079977989197,
            0.5888209939002991,
            0.08375539630651474,
            0.08639229834079742,
            -0.0049799601547420025,
            0.9671030044555664,
            0.25433799624443054,
            -0.0038395801093429327,
            -0.2543570101261139,
            0.9671030044555664
        ],
        [
            -0.45739099383354187,
            -0.4513610005378723,
            0.5671820044517517,
            0.563202977180481,
            0.08377490192651749,
            0.08639399707317352,
            -0.0001805950014386326,
            0.9693719744682312,
            -0.24559900164604187,
            -0.00023205600155051798,
            0.24559900164604187,
            0.9693719744682312
        ],
        [
            -0.0018255000468343496,
            0.34010499715805054,
            -0.37248098850250244,
            0.49607500433921814,
            0.06479290127754211,
            1.092710018157959,
            -0.0,
            0.9947050213813782,
            -0.10277099907398224,
            0.0,
            0.10277099907398224,
            0.9947050213813782
        ],
        [
            -0.009610610082745552,
            0.2033260017633438,
            -0.3421950042247772,
            1.0094900131225586,
            0.17559899389743805,
            1.1614899635314941,
            -0.0024627400562167168,
            0.9660040140151978,
            -0.25851601362228394,
            -0.0032084500417113304,
            0.25850799679756165,
            0.9660040140151978
        ]
    ],
    "ops": [
        [
            0,
            0,
            0,
            1,
            2,
            1,
            0,
            0,
            1,
            1
        ]
    ],
    "syms": [
        [
            0.0,
            1.0,
            -2.7388099624658935e-05,
            6.908879731781781e-05,
            -0.004135860130190849,
            -0.4397749900817871,
            -0.3236759901046753,
            0.0
        ]
    ],
    "labels:": [
        [
            1,
            2,
            2,
            0,
            0
        ]
    ],
    "obj": 38568,
    "mat_index": 2735,
    "obbs": "N 7\n-0.0018255 0.340105 -0.372481 1 0 0 0 0.102771 0.994705 0 -0.994705 0.102771 1.09271 0.0647929 0.496075\n-0.010055 -0.202261 0.277049 0.999994 0.00348365 -0.000318753 -0.00348365 0.983389 -0.181479 -0.000318753 0.181479 0.983395 1.16018 0.160424 0.902772\n-0.00961061 0.203326 -0.342195 -0.00246274 0.966004 -0.258516 -0.00320845 0.258508 0.966004 0.999992 0.00320845 0.00246274 1.00949 0.175599 1.16149\n-0.456104 -0.439762 -0.323708 0.99998 0.00383958 0.00497996 -0.00383958 -0.254357 0.967103 0.00497996 -0.967103 -0.254338 0.0863923 0.0837554 0.588821\n0.447832 -0.439787 -0.323645 0.999992 0.00246128 0.00319146 -0.00246128 -0.254107 0.967173 0.00319146 -0.967173 -0.254099 0.0863933 0.0837552 0.588813\n0.450112 -0.451361 0.567182 1 0.000232022 0.000180568 -0.000232022 0.245599 0.969372 0.000180568 -0.969372 0.245599 0.086394 0.0837749 0.563203\n-0.457391 -0.451361 0.567182 1 0.000232056 0.000180595 -0.000232056 0.245599 0.969372 0.000180595 -0.969372 0.245599 0.086394 0.0837749 0.563203\nC 10\n0 4\n0 3\n0 2\n1 2\n1 3\n1 4\n1 5\n1 6\n2 4\n2 3\nS 2\n2\n3 -0.456104 -0.439762 -0.323708\n4 0.447832 -0.439787 -0.323645\n2\n-0.00413586 -0.439775 -0.323676\n1 -2.73881e-05 6.90888e-05\n2\n5 0.450112 -0.451361 0.567182\n6 -0.457391 -0.451361 0.567182\n2\n-0.00363968 -0.451361 0.567182\n-1 5.70698e-11 6.56761e-11\nL 7\n0\n1\n0\n2\n2\n2\n2"
}