{
    "boxes": [
        [
            0.012953800149261951,
            -0.009059459902346134,
            0.1257610023021698,
            0.08527529984712601,
            0.662621021270752,
            0.7502650022506714,
            -0.013485400006175041,
            0.9969329833984375,
            -0.07708960026502609,
            -0.0005205909837968647,
            0.07708960026502609,
            0.9970239996910095
        ],
        [
            -0.40426400303840637,
            0.19797900319099426,
            0.06991679966449738,
            0.557096004486084,
            0.7480390071868896,
            0.10757800191640854,
            -0.519972026348114,
            0.8541210293769836,
            0.01026500016450882,
            -0.16783499717712402,
            -0.11394300311803818,
            0.9792079925537109
        ],
        [
            -0.008603000082075596,
            -0.31445398926734924,
            0.10210900008678436,
            0.4931409955024719,
            0.08120200037956238,
            0.08120200037956238,
            0.0,
            1.0,
            0.0,
            0.0,
            0.0,
            1.0
        ],
        [
            -0.22129599750041962,
            -0.5685989856719971,
            -0.11056099832057953,
            0.09988310188055038,
            0.03613689914345741,
            0.5807620286941528,
            -0.21917499601840973,
            0.9510629773139954,
            -0.21781200170516968,
            -0.7070909738540649,
            -0.0010067500406876206,
            0.7071220278739929
        ],
        [
            -0.025391699746251106,
            0.30460500717163086,
            -0.26719099283218384,
            0.5778819918632507,
            0.32861098647117615,
            0.9554939866065979,
            0.16455000638961792,
            0.9512230157852173,
            -0.26095399260520935,
            0.01077369973063469,
            0.2628119885921478,
            0.9647870063781738
        ]
    ],
    "ops": [
        [
            0,
            0,
            2,
            1,
            0,
            0,
            2,
            1,
            1,
            0,
            1
        ]
    ],
    "syms": [
        [
            0.0,
            0.9993799924850464,
            0.03435580059885979,
            -0.0077202501706779,
            -0.0020041600801050663,
            0.2118069976568222,
            0.06680929660797119,
            0.0
        ],
        [
            -1.0,
            -4.382890139709161e-08,
            1.0,
            1.4837299886494293e-06,
            -0.0086083197966218,
            -0.5685999989509583,
            0.10210900008678436,
            0.25
        ]
    ],
    "labels:": [
        [
            1,
            3,
            2,
            2,
            0
        ]
    ],
    "obj": 38572,
    "mat_index": 2737,
    "obbs": "N 9\n-0.0253917 0.304605 -0.267191 0.16455 0.951223 -0.260954 0.0107737 0.262812 0.964787 0.98631 -0.161567 0.0329974 0.577882 0.328611 0.955494\n0.400255 0.225636 0.0637019 -0.447461 -0.881097 0.15312 0.85477 -0.47171 -0.216468 0.262958 0.0340213 0.964207 0.571361 0.101381 0.672155\n-0.404264 0.197979 0.0699168 -0.519972 0.854121 0.010265 0.837532 0.507438 0.202599 0.167835 0.113943 -0.979208 0.557096 0.107578 0.748039\n-0.008603 -0.314454 0.102109 1 0 0 0 1 0 0 0 1 0.081202 0.493141 0.081202\n0.0129538 -0.00905946 0.125761 0.999909 0.0134854 -0.000520591 -0.0134854 0.996933 -0.0770896 -0.000520591 0.0770896 0.997024 0.750265 0.0852753 0.662621\n-0.221296 -0.568601 0.31478 0.672288 0.309038 -0.672699 0.707091 0.0010086 0.707122 0.219206 -0.951049 -0.21784 0.580764 0.0361369 0.0999038\n-0.221296 -0.568599 -0.110561 -0.219175 0.951063 -0.217812 -0.707091 -0.00100675 0.707122 0.672298 0.308996 0.672709 0.0998831 0.0361369 0.580762\n0.204079 -0.5686 -0.110572 0.672498 -0.309017 -0.672499 0.707107 4.37532e-07 0.707107 -0.218508 -0.951056 0.218509 0.580763 0.0359268 0.0998934\n0.204079 -0.5686 0.314791 -0.672498 0.309017 -0.672498 -0.707106 1.42925e-06 0.707107 0.218509 0.951056 0.218507 0.580763 0.0359268 0.0998935\nC 18\n0 1\n0 4\n0 3\n0 2\n1 3\n1 4\n2 4\n2 3\n3 8\n3 6\n3 7\n3 5\n5 6\n5 7\n5 8\n6 7\n6 8\n7 8\nS 2\n2\n1 0.400255 0.225636 0.0637019\n2 -0.404264 0.197979 0.0699168\n2\n-0.00200416 0.211807 0.0668093\n-0.99938 -0.0343558 0.00772025\n4\n7 0.204079 -0.5686 -0.110572\n6 -0.221296 -0.568599 -0.110561\n5 -0.221296 -0.568601 0.31478\n8 0.204079 -0.5686 0.314791\n3\n-0.00860832 -0.5686 0.102109\n4.38289e-08 -1 -1.48373e-06\nL 9\n0\n3\n3\n2\n1\n2\n2\n2\n2"
}