{
    "boxes": [
        [
            0.003929500002413988,
            0.005990500096231699,
            0.1744929999113083,
            0.20084500312805176,
            0.8229609727859497,
            0.8931530117988586,
            0.0,
            1.0,
            0.0,
            0.0,
            0.0,
            1.0
        ],
        [
            -0.16478100419044495,
            -0.5394449830055237,
            0.3500730097293854,
            0.5459150075912476,
            0.026559999212622643,
            0.016780100762844086,
            0.561489999294281,
            0.7217699885368347,
            -0.4046950042247772,
            0.6564379930496216,
            -0.0907600000500679,
            0.7488999962806702
        ],
        [
            -0.24052199721336365,
            -0.5371509790420532,
            0.282151997089386,
            0.5495929718017578,
            0.027534499764442444,
            0.015895400196313858,
            0.32093799114227295,
            0.7209709882736206,
            -0.6141669750213623,
            0.7915400266647339,
            0.15189799666404724,
            0.5919389724731445
        ],
        [
            -0.2310989946126938,
            -0.5337610244750977,
            -0.08384890109300613,
            0.5249959826469421,
            0.03238129988312721,
            0.017809400334954262,
            0.26212000846862793,
            0.7589510083198547,
            0.5960590243339539,
            -0.7558109760284424,
            -0.22259199619293213,
            0.6157940030097961
        ],
        [
            -0.09358160197734833,
            -0.24121400713920593,
            -0.07286909967660904,
            0.22900399565696716,
            0.028215300291776657,
            0.021239399909973145,
            -0.5835639834403992,
            0.7856090068817139,
            -0.20560100674629211,
            -0.5189779996871948,
            -0.16606299579143524,
            0.8385019898414612
        ],
        [
            0.15862199664115906,
            -0.5370129942893982,
            -0.153779998421669,
            0.5196160078048706,
            0.03145410120487213,
            0.017977399751544,
            -0.5473499894142151,
            0.7573300004005432,
            0.35617300868034363,
            0.6736819744110107,
            0.1462009996175766,
            0.7244150042533875
        ],
        [
            -0.06254620105028152,
            -0.34392499923706055,
            0.03250980004668236,
            0.015668800100684166,
            0.24643899500370026,
            0.01316319964826107,
            -0.2819179892539978,
            0.9185720086097717,
            -0.2770340144634247,
            -0.7065989971160889,
            -0.0034529699478298426,
            0.7076050043106079
        ],
        [
            0.0630175992846489,
            -0.341482013463974,
            0.139041006565094,
            0.014789099805057049,
            0.24270300567150116,
            0.012789400294423103,
            -0.18443000316619873,
            0.9650599956512451,
            -0.18613100051879883,
            -0.7072200179100037,
            0.0012028600322082639,
            0.7069929838180542
        ],
        [
            -0.0721530020236969,
            -0.3332720100879669,
            0.14896300435066223,
            0.01552790030837059,
            0.25204598903656006,
            0.012945800088346004,
            -0.24693000316619873,
            0.9382410049438477,
            0.2423429936170578,
            0.7066940069198608,
            0.003243689890950918,
            0.7075120210647583
        ],
        [
            -0.24819299578666687,
            -0.43438100814819336,
            0.37204399704933167,
            0.8192750215530396,
            0.07647760212421417,
            0.04777830094099045,
            0.211557999253273,
            0.948390007019043,
            -0.23621800541877747,
            -0.6281129717826843,
            0.317099004983902,
            0.710578978061676
        ],
        [
            -0.04720659926533699,
            -0.34117600321769714,
            0.04399209842085838,
            0.01538159977644682,
            0.2575330138206482,
            0.012980500236153603,
            0.12809300422668457,
            0.9831950068473816,
            0.13007299602031708,
            -0.7071970105171204,
            -0.0014000099617987871,
            0.7070149779319763
        ],
        [
            0.05596049875020981,
            -0.32954201102256775,
            0.04672139883041382,
            0.017730899155139923,
            0.257966011762619,
            0.01636349968612194,
            0.034928299486637115,
            0.9986670017242432,
            -0.038010600954294205,
            0.7071449756622314,
            0.00217952998355031,
            0.7070649862289429
        ],
        [
            -0.15657800436019897,
            -0.2424360066652298,
            -0.015268299728631973,
            0.2338539958000183,
            0.022102199494838715,
            0.01977420039474964,
            -0.11131399869918823,
            0.7669600248336792,
            -0.6319670081138611,
            -0.7245140075683594,
            0.37263500690460205,
            0.579846978187561
        ],
        [
            -0.08901990205049515,
            -0.23861199617385864,
            0.24826200306415558,
            0.2565450072288513,
            0.024585699662566185,
            0.018614599481225014,
            -0.5034719705581665,
            0.8398979902267456,
            0.20270200073719025,
            0.5597090125083923,
            0.13832400739192963,
            0.8170629739761353
        ],
        [
            -0.14861999452114105,
            -0.23639999330043793,
            0.19933900237083435,
            0.25367799401283264,
            0.022670799866318703,
            0.017892800271511078,
            -0.10713499784469604,
            0.8366680145263672,
            0.5371299982070923,
            0.7225300073623657,
            -0.3055959939956665,
            0.6201300024986267
        ],
        [
            -0.22216500341892242,
            -0.4416089951992035,
            -0.16202600300312042,
            0.8057529926300049,
            0.07035849988460541,
            0.04779110103845596,
            0.24089999496936798,
            0.9325389862060547,
            0.2689589858055115,
            0.6219509840011597,
            -0.36107000708580017,
            0.6948419809341431
        ],
        [
            0.02030329965054989,
            0.37239599227905273,
            -0.2861109972000122,
            0.795458972454071,
            0.18000799417495728,
            0.830128014087677,
            0.06598559767007828,
            0.9730169773101807,
            -0.22109700739383698,
            0.017120499163866043,
            0.220443993806839,
            0.9752489924430847
        ]
    ],
    "ops": [
        [
            0,
            0,
            0,
            1,
            0,
            0,
            1,
            1,
            0,
            0,
            1,
            0,
            0,
            1,
            1,
            1,
            2,
            0,
            2,
            0,
            0,
            1,
            1,
            0,
            0,
            1,
            0,
            0,
            1,
            1,
            2,
            1,
            1,
            1,
            0,
            1
        ]
    ],
    "syms": [
        [
            0.0,
            0.9998329877853394,
            0.018254300579428673,
            -2.0647199562517926e-05,
            0.0011967699974775314,
            -0.5364149808883667,
            0.35006898641586304,
            0.0
        ],
        [
            0.0,
            0.9998040199279785,
            0.008252330124378204,
            0.018000299111008644,
            0.008009170182049274,
            -0.4322670102119446,
            0.37665700912475586,
            0.0
        ],
        [
            0.0,
            0.9998379945755005,
            -0.01749259978532791,
            -0.004342659842222929,
            0.0034088699612766504,
            -0.24523499608039856,
            -0.015963200479745865,
            0.0
        ]
    ],
    "labels:": [
        [
            1,
            2,
            2,
            2,
            2,
            2,
            2,
            2,
            2,
            2,
            2,
            2,
            2,
            2,
            2,
            2,
            0
        ]
    ],
    "obj": 38575,
    "mat_index": 2738,
    "obbs": "N 30\n0.0203033 0.372396 -0.286111 -0.997674 0.0681377 0.00211248 0.0171205 0.220444 0.975249 0.0659856 0.973017 -0.221097 0.830128 0.180008 0.795459\n-0.164781 -0.539445 0.350073 -0.656438 0.09076 -0.7489 -0.503803 0.686157 0.524758 0.56149 0.72177 -0.404695 0.02656 0.0167801 0.545915\n-0.240522 -0.537151 0.282152 0.320938 0.720971 -0.614167 -0.520061 0.676113 0.521927 0.79154 0.151898 0.591939 0.549593 0.0158954 0.0275345\n-0.231099 -0.533761 -0.0838489 -0.26212 -0.758951 -0.596059 -0.600036 0.61192 -0.515278 0.755811 0.222592 -0.615794 0.524996 0.0178094 0.0323813\n-0.0935816 -0.241214 -0.0728691 0.518978 0.166063 -0.838502 0.624592 0.596022 0.504622 0.583564 -0.785609 0.205601 0.0282153 0.0212394 0.229004\n0.158622 -0.537013 -0.15378 0.54735 -0.75733 -0.356173 0.496549 0.636456 -0.590223 0.673682 0.146201 0.724415 0.519616 0.0179774 0.0314541\n-0.154354 -0.53137 -0.15085 -0.515652 -0.771202 -0.373297 -0.553508 0.632411 -0.541927 0.654013 -0.0728231 -0.75297 0.525356 0.0180722 0.0257699\n0.236367 -0.535759 -0.0853036 0.294714 -0.757844 -0.582079 0.446352 0.647773 -0.617381 0.844934 -0.0778616 0.529173 0.520452 0.0153895 0.0221205\n-0.0625462 -0.343925 0.0325098 0.706599 0.00345297 -0.707605 -0.281918 0.918572 -0.277034 0.64903 0.395239 0.650036 0.246439 0.0156688 0.0131632\n-0.0472066 -0.341176 0.0439921 0.707197 0.00140001 -0.707015 0.128093 0.983195 0.130073 0.695316 -0.182551 0.695134 0.257533 0.0153816 0.0129805\n0.0630176 -0.341482 0.139041 0.70722 -0.00120286 -0.706993 -0.18443 0.96506 -0.186131 0.682515 0.262026 0.682288 0.242703 0.0147891 0.0127894\n0.0753314 -0.345281 0.153054 0.707127 0.000298151 -0.707086 0.137387 0.980884 0.137809 0.693611 -0.194593 0.693569 0.253353 0.018018 0.012786\n0.0696654 -0.333403 0.0314132 -0.707369 -0.00236748 -0.706841 0.215766 0.951543 -0.219114 0.673108 -0.307507 -0.672581 0.253881 0.0155851 0.0129013\n0.104374 -0.247821 -0.0703112 0.53461 0.810722 -0.238584 -0.584564 0.558634 0.588399 0.610309 -0.175096 0.77257 0.235355 0.0173157 0.027394\n0.163396 -0.248034 -0.016658 -0.113567 -0.792152 0.599665 0.627969 -0.524951 -0.574527 0.769907 0.311323 0.557064 0.24286 0.0184391 0.0242611\n-0.0890199 -0.238612 0.248262 0.503472 -0.839898 -0.202702 0.658211 0.524823 -0.539741 0.559709 0.138324 0.817063 0.256545 0.0186146 0.0245857\n-0.14862 -0.2364 0.199339 0.107135 -0.836668 -0.53713 0.682988 0.45453 -0.571778 0.72253 -0.305596 0.62013 0.253678 0.0178928 0.0226708\n0.0926124 -0.231849 0.250218 0.673086 -0.297997 -0.67687 0.499625 -0.491576 0.713252 -0.54528 -0.818261 -0.181986 0.0229243 0.0189586 0.25003\n0.157109 -0.23154 0.199137 0.816761 0.238469 -0.52539 0.566593 -0.503475 0.652292 -0.108969 -0.830449 -0.546334 0.0218627 0.016353 0.24471\n0.0559605 -0.329542 0.0467214 -0.707145 -0.00217953 -0.707065 0.0349283 0.998667 -0.0380106 0.706205 -0.0515756 -0.706126 0.257966 0.0177309 0.0163635\n-0.156578 -0.242436 -0.0152683 0.724514 -0.372635 -0.579847 0.680213 0.522414 0.514194 0.111314 -0.76696 0.631967 0.0221022 0.0197742 0.233854\n-0.0546527 -0.331311 0.139681 -0.706889 0.00199143 -0.707322 0.213649 0.953889 -0.210833 0.674286 -0.300154 -0.674719 0.249312 0.0143775 0.012838\n-0.072153 -0.333272 0.148963 0.663031 0.345969 -0.663849 -0.24693 0.938241 0.242343 0.706694 0.00324369 0.707512 0.0129458 0.0155279 0.252046\n0.245197 -0.533798 0.282136 0.806923 -0.108569 -0.580593 0.48933 0.673395 0.554162 0.330803 -0.731268 0.596504 0.0238798 0.0198342 0.556053\n0.167174 -0.533384 0.350066 -0.567418 0.728898 -0.383072 0.557661 0.68245 0.472522 0.605847 0.0544932 -0.793712 0.560139 0.0218551 0.0303435\n0.0039295 0.0059905 0.174493 1 0 0 0 1 0 0 0 1 0.893153 0.200845 0.822961\n-0.222165 -0.441609 -0.162026 -0.2409 -0.932539 -0.268959 0.74508 -0.00010775 -0.666975 0.621951 -0.36107 0.694842 0.805753 0.0477911 0.0703585\n0.229439 -0.441964 -0.161401 0.625165 0.358775 -0.693145 0.742853 -0.00105043 0.669454 0.239455 -0.933424 -0.267173 0.0704803 0.0478008 0.805643\n-0.248193 -0.434381 0.372044 0.628113 -0.317099 -0.710579 0.748811 -0.00195765 0.662781 -0.211558 -0.94839 0.236218 0.0764776 0.0477783 0.819275\n0.264212 -0.430152 0.381269 -0.620246 -0.35041 -0.701789 0.748811 0.00195753 -0.662781 0.233619 -0.936595 0.261176 0.0787229 0.0477783 0.820295\nC 319\n0 20\n0 4\n0 27\n0 14\n0 25\n0 26\n0 13\n1 17\n1 11\n1 28\n1 12\n1 21\n1 15\n1 16\n1 10\n1 19\n1 3\n1 20\n1 14\n1 23\n1 9\n1 18\n1 7\n1 29\n1 2\n1 24\n1 22\n1 8\n2 22\n2 5\n2 6\n2 17\n2 28\n2 11\n2 12\n2 24\n2 8\n2 19\n2 13\n2 20\n2 3\n2 4\n2 26\n2 9\n2 16\n2 10\n2 21\n2 15\n3 24\n3 12\n3 11\n3 28\n3 17\n3 6\n3 5\n3 22\n3 15\n3 21\n3 10\n3 16\n3 9\n3 26\n3 4\n3 20\n3 13\n3 19\n3 8\n4 19\n4 10\n4 5\n4 16\n4 15\n4 26\n4 21\n4 12\n4 11\n4 6\n4 8\n4 27\n4 22\n4 13\n4 7\n4 18\n4 9\n4 23\n4 14\n4 25\n4 20\n5 8\n5 18\n5 11\n5 21\n5 14\n5 27\n5 10\n5 7\n5 20\n5 13\n5 26\n5 23\n5 16\n5 9\n5 6\n5 19\n5 12\n5 22\n6 9\n6 7\n6 10\n6 23\n6 26\n6 13\n6 16\n6 14\n6 11\n6 20\n6 27\n6 18\n6 8\n6 21\n6 22\n6 12\n6 19\n7 12\n7 19\n7 22\n7 8\n7 21\n7 15\n7 24\n7 18\n7 17\n7 11\n7 14\n7 27\n7 13\n7 29\n7 10\n7 23\n7 9\n8 24\n8 15\n8 21\n8 12\n8 18\n8 9\n8 28\n8 22\n8 13\n8 19\n8 10\n8 16\n8 26\n8 23\n8 14\n8 20\n8 11\n8 17\n8 27\n9 26\n9 21\n9 14\n9 16\n9 19\n9 20\n9 13\n9 23\n9 18\n9 11\n9 24\n9 27\n9 12\n9 22\n9 15\n9 28\n9 17\n9 10\n10 17\n10 18\n10 29\n10 13\n10 24\n10 23\n10 14\n10 19\n10 20\n10 15\n10 16\n10 11\n10 21\n10 12\n10 27\n10 22\n10 28\n11 28\n11 22\n11 27\n11 21\n11 15\n11 16\n11 20\n11 14\n11 19\n11 13\n11 29\n11 23\n11 24\n11 18\n11 12\n11 17\n12 17\n12 22\n12 27\n12 13\n12 24\n12 18\n12 29\n12 23\n12 20\n12 14\n12 19\n12 16\n12 21\n12 15\n12 26\n13 17\n13 20\n13 23\n13 26\n13 16\n13 19\n13 22\n13 25\n13 15\n13 18\n13 21\n13 14\n13 27\n14 17\n14 18\n14 24\n14 15\n14 21\n14 22\n14 19\n14 25\n14 23\n14 29\n14 27\n15 20\n15 29\n15 16\n15 23\n15 28\n15 19\n15 22\n15 24\n15 21\n15 18\n15 17\n16 28\n16 22\n16 19\n16 26\n16 20\n16 17\n16 21\n16 24\n17 20\n17 23\n17 18\n17 29\n17 24\n17 22\n17 28\n17 21\n17 19\n18 19\n18 21\n18 22\n18 27\n18 23\n18 24\n18 29\n19 29\n19 24\n19 23\n19 27\n19 22\n19 21\n19 26\n19 20\n20 25\n20 26\n20 21\n20 28\n20 22\n20 24\n21 28\n21 24\n21 26\n21 23\n21 29\n21 22\n22 28\n22 23\n22 26\n22 29\n22 24\n23 24\n23 27\n23 29\n24 28\n24 29\n25 26\n25 29\n25 27\n25 28\n26 27\nS 13\n2\n1 -0.164781 -0.539445 0.350073\n24 0.167174 -0.533384 0.350066\n2\n0.00119677 -0.536415 0.350069\n0.999833 0.0182543 -2.06472e-05\n2\n2 -0.240522 -0.537151 0.282152\n23 0.245197 -0.533798 0.282136\n2\n0.00233731 -0.535475 0.282144\n0.999976 0.00690281 -3.22251e-05\n2\n3 -0.231099 -0.533761 -0.0838489\n7 0.236367 -0.535759 -0.0853036\n2\n0.00263435 -0.53476 -0.0845762\n0.999986 -0.00427462 -0.00311165\n2\n4 -0.0935816 -0.241214 -0.0728691\n13 0.104374 -0.247821 -0.0703112\n2\n0.00539603 -0.244517 -0.0715901\n0.99936 -0.0333524 0.0129133\n2\n5 0.158622 -0.537013 -0.15378\n6 -0.154354 -0.53137 -0.15085\n2\n0.00213384 -0.534192 -0.152315\n-0.999794 0.0180255 0.00935804\n2\n8 -0.0625462 -0.343925 0.0325098\n12 0.0696654 -0.333403 0.0314132\n2\n0.00355963 -0.338664 0.0319615\n0.996814 0.0793268 -0.0082681\n2\n10 0.0630176 -0.341482 0.139041\n21 -0.0546527 -0.331311 0.139681\n2\n0.00418246 -0.336396 0.139361\n-0.996271 0.0861145 0.0054186\n2\n11 0.0753314 -0.345281 0.153054\n22 -0.072153 -0.333272 0.148963\n2\n0.00158919 -0.339277 0.151009\n-0.996321 0.0811262 -0.027637\n2\n14 0.163396 -0.248034 -0.016658\n20 -0.156578 -0.242436 -0.0152683\n2\n0.00340887 -0.245235 -0.0159632\n-0.999838 0.0174926 0.00434266\n2\n15 -0.0890199 -0.238612 0.248262\n17 0.0926124 -0.231849 0.250218\n2\n0.00179626 -0.235231 0.24924\n0.99925 0.0372085 0.0107618\n2\n16 -0.14862 -0.2364 0.199339\n18 0.157109 -0.23154 0.199137\n2\n0.0042447 -0.23397 0.199238\n0.999873 0.0158945 -0.00065982\n2\n26 -0.222165 -0.441609 -0.162026\n27 0.229439 -0.441964 -0.161401\n2\n0.00363719 -0.441787 -0.161713\n0.999999 -0.000787311 0.00138421\n2\n28 -0.248193 -0.434381 0.372044\n29 0.264212 -0.430152 0.381269\n2\n0.00800917 -0.432267 0.376657\n0.999804 0.00825233 0.0180003\nL 30\n0\n2\n2\n2\n2\n2\n2\n2\n2\n2\n2\n2\n2\n2\n2\n2\n2\n2\n2\n2\n2\n2\n2\n2\n2\n1\n2\n2\n2\n2"
}