{
    "boxes": [
        [
            -0.010525999590754509,
            -0.07613299787044525,
            0.30423399806022644,
            0.43586599826812744,
            1.323889970779419,
            0.564162015914917,
            0.0,
            1.0,
            0.0,
            0.0,
            0.0,
            1.0
        ],
        [
            -0.3225120007991791,
            0.20379400253295898,
            -0.09971269965171814,
            0.19983400404453278,
            0.8872339725494385,
            0.07297500222921371,
            -0.03829190135002136,
            0.9861249923706055,
            0.16152499616146088,
            0.0008416629862040281,
            -0.16161200404167175,
            0.9868540167808533
        ],
        [
            0.015825500711798668,
            -0.2868030071258545,
            -0.0009014999959617853,
            0.02981399931013584,
            1.3430900573730469,
            0.5071049928665161,
            0.0,
            1.0,
            0.0,
            0.0,
            0.0,
            1.0
        ],
        [
            -0.009785070084035397,
            0.2939029932022095,
            -0.4975390136241913,
            0.7385209798812866,
            0.17003099620342255,
            0.5670660138130188,
            -0.00618587015196681,
            0.838985025882721,
            -0.5441200137138367,
            -0.011384200304746628,
            0.5440359711647034,
            0.838985025882721
        ],
        [
            0.00015950000670272857,
            -0.056604500859975815,
            -0.5719379782676697,
            0.5272970199584961,
            0.14853599667549133,
            0.059627000242471695,
            0.0,
            1.0,
            0.0,
            0.0,
            0.0,
            1.0
        ]
    ],
    "ops": [
        [
            0,
            0,
            2,
            1,
            0,
            1,
            0,
            0,
            1,
            1
        ]
    ],
    "syms": [
        [
            0.0,
            0.9999489784240723,
            -0.009351460263133049,
            0.0037143900990486145,
            -0.010299299843609333,
            0.20087499916553497,
            -0.09855300188064575,
            0.0
        ]
    ],
    "labels:": [
        [
            1,
            3,
            2,
            0,
            0
        ]
    ],
    "obj": 38590,
    "mat_index": 2745,
    "obbs": "N 6\n-0.00978507 0.293903 -0.497539 -0.00618587 0.838985 -0.54412 -0.0113842 0.544036 0.838985 0.999916 0.0113842 0.00618587 0.738521 0.170031 0.567066\n0.0158255 -0.286803 -0.0009015 1 0 0 0 1 0 0 0 1 0.507105 0.029814 1.34309\n0.301913 0.197955 -0.0973932 0.0382898 -0.986126 -0.161525 0.999266 0.0379224 0.0053581 0.000841663 -0.161612 0.986854 0.199835 0.0729756 0.887233\n-0.322512 0.203794 -0.0997127 0.0382919 -0.986125 -0.161525 0.999266 0.0379244 0.00535845 0.000841663 -0.161612 0.986854 0.199834 0.072975 0.887234\n-0.010526 -0.076133 0.304234 1 0 0 0 1 0 0 0 1 0.564162 0.435866 1.32389\n0.0001595 -0.0566045 -0.571938 1 0 0 0 1 0 0 0 1 0.059627 0.527297 0.148536\nC 11\n0 1\n0 5\n0 4\n0 3\n0 2\n1 4\n1 5\n2 4\n2 5\n3 4\n4 5\nS 1\n2\n2 0.301913 0.197955 -0.0973932\n3 -0.322512 0.203794 -0.0997127\n2\n-0.0102993 0.200875 -0.098553\n-0.999949 0.00935146 -0.00371439\nL 6\n0\n2\n3\n3\n1\n0"
}