{
    "boxes": [
        [
            -0.0011070000473409891,
            -0.0075240000151097775,
            0.1005840003490448,
            0.29582399129867554,
            0.9557369947433472,
            1.137779951095581,
            0.0,
            1.0,
            0.0,
            0.0,
            0.0,
            1.0
        ],
        [
            -0.5501099824905396,
            0.26955899596214294,
            0.5632820129394531,
            0.30202099680900574,
            0.06925400346517563,
            0.06892500072717667,
            0.0,
            1.0,
            0.0,
            0.0,
            0.0,
            1.0
        ],
        [
            -0.4782229959964752,
            0.570855975151062,
            0.06128799915313721,
            0.08542630076408386,
            1.2429300546646118,
            0.1580660045146942,
            -0.006439019925892353,
            0.9663519859313965,
            0.2571440041065216,
            -0.15559899806976318,
            -0.2549850046634674,
            0.9543430209159851
        ],
        [
            0.001663499977439642,
            -0.5536590218544006,
            0.5632820129394531,
            0.06826700270175934,
            0.03413400053977966,
            1.126170039176941,
            0.0,
            1.0,
            0.0,
            0.0,
            0.0,
            1.0
        ],
        [
            -0.4577549993991852,
            -0.5536590218544006,
            0.09806650131940842,
            0.08528979867696762,
            0.9770259857177734,
            0.03413410112261772,
            0.003330070059746504,
            0.9998480081558228,
            -0.01713169924914837,
            -0.19077999889850616,
            0.01745229959487915,
            0.9814779758453369
        ],
        [
            -0.5499439835548401,
            -0.25745299458503723,
            0.5632809996604919,
            0.7993969917297363,
            0.06925500184297562,
            0.06925900280475616,
            0.0,
            1.0,
            0.0,
            0.0,
            0.0,
            1.0
        ],
        [
            -0.0012426200555637479,
            0.39699798822402954,
            -0.4571869969367981,
            0.7082780003547668,
            0.07325779646635056,
            0.7899670004844666,
            -0.0008510780171491206,
            0.9848530292510986,
            -0.17338800430297852,
            -0.0010140000376850367,
            0.17338700592517853,
            0.9848530292510986
        ]
    ],
    "ops": [
        [
            0,
            0,
            0,
            1,
            2,
            1,
            0,
            0,
            0,
            1,
            2,
            1,
            1,
            0,
            1
        ]
    ],
    "syms": [
        [
            0.0,
            0.9999899864196777,
            0.004498779773712158,
            -0.0,
            -0.0011894999770447612,
            0.27202799916267395,
            0.5632820129394531,
            0.0
        ],
        [
            0.0,
            1.0,
            0.0,
            6.119840190166315e-09,
            0.0016637500375509262,
            -0.5536590218544006,
            0.09806650131940842,
            0.0
        ]
    ],
    "labels:": [
        [
            1,
            3,
            3,
            2,
            2,
            2,
            0
        ]
    ],
    "obj": 2449,
    "mat_index": 275,
    "obbs": "N 11\n-0.00124262 0.396998 -0.457187 0.999999 0.001014 0.000851078 -0.001014 0.173387 0.984853 0.000851078 -0.984853 0.173388 0.789967 0.0732578 0.708278\n-0.001107 -0.007524 0.100584 1 0 0 0 1 0 0 0 1 1.13778 0.295824 0.955737\n0.0016635 -0.553659 0.563282 1 0 0 0 1 0 0 0 1 1.12617 0.068267 0.034134\n-0.457755 -0.553659 0.0980665 0.00333007 0.999848 -0.0171317 0.981627 0 0.190809 0.19078 -0.0174523 -0.981478 0.0852898 0.0341341 0.977026\n0.461082 -0.553659 0.0980665 -0.00333007 -0.999848 -0.0171317 0.981627 0 -0.190809 0.19078 -0.0174523 0.981478 0.0852898 0.0341341 0.977026\n0.547732 0.274498 0.563282 1 0 0 0 1 0 0 0 1 0.069255 0.292143 0.069254\n-0.55011 0.269559 0.563282 1 0 0 0 1 0 0 0 1 0.068925 0.302021 0.069254\n0.476387 0.571225 0.0611262 -0.157876 0.253126 -0.954464 -0.0111957 0.966066 0.258054 0.987395 0.0514264 -0.149685 1.24286 0.0836443 0.157539\n-0.478223 0.570856 0.061288 -0.987799 0.0338664 -0.152006 -0.00643902 0.966352 0.257144 0.155599 0.254985 -0.954343 0.158066 0.0854263 1.24293\n-0.549944 -0.257453 0.563281 1 0 0 0 1 0 0 0 1 0.069259 0.799397 0.069255\n0.547732 -0.254492 0.563281 1 0 0 0 1 0 0 0 1 0.069255 0.805318 0.069255\nC 21\n0 1\n0 7\n0 8\n1 5\n1 8\n1 6\n1 9\n1 7\n1 10\n2 9\n2 10\n2 3\n2 4\n3 9\n4 10\n5 10\n5 7\n6 9\n6 8\n7 10\n8 9\nS 4\n2\n3 -0.457755 -0.553659 0.0980665\n4 0.461082 -0.553659 0.0980665\n2\n0.00166375 -0.553659 0.0980665\n1 0 6.11984e-09\n2\n5 0.547732 0.274498 0.563282\n6 -0.55011 0.269559 0.563282\n2\n-0.0011895 0.272028 0.563282\n-0.99999 -0.00449878 0\n2\n7 0.476387 0.571225 0.0611262\n8 -0.478223 0.570856 0.061288\n2\n-0.00091772 0.57104 0.0612071\n-1 -0.000386441 0.00016942\n2\n9 -0.549944 -0.257453 0.563281\n10 0.547732 -0.254492 0.563281\n2\n-0.001106 -0.255972 0.563281\n0.999996 0.00269705 0\nL 11\n0\n1\n2\n2\n2\n3\n3\n3\n3\n2\n2"
}