{
    "boxes": [
        [
            -0.002512000035494566,
            -0.10251899808645248,
            0.09824199974536896,
            0.20891599357128143,
            0.7914440035820007,
            0.8888980150222778,
            0.0,
            1.0,
            0.0,
            0.0,
            0.0,
            1.0
        ],
        [
            -0.43256500363349915,
            0.20175300538539886,
            0.16006499528884888,
            0.10066299885511398,
            0.7894179821014404,
            0.08756709843873978,
            0.19228099286556244,
            0.9694820046424866,
            -0.1520950049161911,
            0.014848999679088593,
            0.1520950049161911,
            0.9882540106773376
        ],
        [
            0.41561299562454224,
            0.20131300389766693,
            0.16021700203418732,
            0.10847300291061401,
            0.7900140285491943,
            0.09797859936952591,
            0.3104510009288788,
            0.9380810260772705,
            -0.1537020057439804,
            0.024620700627565384,
            0.1537020057439804,
            0.9878100156784058
        ],
        [
            -0.42628899216651917,
            -0.020764000713825226,
            0.462007999420166,
            0.462554007768631,
            0.08667200058698654,
            0.06410499662160873,
            0.0,
            1.0,
            0.0,
            0.0,
            0.0,
            1.0
        ],
        [
            -0.4277679920196533,
            -0.5050680041313171,
            0.4714129865169525,
            0.5497829914093018,
            0.06786300241947174,
            0.06114700064063072,
            0.0,
            1.0,
            0.0,
            0.0,
            0.0,
            1.0
        ],
        [
            -0.42628899216651917,
            -0.2776170074939728,
            0.0972990021109581,
            0.05167999863624573,
            0.6862180233001709,
            0.04134399816393852,
            0.0,
            1.0,
            0.0,
            0.0,
            0.0,
            1.0
        ],
        [
            -0.42795300483703613,
            -0.498088002204895,
            -0.30581000447273254,
            0.5710340142250061,
            0.07866869866847992,
            0.0647009015083313,
            0.0020608599297702312,
            0.9927660226821899,
            0.12004400044679642,
            0.03676139935851097,
            -0.1200380027294159,
            0.9920880198478699
        ],
        [
            -0.002512000035494566,
            0.38653698563575745,
            -0.3151110112667084,
            0.07975679636001587,
            0.0935932993888855,
            0.7855380177497864,
            -1.1645200037573621e-17,
            0.9982320070266724,
            -0.05944019928574562,
            -1.2359200008452855e-17,
            0.05944019928574562,
            0.9982320070266724
        ],
        [
            -0.002512000035494566,
            0.5227940082550049,
            -0.36726999282836914,
            0.16537800431251526,
            0.08073420077562332,
            0.7855380177497864,
            -0.0,
            0.9159899950027466,
            -0.4012010097503662,
            0.0,
            0.4012010097503662,
            0.9159899950027466
        ],
        [
            -0.42267000675201416,
            0.1924079954624176,
            -0.29934900999069214,
            0.8605669736862183,
            0.13850699365139008,
            0.06789539754390717,
            0.01167249958962202,
            0.9944360256195068,
            -0.10469699651002884,
            -0.05075569823384285,
            0.1051580011844635,
            0.9931589961051941
        ]
    ],
    "ops": [
        [
            0,
            0,
            0,
            0,
            2,
            1,
            1,
            1,
            0,
            0,
            0,
            1,
            1,
            2,
            1,
            0,
            2,
            0,
            0,
            2,
            1,
            1,
            1
        ]
    ],
    "syms": [
        [
            0.0,
            0.9999799728393555,
            -0.006362880114465952,
            -0.0,
            -0.0025122500956058502,
            -0.023460499942302704,
            0.462007999420166,
            0.0
        ],
        [
            0.0,
            0.9999549984931946,
            -0.009480459615588188,
            -0.0,
            -0.0025447499938309193,
            -0.509099006652832,
            0.4714129865169525,
            0.0
        ],
        [
            1.0,
            -0.0018840000266209245,
            0.38373100757598877,
            -0.25006675720214844,
            -0.002512000035494566,
            0.38653698563575745,
            -0.3151110112667084,
            0.20000000298023224
        ],
        [
            0.0,
            0.9998890161514282,
            -0.014536700211465359,
            0.00311111006885767,
            -0.0009465949842706323,
            0.18627700209617615,
            -0.29803600907325745,
            0.0
        ]
    ],
    "labels:": [
        [
            1,
            3,
            3,
            3,
            2,
            2,
            2,
            0,
            0,
            0
        ]
    ],
    "obj": 38596,
    "mat_index": 2751,
    "obbs": "N 19\n-0.002512 0.522794 -0.36727 1 0 0 0 0.401201 0.91599 0 -0.91599 0.401201 0.785538 0.0807342 0.165378\n-0.002512 -0.102519 0.098242 1 0 0 0 1 0 0 0 1 0.888898 0.208916 0.791444\n0.420776 0.180146 -0.296724 -0.00164904 0.993658 -0.112432 0.999968 0.000758814 -0.00796023 -0.00782443 -0.112442 -0.993628 0.885924 0.0650398 0.133145\n-0.42267 0.192408 -0.299349 0.0507557 -0.105158 -0.993159 0.998643 -0.00627874 0.0517008 -0.0116725 -0.994436 0.104697 0.138507 0.0678954 0.860567\n-0.002512 0.011224 -0.260177 1 0 0 0 1 0 0 0 1 0.785538 0.06268 0.081512\n-0.002512 0.106876 -0.264182 1 0 0 -0 0.0758333 0.997121 0 -0.997121 0.0758333 0.785538 0.0810064 0.0620166\n-0.002512 0.201358 -0.273972 1 0 0 0 1 0 0 0 1 0.785538 0.073468 0.089392\n-0.002512 0.294735 -0.290998 1 0 0 0 0.172533 0.985004 0 -0.985004 0.172533 0.785538 0.0842166 0.0662743\n-0.002512 0.386537 -0.315111 1 1.23592e-17 1.16452e-17 -1.23592e-17 0.0594402 0.998232 1.16452e-17 -0.998232 0.0594402 0.785538 0.0935933 0.0797568\n0.415613 0.201313 0.160217 -0.0246207 -0.153702 -0.98781 0.310451 0.938081 -0.153702 0.950271 -0.310451 0.0246207 0.790014 0.108473 0.0979786\n-0.432565 0.201753 0.160065 0.981228 -0.192281 0.014849 0.192281 0.969482 -0.152095 0.014849 0.152095 0.988254 0.0875671 0.100663 0.789418\n0.421265 -0.026157 0.462008 1 0 0 0 1 0 0 0 1 0.064104 0.47334 0.086672\n-0.426289 -0.020764 0.462008 1 0 0 0 1 0 0 0 1 0.064105 0.462554 0.086672\n0.421265 -0.277617 0.097299 1 0 0 0 1 0 0 0 1 0.041344 0.05168 0.686218\n-0.426289 -0.277617 0.097299 1 0 0 0 1 0 0 0 1 0.041344 0.05168 0.686218\n0.426104 -0.512183 -0.312569 0.0134475 -0.9896 -0.143219 0.992241 0.0309119 -0.120426 0.123601 -0.140488 0.982337 0.543141 0.0697307 0.0833762\n0.422679 -0.51313 0.471413 1 0 0 0 1 0 0 0 1 0.061276 0.533657 0.067863\n-0.427953 -0.498088 -0.30581 -0.00206086 -0.992766 -0.120044 0.999322 0.00236841 -0.0367429 0.0367614 -0.120038 0.992088 0.571034 0.0647009 0.0786687\n-0.427768 -0.505068 0.471413 1 0 0 0 1 0 0 0 1 0.061147 0.549783 0.067863\nC 69\n0 2\n0 7\n0 3\n0 8\n0 6\n1 3\n1 17\n1 15\n1 6\n1 11\n1 2\n1 16\n1 14\n1 5\n1 10\n1 13\n1 4\n1 9\n1 12\n1 18\n2 8\n2 5\n2 9\n2 13\n2 6\n2 7\n2 15\n2 4\n3 7\n3 17\n3 14\n3 10\n3 6\n3 5\n3 8\n3 4\n4 7\n4 9\n4 13\n4 10\n4 5\n4 14\n4 6\n4 15\n4 17\n5 9\n5 6\n5 8\n5 10\n5 7\n6 9\n6 7\n6 10\n6 8\n7 10\n7 8\n7 9\n8 9\n8 10\n9 11\n10 12\n11 16\n11 13\n12 14\n12 18\n13 16\n13 15\n14 17\n14 18\nS 6\n2\n2 0.420776 0.180146 -0.296724\n3 -0.42267 0.192408 -0.299349\n2\n-0.000946595 0.186277 -0.298036\n-0.999889 0.0145367 -0.00311111\n5\n4 -0.002512 0.011224 -0.260177\n5 -0.002512 0.106876 -0.264182\n6 -0.002512 0.201358 -0.273972\n7 -0.002512 0.294735 -0.290998\n8 -0.002512 0.386537 -0.315111\n1\n0 0 0\n0 0 0\n2\n11 0.421265 -0.026157 0.462008\n12 -0.426289 -0.020764 0.462008\n2\n-0.00251225 -0.0234605 0.462008\n-0.99998 0.00636288 0\n2\n13 0.421265 -0.277617 0.097299\n14 -0.426289 -0.277617 0.097299\n2\n-0.002512 -0.277617 0.097299\n-1 0 0\n2\n15 0.426104 -0.512183 -0.312569\n17 -0.427953 -0.498088 -0.30581\n2\n-0.000924612 -0.505136 -0.30919\n-0.999833 0.0165012 0.00791244\n2\n16 0.422679 -0.51313 0.471413\n18 -0.427768 -0.505068 0.471413\n2\n-0.00254475 -0.509099 0.471413\n-0.999955 0.00948046 0\nL 19\n0\n1\n0\n0\n0\n0\n0\n0\n0\n3\n3\n3\n3\n2\n2\n2\n2\n2\n2"
}