{
    "boxes": [
        [
            -0.018093999475240707,
            -0.09280899912118912,
            0.15881800651550293,
            0.1455100029706955,
            0.647936999797821,
            0.8175259828567505,
            0.0,
            1.0,
            0.0,
            0.0,
            0.0,
            1.0
        ],
        [
            -0.4034850001335144,
            -0.49980300664901733,
            -0.24195300042629242,
            0.6503329873085022,
            0.06046820059418678,
            0.05364599823951721,
            0.010269099846482277,
            0.9757570028305054,
            0.2186170071363449,
            -0.20068000257015228,
            -0.21217000484466553,
            0.956404983997345
        ],
        [
            -0.39852601289749146,
            -0.4817590117454529,
            0.4571070075035095,
            0.6745319962501526,
            0.051357001066207886,
            0.056478001177310944,
            0.0,
            1.0,
            0.0,
            0.0,
            0.0,
            1.0
        ],
        [
            -0.016323300078511238,
            0.21827100217342377,
            -0.22218899428844452,
            0.8672569990158081,
            0.09443020075559616,
            0.8177530169487,
            0.0050574298948049545,
            0.9930729866027832,
            -0.11738800257444382,
            0.005690379999577999,
            0.11735899746417999,
            0.9930729866027832
        ]
    ],
    "ops": [
        [
            0,
            0,
            0,
            1,
            2,
            1,
            0,
            1
        ]
    ],
    "syms": [
        [
            0.0,
            0.9999589920043945,
            -0.009008989669382572,
            0.0013414500281214714,
            -0.017790699377655983,
            -0.5032780170440674,
            -0.2414350062608719,
            0.0
        ]
    ],
    "labels:": [
        [
            1,
            2,
            2,
            0
        ]
    ],
    "obj": 38597,
    "mat_index": 2752,
    "obbs": "N 6\n-0.0163233 0.218271 -0.222189 0.999971 -0.00569038 -0.00505743 0.00569038 0.117359 0.993073 -0.00505743 -0.993073 0.117388 0.817753 0.0944302 0.867257\n-0.018094 -0.092809 0.158818 1 0 0 0 1 0 0 0 1 0.817526 0.14551 0.647937\n0.367903 -0.506753 -0.240918 0.980448 0.0586914 -0.187821 0.196023 -0.207783 0.958333 0.0172198 -0.976413 -0.215226 0.0565281 0.0527498 0.637185\n0.355144 -0.47505 0.460326 1 0 0 0 1 0 0 0 1 0.070846 0.687547 0.044919\n-0.398526 -0.481759 0.457107 1 0 0 0 1 0 0 0 1 0.056478 0.674532 0.051357\n-0.403485 -0.499803 -0.241953 0.0102691 0.975757 0.218617 -0.20068 -0.21217 0.956405 0.979603 -0.0536937 0.193636 0.650333 0.0604682 0.053646\nC 7\n0 1\n0 5\n0 2\n1 2\n1 3\n1 4\n1 5\nS 2\n2\n2 0.367903 -0.506753 -0.240918\n5 -0.403485 -0.499803 -0.241953\n2\n-0.0177907 -0.503278 -0.241435\n-0.999959 0.00900899 -0.00134145\n2\n3 0.355144 -0.47505 0.460326\n4 -0.398526 -0.481759 0.457107\n2\n-0.021691 -0.478404 0.458717\n-0.999951 -0.008902 -0.00427089\nL 6\n0\n1\n2\n2\n2\n2"
}