{
    "boxes": [
        [
            0.010242000222206116,
            -0.05244499817490578,
            0.1400430053472519,
            0.2166920006275177,
            0.8212540149688721,
            0.9506760239601135,
            0.0,
            1.0,
            0.0,
            0.0,
            0.0,
            1.0
        ],
        [
            0.010061499662697315,
            -0.7340310215950012,
            -0.39595600962638855,
            0.11865200102329254,
            0.12752500176429749,
            0.08348289877176285,
            -0.03914869949221611,
            0.9598900079727173,
            0.2776300013065338,
            -0.06571509689092636,
            -0.27971500158309937,
            0.9578319787979126
        ],
        [
            0.010810500010848045,
            -0.6153889894485474,
            -0.19250600039958954,
            0.09345600008964539,
            0.5040900111198425,
            0.10043899714946747,
            0.0,
            1.0,
            0.0,
            0.0,
            0.0,
            1.0
        ],
        [
            -0.22359800338745117,
            -0.24163499474525452,
            0.10638999938964844,
            0.06616540253162384,
            0.36343100666999817,
            0.19534799456596375,
            0.4352479875087738,
            0.7607730031013489,
            -0.481440007686615,
            0.5492690205574036,
            0.19931499660015106,
            0.8115270137786865
        ],
        [
            0.00999888963997364,
            -0.25793299078941345,
            0.23297899961471558,
            0.05381710082292557,
            0.08760319650173187,
            0.08991839736700058,
            -0.006590399891138077,
            0.8694419860839844,
            -0.4939900040626526,
            0.20620299875736237,
            0.48456600308418274,
            0.8501039743423462
        ],
        [
            0.00954699981957674,
            -0.47943800687789917,
            0.09074699878692627,
            0.4616369903087616,
            0.0806099995970726,
            0.0806099995970726,
            0.0,
            1.0,
            0.0,
            0.0,
            0.0,
            1.0
        ],
        [
            -0.13000300526618958,
            -0.06756500154733658,
            -0.26825299859046936,
            0.4136500060558319,
            0.20043699443340302,
            0.07038260251283646,
            0.016970299184322357,
            0.8618090152740479,
            -0.5069479942321777,
            0.019104400649666786,
            0.5066490173339844,
            0.8619409799575806
        ],
        [
            0.0013407199876382947,
            0.4496780037879944,
            -0.2400529980659485,
            0.719756007194519,
            0.28673601150512695,
            0.86285001039505,
            0.04720769822597504,
            0.9862620234489441,
            -0.1583009958267212,
            -0.006025169976055622,
            0.15875600278377533,
            0.9872990250587463
        ],
        [
            0.013473300263285637,
            0.08991629630327225,
            -0.30970099568367004,
            0.054757699370384216,
            0.012557899579405785,
            0.17832699418067932,
            0.04656520113348961,
            0.9979879856109619,
            -0.043037299066782,
            -0.006033089943230152,
            0.04336420074105263,
            0.9990410208702087
        ]
    ],
    "ops": [
        [
            0,
            0,
            0,
            1,
            2,
            0,
            0,
            0,
            1,
            1,
            1,
            1,
            0,
            2,
            0,
            0,
            1,
            1,
            1
        ]
    ],
    "syms": [
        [
            -1.0,
            0.00012767199950758368,
            0.9999960064888,
            0.002850079908967018,
            0.01016709953546524,
            -0.7354429960250854,
            0.12535500526428223,
            0.20000000298023224
        ],
        [
            0.0,
            1.0,
            -2.4904800284275552e-06,
            2.0558400137815624e-06,
            0.009060320444405079,
            -0.06756529957056046,
            -0.2682519853115082,
            0.0
        ]
    ],
    "labels:": [
        [
            1,
            2,
            2,
            2,
            2,
            2,
            0,
            0,
            0
        ]
    ],
    "obj": 38648,
    "mat_index": 2778,
    "obbs": "N 18\n0.00134072 0.449678 -0.240053 0.0472077 0.986262 -0.158301 -0.00602517 0.158756 0.987299 0.998867 -0.0456543 0.0134369 0.719756 0.286736 0.86285\n0.502101 -0.73475 -0.0337337 -0.0685059 -0.223286 -0.972343 0.997634 -0.00970523 -0.0680591 0.0057598 -0.974705 0.223422 0.117785 0.0836411 0.120303\n0.0100615 -0.734031 -0.395956 0.0391487 -0.95989 -0.27763 0.99707 0.0192534 0.0740298 -0.0657151 -0.279715 0.957832 0.118652 0.0834829 0.127525\n-0.482738 -0.735346 -0.0347435 -0.0119689 0.695047 -0.718865 0.999857 -0.000274038 -0.0169123 -0.0119518 -0.718964 -0.694944 0.117996 0.0815454 0.121054\n0.31443 -0.73599 0.54571 1 0 0 0 1 0 0 0 1 0.084529 0.121183 0.121797\n-0.293019 -0.737095 0.545499 -0.0199483 -0.352039 -0.935773 0.996704 0.066613 -0.0463071 0.0786366 -0.933612 0.34955 0.124096 0.0910111 0.116047\n0.010242 -0.052445 0.140043 1 0 0 0 1 0 0 0 1 0.950676 0.216692 0.821254\n0.00999889 -0.257933 0.232979 0.978487 -0.09626 -0.182475 -0.0065904 0.869442 -0.49399 0.206203 0.484566 0.850104 0.0899184 0.0538171 0.0876032\n0.009547 -0.479438 0.090747 1 0 0 0 1 0 0 0 1 0.08061 0.461637 0.08061\n-0.16042 -0.635219 0.324245 0.581949 0.120033 -0.804318 -0.0968737 0.992237 0.0779857 0.807435 0.0325337 0.589059 0.503381 0.102793 0.0943389\n-0.259191 -0.634542 0.0047644 0.31013 -0.0205475 -0.950472 -0.107945 0.99254 -0.0566783 0.944546 0.120176 0.305599 0.102731 0.102082 0.516331\n0.0108105 -0.615389 -0.192506 1 0 0 0 1 0 0 0 1 0.100439 0.093456 0.50409\n0.286383 -0.633202 9.59215e-05 0.929799 -0.10175 -0.353724 0.074072 0.993096 -0.0909618 0.360537 0.0583751 0.930916 0.514583 0.098341 0.123975\n0.178246 -0.633958 0.322993 -0.586891 0.120005 -0.800724 0.0148371 0.990383 0.137554 0.80953 0.0688489 -0.583027 0.519114 0.106179 0.09599\n0.148124 -0.0675657 -0.268252 -0.0191027 -0.506648 -0.861942 0.999673 -0.0243119 -0.00786463 -0.0169709 -0.86181 0.506947 0.200438 0.0703817 0.413647\n-0.130003 -0.067565 -0.268253 -0.0191044 -0.506649 -0.861941 0.999673 -0.0243123 -0.00786634 -0.0169703 -0.861809 0.506948 0.200437 0.0703826 0.41365\n-0.223598 -0.241635 0.10639 0.713346 -0.617655 -0.331117 0.435248 0.760773 -0.48144 0.549269 0.199315 0.811527 0.195348 0.0661654 0.363431\n0.0134733 0.0899163 -0.309701 -0.998897 0.0462609 -0.00804021 -0.00603309 0.0433642 0.999041 0.0465652 0.997988 -0.0430373 0.178327 0.0125579 0.0547577\nC 38\n0 14\n0 15\n0 17\n0 6\n1 12\n2 11\n3 10\n4 13\n5 9\n6 17\n6 14\n6 15\n6 16\n7 16\n7 8\n8 13\n8 9\n8 14\n8 10\n8 16\n8 15\n8 11\n8 12\n9 11\n9 10\n9 13\n9 12\n10 11\n10 12\n10 13\n10 16\n11 13\n11 12\n12 13\n14 17\n14 15\n15 16\n15 17\nS 3\n5\n5 -0.293019 -0.737095 0.545499\n4 0.31443 -0.73599 0.54571\n1 0.502101 -0.73475 -0.0337337\n2 0.0100615 -0.734031 -0.395956\n3 -0.482738 -0.735346 -0.0347435\n3\n0.0101671 -0.735443 0.125355\n0.000127672 0.999996 0.00285008\n5\n11 0.0108105 -0.615389 -0.192506\n10 -0.259191 -0.634542 0.0047644\n9 -0.16042 -0.635219 0.324245\n13 0.178246 -0.633958 0.322993\n12 0.286383 -0.633202 9.59215e-05\n3\n0.0111658 -0.630462 0.0919186\n0.00252554 -0.999622 -0.0273691\n2\n14 0.148124 -0.0675657 -0.268252\n15 -0.130003 -0.067565 -0.268253\n2\n0.00906032 -0.0675653 -0.268252\n-1 2.49048e-06 -2.05584e-06\nL 18\n0\n2\n2\n2\n2\n2\n1\n2\n2\n2\n2\n2\n2\n2\n0\n0\n2\n0"
}