{
    "boxes": [
        [
            -0.01464099995791912,
            -0.013903499580919743,
            0.12739300727844238,
            0.10913100093603134,
            0.7486479878425598,
            0.7659479975700378,
            0.0,
            1.0,
            0.0,
            0.0,
            0.0,
            1.0
        ],
        [
            -0.401529997587204,
            -0.4209330081939697,
            -0.2751370072364807,
            0.749580979347229,
            0.07277770340442657,
            0.07722649723291397,
            0.030997199937701225,
            0.9808700084686279,
            0.1921820044517517,
            -0.04175860062241554,
            -0.19083599746227264,
            0.9807329773902893
        ],
        [
            -0.3723529875278473,
            -0.4097610116004944,
            0.46894198656082153,
            0.7491260170936584,
            0.07392050325870514,
            0.07435470074415207,
            0.03374280035495758,
            0.9993730187416077,
            -0.010708600282669067,
            -0.039885301142930984,
            0.01205269992351532,
            0.999131977558136
        ],
        [
            -0.015696600079536438,
            0.2301339954137802,
            -0.21999000012874603,
            0.6430929899215698,
            0.15986500680446625,
            0.8246470093727112,
            -0.0022400401066988707,
            0.9909909963607788,
            -0.13391099870204926,
            -0.0025630800519138575,
            0.13390499353408813,
            0.9909909963607788
        ]
    ],
    "ops": [
        [
            0,
            0,
            0,
            1,
            2,
            1,
            0,
            1
        ]
    ],
    "syms": [
        [
            0.0,
            0.9998700022697449,
            0.015102299861609936,
            0.005567910149693489,
            -0.015222899615764618,
            -0.41509801149368286,
            -0.2729859948158264,
            0.0
        ]
    ],
    "labels:": [
        [
            1,
            2,
            2,
            0
        ]
    ],
    "obj": 2452,
    "mat_index": 278,
    "obbs": "N 6\n-0.0156966 0.230134 -0.21999 0.999994 0.00256308 0.00224004 -0.00256308 0.133905 0.990991 0.00224004 -0.990991 0.133911 0.824647 0.159865 0.643093\n-0.014641 -0.0139035 0.127393 1 0 0 0 1 0 0 0 1 0.765948 0.109131 0.748648\n-0.40153 -0.420933 -0.275137 0.0417586 0.190836 -0.980733 0.998647 -0.0384253 0.0350443 -0.0309972 -0.98087 -0.192182 0.0727777 0.0772265 0.749581\n0.371084 -0.409263 -0.270835 0.0288282 -0.980432 -0.194735 0.996754 0.0428469 -0.0681636 0.0751736 -0.192138 0.978485 0.774895 0.0808869 0.0736997\n0.347977 -0.410406 0.472895 0.0270081 -0.999633 0.00210728 0.963175 0.0254589 -0.267667 0.267516 0.00925888 0.963509 0.747026 0.0619737 0.0725669\n-0.372353 -0.409761 0.468942 0.0398853 -0.0120527 -0.999132 0.998634 -0.0332864 0.040267 -0.0337428 -0.999373 0.0107086 0.0739205 0.0743547 0.749126\nC 7\n0 1\n0 3\n0 2\n1 2\n1 3\n1 4\n1 5\nS 2\n2\n2 -0.40153 -0.420933 -0.275137\n3 0.371084 -0.409263 -0.270835\n2\n-0.0152229 -0.415098 -0.272986\n0.99987 0.0151023 0.00556791\n2\n4 0.347977 -0.410406 0.472895\n5 -0.372353 -0.409761 0.468942\n2\n-0.0121878 -0.410084 0.470919\n-0.999985 0.000895768 -0.00548795\nL 6\n0\n1\n2\n2\n2\n2"
}