{
    "boxes": [
        [
            0.003192269941791892,
            -0.07145500183105469,
            0.2072169929742813,
            0.18472400307655334,
            0.7577090263366699,
            0.607429027557373,
            -0.007994510233402252,
            0.9988960027694702,
            -0.046289701014757156,
            -0.00018513400573283434,
            0.046289701014757156,
            0.9989280104637146
        ],
        [
            -0.3116709887981415,
            -0.44828900694847107,
            -0.19789700210094452,
            0.7248430252075195,
            0.09285680204629898,
            0.07587199658155441,
            -0.0,
            0.994225025177002,
            0.10731600224971771,
            0.0,
            -0.10731600224971771,
            0.994225025177002
        ],
        [
            -0.24698999524116516,
            -0.49287301301956177,
            0.5346369743347168,
            0.6980289816856384,
            0.07587199658155441,
            0.075873002409935,
            0.0,
            1.0,
            0.0,
            0.0,
            0.0,
            1.0
        ],
        [
            0.004838460125029087,
            0.28559398651123047,
            -0.3015879988670349,
            0.952252984046936,
            0.23355400562286377,
            0.6796360015869141,
            1.578780029376503e-05,
            0.9538419842720032,
            -0.3003070056438446,
            2.1522400857065804e-05,
            0.3003070056438446,
            0.9538419842720032
        ]
    ],
    "ops": [
        [
            0,
            0,
            0,
            1,
            2,
            1,
            0,
            1
        ]
    ],
    "syms": [
        [
            0.0,
            1.0,
            0.0001172319971374236,
            1.718500061542727e-05,
            -0.0005932499771006405,
            -0.44825300574302673,
            -0.1978919953107834,
            0.0
        ]
    ],
    "labels:": [
        [
            1,
            2,
            2,
            0
        ]
    ],
    "obj": 1362,
    "mat_index": 28,
    "obbs": "N 6\n0.00483846 0.285594 -0.301588 1 -2.15224e-05 -1.57878e-05 2.15224e-05 0.300307 0.953842 -1.57878e-05 -0.953842 0.300307 0.679636 0.233554 0.952253\n0.00319227 -0.071455 0.207217 0.999968 0.00799451 -0.000185134 -0.00799451 0.998896 -0.0462897 -0.000185134 0.0462897 0.998928 0.607429 0.184724 0.757709\n0.310484 -0.448216 -0.197886 1 0 -0 0 -0.107315 0.994225 0 -0.994225 -0.107315 0.075873 0.092862 0.72499\n0.25377 -0.492873 0.534637 1 0 0 0 1 0 0 0 1 0.075872 0.698029 0.075872\n-0.24699 -0.492873 0.534637 1 0 0 0 1 0 0 0 1 0.075873 0.698029 0.075872\n-0.311671 -0.448289 -0.197897 1 0 -0 0 -0.107316 0.994225 0 -0.994225 -0.107316 0.075872 0.0928568 0.724843\nC 7\n0 1\n0 5\n0 2\n1 2\n1 3\n1 4\n1 5\nS 2\n2\n2 0.310484 -0.448216 -0.197886\n5 -0.311671 -0.448289 -0.197897\n2\n-0.00059325 -0.448253 -0.197892\n-1 -0.000117232 -1.7185e-05\n2\n3 0.25377 -0.492873 0.534637\n4 -0.24699 -0.492873 0.534637\n2\n0.00339025 -0.492873 0.534637\n-1 0 0\nL 6\n0\n1\n2\n2\n2\n2"
}