{
    "boxes": [
        [
            0.002960460027679801,
            -0.049807801842689514,
            0.10701999813318253,
            0.1190750002861023,
            0.6552469730377197,
            0.8006839752197266,
            -0.009776580147445202,
            0.999770998954773,
            0.019030500203371048,
            9.303719707531855e-05,
            -0.019030500203371048,
            0.9998189806938171
        ],
        [
            -0.3687570095062256,
            -0.4485659897327423,
            0.43825700879096985,
            0.7026060223579407,
            0.05357090011239052,
            0.06862259656190872,
            0.01599299907684326,
            0.9968860149383545,
            -0.07721149921417236,
            -0.2076980024576187,
            0.078849196434021,
            0.9750099778175354
        ],
        [
            -0.3665260076522827,
            -0.4481239914894104,
            -0.25630098581314087,
            0.7047179937362671,
            0.06387419998645782,
            0.06420870125293732,
            -0.0007841740152798593,
            0.9944300055503845,
            0.10539799928665161,
            0.09338539838790894,
            -0.10486400127410889,
            0.9900919795036316
        ],
        [
            0.0048047699965536594,
            0.11309400200843811,
            -0.04887960106134415,
            0.46536898612976074,
            1.043239951133728,
            0.7978309988975525,
            0.05524519830942154,
            0.7378140091896057,
            0.6727390289306641,
            -0.02138639986515045,
            -0.6727390289306641,
            0.7395700216293335
        ],
        [
            -0.36249399185180664,
            0.26222100853919983,
            -0.25466299057006836,
            0.7308809757232666,
            0.06095929816365242,
            0.07272730022668839,
            -0.003358759917318821,
            0.9956989884376526,
            -0.09259019792079926,
            0.05374550074338913,
            0.0926366001367569,
            0.9942479729652405
        ]
    ],
    "ops": [
        [
            0,
            0,
            0,
            1,
            2,
            1,
            0,
            0,
            2,
            1,
            1
        ]
    ],
    "syms": [
        [
            0.0,
            0.9999330043792725,
            0.007045010104775429,
            -0.009215530008077621,
            0.003880519885569811,
            -0.4459410011768341,
            0.4348219931125641,
            0.0
        ],
        [
            0.0,
            0.9999250173568726,
            -0.011688699945807457,
            0.003729090094566345,
            0.0015932900132611394,
            0.25796499848365784,
            -0.25330498814582825,
            0.0
        ]
    ],
    "labels:": [
        [
            1,
            2,
            2,
            0,
            0
        ]
    ],
    "obj": 38704,
    "mat_index": 2803,
    "obbs": "N 8\n0.00480477 0.113094 -0.0488796 0.998244 -0.0552452 -0.0213864 0.0552452 0.737814 0.672739 -0.0213864 -0.672739 0.73957 0.797831 0.465369 1.04324\n0.00296046 -0.0498078 0.10702 -9.30372e-05 0.0190305 -0.999819 -0.00977658 0.999771 0.0190305 0.999952 0.00977658 9.30372e-05 0.655247 0.119075 0.800684\n0.365681 0.253709 -0.251947 -0.979995 -0.042755 -0.194375 -0.197751 0.0989942 0.975241 -0.0224545 0.994169 -0.105469 0.0923585 0.0741872 0.748432\n-0.362494 0.262221 -0.254663 0.998549 -0.00163686 -0.0538254 0.0537455 0.0926366 0.994248 0.00335876 -0.995699 0.0925902 0.0727273 0.0609593 0.730881\n0.376518 -0.443315 0.431388 -0.0286702 0.996119 -0.0832153 -0.0878613 0.080416 0.992881 0.99572 0.0357775 0.0852148 0.714446 0.0616695 0.0761819\n-0.368757 -0.448566 0.438257 -0.978062 -0.000443383 -0.208312 -0.207698 0.0788492 0.97501 0.015993 0.996886 -0.0772115 0.0686226 0.0535709 0.702606\n-0.366526 -0.448124 -0.256301 0.99563 0.010619 -0.092783 0.0933854 -0.104864 0.990092 0.000784174 -0.99443 -0.105398 0.0642087 0.0638742 0.704718\n0.375971 -0.44371 -0.25633 0.996677 0.0241227 -0.0778069 0.0799277 -0.105167 0.991237 0.0157286 -0.994162 -0.106745 0.0687124 0.0649781 0.713619\nC 15\n0 1\n0 7\n0 6\n0 5\n0 4\n0 3\n0 2\n1 2\n1 3\n1 4\n1 5\n1 6\n1 7\n2 7\n3 6\nS 3\n2\n2 0.365681 0.253709 -0.251947\n3 -0.362494 0.262221 -0.254663\n2\n0.00159329 0.257965 -0.253305\n-0.999925 0.0116887 -0.00372909\n2\n4 0.376518 -0.443315 0.431388\n5 -0.368757 -0.448566 0.438257\n2\n0.00388052 -0.445941 0.434822\n-0.999933 -0.00704501 0.00921553\n2\n6 -0.366526 -0.448124 -0.256301\n7 0.375971 -0.44371 -0.25633\n2\n0.00472244 -0.445917 -0.256315\n0.999982 0.00594576 -3.88661e-05\nL 8\n0\n1\n0\n0\n2\n2\n2\n2"
}