{
    "boxes": [
        [
            0.004542139824479818,
            0.0017100200057029724,
            0.12811599671840668,
            0.10482800006866455,
            0.8552709817886353,
            0.9100379943847656,
            -0.0028551199939101934,
            0.9990820288658142,
            0.042735300958156586,
            6.103519990574569e-05,
            -0.042735300958156586,
            0.9990860223770142
        ],
        [
            0.027122000232338905,
            -0.7814109921455383,
            -0.36769598722457886,
            0.0467430017888546,
            0.08567699790000916,
            0.7984399795532227,
            0.0,
            1.0,
            0.0,
            0.0,
            0.0,
            1.0
        ],
        [
            -0.4228230118751526,
            -0.44191399216651917,
            0.5735520124435425,
            0.8016899824142456,
            0.30273500084877014,
            0.04819300025701523,
            0.003748940071091056,
            0.9778000116348267,
            0.2095090001821518,
            -0.002466960111632943,
            -0.2095009982585907,
            0.9778050184249878
        ],
        [
            -0.3938330113887787,
            -0.7792080044746399,
            -0.008888999931514263,
            0.04943300038576126,
            0.7656779885292053,
            0.1032940000295639,
            0.0,
            1.0,
            0.0,
            0.0,
            0.0,
            1.0
        ],
        [
            -0.42126598954200745,
            0.327659010887146,
            -0.3724370002746582,
            0.6255049705505371,
            0.1450819969177246,
            0.0540723018348217,
            -0.005354839842766523,
            0.9259330034255981,
            -0.37765100598335266,
            0.07597249746322632,
            0.3769420087337494,
            0.9231160283088684
        ],
        [
            0.004557500127702951,
            0.29813599586486816,
            -0.34994301199913025,
            0.392551988363266,
            0.056295301765203476,
            0.9098989963531494,
            -0.0,
            0.9820680022239685,
            -0.18852899968624115,
            0.0,
            0.18852899968624115,
            0.9820680022239685
        ],
        [
            0.004579999949783087,
            0.5774319767951965,
            -0.561227023601532,
            0.0463699996471405,
            0.08359900116920471,
            0.8900700211524963,
            0.0,
            1.0,
            0.0,
            0.0,
            0.0,
            1.0
        ]
    ],
    "ops": [
        [
            0,
            0,
            0,
            0,
            1,
            2,
            1,
            1,
            0,
            2,
            0,
            0,
            1,
            1,
            1
        ]
    ],
    "syms": [
        [
            0.0,
            0.9999250173568726,
            -0.010202299803495407,
            -0.006764749996364117,
            0.004877360071986914,
            -0.44627800583839417,
            0.5706589818000793,
            0.0
        ],
        [
            0.0,
            0.9999899864196777,
            -0.0007309690117835999,
            0.004495869856327772,
            0.004313889890909195,
            0.327347993850708,
            -0.37052398920059204,
            0.0
        ]
    ],
    "labels:": [
        [
            1,
            2,
            2,
            2,
            0,
            0,
            0
        ]
    ],
    "obj": 38705,
    "mat_index": 2804,
    "obbs": "N 10\n0.0045575 0.298136 -0.349943 1 0 0 0 0.188529 0.982068 0 -0.982068 0.188529 0.909899 0.0562953 0.392552\n0.00458 0.577432 -0.561227 1 0 0 0 1 0 0 0 1 0.89007 0.04637 0.083599\n0.00454214 0.00171002 0.128116 0.999996 0.00285512 6.10352e-05 -0.00285512 0.999082 0.0427353 6.10352e-05 -0.0427353 0.999086 0.910038 0.104828 0.855271\n0.429894 0.327037 -0.368611 0.02771 -0.380485 -0.924372 0.999586 0.00343286 0.0285517 -0.00769026 -0.924781 0.380423 0.13938 0.0513589 0.621134\n-0.421266 0.327659 -0.372437 -0.0759725 -0.376942 -0.923116 0.997096 -0.0237479 -0.0723639 0.00535484 -0.925933 0.377651 0.145082 0.0540723 0.625505\n-0.422823 -0.441914 0.573552 0.00246696 0.209501 -0.977805 0.99999 -0.00418258 0.00162678 -0.00374894 -0.9778 -0.209509 0.302735 0.048193 0.80169\n0.432577 -0.450642 0.567765 -0.00299299 -0.965178 -0.261575 0.999988 -0.0038718 0.00284438 -0.0037581 -0.261564 0.965179 0.806547 0.0469993 0.311161\n0.414589 -0.780918 0.005866 1 0 0 0 1 0 0 0 1 0.079728 0.047393 0.703996\n0.027122 -0.781411 -0.367696 1 0 0 0 1 0 0 0 1 0.79844 0.046743 0.085677\n-0.393833 -0.779208 -0.008889 1 0 0 0 1 0 0 0 1 0.103294 0.049433 0.765678\nC 14\n0 1\n0 4\n0 3\n0 2\n1 3\n1 4\n2 6\n2 4\n2 3\n2 5\n5 9\n6 7\n7 8\n8 9\nS 3\n2\n3 0.429894 0.327037 -0.368611\n4 -0.421266 0.327659 -0.372437\n2\n0.00431389 0.327348 -0.370524\n-0.99999 0.000730969 -0.00449587\n2\n5 -0.422823 -0.441914 0.573552\n6 0.432577 -0.450642 0.567765\n2\n0.00487736 -0.446278 0.570659\n0.999925 -0.0102023 -0.00676475\n2\n7 0.414589 -0.780918 0.005866\n9 -0.393833 -0.779208 -0.008889\n2\n0.010378 -0.780063 -0.0015115\n-0.999831 0.00211487 -0.0182485\nL 10\n0\n0\n1\n0\n0\n2\n2\n2\n2\n2"
}