{
    "boxes": [
        [
            0.010900500230491161,
            -0.05943650007247925,
            0.1188879981637001,
            0.23440100252628326,
            0.7791470289230347,
            0.6273069977760315,
            0.0,
            1.0,
            0.0,
            0.0,
            0.0,
            1.0
        ],
        [
            -0.2918129861354828,
            -0.46007901430130005,
            -0.2877799868583679,
            0.635420024394989,
            0.06913869827985764,
            0.1029369980096817,
            0.09888570010662079,
            0.9816110134124756,
            0.1632850021123886,
            -0.1833920031785965,
            -0.14330199360847473,
            0.9725390076637268
        ],
        [
            0.3089269995689392,
            -0.43399399518966675,
            0.4971480071544647,
            0.6779710054397583,
            0.07274109870195389,
            0.0804343968629837,
            -0.06406909972429276,
            0.9951769709587097,
            -0.074276402592659,
            -0.25979098677635193,
            0.05523049831390381,
            0.9640840291976929
        ],
        [
            -0.2922919988632202,
            -0.45614001154899597,
            0.5000450015068054,
            0.6312980055809021,
            0.08539599925279617,
            0.09032440185546875,
            0.04555309936404228,
            0.9973199963569641,
            -0.057258401066064835,
            -0.5368469953536987,
            0.07277780026197433,
            0.8405349850654602
        ],
        [
            0.014627000316977501,
            -0.7349110245704651,
            -0.3335390090942383,
            0.058139000087976456,
            0.058021001517772675,
            0.6135920286178589,
            0.0,
            1.0,
            0.0,
            0.0,
            0.0,
            1.0
        ],
        [
            -0.002928490051999688,
            0.4292890131473541,
            -0.22639800608158112,
            0.7423329949378967,
            0.05551540106534958,
            0.5808119773864746,
            -0.0170694999396801,
            0.9945200085639954,
            -0.10314200073480606,
            -0.018928300589323044,
            0.10281699895858765,
            0.9945200085639954
        ],
        [
            0.00637128995731473,
            0.3681719899177551,
            -0.23717500269412994,
            0.9022549986839294,
            0.1473339945077896,
            0.625203013420105,
            -0.01965400017797947,
            0.9955859780311584,
            -0.09177760034799576,
            -0.021544599905610085,
            0.09135229885578156,
            0.9955859780311584
        ]
    ],
    "ops": [
        [
            0,
            0,
            2,
            0,
            0,
            0,
            2,
            1,
            1,
            1,
            1,
            0,
            0,
            1,
            1
        ]
    ],
    "syms": [
        [
            0.0,
            0.9999819993972778,
            -0.005514210090041161,
            -0.0023868801072239876,
            0.013526800088584423,
            -0.4617629945278168,
            -0.2885090112686157,
            0.0
        ],
        [
            0.0,
            -0.005104819778352976,
            -0.0074101099744439125,
            0.9999600052833557,
            0.012454399839043617,
            -0.7380639910697937,
            0.09204369783401489,
            0.0
        ]
    ],
    "labels:": [
        [
            1,
            2,
            2,
            2,
            2,
            0,
            0
        ]
    ],
    "obj": 38733,
    "mat_index": 2822,
    "obbs": "N 9\n-0.00292849 0.429289 -0.226398 0.999675 0.0189283 0.0170695 -0.0189283 0.102817 0.99452 0.0170695 -0.99452 0.103142 0.580812 0.0555154 0.742333\n0.0109005 -0.0594365 0.118888 1 0 0 0 1 0 0 0 1 0.627307 0.234401 0.779147\n0.00637129 0.368172 -0.237175 -0.019654 0.995586 -0.0917776 -0.0215446 0.0913523 0.995586 0.999575 0.0215446 0.019654 0.902255 0.147334 0.625203\n0.318866 -0.463447 -0.289238 0.976487 0.108949 -0.186018 0.200443 -0.141279 0.969465 0.0793414 -0.983956 -0.159795 0.101104 0.0685093 0.625832\n-0.292292 -0.45614 0.500045 0.0455531 0.99732 -0.0572584 -0.536847 0.0727778 0.840535 0.842449 -0.00754993 0.538724 0.631298 0.085396 0.0903244\n0.308927 -0.433994 0.497148 0.259791 -0.0552305 -0.964084 0.963537 0.0810643 0.254999 0.0640691 -0.995177 0.0742764 0.0727411 0.0804344 0.677971\n-0.291813 -0.460079 -0.28778 0.0988857 0.981611 0.163285 -0.183392 -0.143302 0.972539 0.978054 -0.126115 0.165849 0.63542 0.0691387 0.102937\n0.014627 -0.734911 -0.333539 1 0 0 0 1 0 0 0 1 0.613592 0.058139 0.058021\n0.0102818 -0.741218 0.517627 0.999979 0.00647047 -9.25328e-05 -0.00647047 0.99957 -0.0285954 -9.25328e-05 0.0285954 0.999591 0.613175 0.0546407 0.0540232\nC 15\n0 1\n0 6\n0 3\n0 2\n1 2\n1 3\n1 4\n1 5\n1 6\n2 6\n2 3\n3 7\n4 8\n5 8\n6 7\nS 2\n2\n3 0.318866 -0.463447 -0.289238\n6 -0.291813 -0.460079 -0.28778\n2\n0.0135268 -0.461763 -0.288509\n-0.999982 0.00551421 0.00238688\n2\n7 0.014627 -0.734911 -0.333539\n8 0.0102818 -0.741218 0.517627\n2\n0.0124544 -0.738064 0.0920437\n-0.00510482 -0.00741011 0.99996\nL 9\n0\n1\n0\n2\n2\n2\n2\n2\n2"
}