{
    "boxes": [
        [
            -0.0005595000111497939,
            -0.005412000231444836,
            0.13116000592708588,
            0.14129400253295898,
            0.760013997554779,
            0.8899170160293579,
            0.0,
            1.0,
            0.0,
            0.0,
            0.0,
            1.0
        ],
        [
            -0.32073500752449036,
            -0.48089200258255005,
            -0.21373699605464935,
            0.822767972946167,
            0.05549829825758934,
            0.050921399146318436,
            0.16730999946594238,
            0.9624530076980591,
            0.21375499665737152,
            -0.5837569832801819,
            -0.07801119983196259,
            0.8081719875335693
        ],
        [
            0.33474498987197876,
            -0.48974600434303284,
            0.43181899189949036,
            0.7872239947319031,
            0.05188509821891785,
            0.05938449874520302,
            -0.14149199426174164,
            0.979295015335083,
            -0.1447809934616089,
            0.2004150003194809,
            0.17156200110912323,
            0.9645730257034302
        ],
        [
            -0.3387250006198883,
            -0.49640700221061707,
            0.427280992269516,
            0.774927020072937,
            0.05231830105185509,
            0.05296560004353523,
            0.12744100391864777,
            0.9785439968109131,
            -0.1618950068950653,
            -0.5755400061607361,
            0.20589399337768555,
            0.7914299964904785
        ],
        [
            0.005880820099264383,
            0.2988489866256714,
            -0.27479299902915955,
            0.6895909905433655,
            0.1502619981765747,
            0.7041090130805969,
            0.003017859999090433,
            0.9795470237731934,
            -0.2011920064687729,
            0.0037006800994277,
            0.20118099451065063,
            0.9795470237731934
        ]
    ],
    "ops": [
        [
            0,
            0,
            2,
            0,
            0,
            1,
            1,
            1,
            0,
            1
        ]
    ],
    "syms": [
        [
            0.0,
            0.9999409914016724,
            -0.009208239614963531,
            0.005834999959915876,
            0.0026043399702757597,
            -0.4838689863681793,
            -0.21185000240802765,
            0.0
        ]
    ],
    "labels:": [
        [
            1,
            2,
            2,
            2,
            0
        ]
    ],
    "obj": 38827,
    "mat_index": 2876,
    "obbs": "N 6\n0.00588082 0.298849 -0.274793 0.999989 -0.00370068 -0.00301786 0.00370068 0.201181 0.979547 -0.00301786 -0.979547 0.201192 0.704109 0.150262 0.689591\n-0.0005595 -0.005412 0.13116 1 0 0 0 1 0 0 0 1 0.889917 0.141294 0.760014\n-0.320735 -0.480892 -0.213737 0.16731 0.962453 0.213755 0.794503 -0.259996 0.548786 0.583757 0.0780112 -0.808172 0.822768 0.0509214 0.0554983\n0.325944 -0.486847 -0.209963 -0.143616 0.960782 0.237217 -0.673263 -0.270538 0.688133 0.725322 -0.0608818 0.685712 0.811162 0.0516078 0.0622554\n0.334745 -0.489746 0.431819 0.96944 0.107463 -0.22054 0.200415 0.171562 0.964573 0.141492 -0.979295 0.144781 0.0593845 0.0518851 0.787224\n-0.338725 -0.496407 0.427281 0.57554 -0.205894 -0.79143 0.807783 -0.00768316 0.58943 -0.127441 -0.978544 0.161895 0.0523183 0.0529656 0.774927\nC 7\n0 1\n0 3\n0 2\n1 2\n1 3\n1 4\n1 5\nS 1\n2\n2 -0.320735 -0.480892 -0.213737\n3 0.325944 -0.486847 -0.209963\n2\n0.00260434 -0.483869 -0.21185\n0.999941 -0.00920824 0.005835\nL 6\n0\n1\n2\n2\n2\n2"
}