{
    "boxes": [
        [
            0.005415500141680241,
            -0.25157999992370605,
            0.2277200073003769,
            0.29379698634147644,
            0.7679709792137146,
            0.7767770290374756,
            0.0,
            1.0,
            0.0,
            0.0,
            0.0,
            1.0
        ],
        [
            -0.36504098773002625,
            -0.08008269965648651,
            0.022995099425315857,
            0.42806699872016907,
            0.5017520189285278,
            0.14639200270175934,
            -0.2106509953737259,
            0.9765989780426025,
            -0.04337029904127121,
            -0.14665299654006958,
            0.012292999774217606,
            0.9891120195388794
        ],
        [
            0.0030997099820524454,
            -0.6121600270271301,
            0.14320899546146393,
            0.43713200092315674,
            0.16293300688266754,
            0.1522340029478073,
            0.03127380087971687,
            0.9992550015449524,
            -0.022630099207162857,
            0.5329890251159668,
            0.002480990020558238,
            0.8461179733276367
        ],
        [
            0.005415500141680241,
            -0.8016669750213623,
            -0.32024499773979187,
            0.0776429995894432,
            0.07750800251960754,
            0.06705500185489655,
            0.0,
            1.0,
            0.0,
            0.0,
            0.0,
            1.0
        ],
        [
            0.005873499903827906,
            -0.7247490286827087,
            -0.10257100313901901,
            0.076214998960495,
            0.4652720093727112,
            0.07029499858617783,
            0.0,
            1.0,
            0.0,
            0.0,
            0.0,
            1.0
        ],
        [
            0.00532800005748868,
            0.255158007144928,
            -0.19088999927043915,
            1.274530053138733,
            0.2925040125846863,
            0.7195799946784973,
            0.0,
            1.0,
            0.0,
            0.0,
            0.0,
            1.0
        ]
    ],
    "ops": [
        [
            0,
            0,
            2,
            1,
            0,
            0,
            0,
            1,
            2,
            1,
            1,
            0,
            1
        ]
    ],
    "syms": [
        [
            0.0,
            0.9999979734420776,
            -0.0021950900554656982,
            -1.1189799806743395e-06,
            0.004883170127868652,
            -0.08089470118284225,
            0.02299470081925392,
            0.0
        ],
        [
            -1.0,
            2.566160048900201e-07,
            0.9999960064888,
            -0.002979760058224201,
            0.005415279883891344,
            -0.798882007598877,
            0.14963899552822113,
            0.20000000298023224
        ]
    ],
    "labels:": [
        [
            1,
            3,
            2,
            2,
            2,
            0
        ]
    ],
    "obj": 2471,
    "mat_index": 288,
    "obbs": "N 15\n0.005328 0.255158 -0.19089 1 0 0 0 1 0 0 0 1 0.71958 1.27453 0.292504\n0.374807 -0.0817067 0.0229943 -0.21471 -0.974474 0.0655815 0.965565 -0.221888 -0.135832 0.146916 0.0341587 0.988559 0.432902 0.145751 0.497967\n-0.365041 -0.0800827 0.0229951 0.146653 -0.012293 -0.989112 0.966498 0.214718 0.140632 0.210651 -0.976599 0.0433703 0.501752 0.146392 0.428067\n-0.267789 -0.798186 0.526942 0.455209 0.632643 -0.626537 -0.371851 0.774444 0.511823 0.809019 -8.29802e-06 0.587783 0.0895999 0.0724237 0.0670559\n0.27862 -0.798186 0.526942 -0.455202 0.632644 -0.62654 0.371871 0.774442 0.511811 0.809014 -1.46576e-05 -0.587789 0.0896002 0.0724236 0.0670562\n0.447469 -0.798186 0.00727727 0.736539 -0.632643 -0.239318 0.601681 0.774444 -0.195493 0.309015 -4.44101e-06 0.951057 0.0895998 0.0724229 0.0670557\n0.0054155 -0.801667 -0.320245 1 0 0 0 1 0 0 0 1 0.067055 0.077643 0.077508\n-0.436639 -0.798186 0.00727725 0.309013 1.04246e-05 -0.951058 -0.601689 0.774438 -0.19549 0.736533 0.63265 0.239318 0.0670561 0.0724231 0.0895993\n0.00309971 -0.61216 0.143209 0.0312738 0.999255 -0.0226301 0.532989 0.00248099 0.846118 0.845544 -0.038523 -0.532514 0.437132 0.162933 0.152234\n-0.233075 -0.739803 0.0746598 -0.942142 -0.144636 -0.302404 -0.122543 0.988291 -0.0909031 0.312011 -0.0485861 -0.948835 0.464769 0.0980574 0.0720353\n-0.141227 -0.739977 0.353782 -0.806861 -0.036853 -0.589591 -0.116326 0.988423 0.0974106 0.579175 0.147181 -0.801807 0.0706967 0.0981187 0.464772\n0.153977 -0.740026 0.352362 -0.583855 0.150687 -0.797751 0.0518364 0.987538 0.148598 0.810201 0.0454074 -0.58439 0.464725 0.100042 0.0777877\n0.242389 -0.739749 0.0705591 0.940235 -0.152268 -0.304584 0.141298 0.988274 -0.0578806 0.309826 0.0113843 0.950725 0.464737 0.0976537 0.0792732\n0.0058735 -0.724749 -0.102571 1 0 0 0 1 0 0 0 1 0.070295 0.076215 0.465272\n0.0054155 -0.25158 0.22772 1 0 0 0 1 0 0 0 1 0.776777 0.293797 0.767971\nC 29\n0 14\n0 8\n0 1\n0 2\n1 14\n1 8\n2 8\n2 14\n3 10\n4 11\n5 12\n6 13\n7 9\n8 13\n8 9\n8 14\n8 10\n8 11\n8 12\n9 11\n9 10\n9 13\n9 12\n10 11\n10 12\n10 13\n11 13\n11 12\n12 13\nS 3\n2\n1 0.374807 -0.0817067 0.0229943\n2 -0.365041 -0.0800827 0.0229951\n2\n0.00488317 -0.0808947 0.0229947\n-0.999998 0.00219509 1.11898e-06\n5\n6 0.0054155 -0.801667 -0.320245\n7 -0.436639 -0.798186 0.00727725\n3 -0.267789 -0.798186 0.526942\n4 0.27862 -0.798186 0.526942\n5 0.447469 -0.798186 0.00727727\n3\n0.00541528 -0.798882 0.149639\n2.56616e-07 0.999996 -0.00297976\n5\n11 0.153977 -0.740026 0.352362\n10 -0.141227 -0.739977 0.353782\n9 -0.233075 -0.739803 0.0746598\n13 0.0058735 -0.724749 -0.102571\n12 0.242389 -0.739749 0.0705591\n3\n0.00558731 -0.736861 0.149758\n0.000213316 0.999703 0.0243862\nL 15\n0\n3\n3\n2\n2\n2\n2\n2\n2\n2\n2\n2\n2\n2\n1"
}