{
    "boxes": [
        [
            -0.009810020215809345,
            -0.06129949912428856,
            0.1484600007534027,
            0.14190499484539032,
            0.7012940049171448,
            0.5737289786338806,
            0.003955089952796698,
            0.9858019948005676,
            -0.1678670048713684,
            0.0003343379939906299,
            0.1678670048713684,
            0.9858099818229675
        ],
        [
            -0.2818540036678314,
            0.23633700609207153,
            0.07907470315694809,
            0.30145499110221863,
            0.6787649989128113,
            0.10748299956321716,
            -0.019376400858163834,
            0.8430320024490356,
            0.5375139713287354,
            -0.04014499858021736,
            -0.537837028503418,
            0.842091977596283
        ],
        [
            -0.29778799414634705,
            -0.3856160044670105,
            0.38153699040412903,
            0.8510460257530212,
            0.023707300424575806,
            0.30481499433517456,
            0.3571459949016571,
            0.915440022945404,
            -0.18551699817180634,
            -0.0016002899501472712,
            0.19921499490737915,
            0.9799540042877197
        ],
        [
            -0.28900501132011414,
            -0.41249701380729675,
            -0.26401299238204956,
            0.8229699730873108,
            0.023386100307106972,
            0.29726800322532654,
            0.35734400153160095,
            0.8910830020904541,
            0.27977800369262695,
            -0.0008054960053414106,
            -0.29926300048828125,
            0.9541699886322021
        ],
        [
            -0.010541699826717377,
            0.2640489935874939,
            -0.21001900732517242,
            0.6601259708404541,
            0.060782499611377716,
            0.5736610293388367,
            -0.003032050095498562,
            0.9576069712638855,
            -0.2880609929561615,
            -0.00407830998301506,
            0.28804799914360046,
            0.9576069712638855
        ],
        [
            0.21506600081920624,
            0.1729779988527298,
            -0.258558988571167,
            0.5952619910240173,
            0.13503099977970123,
            0.019121399149298668,
            0.0011808499693870544,
            0.9468709826469421,
            -0.32161200046539307,
            0.014368199743330479,
            0.3215630054473877,
            0.9467790126800537
        ]
    ],
    "ops": [
        [
            0,
            0,
            2,
            1,
            0,
            0,
            1,
            2,
            1,
            0,
            0,
            2,
            1,
            1
        ]
    ],
    "syms": [
        [
            0.0,
            0.999987006187439,
            -0.004614559933543205,
            0.0019685199949890375,
            -0.009658140130341053,
            0.2350810021162033,
            0.07961049675941467,
            0.0
        ],
        [
            0.0,
            1.0,
            5.551069826026378e-09,
            -2.055969977599048e-10,
            -0.00968874990940094,
            -0.3856160044670105,
            0.38153699040412903,
            0.0
        ],
        [
            0.0,
            0.9997569918632507,
            0.015040700323879719,
            -0.016140399500727654,
            -0.009644569829106331,
            0.16959699988365173,
            -0.2549310028553009,
            0.0
        ]
    ],
    "labels:": [
        [
            1,
            3,
            2,
            2,
            0,
            0
        ]
    ],
    "obj": 38832,
    "mat_index": 2880,
    "obbs": "N 10\n-0.0105417 0.264049 -0.210019 0.999987 0.00407831 0.00303205 -0.00407831 0.288048 0.957607 0.00303205 -0.957607 0.288061 0.573661 0.0607825 0.660126\n0.262538 0.233825 0.0801464 -0.0398267 0.55139 -0.833296 0.999006 0.00526182 -0.0442649 -0.0200226 -0.834231 -0.551051 0.678648 0.107483 0.308431\n-0.281854 0.236337 0.0790747 0.0193764 -0.843032 -0.537514 0.999006 -0.0052618 0.0442649 -0.040145 -0.537837 0.842092 0.301455 0.107483 0.678765\n-0.00981002 -0.0612995 0.14846 -0.000334338 -0.167867 -0.98581 0.00395509 0.985802 -0.167867 0.999992 -0.00395509 0.000334338 0.701294 0.141905 0.573729\n-0.234355 0.166216 -0.251303 0.016535 -0.294683 -0.955452 0.99986 0.0073853 0.0150257 0.00262848 -0.955566 0.294764 0.134613 0.0191974 0.616174\n0.215066 0.172978 -0.258559 -0.0143682 -0.321563 -0.946779 0.999896 -0.00573897 -0.0132251 -0.00118085 -0.946871 0.321612 0.135031 0.0191214 0.595262\n0.27841 -0.385616 0.381537 0.934047 0.34969 -0.072614 0.00160028 0.199215 0.979954 0.357146 -0.91544 0.185517 0.304816 0.0237073 0.851047\n-0.297788 -0.385616 0.381537 0.357146 0.91544 -0.185517 -0.00160029 0.199215 0.979954 0.934047 -0.34969 0.072614 0.851046 0.0237073 0.304815\n-0.289005 -0.412497 -0.264013 0.357344 0.891083 0.279778 -0.000805496 -0.299263 0.95417 0.933973 -0.341192 -0.106222 0.82297 0.0233861 0.297268\n0.269628 -0.412498 -0.264013 0.933973 0.341192 0.106222 0.000805493 -0.299263 0.95417 0.357344 -0.891083 -0.279778 0.297267 0.0233861 0.82297\nC 29\n0 2\n0 3\n0 4\n0 5\n0 8\n0 1\n0 9\n1 3\n1 6\n1 5\n1 9\n1 7\n2 8\n2 6\n2 3\n2 7\n2 4\n3 7\n3 6\n3 9\n3 5\n3 8\n3 4\n4 8\n4 9\n5 9\n5 8\n6 7\n8 9\nS 4\n2\n1 0.262538 0.233825 0.0801464\n2 -0.281854 0.236337 0.0790747\n2\n-0.00965814 0.235081 0.0796105\n-0.999987 0.00461456 -0.00196852\n2\n4 -0.234355 0.166216 -0.251303\n5 0.215066 0.172978 -0.258559\n2\n-0.00964457 0.169597 -0.254931\n0.999757 0.0150407 -0.0161404\n2\n6 0.27841 -0.385616 0.381537\n7 -0.297788 -0.385616 0.381537\n2\n-0.00968875 -0.385616 0.381537\n-1 -5.55107e-09 2.05597e-10\n2\n8 -0.289005 -0.412497 -0.264013\n9 0.269628 -0.412498 -0.264013\n2\n-0.00968872 -0.412497 -0.264013\n1 -2.83204e-07 -8.82103e-08\nL 10\n0\n3\n3\n1\n0\n0\n2\n2\n2\n2"
}