{
    "boxes": [
        [
            0.003163059940561652,
            -0.09837470203638077,
            0.14291399717330933,
            0.12153299897909164,
            0.849934995174408,
            0.8503069877624512,
            -0.00033315399195998907,
            0.9999549984931946,
            0.009439829736948013,
            1.5724899640190415e-06,
            -0.009439829736948013,
            0.9999549984931946
        ],
        [
            -0.38073500990867615,
            -0.4253830015659332,
            -0.2353920042514801,
            0.5939319729804993,
            0.08879689872264862,
            0.09313180297613144,
            0.07234039902687073,
            0.9962670207023621,
            0.04710200056433678,
            -0.13099999725818634,
            -0.037325698882341385,
            0.9906790256500244
        ],
        [
            0.38198500871658325,
            -0.4286249876022339,
            0.5263760089874268,
            0.5869259834289551,
            0.09661190211772919,
            0.0974569022655487,
            -0.041125401854515076,
            0.9975169897079468,
            -0.05717200040817261,
            -0.641514003276825,
            0.017506800591945648,
            0.7669119834899902
        ],
        [
            -0.36855000257492065,
            -0.426827996969223,
            0.5185589790344238,
            0.5864440202713013,
            0.09748200327157974,
            0.10572999715805054,
            0.0,
            1.0,
            0.0,
            0.0,
            0.0,
            1.0
        ],
        [
            0.0031534999143332243,
            0.3331280052661896,
            -0.23071900010108948,
            0.8299090266227722,
            0.05769599974155426,
            0.8893489837646484,
            0.0,
            1.0,
            0.0,
            0.0,
            0.0,
            1.0
        ],
        [
            0.005650090053677559,
            0.3212690055370331,
            -0.22882500290870667,
            0.7974569797515869,
            0.03687480092048645,
            0.1076980009675026,
            0.005275739822536707,
            0.9999290108680725,
            0.010690700262784958,
            -0.046572498977184296,
            -0.010433600284159184,
            0.9988600015640259
        ],
        [
            -0.3933190107345581,
            0.29589399695396423,
            -0.23048600554466248,
            0.7565739750862122,
            0.0676179975271225,
            0.06395500153303146,
            0.0,
            1.0,
            0.0,
            0.0,
            0.0,
            1.0
        ],
        [
            -0.30494698882102966,
            0.3127259910106659,
            -0.2289540022611618,
            0.7612000107765198,
            0.03380199894309044,
            0.06388600170612335,
            0.0,
            1.0,
            0.0,
            0.0,
            0.0,
            1.0
        ],
        [
            -0.20795699954032898,
            0.326308012008667,
            -0.22890600562095642,
            0.7632349729537964,
            0.03372599929571152,
            0.06748399883508682,
            0.0,
            1.0,
            0.0,
            0.0,
            0.0,
            1.0
        ],
        [
            -0.11016300320625305,
            0.32711300253868103,
            -0.22842800617218018,
            0.7861490249633789,
            0.02642899937927723,
            0.06913600116968155,
            0.0,
            1.0,
            0.0,
            0.0,
            0.0,
            1.0
        ]
    ],
    "ops": [
        [
            0,
            0,
            2,
            0,
            0,
            1,
            1,
            1,
            0,
            0,
            1,
            0,
            0,
            1,
            0,
            0,
            1,
            1,
            2,
            1,
            1
        ]
    ],
    "syms": [
        [
            0.0,
            0.9999579787254333,
            0.002031780080869794,
            0.008895349688827991,
            -0.006283299997448921,
            -0.4246219992637634,
            -0.2320609986782074,
            0.0
        ],
        [
            0.0,
            0.9999179840087891,
            0.01275280024856329,
            0.000644212996121496,
            0.005973250139504671,
            0.30098599195480347,
            -0.23022900521755219,
            0.0
        ]
    ],
    "labels:": [
        [
            1,
            2,
            2,
            2,
            0,
            0,
            0,
            0,
            0,
            0
        ]
    ],
    "obj": 38880,
    "mat_index": 2902,
    "obbs": "N 15\n0.0031535 0.333128 -0.230719 1 0 0 0 1 0 0 0 1 0.889349 0.829909 0.057696\n0.00316306 -0.0983747 0.142914 1 0.000333154 1.57249e-06 -0.000333154 0.999955 0.00943983 1.57249e-06 -0.00943983 0.999955 0.850307 0.121533 0.849935\n0.405265 0.306079 -0.229971 1 0 0 0 1 0 0 0 1 0.063868 0.744528 0.056197\n0.307869 0.305545 -0.227319 0.00739034 0.999973 0.000535967 -0.0449377 -0.000203326 0.99899 0.998962 -0.00740696 0.044935 0.76406 0.027778 0.0649385\n0.214232 0.321014 -0.228979 1 0 0 0 1 0 0 0 1 0.067439 0.773965 0.033852\n0.116431 0.32231 -0.22916 1 0 0 0 1 0 0 0 1 0.069237 0.797251 0.03733\n0.00565009 0.321269 -0.228825 -0.998901 0.00576762 -0.0465142 -0.0465725 -0.0104336 0.99886 0.00527574 0.999929 0.0106907 0.107698 0.0368748 0.797457\n-0.110163 0.327113 -0.228428 1 0 0 0 1 0 0 0 1 0.069136 0.786149 0.026429\n-0.207957 0.326308 -0.228906 1 0 0 0 1 0 0 0 1 0.067484 0.763235 0.033726\n-0.304947 0.312726 -0.228954 1 0 0 0 1 0 0 0 1 0.063886 0.7612 0.033802\n-0.393319 0.295894 -0.230486 1 0 0 0 1 0 0 0 1 0.063955 0.756574 0.067618\n0.368168 -0.423862 -0.22873 1 0 0 0 1 0 0 0 1 0.119132 0.592371 0.105601\n0.381985 -0.428625 0.526376 -0.766008 -0.0682162 -0.639201 -0.641514 0.0175068 0.766912 -0.0411254 0.997517 -0.057172 0.0974569 0.0966119 0.586926\n-0.36855 -0.426828 0.518559 1 0 0 0 1 0 0 0 1 0.10573 0.586444 0.097482\n-0.380735 -0.425383 -0.235392 -0.98874 0.0778365 -0.127811 -0.131 -0.0373257 0.990679 0.0723404 0.996267 0.047102 0.0931318 0.0887969 0.593932\nC 52\n0 14\n0 7\n0 10\n0 3\n0 11\n0 4\n0 5\n0 8\n0 1\n0 6\n0 9\n0 2\n1 3\n1 6\n1 11\n1 2\n1 14\n1 5\n1 10\n1 13\n1 4\n1 9\n1 12\n1 8\n1 7\n2 5\n2 4\n2 3\n2 11\n3 11\n3 6\n3 5\n3 4\n4 5\n4 11\n4 6\n5 6\n5 11\n5 7\n6 9\n6 7\n6 8\n7 10\n7 14\n7 8\n7 9\n8 9\n8 14\n8 10\n9 14\n9 10\n10 14\nS 5\n2\n10 -0.393319 0.295894 -0.230486\n2 0.405265 0.306079 -0.229971\n2\n0.00597325 0.300986 -0.230229\n0.999918 0.0127528 0.000644213\n2\n9 -0.304947 0.312726 -0.228954\n3 0.307869 0.305545 -0.227319\n2\n0.00146117 0.309136 -0.228136\n0.999928 -0.0117166 0.0026679\n2\n8 -0.207957 0.326308 -0.228906\n4 0.214232 0.321014 -0.228979\n2\n0.00313775 0.323661 -0.228942\n0.999921 -0.012536 -0.000172895\n2\n7 -0.110163 0.327113 -0.228428\n5 0.116431 0.32231 -0.22916\n2\n0.00313425 0.324711 -0.228794\n0.99977 -0.0211916 -0.00322749\n2\n11 0.368168 -0.423862 -0.22873\n14 -0.380735 -0.425383 -0.235392\n2\n-0.0062833 -0.424622 -0.232061\n-0.999958 -0.00203178 -0.00889535\nL 15\n0\n1\n0\n0\n0\n0\n0\n0\n0\n0\n0\n2\n2\n2\n2"
}