{
    "boxes": [
        [
            0.014248499646782875,
            0.014844500459730625,
            0.09224800020456314,
            0.05030500143766403,
            0.88953697681427,
            0.8895360231399536,
            -9.397540002596303e-19,
            1.0,
            -1.1102199806005023e-16,
            -0.45399001240730286,
            9.849500280997977e-17,
            0.8910070061683655
        ],
        [
            -0.27073198556900024,
            -0.42432901263237,
            -0.30343401432037354,
            0.8833209872245789,
            0.06440690159797668,
            0.056767698377370834,
            -0.00799752026796341,
            0.9975489974021912,
            0.06951689720153809,
            0.09013789892196655,
            -0.06851699948310852,
            0.9935700297355652
        ],
        [
            -0.27191200852394104,
            -0.4414289891719818,
            0.3736790120601654,
            0.8640580177307129,
            0.08979939669370651,
            0.050536200404167175,
            0.00028553701122291386,
            0.9981030225753784,
            -0.06157330051064491,
            0.009282209910452366,
            0.0615679994225502,
            0.9980599880218506
        ],
        [
            0.008148999884724617,
            0.3055810034275055,
            -0.2941409945487976,
            0.8057249784469604,
            0.04561299830675125,
            0.5988600254058838,
            0.0,
            1.0,
            0.0,
            0.0,
            0.0,
            1.0
        ],
        [
            0.008054000325500965,
            0.46386998891830444,
            -0.28305599093437195,
            0.9444599747657776,
            0.04666600003838539,
            0.6941940188407898,
            0.0,
            1.0,
            0.0,
            0.0,
            0.0,
            1.0
        ]
    ],
    "ops": [
        [
            0,
            0,
            0,
            1,
            2,
            1,
            0,
            0,
            1,
            1
        ]
    ],
    "syms": [
        [
            0.0,
            0.9996320009231567,
            0.027014799416065216,
            0.002251120051369071,
            0.008300719782710075,
            -0.4167880117893219,
            -0.30280500650405884,
            0.0
        ]
    ],
    "labels:": [
        [
            1,
            2,
            2,
            0,
            0
        ]
    ],
    "obj": 38897,
    "mat_index": 2910,
    "obbs": "N 7\n0.0142485 0.0148445 0.092248 0.45399 -9.8495e-17 -0.891007 -9.39754e-19 1 -1.11022e-16 0.891007 5.12404e-17 0.45399 0.889537 0.050305 0.889536\n0.008149 0.305581 -0.294141 1 0 0 0 1 0 0 0 1 0.59886 0.805725 0.045613\n0.287333 -0.409247 -0.302177 -0.998841 0.00413634 -0.0479494 -0.0481111 -0.0598202 0.997049 0.00125579 0.998201 0.0599499 0.0505249 0.0631958 0.913864\n-0.270732 -0.424329 -0.303434 0.995897 0.0142122 -0.089369 0.0901379 -0.068517 0.99357 0.00799752 -0.997549 -0.0695169 0.0567677 0.0644069 0.883321\n0.288166 -0.44126 0.378501 0.00925404 -0.0431206 -0.999027 0.999957 0.000855534 0.00922573 0.000456882 -0.99907 0.0431267 0.0892888 0.0505354 0.863942\n-0.271912 -0.441429 0.373679 0.000285537 0.998103 -0.0615733 0.999957 -0.00085652 -0.00924702 -0.00928221 -0.061568 -0.99806 0.864058 0.0505362 0.0897994\n0.008054 0.46387 -0.283056 1 0 0 0 1 0 0 0 1 0.694194 0.94446 0.046666\nC 11\n0 1\n0 6\n0 5\n0 4\n0 3\n0 2\n1 2\n1 3\n1 6\n2 6\n3 6\nS 2\n2\n2 0.287333 -0.409247 -0.302177\n3 -0.270732 -0.424329 -0.303434\n2\n0.00830072 -0.416788 -0.302805\n-0.999632 -0.0270148 -0.00225112\n2\n4 0.288166 -0.44126 0.378501\n5 -0.271912 -0.441429 0.373679\n2\n0.00812669 -0.441345 0.37609\n-0.999963 -0.000300319 -0.00861051\nL 7\n1\n0\n2\n2\n2\n2\n0"
}