{
    "boxes": [
        [
            0.009240499697625637,
            -0.15337499976158142,
            0.06488099694252014,
            0.3748509883880615,
            0.848904013633728,
            0.993710994720459,
            0.0,
            1.0,
            0.0,
            0.0,
            0.0,
            1.0
        ],
        [
            -0.49806898832321167,
            0.49651598930358887,
            0.1774580031633377,
            0.06171949952840805,
            0.5742639899253845,
            0.061312999576330185,
            -0.1316000074148178,
            0.9603070020675659,
            0.24595299363136292,
            -0.13874399662017822,
            -0.2635110020637512,
            0.9546269774436951
        ],
        [
            0.513014018535614,
            0.4953190088272095,
            0.17835299670696259,
            0.06409589946269989,
            0.5663170218467712,
            0.06625550240278244,
            -0.2287590056657791,
            0.9255920052528381,
            0.3015750050544739,
            0.15101799368858337,
            -0.27229800820350647,
            0.9502879977226257
        ],
        [
            -0.4758870005607605,
            0.14388099312782288,
            0.14272400736808777,
            0.8383730053901672,
            0.49440398812294006,
            0.048264700919389725,
            0.0004213459906168282,
            0.999538004398346,
            -0.03040030039846897,
            -0.12657099962234497,
            0.030209099873900414,
            0.9914969801902771
        ],
        [
            -0.5174890160560608,
            0.05578700080513954,
            0.4082010090351105,
            0.7434920072555542,
            0.06197400018572807,
            0.059748999774456024,
            0.0,
            1.0,
            0.0,
            0.0,
            0.0,
            1.0
        ],
        [
            -0.30012398958206177,
            -0.4950940012931824,
            -0.2512440085411072,
            0.4566429853439331,
            0.13228599727153778,
            0.10447599738836288,
            0.0,
            1.0,
            0.0,
            0.0,
            0.0,
            1.0
        ],
        [
            -0.4917739927768707,
            -0.5442799925804138,
            0.41000598669052124,
            0.4566420018672943,
            0.13228599727153778,
            0.15537799894809723,
            0.0,
            1.0,
            0.0,
            0.0,
            0.0,
            1.0
        ],
        [
            0.009077499620616436,
            0.1968729943037033,
            -0.283720999956131,
            0.9326559901237488,
            0.4693790078163147,
            0.9155189990997314,
            0.0,
            1.0,
            0.0,
            0.0,
            0.0,
            1.0
        ],
        [
            0.008295340463519096,
            0.6255990266799927,
            -0.2953430116176605,
            0.05627790093421936,
            0.47603100538253784,
            0.9921669960021973,
            -0.001372650032863021,
            0.9635059833526611,
            0.2676829993724823,
            0.00018713199824560434,
            -0.2676829993724823,
            0.9635069966316223
        ]
    ],
    "ops": [
        [
            0,
            0,
            0,
            0,
            0,
            1,
            2,
            1,
            1,
            1,
            0,
            0,
            1,
            2,
            1,
            0,
            0,
            1,
            1
        ]
    ],
    "syms": [
        [
            0.0,
            0.9999949932098389,
            -0.002826770069077611,
            -0.0010616099461913109,
            0.007712239865213633,
            0.14251400530338287,
            0.14221100509166718,
            0.0
        ],
        [
            0.0,
            1.0,
            -8.078459927673975e-07,
            0.0,
            0.009340750053524971,
            -0.4950940012931824,
            -0.2512440085411072,
            0.0
        ]
    ],
    "labels:": [
        [
            1,
            3,
            3,
            3,
            3,
            2,
            2,
            0,
            0
        ]
    ],
    "obj": 38903,
    "mat_index": 2914,
    "obbs": "N 13\n0.0090775 0.196873 -0.283721 1 0 0 0 1 0 0 0 1 0.915519 0.932656 0.469379\n0.00829534 0.625599 -0.295343 0.999999 0.00137265 0.000187132 -0.00137265 0.963506 0.267683 0.000187132 -0.267683 0.963507 0.992167 0.0562779 0.476031\n0.0092405 -0.153375 0.064881 1 0 0 0 1 0 0 0 1 0.993711 0.374851 0.848904\n0.491311 0.141147 0.141697 0.00188074 -0.999689 0.0248505 0.991612 -0.00134724 -0.129245 0.129238 0.0248851 0.991301 0.829396 0.0467922 0.492646\n-0.475887 0.143881 0.142724 0.126571 -0.0302091 -0.991497 0.991957 0.00343002 0.126525 -0.000421346 -0.999538 0.0304003 0.494404 0.0482647 0.838373\n0.535994 0.05604 0.408193 1 0 0 0 1 0 0 0 1 0.059795 0.743998 0.06199\n-0.517489 0.055787 0.408201 1 0 0 0 1 0 0 0 1 0.059749 0.743492 0.061974\n0.513014 0.495319 0.178353 0.228759 -0.925592 -0.301575 0.961698 0.262931 -0.0774909 0.151018 -0.272298 0.950288 0.0640959 0.0662555 0.566317\n-0.498069 0.496516 0.177458 0.138744 0.263511 -0.954627 -0.1316 0.960307 0.245953 0.981545 0.0915048 0.167915 0.574264 0.0617195 0.061313\n-0.300124 -0.495094 -0.251244 1 0 0 0 1 0 0 0 1 0.104476 0.456643 0.132286\n0.318806 -0.495094 -0.251244 1 0 0 0 1 0 0 0 1 0.104475 0.456642 0.132286\n0.510256 -0.54428 0.410006 1 0 0 0 1 0 0 0 1 0.155378 0.456642 0.132286\n-0.491774 -0.54428 0.410006 1 0 0 0 1 0 0 0 1 0.155378 0.456642 0.132286\nC 32\n0 2\n0 7\n0 10\n0 3\n0 4\n0 8\n0 1\n0 9\n1 3\n1 4\n1 8\n1 7\n2 12\n2 5\n2 9\n2 6\n2 10\n2 3\n2 11\n2 4\n3 11\n3 7\n3 10\n3 5\n4 8\n4 12\n4 9\n4 6\n5 11\n5 7\n6 12\n6 8\nS 4\n2\n3 0.491311 0.141147 0.141697\n4 -0.475887 0.143881 0.142724\n2\n0.00771224 0.142514 0.142211\n-0.999995 0.00282677 0.00106161\n2\n5 0.535994 0.05604 0.408193\n6 -0.517489 0.055787 0.408201\n2\n0.009252 0.0559135 0.408197\n-1 -0.000240156 7.59386e-06\n2\n9 -0.300124 -0.495094 -0.251244\n10 0.318806 -0.495094 -0.251244\n2\n0.00934075 -0.495094 -0.251244\n1 -8.07846e-07 0\n2\n11 0.510256 -0.54428 0.410006\n12 -0.491774 -0.54428 0.410006\n2\n0.009241 -0.54428 0.410006\n-1 0 0\nL 13\n0\n0\n1\n3\n3\n3\n3\n3\n3\n2\n2\n2\n2"
}