{
    "boxes": [
        [
            -0.010317499749362469,
            -0.24362899363040924,
            0.10332900285720825,
            0.4655120074748993,
            1.0819200277328491,
            1.0819000005722046,
            0.0,
            1.0,
            0.0,
            0.0,
            0.0,
            1.0
        ],
        [
            0.41752299666404724,
            0.2073339968919754,
            0.06230349838733673,
            0.49836599826812744,
            0.8811169862747192,
            0.18287500739097595,
            0.0,
            1.0,
            0.0,
            0.0,
            0.0,
            1.0
        ],
        [
            -0.5300830006599426,
            0.1075659990310669,
            0.04760050028562546,
            0.5991489887237549,
            0.922415018081665,
            0.051709000021219254,
            0.0,
            1.0,
            0.0,
            0.0,
            0.0,
            1.0
        ],
        [
            -0.5012019872665405,
            -0.5029929876327515,
            0.580797016620636,
            0.2904689908027649,
            0.19993099570274353,
            0.07960350066423416,
            0.029163800179958344,
            0.9988449811935425,
            -0.03817690163850784,
            0.6756619811058044,
            0.008447480387985706,
            0.7371630072593689
        ],
        [
            -0.49203699827194214,
            -0.534699022769928,
            -0.3797520101070404,
            0.2258400022983551,
            0.0850771963596344,
            0.22123700380325317,
            0.012913700193166733,
            0.9997090101242065,
            0.020364999771118164,
            0.7032619714736938,
            -0.02355870045721531,
            0.7105399966239929
        ],
        [
            -0.09286150336265564,
            0.23731400072574615,
            -0.26696598529815674,
            0.5523930191993713,
            0.2837440073490143,
            0.8728569746017456,
            0.0,
            1.0,
            0.0,
            0.0,
            0.0,
            1.0
        ],
        [
            -0.010317499749362469,
            0.09574899822473526,
            -0.37110400199890137,
            0.6228839755058289,
            0.14319999516010284,
            1.0819000005722046,
            0.0,
            1.0,
            0.0,
            0.0,
            0.0,
            1.0
        ]
    ],
    "ops": [
        [
            0,
            0,
            0,
            2,
            1,
            1,
            0,
            0,
            1,
            2,
            1,
            0,
            0,
            1,
            1
        ]
    ],
    "syms": [
        [
            0.0,
            0.9996799826622009,
            0.022851699963212013,
            -0.01088509988039732,
            -0.011260700412094593,
            0.11942599713802338,
            0.04195129871368408,
            0.0
        ],
        [
            0.0,
            0.9999930262565613,
            -0.003697739914059639,
            0.0007590220193378627,
            -0.01004329975694418,
            -0.5048090219497681,
            0.5811700224876404,
            0.0
        ]
    ],
    "labels:": [
        [
            1,
            3,
            3,
            2,
            2,
            0,
            0
        ]
    ],
    "obj": 38913,
    "mat_index": 2922,
    "obbs": "N 10\n-0.0928615 0.237314 -0.266966 1 0 0 0 1 0 0 0 1 0.872857 0.552393 0.283744\n0.417523 0.207334 0.0623035 1 0 0 0 1 0 0 0 1 0.182875 0.498366 0.881117\n0.507561 0.131286 0.036302 1 0 0 0 1 0 0 0 1 0.05467 0.55181 0.921774\n-0.530083 0.107566 0.0476005 1 0 0 0 1 0 0 0 1 0.051709 0.599149 0.922415\n-0.0103175 -0.243629 0.103329 1 0 0 0 1 0 0 0 1 1.0819 0.465512 1.08192\n-0.0103175 0.095749 -0.371104 1 0 0 0 1 0 0 0 1 1.0819 0.622884 0.1432\n0.481115 -0.506626 0.581543 0.692919 0.0335093 -0.720236 0.720227 0.0145427 0.693586 0.0337157 -0.999333 -0.0140574 0.198659 0.0763343 0.283494\n0.4755 -0.537649 -0.378502 -0.0382283 0.998477 0.0397844 -0.705293 -0.0551645 0.706766 0.707884 -0.00104123 0.706328 0.221282 0.0887228 0.222473\n-0.492037 -0.534699 -0.379752 0.0129137 0.999709 0.020365 0.703262 -0.0235587 0.71054 0.710813 0.00514622 -0.703362 0.22584 0.0850772 0.221237\n-0.501202 -0.502993 0.580797 -0.0291638 -0.998845 0.0381769 0.736634 -0.0472932 -0.674636 0.675662 0.00844748 0.737163 0.290469 0.0796035 0.199931\nC 22\n0 2\n0 3\n0 4\n0 5\n0 1\n1 2\n1 5\n1 4\n2 5\n2 6\n2 4\n3 9\n3 5\n3 8\n3 4\n4 7\n4 8\n4 9\n4 5\n4 6\n5 8\n5 7\nS 3\n2\n2 0.507561 0.131286 0.036302\n3 -0.530083 0.107566 0.0476005\n2\n-0.0112607 0.119426 0.0419513\n-0.99968 -0.0228517 0.0108851\n2\n6 0.481115 -0.506626 0.581543\n9 -0.501202 -0.502993 0.580797\n2\n-0.0100433 -0.504809 0.58117\n-0.999993 0.00369774 -0.000759022\n2\n7 0.4755 -0.537649 -0.378502\n8 -0.492037 -0.534699 -0.379752\n2\n-0.00826846 -0.536174 -0.379127\n-0.999995 0.00304854 -0.00129144\nL 10\n0\n3\n3\n3\n1\n0\n2\n2\n2\n2"
}