{
    "boxes": [
        [
            0.011955000460147858,
            -0.17102299630641937,
            0.2521040141582489,
            0.34211501479148865,
            0.8217560052871704,
            1.1590900421142578,
            0.016800599172711372,
            0.9780300259590149,
            -0.2077839970588684,
            0.001764829969033599,
            0.2077839970588684,
            0.978173017501831
        ],
        [
            -0.531682014465332,
            -0.5229979753494263,
            -0.21030199527740479,
            0.08394379913806915,
            0.47181299328804016,
            0.07450380176305771,
            -0.09189780056476593,
            0.9121869802474976,
            -0.3993360102176666,
            -0.019191699102520943,
            0.3993360102176666,
            0.9166039824485779
        ],
        [
            -0.5334339737892151,
            -0.5154550075531006,
            0.320358008146286,
            0.1078450009226799,
            0.6765440106391907,
            0.07737360149621964,
            -0.17983900010585785,
            0.9426460266113281,
            0.2812039852142334,
            -0.025467999279499054,
            -0.29023098945617676,
            0.9566180109977722
        ],
        [
            -0.17438800632953644,
            0.1111920028924942,
            -0.2867630124092102,
            0.8226150274276733,
            0.047968100756406784,
            0.059330400079488754,
            0.005919959861785173,
            0.9273390173912048,
            -0.3741759955883026,
            0.008772119879722595,
            0.37411999702453613,
            0.9273390173912048
        ],
        [
            0.01203049998730421,
            0.2031400054693222,
            -0.2348710000514984,
            0.6774119734764099,
            0.13887499272823334,
            1.15392005443573,
            -1.3636199946986949e-09,
            0.9350780248641968,
            -0.3544420003890991,
            -1.975180019542222e-09,
            0.3544420003890991,
            0.9350780248641968
        ],
        [
            0.01203049998730421,
            0.45645400881767273,
            -0.4257960021495819,
            0.0621614009141922,
            0.021130500361323357,
            1.0294400453567505,
            -0.0,
            0.9950100183486938,
            -0.09977860003709793,
            0.0,
            0.09977860003709793,
            0.9950100183486938
        ]
    ],
    "ops": [
        [
            0,
            0,
            0,
            1,
            2,
            1,
            0,
            2,
            0,
            0,
            1,
            1,
            1
        ]
    ],
    "syms": [
        [
            0.0,
            0.9999750256538391,
            0.0010942600201815367,
            0.007049370091408491,
            0.01223559956997633,
            -0.5224030017852783,
            -0.20646800100803375,
            0.0
        ],
        [
            1.0,
            0.5082891583442688,
            0.09484371542930603,
            -0.24510356783866882,
            0.44773098826408386,
            0.11051599681377411,
            -0.2856670022010803,
            0.125
        ]
    ],
    "labels:": [
        [
            1,
            2,
            2,
            0,
            0,
            0
        ]
    ],
    "obj": 38922,
    "mat_index": 2929,
    "obbs": "N 15\n0.0120305 0.20314 -0.234871 -1.36362e-09 0.935078 -0.354442 -1.97518e-09 0.354442 0.935078 1 1.97518e-09 1.36362e-09 0.677412 0.138875 1.15392\n0.0120305 0.456454 -0.425796 1 0 0 0 0.0997786 0.99501 0 -0.99501 0.0997786 1.02944 0.0211305 0.0621614\n0.011955 -0.171023 0.252104 -0.00176483 -0.207784 -0.978173 0.0168006 0.97803 -0.207784 0.999857 -0.0168006 0.00176483 0.821756 0.342115 1.15909\n-0.423907 0.109706 -0.283944 0.999939 -0.00913939 -0.00616267 0.00913939 0.374833 0.927047 -0.00616267 -0.927047 0.374894 0.0606683 0.0515419 0.826122\n-0.299528 0.11061 -0.285064 -0.99774 -0.0183172 -0.0646448 -0.0667868 0.375592 0.924376 0.00734811 0.926604 -0.375966 0.0620173 0.0495973 0.823572\n-0.174388 0.111192 -0.286763 0.999944 -0.00877212 -0.00591996 0.00877212 0.37412 0.927339 -0.00591996 -0.927339 0.374176 0.0593304 0.0479681 0.822615\n-0.0496486 0.113112 -0.287691 -0.0107291 0.927641 -0.373319 -0.0931922 0.370788 0.92403 0.99559 0.0447045 0.0824707 0.81743 0.0499515 0.0647981\n0.0749296 0.111027 -0.287561 -0.00351516 0.928252 -0.371936 0.0721176 0.371205 0.925746 0.99739 -0.023569 -0.0682482 0.822734 0.0498074 0.0580411\n0.199301 0.11337 -0.286028 -0.0151631 0.92584 -0.37761 -0.100198 0.374346 0.92186 0.994852 0.051814 0.0870908 0.818383 0.0504978 0.0687797\n0.323901 0.109801 -0.285887 0.993686 -0.0615982 -0.0937717 0.11001 0.370862 0.922149 -0.0220263 -0.926643 0.375297 0.0713726 0.0525985 0.825101\n0.447731 0.110516 -0.285667 -0.997871 -0.0161316 -0.0631928 -0.0646313 0.374412 0.925007 0.00873833 0.927122 -0.374658 0.0632634 0.049326 0.823066\n-0.531682 -0.522998 -0.210302 0.995583 0.0918978 -0.0191917 -0.0918978 0.912187 -0.399336 -0.0191917 0.399336 0.916604 0.0745038 0.0839438 0.471813\n0.556153 -0.521808 -0.202634 0.982656 0.164447 -0.0857042 -0.184916 0.903658 -0.386275 0.0139256 0.395423 0.918393 0.0717814 0.0856883 0.48697\n0.558358 -0.524102 0.324557 -0.0166832 0.29901 -0.954104 -0.10869 0.94804 0.29901 0.993936 0.10869 0.0166832 0.662877 0.0880433 0.0774209\n-0.533434 -0.515455 0.320358 -0.983366 -0.164875 -0.0762022 -0.179839 0.942646 0.281204 0.025468 0.290231 -0.956618 0.0773736 0.107845 0.676544\nC 53\n0 2\n0 7\n0 10\n0 3\n0 4\n0 5\n0 8\n0 1\n0 6\n0 9\n1 3\n1 6\n1 5\n1 10\n1 4\n1 9\n1 8\n1 7\n2 8\n2 12\n2 5\n2 9\n2 13\n2 6\n2 10\n2 3\n2 14\n2 7\n2 11\n2 4\n3 11\n3 14\n3 5\n3 4\n4 5\n4 14\n4 11\n4 6\n5 6\n5 7\n6 7\n6 8\n7 8\n7 9\n8 9\n8 10\n9 10\n9 13\n9 12\n10 12\n10 13\n11 14\n12 13\nS 3\n8\n3 -0.423907 0.109706 -0.283944\n4 -0.299528 0.11061 -0.285064\n5 -0.174388 0.111192 -0.286763\n6 -0.0496486 0.113112 -0.287691\n7 0.0749296 0.111027 -0.287561\n8 0.199301 0.11337 -0.286028\n9 0.323901 0.109801 -0.285887\n10 0.447731 0.110516 -0.285667\n1\n0 0 0\n0 0 0\n2\n11 -0.531682 -0.522998 -0.210302\n12 0.556153 -0.521808 -0.202634\n2\n0.0122356 -0.522403 -0.206468\n0.999975 0.00109426 0.00704937\n2\n13 0.558358 -0.524102 0.324557\n14 -0.533434 -0.515455 0.320358\n2\n0.012462 -0.519779 0.322458\n-0.999961 0.00791941 -0.00384567\nL 15\n0\n0\n1\n0\n0\n0\n0\n0\n0\n0\n0\n2\n2\n2\n2"
}