{
    "boxes": [
        [
            0.0011443400289863348,
            -0.056695301085710526,
            0.12456600368022919,
            0.22357599437236786,
            0.7806820273399353,
            0.8172060251235962,
            -0.004375069867819548,
            0.9961990118026733,
            -0.08699169754981995,
            -0.00019065999367740005,
            0.08699169754981995,
            0.9962090253829956
        ],
        [
            -0.4688900113105774,
            0.39822301268577576,
            0.09409750252962112,
            0.032138001173734665,
            0.23723900318145752,
            0.06407199800014496,
            0.0,
            1.0,
            0.0,
            0.0,
            0.0,
            1.0
        ],
        [
            -0.4315580129623413,
            0.18060599267482758,
            0.18200600147247314,
            0.48246899247169495,
            0.14120900630950928,
            0.06820180267095566,
            -0.1414480060338974,
            0.9539459943771362,
            -0.26453399658203125,
            -0.34602099657058716,
            0.2027219980955124,
            0.9160640239715576
        ],
        [
            -0.4138549864292145,
            -0.43584099411964417,
            -0.19184699654579163,
            0.8416209816932678,
            0.1172180026769638,
            0.06323900073766708,
            0.06900709867477417,
            0.8426740169525146,
            0.5339840054512024,
            -0.5678660273551941,
            -0.4069019854068756,
            0.7155129909515381
        ],
        [
            -0.42110899090766907,
            -0.44687798619270325,
            0.3707920014858246,
            0.7323859930038452,
            0.10961099714040756,
            0.06410790234804153,
            0.10654699802398682,
            0.959775984287262,
            -0.25976601243019104,
            0.5365800261497498,
            0.16444499790668488,
            0.8276709914207458
        ],
        [
            0.0013830000534653664,
            -0.03649849817156792,
            -0.13474899530410767,
            0.04622500017285347,
            0.4060789942741394,
            0.3685719966888428,
            0.0,
            1.0,
            0.0,
            0.0,
            0.0,
            1.0
        ],
        [
            0.0017399999778717756,
            0.4598279893398285,
            -0.30142998695373535,
            0.4709700047969818,
            0.13748799264431,
            0.7541829943656921,
            -0.00153929996304214,
            0.9728119969367981,
            -0.23159100115299225,
            -0.001948760007508099,
            0.23158800601959229,
            0.9728119969367981
        ],
        [
            0.0014075000071898103,
            0.10998199880123138,
            -0.3281480073928833,
            0.31977400183677673,
            0.08514600247144699,
            0.368925005197525,
            0.0,
            1.0,
            0.0,
            0.0,
            0.0,
            1.0
        ]
    ],
    "ops": [
        [
            0,
            0,
            0,
            1,
            2,
            1,
            0,
            0,
            1,
            2,
            1,
            0,
            0,
            0,
            1,
            1,
            1
        ]
    ],
    "syms": [
        [
            0.0,
            0.999983012676239,
            -0.0059091998264193535,
            -0.0,
            0.001216250006109476,
            0.39544498920440674,
            0.09409750252962112,
            0.0
        ],
        [
            0.0,
            0.9999880194664001,
            -0.004327950067818165,
            -0.0025000900495797396,
            0.0003879939904436469,
            -0.4376339912414551,
            -0.1928820013999939,
            0.0
        ]
    ],
    "labels:": [
        [
            1,
            3,
            3,
            2,
            2,
            0,
            0,
            0
        ]
    ],
    "obj": 38934,
    "mat_index": 2940,
    "obbs": "N 12\n0.00174 0.459828 -0.30143 0.999997 0.00194876 0.0015393 -0.00194876 0.231588 0.972812 0.0015393 -0.972812 0.231591 0.754183 0.137488 0.47097\n0.00114434 -0.0566953 0.124566 0.99999 0.00437507 -0.00019066 -0.00437507 0.996199 -0.0869917 -0.00019066 0.0869917 0.996209 0.817206 0.223576 0.780682\n0.471322 0.392667 0.0940975 1 0 0 0 1 0 0 0 1 0.064071 0.04325 0.237239\n-0.46889 0.398223 0.0940975 1 0 0 0 1 0 0 0 1 0.064072 0.032138 0.237239\n0.434857 0.179719 0.190844 -0.1351 -0.945083 0.297602 0.916015 -0.233629 -0.326089 0.37771 0.228553 0.897273 0.478433 0.071208 0.140077\n-0.431558 0.180606 0.182006 0.346021 -0.202722 -0.916064 0.927503 0.22111 0.30141 0.141448 -0.953946 0.264534 0.141209 0.0682018 0.482469\n0.0014075 0.109982 -0.328148 1 0 0 0 1 0 0 0 1 0.368925 0.319774 0.085146\n0.414631 -0.439427 -0.193918 -0.547502 0.41964 -0.723978 0.834426 0.33896 -0.434556 0.063043 -0.842026 -0.53574 0.116419 0.0632809 0.834626\n-0.413855 -0.435841 -0.191847 0.567866 0.406902 -0.715513 0.820223 -0.352607 0.450447 -0.0690071 -0.842674 -0.533984 0.117218 0.063239 0.841621\n-0.421109 -0.446878 0.370792 -0.106547 -0.959776 0.259766 0.837096 -0.227571 -0.497475 0.53658 0.164445 0.827671 0.732386 0.0641079 0.109611\n0.426213 -0.452949 0.374828 0.564444 -0.158328 -0.810145 0.818185 0.237418 0.523646 0.109436 -0.958418 0.263551 0.110327 0.0635428 0.719141\n0.001383 -0.0364985 -0.134749 1 0 0 0 1 0 0 0 1 0.368572 0.046225 0.406079\nC 26\n0 2\n0 3\n0 11\n0 1\n0 6\n1 6\n1 11\n1 5\n1 10\n1 4\n1 9\n1 8\n1 7\n2 4\n3 5\n4 7\n4 10\n4 11\n5 9\n5 8\n5 11\n6 11\n7 11\n7 10\n8 9\n8 11\nS 4\n2\n2 0.471322 0.392667 0.0940975\n3 -0.46889 0.398223 0.0940975\n2\n0.00121625 0.395445 0.0940975\n-0.999983 0.0059092 0\n2\n4 0.434857 0.179719 0.190844\n5 -0.431558 0.180606 0.182006\n2\n0.00164943 0.180162 0.186425\n-0.999947 0.00102272 -0.0102004\n2\n7 0.414631 -0.439427 -0.193918\n8 -0.413855 -0.435841 -0.191847\n2\n0.000387994 -0.437634 -0.192882\n-0.999988 0.00432795 0.00250009\n2\n9 -0.421109 -0.446878 0.370792\n10 0.426213 -0.452949 0.374828\n2\n0.00255197 -0.449914 0.37281\n0.999963 -0.00716472 0.00476314\nL 12\n0\n1\n3\n3\n3\n3\n0\n2\n2\n2\n2\n0"
}