{
    "boxes": [
        [
            -0.001018499955534935,
            -0.1015549972653389,
            0.10352899879217148,
            0.1771479994058609,
            0.649541974067688,
            0.7721890211105347,
            0.0,
            1.0,
            0.0,
            0.0,
            0.0,
            1.0
        ],
        [
            -0.35047000646591187,
            0.18876999616622925,
            -0.020734300836920738,
            0.03936599940061569,
            0.5692909955978394,
            0.10000099986791611,
            9.542969645298487e-16,
            1.0,
            0.0,
            -0.10452800244092941,
            9.97511989928722e-17,
            0.994521975517273
        ],
        [
            -0.3671329915523529,
            -0.010361099615693092,
            0.1946530044078827,
            0.36017200350761414,
            0.0844677984714508,
            0.03957200050354004,
            -0.0022557799238711596,
            0.9998610019683838,
            0.016513800248503685,
            -0.22411300241947174,
            -0.016599299386143684,
            0.9744219779968262
        ],
        [
            0.25578299164772034,
            -0.3924739956855774,
            -0.2792850136756897,
            0.7474570274353027,
            0.11394199728965759,
            0.0469105988740921,
            -0.00391701003536582,
            0.9868549704551697,
            0.1615619957447052,
            0.04879099875688553,
            -0.16118299961090088,
            0.9857180118560791
        ],
        [
            -0.3428260087966919,
            -0.42386600375175476,
            0.38401299715042114,
            0.6643040180206299,
            0.08857399970293045,
            0.08857399970293045,
            0.0,
            1.0,
            0.0,
            0.0,
            0.0,
            1.0
        ],
        [
            -0.000819161010440439,
            0.4155479967594147,
            -0.32333099842071533,
            0.1183449998497963,
            0.07914549857378006,
            0.47254401445388794,
            -0.0010427599772810936,
            0.9871360063552856,
            -0.15987999737262726,
            -0.0012252300512045622,
            0.15987899899482727,
            0.9871360063552856
        ],
        [
            -0.0032134600915014744,
            0.7991529703140259,
            -0.39219701290130615,
            0.24439199268817902,
            0.09073270112276077,
            0.5165359973907471,
            -0.0005176910199224949,
            0.9586259722709656,
            -0.2846679985523224,
            -0.0006937640137039125,
            0.2846669852733612,
            0.9586259722709656
        ],
        [
            -0.25672900676727295,
            0.37263399362564087,
            -0.3025830090045929,
            0.8952829837799072,
            0.0847288966178894,
            0.04255380108952522,
            2.8460199246183038e-05,
            0.9889699816703796,
            -0.14811299741268158,
            -0.00851455982774496,
            0.14810800552368164,
            0.9889349937438965
        ]
    ],
    "ops": [
        [
            0,
            0,
            0,
            1,
            2,
            1,
            0,
            0,
            1,
            2,
            1,
            0,
            2,
            0,
            0,
            2,
            1,
            1,
            1
        ]
    ],
    "syms": [
        [
            0.0,
            1.0,
            -0.0,
            1.0181200368376231e-17,
            -0.009699000045657158,
            0.18876999616622925,
            -0.020734300836920738,
            0.0
        ],
        [
            0.0,
            0.9998019933700562,
            0.005931729916483164,
            -0.019013799726963043,
            -0.0004265749885234982,
            -0.393994003534317,
            -0.27441200613975525,
            0.0
        ],
        [
            0.0,
            -9.459269676881377e-06,
            0.9869470000267029,
            -0.16104699671268463,
            -0.0008176509873010218,
            0.25804799795150757,
            -0.29763099551200867,
            0.0
        ],
        [
            0.0,
            0.9999939799308777,
            0.0014059699606150389,
            -0.0031893400009721518,
            -0.0008752230205573142,
            0.37299400568008423,
            -0.303398996591568,
            0.0
        ]
    ],
    "labels:": [
        [
            1,
            3,
            3,
            2,
            2,
            0,
            0,
            0
        ]
    ],
    "obj": 38962,
    "mat_index": 2956,
    "obbs": "N 14\n-0.00321346 0.799153 -0.392197 1 0.000693764 0.000517691 -0.000693764 0.284667 0.958626 0.000517691 -0.958626 0.284668 0.516536 0.0907327 0.244392\n-0.0010185 -0.101555 0.103529 1 0 0 0 1 0 0 0 1 0.772189 0.177148 0.649542\n0.254978 0.373354 -0.304215 0.00134056 0.988381 -0.15199 0.998829 -0.0086749 -0.0476027 -0.0483681 -0.151748 -0.987235 0.893171 0.0456475 0.0855227\n-0.256729 0.372634 -0.302583 0.00851456 -0.148108 -0.988935 0.999964 0.00123297 0.00842487 -2.84602e-05 -0.98897 0.148113 0.0847289 0.0425538 0.895283\n-0.000816142 0.100549 -0.271931 -0.0012893 0.983316 -0.181903 -0.00154969 0.181901 0.983316 0.999998 0.00154969 0.0012893 0.120053 0.0807574 0.472583\n-0.000819161 0.415548 -0.323331 -0.00104276 0.987136 -0.15988 -0.00122523 0.159879 0.987136 0.999999 0.00122523 0.00104276 0.118345 0.0791455 0.472544\n0.331072 0.18877 -0.0207343 0.994522 0 -0.104528 0 1 0 0.104528 0 0.994522 0.100001 0.039366 0.569291\n-0.35047 0.18877 -0.0207343 -0.994522 9.49069e-16 -0.104528 9.54297e-16 1 0 0.104528 -9.97512e-17 -0.994522 0.100001 0.039366 0.569291\n0.364997 -0.0105636 0.193759 0.00625301 -0.99998 0.00123886 0.950071 0.00555441 -0.311985 0.311972 0.00312786 0.950086 0.359539 0.0474008 0.0844226\n-0.367133 -0.0103611 0.194653 0.224113 0.0165993 -0.974422 0.974561 -0.00150287 0.224119 0.00225578 -0.999861 -0.0165138 0.0844678 0.039572 0.360172\n0.255783 -0.392474 -0.279285 0.00391701 -0.986855 -0.161562 0.998801 0.0117439 -0.0475182 0.048791 -0.161183 0.985718 0.747457 0.0469106 0.113942\n-0.256636 -0.395514 -0.26954 0.00121156 -0.991225 -0.132179 0.999688 0.00449964 -0.0245801 0.0249591 -0.132108 0.990921 0.741942 0.0438752 0.105179\n0.340788 -0.423866 0.384013 1 0 0 0 1 0 0 0 1 0.088574 0.664304 0.088574\n-0.342826 -0.423866 0.384013 1 0 0 0 1 0 0 0 1 0.088574 0.664304 0.088574\nC 35\n0 2\n0 3\n0 5\n1 3\n1 6\n1 11\n1 2\n1 10\n1 13\n1 4\n1 9\n1 12\n1 8\n1 7\n2 5\n2 6\n2 10\n2 4\n3 11\n3 7\n3 5\n3 4\n4 7\n4 10\n4 5\n4 11\n4 6\n5 6\n5 7\n6 10\n6 8\n7 11\n7 9\n8 12\n9 13\nS 6\n2\n2 0.254978 0.373354 -0.304215\n3 -0.256729 0.372634 -0.302583\n2\n-0.000875223 0.372994 -0.303399\n-0.999994 -0.00140597 0.00318934\n2\n4 -0.000816142 0.100549 -0.271931\n5 -0.000819161 0.415548 -0.323331\n2\n-0.000817651 0.258048 -0.297631\n-9.45927e-06 0.986947 -0.161047\n2\n6 0.331072 0.18877 -0.0207343\n7 -0.35047 0.18877 -0.0207343\n2\n-0.009699 0.18877 -0.0207343\n-1 0 -1.01812e-17\n2\n8 0.364997 -0.0105636 0.193759\n9 -0.367133 -0.0103611 0.194653\n2\n-0.00106794 -0.0104624 0.194206\n-0.999999 0.000276611 0.00122104\n2\n10 0.255783 -0.392474 -0.279285\n11 -0.256636 -0.395514 -0.26954\n2\n-0.000426575 -0.393994 -0.274412\n-0.999802 -0.00593173 0.0190138\n2\n12 0.340788 -0.423866 0.384013\n13 -0.342826 -0.423866 0.384013\n2\n-0.001019 -0.423866 0.384013\n-1 0 0\nL 14\n0\n1\n0\n0\n0\n0\n3\n3\n3\n3\n2\n2\n2\n2"
}