{
    "boxes": [
        [
            -0.0035914198961108923,
            -0.06394519656896591,
            0.4238229990005493,
            0.11184900254011154,
            1.1552200317382812,
            0.6686109900474548,
            0.0016162099782377481,
            0.9392300248146057,
            -0.343284010887146,
            0.00028610200388357043,
            0.343284010887146,
            0.9392319917678833
        ],
        [
            -0.3147819936275482,
            -0.2558920085430145,
            -0.2819949984550476,
            0.24851000308990479,
            0.017643000930547714,
            0.04751399904489517,
            0.0,
            1.0,
            0.0,
            0.0,
            0.0,
            1.0
        ],
        [
            -0.31482499837875366,
            -0.2579610049724579,
            0.27229100465774536,
            0.24826399981975555,
            0.021102000027894974,
            0.047885000705718994,
            0.0,
            1.0,
            0.0,
            0.0,
            0.0,
            1.0
        ],
        [
            -0.3177269995212555,
            -0.3755190074443817,
            -0.002423499943688512,
            0.04185200110077858,
            0.5685409903526306,
            0.04208099842071533,
            0.0,
            1.0,
            0.0,
            0.0,
            0.0,
            1.0
        ],
        [
            0.2736000120639801,
            -0.13292600214481354,
            -0.24623100459575653,
            0.07082449644804001,
            0.45455700159072876,
            0.06494560092687607,
            0.49561700224876404,
            0.6660950183868408,
            0.5573880076408386,
            -0.014635000377893448,
            -0.6352559924125671,
            0.7721629738807678
        ],
        [
            -0.0033083599992096424,
            0.008670159615576267,
            -0.39810100197792053,
            0.04501120001077652,
            0.015672700479626656,
            0.5945469737052917,
            -0.0003013990062754601,
            0.7265530228614807,
            -0.6871110200881958,
            -0.0006998709868639708,
            0.6871110200881958,
            0.7265530228614807
        ],
        [
            -0.0029204399324953556,
            0.06971529871225357,
            -0.34741300344467163,
            0.8185349702835083,
            0.12912000715732574,
            0.6013820171356201,
            -0.0034503499045968056,
            0.8264240026473999,
            -0.5630379915237427,
            -0.006525630131363869,
            0.5630109906196594,
            0.8264240026473999
        ],
        [
            -0.003285530023276806,
            0.44005098938941956,
            -0.5592640042304993,
            0.05160440132021904,
            0.016364799812436104,
            0.59266197681427,
            0.0008222379838116467,
            0.9799379706382751,
            -0.19929899275302887,
            0.0010062999790534377,
            0.19929799437522888,
            0.9799379706382751
        ],
        [
            -0.0013274999801069498,
            -0.15357600152492523,
            -0.2829830050468445,
            0.04360700026154518,
            0.015668999403715134,
            0.6651930212974548,
            0.0,
            1.0,
            0.0,
            0.0,
            0.0,
            1.0
        ],
        [
            -0.2802869975566864,
            -0.12956799566745758,
            -0.2561950087547302,
            0.05084360018372536,
            0.43287500739097595,
            0.05216500163078308,
            0.06372600048780441,
            0.7420340180397034,
            0.6673259735107422,
            -0.024411700665950775,
            -0.6673259735107422,
            0.7443659901618958
        ]
    ],
    "ops": [
        [
            0,
            0,
            0,
            0,
            1,
            1,
            2,
            1,
            0,
            0,
            1,
            0,
            0,
            1,
            0,
            0,
            1,
            1,
            1,
            1
        ]
    ],
    "syms": [
        [
            0.0,
            0.9999939799308777,
            -0.0018663699738681316,
            0.002756230067461729,
            -0.0032167499884963036,
            -0.25647398829460144,
            -0.28113698959350586,
            0.0
        ]
    ],
    "labels:": [
        [
            1,
            2,
            2,
            2,
            0,
            0,
            0,
            0,
            0,
            0
        ]
    ],
    "obj": 2480,
    "mat_index": 296,
    "obbs": "N 13\n-0.00292044 0.0697153 -0.347413 -0.00345035 0.826424 -0.563038 -0.00652563 0.563011 0.826424 0.999973 0.00652563 0.00345035 0.818535 0.12912 0.601382\n-0.00328553 0.440051 -0.559264 0.000822238 0.979938 -0.199299 0.0010063 0.199298 0.979938 0.999999 -0.0010063 -0.000822238 0.0516044 0.0163648 0.592662\n-0.00359142 -0.0639452 0.423823 0.999999 -0.00161621 0.000286102 0.00161621 0.93923 -0.343284 0.000286102 0.343284 0.939232 0.668611 0.111849 1.15522\n-0.0013275 -0.153576 -0.282983 1 0 0 0 1 0 0 0 1 0.665193 0.043607 0.015669\n-0.280287 -0.129568 -0.256195 0.997669 -0.063726 -0.0244117 0.063726 0.742034 0.667326 -0.0244117 -0.667326 0.744366 0.052165 0.0508436 0.432875\n0.2736 -0.132926 -0.246231 -0.495617 -0.666095 -0.557388 0.868418 -0.390854 -0.305095 -0.014635 -0.635256 0.772163 0.0708245 0.0649456 0.454557\n-0.00330836 0.00867016 -0.398101 -0.000301399 0.726553 -0.687111 -0.000699871 0.687111 0.726553 1 0.000699871 0.000301399 0.0450112 0.0156727 0.594547\n-0.314825 -0.257961 0.272291 1 0 0 0 1 0 0 0 1 0.047885 0.248264 0.021102\n0.308284 -0.254159 0.273752 1 0 0 0 1 0 0 0 1 0.047652 0.244722 0.01818\n0.308349 -0.257055 -0.280278 1 0 0 0 1 0 0 0 1 0.047455 0.250384 0.021078\n-0.314782 -0.255892 -0.281995 1 0 0 0 1 0 0 0 1 0.047514 0.24851 0.017643\n-0.317727 -0.375519 -0.0024235 1 0 0 0 1 0 0 0 1 0.042081 0.041852 0.568541\n0.311264 -0.382709 -0.00287894 0.999979 -0.00643676 1.74001e-05 0.00643676 0.999965 -0.00540638 1.74001e-05 0.00540638 0.999985 0.0421241 0.0301445 0.567569\nC 38\n0 2\n0 10\n0 3\n0 11\n0 4\n0 12\n0 5\n0 1\n0 6\n0 9\n2 8\n2 12\n2 5\n2 9\n2 10\n2 3\n2 7\n2 11\n2 4\n3 11\n3 10\n3 6\n3 9\n3 5\n3 12\n3 4\n4 10\n4 11\n4 6\n5 9\n5 6\n5 12\n6 9\n6 10\n7 11\n8 12\n9 12\n10 11\nS 3\n2\n7 -0.314825 -0.257961 0.272291\n8 0.308284 -0.254159 0.273752\n2\n-0.00327075 -0.25606 0.273021\n0.999979 0.00610153 0.00234464\n2\n9 0.308349 -0.257055 -0.280278\n10 -0.314782 -0.255892 -0.281995\n2\n-0.00321675 -0.256474 -0.281137\n-0.999994 0.00186637 -0.00275623\n2\n11 -0.317727 -0.375519 -0.0024235\n12 0.311264 -0.382709 -0.00287894\n2\n-0.00323178 -0.379114 -0.00265122\n0.999934 -0.0114306 -0.000724028\nL 13\n0\n0\n1\n0\n0\n0\n0\n2\n2\n2\n2\n2\n2"
}