{
    "boxes": [
        [
            0.017833100631833076,
            -0.038416698575019836,
            0.1666029989719391,
            0.23018300533294678,
            0.7524589896202087,
            0.741487979888916,
            -0.004029190167784691,
            0.9949110150337219,
            0.10067600011825562,
            0.00020333900465629995,
            -0.10067600011825562,
            0.9949190020561218
        ],
        [
            -0.3987019956111908,
            0.3656750023365021,
            -0.07433059811592102,
            0.25150901079177856,
            0.7257670164108276,
            0.0888345018029213,
            -0.006867569871246815,
            0.760204017162323,
            0.6496480107307434,
            -0.02883159928023815,
            -0.6495440006256104,
            0.7597770094871521
        ],
        [
            0.017956500872969627,
            -0.6778159737586975,
            -0.22882799804210663,
            0.03527870029211044,
            0.12347500026226044,
            0.7408490180969238,
            0.0,
            0.9832590222358704,
            0.18221500515937805,
            0.0,
            -0.18221500515937805,
            0.9832590222358704
        ],
        [
            -0.39164799451828003,
            -0.6646140217781067,
            -0.062157001346349716,
            0.13449500501155853,
            1.1743299961090088,
            0.0980663001537323,
            -0.20819799602031708,
            0.9758409857749939,
            0.06624019891023636,
            -0.0030441400595009327,
            -0.06837040185928345,
            0.9976549744606018
        ],
        [
            -0.39214301109313965,
            -0.2960200011730194,
            0.12146499752998352,
            0.7670220136642456,
            0.09938299655914307,
            0.08316399902105331,
            0.0,
            1.0,
            0.0,
            0.0,
            0.0,
            1.0
        ],
        [
            0.02097879908978939,
            0.6265270113945007,
            -0.28974899649620056,
            0.6372789740562439,
            0.08948159962892532,
            0.4849660098552704,
            0.01235789991915226,
            0.9750109910964966,
            -0.2218099981546402,
            0.015483500435948372,
            0.22161400318145752,
            0.9750109910964966
        ],
        [
            0.017956500872969627,
            0.5178809762001038,
            -0.31911501288414,
            0.08398900181055069,
            0.13492900133132935,
            0.7408490180969238,
            0.0,
            1.0,
            0.0,
            0.0,
            0.0,
            1.0
        ]
    ],
    "ops": [
        [
            0,
            0,
            2,
            1,
            0,
            0,
            0,
            1,
            2,
            1,
            1,
            0,
            0,
            1,
            1
        ]
    ],
    "syms": [
        [
            0.0,
            0.9999129772186279,
            -0.0067093102261424065,
            0.011320400051772594,
            0.01742519997060299,
            0.3628830015659332,
            -0.06961949914693832,
            0.0
        ],
        [
            0.0,
            0.9999939799308777,
            -0.00342669989913702,
            -0.0004806609940715134,
            0.01797189936041832,
            -0.666018009185791,
            -0.06235390156507492,
            0.0
        ]
    ],
    "labels:": [
        [
            1,
            3,
            2,
            2,
            2,
            0,
            0
        ]
    ],
    "obj": 38988,
    "mat_index": 2969,
    "obbs": "N 10\n0.0209788 0.626527 -0.289749 0.999804 -0.0154835 -0.0123579 0.0154835 0.221614 0.975011 -0.0123579 -0.975011 0.22181 0.484966 0.0894816 0.637279\n0.433552 0.36009 -0.0649083 -0.0329385 -0.737368 -0.674687 0.999031 -0.00458241 -0.0437649 0.0291792 -0.675475 0.736805 0.251705 0.0984735 0.740881\n-0.398702 0.365675 -0.0743306 0.00686757 -0.760204 -0.649648 0.999561 -0.0135126 0.0263787 -0.0288316 -0.649544 0.759777 0.251509 0.0888345 0.725767\n0.0178331 -0.0384167 0.166603 0.999992 0.00402919 0.000203339 -0.00402919 0.994911 0.100676 0.000203339 -0.100676 0.994919 0.741488 0.230183 0.752459\n0.427591 -0.667421 -0.0625508 -0.266294 -0.961019 -0.0743614 0.963889 -0.265304 -0.0230626 0.00243526 -0.0778175 0.996965 0.12954 0.105009 1.17454\n-0.391648 -0.664614 -0.062157 0.208198 -0.975841 -0.0662402 0.978082 0.207508 0.0172052 -0.00304414 -0.0683704 0.997655 0.134495 0.0980663 1.17433\n0.0179565 -0.677816 -0.228828 1 0 0 0 0.983259 0.182215 0 -0.182215 0.983259 0.740849 0.0352787 0.123475\n0.0179565 0.517881 -0.319115 1 0 0 0 1 0 0 0 1 0.740849 0.083989 0.134929\n0.427998 -0.295575 0.121089 1 0 0 0 1 0 0 0 1 0.083047 0.742032 0.085288\n-0.392143 -0.29602 0.121465 1 0 0 0 1 0 0 0 1 0.083164 0.767022 0.099383\nC 18\n0 1\n0 7\n0 3\n0 2\n1 3\n1 8\n1 7\n2 7\n2 9\n2 3\n3 8\n3 9\n4 6\n4 8\n5 9\n5 6\n6 9\n6 8\nS 3\n2\n1 0.433552 0.36009 -0.0649083\n2 -0.398702 0.365675 -0.0743306\n2\n0.0174252 0.362883 -0.0696195\n-0.999913 0.00670931 -0.0113204\n2\n4 0.427591 -0.667421 -0.0625508\n5 -0.391648 -0.664614 -0.062157\n2\n0.0179719 -0.666018 -0.0623539\n-0.999994 0.0034267 0.000480661\n2\n8 0.427998 -0.295575 0.121089\n9 -0.392143 -0.29602 0.121465\n2\n0.0179273 -0.295798 0.121277\n-1 -0.00054259 0.000457848\nL 10\n0\n3\n3\n1\n2\n2\n2\n0\n2\n2"
}