{
    "boxes": [
        [
            0.007058499846607447,
            -0.09071750193834305,
            0.1460369974374771,
            0.17859500646591187,
            0.7265790104866028,
            0.7520909905433655,
            0.0,
            1.0,
            0.0,
            0.0,
            0.0,
            1.0
        ],
        [
            0.026835400611162186,
            -0.1531369984149933,
            -0.05250319838523865,
            0.23900699615478516,
            0.06797759979963303,
            0.9175019860267639,
            0.003925410099327564,
            0.9757230281829834,
            0.2189749926328659,
            0.0031420800369232893,
            -0.21898700296878815,
            0.9757230281829834
        ],
        [
            -0.184689000248909,
            -0.1967799961566925,
            -0.061748698353767395,
            0.1460759937763214,
            0.06708519905805588,
            0.5783939957618713,
            0.36753401160240173,
            0.9123839735984802,
            0.18020500242710114,
            0.008068419992923737,
            -0.1968879997730255,
            0.9803929924964905
        ],
        [
            -0.4198080003261566,
            0.12547799944877625,
            0.0444599986076355,
            0.3490520119667053,
            0.20715400576591492,
            0.08368109911680222,
            -0.0045996601693332195,
            0.993848979473114,
            0.1106489971280098,
            -0.005708570126444101,
            -0.11067400127649307,
            0.9938399791717529
        ],
        [
            -0.42897799611091614,
            0.3084389865398407,
            0.09133999794721603,
            0.04162999987602234,
            0.3442699909210205,
            0.13923199474811554,
            0.0,
            1.0,
            0.0,
            0.0,
            0.0,
            1.0
        ],
        [
            0.21346400678157806,
            -0.5592719912528992,
            -0.16529600322246552,
            0.09811340272426605,
            0.5210809707641602,
            0.07966479659080505,
            0.31941598653793335,
            0.9473279714584351,
            0.02329990081489086,
            -0.5953789949417114,
            0.1814969927072525,
            0.7826759815216064
        ],
        [
            -0.31274500489234924,
            -0.6957489848136902,
            -0.3851560056209564,
            0.11273899674415588,
            0.10945200175046921,
            0.09291960299015045,
            -0.0634951964020729,
            0.9973610043525696,
            0.035208601504564285,
            0.6390020251274109,
            0.013530800119042397,
            0.7690860033035278
        ],
        [
            -0.21291899681091309,
            -0.22268199920654297,
            0.29990699887275696,
            0.07902699708938599,
            0.13634300231933594,
            0.28725099563598633,
            0.0,
            1.0,
            0.0,
            0.0,
            0.0,
            1.0
        ],
        [
            0.032916899770498276,
            -0.5105460286140442,
            0.08985350281000137,
            0.41152000427246094,
            0.16163599491119385,
            0.15926499664783478,
            0.0023374599404633045,
            0.999987006187439,
            -0.004477099981158972,
            0.503695011138916,
            0.0026903299149125814,
            0.86387699842453
        ],
        [
            0.2522220015525818,
            -0.22344699501991272,
            0.28769099712371826,
            0.03898800164461136,
            0.12266899645328522,
            0.261788010597229,
            0.0,
            1.0,
            0.0,
            0.0,
            0.0,
            1.0
        ],
        [
            0.007696520071476698,
            0.41339701414108276,
            -0.25675299763679504,
            0.8816450238227844,
            0.2094770073890686,
            0.7151399850845337,
            0.002824220107868314,
            0.9897649884223938,
            -0.14267699420452118,
            0.003260520054027438,
            0.1426679939031601,
            0.9897649884223938
        ],
        [
            0.011575800366699696,
            -0.1761299967765808,
            -0.06640149652957916,
            0.1796569973230362,
            0.5115169882774353,
            0.16901199519634247,
            0.028840800747275352,
            0.9406030178070068,
            0.3382810056209564,
            -0.005027450155466795,
            -0.3382810056209564,
            0.9410319924354553
        ]
    ],
    "ops": [
        [
            0,
            0,
            0,
            1,
            0,
            0,
            1,
            2,
            1,
            1,
            0,
            0,
            1,
            2,
            0,
            0,
            0,
            1,
            1,
            1,
            1,
            0,
            0,
            1,
            1
        ]
    ],
    "syms": [
        [
            0.0,
            0.9999970197677612,
            -0.0007892699795775115,
            0.0021365799475461245,
            0.026322999969124794,
            0.12512600421905518,
            0.04541319981217384,
            0.0
        ],
        [
            -1.0,
            -0.0047011300921440125,
            0.9999819993972778,
            0.0036849300377070904,
            0.029041899368166924,
            -0.5617510080337524,
            0.08424309641122818,
            0.20000000298023224
        ]
    ],
    "labels:": [
        [
            1,
            3,
            3,
            3,
            3,
            2,
            2,
            2,
            2,
            2,
            0,
            0
        ]
    ],
    "obj": 38994,
    "mat_index": 2972,
    "obbs": "N 22\n0.00769652 0.413397 -0.256753 0.999991 -0.00326052 -0.00282422 0.00326052 0.142668 0.989765 -0.00282422 -0.989765 0.142677 0.71514 0.209477 0.881645\n0.0329169 -0.510546 0.0898535 0.863878 -0.00427437 -0.503683 0.503695 0.00269033 0.863877 -0.00233746 -0.999987 0.0044771 0.159265 0.161636 0.41152\n0.0268354 -0.153137 -0.0525032 0.999987 -0.00314208 -0.00392541 0.00314208 -0.218987 0.975723 -0.00392541 -0.975723 -0.218975 0.917502 0.0679776 0.239007\n-0.184689 -0.19678 -0.0617487 0.367534 0.912384 0.180205 0.00806842 -0.196888 0.980393 0.929975 -0.358874 -0.0797245 0.146076 0.0670852 0.578394\n0.0070585 -0.0907175 0.146037 1 0 0 0 1 0 0 0 1 0.752091 0.178595 0.726579\n0.252222 -0.223447 0.287691 1 0 0 0 1 0 0 0 1 0.261788 0.038988 0.122669\n0.472454 0.124774 0.0463664 -0.00576494 0.0983771 -0.995133 0.999973 -0.00393964 -0.00618245 -0.00452868 -0.995141 -0.0983517 0.207323 0.0836811 0.347513\n-0.419808 0.125478 0.04446 0.00459966 -0.993849 -0.110649 0.999973 0.00393968 0.00618252 -0.00570857 -0.110674 0.99384 0.349052 0.0836811 0.207154\n0.481616 0.308439 0.09134 1 0 0 0 1 0 0 0 1 0.139232 0.04163 0.34427\n-0.428978 0.308439 0.09134 1 0 0 0 1 0 0 0 1 0.139232 0.04163 0.34427\n-0.147489 -0.562256 -0.157409 0.154987 -0.976216 0.151594 0.804848 0.0357882 -0.592401 0.572887 0.213825 0.791252 0.0929963 0.0965244 0.548632\n0.213464 -0.559272 -0.165296 0.319416 0.947328 0.0232999 0.737223 -0.263872 0.621992 0.595379 -0.181497 -0.782676 0.0981134 0.0796648 0.521081\n0.319729 -0.561319 0.179606 0.164026 0.978451 0.125419 -0.320216 -0.0674435 0.944941 0.933037 -0.195156 0.302253 0.0884615 0.0727896 0.530872\n0.0198805 -0.562652 0.384674 0.0399213 -0.982602 -0.181385 0.999015 0.0357334 0.0262992 -0.0193602 -0.182256 0.983061 0.101087 0.0785653 0.543928\n-0.260376 -0.563257 0.179641 0.930754 0.204705 -0.302972 0.312088 -0.0130184 0.949964 0.190518 -0.978737 -0.0760032 0.540025 0.0679722 0.088604\n-0.524758 -0.693483 0.26796 0.0365849 0.998612 0.0378879 0.376167 -0.0488861 0.925261 0.925829 -0.0195984 -0.377434 0.112732 0.0903494 0.107922\n-0.312745 -0.695749 -0.385156 -0.639002 -0.0135308 -0.769086 0.76658 0.0713317 -0.638175 0.0634952 -0.997361 -0.0352086 0.109452 0.0929196 0.112739\n0.367272 -0.692849 -0.383527 0.571698 0.0332985 -0.819788 0.820035 0.00914175 0.572241 0.0265491 -0.999404 -0.0220796 0.10588 0.0866325 0.111667\n0.576702 -0.693782 0.263157 -0.977084 -0.00525858 -0.212787 -0.212767 0.0524292 0.975695 0.00602546 0.998611 -0.0523466 0.109522 0.0923838 0.112435\n0.027036 -0.694274 0.666535 1 0 0 0 1 0 0 0 1 0.084466 0.109638 0.106452\n0.0115758 -0.17613 -0.0664015 0.999571 -0.0288408 -0.00502745 0.0288408 0.940603 0.338281 -0.00502745 -0.338281 0.941032 0.169012 0.179657 0.511517\n-0.212919 -0.222682 0.299907 1 0 0 0 1 0 0 0 1 0.287251 0.079027 0.136343\nC 71\n0 20\n0 2\n0 7\n0 3\n0 4\n0 8\n0 6\n0 9\n1 21\n1 3\n1 11\n1 20\n1 2\n1 14\n1 5\n1 10\n1 13\n1 4\n1 12\n2 12\n2 6\n2 20\n2 10\n2 3\n2 14\n2 7\n2 11\n2 4\n3 11\n3 7\n3 14\n3 10\n3 20\n3 13\n3 12\n3 4\n4 7\n4 5\n4 21\n4 20\n4 6\n5 6\n5 13\n5 21\n5 20\n6 8\n7 21\n7 9\n10 11\n10 12\n10 13\n10 16\n10 14\n10 20\n11 14\n11 13\n11 12\n11 17\n11 20\n12 20\n12 13\n12 14\n12 18\n13 21\n13 20\n13 19\n13 14\n14 15\n14 20\n14 21\n20 21\nS 4\n2\n6 0.472454 0.124774 0.0463664\n7 -0.419808 0.125478 0.04446\n2\n0.026323 0.125126 0.0454132\n-0.999997 0.00078927 -0.00213658\n2\n8 0.481616 0.308439 0.09134\n9 -0.428978 0.308439 0.09134\n2\n0.026319 0.308439 0.09134\n-1 0 0\n5\n13 0.0198805 -0.562652 0.384674\n14 -0.260376 -0.563257 0.179641\n10 -0.147489 -0.562256 -0.157409\n11 0.213464 -0.559272 -0.165296\n12 0.319729 -0.561319 0.179606\n3\n0.0290419 -0.561751 0.0842431\n0.00470113 -0.999982 -0.00368493\n5\n18 0.576702 -0.693782 0.263157\n19 0.027036 -0.694274 0.666535\n15 -0.524758 -0.693483 0.26796\n16 -0.312745 -0.695749 -0.385156\n17 0.367272 -0.692849 -0.383527\n3\n0.0267014 -0.694027 0.0857939\n0.000979813 -0.999999 0.000304833\nL 22\n0\n2\n3\n3\n1\n2\n3\n3\n3\n3\n2\n2\n2\n2\n2\n2\n2\n2\n2\n2\n0\n2"
}