{
    "boxes": [
        [
            -0.025801600888371468,
            -0.26527100801467896,
            0.12337599694728851,
            0.4035379886627197,
            0.7637959718704224,
            0.7233989834785461,
            -0.007464160211384296,
            0.9996950030326843,
            0.023561500012874603,
            -0.20781999826431274,
            -0.0245984997600317,
            0.9778580069541931
        ],
        [
            -0.3714820146560669,
            -0.20836199820041656,
            -0.016467800363898277,
            0.19734600186347961,
            0.19734600186347961,
            0.020003600046038628,
            -0.12584899365901947,
            0.8053650259971619,
            0.5792660117149353,
            -0.17303599417209625,
            -0.5927780270576477,
            0.7865579724311829
        ],
        [
            0.3478870093822479,
            -0.20837299525737762,
            0.14050699770450592,
            0.19737400114536285,
            0.19737400114536285,
            0.020089099183678627,
            -0.02364340052008629,
            0.9939950108528137,
            0.10683999955654144,
            -0.21140700578689575,
            -0.10942400246858597,
            0.971252977848053
        ],
        [
            -0.4139710068702698,
            -0.02501939982175827,
            0.10618399828672409,
            0.5060709714889526,
            0.057719700038433075,
            0.02331010065972805,
            -0.09891989827156067,
            0.8178949952125549,
            0.5667999982833862,
            -0.1661369949579239,
            -0.575173020362854,
            0.8009840250015259
        ],
        [
            -0.430867999792099,
            0.17276699841022491,
            0.2201090008020401,
            0.034475501626729965,
            0.43001601099967957,
            0.09034939855337143,
            -0.10948900133371353,
            0.989342987537384,
            0.09598340094089508,
            -0.20149199664592743,
            -0.11665000021457672,
            0.9725189805030823
        ],
        [
            -0.03979029878973961,
            -0.5978509783744812,
            0.16453500092029572,
            0.5178449749946594,
            0.17615599930286407,
            0.11213400214910507,
            0.05409799888730049,
            0.9380229711532593,
            -0.34232398867607117,
            -0.21560600399971008,
            0.34571200609207153,
            0.9132350087165833
        ],
        [
            -0.011345299892127514,
            -0.8307979702949524,
            0.05919269844889641,
            0.06307929754257202,
            0.6326850056648254,
            0.31691399216651917,
            -0.006429609842598438,
            0.999966025352478,
            -0.005130569916218519,
            -0.2079239934682846,
            0.0036816599313169718,
            0.9781380295753479
        ],
        [
            0.042473699897527695,
            0.4028030037879944,
            -0.14936600625514984,
            1.0712800025939941,
            0.4028010070323944,
            0.7196270227432251,
            0.026195300742983818,
            0.9913280010223389,
            -0.12877699732780457,
            -0.2654210031032562,
            0.1310950070619583,
            0.9551780223846436
        ]
    ],
    "ops": [
        [
            0,
            0,
            0,
            0,
            0,
            1,
            2,
            1,
            1,
            1,
            0,
            0,
            1,
            1,
            0,
            1
        ]
    ],
    "syms": [
        [
            0.0,
            0.977931022644043,
            0.0025547000113874674,
            0.2089110016822815,
            -0.038887299597263336,
            -0.024039600044488907,
            0.1863120049238205,
            0.0
        ]
    ],
    "labels:": [
        [
            1,
            3,
            3,
            3,
            3,
            2,
            2,
            0
        ]
    ],
    "obj": 39016,
    "mat_index": 2981,
    "obbs": "N 10\n0.0424737 0.402803 -0.149366 -0.963777 -0.00915896 -0.266554 -0.265421 0.131095 0.955178 0.0261953 0.991328 -0.128777 0.719627 0.402801 1.07128\n0.347887 -0.208373 0.140507 -0.0236434 0.993995 0.10684 0.977112 0.00037705 0.212725 0.211407 0.109424 -0.971253 0.197374 0.0200891 0.197374\n-0.371482 -0.208362 -0.0164678 0.125849 -0.805365 -0.579266 0.976842 -0.00124619 0.213958 -0.173036 -0.592778 0.786558 0.197346 0.0200036 0.197346\n-0.0258016 -0.265271 0.123376 -0.978139 -0.00240233 -0.20794 -0.00746416 0.999695 0.0235615 0.20782 0.0245985 -0.977858 0.723399 0.403538 0.763796\n-0.0397903 -0.597851 0.164535 0.215606 -0.345712 -0.913235 0.974981 0.0244028 0.220946 -0.054098 -0.938023 0.342324 0.176156 0.112134 0.517845\n0.336196 -0.0230597 0.266439 0.173316 0.557669 -0.811767 0.974506 0.0221329 0.223267 0.142476 -0.829768 -0.539616 0.0594797 0.0232937 0.505582\n-0.413971 -0.0250194 0.106184 0.0989199 -0.817895 -0.5668 0.981129 -0.014933 0.192779 -0.166137 -0.575173 0.800984 0.506071 0.0233101 0.0577197\n0.303302 0.172679 0.380569 0.211313 0.118094 -0.970258 0.0572947 0.989471 0.132911 0.975738 -0.0836764 0.202322 0.430055 0.0346205 0.087765\n-0.430868 0.172767 0.220109 0.201492 0.11665 -0.972519 -0.109489 0.989343 0.0959834 0.973352 0.0871408 0.212116 0.430016 0.0344755 0.0903494\n-0.0113453 -0.830798 0.0591927 -0.978124 -0.00735581 -0.207893 -0.00642961 0.999966 -0.00513057 0.207924 -0.00368166 -0.978138 0.316914 0.0630793 0.632685\nC 20\n0 1\n0 7\n0 6\n0 5\n0 4\n0 3\n0 8\n0 2\n1 3\n1 5\n2 6\n2 3\n3 8\n3 6\n3 7\n3 4\n3 5\n4 9\n5 7\n6 8\nS 2\n2\n5 0.336196 -0.0230597 0.266439\n6 -0.413971 -0.0250194 0.106184\n2\n-0.0388873 -0.0240396 0.186312\n-0.977931 -0.0025547 -0.208911\n2\n7 0.303302 0.172679 0.380569\n8 -0.430868 0.172767 0.220109\n2\n-0.063783 0.172723 0.300339\n-0.976939 0.000116896 -0.213519\nL 10\n0\n3\n3\n1\n2\n3\n3\n3\n3\n2"
}