{
    "boxes": [
        [
            -0.008634500205516815,
            -0.04936299845576286,
            0.10867699980735779,
            0.1463180035352707,
            0.748199999332428,
            0.7072269916534424,
            0.0,
            1.0,
            0.0,
            0.0,
            0.0,
            1.0
        ],
        [
            -0.37232598662376404,
            -0.44370800256729126,
            -0.27105599641799927,
            0.7336000204086304,
            0.05806740000844002,
            0.046464499086141586,
            -0.01077319961041212,
            0.9671109914779663,
            0.2541249990463257,
            -0.04865790158510208,
            -0.25434499979019165,
            0.9658889770507812
        ],
        [
            -0.37220901250839233,
            -0.44512999057769775,
            0.47954198718070984,
            0.7029889822006226,
            0.09470900148153305,
            0.03670699894428253,
            0.0,
            1.0,
            0.0,
            0.0,
            0.0,
            1.0
        ],
        [
            0.0017878799699246883,
            0.3129099905490875,
            -0.28571900725364685,
            0.6169220209121704,
            0.04769980162382126,
            0.6382719874382019,
            -0.0015628499677404761,
            0.9867219924926758,
            -0.16241000592708588,
            -0.0018411099445074797,
            0.16240699589252472,
            0.9867219924926758
        ],
        [
            0.005603339988738298,
            0.30081701278686523,
            -0.3074119985103607,
            0.7702969908714294,
            0.06344769895076752,
            0.7160670161247253,
            0.051818300038576126,
            0.9861199855804443,
            -0.15773999691009521,
            -0.0006079070153646171,
            0.15798300504684448,
            0.9874420166015625
        ]
    ],
    "ops": [
        [
            0,
            0,
            0,
            1,
            2,
            1,
            0,
            0,
            1,
            1
        ]
    ],
    "syms": [
        [
            0.0,
            0.9999930262565613,
            0.002994969952851534,
            0.0024479900021106005,
            -0.005980160087347031,
            -0.4426110088825226,
            -0.2701590061187744,
            0.0
        ]
    ],
    "labels:": [
        [
            1,
            2,
            2,
            0,
            0
        ]
    ],
    "obj": 39042,
    "mat_index": 2993,
    "obbs": "N 7\n0.00178788 0.31291 -0.285719 -0.00156285 0.986722 -0.16241 -0.00184111 0.162407 0.986722 0.999997 0.00184111 0.00156285 0.616922 0.0476998 0.638272\n-0.0086345 -0.049363 0.108677 1 0 0 0 1 0 0 0 1 0.707227 0.146318 0.7482\n0.360366 -0.441514 -0.269263 0.0200114 0.966319 0.25657 -0.0651761 -0.254814 0.964791 0.997673 -0.036029 0.0578817 0.73898 0.060693 0.0515246\n0.360603 -0.448669 0.48347 -0.0180723 0.998763 -0.0463267 -0.0189268 0.0459842 0.998763 0.999658 0.0189268 0.0180723 0.69707 0.056274 0.0489365\n-0.372209 -0.44513 0.479542 1 0 0 0 1 0 0 0 1 0.036707 0.702989 0.094709\n-0.372326 -0.443708 -0.271056 -0.0107732 0.967111 0.254125 -0.0486579 -0.254345 0.965889 0.998757 -0.00195947 0.0497977 0.7336 0.0580674 0.0464645\n0.00560334 0.300817 -0.307412 -0.998656 0.0510716 -0.0087859 -0.000607907 0.157983 0.987442 0.0518183 0.98612 -0.15774 0.716067 0.0634477 0.770297\nC 11\n0 1\n0 6\n0 5\n0 2\n1 2\n1 3\n1 4\n1 5\n1 6\n2 6\n5 6\nS 2\n2\n2 0.360366 -0.441514 -0.269263\n5 -0.372326 -0.443708 -0.271056\n2\n-0.00598016 -0.442611 -0.270159\n-0.999993 -0.00299497 -0.00244799\n2\n3 0.360603 -0.448669 0.48347\n4 -0.372209 -0.44513 0.479542\n2\n-0.00580339 -0.446899 0.481506\n-0.999974 0.00482979 -0.00535968\nL 7\n0\n1\n2\n2\n2\n2\n0"
}