{
    "boxes": [
        [
            0.000893999997060746,
            0.02267399989068508,
            0.11586499959230423,
            0.12189000099897385,
            0.7798770070075989,
            0.9751660227775574,
            0.0,
            1.0,
            0.0,
            0.0,
            0.0,
            1.0
        ],
        [
            -0.5188120007514954,
            0.22191399335861206,
            0.10296600311994553,
            0.4651390016078949,
            0.6813079714775085,
            0.05783199891448021,
            0.0,
            1.0,
            0.0,
            0.0,
            0.0,
            1.0
        ],
        [
            -0.42688998579978943,
            -0.008124999701976776,
            0.04557399824261665,
            0.054207999259233475,
            0.1263280063867569,
            0.1903820037841797,
            0.0,
            1.0,
            0.0,
            0.0,
            0.0,
            1.0
        ],
        [
            0.007826999761164188,
            -0.2649089992046356,
            0.09581000357866287,
            0.5212730169296265,
            0.11577600240707397,
            0.11577600240707397,
            0.0,
            1.0,
            0.0,
            0.0,
            0.0,
            1.0
        ],
        [
            -0.12635299563407898,
            -0.5924559831619263,
            -0.09815169870853424,
            0.11780399829149246,
            0.3953210115432739,
            0.11382800340652466,
            -0.4280099868774414,
            0.8901579976081848,
            0.1562879979610443,
            0.5594490170478821,
            0.12513799965381622,
            0.8193640112876892
        ],
        [
            -0.24216599762439728,
            -0.7015780210494995,
            -0.2426310032606125,
            0.1479009985923767,
            0.14700500667095184,
            0.1380849927663803,
            0.1167529970407486,
            0.9824569821357727,
            0.14541800320148468,
            0.5768150091171265,
            -0.18627099692821503,
            0.7953540086746216
        ],
        [
            0.0014400000218302011,
            -0.06057899817824364,
            -0.17593100666999817,
            0.014932000078260899,
            0.40734100341796875,
            0.14701999723911285,
            0.0,
            1.0,
            0.0,
            0.0,
            0.0,
            1.0
        ],
        [
            -0.007780999876558781,
            0.5429139733314514,
            -0.30551600456237793,
            0.7786719799041748,
            0.13473600149154663,
            0.7035700082778931,
            0.0,
            1.0,
            0.0,
            0.0,
            0.0,
            1.0
        ],
        [
            0.003782500047236681,
            0.24054700136184692,
            -0.38721299171447754,
            0.6035199761390686,
            0.07255499809980392,
            0.15173299610614777,
            0.0,
            1.0,
            0.0,
            0.0,
            0.0,
            1.0
        ]
    ],
    "ops": [
        [
            0,
            0,
            0,
            1,
            2,
            1,
            0,
            0,
            0,
            1,
            2,
            1,
            1,
            0,
            0,
            0,
            1,
            1,
            1
        ]
    ],
    "syms": [
        [
            0.0,
            1.0,
            -0.0,
            -0.0,
            0.006883000023663044,
            0.22191399335861206,
            0.10296600311994553,
            0.0
        ],
        [
            -1.0,
            -0.002766760066151619,
            0.9995589852333069,
            -0.02956490032374859,
            0.009698529727756977,
            -0.5900170207023621,
            0.09386949986219406,
            0.20000000298023224
        ]
    ],
    "labels:": [
        [
            1,
            3,
            3,
            2,
            2,
            2,
            0,
            0,
            0
        ]
    ],
    "obj": 39049,
    "mat_index": 2996,
    "obbs": "N 19\n-0.007781 0.542914 -0.305516 1 0 0 0 1 0 0 0 1 0.70357 0.778672 0.134736\n0.532578 0.221914 0.102966 1 0 0 0 1 0 0 0 1 0.057832 0.465139 0.681308\n-0.518812 0.221914 0.102966 1 0 0 0 1 0 0 0 1 0.057832 0.465139 0.681308\n0.440656 -0.008125 0.045574 1 0 0 0 1 0 0 0 1 0.190382 0.054208 0.126328\n-0.42689 -0.008125 0.045574 1 0 0 0 1 0 0 0 1 0.190382 0.054208 0.126328\n0.000894 0.022674 0.115865 1 0 0 0 1 0 0 0 1 0.975166 0.12189 0.779877\n0.149848 -0.597956 -0.0906983 -0.729851 0.287656 -0.620138 0.319859 0.945428 0.0620975 0.604159 -0.153035 -0.782031 0.104117 0.109559 0.39647\n-0.126353 -0.592456 -0.0981517 -0.559449 -0.125138 -0.819364 -0.42801 0.890158 0.156288 0.709806 0.438131 -0.551558 0.395321 0.117804 0.113828\n-0.218021 -0.591336 0.16819 -0.0136876 0.945374 0.325701 0.324186 -0.30394 0.895837 0.945894 0.117849 -0.302317 0.110506 0.105229 0.395422\n0.007763 -0.581868 0.328723 1 0 0 0 1 0 0 0 1 0.0834 0.117549 0.38165\n0.235255 -0.586469 0.161284 0.246989 0.741081 -0.624336 -0.13934 0.664763 0.733944 0.958948 -0.0942809 0.267451 0.120873 0.120596 0.3941\n0.007827 -0.264909 0.09581 1 0 0 0 1 0 0 0 1 0.115776 0.521273 0.115776\n0.252266 -0.701802 -0.2466 0.545089 0.315107 -0.776908 -0.263425 0.94412 0.198104 0.795918 0.0966729 0.597636 0.152486 0.154159 0.144737\n0.408386 -0.699911 0.222478 0.30854 0.00361068 -0.951205 -0.259264 0.962451 -0.0804434 0.915197 0.271433 0.297891 0.137811 0.15469 0.14977\n0.011136 -0.700789 0.51645 1 0 0 0 1 0 0 0 1 0.137576 0.139267 0.136576\n-0.391258 -0.70096 0.228987 0.9336 -0.186914 -0.305703 0.185115 0.982088 -0.0351415 0.306796 -0.0237819 0.951478 0.147053 0.149906 0.139187\n-0.242166 -0.701578 -0.242631 -0.576815 0.186271 -0.795354 0.116753 0.982457 0.145418 0.808488 -0.00898037 -0.588444 0.147005 0.147901 0.138085\n0.0037825 0.240547 -0.387213 1 0 0 0 1 0 0 0 1 0.151733 0.60352 0.072555\n0.00144 -0.060579 -0.175931 1 0 0 0 1 0 0 0 1 0.14702 0.014932 0.407341\nC 43\n0 2\n0 17\n0 18\n0 5\n0 1\n1 3\n1 5\n2 5\n2 4\n3 5\n4 5\n5 18\n5 11\n5 17\n6 9\n6 7\n6 10\n6 11\n6 12\n6 8\n6 13\n6 16\n7 12\n7 16\n7 11\n7 15\n7 10\n7 9\n7 8\n8 9\n8 10\n8 16\n8 15\n8 11\n9 11\n9 14\n9 10\n10 11\n10 12\n10 13\n10 14\n11 18\n17 18\nS 4\n2\n1 0.532578 0.221914 0.102966\n2 -0.518812 0.221914 0.102966\n2\n0.006883 0.221914 0.102966\n-1 0 0\n2\n3 0.440656 -0.008125 0.045574\n4 -0.42689 -0.008125 0.045574\n2\n0.006883 -0.008125 0.045574\n-1 0 0\n5\n9 0.007763 -0.581868 0.328723\n10 0.235255 -0.586469 0.161284\n6 0.149848 -0.597956 -0.0906983\n7 -0.126353 -0.592456 -0.0981517\n8 -0.218021 -0.591336 0.16819\n3\n0.00969853 -0.590017 0.0938695\n-0.00276676 0.999559 -0.0295649\n5\n14 0.011136 -0.700789 0.51645\n13 0.408386 -0.699911 0.222478\n12 0.252266 -0.701802 -0.2466\n16 -0.242166 -0.701578 -0.242631\n15 -0.391258 -0.70096 0.228987\n3\n0.00767266 -0.701008 0.0957367\n0.000836816 -0.999998 0.00158753\nL 19\n0\n3\n3\n3\n3\n1\n2\n2\n2\n2\n2\n2\n2\n2\n2\n2\n2\n0\n0"
}