{
    "boxes": [
        [
            -0.004480000119656324,
            -0.1495870053768158,
            0.14128999412059784,
            0.3641040027141571,
            1.172279953956604,
            1.0310699939727783,
            0.0,
            1.0,
            0.0,
            0.0,
            0.0,
            1.0
        ],
        [
            -0.5075809955596924,
            0.14132599532604218,
            -0.0025548499543219805,
            0.07795179635286331,
            0.8010929822921753,
            0.03532179817557335,
            0.00575621984899044,
            0.9986220002174377,
            0.052169300615787506,
            -0.0001345409982604906,
            -0.052169401198625565,
            0.9986379742622375
        ],
        [
            -0.5076190233230591,
            -0.11484000086784363,
            0.3578999936580658,
            0.43180298805236816,
            0.06833899766206741,
            0.034967999905347824,
            0.0,
            1.0,
            0.0,
            0.0,
            0.0,
            1.0
        ],
        [
            -0.5079990029335022,
            -0.4248049855232239,
            -0.445578008890152,
            0.1974550038576126,
            0.03070569969713688,
            0.037754300981760025,
            0.009999290108680725,
            0.9879800081253052,
            0.15426099300384521,
            -0.08104410022497177,
            -0.15296000242233276,
            0.9849039912223816
        ],
        [
            -0.499985009431839,
            -0.4029270112514496,
            0.7026810050010681,
            0.23324500024318695,
            0.04399299994111061,
            0.049984999001026154,
            0.0,
            1.0,
            0.0,
            0.0,
            0.0,
            1.0
        ],
        [
            -0.000385499995900318,
            0.35111701488494873,
            -0.3295229971408844,
            0.6812859773635864,
            0.13235199451446533,
            0.9641889929771423,
            -0.0,
            0.9947029948234558,
            -0.10279300063848495,
            0.0,
            0.10279300063848495,
            0.9947029948234558
        ],
        [
            -0.00634639011695981,
            0.1386220008134842,
            -0.4317600131034851,
            0.9459289908409119,
            0.06839440017938614,
            1.0395300388336182,
            0.0006903099711053073,
            0.9991490244865417,
            -0.04125149920582771,
            0.0007193980272859335,
            0.04125100001692772,
            0.9991490244865417
        ]
    ],
    "ops": [
        [
            0,
            0,
            0,
            1,
            2,
            1,
            0,
            0,
            1,
            2,
            1,
            0,
            0,
            1,
            1
        ]
    ],
    "syms": [
        [
            0.0,
            1.0,
            -0.00019551999866962433,
            -9.530080205877312e-06,
            -0.004665980115532875,
            0.14122800529003143,
            -0.0025596399791538715,
            0.0
        ],
        [
            0.0,
            1.0,
            0.00020276100258342922,
            0.00017317000310868025,
            -0.005448940210044384,
            -0.4247030019760132,
            -0.4454909861087799,
            0.0
        ]
    ],
    "labels:": [
        [
            1,
            3,
            3,
            2,
            2,
            0,
            0
        ]
    ],
    "obj": 39057,
    "mat_index": 3001,
    "obbs": "N 11\n-0.0003855 0.351117 -0.329523 1 0 0 0 0.102793 0.994703 0 -0.994703 0.102793 0.964189 0.132352 0.681286\n-0.00448 -0.149587 0.14129 1 0 0 0 1 0 0 0 1 1.03107 0.364104 1.17228\n0.498249 0.14113 -0.00256443 -0.00223648 -0.998654 -0.0518193 0.999997 -0.0022127 -0.000516256 0.0004009 -0.0518203 0.998656 0.0777615 0.0353856 0.801091\n-0.507581 0.141326 -0.00255485 -0.00575622 -0.998622 -0.0521693 0.999983 -0.0057554 -0.000165943 -0.000134541 -0.0521694 0.998638 0.0779518 0.0353218 0.801093\n0.498253 -0.111379 0.3579 1 0 0 0 1 0 0 0 1 0.034968 0.438726 0.068339\n-0.507619 -0.11484 0.3579 1 0 0 0 1 0 0 0 1 0.034968 0.431803 0.068339\n-0.00634639 0.138622 -0.43176 1 -0.000719398 -0.00069031 0.000719398 0.041251 0.999149 -0.00069031 -0.999149 0.0412515 1.03953 0.0683944 0.945929\n0.497101 -0.424601 -0.445404 -0.986096 -0.00832177 -0.16597 -0.162907 -0.148809 0.975355 -0.0328145 0.988831 0.145384 0.0397269 0.0317091 0.196719\n0.481797 -0.402926 0.693399 1 0 0 0 1 0 0 0 1 0.061639 0.233873 0.063187\n-0.499985 -0.402927 0.702681 1 0 0 0 1 0 0 0 1 0.049985 0.233245 0.043993\n-0.507999 -0.424805 -0.445578 -0.99666 0.0223503 -0.0785405 -0.0810441 -0.15296 0.984904 0.00999929 0.98798 0.154261 0.0377543 0.0307057 0.197455\nC 19\n0 1\n0 6\n0 3\n0 2\n1 2\n1 3\n1 4\n1 5\n1 8\n1 6\n1 9\n1 7\n1 10\n2 6\n2 4\n3 6\n3 5\n6 7\n6 10\nS 4\n2\n2 0.498249 0.14113 -0.00256443\n3 -0.507581 0.141326 -0.00255485\n2\n-0.00466598 0.141228 -0.00255964\n-1 0.00019552 9.53008e-06\n2\n4 0.498253 -0.111379 0.3579\n5 -0.507619 -0.11484 0.3579\n2\n-0.004683 -0.11311 0.3579\n-0.999994 -0.00344127 0\n2\n7 0.497101 -0.424601 -0.445404\n10 -0.507999 -0.424805 -0.445578\n2\n-0.00544894 -0.424703 -0.445491\n-1 -0.000202761 -0.00017317\n2\n8 0.481797 -0.402926 0.693399\n9 -0.499985 -0.402927 0.702681\n2\n-0.009094 -0.402926 0.69804\n-0.999955 -5.65386e-17 0.00945482\nL 11\n0\n1\n3\n3\n3\n3\n0\n2\n2\n2\n2"
}