{
    "boxes": [
        [
            0.0026569999754428864,
            -0.04696650058031082,
            0.16766099631786346,
            0.1303129941225052,
            0.7102180123329163,
            0.7856559753417969,
            0.0,
            1.0,
            0.0,
            0.0,
            0.0,
            1.0
        ],
        [
            -0.3825399875640869,
            -0.41973599791526794,
            -0.24191999435424805,
            0.7104939818382263,
            0.02874010056257248,
            0.04882410168647766,
            0.033229198306798935,
            0.9575470089912415,
            0.28635600209236145,
            0.06362699717283249,
            -0.2879590094089508,
            0.9555270075798035
        ],
        [
            -0.3708060085773468,
            -0.404107004404068,
            0.5024759769439697,
            0.7207990288734436,
            0.0409758985042572,
            0.05243799835443497,
            0.05592599883675575,
            0.9984340071678162,
            0.001211320050060749,
            0.00359059008769691,
            -0.0014143299777060747,
            0.9999930262565613
        ],
        [
            -0.39846301078796387,
            -0.7658979892730713,
            0.08730600029230118,
            0.04429600015282631,
            0.8500059843063354,
            0.04140099883079529,
            0.0,
            1.0,
            0.0,
            0.0,
            0.0,
            1.0
        ],
        [
            0.0019027600064873695,
            0.318789005279541,
            -0.28468799591064453,
            0.6986939907073975,
            0.07762739807367325,
            0.7815889716148376,
            -0.0015193299623206258,
            0.9745810031890869,
            -0.22403199970722198,
            -0.0019082200014963746,
            0.22402900457382202,
            0.9745810031890869
        ]
    ],
    "ops": [
        [
            0,
            0,
            0,
            0,
            1,
            1,
            2,
            1,
            0,
            1
        ]
    ],
    "syms": [
        [
            0.0,
            0.9999920129776001,
            -0.004022589884698391,
            0.0007165389833971858,
            0.003749480005353689,
            -0.42129001021385193,
            -0.2416429966688156,
            0.0
        ]
    ],
    "labels:": [
        [
            1,
            2,
            2,
            2,
            0
        ]
    ],
    "obj": 39059,
    "mat_index": 3002,
    "obbs": "N 8\n0.00190276 0.318789 -0.284688 0.999997 0.00190822 0.00151933 -0.00190822 0.224029 0.974581 0.00151933 -0.974581 0.224032 0.781589 0.0776274 0.698694\n0.002657 -0.0469665 0.167661 1 0 0 0 1 0 0 0 1 0.785656 0.130313 0.710218\n0.37602 -0.4107 0.505451 -0.0756181 0.997137 0.000633536 -0.0753539 -0.00634802 0.997137 0.994286 0.0753539 0.0756181 0.725932 0.0354169 0.0410901\n-0.370806 -0.404107 0.502476 0.055926 0.998434 0.00121132 0.00359059 -0.00141433 0.999993 0.998428 -0.0559212 -0.00366406 0.720799 0.0409759 0.052438\n0.390039 -0.422844 -0.241366 -0.0520094 0.957315 0.28433 -0.0387668 -0.286436 0.957315 0.997894 0.0387668 0.0520094 0.716134 0.0310033 0.0482493\n-0.38254 -0.419736 -0.24192 0.0332292 0.957547 0.286356 0.063627 -0.287959 0.955527 0.99742 -0.0135315 -0.0704946 0.710494 0.0287401 0.0488241\n0.403216 -0.765821 0.0874235 1 0 0 0 1 0 0 0 1 0.040855 0.044325 0.849899\n-0.398463 -0.765898 0.087306 1 0 0 0 1 0 0 0 1 0.041401 0.044296 0.850006\nC 11\n0 1\n0 5\n0 4\n1 2\n1 3\n1 4\n1 5\n2 6\n3 7\n4 6\n5 7\nS 3\n2\n2 0.37602 -0.4107 0.505451\n3 -0.370806 -0.404107 0.502476\n2\n0.00260674 -0.407403 0.503963\n-0.999953 0.00882836 -0.00398316\n2\n4 0.390039 -0.422844 -0.241366\n5 -0.38254 -0.419736 -0.24192\n2\n0.00374948 -0.42129 -0.241643\n-0.999992 0.00402259 -0.000716539\n2\n6 0.403216 -0.765821 0.0874235\n7 -0.398463 -0.765898 0.087306\n2\n0.0023765 -0.765859 0.0873647\n-1 -9.6672e-05 -0.000146567\nL 8\n0\n1\n2\n2\n2\n2\n2\n2"
}