{
    "boxes": [
        [
            0.012073099613189697,
            0.0034542600624263287,
            0.15885500609874725,
            0.1008630022406578,
            0.7176700234413147,
            0.7185090184211731,
            -0.004568910226225853,
            0.996254026889801,
            -0.08635739982128143,
            -0.00019765000615734607,
            0.08635739982128143,
            0.9962639808654785
        ],
        [
            0.011974499560892582,
            -0.7433199882507324,
            0.05177000164985657,
            0.028999000787734985,
            0.05618400126695633,
            0.7249550223350525,
            0.0,
            1.0,
            0.0,
            0.0,
            0.0,
            1.0
        ],
        [
            -0.364982008934021,
            -0.7407649755477905,
            0.4221020042896271,
            0.07304000109434128,
            0.1674650013446808,
            0.041140999644994736,
            0.0,
            1.0,
            0.0,
            0.0,
            0.0,
            1.0
        ],
        [
            -0.364982008934021,
            -0.7124840021133423,
            0.042429499328136444,
            0.11657500267028809,
            0.8460090160369873,
            0.03156999871134758,
            0.0,
            1.0,
            0.0,
            0.0,
            0.0,
            1.0
        ],
        [
            -0.364982008934021,
            -0.7532699704170227,
            -0.2893050014972687,
            0.04802900180220604,
            0.08880700170993805,
            0.037154000252485275,
            0.0,
            1.0,
            0.0,
            0.0,
            0.0,
            1.0
        ],
        [
            -0.36541199684143066,
            -0.3640109896659851,
            -0.25299400091171265,
            0.7079280018806458,
            0.08149150013923645,
            0.03356679901480675,
            -0.0008356290054507554,
            0.9295690059661865,
            0.3686479926109314,
            0.04517810046672821,
            -0.3682369887828827,
            0.928633987903595
        ],
        [
            0.011738100089132786,
            0.5102300047874451,
            -0.2527720034122467,
            0.37299999594688416,
            0.17313100397586823,
            0.7995409965515137,
            0.005148179829120636,
            0.9437429904937744,
            -0.3306390047073364,
            0.0072585102170705795,
            0.33059900999069214,
            0.9437429904937744
        ],
        [
            -0.36517199873924255,
            0.29421401023864746,
            -0.1983560025691986,
            0.7384430170059204,
            0.07712999731302261,
            0.035659901797771454,
            -0.00606471998617053,
            0.9788370132446289,
            -0.2045540064573288,
            -0.004796409979462624,
            0.20452600717544556,
            0.9788489937782288
        ]
    ],
    "ops": [
        [
            0,
            0,
            0,
            0,
            1,
            2,
            1,
            0,
            0,
            1,
            2,
            1,
            1,
            0,
            0,
            2,
            1,
            1
        ]
    ],
    "syms": [
        [
            0.0,
            1.0,
            -0.0,
            -0.0,
            0.01199399959295988,
            -0.7407649755477905,
            0.4221020042896271,
            0.0
        ],
        [
            0.0,
            1.0,
            -0.0,
            -0.0,
            0.01199449971318245,
            -0.7532699704170227,
            -0.2893050014972687,
            0.0
        ],
        [
            0.0,
            1.0,
            0.000326086999848485,
            -6.01936990278773e-05,
            0.011637800373136997,
            0.2943370044231415,
            -0.19837799668312073,
            0.0
        ]
    ],
    "labels:": [
        [
            1,
            2,
            2,
            2,
            2,
            2,
            0,
            0
        ]
    ],
    "obj": 39098,
    "mat_index": 3024,
    "obbs": "N 13\n0.0117381 0.51023 -0.252772 0.99996 -0.00725851 -0.00514818 0.00725851 0.330599 0.943743 -0.00514818 -0.943743 0.330639 0.799541 0.173131 0.373\n0.0120731 0.00345426 0.158855 0.99999 0.00456891 -0.00019765 -0.00456891 0.996254 -0.0863574 -0.00019765 0.0863574 0.996264 0.718509 0.100863 0.71767\n0.388447 0.29446 -0.198401 -0.0104834 0.978439 -0.20627 0.998243 0.0222701 0.0549035 0.0583134 -0.205332 -0.976954 0.737954 0.0388947 0.0762498\n-0.365172 0.294214 -0.198356 0.00479641 -0.204526 -0.978849 0.99997 0.00691757 0.00345451 0.00606472 -0.978837 0.204554 0.07713 0.0356599 0.738443\n0.0119745 -0.74332 0.05177 1 0 0 0 1 0 0 0 1 0.724955 0.028999 0.056184\n0.38897 -0.740765 0.422102 1 0 0 0 1 0 0 0 1 0.041141 0.07304 0.167465\n0.388971 -0.75327 -0.289305 1 0 0 0 1 0 0 0 1 0.037154 0.048029 0.088807\n-0.364982 -0.75327 -0.289305 1 0 0 0 1 0 0 0 1 0.037154 0.048029 0.088807\n-0.364982 -0.740765 0.422102 1 0 0 0 1 0 0 0 1 0.041141 0.07304 0.167465\n0.38882 -0.372477 -0.246423 0.00062762 -0.919627 -0.392792 0.999857 0.00720567 -0.0152727 0.0168755 -0.392726 0.919501 0.712487 0.0326784 0.0876353\n-0.365412 -0.364011 -0.252994 0.000835629 -0.929569 -0.368648 0.998979 0.0174308 -0.0416884 0.0451781 -0.368237 0.928634 0.707928 0.0335668 0.0814915\n-0.364982 -0.712484 0.0424295 1 0 0 0 1 0 0 0 1 0.03157 0.116575 0.846009\n0.388958 -0.735674 0.0485133 -0.0115324 -0.99864 -0.0508379 0.999933 -0.0114718 -0.00148293 0.00089771 -0.0508516 0.998706 0.100874 0.0326431 0.835255\nC 18\n0 3\n0 2\n1 2\n1 3\n1 9\n1 10\n2 9\n3 10\n4 12\n4 11\n5 12\n6 9\n6 12\n7 10\n7 11\n8 11\n9 12\n10 11\nS 5\n2\n2 0.388447 0.29446 -0.198401\n3 -0.365172 0.294214 -0.198356\n2\n0.0116378 0.294337 -0.198378\n-1 -0.000326087 6.01937e-05\n2\n5 0.38897 -0.740765 0.422102\n8 -0.364982 -0.740765 0.422102\n2\n0.011994 -0.740765 0.422102\n-1 0 0\n2\n6 0.388971 -0.75327 -0.289305\n7 -0.364982 -0.75327 -0.289305\n2\n0.0119945 -0.75327 -0.289305\n-1 0 0\n2\n9 0.38882 -0.372477 -0.246423\n10 -0.365412 -0.364011 -0.252994\n2\n0.0117039 -0.368244 -0.249709\n-0.999899 0.0112241 -0.00871146\n2\n11 -0.364982 -0.712484 0.0424295\n12 0.388958 -0.735674 0.0485133\n2\n0.0119881 -0.724079 0.0454714\n0.999495 -0.0307438 0.00806532\nL 13\n0\n1\n0\n0\n2\n2\n2\n2\n2\n2\n2\n2\n2"
}