{
    "boxes": [
        [
            0.036703500896692276,
            -0.13589000701904297,
            0.14180700480937958,
            0.17214399576187134,
            0.6684550046920776,
            1.4189200401306152,
            0.0,
            1.0,
            0.0,
            0.0,
            0.0,
            1.0
        ],
        [
            -0.000507500022649765,
            -0.13589000701904297,
            0.14180700480937958,
            0.17214399576187134,
            0.6684550046920776,
            1.422070026397705,
            0.0,
            1.0,
            0.0,
            0.0,
            0.0,
            1.0
        ],
        [
            -0.6924740076065063,
            -0.04380349814891815,
            0.4217450022697449,
            0.3842419981956482,
            0.09715890139341354,
            0.04790069907903671,
            -0.0040976498275995255,
            0.9909870028495789,
            0.13389499485492706,
            -0.0293527003377676,
            -0.13395699858665466,
            0.9905520081520081
        ],
        [
            -0.6920440196990967,
            -0.047625500708818436,
            -0.19766399264335632,
            0.3164930045604706,
            0.11212100088596344,
            0.04664500057697296,
            0.0,
            1.0,
            0.0,
            0.0,
            0.0,
            1.0
        ],
        [
            -0.6912029981613159,
            0.13550999760627747,
            0.11901099979877472,
            0.08348260074853897,
            0.7907339930534363,
            0.07674519717693329,
            0.02542709931731224,
            0.9986990094184875,
            -0.0442126989364624,
            0.0005624659825116396,
            0.0442126989364624,
            0.9990220069885254
        ],
        [
            -0.6927509903907776,
            -0.38990500569343567,
            -0.2007790058851242,
            0.38551199436187744,
            0.11702299863100052,
            0.04523000121116638,
            0.0,
            1.0,
            0.0,
            0.0,
            0.0,
            1.0
        ],
        [
            -0.6927549839019775,
            -0.3975430130958557,
            0.43407100439071655,
            0.37016400694847107,
            0.11541099846363068,
            0.04515000060200691,
            0.0,
            1.0,
            0.0,
            0.0,
            0.0,
            1.0
        ],
        [
            -0.33604198694229126,
            0.14597100019454956,
            -0.23298700153827667,
            0.7524870038032532,
            0.2201859951019287,
            0.6737030148506165,
            0.00037761201383545995,
            0.9317389726638794,
            -0.36313000321388245,
            0.000552445009816438,
            0.36312898993492126,
            0.9317389726638794
        ]
    ],
    "ops": [
        [
            0,
            0,
            1,
            0,
            0,
            0,
            1,
            1,
            2,
            1,
            0,
            0,
            1,
            2,
            1,
            0,
            2,
            1
        ]
    ],
    "syms": [
        [
            0.0,
            0.999983012676239,
            0.005839929915964603,
            0.00023687900102231652,
            0.014665300026535988,
            -0.03967370092868805,
            0.4219120144844055,
            0.0
        ],
        [
            0.0,
            0.9999989867210388,
            0.0015335599891841412,
            5.0199498218717054e-05,
            0.014426499605178833,
            -0.388821005821228,
            -0.20074400305747986,
            0.0
        ],
        [
            0.0,
            1.0,
            -2.064629916276317e-05,
            -6.191669672261924e-05,
            0.018901800736784935,
            0.14596399664878845,
            -0.2330089956521988,
            0.0
        ]
    ],
    "labels:": [
        [
            1,
            1,
            3,
            3,
            3,
            2,
            2,
            0
        ]
    ],
    "obj": 39103,
    "mat_index": 3026,
    "obbs": "N 14\n-0.336042 0.145971 -0.232987 1 -0.000552445 -0.000377612 0.000552445 0.363129 0.931739 -0.000377612 -0.931739 0.36313 0.673703 0.220186 0.752487\n0.373845 0.145957 -0.233031 1 -0.000553648 -0.000378331 0.000553648 0.363368 0.931646 -0.000378331 -0.931646 0.363368 0.673703 0.220259 0.752492\n0.722277 -0.0561823 -0.194028 -0.0243177 0.994088 -0.105819 0.993689 0.0356296 0.106359 0.109501 -0.102564 -0.988681 0.326245 0.069939 0.100951\n0.721805 -0.035544 0.42208 0.00270465 -0.990201 -0.139624 0.999372 -0.00225669 0.035363 -0.0353316 -0.139632 0.989573 0.368186 0.0479442 0.096619\n-0.692474 -0.0438035 0.421745 0.00409765 -0.990987 -0.133895 0.999561 0.000128772 0.029637 -0.0293527 -0.133957 0.990552 0.384242 0.0479007 0.0971589\n-0.692044 -0.0476255 -0.197664 1 0 0 0 1 0 0 0 1 0.046645 0.316493 0.112121\n0.0367035 -0.13589 0.141807 1 0 0 0 1 0 0 0 1 1.41892 0.172144 0.668455\n-0.0005075 -0.13589 0.141807 1 0 0 0 1 0 0 0 1 1.42207 0.172144 0.668455\n0.721604 -0.387736 -0.200709 1 0 0 0 1 0 0 0 1 0.04523 0.38985 0.117165\n0.7216 -0.395527 0.433601 1 0 0 0 1 0 0 0 1 0.04515 0.374197 0.116351\n-0.692755 -0.397543 0.434071 1 0 0 0 1 0 0 0 1 0.04515 0.370164 0.115411\n-0.692751 -0.389905 -0.200779 1 0 0 0 1 0 0 0 1 0.04523 0.385512 0.117023\n0.723194 0.137327 0.11891 -0.00058828 -0.0468943 -0.9989 0.0250719 0.998585 -0.0468943 0.999685 -0.0250719 0.00058828 0.790753 0.0797224 0.0767151\n-0.691203 0.13551 0.119011 -0.000562466 -0.0442127 -0.999022 0.0254271 0.998699 -0.0442127 0.999677 -0.0254271 0.000562466 0.790734 0.0834826 0.0767452\nC 40\n0 7\n0 11\n0 5\n0 1\n0 13\n0 6\n1 6\n1 2\n1 12\n1 8\n1 7\n2 8\n2 12\n2 6\n2 7\n3 7\n3 6\n3 9\n3 12\n4 7\n4 13\n4 10\n4 6\n5 6\n5 13\n5 11\n5 7\n6 9\n6 7\n6 10\n6 11\n6 12\n6 8\n6 13\n7 12\n7 11\n7 10\n7 9\n7 13\n7 8\nS 6\n2\n0 -0.336042 0.145971 -0.232987\n1 0.373845 0.145957 -0.233031\n2\n0.0189018 0.145964 -0.233009\n1 -2.06463e-05 -6.19167e-05\n2\n2 0.722277 -0.0561823 -0.194028\n5 -0.692044 -0.0476255 -0.197664\n2\n0.0151168 -0.0519039 -0.195846\n-0.999978 0.00604996 -0.00257113\n2\n3 0.721805 -0.035544 0.42208\n4 -0.692474 -0.0438035 0.421745\n2\n0.0146653 -0.0396737 0.421912\n-0.999983 -0.00583993 -0.000236879\n2\n8 0.721604 -0.387736 -0.200709\n11 -0.692751 -0.389905 -0.200779\n2\n0.0144265 -0.388821 -0.200744\n-0.999999 -0.00153356 -5.01995e-05\n2\n9 0.7216 -0.395527 0.433601\n10 -0.692755 -0.397543 0.434071\n2\n0.0144225 -0.396535 0.433836\n-0.999999 -0.00142574 0.000332307\n2\n12 0.723194 0.137327 0.11891\n13 -0.691203 0.13551 0.119011\n2\n0.0159957 0.136418 0.118961\n-0.999999 -0.00128499 7.1355e-05\nL 14\n0\n0\n3\n3\n3\n3\n1\n1\n2\n2\n2\n2\n3\n3"
}