{
    "boxes": [
        [
            0.002681500045582652,
            -0.105942003428936,
            0.10672800242900848,
            0.22330699861049652,
            0.7995669841766357,
            0.9340829849243164,
            0.0,
            1.0,
            0.0,
            0.0,
            0.0,
            1.0
        ],
        [
            -0.43018999695777893,
            0.21759000420570374,
            0.08779440075159073,
            0.13043899834156036,
            0.8349289894104004,
            0.17138800024986267,
            -0.6796669960021973,
            0.7184000015258789,
            0.14816999435424805,
            -0.018145300447940826,
            -0.21840199828147888,
            0.9756900072097778
        ],
        [
            0.41460299491882324,
            0.20492400228977203,
            0.08984919637441635,
            0.15615899860858917,
            0.8391799926757812,
            0.14776700735092163,
            -0.2192620038986206,
            0.9580230116844177,
            0.18470700085163116,
            0.02068380080163479,
            -0.18470700085163116,
            0.9825760126113892
        ],
        [
            -0.4001699984073639,
            0.007784499786794186,
            0.4484339952468872,
            0.33153900504112244,
            0.1161549985408783,
            0.12841400504112244,
            0.0,
            1.0,
            0.0,
            0.0,
            0.0,
            1.0
        ],
        [
            -0.4137429893016815,
            -0.45754900574684143,
            0.45071300864219666,
            0.6186069846153259,
            0.11156599968671799,
            0.10124299675226212,
            0.0,
            1.0,
            0.0,
            0.0,
            0.0,
            1.0
        ],
        [
            -0.4135749936103821,
            -0.4457460045814514,
            -0.25034698843955994,
            0.6416959762573242,
            0.08837299793958664,
            0.10139500349760056,
            0.0,
            1.0,
            0.0,
            0.0,
            0.0,
            1.0
        ],
        [
            -0.01720310002565384,
            0.28586700558662415,
            -0.29253798723220825,
            0.6019009947776794,
            0.03235650062561035,
            0.7622169852256775,
            -0.002538379980251193,
            0.9650329947471619,
            -0.2621159851551056,
            -0.0033197898883372545,
            0.2621079981327057,
            0.9650329947471619
        ],
        [
            0.0030027299653738737,
            0.22009499371051788,
            -0.31545698642730713,
            0.8664190173149109,
            0.15639600157737732,
            0.9365389943122864,
            0.004216829780489206,
            0.9726129770278931,
            -0.2323939949274063,
            0.005343030206859112,
            0.2323710024356842,
            0.9726129770278931
        ]
    ],
    "ops": [
        [
            0,
            0,
            0,
            0,
            2,
            1,
            1,
            1,
            0,
            0,
            1,
            2,
            1,
            0,
            0,
            1,
            1
        ]
    ],
    "syms": [
        [
            0.0,
            0.9999189972877502,
            -0.012128300033509731,
            0.003737269900739193,
            0.009253250434994698,
            0.0028184999246150255,
            0.4499639868736267,
            0.0
        ],
        [
            0.0,
            0.9999020099639893,
            0.014015399850904942,
            -9.607409992895555e-06,
            0.002561999950557947,
            -0.45171400904655457,
            0.4507089853286743,
            0.0
        ]
    ],
    "labels:": [
        [
            1,
            3,
            3,
            3,
            2,
            2,
            0,
            0
        ]
    ],
    "obj": 39135,
    "mat_index": 3045,
    "obbs": "N 11\n-0.0172031 0.285867 -0.292538 -0.00253838 0.965033 -0.262116 -0.00331979 0.262108 0.965033 0.999991 0.00331979 0.00253838 0.601901 0.0323565 0.762217\n0.0026815 -0.105942 0.106728 1 0 0 0 1 0 0 0 1 0.934083 0.223307 0.799567\n0.418677 -0.0021475 0.451494 1 0 0 0 1 0 0 0 1 0.102101 0.307791 0.110034\n-0.40017 0.0077845 0.448434 1 0 0 0 1 0 0 0 1 0.128414 0.331539 0.116155\n0.414603 0.204924 0.0898492 -0.0206838 0.184707 -0.982576 -0.219262 0.958023 0.184707 0.975447 0.219262 0.0206838 0.83918 0.156159 0.147767\n-0.43019 0.21759 0.0877944 -0.733296 -0.660456 -0.161476 -0.679667 0.7184 0.14817 0.0181453 0.218402 -0.97569 0.171388 0.130439 0.834929\n0.00300273 0.220095 -0.315457 0.999977 -0.00534303 -0.00421683 0.00534303 0.232371 0.972613 -0.00421683 -0.972613 0.232394 0.936539 0.156396 0.866419\n-0.413743 -0.457549 0.450713 1 0 0 0 1 0 0 0 1 0.101243 0.618607 0.111566\n0.418867 -0.445879 0.450705 1 0 0 0 1 0 0 0 1 0.101343 0.641292 0.111572\n0.423436 -0.459727 -0.239721 1 0 0 0 1 0 0 0 1 0.092337 0.614516 0.107881\n-0.413575 -0.445746 -0.250347 1 0 0 0 1 0 0 0 1 0.101395 0.641696 0.088373\nC 25\n0 10\n0 4\n0 5\n0 1\n0 6\n0 9\n1 3\n1 6\n1 2\n1 5\n1 10\n1 4\n1 9\n1 8\n1 7\n2 8\n2 4\n3 7\n3 5\n4 8\n4 6\n5 6\n5 7\n6 9\n6 10\nS 3\n2\n2 0.418677 -0.0021475 0.451494\n3 -0.40017 0.0077845 0.448434\n2\n0.00925325 0.0028185 0.449964\n-0.999919 0.0121283 -0.00373727\n2\n7 -0.413743 -0.457549 0.450713\n8 0.418867 -0.445879 0.450705\n2\n0.002562 -0.451714 0.450709\n0.999902 0.0140154 -9.60741e-06\n2\n9 0.423436 -0.459727 -0.239721\n10 -0.413575 -0.445746 -0.250347\n2\n0.004931 -0.452736 -0.245034\n-0.99978 0.0166998 -0.0126912\nL 11\n0\n1\n3\n3\n3\n3\n0\n2\n2\n2\n2"
}