{
    "boxes": [
        [
            0.016053499653935432,
            -0.0713346004486084,
            0.14080700278282166,
            0.11895699799060822,
            0.7510709762573242,
            0.8178210258483887,
            -1.8271100543643115e-07,
            0.9994149804115295,
            -0.03419110178947449,
            -3.1244600240398768e-09,
            0.03419110178947449,
            0.9994149804115295
        ],
        [
            -0.3607169985771179,
            -0.42685601115226746,
            0.5051149725914001,
            0.6924700140953064,
            0.025690700858831406,
            0.04764619842171669,
            -0.00792505033314228,
            0.9992210268974304,
            -0.0386538989841938,
            -0.42807498574256897,
            0.031543999910354614,
            0.9031919836997986
        ],
        [
            -0.38462600111961365,
            -0.419515997171402,
            -0.2736609876155853,
            0.6958169937133789,
            0.0530925989151001,
            0.023714199662208557,
            -0.002575380029156804,
            0.9891459941864014,
            0.14691099524497986,
            0.06346820294857025,
            -0.14645299315452576,
            0.9871789813041687
        ],
        [
            -0.3790630102157593,
            -0.763355016708374,
            0.09176889806985855,
            0.02457679994404316,
            0.8458809852600098,
            0.03191399946808815,
            -0.09610459953546524,
            0.9953669905662537,
            -0.002804559888318181,
            -0.00013507899711839855,
            0.002804559888318181,
            0.9999960064888
        ],
        [
            0.016056500375270844,
            0.30267399549484253,
            -0.22924299538135529,
            0.6186169981956482,
            0.17919300496578217,
            0.851127028465271,
            -1.3521700203966702e-08,
            0.9761070013046265,
            -0.21729199588298798,
            -1.6862699681041704e-08,
            0.21729199588298798,
            0.9761070013046265
        ],
        [
            -0.3845300078392029,
            -0.030966900289058685,
            -0.19448299705982208,
            0.14607499539852142,
            0.025577599182724953,
            0.02219719998538494,
            -0.0070032100193202496,
            0.9744179844856262,
            0.22463500499725342,
            -0.04721270129084587,
            -0.22471199929714203,
            0.9732810258865356
        ]
    ],
    "ops": [
        [
            0,
            0,
            0,
            0,
            1,
            1,
            2,
            1,
            0,
            0,
            2,
            1,
            1
        ]
    ],
    "syms": [
        [
            0.0,
            0.9999809861183167,
            0.005334959831088781,
            0.003049710066989064,
            0.014499800279736519,
            -0.42485401034355164,
            0.506259024143219,
            0.0
        ],
        [
            0.0,
            0.9999809861183167,
            -0.005881079938262701,
            -0.0016312800580635667,
            0.015925800427794456,
            -0.03332209959626198,
            -0.19513599574565887,
            0.0
        ]
    ],
    "labels:": [
        [
            1,
            2,
            2,
            2,
            0,
            0
        ]
    ],
    "obj": 39144,
    "mat_index": 3050,
    "obbs": "N 10\n0.0160565 0.302674 -0.229243 -1.35217e-08 0.976107 -0.217292 -1.68627e-08 0.217292 0.976107 1 1.68627e-08 1.35217e-08 0.618617 0.179193 0.851127\n0.0160535 -0.0713346 0.140807 1 1.82711e-07 -3.12446e-09 -1.82711e-07 0.999415 -0.0341911 -3.12446e-09 0.0341911 0.999415 0.817821 0.118957 0.751071\n-0.38453 -0.0309669 -0.194483 -0.00700321 0.974418 0.224635 -0.0472127 -0.224712 0.973281 0.99886 -0.00378954 0.0475787 0.146075 0.0255776 0.0221972\n0.416382 -0.0356772 -0.19579 0.997471 0.0325708 -0.0631741 0.0691081 -0.236721 0.969117 0.0166103 -0.971032 -0.238373 0.0233419 0.0251652 0.156144\n-0.384626 -0.419516 -0.273661 -0.0634682 0.146453 -0.987179 0.997981 0.0118665 -0.0624022 0.00257538 -0.989146 -0.146911 0.0530926 0.0237142 0.695817\n0.416476 -0.431817 -0.278592 -0.0800145 0.181804 -0.980074 0.996793 0.0135124 -0.078873 -0.00109623 -0.983242 -0.182302 0.0468444 0.0230925 0.676441\n0.389717 -0.422852 0.507404 0.951689 0.00212732 -0.307057 0.306832 0.0323028 0.951215 0.0119423 -0.999476 0.0300895 0.0413131 0.0259807 0.685152\n-0.360717 -0.426856 0.505115 -0.903708 -0.0237046 -0.427492 -0.428075 0.031544 0.903192 -0.00792505 0.999221 -0.0386539 0.0476462 0.0256907 0.69247\n0.406258 -0.760195 0.0970445 1 0 0 0 1 0 0 0 1 0.041351 0.029036 0.846843\n-0.379063 -0.763355 0.0917689 0.995371 0.0961046 -0.000135079 -0.0961046 0.995367 -0.00280456 -0.000135079 0.00280456 0.999996 0.031914 0.0245768 0.845881\nC 17\n0 1\n0 5\n0 4\n0 3\n0 2\n1 2\n1 3\n1 4\n1 5\n1 6\n1 7\n2 4\n3 5\n4 9\n5 8\n6 8\n7 9\nS 4\n2\n2 -0.38453 -0.0309669 -0.194483\n3 0.416382 -0.0356772 -0.19579\n2\n0.0159258 -0.0333221 -0.195136\n0.999981 -0.00588108 -0.00163128\n2\n4 -0.384626 -0.419516 -0.273661\n5 0.416476 -0.431817 -0.278592\n2\n0.0159251 -0.425667 -0.276127\n0.999863 -0.0153525 -0.00615364\n2\n6 0.389717 -0.422852 0.507404\n7 -0.360717 -0.426856 0.505115\n2\n0.0144998 -0.424854 0.506259\n-0.999981 -0.00533496 -0.00304971\n2\n8 0.406258 -0.760195 0.0970445\n9 -0.379063 -0.763355 0.0917689\n2\n0.0135978 -0.761775 0.0944067\n-0.999969 -0.00402426 -0.00671758\nL 10\n0\n1\n0\n0\n2\n2\n2\n2\n2\n2"
}