{
    "boxes": [
        [
            -0.0027389999013394117,
            -0.13215899467468262,
            0.1618330031633377,
            0.20081299543380737,
            0.7074970006942749,
            0.8308519721031189,
            0.0,
            1.0,
            0.0,
            0.0,
            0.0,
            1.0
        ],
        [
            -0.43655699491500854,
            -0.0735853984951973,
            0.3388189971446991,
            0.327210009098053,
            0.051067501306533813,
            0.06295289844274521,
            -0.13825899362564087,
            0.9807379841804504,
            -0.13797800242900848,
            -0.5625519752502441,
            0.03689450025558472,
            0.8259379863739014
        ],
        [
            0.42434200644493103,
            -0.07252670079469681,
            0.33494800329208374,
            0.3288860023021698,
            0.05092019960284233,
            0.057501599192619324,
            0.1506900042295456,
            0.9846339821815491,
            -0.08825469762086868,
            0.21870200335979462,
            0.0538581982254982,
            0.9743040204048157
        ],
        [
            -0.42540299892425537,
            0.09038420021533966,
            0.06037690117955208,
            0.031516801565885544,
            0.5667880177497864,
            0.09631480276584625,
            -0.008404449559748173,
            0.9999210238456726,
            -0.009322109632194042,
            -0.20794300734996796,
            0.007371020037680864,
            0.9781129956245422
        ],
        [
            -0.3385170102119446,
            -0.4897859990596771,
            -0.1904509961605072,
            0.5959020256996155,
            0.06096170097589493,
            0.051173001527786255,
            0.13858400285243988,
            0.9780430197715759,
            0.15564799308776855,
            0.16365399956703186,
            -0.1776210069656372,
            0.9703959822654724
        ],
        [
            -0.3938699960708618,
            -0.49175798892974854,
            0.4820379912853241,
            0.571054995059967,
            0.06296899914741516,
            0.084927998483181,
            0.0,
            1.0,
            0.0,
            0.0,
            0.0,
            1.0
        ],
        [
            -0.3332819938659668,
            0.13957799971103668,
            -0.21392500400543213,
            0.7445530295372009,
            0.06280449777841568,
            0.048546500504016876,
            -0.10324200242757797,
            0.9793360233306885,
            -0.1739010065793991,
            0.5297319889068604,
            0.20211400091648102,
            0.823731005191803
        ],
        [
            -0.008090030401945114,
            0.15960800647735596,
            -0.24084800481796265,
            0.7578200101852417,
            0.1341640055179596,
            0.742563009262085,
            0.0005741289933212101,
            0.9786790013313293,
            -0.20539399981498718,
            0.0007071269792504609,
            0.2053930014371872,
            0.9786790013313293
        ],
        [
            -0.007165470160543919,
            0.5229150056838989,
            -0.3152109980583191,
            0.08793669939041138,
            0.14749500155448914,
            0.7776849865913391,
            -0.0007337189745157957,
            0.9582849740982056,
            -0.28581398725509644,
            -0.0001070869984687306,
            0.28581398725509644,
            0.9582849740982056
        ]
    ],
    "ops": [
        [
            0,
            0,
            0,
            0,
            2,
            1,
            1,
            1,
            0,
            0,
            1,
            2,
            1,
            0,
            2,
            0,
            0,
            1,
            1,
            1
        ]
    ],
    "syms": [
        [
            0.0,
            0.9999909996986389,
            0.004186099860817194,
            0.00024337400100193918,
            -0.0061104497872292995,
            0.09213949739933014,
            0.060479000210762024,
            0.0
        ],
        [
            0.0,
            0.9999930262565613,
            -0.003461600048467517,
            0.0012951999669894576,
            -0.006444570142775774,
            -0.4909360110759735,
            -0.19002099335193634,
            0.0
        ],
        [
            0.0,
            0.9998779892921448,
            0.009092330001294613,
            0.01267779991030693,
            -0.006449609994888306,
            0.1425500065088272,
            -0.2097810059785843,
            0.0
        ]
    ],
    "labels:": [
        [
            1,
            3,
            3,
            3,
            2,
            2,
            0,
            0,
            0
        ]
    ],
    "obj": 39148,
    "mat_index": 3053,
    "obbs": "N 13\n-0.00809003 0.159608 -0.240848 1 -0.000707127 -0.000574129 0.000707127 0.205393 0.978679 -0.000574129 -0.978679 0.205394 0.742563 0.134164 0.75782\n-0.00716547 0.522915 -0.315211 1 0.000733719 -0.000107087 -0.000733719 0.958285 -0.285814 -0.000107087 0.285814 0.958285 0.777685 0.0879367 0.147495\n-0.002739 -0.132159 0.161833 1 0 0 0 1 0 0 0 1 0.830852 0.200813 0.707497\n-0.333282 0.139578 -0.213925 -0.529732 -0.202114 -0.823731 0.841858 -0.00707729 -0.539653 0.103242 -0.979336 0.173901 0.0628045 0.0485465 0.744553\n0.320383 0.145522 -0.205637 0.514967 -0.180472 -0.837997 0.851699 -0.00295463 0.524024 -0.0970476 -0.983576 0.152186 0.0546405 0.0433337 0.756643\n0.424342 -0.0725267 0.334948 -0.15069 -0.984634 0.0882547 0.964086 -0.16612 -0.207226 0.218702 0.0538582 0.974304 0.328886 0.0575016 0.0509202\n-0.436557 -0.0735854 0.338819 0.562552 -0.0368945 -0.825938 0.81512 0.191813 0.546615 0.138259 -0.980738 0.137978 0.0510675 0.0629529 0.32721\n0.413182 0.0938947 0.060581 0.978041 0.013893 -0.207948 -0.0153081 0.999869 -0.00519756 0.207848 0.00826672 0.978126 0.0963907 0.0268472 0.566318\n-0.425403 0.0903842 0.0603769 -0.978105 -0.010159 -0.207864 -0.00840445 0.999921 -0.00932211 0.207943 -0.00737102 -0.978113 0.0963148 0.0315168 0.566788\n0.325628 -0.492085 -0.189591 -0.130951 0.980133 0.148965 0.969688 0.0953637 0.224968 0.206292 0.17391 -0.962912 0.591827 0.0490104 0.0616701\n0.379027 -0.491758 0.482036 1 0 0 0 1 0 0 0 1 0.084925 0.571055 0.062973\n-0.338517 -0.489786 -0.190451 -0.138584 -0.978043 -0.155648 0.976735 -0.109009 -0.184676 0.163654 -0.177621 0.970396 0.595902 0.051173 0.0609617\n-0.39387 -0.491758 0.482038 1 0 0 0 1 0 0 0 1 0.084928 0.571055 0.062969\nC 28\n0 2\n0 7\n0 3\n0 11\n0 4\n0 8\n0 1\n0 9\n1 3\n1 4\n2 8\n2 12\n2 5\n2 9\n2 6\n2 10\n2 3\n2 7\n2 11\n2 4\n3 11\n3 8\n4 7\n4 9\n5 10\n5 7\n6 12\n6 8\nS 4\n2\n3 -0.333282 0.139578 -0.213925\n4 0.320383 0.145522 -0.205637\n2\n-0.00644961 0.14255 -0.209781\n0.999878 0.00909233 0.0126778\n2\n7 0.413182 0.0938947 0.060581\n8 -0.425403 0.0903842 0.0603769\n2\n-0.00611045 0.0921395 0.060479\n-0.999991 -0.0041861 -0.000243374\n2\n9 0.325628 -0.492085 -0.189591\n11 -0.338517 -0.489786 -0.190451\n2\n-0.00644457 -0.490936 -0.190021\n-0.999993 0.0034616 -0.0012952\n2\n10 0.379027 -0.491758 0.482036\n12 -0.39387 -0.491758 0.482038\n2\n-0.00742125 -0.491758 0.482038\n-1 0 2.58767e-06\nL 13\n0\n0\n1\n0\n0\n3\n3\n3\n3\n2\n2\n2\n2"
}