{
    "boxes": [
        [
            0.007675000000745058,
            0.057070501148700714,
            0.17903900146484375,
            0.20570699870586395,
            0.697018027305603,
            0.7222980260848999,
            0.0,
            1.0,
            0.0,
            0.0,
            0.0,
            1.0
        ],
        [
            0.007675000000745058,
            -0.5485280156135559,
            -0.23988500237464905,
            0.034151699393987656,
            0.1280670017004013,
            0.7222980260848999,
            0.0,
            0.9855560064315796,
            0.16934999823570251,
            0.0,
            -0.16934999823570251,
            0.9855560064315796
        ],
        [
            -0.39274799823760986,
            -0.5458729863166809,
            -0.02747420035302639,
            0.11913499981164932,
            1.1118099689483643,
            0.07854799926280975,
            -2.2174000393626478e-16,
            0.9986299872398376,
            0.05233599990606308,
            1.162089995271865e-17,
            -0.05233599990606308,
            0.9986299872398376
        ],
        [
            -0.3926900029182434,
            -0.3096039891242981,
            0.07643850147724152,
            0.5411249995231628,
            0.14286600053310394,
            0.0869205966591835,
            -0.002978330012410879,
            0.9604499936103821,
            -0.2784369885921478,
            -0.03442550078034401,
            0.2781749963760376,
            0.9599130153656006
        ],
        [
            -0.3902829885482788,
            0.2917419970035553,
            -0.05476130172610283,
            0.729308009147644,
            0.07593490183353424,
            0.12214499711990356,
            0.0443665012717247,
            0.963208019733429,
            -0.26507100462913513,
            -0.21535000205039978,
            0.26831498742103577,
            0.9389520287513733
        ],
        [
            0.007467510178685188,
            0.6315460205078125,
            -0.24153199791908264,
            0.6557030081748962,
            0.09651099890470505,
            0.2704539895057678,
            -0.0010940199717879295,
            0.964447021484375,
            -0.2642729878425598,
            -0.0014341300120577216,
            0.264272004365921,
            0.964447021484375
        ],
        [
            0.020762499421834946,
            0.5735380053520203,
            -0.19145500659942627,
            0.12818099558353424,
            0.20367200672626495,
            0.7316290140151978,
            0.0,
            1.0,
            0.0,
            0.0,
            0.0,
            1.0
        ]
    ],
    "ops": [
        [
            0,
            0,
            0,
            0,
            1,
            2,
            1,
            1,
            0,
            2,
            0,
            0,
            1,
            1,
            1
        ]
    ],
    "syms": [
        [
            0.0,
            1.0,
            0.0,
            0.0,
            0.007675000000745058,
            -0.5458729863166809,
            -0.02747420035302639,
            0.0
        ],
        [
            0.0,
            0.9999790191650391,
            0.0013959800126031041,
            0.006349470000714064,
            0.008300339803099632,
            0.2922990024089813,
            -0.05223039910197258,
            0.0
        ]
    ],
    "labels:": [
        [
            1,
            2,
            2,
            2,
            0,
            0,
            0
        ]
    ],
    "obj": 39155,
    "mat_index": 3059,
    "obbs": "N 10\n0.00746751 0.631546 -0.241532 0.999998 0.00143413 0.00109402 -0.00143413 0.264272 0.964447 0.00109402 -0.964447 0.264273 0.270454 0.096511 0.655703\n0.0207625 0.573538 -0.191455 1 0 0 0 1 0 0 0 1 0.731629 0.128181 0.203672\n0.007675 0.0570705 0.179039 1 0 0 0 1 0 0 0 1 0.722298 0.205707 0.697018\n-0.390283 0.291742 -0.0547613 -0.975529 -0.0154249 -0.219331 -0.21535 0.268315 0.938952 0.0443665 0.963208 -0.265071 0.122145 0.0759349 0.729308\n0.406884 0.292855 -0.0496996 0.999114 0.0215874 -0.0361156 0.0287041 0.27789 0.960184 0.030764 -0.96037 0.277024 0.105958 0.055062 0.729507\n-0.392748 -0.545873 -0.0274742 2.2174e-16 -0.99863 -0.052336 1 2.22045e-16 0 1.16209e-17 -0.052336 0.99863 0.119135 0.078548 1.11181\n0.408098 -0.545873 -0.0274742 2.2174e-16 -0.99863 -0.052336 1 2.22045e-16 0 1.16209e-17 -0.052336 0.99863 0.119135 0.078548 1.11181\n-0.39269 -0.309604 0.0764385 0.0344255 -0.278175 -0.959913 0.999403 0.0124443 0.0322355 0.00297833 -0.96045 0.278437 0.142866 0.0869206 0.541125\n0.408363 -0.307352 0.084775 0.0266671 -0.24103 -0.970151 0.999137 0.0373457 0.0181855 0.0318477 -0.969799 0.241818 0.142449 0.0996129 0.537382\n0.007675 -0.548528 -0.239885 1 0 0 0 0.985556 0.16935 0 -0.16935 0.985556 0.722298 0.0341517 0.128067\nC 18\n0 1\n0 4\n0 3\n0 2\n1 3\n1 4\n2 7\n2 8\n2 4\n2 3\n3 7\n4 8\n5 9\n5 7\n6 9\n6 8\n7 9\n8 9\nS 3\n2\n3 -0.390283 0.291742 -0.0547613\n4 0.406884 0.292855 -0.0496996\n2\n0.00830034 0.292299 -0.0522304\n0.999979 0.00139598 0.00634947\n2\n5 -0.392748 -0.545873 -0.0274742\n6 0.408098 -0.545873 -0.0274742\n2\n0.007675 -0.545873 -0.0274742\n1 0 0\n2\n7 -0.39269 -0.309604 0.0764385\n8 0.408363 -0.307352 0.084775\n2\n0.00783606 -0.308478 0.0806068\n0.999942 0.00281043 0.0104063\nL 10\n0\n0\n1\n0\n0\n2\n2\n2\n2\n2"
}