{
    "boxes": [
        [
            0.0018949999939650297,
            -0.06385000050067902,
            0.1286509931087494,
            0.1772499978542328,
            0.8230599761009216,
            0.7541540265083313,
            0.0,
            1.0,
            0.0,
            0.0,
            0.0,
            1.0
        ],
        [
            -0.33678901195526123,
            -0.42776599526405334,
            -0.2932960093021393,
            0.662388026714325,
            0.10466500371694565,
            0.10511600226163864,
            0.14494800567626953,
            0.9601449966430664,
            0.2389809936285019,
            0.26746198534965515,
            -0.27056199312210083,
            0.9248030185699463
        ],
        [
            0.34901899099349976,
            -0.4162980020046234,
            0.5129770040512085,
            0.6698769927024841,
            0.09325669705867767,
            0.09998209774494171,
            -0.06358180195093155,
            0.995261013507843,
            -0.07357820123434067,
            0.34129300713539124,
            0.09096679836511612,
            0.935545027256012
        ],
        [
            -0.343205988407135,
            -0.42289701104164124,
            0.5061600208282471,
            0.6571289896965027,
            0.1018500030040741,
            0.09699209779500961,
            0.06483209878206253,
            0.9965459704399109,
            -0.05188329890370369,
            0.19678400456905365,
            0.03820420056581497,
            0.9797019958496094
        ],
        [
            0.001179849961772561,
            0.3142310082912445,
            -0.2916240096092224,
            0.6948069930076599,
            0.16309800744056702,
            0.6751649975776672,
            -0.006845190189778805,
            0.9633190035820007,
            -0.26826998591423035,
            -0.009011670015752316,
            0.26820600032806396,
            0.9633190035820007
        ]
    ],
    "ops": [
        [
            0,
            0,
            2,
            0,
            0,
            1,
            1,
            1,
            0,
            1
        ]
    ],
    "syms": [
        [
            0.0,
            0.9998270273208618,
            -0.0031600999645888805,
            0.018322400748729706,
            0.004822060000151396,
            -0.42884498834609985,
            -0.2870360016822815,
            0.0
        ]
    ],
    "labels:": [
        [
            1,
            2,
            2,
            2,
            0
        ]
    ],
    "obj": 39162,
    "mat_index": 3063,
    "obbs": "N 6\n0.00117985 0.314231 -0.291624 0.999936 0.00901167 0.00684519 -0.00901167 0.268206 0.963319 0.00684519 -0.963319 0.26827 0.675165 0.163098 0.694807\n0.001895 -0.06385 0.128651 1 0 0 0 1 0 0 0 1 0.754154 0.17725 0.82306\n0.349019 -0.416298 0.512977 0.0635818 -0.995261 0.0735782 0.937804 0.0343719 -0.34546 0.341293 0.0909668 0.935545 0.669877 0.0999821 0.0932567\n0.346433 -0.429925 -0.280776 0.454695 0.226755 -0.861298 0.88186 0.0208828 0.471048 0.124799 -0.973728 -0.190471 0.0898195 0.121723 0.662724\n-0.343206 -0.422897 0.50616 -0.196784 -0.0382042 -0.979702 0.978301 -0.073726 -0.193628 -0.0648321 -0.996546 0.0518833 0.10185 0.0969921 0.657129\n-0.336789 -0.427766 -0.293296 -0.144948 -0.960145 -0.238981 0.952604 -0.0701296 -0.29602 0.267462 -0.270562 0.924803 0.662388 0.105116 0.104665\nC 7\n0 1\n0 5\n0 3\n1 2\n1 3\n1 4\n1 5\nS 1\n2\n3 0.346433 -0.429925 -0.280776\n5 -0.336789 -0.427766 -0.293296\n2\n0.00482206 -0.428845 -0.287036\n-0.999827 0.0031601 -0.0183224\nL 6\n0\n1\n2\n2\n2\n2"
}