{
    "boxes": [
        [
            -0.003289999905973673,
            -0.06582850217819214,
            0.021612999960780144,
            0.1655389964580536,
            0.8226019740104675,
            0.843396008014679,
            0.0,
            1.0,
            0.0,
            0.0,
            0.0,
            1.0
        ],
        [
            -0.32221099734306335,
            0.11372499912977219,
            0.1348170042037964,
            0.3752700090408325,
            0.8647069931030273,
            0.23532900214195251,
            -0.15590299665927887,
            0.889680027961731,
            0.4291439950466156,
            -0.08900900185108185,
            -0.4453420042991638,
            0.8909249901771545
        ],
        [
            0.31416499614715576,
            -0.3647780120372772,
            -0.5052340030670166,
            0.6923140287399292,
            0.10385800153017044,
            0.09021399915218353,
            -0.09525900334119797,
            0.9383800029754639,
            0.3322190046310425,
            -0.6385539770126343,
            -0.3136270046234131,
            0.702771008014679
        ],
        [
            -0.4567590057849884,
            -0.4100010097026825,
            0.4892370104789734,
            0.5836189985275269,
            0.08160150051116943,
            0.053634800016880035,
            0.11451300233602524,
            0.9896270036697388,
            -0.08675110340118408,
            -0.05258610099554062,
            0.09324169903993607,
            0.9942539930343628
        ],
        [
            0.03312909975647926,
            0.4405379891395569,
            -0.3493350148200989,
            0.21109099686145782,
            0.47043800354003906,
            0.7680010199546814,
            -0.018615800887346268,
            0.8576520085334778,
            0.5138930082321167,
            -0.09938739985227585,
            -0.5130239725112915,
            0.8526009917259216
        ]
    ],
    "ops": [
        [
            0,
            0,
            2,
            1,
            0,
            0,
            1,
            2,
            1,
            0,
            1
        ]
    ],
    "syms": [
        [
            0.0,
            0.9957450032234192,
            -0.027340300381183624,
            0.08800230175256729,
            -0.007507519796490669,
            0.10508500039577484,
            0.16263000667095184,
            0.0
        ],
        [
            0.0,
            0.9998350143432617,
            -0.012336299754679203,
            -0.013368399813771248,
            -0.0011738099856302142,
            -0.36088699102401733,
            -0.5010169744491577,
            0.0
        ]
    ],
    "labels:": [
        [
            1,
            3,
            2,
            2,
            0
        ]
    ],
    "obj": 39186,
    "mat_index": 3076,
    "obbs": "N 8\n0.0331291 0.440538 -0.349335 -0.994875 0.0352026 -0.0947902 -0.0186158 0.857652 0.513893 0.0993874 0.513024 -0.852601 0.768001 0.211091 0.470438\n0.307196 0.0964438 0.190442 -0.125981 -0.888185 -0.441878 0.990516 -0.0880007 -0.105516 0.0548326 -0.45098 0.890848 0.348507 0.251534 0.7754\n-0.322211 0.113725 0.134817 0.155903 -0.88968 -0.429144 0.983754 0.1007 0.14862 -0.089009 -0.445342 0.890925 0.37527 0.235329 0.864707\n-0.00329 -0.0658285 0.021613 1 0 0 0 1 0 0 0 1 0.843396 0.165539 0.822602\n0.314165 -0.364778 -0.505234 0.638554 0.313627 -0.702771 0.763659 -0.145194 0.629082 0.095259 -0.93838 -0.332219 0.103858 0.090214 0.692314\n0.45344 -0.414284 0.490031 -0.0201265 -0.0810273 -0.996509 0.993414 0.110832 -0.0290759 0.112801 -0.990531 0.078263 0.0758904 0.0377856 0.57399\n-0.456759 -0.410001 0.489237 0.0525861 -0.0932417 -0.994254 0.992029 -0.109294 0.062718 -0.114513 -0.989627 0.0867511 0.0816015 0.0536348 0.583619\n-0.316513 -0.356997 -0.496801 -0.106734 -0.923492 -0.368469 0.838806 0.115348 -0.532071 0.533866 -0.365864 0.762319 0.712872 0.1039 0.137193\nC 13\n0 1\n0 3\n0 2\n1 3\n1 4\n1 5\n2 7\n2 6\n2 3\n3 6\n3 7\n3 4\n3 5\nS 3\n2\n1 0.307196 0.0964438 0.190442\n2 -0.322211 0.113725 0.134817\n2\n-0.00750752 0.105085 0.16263\n-0.995745 0.0273403 -0.0880023\n2\n4 0.314165 -0.364778 -0.505234\n7 -0.316513 -0.356997 -0.496801\n2\n-0.00117381 -0.360887 -0.501017\n-0.999835 0.0123363 0.0133684\n2\n5 0.45344 -0.414284 0.490031\n6 -0.456759 -0.410001 0.489237\n2\n-0.00165928 -0.412142 0.489634\n-0.999989 0.00470562 -0.000872124\nL 8\n0\n3\n3\n1\n2\n2\n2\n2"
}