{
    "boxes": [
        [
            -0.002245000097900629,
            -0.2250179946422577,
            0.02093149907886982,
            1.115149974822998,
            1.112130045890808,
            1.163640022277832,
            0.0,
            1.0,
            0.0,
            0.0,
            0.0,
            1.0
        ],
        [
            -0.5052739977836609,
            0.34746798872947693,
            0.17984800040721893,
            0.6198520064353943,
            0.7533069849014282,
            0.07463040202856064,
            -0.12216000258922577,
            0.9920480251312256,
            0.03029249981045723,
            0.028477000072598457,
            -0.02700519934296608,
            0.9992300271987915
        ],
        [
            -0.5188469886779785,
            -0.615401029586792,
            0.5305699706077576,
            0.2939260005950928,
            0.0969190001487732,
            0.057989999651908875,
            0.0,
            1.0,
            0.0,
            0.0,
            0.0,
            1.0
        ],
        [
            0.5691570043563843,
            -0.7368109822273254,
            -0.20190800726413727,
            0.10571999847888947,
            0.03382899984717369,
            0.03382899984717369,
            0.0,
            1.0,
            0.0,
            0.0,
            0.0,
            1.0
        ],
        [
            -0.5739529728889465,
            -0.7368469834327698,
            -0.20163500308990479,
            0.10591500252485275,
            0.0337848998606205,
            0.03378390148282051,
            -0.005846209824085236,
            0.9999690055847168,
            0.005183400120586157,
            0.6633039712905884,
            -1.1841400464618346e-06,
            0.7483500242233276
        ],
        [
            -0.002245499985292554,
            0.3940829932689667,
            -0.334757000207901,
            0.8088480234146118,
            0.42631399631500244,
            1.1605600118637085,
            0.0,
            1.0,
            0.0,
            0.0,
            0.0,
            1.0
        ]
    ],
    "ops": [
        [
            0,
            0,
            2,
            1,
            0,
            2,
            0,
            0,
            1,
            1,
            1,
            0,
            1
        ]
    ],
    "syms": [
        [
            0.0,
            0.9996579885482788,
            0.024448199197649956,
            0.009289859794080257,
            -0.00023093899653758854,
            0.3598189949989319,
            0.1845410019159317,
            0.0
        ],
        [
            0.0,
            0.9998239874839783,
            0.015662500634789467,
            -0.010354699566960335,
            -0.005738750100135803,
            -0.6073629856109619,
            0.5252559781074524,
            0.0
        ]
    ],
    "labels:": [
        [
            1,
            3,
            2,
            2,
            2,
            0
        ]
    ],
    "obj": 39196,
    "mat_index": 3081,
    "obbs": "N 8\n-0.0022455 0.394083 -0.334757 1 0 0 0 1 0 0 0 1 1.16056 0.808848 0.426314\n0.504812 0.372171 0.189235 -0.180151 -0.981752 -0.0609027 0.983474 -0.18091 0.00714736 -0.0180349 -0.0586086 0.998118 0.538446 0.0613032 0.735181\n-0.505274 0.347468 0.179848 0.12216 -0.992048 -0.0302925 0.992102 0.122928 -0.0249516 0.028477 -0.0270052 0.99923 0.619852 0.0746304 0.753307\n-0.002245 -0.225018 0.0209315 1 0 0 0 1 0 0 0 1 1.16364 1.11515 1.11213\n0.569157 -0.736811 -0.201908 1 0 0 0 1 0 0 0 1 0.033829 0.10572 0.033829\n0.50737 -0.599325 0.519942 1 0 0 0 1 0 0 0 1 0.071787 0.326244 0.118185\n-0.573953 -0.736847 -0.201635 -0.00584621 0.999969 0.0051834 0.663304 -1.18414e-06 0.74835 0.748327 0.00781318 -0.663284 0.105915 0.0337849 0.0337839\n-0.518847 -0.615401 0.53057 1 0 0 0 1 0 0 0 1 0.05799 0.293926 0.096919\nC 9\n0 1\n0 3\n0 2\n1 3\n2 3\n3 6\n3 7\n3 4\n3 5\nS 2\n2\n1 0.504812 0.372171 0.189235\n2 -0.505274 0.347468 0.179848\n2\n-0.000230939 0.359819 0.184541\n-0.999658 -0.0244482 -0.00928986\n2\n5 0.50737 -0.599325 0.519942\n7 -0.518847 -0.615401 0.53057\n2\n-0.00573875 -0.607363 0.525256\n-0.999824 -0.0156625 0.0103547\nL 8\n0\n3\n3\n1\n2\n2\n2\n2"
}