{
    "boxes": [
        [
            -0.003275499911978841,
            -0.023787999525666237,
            0.09781300276517868,
            0.16591200232505798,
            0.898497998714447,
            0.8961769938468933,
            0.0,
            1.0,
            0.0,
            0.0,
            0.0,
            1.0
        ],
        [
            -0.36473798751831055,
            -0.362621009349823,
            0.4439620077610016,
            0.6249150037765503,
            0.27889299392700195,
            0.24926799535751343,
            0.0,
            1.0,
            0.0,
            0.0,
            0.0,
            1.0
        ],
        [
            0.373212993144989,
            -0.3626269996166229,
            -0.26364898681640625,
            0.6249009966850281,
            0.2492769956588745,
            0.2188889980316162,
            0.0,
            1.0,
            0.0,
            0.0,
            0.0,
            1.0
        ],
        [
            -0.0022815000265836716,
            0.07339449971914291,
            -0.3561150133609772,
            0.29711100459098816,
            0.051920998841524124,
            0.17035700380802155,
            0.0,
            1.0,
            0.0,
            0.0,
            0.0,
            1.0
        ],
        [
            -0.003283980069682002,
            0.47672098875045776,
            -0.39485999941825867,
            0.5235139727592468,
            0.03811879828572273,
            0.74652498960495,
            -0.0003898009890690446,
            0.9782509803771973,
            -0.20742399990558624,
            -0.0004811180115211755,
            0.20742300152778625,
            0.9782509803771973
        ],
        [
            -0.013018899597227573,
            0.46365800499916077,
            -0.418177992105484,
            0.5377560257911682,
            0.05566319823265076,
            0.2143079936504364,
            -0.003229700028896332,
            0.9743649959564209,
            -0.22495099902153015,
            0.06172360107302666,
            0.22471800446510315,
            0.9724670052528381
        ]
    ],
    "ops": [
        [
            0,
            0,
            0,
            1,
            2,
            1,
            0,
            0,
            0,
            1,
            1,
            1
        ]
    ],
    "syms": [
        [
            0.0,
            0.9998660087585449,
            -0.0015412300126627088,
            0.016278399154543877,
            -0.0039618900045752525,
            -0.363178014755249,
            0.44983598589897156,
            0.0
        ]
    ],
    "labels:": [
        [
            1,
            2,
            2,
            0,
            0,
            0
        ]
    ],
    "obj": 2501,
    "mat_index": 311,
    "obbs": "N 8\n-0.00328398 0.476721 -0.39486 -0.000389801 0.978251 -0.207424 -0.000481118 0.207423 0.978251 1 0.000481118 0.000389801 0.523514 0.0381188 0.746525\n-0.0032755 -0.023788 0.097813 1 0 0 0 1 0 0 0 1 0.896177 0.165912 0.898498\n-0.0130189 0.463658 -0.418178 0.998088 -0.010744 -0.0608671 0.0617236 0.224718 0.972467 0.0032297 -0.974365 0.224951 0.214308 0.0556632 0.537756\n0.356814 -0.363734 0.45571 -0.124632 0.986747 -0.103913 0.992108 0.125383 0.00070174 0.0137214 -0.103006 -0.994586 0.663143 0.250455 0.245042\n0.373213 -0.362627 -0.263649 1 0 0 0 1 0 0 0 1 0.218889 0.624901 0.249277\n-0.373512 -0.369787 -0.241202 1 0 0 0 1 0 0 0 1 0.23172 0.610584 0.294172\n-0.364738 -0.362621 0.443962 1 0 0 0 1 0 0 0 1 0.249268 0.624915 0.278893\n-0.0022815 0.0733945 -0.356115 1 0 0 0 1 0 0 0 1 0.170357 0.297111 0.051921\nC 12\n0 1\n0 7\n0 2\n1 2\n1 3\n1 4\n1 5\n1 6\n1 7\n2 7\n4 7\n5 7\nS 2\n2\n3 0.356814 -0.363734 0.45571\n6 -0.364738 -0.362621 0.443962\n2\n-0.00396189 -0.363178 0.449836\n-0.999866 0.00154123 -0.0162784\n2\n4 0.373213 -0.362627 -0.263649\n5 -0.373512 -0.369787 -0.241202\n2\n-0.00014975 -0.366207 -0.252426\n-0.999503 -0.0095831 0.0300463\nL 8\n0\n1\n0\n2\n2\n2\n2\n0"
}