{
    "boxes": [
        [
            -0.004178499802947044,
            -0.17247499525547028,
            0.10308700054883957,
            0.339711993932724,
            1.082759976387024,
            1.1109700202941895,
            0.0,
            1.0,
            0.0,
            0.0,
            0.0,
            1.0
        ],
        [
            -0.467956006526947,
            0.09594649821519852,
            0.030194999650120735,
            0.37700900435447693,
            0.9369699954986572,
            0.3035989999771118,
            0.0,
            1.0,
            0.0,
            0.0,
            0.0,
            1.0
        ],
        [
            -0.46205100417137146,
            -0.49645400047302246,
            -0.3674289882183075,
            0.3544420003890991,
            0.12053799629211426,
            0.09236399829387665,
            -0.0,
            0.9920120239257812,
            0.1261409968137741,
            0.0,
            -0.1261409968137741,
            0.9920120239257812
        ],
        [
            0.45385798811912537,
            -0.5020549893379211,
            0.5864729881286621,
            0.36069101095199585,
            0.09434109926223755,
            0.11099900305271149,
            -0.008435860276222229,
            0.999642014503479,
            -0.02538920007646084,
            -0.00865252036601305,
            0.02531619928777218,
            0.999642014503479
        ],
        [
            -0.006031000055372715,
            0.3183729946613312,
            -0.30396100878715515,
            0.819009006023407,
            0.30173200368881226,
            1.0263400077819824,
            0.0,
            1.0,
            0.0,
            0.0,
            0.0,
            1.0
        ]
    ],
    "ops": [
        [
            0,
            0,
            2,
            1,
            0,
            0,
            1,
            2,
            1,
            0,
            1
        ]
    ],
    "syms": [
        [
            0.0,
            0.9999279975891113,
            0.011939800344407558,
            -0.0007737859850749373,
            0.007270250003784895,
            0.10162100195884705,
            0.02982719987630844,
            0.0
        ],
        [
            0.0,
            0.9992190003395081,
            0.001049150014296174,
            0.03951279819011688,
            0.00017600000137463212,
            -0.4959689974784851,
            -0.34915098547935486,
            0.0
        ]
    ],
    "labels:": [
        [
            1,
            3,
            2,
            2,
            0
        ]
    ],
    "obj": 39245,
    "mat_index": 3110,
    "obbs": "N 8\n-0.006031 0.318373 -0.303961 1 0 0 0 1 0 0 0 1 1.02634 0.819009 0.301732\n0.482497 0.107295 0.0294595 1 0 0 0 1 0 0 0 1 0.31321 0.399235 0.935501\n-0.467956 0.0959465 0.030195 1 0 0 0 1 0 0 0 1 0.303599 0.377009 0.93697\n-0.0041785 -0.172475 0.103087 1 0 0 0 1 0 0 0 1 1.11097 0.339712 1.08276\n0.462403 -0.495483 -0.330873 1 0 0 0 1 0 0 0 1 0.121324 0.345555 0.178059\n0.453858 -0.502055 0.586473 0.999927 0.00865252 0.00843586 -0.00865252 0.0253162 0.999642 0.00843586 -0.999642 0.0253892 0.110999 0.0943411 0.360691\n-0.448593 -0.496652 0.603179 0.999927 0.00864916 0.00843259 -0.00864916 0.0253162 0.999642 0.00843259 -0.999642 0.0253891 0.110999 0.0943411 0.360691\n-0.462051 -0.496454 -0.367429 1 0 0 0 -0.126141 0.992012 0 -0.992012 -0.126141 0.092364 0.120538 0.354442\nC 15\n0 1\n0 7\n0 4\n0 3\n0 2\n1 3\n1 4\n1 5\n2 7\n2 6\n2 3\n3 6\n3 7\n3 4\n3 5\nS 3\n2\n1 0.482497 0.107295 0.0294595\n2 -0.467956 0.0959465 0.030195\n2\n0.00727025 0.101621 0.0298272\n-0.999928 -0.0119398 0.000773786\n2\n4 0.462403 -0.495483 -0.330873\n7 -0.462051 -0.496454 -0.367429\n2\n0.000176 -0.495969 -0.349151\n-0.999219 -0.00104915 -0.0395128\n2\n5 0.453858 -0.502055 0.586473\n6 -0.448593 -0.496652 0.603179\n2\n0.00263206 -0.499353 0.594826\n-0.999811 0.00598591 0.0185083\nL 8\n0\n3\n3\n1\n2\n2\n2\n2"
}