{
    "boxes": [
        [
            0.00032500000088475645,
            -0.03665269911289215,
            0.09892729669809341,
            0.18488499522209167,
            0.8267639875411987,
            0.894491970539093,
            -1.2733499588080122e-08,
            0.9976720213890076,
            0.06819699704647064,
            4.346979998182121e-10,
            -0.06819699704647064,
            0.9976720213890076
        ],
        [
            -0.3866569995880127,
            0.30298200249671936,
            -0.15582700073719025,
            0.6881160140037537,
            0.29613199830055237,
            0.13330799341201782,
            0.12895800173282623,
            0.776045024394989,
            -0.6173530220985413,
            -0.36702799797058105,
            0.6156920194625854,
            0.6972900032997131
        ],
        [
            -0.4433149993419647,
            -0.34689199924468994,
            -0.29775500297546387,
            0.8444179892539978,
            0.15765100717544556,
            0.038346901535987854,
            0.03505859896540642,
            0.8637660145759583,
            0.5026729702949524,
            -0.023810800164937973,
            -0.5021169781684875,
            0.864471971988678
        ],
        [
            -0.43062999844551086,
            -0.4291279911994934,
            0.4985150098800659,
            0.6325979828834534,
            0.037219200283288956,
            0.03316520154476166,
            0.011455300264060497,
            0.9985679984092712,
            -0.05224800109863281,
            0.0005121880094520748,
            0.052245598286390305,
            0.9986339807510376
        ],
        [
            -0.25319498777389526,
            0.22933700680732727,
            -0.36664101481437683,
            0.5554770231246948,
            0.10065100342035294,
            0.0397971011698246,
            -1.1768800334266416e-07,
            0.9510570168495178,
            -0.30901598930358887,
            -1.4265000345403678e-06,
            0.30901598930358887,
            0.9510570168495178
        ],
        [
            0.0010812500258907676,
            0.23839899897575378,
            -0.37428298592567444,
            0.6173530220985413,
            0.13115400075912476,
            0.5372689962387085,
            -0.0002407179999863729,
            0.9355559945106506,
            -0.3531779944896698,
            -0.00034817098639905453,
            0.3531779944896698,
            0.9355559945106506
        ],
        [
            -0.002936549950391054,
            0.5051249861717224,
            -0.4619010090827942,
            0.040496598929166794,
            0.11613000184297562,
            0.528581976890564,
            -0.0006938449805602431,
            0.8523280024528503,
            0.5230079889297485,
            0.00019590799638535827,
            -0.5230079889297485,
            0.8523280024528503
        ]
    ],
    "ops": [
        [
            0,
            0,
            2,
            1,
            0,
            0,
            1,
            2,
            1,
            0,
            2,
            0,
            0,
            1,
            1,
            1
        ]
    ],
    "syms": [
        [
            0.0,
            0.9999719858169556,
            -0.0074693202041089535,
            -0.0010200899560004473,
            0.0009002569713629782,
            0.30008700489997864,
            -0.15622200071811676,
            0.0
        ],
        [
            0.0,
            0.9999690055847168,
            -0.004186649806797504,
            -0.0066086300648748875,
            2.835929990396835e-06,
            -0.34874799847602844,
            -0.30068498849868774,
            0.0
        ],
        [
            0.0,
            1.0,
            -2.844799951162713e-07,
            -6.584160132661054e-07,
            0.0003247499989811331,
            0.22933700680732727,
            -0.36664101481437683,
            0.0
        ]
    ],
    "labels:": [
        [
            1,
            3,
            2,
            2,
            0,
            0,
            0
        ]
    ],
    "obj": 39249,
    "mat_index": 3112,
    "obbs": "N 11\n0.00108125 0.238399 -0.374283 1 0.000348171 0.000240718 -0.000348171 0.353178 0.935556 0.000240718 -0.935556 0.353178 0.537269 0.131154 0.617353\n-0.00293655 0.505125 -0.461901 -0.000195908 0.523008 -0.852328 -0.000693845 0.852328 0.523008 1 0.000693845 0.000195908 0.11613 0.0404966 0.528582\n-0.386657 0.302982 -0.155827 0.128958 0.776045 -0.617353 0.921228 0.136665 0.364228 0.367028 -0.615692 -0.69729 0.688116 0.133308 0.296132\n0.388457 0.297193 -0.156618 -0.108493 0.803705 -0.585054 0.926513 -0.131543 -0.352518 -0.36028 -0.580306 -0.730372 0.683706 0.143364 0.317529\n0.000325 -0.0366527 0.0989273 -4.34698e-10 0.068197 -0.997672 -1.27335e-08 0.997672 0.068197 1 1.27335e-08 4.34698e-10 0.826764 0.184885 0.894492\n0.253845 0.229337 -0.366642 1.24784e-07 0.951056 -0.309019 1 -6.92956e-07 -1.72888e-06 -1.8584e-06 -0.309019 -0.951056 0.555477 0.0397961 0.10065\n-0.253195 0.229337 -0.366641 -1.17688e-07 0.951057 -0.309016 1 5.5274e-07 1.32032e-06 1.4265e-06 -0.309016 -0.951057 0.555477 0.0397971 0.100651\n-0.443315 -0.346892 -0.297755 0.0238108 0.502117 -0.864472 0.999102 -0.0422762 0.00296347 -0.0350586 -0.863766 -0.502673 0.157651 0.0383469 0.844418\n0.443321 -0.350604 -0.303615 0.0347413 -0.873679 -0.485261 0.998615 0.0495433 -0.0177054 0.0395103 -0.483974 0.87419 0.834438 0.0391025 0.150441\n0.43128 -0.429126 0.498516 -0.0114551 0.99856 -0.0524081 0.999934 0.011467 -7.30882e-05 0.00052798 -0.0524055 -0.998626 0.632599 0.0331662 0.0373185\n-0.43063 -0.429128 0.498515 0.0114553 0.998568 -0.052248 0.999934 -0.0114664 8.70333e-05 -0.000512188 -0.0522456 -0.998634 0.632598 0.0331652 0.0372192\nC 26\n0 2\n0 7\n0 3\n0 4\n0 5\n0 8\n0 1\n0 6\n1 3\n1 6\n1 2\n1 5\n2 6\n2 7\n2 4\n3 5\n3 8\n3 4\n4 7\n4 8\n4 9\n4 10\n4 5\n4 6\n5 8\n6 7\nS 4\n2\n2 -0.386657 0.302982 -0.155827\n3 0.388457 0.297193 -0.156618\n2\n0.000900257 0.300087 -0.156222\n0.999972 -0.00746932 -0.00102009\n2\n5 0.253845 0.229337 -0.366642\n6 -0.253195 0.229337 -0.366641\n2\n0.00032475 0.229337 -0.366641\n-1 2.8448e-07 6.58416e-07\n2\n7 -0.443315 -0.346892 -0.297755\n8 0.443321 -0.350604 -0.303615\n2\n2.83593e-06 -0.348748 -0.300685\n0.999969 -0.00418665 -0.00660863\n2\n9 0.43128 -0.429126 0.498516\n10 -0.43063 -0.429128 0.498515\n2\n0.000324738 -0.429127 0.498515\n-1 -1.51573e-06 -1.03775e-06\nL 11\n0\n0\n3\n3\n1\n0\n0\n2\n2\n2\n2"
}