{
    "boxes": [
        [
            -0.009796639904379845,
            -0.14363600313663483,
            0.16986200213432312,
            0.5182129740715027,
            0.8786590099334717,
            0.8860660195350647,
            0.026052599772810936,
            0.9981210231781006,
            -0.05546339973807335,
            0.0007231620256789029,
            0.05546339973807335,
            0.9984599947929382
        ],
        [
            -0.3890169858932495,
            -0.06777270138263702,
            0.28420600295066833,
            0.8000630140304565,
            0.664775013923645,
            0.1957630068063736,
            -0.6748960018157959,
            0.7361530065536499,
            0.05092279985547066,
            0.036786600947380066,
            -0.035358600318431854,
            0.9986969828605652
        ],
        [
            0.004486499819904566,
            -0.4789370000362396,
            -0.06809650361537933,
            0.12198200076818466,
            0.11576899886131287,
            0.1140109971165657,
            0.0,
            1.0,
            0.0,
            0.0,
            0.0,
            1.0
        ],
        [
            -0.16409699618816376,
            -0.5254849791526794,
            -0.3048120141029358,
            0.0750901997089386,
            0.5377110242843628,
            0.09373269975185394,
            -0.0593562014400959,
            0.9924420118331909,
            -0.10740099847316742,
            0.5841569900512695,
            0.12177799642086029,
            0.8024529814720154
        ],
        [
            -0.10254299640655518,
            0.17403100430965424,
            -0.27915000915527344,
            0.5881639719009399,
            1.2157700061798096,
            1.1952300071716309,
            -0.00916444044560194,
            0.6917750239372253,
            0.7220550179481506,
            0.5033630132675171,
            -0.6207349896430969,
            0.6010940074920654
        ]
    ],
    "ops": [
        [
            0,
            0,
            2,
            1,
            0,
            0,
            2,
            1,
            1,
            0,
            1
        ]
    ],
    "syms": [
        [
            0.0,
            0.9997779726982117,
            -0.019412999972701073,
            0.008239610120654106,
            -0.01177150011062622,
            -0.07509779930114746,
            0.2873150110244751,
            0.0
        ],
        [
            -1.0,
            -1.494949970037851e-06,
            0.9999989867210388,
            0.0014790999703109264,
            0.00610106997191906,
            -0.5256990194320679,
            -0.07028210163116455,
            0.20000000298023224
        ]
    ],
    "labels:": [
        [
            1,
            3,
            2,
            2,
            0
        ]
    ],
    "obj": 39267,
    "mat_index": 3121,
    "obbs": "N 10\n-0.102543 0.174031 -0.27915 0.864027 0.368964 -0.342525 -0.00916444 0.691775 0.722055 0.503363 -0.620735 0.601094 1.19523 0.588164 1.21577\n0.365474 -0.0824229 0.290424 -0.669542 -0.736849 -0.09363 0.740398 -0.672151 -0.0048491 -0.0593604 -0.0725702 0.995595 0.839186 0.190131 0.63529\n-0.389017 -0.0677727 0.284206 0.674896 -0.736153 -0.0509228 0.736995 0.675891 -0.00321719 0.0367866 -0.0353586 0.998697 0.800063 0.195763 0.664775\n0.0044865 -0.478937 -0.0680965 1 0 0 0 1 0 0 0 1 0.114011 0.121982 0.115769\n-0.00979664 -0.143636 0.169862 0.99966 -0.0260526 0.000723162 0.0260526 0.998121 -0.0554634 0.000723162 0.0554634 0.99846 0.886066 0.518213 0.878659\n-0.269705 -0.525485 0.0191482 0.943692 0.121778 -0.307595 -0.120487 0.992442 0.023261 0.308103 0.01511 0.951233 0.537709 0.0750902 0.0937321\n-0.164097 -0.525485 -0.304812 -0.584157 -0.121778 -0.802453 -0.0593562 0.992442 -0.107401 0.809467 -0.0151085 -0.586971 0.537711 0.0750902 0.0937327\n0.176641 -0.525485 -0.304481 -0.808381 0.0151096 -0.588465 0.0838032 0.992442 -0.0896392 0.582663 -0.121778 -0.803538 0.0937321 0.0750901 0.537711\n0.281621 -0.525485 0.019683 0.30986 0.0151108 -0.950662 0.111148 0.992442 0.0520027 0.944263 -0.121778 0.305839 0.0937326 0.0750903 0.53771\n0.0060445 -0.526556 0.219051 1 0 0 0 1 0 0 0 1 0.093643 0.074144 0.534415\nC 45\n0 2\n0 7\n0 3\n0 4\n0 5\n0 8\n0 1\n0 6\n0 9\n1 3\n1 6\n1 2\n1 5\n1 4\n1 9\n1 8\n1 7\n2 8\n2 5\n2 9\n2 6\n2 3\n2 7\n2 4\n3 7\n3 6\n3 9\n3 5\n3 8\n3 4\n4 7\n4 8\n4 9\n4 5\n4 6\n5 9\n5 6\n5 8\n5 7\n6 9\n6 7\n6 8\n7 8\n7 9\n8 9\nS 2\n2\n1 0.365474 -0.0824229 0.290424\n2 -0.389017 -0.0677727 0.284206\n2\n-0.0117715 -0.0750978 0.287315\n-0.999778 0.019413 -0.00823961\n5\n8 0.281621 -0.525485 0.019683\n9 0.0060445 -0.526556 0.219051\n5 -0.269705 -0.525485 0.0191482\n6 -0.164097 -0.525485 -0.304812\n7 0.176641 -0.525485 -0.304481\n3\n0.00610107 -0.525699 -0.0702821\n1.49495e-06 -0.999999 -0.0014791\nL 10\n0\n3\n3\n2\n1\n2\n2\n2\n2\n2"
}