{
    "boxes": [
        [
            0.00017749999824445695,
            -0.12684699892997742,
            0.163222998380661,
            0.5782510042190552,
            0.9419810175895691,
            1.3453600406646729,
            0.0,
            1.0,
            0.0,
            0.0,
            0.0,
            1.0
        ],
        [
            0.316210001707077,
            -0.09337060153484344,
            0.19208699464797974,
            0.9001839756965637,
            0.8964149951934814,
            0.20932899415493011,
            0.6293529868125916,
            0.7769650220870972,
            0.015488900244235992,
            0.10155799984931946,
            -0.10199099779129028,
            0.9895880222320557
        ],
        [
            -0.40927401185035706,
            0.007674320135265589,
            0.22810299694538116,
            0.9065880179405212,
            0.9792479872703552,
            0.23213499784469604,
            -0.5388720035552979,
            0.7836670279502869,
            -0.30900299549102783,
            -0.3448430001735687,
            0.12945599853992462,
            0.9296900033950806
        ],
        [
            0.004486499819904566,
            -0.4789370000362396,
            -0.06809650361537933,
            0.12198200076818466,
            0.11576899886131287,
            0.1140109971165657,
            0.0,
            1.0,
            0.0,
            0.0,
            0.0,
            1.0
        ],
        [
            -0.16409699618816376,
            -0.5254849791526794,
            -0.3048120141029358,
            0.0750901997089386,
            0.5377110242843628,
            0.09373269975185394,
            -0.0593562014400959,
            0.9924420118331909,
            -0.10740099847316742,
            0.5841569900512695,
            0.12177799642086029,
            0.8024529814720154
        ],
        [
            -0.046525899320840836,
            0.18410499393939972,
            -0.32086798548698425,
            0.5305219888687134,
            1.1659300327301025,
            1.1016900539398193,
            -0.06783179938793182,
            0.6232500076293945,
            0.779075026512146,
            0.5703989863395691,
            -0.6164429783821106,
            0.5428100228309631
        ]
    ],
    "ops": [
        [
            0,
            0,
            0,
            1,
            1,
            0,
            0,
            2,
            1,
            1,
            0,
            1
        ]
    ],
    "syms": [
        [
            -1.0,
            -1.494949970037851e-06,
            0.9999989867210388,
            0.0014790999703109264,
            0.00610106997191906,
            -0.5256990194320679,
            -0.07028210163116455,
            0.20000000298023224
        ]
    ],
    "labels:": [
        [
            1,
            3,
            3,
            2,
            2,
            0
        ]
    ],
    "obj": 39268,
    "mat_index": 3122,
    "obbs": "N 10\n-0.0465259 0.184105 -0.320868 0.818562 0.481203 -0.313687 -0.0678318 0.62325 0.779075 0.570399 -0.616443 0.54281 1.10169 0.530522 1.16593\n0.31621 -0.0933706 0.192087 -0.629353 -0.776965 -0.0154889 0.770455 -0.621227 -0.143096 0.101558 -0.101991 0.989588 0.900184 0.209329 0.896415\n-0.409274 0.00767432 0.228103 0.344843 -0.129456 -0.92969 0.76857 0.607542 0.200482 0.538872 -0.783667 0.309003 0.979248 0.232135 0.906588\n0.0044865 -0.478937 -0.0680965 1 0 0 0 1 0 0 0 1 0.114011 0.121982 0.115769\n0.0001775 -0.126847 0.163223 1 0 0 0 1 0 0 0 1 1.34536 0.578251 0.941981\n0.0060445 -0.526556 0.219051 1 0 0 0 1 0 0 0 1 0.093643 0.074144 0.534415\n0.281621 -0.525485 0.019683 0.30986 0.0151108 -0.950662 0.111148 0.992442 0.0520027 0.944263 -0.121778 0.305839 0.0937326 0.0750903 0.53771\n0.176641 -0.525485 -0.304481 -0.808381 0.0151096 -0.588465 0.0838032 0.992442 -0.0896392 0.582663 -0.121778 -0.803538 0.0937321 0.0750901 0.537711\n-0.164097 -0.525485 -0.304812 -0.584157 -0.121778 -0.802453 -0.0593562 0.992442 -0.107401 0.809467 -0.0151085 -0.586971 0.537711 0.0750902 0.0937327\n-0.269705 -0.525485 0.0191482 0.943692 0.121778 -0.307595 -0.120487 0.992442 0.023261 0.308103 0.01511 0.951233 0.537709 0.0750902 0.0937321\nC 45\n0 2\n0 7\n0 3\n0 4\n0 5\n0 8\n0 1\n0 6\n0 9\n1 3\n1 6\n1 2\n1 5\n1 4\n1 9\n1 8\n1 7\n2 8\n2 5\n2 9\n2 6\n2 3\n2 7\n2 4\n3 7\n3 6\n3 9\n3 5\n3 8\n3 4\n4 7\n4 8\n4 9\n4 5\n4 6\n5 9\n5 6\n5 8\n5 7\n6 9\n6 7\n6 8\n7 8\n7 9\n8 9\nS 1\n5\n7 0.176641 -0.525485 -0.304481\n6 0.281621 -0.525485 0.019683\n5 0.0060445 -0.526556 0.219051\n9 -0.269705 -0.525485 0.0191482\n8 -0.164097 -0.525485 -0.304812\n3\n0.00610107 -0.525699 -0.0702821\n-1.49495e-06 0.999999 0.0014791\nL 10\n0\n3\n3\n2\n1\n2\n2\n2\n2\n2"
}