{
    "boxes": [
        [
            0.00853199977427721,
            -0.04797400161623955,
            0.06196549907326698,
            0.11778800189495087,
            0.6519889831542969,
            0.7658759951591492,
            0.0,
            1.0,
            0.0,
            0.0,
            0.0,
            1.0
        ],
        [
            0.37628600001335144,
            -0.01301219966262579,
            0.05201739817857742,
            0.14721399545669556,
            0.5823500156402588,
            0.04021700099110603,
            -0.006398240104317665,
            0.9983689785003662,
            -0.05672299861907959,
            0.004064800217747688,
            0.056749701499938965,
            0.9983800053596497
        ],
        [
            -0.35926398634910583,
            -0.7646949887275696,
            0.5389969944953918,
            0.03685760125517845,
            0.025420399382710457,
            0.044148001819849014,
            2.810770070027502e-07,
            0.9768239855766296,
            -0.2140440046787262,
            3.4933600545627996e-07,
            0.2140440046787262,
            0.9768239855766296
        ],
        [
            0.37623199820518494,
            -0.3904019892215729,
            0.4420720040798187,
            0.7371129989624023,
            0.05606570094823837,
            0.04002080112695694,
            -0.0035681200679391623,
            0.9705479741096497,
            -0.24087999761104584,
            -0.004561909940093756,
            0.24086399376392365,
            0.9705479741096497
        ],
        [
            -0.35926398634910583,
            -0.7646949887275696,
            -0.3900339901447296,
            0.03686150163412094,
            0.02542630024254322,
            0.044148001819849014,
            -4.978310030878674e-08,
            0.9754530191421509,
            0.22020800411701202,
            -3.97972996779572e-08,
            -0.22020800411701202,
            0.9754530191421509
        ],
        [
            -0.35923001170158386,
            -0.42397698760032654,
            -0.3084149956703186,
            0.6634320020675659,
            0.033626701682806015,
            0.05100800096988678,
            -0.020251600071787834,
            0.9750069975852966,
            0.2212499976158142,
            0.02564379945397377,
            -0.22071599960327148,
            0.9750009775161743
        ],
        [
            -0.2627590000629425,
            0.2155510038137436,
            -0.2690050005912781,
            0.5335400104522705,
            0.0249416995793581,
            0.05781619995832443,
            -0.0035545900464057922,
            0.9988070130348206,
            -0.04870479926466942,
            -0.003732119919732213,
            0.04869149997830391,
            0.9988070130348206
        ],
        [
            0.0015737300273030996,
            0.38016799092292786,
            -0.22780899703502655,
            0.309798002243042,
            0.03813429921865463,
            0.6440489888191223,
            -0.0013592500472441316,
            0.9983369708061218,
            -0.057624198496341705,
            -0.0014399599749594927,
            0.05762229859828949,
            0.9983369708061218
        ],
        [
            0.0015960000455379486,
            0.37835800647735596,
            -0.25883200764656067,
            0.3183310031890869,
            0.027010099962353706,
            0.6546760201454163,
            -0.0,
            0.99795001745224,
            -0.06399329751729965,
            -0.0,
            0.06399329751729965,
            0.99795001745224
        ]
    ],
    "ops": [
        [
            0,
            0,
            2,
            1,
            0,
            0,
            1,
            0,
            0,
            1,
            1,
            2,
            1,
            0,
            2,
            0,
            0,
            1,
            1,
            1
        ]
    ],
    "syms": [
        [
            0.0,
            0.9996089935302734,
            0.009658070281147957,
            -0.02624629996716976,
            0.008510610088706017,
            -0.016565600410103798,
            0.06167399883270264,
            0.0
        ],
        [
            0.0,
            1.0,
            -6.489960089115345e-15,
            -5.282520128518497e-15,
            0.00853199977427721,
            -0.7646949887275696,
            0.5389969944953918,
            0.0
        ],
        [
            0.0,
            0.9994210004806519,
            -0.032261498272418976,
            0.010798100382089615,
            0.003875110065564513,
            0.20694400370121002,
            -0.26612401008605957,
            0.0
        ]
    ],
    "labels:": [
        [
            1,
            3,
            2,
            2,
            2,
            2,
            0,
            0,
            0
        ]
    ],
    "obj": 2504,
    "mat_index": 314,
    "obbs": "N 15\n0.00157373 0.380168 -0.227809 0.999998 0.00143996 0.00135925 -0.00143996 0.0576223 0.998337 0.00135925 -0.998337 0.0576242 0.644049 0.0381343 0.309798\n0.376286 -0.0130122 0.0520174 -0.0040648 -0.0567497 -0.99838 0.999971 0.0061573 -0.00442127 0.00639824 -0.998369 0.056723 0.58235 0.040217 0.147214\n-0.359265 -0.020119 0.0713305 1 0 0 0 1 0 0 0 1 0.03831 0.163642 0.613033\n0.008532 -0.047974 0.0619655 1 0 0 0 1 0 0 0 1 0.765876 0.117788 0.651989\n-0.359264 -0.764695 0.538997 1 -3.49336e-07 -2.81077e-07 3.49336e-07 0.214044 0.976824 -2.81077e-07 -0.976824 0.214044 0.044148 0.0254204 0.0368576\n0.376328 -0.764695 0.538997 -2.73388e-07 0.976824 -0.214044 -3.3978e-07 0.214044 0.976824 1 3.3978e-07 2.73388e-07 0.0368576 0.0254204 0.044148\n0.376328 -0.764695 -0.390034 1 -4.98014e-08 -6.22973e-08 4.98014e-08 -0.220208 0.975453 -6.22973e-08 -0.975453 -0.220208 0.044148 0.0254263 0.0368615\n-0.359264 -0.764695 -0.390034 1 3.97973e-08 4.97831e-08 -3.97973e-08 -0.220208 0.975453 4.97831e-08 -0.975453 -0.220208 0.044148 0.0254263 0.0368615\n0.001596 0.378358 -0.258832 1 0 0 -0 0.0639933 0.99795 0 -0.99795 0.0639933 0.654676 0.0270101 0.318331\n-0.262759 0.215551 -0.269005 -0.00355459 0.998807 -0.0487048 -0.00373212 0.0486915 0.998807 0.999987 0.00373212 0.00355459 0.53354 0.0249417 0.0578162\n0.270509 0.198337 -0.263243 0.999999 -0.000947797 -0.000891036 0.000947797 0.0616765 0.998096 -0.000891036 -0.998096 0.0616773 0.0564998 0.0336263 0.569044\n0.376232 -0.390402 0.442072 -0.00356812 0.970548 -0.24088 -0.00456191 0.240864 0.970548 0.999983 0.00456191 0.00356812 0.737113 0.0560657 0.0400208\n0.376416 -0.418877 -0.30535 -0.0113352 0.97538 0.22024 -0.00906064 -0.220345 0.97538 0.999895 0.00906064 0.0113352 0.675886 0.0367569 0.0456492\n-0.35923 -0.423977 -0.308415 -0.0202516 0.975007 0.22125 0.0256438 -0.220716 0.975001 0.999466 0.025419 -0.020533 0.663432 0.0336267 0.051008\n-0.359214 -0.415749 0.453171 0.99997 -0.00601852 -0.00480149 0.00601852 0.222132 0.974998 -0.00480149 -0.974998 0.222161 0.0407133 0.0383899 0.681851\nC 31\n0 10\n0 3\n0 8\n0 1\n0 9\n0 2\n1 3\n1 11\n1 10\n1 12\n1 8\n2 8\n2 9\n2 13\n2 3\n2 14\n3 11\n3 14\n3 10\n3 13\n3 9\n3 12\n3 8\n4 14\n5 11\n6 12\n7 13\n8 9\n8 10\n9 13\n10 12\nS 6\n2\n1 0.376286 -0.0130122 0.0520174\n2 -0.359265 -0.020119 0.0713305\n2\n0.00851061 -0.0165656 0.061674\n-0.999609 -0.00965807 0.0262463\n2\n4 -0.359264 -0.764695 0.538997\n5 0.376328 -0.764695 0.538997\n2\n0.008532 -0.764695 0.538997\n1 -6.48996e-15 -5.28252e-15\n2\n6 0.376328 -0.764695 -0.390034\n7 -0.359264 -0.764695 -0.390034\n2\n0.008532 -0.764695 -0.390034\n-1 6.48996e-15 8.5275e-15\n2\n9 -0.262759 0.215551 -0.269005\n10 0.270509 0.198337 -0.263243\n2\n0.00387511 0.206944 -0.266124\n0.999421 -0.0322615 0.0107981\n2\n11 0.376232 -0.390402 0.442072\n14 -0.359214 -0.415749 0.453171\n2\n0.0085086 -0.403075 0.447622\n-0.999293 -0.0344405 0.0150808\n2\n12 0.376416 -0.418877 -0.30535\n13 -0.35923 -0.423977 -0.308415\n2\n0.00859307 -0.421427 -0.306882\n-0.999967 -0.0069328 -0.00416565\nL 15\n0\n3\n3\n1\n2\n2\n2\n2\n0\n0\n0\n2\n2\n2\n2"
}