{
    "boxes": [
        [
            -0.01883229985833168,
            -0.10850399732589722,
            0.1649239957332611,
            0.12212000042200089,
            0.7561140060424805,
            0.7284650206565857,
            0.004431270062923431,
            0.9994959831237793,
            -0.03143420070409775,
            6.966439832467586e-05,
            0.03143420070409775,
            0.9995059967041016
        ],
        [
            -0.3802100121974945,
            0.028981300070881844,
            0.14994999766349792,
            0.3062340021133423,
            0.6812289953231812,
            0.12666800618171692,
            -0.3732289969921112,
            0.9258540272712708,
            -0.05911559984087944,
            -0.012757999822497368,
            0.058591898530721664,
            0.998199999332428
        ],
        [
            -0.011431500315666199,
            -0.47290700674057007,
            0.10904700309038162,
            0.5902090072631836,
            0.8149139881134033,
            0.8145930171012878,
            0.0,
            1.0,
            0.0,
            0.0,
            0.0,
            1.0
        ],
        [
            -0.2248470038175583,
            -0.6223329901695251,
            -0.10631900280714035,
            0.0859559029340744,
            0.06467100232839584,
            0.6070399880409241,
            -0.315650999546051,
            0.9142640233039856,
            -0.25394099950790405,
            -0.7094529867172241,
            -0.04967829957604408,
            0.703000009059906
        ],
        [
            -0.011398700065910816,
            0.20333999395370483,
            -0.22960099577903748,
            0.7128130197525024,
            0.2671149969100952,
            0.8798919916152954,
            -0.0019614100456237793,
            0.9907730221748352,
            -0.1355140060186386,
            -0.0022479400504380465,
            0.13550999760627747,
            0.9907730221748352
        ],
        [
            -0.011619499884545803,
            -0.07100860029459,
            -0.18019600212574005,
            0.17179299890995026,
            0.43753498792648315,
            0.12487100064754486,
            -1.6501100461531248e-16,
            0.7431449890136719,
            0.6691309809684753,
            1.4857700372158256e-16,
            -0.6691309809684753,
            0.7431449890136719
        ]
    ],
    "ops": [
        [
            0,
            0,
            2,
            1,
            0,
            0,
            2,
            1,
            1,
            0,
            0,
            1,
            1
        ]
    ],
    "syms": [
        [
            0.0,
            0.9998909831047058,
            -0.014132699929177761,
            0.004299649968743324,
            -0.01336860004812479,
            0.02379629947245121,
            0.15152700245380402,
            0.0
        ],
        [
            -1.0,
            0.0018886900506913662,
            0.999925971031189,
            0.0120387002825737,
            -0.009184650145471096,
            -0.624239981174469,
            0.11036200076341629,
            0.25
        ]
    ],
    "labels:": [
        [
            1,
            3,
            2,
            2,
            0,
            0
        ]
    ],
    "obj": 39337,
    "mat_index": 3155,
    "obbs": "N 10\n-0.0113987 0.20334 -0.229601 0.999996 0.00224794 0.00196141 -0.00224794 0.13551 0.990773 0.00196141 -0.990773 0.135514 0.879892 0.267115 0.712813\n0.353472 0.0186113 0.153105 0.361764 0.930619 -0.0554613 0.932008 -0.362431 -0.00214119 -0.0220935 -0.0509158 -0.998459 0.326989 0.12577 0.695192\n-0.38021 0.0289813 0.14995 -0.373229 0.925854 -0.0591156 0.927651 0.373312 -0.0100562 0.012758 -0.0585919 -0.9982 0.306234 0.126668 0.681229\n-0.0114315 -0.472907 0.109047 1 0 0 0 1 0 0 0 1 0.814593 0.590209 0.814914\n-0.224847 -0.622333 -0.106319 0.315651 -0.914264 0.253941 0.709453 0.0496783 -0.703 0.630112 0.402061 0.664308 0.0859559 0.064671 0.60704\n0.203524 -0.621005 -0.0996094 0.640378 -0.40281 -0.653958 0.70385 -0.0330321 0.70958 -0.307427 -0.914688 0.262365 0.616265 0.0674088 0.0857975\n0.202145 -0.628323 0.324146 -0.251878 -0.926047 -0.28106 0.721198 0.0140434 -0.692586 0.645315 -0.377147 0.664326 0.0904378 0.0553359 0.60053\n-0.217561 -0.6253 0.32323 0.664711 0.384437 -0.640599 0.686706 0.0233392 0.72656 0.294268 -0.922856 -0.248482 0.61581 0.0834308 0.0866685\n-0.0188323 -0.108504 0.164924 0.99999 -0.00443127 6.96644e-05 0.00443127 0.999496 -0.0314342 6.96644e-05 0.0314342 0.999506 0.728465 0.12212 0.756114\n-0.0116195 -0.0710086 -0.180196 -1.48577e-16 0.669131 -0.743145 1 2.22045e-16 0 1.65011e-16 -0.743145 -0.669131 0.437535 0.124871 0.171793\nC 26\n0 3\n0 8\n0 1\n0 9\n0 2\n1 3\n1 9\n1 8\n2 8\n2 9\n2 3\n3 7\n3 6\n3 9\n3 5\n3 8\n3 4\n4 7\n4 9\n4 5\n4 6\n5 9\n5 6\n5 7\n6 7\n8 9\nS 2\n2\n1 0.353472 0.0186113 0.153105\n2 -0.38021 0.0289813 0.14995\n2\n-0.0133686 0.0237963 0.151527\n-0.999891 0.0141327 -0.00429965\n4\n6 0.202145 -0.628323 0.324146\n5 0.203524 -0.621005 -0.0996094\n4 -0.224847 -0.622333 -0.106319\n7 -0.217561 -0.6253 0.32323\n3\n-0.00918465 -0.62424 0.110362\n-0.00188869 -0.999926 -0.0120387\nL 10\n0\n3\n3\n2\n2\n2\n2\n2\n1\n0"
}