{
    "boxes": [
        [
            0.019774800166487694,
            -0.14161700010299683,
            0.05016019940376282,
            0.2169560045003891,
            0.8878589868545532,
            0.9679949879646301,
            0.004784559831023216,
            0.9934279918670654,
            0.11435800045728683,
            -0.0002744790108408779,
            -0.11435800045728683,
            0.9934399724006653
        ],
        [
            -0.45892301201820374,
            0.08719850331544876,
            0.2988109886646271,
            0.35739800333976746,
            0.047110799700021744,
            0.07475460320711136,
            0.023075299337506294,
            0.984220027923584,
            -0.1754390001296997,
            -0.15946200489997864,
            0.17686200141906738,
            0.971231997013092
        ],
        [
            0.5003939867019653,
            0.04091620072722435,
            0.3073039948940277,
            0.4514169991016388,
            0.04727970063686371,
            0.07669989764690399,
            0.021619899198412895,
            0.984391987323761,
            -0.17465700209140778,
            -0.16103500127792358,
            0.17584599554538727,
            0.9711570143699646
        ],
        [
            -0.4565359950065613,
            0.016350900754332542,
            -0.35107699036598206,
            0.4093259871006012,
            0.04718850180506706,
            0.07274729758501053,
            0.01219599973410368,
            0.9835259914398193,
            0.1803549975156784,
            -0.07708340138196945,
            -0.17890700697898865,
            0.9808419942855835
        ],
        [
            -0.4586449861526489,
            0.24176299571990967,
            -0.025564899668097496,
            0.04718650132417679,
            0.6290979981422424,
            0.06515900045633316,
            -3.306329858787649e-07,
            0.9987729787826538,
            -0.049532201141119,
            -8.19351964054249e-09,
            0.049532201141119,
            0.9987729787826538
        ],
        [
            -0.4564340114593506,
            -0.45396101474761963,
            -0.4405899941921234,
            0.5773959755897522,
            0.04290049895644188,
            0.0798657014966011,
            -0.021952500566840172,
            0.9820929765701294,
            0.1871120035648346,
            0.025165900588035583,
            -0.18655499815940857,
            0.982122004032135
        ],
        [
            -0.4588170051574707,
            -0.3995339870452881,
            0.38698598742485046,
            0.6809539794921875,
            0.04820669814944267,
            0.06747040152549744,
            -0.0006329870084300637,
            0.9826710224151611,
            -0.185356006026268,
            -0.06387169659137726,
            0.1849379986524582,
            0.9806720018386841
        ],
        [
            0.01935029961168766,
            0.29398098587989807,
            -0.33581700921058655,
            0.6879510283470154,
            0.10447400063276291,
            0.8741210103034973,
            0.0027100099250674248,
            0.9730610251426697,
            -0.23053300380706787,
            0.0034270600881427526,
            0.2305230051279068,
            0.9730610251426697
        ],
        [
            0.011851999908685684,
            0.1741430014371872,
            -0.3092069923877716,
            0.06164899840950966,
            0.014677999541163445,
            0.962906002998352,
            0.0,
            1.0,
            0.0,
            0.0,
            0.0,
            1.0
        ]
    ],
    "ops": [
        [
            0,
            0,
            0,
            0,
            0,
            1,
            2,
            1,
            1,
            1,
            0,
            0,
            1,
            2,
            1,
            0,
            0,
            1,
            1
        ]
    ],
    "syms": [
        [
            0.0,
            0.9999079704284668,
            0.013327600434422493,
            0.0025162899401038885,
            0.020978299900889397,
            0.022715600207448006,
            -0.34987500309944153,
            0.0
        ],
        [
            0.0,
            0.9998440146446228,
            0.017337899655103683,
            0.0033391399774700403,
            0.020829200744628906,
            -0.4456849992275238,
            -0.4389970004558563,
            0.0
        ]
    ],
    "labels:": [
        [
            1,
            3,
            3,
            3,
            3,
            2,
            2,
            0,
            0
        ]
    ],
    "obj": 39344,
    "mat_index": 3158,
    "obbs": "N 13\n0.0193503 0.293981 -0.335817 0.99999 -0.00342706 -0.00271001 0.00342706 0.230523 0.973061 -0.00271001 -0.973061 0.230533 0.874121 0.104474 0.687951\n0.0197748 -0.141617 0.0501602 0.999989 -0.00478456 -0.000274479 0.00478456 0.993428 0.114358 -0.000274479 -0.114358 0.99344 0.967995 0.216956 0.887859\n0.498493 0.0290803 -0.348673 0.0201712 0.982846 0.183322 -0.0702504 -0.181513 0.980876 0.997325 -0.0326639 0.065384 0.383541 0.0458085 0.0750634\n0.500394 0.0409162 0.307304 0.0216199 0.984392 -0.174657 -0.161035 0.175846 0.971157 0.986712 0.00712956 0.162323 0.451417 0.0472797 0.0766999\n-0.456536 0.0163509 -0.351077 0.012196 0.983526 0.180355 -0.0770834 -0.178907 0.980842 0.99695 -0.0258647 0.0736316 0.409326 0.0471885 0.0727473\n-0.458923 0.0871985 0.298811 0.0230753 0.98422 -0.175439 -0.159462 0.176862 0.971232 0.986934 0.00556438 0.161027 0.357398 0.0471108 0.0747546\n0.500185 0.241759 -0.0255603 -0.000150611 -0.0493222 -0.998783 0.00610345 0.998764 -0.0493222 0.999981 -0.00610345 0.000150611 0.629103 0.0475757 0.0654784\n-0.458645 0.241763 -0.0255649 8.19352e-09 -0.0495322 -0.998773 -3.30633e-07 0.998773 -0.0495322 1 3.30633e-07 -8.19352e-09 0.629098 0.0471865 0.065159\n0.011852 0.174143 -0.309207 1 0 0 0 1 0 0 0 1 0.962906 0.061649 0.014678\n-0.456434 -0.453961 -0.44059 -0.0219525 0.982093 0.187112 0.0251659 -0.186555 0.982122 0.999442 0.0262689 -0.0206199 0.577396 0.0429005 0.0798657\n0.498092 -0.437408 -0.437403 0.9985 -0.00195926 -0.05471 0.0533276 -0.191131 0.980115 -0.0123771 -0.981563 -0.19074 0.0745647 0.0461267 0.610832\n0.500447 -0.44919 0.396089 -6.95687e-05 0.983371 -0.181608 -0.0629505 0.181243 0.981421 0.998017 0.0115006 0.0618911 0.579851 0.0456867 0.0671112\n-0.458817 -0.399534 0.386986 -0.000632987 0.982671 -0.185356 -0.0638717 0.184938 0.980672 0.997958 0.0124598 0.0626478 0.680954 0.0482067 0.0674704\nC 31\n0 7\n0 10\n0 4\n0 8\n0 1\n0 6\n0 9\n0 2\n1 3\n1 6\n1 11\n1 2\n1 5\n1 10\n1 4\n1 9\n1 12\n1 8\n1 7\n2 8\n2 6\n2 10\n3 11\n3 6\n4 7\n4 8\n4 9\n5 12\n5 7\n6 8\n7 8\nS 4\n2\n2 0.498493 0.0290803 -0.348673\n4 -0.456536 0.0163509 -0.351077\n2\n0.0209783 0.0227156 -0.349875\n-0.999908 -0.0133276 -0.00251629\n2\n6 0.500185 0.241759 -0.0255603\n7 -0.458645 0.241763 -0.0255649\n2\n0.0207697 0.241761 -0.0255626\n-1 3.28667e-06 -4.8455e-06\n2\n9 -0.456434 -0.453961 -0.44059\n10 0.498092 -0.437408 -0.437403\n2\n0.0208292 -0.445685 -0.438997\n0.999844 0.0173379 0.00333914\n2\n11 0.500447 -0.44919 0.396089\n12 -0.458817 -0.399534 0.386986\n2\n0.0208148 -0.424362 0.391538\n-0.998618 0.0516937 -0.00947654\nL 13\n0\n1\n3\n3\n3\n3\n3\n3\n0\n2\n2\n2\n2"
}