{
    "boxes": [
        [
            0.0014634999679401517,
            -0.06634099781513214,
            0.16144999861717224,
            0.16662000119686127,
            0.7189270257949829,
            0.8108090162277222,
            -7.377610078407315e-09,
            0.9983760118484497,
            -0.05697150155901909,
            -2.103280050125278e-10,
            0.05697150155901909,
            0.9983760118484497
        ],
        [
            0.45487600564956665,
            -0.5024219751358032,
            -0.2003609985113144,
            0.6830999851226807,
            0.05414380133152008,
            0.044536300003528595,
            -0.007526380009949207,
            0.945281982421875,
            0.3261680006980896,
            -0.6146929860115051,
            -0.26164698600769043,
            0.7441059947013855
        ],
        [
            -0.4510990083217621,
            -0.499083012342453,
            -0.19970999658107758,
            0.6890559792518616,
            0.04446449875831604,
            0.03992310166358948,
            0.002425380051136017,
            0.9534839987754822,
            0.3014349937438965,
            -0.25321099162101746,
            -0.2910270094871521,
            0.9225980043411255
        ],
        [
            -0.45154300332069397,
            -0.5021690130233765,
            0.2778320014476776,
            0.6832590103149414,
            0.04509510099887848,
            0.04510359838604927,
            -0.010494899936020374,
            0.9518560171127319,
            -0.30636700987815857,
            0.6895409822463989,
            0.2287749946117401,
            0.6871650218963623
        ],
        [
            0.0014634999679401517,
            0.25846898555755615,
            -0.24017000198364258,
            0.5777699947357178,
            0.13059300184249878,
            0.8108090162277222,
            -5.28360999396682e-08,
            0.9487519860267639,
            -0.31602001190185547,
            -7.328929996219813e-08,
            0.31602001190185547,
            0.9487519860267639
        ],
        [
            -0.4194909930229187,
            0.11668799817562103,
            -0.1520020067691803,
            0.30240800976753235,
            0.04671350121498108,
            0.04146920144557953,
            0.025972900912165642,
            0.9553800225257874,
            -0.2942360043525696,
            0.1057410016655922,
            0.2900579869747162,
            0.9511489868164062
        ],
        [
            -0.4245719909667969,
            -0.052335500717163086,
            0.07056699693202972,
            0.10084900259971619,
            0.3803440034389496,
            0.04345399886369705,
            0.0,
            1.0,
            0.0,
            0.0,
            0.0,
            1.0
        ]
    ],
    "ops": [
        [
            0,
            0,
            2,
            0,
            0,
            1,
            1,
            1,
            0,
            0,
            0,
            1,
            2,
            1,
            1
        ]
    ],
    "syms": [
        [
            0.0,
            0.0014295600121840835,
            -0.008343789726495743,
            0.9999639987945557,
            0.45521900057792664,
            -0.5044209957122803,
            0.03924110159277916,
            0.0
        ],
        [
            0.0,
            0.999987006187439,
            0.001467940048314631,
            0.004808930214494467,
            0.0012015800457447767,
            0.11730500310659409,
            -0.14997899532318115,
            0.0
        ]
    ],
    "labels:": [
        [
            1,
            2,
            2,
            2,
            0,
            0,
            0
        ]
    ],
    "obj": 39360,
    "mat_index": 3169,
    "obbs": "N 10\n0.0014635 0.258469 -0.24017 1 7.32893e-08 5.28361e-08 -7.32893e-08 0.31602 0.948752 5.28361e-08 -0.948752 0.31602 0.810809 0.130593 0.57777\n0.0014635 -0.066341 0.16145 1 7.37761e-09 -2.10328e-10 -7.37761e-09 0.998376 -0.0569715 -2.10328e-10 0.0569715 0.998376 0.810809 0.16662 0.718927\n0.421894 0.117923 -0.147955 0.00401299 0.954567 -0.297971 -0.206357 0.29235 0.933782 0.978468 0.0577413 0.198155 0.30251 0.0539495 0.0411383\n-0.419491 0.116688 -0.152002 0.994054 -0.0558169 -0.0934893 0.105741 0.290058 0.951149 -0.0259729 -0.95538 0.294236 0.0414692 0.0467135 0.302408\n-0.451099 -0.499083 -0.19971 -0.00242538 -0.953484 -0.301435 0.967408 -0.0785643 0.240727 -0.253211 -0.291027 0.922598 0.689056 0.0399231 0.0444645\n-0.451543 -0.502169 0.277832 0.724171 -0.20404 -0.658744 0.689541 0.228775 0.687165 0.0104949 -0.951856 0.306367 0.0451036 0.0450951 0.683259\n0.455561 -0.506421 0.278843 -0.0098756 -0.956292 0.292245 0.903827 -0.133567 -0.406519 0.427785 0.260124 0.865642 0.673494 0.0408355 0.0508165\n0.454876 -0.502422 -0.200361 0.614693 0.261647 -0.744106 0.788731 -0.194893 0.583027 0.00752638 -0.945282 -0.326168 0.0541438 0.0445363 0.6831\n-0.424572 -0.0523355 0.070567 1 0 0 0 1 0 0 0 1 0.043454 0.100849 0.380344\n0.428644 -0.051904 0.070158 1 0 0 0 1 0 0 0 1 0.045744 0.09281 0.381198\nC 25\n0 7\n0 3\n0 4\n0 8\n0 1\n0 9\n0 2\n1 3\n1 6\n1 2\n1 5\n1 4\n1 9\n1 8\n1 7\n2 9\n2 7\n3 8\n3 4\n4 8\n4 5\n5 8\n6 9\n6 7\n7 9\nS 3\n2\n2 0.421894 0.117923 -0.147955\n3 -0.419491 0.116688 -0.152002\n2\n0.00120158 0.117305 -0.149979\n-0.999987 -0.00146794 -0.00480893\n2\n6 0.455561 -0.506421 0.278843\n7 0.454876 -0.502422 -0.200361\n2\n0.455219 -0.504421 0.0392411\n-0.00142956 0.00834379 -0.999964\n2\n8 -0.424572 -0.0523355 0.070567\n9 0.428644 -0.051904 0.070158\n2\n0.002036 -0.0521197 0.0703625\n1 0.000505733 -0.000479363\nL 10\n0\n1\n0\n0\n2\n2\n2\n2\n0\n0"
}