{
    "boxes": [
        [
            0.0014576900284737349,
            -0.07164780050516129,
            0.16621600091457367,
            0.11381600052118301,
            0.804639995098114,
            0.8104770183563232,
            1.5689600331825204e-05,
            0.996707022190094,
            -0.08109089732170105,
            6.371899985424534e-07,
            0.08109089732170105,
            0.996707022190094
        ],
        [
            0.0008105000015348196,
            -0.2913059890270233,
            -0.15955600142478943,
            0.013968000188469887,
            0.014751000329852104,
            0.5338510274887085,
            0.0,
            1.0,
            0.0,
            0.0,
            0.0,
            1.0
        ],
        [
            -0.3392679989337921,
            -0.8083570003509521,
            -0.17959600687026978,
            0.01701500080525875,
            0.09002900123596191,
            0.02405799925327301,
            0.0,
            1.0,
            0.0,
            0.0,
            0.0,
            1.0
        ],
        [
            -0.29151400923728943,
            -0.4548160135746002,
            -0.19443799555301666,
            0.6701809763908386,
            0.042622800916433334,
            0.016642499715089798,
            0.13954299688339233,
            0.9552760124206543,
            0.26072099804878235,
            -0.174904003739357,
            -0.23537899553775787,
            0.9560359716415405
        ],
        [
            -0.3478679955005646,
            -0.7863709926605225,
            0.12602399289608002,
            0.047348201274871826,
            0.8088899850845337,
            0.018089400604367256,
            0.16408300399780273,
            0.9862340092658997,
            0.020462699234485626,
            -0.020462699234485626,
            -0.017336400225758553,
            0.9996399879455566
        ],
        [
            -0.3524380028247833,
            -0.8062790036201477,
            0.43225398659706116,
            0.02165200002491474,
            0.09052500128746033,
            0.024988999590277672,
            0.0,
            1.0,
            0.0,
            0.0,
            0.0,
            1.0
        ],
        [
            -0.30123499035835266,
            -0.4350619912147522,
            0.47341400384902954,
            0.695048987865448,
            0.0346979983150959,
            0.01863650046288967,
            0.14253300428390503,
            0.9757310152053833,
            -0.16623200476169586,
            0.2938770055770874,
            0.1186550036072731,
            0.9484500288963318
        ],
        [
            -0.0006929620285518467,
            0.3024899959564209,
            -0.2153020054101944,
            0.5346930027008057,
            0.08554539829492569,
            0.5596879720687866,
            0.00044512300519272685,
            0.9858480095863342,
            -0.16763900220394135,
            0.0005272030248306692,
            0.16763800382614136,
            0.9858480095863342
        ],
        [
            0.0017769800033420324,
            0.26523199677467346,
            -0.2514359951019287,
            0.6740779876708984,
            0.09709429740905762,
            0.6391940116882324,
            0.0015265699476003647,
            0.9911059737205505,
            -0.13306699693202972,
            0.0017452200409024954,
            0.13306400179862976,
            0.9911059737205505
        ]
    ],
    "ops": [
        [
            0,
            0,
            0,
            0,
            1,
            2,
            1,
            0,
            0,
            0,
            1,
            1,
            2,
            1,
            1,
            0,
            0,
            1,
            1
        ]
    ],
    "syms": [
        [
            0.0,
            1.0,
            1.1007899956894107e-05,
            0.0,
            0.0013955000322312117,
            -0.8083530068397522,
            -0.17959600687026978,
            0.0
        ],
        [
            0.0,
            0.9999920129776001,
            9.059879812411964e-05,
            0.0039952402003109455,
            -0.0014964500442147255,
            -0.7863389849662781,
            0.1274079978466034,
            0.0
        ]
    ],
    "labels:": [
        [
            1,
            2,
            2,
            2,
            2,
            2,
            2,
            0,
            0
        ]
    ],
    "obj": 39461,
    "mat_index": 3217,
    "obbs": "N 14\n-0.000692962 0.30249 -0.215302 1 -0.000527203 -0.000445123 0.000527203 0.167638 0.985848 -0.000445123 -0.985848 0.167639 0.559688 0.0855454 0.534693\n0.00145769 -0.0716478 0.166216 1 -1.56896e-05 6.3719e-07 1.56896e-05 0.996707 -0.0810909 6.3719e-07 0.0810909 0.996707 0.810477 0.113816 0.80464\n0.0008105 -0.291306 -0.159556 1 0 0 0 1 0 0 0 1 0.533851 0.013968 0.014751\n-0.352438 -0.806279 0.432254 1 0 0 0 1 0 0 0 1 0.024989 0.021652 0.090525\n-0.339268 -0.808357 -0.179596 1 0 0 0 1 0 0 0 1 0.024058 0.017015 0.090029\n0.355417 -0.806279 0.432254 1 0 0 0 1 0 0 0 1 0.024989 0.021652 0.090525\n0.342059 -0.808349 -0.179596 1 0 0 0 1 0 0 0 1 0.024058 0.01703 0.090029\n0.00177698 0.265232 -0.251436 0.999997 -0.00174522 -0.00152657 0.00174522 0.133064 0.991106 -0.00152657 -0.991106 0.133067 0.639194 0.0970943 0.674078\n0.301268 -0.43568 0.47356 -0.136925 0.977492 -0.1605 0.955899 0.172883 0.23742 0.259824 -0.120913 -0.958056 0.702597 0.0187154 0.0308201\n-0.301235 -0.435062 0.473414 -0.293877 -0.118655 -0.94845 0.945156 -0.184037 -0.269833 -0.142533 -0.975731 0.166232 0.034698 0.0186365 0.695049\n0.292697 -0.462914 -0.19724 0.137174 -0.962065 -0.235826 0.918657 0.212604 -0.33297 0.370476 -0.170968 0.912972 0.666371 0.0196913 0.0311488\n-0.291514 -0.454816 -0.194438 -0.139543 -0.955276 -0.260721 0.974647 -0.179009 0.134236 -0.174904 -0.235379 0.956036 0.670181 0.0166425 0.0426228\n0.344875 -0.786308 0.128792 0.198401 -0.980007 0.0149419 0.980007 0.198122 -0.0182674 0.0149419 0.0182674 0.999721 0.0485836 0.0177822 0.804003\n-0.347868 -0.786371 0.126024 0.0204627 0.0173364 -0.99964 0.986234 -0.164443 0.0173364 -0.164083 -0.986234 -0.0204627 0.80889 0.0180894 0.0473482\nC 27\n0 7\n0 10\n0 11\n0 1\n1 11\n1 2\n1 10\n1 9\n1 8\n1 7\n2 10\n2 7\n2 11\n3 13\n3 9\n4 13\n4 11\n5 8\n5 12\n6 10\n6 12\n7 11\n7 10\n8 12\n9 13\n10 12\n11 13\nS 5\n2\n3 -0.352438 -0.806279 0.432254\n5 0.355417 -0.806279 0.432254\n2\n0.0014895 -0.806279 0.432254\n1 0 0\n2\n4 -0.339268 -0.808357 -0.179596\n6 0.342059 -0.808349 -0.179596\n2\n0.0013955 -0.808353 -0.179596\n1 1.10079e-05 0\n2\n8 0.301268 -0.43568 0.47356\n9 -0.301235 -0.435062 0.473414\n2\n1.66917e-05 -0.435371 0.473487\n-0.999999 0.00102556 -0.000242163\n2\n10 0.292697 -0.462914 -0.19724\n11 -0.291514 -0.454816 -0.194438\n2\n0.000591293 -0.458865 -0.195839\n-0.999892 0.0138594 0.00479585\n2\n12 0.344875 -0.786308 0.128792\n13 -0.347868 -0.786371 0.126024\n2\n-0.00149645 -0.786339 0.127408\n-0.999992 -9.05988e-05 -0.00399524\nL 14\n0\n1\n2\n2\n2\n2\n2\n0\n2\n2\n2\n2\n2\n2"
}