{
    "boxes": [
        [
            0.0028005000203847885,
            -0.046968501061201096,
            0.14012600481510162,
            0.1602189987897873,
            0.7652869820594788,
            0.788437008857727,
            0.0,
            1.0,
            0.0,
            0.0,
            0.0,
            1.0
        ],
        [
            -0.37122300267219543,
            -0.4114750027656555,
            0.504925012588501,
            0.7349690198898315,
            0.040734998881816864,
            0.041877999901771545,
            0.07692980021238327,
            0.9969969987869263,
            0.008865679614245892,
            -0.0274944007396698,
            -0.006767299957573414,
            0.9995989799499512
        ],
        [
            -0.38313499093055725,
            -0.426254004240036,
            -0.2381809949874878,
            0.720458984375,
            0.04796219989657402,
            0.050619401037693024,
            0.033508799970149994,
            0.959568977355957,
            0.2794710099697113,
            0.1809370070695877,
            -0.2808319926261902,
            0.9425470232963562
        ],
        [
            -0.39846301078796387,
            -0.7711949944496155,
            0.0840654969215393,
            0.033702999353408813,
            0.8317670226097107,
            0.04140099883079529,
            0.0,
            1.0,
            0.0,
            0.0,
            0.0,
            1.0
        ],
        [
            0.002469779923558235,
            0.3270930051803589,
            -0.2798280119895935,
            0.6830539703369141,
            0.07987459748983383,
            0.7815269827842712,
            0.0004621960106305778,
            0.9797260165214539,
            -0.20034000277519226,
            0.000566272996366024,
            0.20034000277519226,
            0.9797260165214539
        ]
    ],
    "ops": [
        [
            0,
            0,
            0,
            0,
            1,
            1,
            2,
            1,
            0,
            1
        ]
    ],
    "syms": [
        [
            0.0,
            0.9997550249099731,
            -0.022044699639081955,
            0.0020188400521874428,
            0.002627739915624261,
            -0.4197179973125458,
            0.5056800246238708,
            0.0
        ]
    ],
    "labels:": [
        [
            1,
            2,
            2,
            2,
            0
        ]
    ],
    "obj": 39494,
    "mat_index": 3230,
    "obbs": "N 8\n0.00246978 0.327093 -0.279828 1 -0.000566273 -0.000462196 0.000566273 0.20034 0.979726 -0.000462196 -0.979726 0.20034 0.781527 0.0798746 0.683054\n0.0028005 -0.0469685 0.140126 1 0 0 0 1 0 0 0 1 0.788437 0.160219 0.765287\n0.387288 -0.431172 -0.242822 0.998963 0.0272848 0.0364389 -0.0272848 -0.281871 0.959064 0.0364389 -0.959064 -0.280834 0.0470803 0.0353732 0.699667\n0.376479 -0.427962 0.506435 -0.0871099 0.996164 0.00826697 -0.0860643 -0.0157929 0.996164 0.992474 0.0860643 0.0871099 0.7123 0.037677 0.0502177\n-0.371223 -0.411475 0.504925 0.0769298 0.996997 0.00886568 -0.0274944 -0.0067673 0.999599 0.996657 -0.0771427 0.0268913 0.734969 0.040735 0.041878\n-0.383135 -0.426254 -0.238181 0.982924 0.0189831 -0.183032 0.180937 -0.280832 0.942547 -0.0335088 -0.959569 -0.279471 0.0506194 0.0479622 0.720459\n0.403551 -0.76913 0.08161 1 0 0 0 1 0 0 0 1 0.040186 0.037707 0.838272\n-0.398463 -0.771195 0.0840655 1 0 0 0 1 0 0 0 1 0.041401 0.033703 0.831767\nC 11\n0 1\n0 5\n0 2\n1 2\n1 3\n1 4\n1 5\n2 6\n3 6\n4 7\n5 7\nS 3\n2\n2 0.387288 -0.431172 -0.242822\n5 -0.383135 -0.426254 -0.238181\n2\n0.00207648 -0.428713 -0.240502\n-0.999961 0.00638265 0.00602392\n2\n3 0.376479 -0.427962 0.506435\n4 -0.371223 -0.411475 0.504925\n2\n0.00262774 -0.419718 0.50568\n-0.999755 0.0220447 -0.00201884\n2\n6 0.403551 -0.76913 0.08161\n7 -0.398463 -0.771195 0.0840655\n2\n0.00254375 -0.770162 0.0828378\n-0.999992 -0.00257475 0.00306164\nL 8\n0\n1\n2\n2\n2\n2\n2\n2"
}