{
    "boxes": [
        [
            0.0007561789825558662,
            0.06105180084705353,
            -0.027193300426006317,
            0.17914600670337677,
            0.7763850092887878,
            0.7272480130195618,
            0.017148299142718315,
            0.9944000244140625,
            0.10428299754858017,
            -0.0008966469904407859,
            -0.10428299754858017,
            0.9945470094680786
        ],
        [
            0.3489620089530945,
            0.3532170057296753,
            0.026868900284171104,
            0.5176860094070435,
            1.3535300493240356,
            0.8602520227432251,
            -0.6176469922065735,
            0.7048019766807556,
            0.34894999861717224,
            -0.31673601269721985,
            -0.6290490031242371,
            0.7099130153656006
        ],
        [
            -0.45801201462745667,
            0.215828999876976,
            0.017624499276280403,
            0.5179240107536316,
            1.0860999822616577,
            0.20078200101852417,
            -0.6149349808692932,
            0.7783070206642151,
            0.12686100602149963,
            -0.12686100602149963,
            -0.256415992975235,
            0.958204984664917
        ],
        [
            -0.010014999657869339,
            -0.2624579966068268,
            0.1348239928483963,
            0.6669009923934937,
            1.0214799642562866,
            1.2419699430465698,
            0.0,
            1.0,
            0.0,
            0.0,
            0.0,
            1.0
        ],
        [
            -0.0038053300231695175,
            0.4267660081386566,
            -0.42309999465942383,
            0.6762400269508362,
            0.2465440034866333,
            1.031849980354309,
            -0.016584500670433044,
            0.9510409832000732,
            -0.3086180090904236,
            0.04921019822359085,
            0.30906298756599426,
            0.949766993522644
        ]
    ],
    "ops": [
        [
            0,
            0,
            0,
            1,
            1,
            0,
            1,
            0,
            1
        ]
    ],
    "syms": [
        [
            0.0,
            0.0,
            0.0,
            0.0,
            0.0,
            0.0,
            0.0,
            0.0
        ]
    ],
    "labels:": [
        [
            1,
            3,
            3,
            2,
            0
        ]
    ],
    "obj": 39512,
    "mat_index": 3239,
    "obbs": "N 5\n-0.00380533 0.426766 -0.4231 0.998651 0.000564237 -0.0519266 0.0492102 0.309063 0.949767 0.0165845 -0.951041 0.308618 1.03185 0.246544 0.67624\n0.348962 0.353217 0.0268689 0.316736 0.629049 -0.709913 -0.617647 0.704802 0.34895 0.719855 0.327951 0.611766 1.35353 0.517686 0.860252\n-0.458012 0.215829 0.0176245 0.614935 -0.778307 -0.126861 0.778307 0.57314 0.256416 -0.126861 -0.256416 0.958205 0.517924 0.200782 1.0861\n0.000756179 0.0610518 -0.0271933 0.999853 -0.0171483 -0.000896647 0.0171483 0.9944 0.104283 -0.000896647 -0.104283 0.994547 0.727248 0.179146 0.776385\n-0.010015 -0.262458 0.134824 1 0 0 0 1 0 0 0 1 1.24197 0.666901 1.02148\nC 10\n0 1\n0 4\n0 3\n0 2\n1 2\n1 3\n1 4\n2 4\n2 3\n3 4\nS 0\nL 5\n0\n3\n3\n1\n2"
}