{
    "boxes": [
        [
            -0.011529999785125256,
            -0.12040399760007858,
            0.13415199518203735,
            0.2129649966955185,
            0.9171440005302429,
            0.9626690149307251,
            0.007482099812477827,
            0.9999390244483948,
            -0.008185889571905136,
            -0.052303899079561234,
            0.008566250093281269,
            0.9985939860343933
        ],
        [
            -0.46478500962257385,
            -0.4565429985523224,
            0.5119680166244507,
            0.5271660089492798,
            0.1133359968662262,
            0.11053299903869629,
            0.0,
            1.0,
            0.0,
            0.0,
            0.0,
            1.0
        ],
        [
            -0.4122839868068695,
            -0.45450401306152344,
            -0.2914249897003174,
            0.5261369943618774,
            0.1155799999833107,
            0.12711599469184875,
            0.0,
            1.0,
            0.0,
            0.0,
            0.0,
            1.0
        ],
        [
            0.007303030230104923,
            0.08404500037431717,
            -0.1801690012216568,
            0.3124609887599945,
            0.11570700258016586,
            0.9628069996833801,
            0.016864700242877007,
            0.9468799829483032,
            -0.3211449980735779,
            -0.04950819909572601,
            0.32158800959587097,
            0.9455850124359131
        ],
        [
            0.013729400001466274,
            0.35050100088119507,
            -0.2556680142879486,
            0.8021559715270996,
            0.15241199731826782,
            0.9667189717292786,
            -0.0008547769975848496,
            0.9993630051612854,
            0.03568030148744583,
            -0.05132570117712021,
            -0.03567710146307945,
            0.9980440139770508
        ]
    ],
    "ops": [
        [
            0,
            0,
            0,
            1,
            2,
            1,
            0,
            0,
            1,
            1
        ]
    ],
    "syms": [
        [
            0.0,
            0.9988110065460205,
            0.015076199546456337,
            0.0463699996471405,
            -0.03951999917626381,
            -0.45012399554252625,
            0.5317109823226929,
            0.0
        ]
    ],
    "labels:": [
        [
            1,
            2,
            2,
            0,
            0
        ]
    ],
    "obj": 39523,
    "mat_index": 3248,
    "obbs": "N 7\n0.00730303 0.084045 -0.180169 -0.998631 4.77313e-05 -0.0523018 -0.0495082 0.321588 0.945585 0.0168647 0.94688 -0.321145 0.962807 0.115707 0.312461\n-0.01153 -0.120404 0.134152 0.0523039 -0.00856625 -0.998594 0.0074821 0.999939 -0.00818589 0.998603 -0.00704343 0.0523648 0.917144 0.212965 0.962669\n0.0137294 0.350501 -0.255668 -0.000854777 0.999363 0.0356803 -0.0513257 -0.0356771 0.998044 0.998682 -0.000978212 0.0513235 0.802156 0.152412 0.966719\n-0.464785 -0.456543 0.511968 1 0 0 0 1 0 0 0 1 0.110533 0.527166 0.113336\n0.385744 -0.443705 0.551454 1 0 0 0 1 0 0 0 1 0.124173 0.50131 0.12862\n0.425937 -0.441498 -0.238564 1 0 0 0 1 0 0 0 1 0.129213 0.500725 0.127901\n-0.412284 -0.454504 -0.291425 1 0 0 0 1 0 0 0 1 0.127116 0.526137 0.11558\nC 11\n0 1\n0 6\n0 5\n0 2\n1 2\n1 3\n1 4\n1 5\n1 6\n2 6\n2 5\nS 2\n2\n3 -0.464785 -0.456543 0.511968\n4 0.385744 -0.443705 0.551454\n2\n-0.03952 -0.450124 0.531711\n0.998811 0.0150762 0.04637\n2\n5 0.425937 -0.441498 -0.238564\n6 -0.412284 -0.454504 -0.291425\n2\n0.00682675 -0.448001 -0.264995\n-0.997898 -0.0154824 -0.0629301\nL 7\n0\n1\n0\n2\n2\n2\n2"
}