{
    "boxes": [
        [
            0.008143999613821507,
            -0.04008150100708008,
            0.0926010012626648,
            0.11653900146484375,
            0.7645999789237976,
            0.6307560205459595,
            0.0,
            1.0,
            0.0,
            0.0,
            0.0,
            1.0
        ],
        [
            -0.19350400567054749,
            -0.416934996843338,
            -0.1247519999742508,
            0.7504410147666931,
            0.1187169998884201,
            0.1187169998884201,
            0.0,
            1.0,
            0.0,
            0.0,
            0.0,
            1.0
        ],
        [
            -0.19350400567054749,
            -0.416934996843338,
            0.34250399470329285,
            0.7504410147666931,
            0.1187169998884201,
            0.1187169998884201,
            0.0,
            1.0,
            0.0,
            0.0,
            0.0,
            1.0
        ],
        [
            -0.07585799694061279,
            0.47128400206565857,
            -0.23035800457000732,
            0.9061930179595947,
            0.04604699835181236,
            0.04257800057530403,
            0.0,
            1.0,
            0.0,
            0.0,
            0.0,
            1.0
        ],
        [
            -0.00839999970048666,
            0.47128400206565857,
            -0.2358819991350174,
            0.9061930179595947,
            0.043820999562740326,
            0.034609999507665634,
            0.0,
            1.0,
            0.0,
            0.0,
            0.0,
            1.0
        ],
        [
            0.013125999830663204,
            0.9219790101051331,
            -0.20373299717903137,
            0.09617999941110611,
            0.1223360002040863,
            0.589169979095459,
            0.0,
            1.0,
            0.0,
            0.0,
            0.0,
            1.0
        ],
        [
            -0.21884599328041077,
            0.47128498554229736,
            -0.18918099999427795,
            0.9068470001220703,
            0.04778030142188072,
            0.08239609748125076,
            0.007824599742889404,
            0.9999560117721558,
            -0.005186430178582668,
            0.5524880290031433,
            1.1102199806005023e-16,
            0.8335210084915161
        ],
        [
            -0.13140299916267395,
            0.47128400206565857,
            -0.2191309928894043,
            0.9065840244293213,
            0.05214500054717064,
            0.04136170074343681,
            -0.0027424900326877832,
            0.9999480247497559,
            -0.009832499548792839,
            0.2686519920825958,
            0.010207800194621086,
            0.9631829857826233
        ]
    ],
    "ops": [
        [
            0,
            0,
            0,
            1,
            2,
            1,
            0,
            0,
            1,
            2,
            0,
            0,
            0,
            1,
            2,
            1,
            1,
            1
        ]
    ],
    "syms": [
        [
            0.0,
            1.0,
            -0.0,
            -0.0,
            0.018884500488638878,
            -0.416934996843338,
            -0.1247519999742508,
            0.0
        ],
        [
            0.0,
            0.9997270107269287,
            0.0,
            0.023379800841212273,
            0.02258479967713356,
            0.47128400206565857,
            -0.22805599868297577,
            0.0
        ],
        [
            0.0,
            0.9999979734420776,
            1.2167199656687444e-06,
            0.0017554699443280697,
            0.009798429906368256,
            0.47128498554229736,
            -0.18877899646759033,
            0.0
        ]
    ],
    "labels:": [
        [
            1,
            2,
            2,
            0,
            0,
            0,
            0,
            0
        ]
    ],
    "obj": 39606,
    "mat_index": 3290,
    "obbs": "N 14\n0.013126 0.921979 -0.203733 1 0 0 0 1 0 0 0 1 0.58917 0.09618 0.122336\n0.008144 -0.0400815 0.092601 1 0 0 0 1 0 0 0 1 0.630756 0.116539 0.7646\n0.121028 0.471284 -0.225754 -0.000457334 0.999991 0.00418193 0.994073 2.22045e-16 0.108711 0.10871 0.00420686 -0.994065 0.906373 0.0347561 0.0484843\n0.056982 0.471284 -0.234291 1 0 0 0 1 0 0 0 1 0.030286 0.906193 0.044175\n-0.0084 0.471284 -0.235882 1 0 0 0 1 0 0 0 1 0.03461 0.906193 0.043821\n-0.075858 0.471284 -0.230358 1 0 0 0 1 0 0 0 1 0.042578 0.906193 0.046047\n-0.131403 0.471284 -0.219131 -0.268652 -0.0102078 -0.963183 0.963234 0 -0.268666 0.00274249 -0.999948 0.0098325 0.052145 0.0413617 0.906584\n-0.218846 0.471285 -0.189181 0.0078246 0.999956 -0.00518643 0.552488 1.11022e-16 0.833521 0.833484 -0.0093874 -0.552464 0.906847 0.0477803 0.0823961\n0.238442 0.471285 -0.188378 0.0100876 0.999929 0.00629645 -0.534628 7.20749e-05 0.845088 0.845027 -0.0118912 0.534591 0.906923 0.0462942 0.0776317\n0.173607 0.471285 -0.213073 -0.0038553 0.999958 0.00827403 0.948214 0.00102761 0.31763 0.317609 0.00907011 -0.948179 0.906558 0.0279232 0.0498909\n0.231274 -0.416935 -0.124752 1 0 0 0 1 0 0 0 1 0.118717 0.750441 0.118717\n0.217115 -0.416935 0.342504 1 0 0 0 1 0 0 0 1 0.118717 0.750441 0.118717\n-0.193504 -0.416935 0.342504 1 0 0 0 1 0 0 0 1 0.118717 0.750441 0.118717\n-0.193504 -0.416935 -0.124752 1 0 0 0 1 0 0 0 1 0.118717 0.750441 0.118717\nC 55\n0 2\n0 7\n0 3\n0 4\n0 5\n0 8\n0 6\n0 9\n1 3\n1 6\n1 11\n1 2\n1 5\n1 10\n1 13\n1 4\n1 9\n1 12\n1 8\n1 7\n2 8\n2 5\n2 9\n2 13\n2 6\n2 10\n2 3\n2 4\n3 7\n3 10\n3 6\n3 13\n3 9\n3 5\n3 8\n3 4\n4 7\n4 8\n4 9\n4 13\n4 10\n4 5\n4 6\n5 9\n5 6\n5 13\n5 8\n5 10\n5 7\n6 7\n6 13\n7 13\n8 9\n8 10\n9 10\nS 6\n2\n7 -0.218846 0.471285 -0.189181\n8 0.238442 0.471285 -0.188378\n2\n0.00979843 0.471285 -0.188779\n0.999998 1.21672e-06 0.00175547\n2\n6 -0.131403 0.471284 -0.219131\n9 0.173607 0.471285 -0.213073\n2\n0.0211017 0.471285 -0.216102\n0.999803 2.49243e-07 0.0198591\n2\n5 -0.075858 0.471284 -0.230358\n2 0.121028 0.471284 -0.225754\n2\n0.0225848 0.471284 -0.228056\n0.999727 0 0.0233798\n2\n4 -0.0084 0.471284 -0.235882\n3 0.056982 0.471284 -0.234291\n2\n0.024291 0.471284 -0.235086\n0.999704 0 0.0243267\n2\n10 0.231274 -0.416935 -0.124752\n13 -0.193504 -0.416935 -0.124752\n2\n0.0188845 -0.416935 -0.124752\n-1 0 0\n2\n11 0.217115 -0.416935 0.342504\n12 -0.193504 -0.416935 0.342504\n2\n0.011805 -0.416935 0.342504\n-1 0 0\nL 14\n0\n1\n0\n0\n0\n0\n0\n0\n0\n0\n2\n2\n2\n2"
}