{
    "boxes": [
        [
            -0.008088000118732452,
            -0.0788315013051033,
            0.11719799786806107,
            0.1719370037317276,
            0.8078979849815369,
            0.8714339733123779,
            0.0,
            1.0,
            0.0,
            0.0,
            0.0,
            1.0
        ],
        [
            -0.008055499754846096,
            -0.8164010047912598,
            -0.2942019999027252,
            0.04538699984550476,
            0.09639900177717209,
            0.7970889806747437,
            0.0,
            1.0,
            0.0,
            0.0,
            0.0,
            1.0
        ],
        [
            -0.400054007768631,
            -0.47157201170921326,
            0.4531500041484833,
            0.7120050191879272,
            0.1013140007853508,
            0.045667000114917755,
            0.0,
            1.0,
            0.0,
            0.0,
            0.0,
            1.0
        ],
        [
            0.37306201457977295,
            -0.8088809847831726,
            0.06948850303888321,
            0.060426998883485794,
            0.7260730266571045,
            0.06683500111103058,
            0.0,
            1.0,
            0.0,
            0.0,
            0.0,
            1.0
        ],
        [
            -0.009242000058293343,
            0.40171200037002563,
            -0.26779699325561523,
            0.47059398889541626,
            0.12462300062179565,
            0.8681719899177551,
            3.5015099708601838e-09,
            0.9925730228424072,
            -0.12165199965238571,
            3.956869942811636e-09,
            0.12165199965238571,
            0.9925730228424072
        ],
        [
            -0.4016540050506592,
            0.17609800398349762,
            -0.31804999709129333,
            0.5960149765014648,
            0.06612399965524673,
            0.0508757010102272,
            -0.015833700075745583,
            0.9931399822235107,
            -0.11585099995136261,
            0.2697640061378479,
            0.11581200361251831,
            0.9559370279312134
        ]
    ],
    "ops": [
        [
            0,
            0,
            0,
            0,
            1,
            2,
            1,
            1,
            0,
            0,
            2,
            1,
            1
        ]
    ],
    "syms": [
        [
            0.0,
            0.9998459815979004,
            -0.015872599557042122,
            0.007547319866716862,
            -0.00808824971318245,
            -0.4777950048446655,
            0.4561089873313904,
            0.0
        ],
        [
            0.0,
            0.999925971031189,
            -0.011089400388300419,
            0.004992090165615082,
            -0.00863645039498806,
            0.17173899710178375,
            -0.3160879909992218,
            0.0
        ]
    ],
    "labels:": [
        [
            1,
            2,
            2,
            2,
            0,
            0
        ]
    ],
    "obj": 39618,
    "mat_index": 3295,
    "obbs": "N 9\n-0.009242 0.401712 -0.267797 1 -3.95687e-09 -3.50151e-09 3.95687e-09 0.121652 0.992573 -3.50151e-09 -0.992573 0.121652 0.868172 0.124623 0.470594\n-0.008088 -0.0788315 0.117198 1 0 0 0 1 0 0 0 1 0.871434 0.171937 0.807898\n-0.401654 0.176098 -0.31805 -0.269764 -0.115812 -0.955937 0.962796 -0.0161165 -0.269748 0.0158337 -0.99314 0.115851 0.066124 0.0508757 0.596015\n0.384381 0.167381 -0.314126 0.00593991 0.985283 -0.170828 0.999291 0.000504569 0.0376569 0.0371889 -0.17093 -0.984581 0.613794 0.0464674 0.0930064\n0.383878 -0.484018 0.459067 1 0 0 0 1 0 0 0 1 0.045668 0.687647 0.089475\n-0.400054 -0.471572 0.45315 1 0 0 0 1 0 0 0 1 0.045667 0.712005 0.101314\n0.373062 -0.808881 0.0694885 1 0 0 0 1 0 0 0 1 0.066835 0.060427 0.726073\n-0.0080555 -0.816401 -0.294202 1 0 0 0 1 0 0 0 1 0.797089 0.045387 0.096399\n-0.397147 -0.806127 0.0859245 1 0 0 0 1 0 0 0 1 0.051482 0.064513 0.720783\nC 11\n0 1\n0 3\n0 2\n1 2\n1 3\n1 4\n1 5\n4 6\n5 8\n6 7\n7 8\nS 3\n2\n2 -0.401654 0.176098 -0.31805\n3 0.384381 0.167381 -0.314126\n2\n-0.00863645 0.171739 -0.316088\n0.999926 -0.0110894 0.00499209\n2\n4 0.383878 -0.484018 0.459067\n5 -0.400054 -0.471572 0.45315\n2\n-0.00808825 -0.477795 0.456109\n-0.999846 0.0158726 -0.00754732\n2\n6 0.373062 -0.808881 0.0694885\n8 -0.397147 -0.806127 0.0859245\n2\n-0.0120423 -0.807504 0.0777065\n-0.999766 0.00357352 0.0213347\nL 9\n0\n1\n0\n0\n2\n2\n2\n2\n2"
}