{
    "boxes": [
        [
            -0.012906000018119812,
            -0.08817499876022339,
            0.16687600314617157,
            0.19596600532531738,
            0.9165679812431335,
            1.1196500062942505,
            0.0,
            1.0,
            0.0,
            0.0,
            0.0,
            1.0
        ],
        [
            -0.012900499626994133,
            -0.6198059916496277,
            -0.26470598578453064,
            0.015521000139415264,
            0.10735499858856201,
            1.0899399518966675,
            0.0,
            1.0,
            0.0,
            0.0,
            0.0,
            1.0
        ],
        [
            -0.5159199833869934,
            -0.3940970003604889,
            0.5655379891395569,
            0.4657379984855652,
            0.07829099893569946,
            0.0845080018043518,
            0.0,
            1.0,
            0.0,
            0.0,
            0.0,
            1.0
        ],
        [
            -0.5141649842262268,
            -0.6197749972343445,
            0.15157899260520935,
            0.01512099988758564,
            0.7752609848976135,
            0.08742699772119522,
            0.0,
            1.0,
            0.0,
            0.0,
            0.0,
            1.0
        ],
        [
            -0.012915899977087975,
            0.45669299364089966,
            -0.34098899364471436,
            0.10836300253868103,
            0.01445810031145811,
            1.0898799896240234,
            -0.0006456919945776463,
            0.9962700009346008,
            -0.0862865000963211,
            -0.0007040320197120309,
            0.08628609776496887,
            0.9962700009346008
        ],
        [
            -0.5155310034751892,
            0.13371099531650543,
            -0.30640900135040283,
            0.580141007900238,
            0.03762679919600487,
            0.09621330350637436,
            0.02053930051624775,
            0.9940699934959412,
            -0.10678300261497498,
            -0.035423699766397476,
            0.10746199637651443,
            0.9935780167579651
        ],
        [
            -0.012905599549412727,
            0.3090670108795166,
            -0.2557010054588318,
            0.6281279921531677,
            0.1366250067949295,
            1.119729995727539,
            -0.00014069100143387914,
            0.9951750040054321,
            -0.0981174036860466,
            -0.0001552439935039729,
            0.0981174036860466,
            0.9951750040054321
        ],
        [
            0.12959499657154083,
            -0.06554310023784637,
            -0.31789401173591614,
            1.1003400087356567,
            0.04367870092391968,
            0.020358100533485413,
            -2.0270199740934913e-08,
            0.9986299872398376,
            -0.05233339965343475,
            -2.5643400931585347e-06,
            0.05233339965343475,
            0.9986299872398376
        ],
        [
            -0.012905499897897243,
            -0.06554269790649414,
            -0.3178960084915161,
            1.1003299951553345,
            0.04368099942803383,
            0.020357100293040276,
            2.0253899890576577e-08,
            0.9986289739608765,
            -0.05233849957585335,
            2.564009946581791e-06,
            0.05233849957585335,
            0.9986289739608765
        ],
        [
            -0.15540699660778046,
            -0.06554269790649414,
            -0.31789499521255493,
            1.1003299951553345,
            0.043679799884557724,
            0.020356999710202217,
            -2.2174000393626478e-16,
            0.9986299872398376,
            -0.05233599990606308,
            -1.162089995271865e-17,
            0.05233599990606308,
            0.9986299872398376
        ]
    ],
    "ops": [
        [
            0,
            0,
            0,
            0,
            1,
            2,
            1,
            1,
            0,
            0,
            2,
            1,
            0,
            0,
            1,
            0,
            0,
            1,
            1,
            1,
            1
        ]
    ],
    "syms": [
        [
            0.0,
            0.9999269843101501,
            0.0008214690024033189,
            0.012083499692380428,
            -0.01289450004696846,
            -0.3936839997768402,
            0.571615993976593,
            0.0
        ],
        [
            0.0,
            0.9999859929084778,
            0.005197629798203707,
            -0.0004266980104148388,
            -0.012600500136613846,
            0.13632500171661377,
            -0.30662301182746887,
            0.0
        ]
    ],
    "labels:": [
        [
            1,
            2,
            2,
            2,
            0,
            0,
            0,
            0,
            0,
            0
        ]
    ],
    "obj": 39620,
    "mat_index": 3296,
    "obbs": "N 13\n-0.0129056 0.309067 -0.255701 -0.000140691 0.995175 -0.0981174 -0.000155244 0.0981174 0.995175 1 0.000155244 0.000140691 0.628128 0.136625 1.11973\n-0.012906 -0.088175 0.166876 1 0 0 0 1 0 0 0 1 1.11965 0.195966 0.916568\n-0.515531 0.133711 -0.306409 -0.999161 0.0166247 -0.0374208 -0.0354237 0.107462 0.993578 0.0205393 0.99407 -0.106783 0.0962133 0.0376268 0.580141\n0.49033 0.138939 -0.306838 -0.0283303 0.993733 -0.108127 -0.0315658 0.107227 0.993733 0.9991 0.0315658 0.0283303 0.580873 0.0351566 0.0999186\n0.129595 -0.0655431 -0.317894 -2.02702e-08 0.99863 -0.0523334 1 1.54443e-07 2.55976e-06 2.56434e-06 -0.0523334 -0.99863 1.10034 0.0203581 0.0436787\n-0.0129055 -0.0655427 -0.317896 2.02539e-08 0.998629 -0.0523385 1 -1.54422e-07 -2.55943e-06 -2.56401e-06 -0.0523385 -0.998629 1.10033 0.0203571 0.043681\n-0.155407 -0.0655427 -0.317895 -2.2174e-16 0.99863 -0.052336 1 2.22045e-16 0 1.16209e-17 -0.052336 -0.99863 1.10033 0.020357 0.0436798\n-0.0129159 0.456693 -0.340989 -0.000645692 0.99627 -0.0862865 -0.000704032 0.0862861 0.99627 1 0.000704032 0.000645692 0.108363 0.0144581 1.08988\n-0.51592 -0.394097 0.565538 1 0 0 0 1 0 0 0 1 0.084508 0.465738 0.078291\n0.490131 -0.393271 0.577695 1 0 0 0 1 0 0 0 1 0.084514 0.454505 0.054228\n-0.514165 -0.619775 0.151579 1 0 0 0 1 0 0 0 1 0.087427 0.015121 0.775261\n-0.0129005 -0.619806 -0.264706 1 0 0 0 1 0 0 0 1 1.08994 0.015521 0.107355\n0.48431 -0.616328 0.16526 0.999867 -0.0163207 1.92084e-05 0.0163207 0.999864 -0.00235371 1.92084e-05 0.00235371 0.999997 0.0958137 0.0222495 0.803007\nC 28\n0 7\n0 3\n0 4\n0 5\n0 1\n0 6\n0 2\n1 3\n1 6\n1 2\n1 5\n1 4\n1 9\n1 8\n2 7\n3 7\n4 7\n4 5\n4 11\n5 6\n5 11\n5 7\n6 7\n6 11\n8 10\n9 12\n10 11\n11 12\nS 3\n2\n2 -0.515531 0.133711 -0.306409\n3 0.49033 0.138939 -0.306838\n2\n-0.0126005 0.136325 -0.306623\n0.999986 0.00519763 -0.000426698\n2\n8 -0.51592 -0.394097 0.565538\n9 0.490131 -0.393271 0.577695\n2\n-0.0128945 -0.393684 0.571616\n0.999927 0.000821469 0.0120835\n2\n10 -0.514165 -0.619775 0.151579\n12 0.48431 -0.616328 0.16526\n2\n-0.0149273 -0.618051 0.15842\n0.9999 0.00345136 0.0136996\nL 13\n0\n1\n0\n0\n0\n0\n0\n0\n2\n2\n2\n2\n2"
}