{
    "boxes": [
        [
            -0.0052919997833669186,
            -0.05694989860057831,
            0.1275620013475418,
            0.031804900616407394,
            0.565991997718811,
            0.705594003200531,
            2.3608199839486588e-08,
            0.9956089854240417,
            -0.09361449629068375,
            1.1074700045909935e-09,
            0.09361449629068375,
            0.9956089854240417
        ],
        [
            0.32596099376678467,
            -0.43428200483322144,
            0.4211679995059967,
            0.8819670081138611,
            0.21379800140857697,
            0.09587690234184265,
            -0.02677600085735321,
            0.9616460204124451,
            -0.27298399806022644,
            -0.16210199892520905,
            0.2652910053730011,
            0.9504439830780029
        ],
        [
            -0.27633899450302124,
            -0.4383929967880249,
            -0.1892540007829666,
            0.8727549910545349,
            0.2154420018196106,
            0.10293900221586227,
            -0.021601799875497818,
            0.9593819975852966,
            0.2812820076942444,
            -0.5077419877052307,
            -0.25289198756217957,
            0.8235560059547424
        ],
        [
            -0.005292450077831745,
            0.3332880139350891,
            -0.14875300228595734,
            0.8434990048408508,
            0.19238999485969543,
            0.6311129927635193,
            1.759040060278494e-07,
            0.976951003074646,
            -0.2134619951248169,
            2.1848799747203884e-07,
            0.2134619951248169,
            0.976951003074646
        ]
    ],
    "ops": [
        [
            0,
            0,
            0,
            1,
            2,
            1,
            0,
            1
        ]
    ],
    "syms": [
        [
            0.0,
            0.9997169971466064,
            -0.011843900196254253,
            -0.020649099722504616,
            -0.003987859934568405,
            -0.43037301301956177,
            0.42798298597335815,
            0.0
        ]
    ],
    "labels:": [
        [
            1,
            2,
            2,
            0
        ]
    ],
    "obj": 2531,
    "mat_index": 330,
    "obbs": "N 6\n-0.00529245 0.333288 -0.148753 1 -2.18488e-07 -1.75904e-07 2.18488e-07 0.213462 0.976951 -1.75904e-07 -0.976951 0.213462 0.631113 0.19239 0.843499\n-0.005292 -0.0569499 0.127562 1 -2.36082e-08 1.10747e-09 2.36082e-08 0.995609 -0.0936145 1.10747e-09 0.0936145 0.995609 0.705594 0.0318049 0.565992\n0.325961 -0.434282 0.421168 0.162102 -0.265291 -0.950444 0.986411 0.0697004 0.148781 0.026776 -0.961646 0.272984 0.213798 0.0958769 0.881967\n0.264142 -0.436811 -0.191672 -0.0257266 -0.957295 -0.287966 0.861238 0.125029 -0.492581 0.50755 -0.26068 0.821243 0.872924 0.10294 0.214775\n-0.276339 -0.438393 -0.189254 0.507742 0.252892 -0.823556 0.861238 -0.125029 0.492581 0.0216018 -0.959382 -0.281282 0.215442 0.102939 0.872755\n-0.333937 -0.426464 0.434798 0.0206626 0.950992 -0.308525 0.986411 -0.0697004 -0.148781 -0.162994 -0.301258 -0.939509 0.882815 0.0958769 0.21166\nC 11\n0 1\n0 5\n0 4\n0 3\n0 2\n1 2\n1 3\n1 4\n1 5\n2 3\n4 5\nS 2\n2\n2 0.325961 -0.434282 0.421168\n5 -0.333937 -0.426464 0.434798\n2\n-0.00398786 -0.430373 0.427983\n-0.999717 0.0118439 0.0206491\n2\n3 0.264142 -0.436811 -0.191672\n4 -0.276339 -0.438393 -0.189254\n2\n-0.00609845 -0.437602 -0.190463\n-0.999986 -0.00292713 0.004474\nL 6\n0\n1\n2\n2\n2\n2"
}