{
    "boxes": [
        [
            -0.0036332199815660715,
            -0.09320429712533951,
            0.13406500220298767,
            0.1710059940814972,
            0.6601999998092651,
            0.8122599720954895,
            -0.0024626299273222685,
            0.9998379945755005,
            -0.01784539967775345,
            -2.1975100025883876e-05,
            0.01784539967775345,
            0.9998409748077393
        ],
        [
            -0.39948999881744385,
            -0.40084001421928406,
            -0.15862900018692017,
            0.597212016582489,
            0.0872574970126152,
            0.0463607981801033,
            0.06541450321674347,
            0.851311981678009,
            0.520566999912262,
            -0.00883795041590929,
            -0.5211690068244934,
            0.8534079790115356
        ],
        [
            -0.34337499737739563,
            -0.39188098907470703,
            0.2974950075149536,
            0.6934459805488586,
            0.10036399960517883,
            0.04543840140104294,
            -0.0036677499301731586,
            0.7112169861793518,
            -0.7029629945755005,
            -0.011906100437045097,
            0.7028869986534119,
            0.7112020254135132
        ],
        [
            -0.0036110300570726395,
            0.35177499055862427,
            -0.19196200370788574,
            0.7922509908676147,
            0.08354829996824265,
            0.6028140187263489,
            0.04862179979681969,
            0.9918429851531982,
            -0.11783000081777573,
            -0.004187169950455427,
            0.11817099899053574,
            0.9929839968681335
        ],
        [
            0.0010870699770748615,
            0.6700980067253113,
            -0.2648169994354248,
            0.19353200495243073,
            0.05880799889564514,
            0.5830360054969788,
            0.0029260299634188414,
            0.9209570288658142,
            -0.3896529972553253,
            0.004415110219269991,
            0.3896389901638031,
            0.9209570288658142
        ],
        [
            -0.27110999822616577,
            0.279229998588562,
            -0.18811200559139252,
            0.9922490119934082,
            0.23764300346374512,
            0.14658799767494202,
            -0.0558273009955883,
            0.9533950090408325,
            -0.29651400446891785,
            -0.1497810035943985,
            0.28561899065971375,
            0.9465659856796265
        ],
        [
            -0.27103298902511597,
            -0.09866800159215927,
            -0.08358629792928696,
            0.09192150086164474,
            0.2942279875278473,
            0.08638370037078857,
            -0.050659000873565674,
            0.9416769742965698,
            0.3326820135116577,
            0.008679780177772045,
            -0.3326820135116577,
            0.942999005317688
        ]
    ],
    "ops": [
        [
            0,
            0,
            0,
            1,
            2,
            1,
            0,
            0,
            1,
            0,
            0,
            1,
            2,
            1,
            1
        ]
    ],
    "syms": [
        [
            0.0,
            0.9998679757118225,
            -0.014835599809885025,
            -0.006637980230152607,
            -0.00284389010630548,
            -0.4067249894142151,
            -0.16126300394535065,
            0.0
        ],
        [
            0.0,
            0.9999979734420776,
            -6.830000347690657e-05,
            0.0020377100445330143,
            0.0010203999700024724,
            0.27921199798583984,
            -0.18755699694156647,
            0.0
        ]
    ],
    "labels:": [
        [
            1,
            2,
            2,
            0,
            0,
            0,
            0
        ]
    ],
    "obj": 39628,
    "mat_index": 3301,
    "obbs": "N 11\n-0.00361103 0.351775 -0.191962 0.0486218 0.991843 -0.11783 -0.00418717 0.118171 0.992984 0.998808 -0.0477874 0.00989869 0.792251 0.0835483 0.602814\n0.00108707 0.670098 -0.264817 0.999986 -0.00441511 -0.00292603 0.00441511 0.389639 0.920957 -0.00292603 -0.920957 0.389653 0.583036 0.058808 0.193532\n-0.00363322 -0.0932043 0.134065 0.999997 0.00246263 -2.19751e-05 -0.00246263 0.999838 -0.0178454 -2.19751e-05 0.0178454 0.999841 0.81226 0.171006 0.6602\n-0.27111 0.27923 -0.188112 -0.0558273 0.953395 -0.296514 0.987142 0.0972562 0.126855 0.149781 -0.285619 -0.946566 0.992249 0.146588 0.237643\n0.273151 0.279193 -0.187003 0.0509976 0.954716 -0.293117 0.978526 -0.10646 -0.176504 -0.199716 -0.277821 -0.939643 0.990912 0.140295 0.238965\n0.265785 -0.098751 -0.0849848 -0.00738731 0.341714 -0.939775 -0.0419153 0.938869 0.341714 0.999094 0.0419153 0.00738731 0.297546 0.0923042 0.086801\n-0.271033 -0.098668 -0.0835863 -0.00867978 0.332682 -0.942999 -0.050659 0.941677 0.332682 0.998678 0.050659 0.00867978 0.294228 0.0919215 0.0863837\n-0.39949 -0.40084 -0.158629 0.00883795 0.521169 -0.853408 0.997819 -0.060426 -0.0265682 -0.0654145 -0.851312 -0.520567 0.0872575 0.0463608 0.597212\n-0.343375 -0.391881 0.297495 0.0119061 -0.702887 -0.711202 0.999922 0.010978 0.00588977 0.00366775 -0.711217 0.702963 0.100364 0.0454384 0.693446\n0.334303 -0.391881 0.297494 0.0119018 -0.702889 -0.7112 0.999922 0.010975 0.00588682 0.00366762 -0.711215 0.702965 0.100364 0.045439 0.693446\n0.393802 -0.412611 -0.163896 0.0607595 -0.856798 -0.512059 0.997143 0.0290312 0.0697418 -0.044889 -0.514834 0.856114 0.622796 0.0437316 0.0905828\nC 32\n0 2\n0 7\n0 10\n0 3\n0 4\n0 5\n0 8\n0 1\n0 6\n0 9\n1 3\n1 4\n2 8\n2 5\n2 9\n2 6\n2 10\n2 3\n2 7\n2 4\n3 7\n3 6\n3 8\n4 9\n4 10\n4 5\n5 9\n5 10\n6 7\n6 8\n7 8\n9 10\nS 4\n2\n3 -0.27111 0.27923 -0.188112\n4 0.273151 0.279193 -0.187003\n2\n0.0010204 0.279212 -0.187557\n0.999998 -6.83e-05 0.00203771\n2\n5 0.265785 -0.098751 -0.0849848\n6 -0.271033 -0.098668 -0.0835863\n2\n-0.00262404 -0.0987095 -0.0842855\n-0.999997 0.000154641 0.0026051\n2\n7 -0.39949 -0.40084 -0.158629\n10 0.393802 -0.412611 -0.163896\n2\n-0.00284389 -0.406725 -0.161263\n0.999868 -0.0148356 -0.00663798\n2\n8 -0.343375 -0.391881 0.297495\n9 0.334303 -0.391881 0.297494\n2\n-0.00453601 -0.391881 0.297494\n1 -8.63813e-07 -9.23171e-07\nL 11\n0\n0\n1\n0\n0\n0\n0\n2\n2\n2\n2"
}