{
    "boxes": [
        [
            0.01731250062584877,
            -0.13589000701904297,
            0.14180700480937958,
            0.17214399576187134,
            0.6684550046920776,
            1.4577100276947021,
            0.0,
            1.0,
            0.0,
            0.0,
            0.0,
            1.0
        ],
        [
            -0.6927270293235779,
            -0.003149610012769699,
            0.42681199312210083,
            0.30159199237823486,
            0.0952979028224945,
            0.047965001314878464,
            -0.0062634302303195,
            0.9922509789466858,
            0.12409400194883347,
            -0.01916470006108284,
            -0.12419299781322479,
            0.9920729994773865
        ],
        [
            -0.6931729912757874,
            -0.018038000911474228,
            -0.19853800535202026,
            0.25322601199150085,
            0.11356599628925323,
            0.05025999993085861,
            0.0,
            1.0,
            0.0,
            0.0,
            0.0,
            1.0
        ],
        [
            -0.6911519765853882,
            0.13753700256347656,
            0.11890900135040283,
            0.07931250333786011,
            0.7907450199127197,
            0.07668749988079071,
            0.024338100105524063,
            0.998652994632721,
            -0.04582050070166588,
            0.0005579660064540803,
            0.04582050070166588,
            0.9989500045776367
        ],
        [
            -0.6927549839019775,
            -0.35761699080467224,
            0.4327239990234375,
            0.45001599192619324,
            0.11810600012540817,
            0.04515000060200691,
            0.0,
            1.0,
            0.0,
            0.0,
            0.0,
            1.0
        ],
        [
            -0.6927509903907776,
            -0.35508298873901367,
            -0.20044800639152527,
            0.45515599846839905,
            0.11768700182437897,
            0.04523000121116638,
            0.0,
            1.0,
            0.0,
            0.0,
            0.0,
            1.0
        ],
        [
            -0.33604198694229126,
            0.14597100019454956,
            -0.23298700153827667,
            0.7524870038032532,
            0.2201859951019287,
            0.6737030148506165,
            0.00037761201383545995,
            0.9317389726638794,
            -0.36313000321388245,
            0.000552445009816438,
            0.36312898993492126,
            0.9317389726638794
        ]
    ],
    "ops": [
        [
            0,
            0,
            0,
            0,
            1,
            1,
            2,
            1,
            0,
            0,
            1,
            2,
            1,
            0,
            2,
            1
        ]
    ],
    "syms": [
        [
            0.0,
            0.9999989867210388,
            -0.0011840700171887875,
            -0.0002697939926292747,
            0.014471599832177162,
            -0.0039869798347353935,
            0.4266209900379181,
            0.0
        ],
        [
            0.0,
            0.9999960064888,
            -0.0028397999703884125,
            -0.0,
            0.01442249957472086,
            -0.3596250116825104,
            0.4327239990234375,
            0.0
        ],
        [
            0.0,
            1.0,
            -2.064629916276317e-05,
            -6.191669672261924e-05,
            0.018901800736784935,
            0.14596399664878845,
            -0.2330089956521988,
            0.0
        ]
    ],
    "labels:": [
        [
            1,
            3,
            3,
            3,
            2,
            2,
            0
        ]
    ],
    "obj": 39649,
    "mat_index": 3315,
    "obbs": "N 13\n0.373845 0.145957 -0.233031 1 -0.000553648 -0.000378331 0.000553648 0.363368 0.931646 -0.000378331 -0.931646 0.363368 0.673703 0.220259 0.752492\n-0.336042 0.145971 -0.232987 1 -0.000552445 -0.000377612 0.000552445 0.363129 0.931739 -0.000377612 -0.931739 0.36313 0.673703 0.220186 0.752487\n0.720512 -0.0201187 -0.189963 0.037536 0.985208 -0.167202 0.998709 -0.031257 0.0400294 0.034211 -0.168489 -0.98511 0.245863 0.0574975 0.0948216\n0.72167 -0.00482436 0.426431 0.00415228 -0.992024 -0.125982 0.999764 0.00143431 0.0216573 -0.0213039 -0.126043 0.991796 0.305113 0.0474721 0.0951538\n-0.693173 -0.018038 -0.198538 1 0 0 0 1 0 0 0 1 0.05026 0.253226 0.113566\n-0.692727 -0.00314961 0.426812 0.00626343 -0.992251 -0.124094 0.999797 0.00383556 0.0197941 -0.0191647 -0.124193 0.992073 0.301592 0.047965 0.0952979\n0.0173125 -0.13589 0.141807 1 0 0 0 1 0 0 0 1 1.45771 0.172144 0.668455\n0.7216 -0.361633 0.432724 1 0 0 0 1 0 0 0 1 0.04515 0.441983 0.118106\n0.721604 -0.357996 -0.200448 1 0 0 0 1 0 0 0 1 0.04523 0.44933 0.117687\n-0.692751 -0.355083 -0.200448 1 0 0 0 1 0 0 0 1 0.04523 0.455156 0.117687\n-0.692755 -0.357617 0.432724 1 0 0 0 1 0 0 0 1 0.04515 0.450016 0.118106\n0.723169 0.135389 0.11902 0.999783 -0.0208294 0.000454449 0.0208294 0.998831 -0.0436097 0.000454449 0.0436097 0.999049 0.0765381 0.083552 0.790724\n-0.691152 0.137537 0.118909 0.999704 -0.0243381 0.000557966 0.0243381 0.998653 -0.0458205 0.000557966 0.0458205 0.99895 0.0766875 0.0793125 0.790745\nC 31\n0 11\n0 8\n0 1\n0 6\n0 2\n1 6\n1 4\n1 9\n1 12\n2 8\n2 6\n2 11\n3 11\n3 7\n3 6\n4 12\n4 9\n4 6\n5 6\n5 12\n5 10\n6 9\n6 7\n6 10\n6 11\n6 12\n6 8\n7 11\n8 11\n9 12\n10 12\nS 6\n2\n0 0.373845 0.145957 -0.233031\n1 -0.336042 0.145971 -0.232987\n2\n0.0189018 0.145964 -0.233009\n-1 2.06463e-05 6.19167e-05\n2\n2 0.720512 -0.0201187 -0.189963\n4 -0.693173 -0.018038 -0.198538\n2\n0.0136693 -0.0190784 -0.194251\n-0.999981 0.0014718 -0.00606536\n2\n3 0.72167 -0.00482436 0.426431\n5 -0.692727 -0.00314961 0.426812\n2\n0.0144716 -0.00398698 0.426621\n-0.999999 0.00118407 0.000269794\n2\n7 0.7216 -0.361633 0.432724\n10 -0.692755 -0.357617 0.432724\n2\n0.0144225 -0.359625 0.432724\n-0.999996 0.0028398 0\n2\n8 0.721604 -0.357996 -0.200448\n9 -0.692751 -0.355083 -0.200448\n2\n0.0144265 -0.35654 -0.200448\n-0.999998 0.00205959 0\n2\n11 0.723169 0.135389 0.11902\n12 -0.691152 0.137537 0.118909\n2\n0.0160086 0.136463 0.118964\n-0.999999 0.00151903 -7.85732e-05\nL 13\n0\n0\n3\n3\n3\n3\n1\n2\n2\n2\n2\n3\n3"
}