{
    "boxes": [
        [
            -0.002512000035494566,
            -0.10251899808645248,
            0.09824199974536896,
            0.20891599357128143,
            0.7914440035820007,
            0.8888980150222778,
            0.0,
            1.0,
            0.0,
            0.0,
            0.0,
            1.0
        ],
        [
            -0.43256500363349915,
            0.20175300538539886,
            0.16006499528884888,
            0.10066299885511398,
            0.7894179821014404,
            0.08756709843873978,
            0.19228099286556244,
            0.9694820046424866,
            -0.1520950049161911,
            0.014848999679088593,
            0.1520950049161911,
            0.9882540106773376
        ],
        [
            0.41561299562454224,
            0.20131300389766693,
            0.16021700203418732,
            0.10847300291061401,
            0.7900140285491943,
            0.09797859936952591,
            0.3104510009288788,
            0.9380810260772705,
            -0.1537020057439804,
            0.024620700627565384,
            0.1537020057439804,
            0.9878100156784058
        ],
        [
            -0.42629000544548035,
            0.04262499883770943,
            0.46226099133491516,
            0.33723801374435425,
            0.08814900368452072,
            0.06609000265598297,
            0.0,
            1.0,
            0.0,
            0.0,
            0.0,
            1.0
        ],
        [
            -0.4263949990272522,
            -0.4380809962749481,
            0.4685490131378174,
            0.6857320070266724,
            0.07557400315999985,
            0.06587900221347809,
            0.0,
            1.0,
            0.0,
            0.0,
            0.0,
            1.0
        ],
        [
            -0.42628899216651917,
            -0.2776170074939728,
            0.0972990021109581,
            0.05167999863624573,
            0.6862180233001709,
            0.04134399816393852,
            0.0,
            1.0,
            0.0,
            0.0,
            0.0,
            1.0
        ],
        [
            -0.4297049939632416,
            -0.4612640142440796,
            -0.30437999963760376,
            0.6461139917373657,
            0.085487499833107,
            0.07164280116558075,
            0.01039160043001175,
            0.991815984249115,
            0.12724900245666504,
            -0.12724900245666504,
            -0.12490999698638916,
            0.9839739799499512
        ],
        [
            -0.002512000035494566,
            0.38653698563575745,
            -0.3151110112667084,
            0.07975679636001587,
            0.0935932993888855,
            0.7855380177497864,
            -1.1645200037573621e-17,
            0.9982320070266724,
            -0.05944019928574562,
            -1.2359200008452855e-17,
            0.05944019928574562,
            0.9982320070266724
        ],
        [
            -0.002512000035494566,
            0.29473501443862915,
            -0.29099801182746887,
            0.06627430021762848,
            0.08421660214662552,
            0.7855380177497864,
            -0.0,
            0.9850040078163147,
            -0.17253300547599792,
            0.0,
            0.17253300547599792,
            0.9850040078163147
        ],
        [
            -0.4223540127277374,
            0.22390499711036682,
            -0.2971470057964325,
            0.8013290166854858,
            0.12650200724601746,
            0.07014310359954834,
            0.013782000169157982,
            0.9912449717521667,
            -0.1313139945268631,
            -0.07583650201559067,
            0.13198399543762207,
            0.9883469939231873
        ],
        [
            -0.002512000035494566,
            0.20135800540447235,
            -0.2739720046520233,
            0.07346799969673157,
            0.08939199894666672,
            0.7855380177497864,
            0.0,
            1.0,
            0.0,
            0.0,
            0.0,
            1.0
        ],
        [
            -0.002512000035494566,
            0.5227940082550049,
            -0.36726999282836914,
            0.16537800431251526,
            0.08073420077562332,
            0.7855380177497864,
            -0.0,
            0.9159899950027466,
            -0.4012010097503662,
            0.0,
            0.4012010097503662,
            0.9159899950027466
        ]
    ],
    "ops": [
        [
            0,
            0,
            0,
            0,
            2,
            1,
            1,
            1,
            0,
            0,
            0,
            1,
            1,
            2,
            1,
            0,
            0,
            1,
            2,
            0,
            2,
            0,
            0,
            1,
            1,
            1,
            1
        ]
    ],
    "syms": [
        [
            0.0,
            0.9999610185623169,
            -0.008838599547743797,
            5.89909006976086e-07,
            -0.0025122500956058502,
            0.03887920081615448,
            0.46226200461387634,
            0.0
        ],
        [
            0.0,
            0.9999589920043945,
            -0.009076369926333427,
            0.00041819200851023197,
            -0.0025649999734014273,
            -0.4419279992580414,
            0.4687260091304779,
            0.0
        ],
        [
            0.0,
            -2.2866700794604717e-18,
            0.9894570112228394,
            -0.1448259949684143,
            -0.002512000035494566,
            0.19888100028038025,
            -0.28764399886131287,
            0.0
        ],
        [
            0.0,
            0.9999819993972778,
            0.005376869812607765,
            -0.002543010050430894,
            -0.0023461999371647835,
            0.22616299986839294,
            -0.29821500182151794,
            0.0
        ]
    ],
    "labels:": [
        [
            1,
            3,
            3,
            3,
            2,
            2,
            2,
            0,
            0,
            0,
            0,
            0
        ]
    ],
    "obj": 39674,
    "mat_index": 3326,
    "obbs": "N 19\n-0.002512 -0.102519 0.098242 1 0 0 0 1 0 0 0 1 0.888898 0.208916 0.791444\n0.417661 0.228422 -0.299283 0.0891513 -0.122149 -0.9885 0.995927 0.0243476 0.0868125 0.0134635 -0.992213 0.123823 0.129959 0.0738714 0.791702\n-0.422354 0.223905 -0.297147 0.0758365 -0.131984 -0.988347 0.997025 -0.00366299 0.0769916 -0.013782 -0.991245 0.131314 0.126502 0.0701431 0.801329\n-0.002512 0.011224 -0.260177 1 0 0 0 1 0 0 0 1 0.785538 0.06268 0.081512\n-0.002512 0.106876 -0.264182 1 0 0 -0 0.0758333 0.997121 0 -0.997121 0.0758333 0.785538 0.0810064 0.0620166\n-0.002512 0.201358 -0.273972 1 0 0 0 1 0 0 0 1 0.785538 0.073468 0.089392\n-0.002512 0.294735 -0.290998 1 0 0 0 0.172533 0.985004 0 -0.985004 0.172533 0.785538 0.0842166 0.0662743\n-0.002512 0.386537 -0.315111 1 1.23592e-17 1.16452e-17 -1.23592e-17 0.0594402 0.998232 1.16452e-17 -0.998232 0.0594402 0.785538 0.0935933 0.0797568\n-0.002512 0.522794 -0.36727 1 0 0 0 0.401201 0.91599 0 -0.91599 0.401201 0.785538 0.0807342 0.165378\n0.415613 0.201313 0.160217 -0.0246207 -0.153702 -0.98781 0.310451 0.938081 -0.153702 0.950271 -0.310451 0.0246207 0.790014 0.108473 0.0979786\n-0.432565 0.201753 0.160065 0.981228 -0.192281 0.014849 0.192281 0.969482 -0.152095 0.014849 0.152095 0.988254 0.0875671 0.100663 0.789418\n0.421265 0.0351335 0.462262 1 0 0 0 1 0 0 0 1 0.066089 0.352743 0.088148\n-0.42629 0.042625 0.462261 1 0 0 0 1 0 0 0 1 0.06609 0.337238 0.088149\n0.421265 -0.277617 0.097299 1 0 0 0 1 0 0 0 1 0.041344 0.05168 0.686218\n-0.426289 -0.277617 0.097299 1 0 0 0 1 0 0 0 1 0.041344 0.05168 0.686218\n0.429109 -0.459284 -0.298054 0.0270064 -0.993953 -0.106432 0.945431 0.0599807 -0.320253 0.324701 -0.0919754 0.941334 0.650818 0.0819722 0.0931431\n0.421265 -0.445775 0.468904 1 0 0 0 1 0 0 0 1 0.066089 0.670346 0.074865\n-0.429705 -0.461264 -0.30438 -0.0103916 -0.991816 -0.127249 0.991816 -0.0264175 0.12491 -0.127249 -0.12491 0.983974 0.646114 0.0716428 0.0854875\n-0.426395 -0.438081 0.468549 1 0 0 0 1 0 0 0 1 0.065879 0.685732 0.075574\nC 73\n0 14\n0 16\n0 10\n0 3\n0 15\n0 17\n0 11\n0 4\n0 18\n0 12\n0 5\n0 1\n0 13\n0 9\n0 2\n1 3\n1 15\n1 6\n1 5\n1 13\n1 4\n1 9\n1 8\n1 7\n2 8\n2 5\n2 4\n2 6\n2 10\n2 3\n2 14\n2 17\n2 7\n3 15\n3 17\n3 14\n3 10\n3 6\n3 13\n3 9\n3 5\n3 4\n4 7\n4 9\n4 10\n4 5\n4 6\n4 15\n4 17\n5 9\n5 6\n5 8\n5 10\n5 7\n6 9\n6 7\n6 10\n6 8\n7 10\n7 8\n7 9\n9 15\n9 11\n10 17\n10 12\n11 16\n11 13\n12 14\n12 18\n13 16\n13 15\n14 17\n14 18\nS 7\n2\n1 0.417661 0.228422 -0.299283\n2 -0.422354 0.223905 -0.297147\n2\n-0.0023462 0.226163 -0.298215\n-0.999982 -0.00537687 0.00254301\n2\n3 -0.002512 0.011224 -0.260177\n7 -0.002512 0.386537 -0.315111\n2\n-0.002512 0.198881 -0.287644\n-2.28667e-18 0.989457 -0.144826\n2\n4 -0.002512 0.106876 -0.264182\n6 -0.002512 0.294735 -0.290998\n2\n-0.002512 0.200805 -0.27759\n0 0.989965 -0.141313\n2\n11 0.421265 0.0351335 0.462262\n12 -0.42629 0.042625 0.462261\n2\n-0.00251225 0.0388792 0.462262\n-0.999961 0.0088386 -5.89909e-07\n2\n13 0.421265 -0.277617 0.097299\n14 -0.426289 -0.277617 0.097299\n2\n-0.002512 -0.277617 0.097299\n-1 0 0\n2\n15 0.429109 -0.459284 -0.298054\n17 -0.429705 -0.461264 -0.30438\n2\n-0.000297864 -0.460274 -0.301217\n-0.99997 -0.00230601 -0.00736531\n2\n16 0.421265 -0.445775 0.468904\n18 -0.426395 -0.438081 0.468549\n2\n-0.002565 -0.441928 0.468726\n-0.999959 0.00907637 -0.000418192\nL 19\n1\n0\n0\n0\n0\n0\n0\n0\n0\n3\n3\n3\n3\n2\n2\n2\n2\n2\n2"
}