{
    "boxes": [
        [
            0.0272659994661808,
            -0.050592999905347824,
            0.16441400349140167,
            0.15342800319194794,
            0.7869330048561096,
            0.8174999952316284,
            0.0,
            1.0,
            0.0,
            0.0,
            0.0,
            1.0
        ],
        [
            -0.42737698554992676,
            0.14313800632953644,
            0.08756349980831146,
            0.4065040051937103,
            0.6506350040435791,
            0.09742400050163269,
            0.0,
            1.0,
            0.0,
            0.0,
            0.0,
            1.0
        ],
        [
            0.0011970000341534615,
            -0.4175710082054138,
            0.14295899868011475,
            0.5861629843711853,
            0.2027209997177124,
            0.21214799582958221,
            0.0,
            1.0,
            0.0,
            0.0,
            0.0,
            1.0
        ],
        [
            -0.2618600130081177,
            -0.17612099647521973,
            0.14458900690078735,
            0.02298099920153618,
            0.06615400314331055,
            0.402521014213562,
            -0.0,
            1.0,
            0.0,
            0.0,
            -0.0,
            1.0
        ],
        [
            -0.0033199999015778303,
            -0.6608309745788574,
            -0.15510599315166473,
            0.0996439978480339,
            0.4445039927959442,
            0.1323239952325821,
            0.0,
            1.0,
            0.0,
            0.0,
            0.0,
            1.0
        ],
        [
            -0.005749499890953302,
            -0.7618020176887512,
            -0.36112499237060547,
            0.10554300248622894,
            0.0974230021238327,
            0.0974230021238327,
            0.0,
            1.0,
            0.0,
            0.0,
            0.0,
            1.0
        ],
        [
            0.027274200692772865,
            0.4172309935092926,
            -0.32073500752449036,
            0.9019799828529358,
            0.19460999965667725,
            0.8181750178337097,
            0.0007628410239703953,
            0.9690380096435547,
            -0.24691200256347656,
            0.0009815869852900505,
            0.24691100418567657,
            0.9690380096435547
        ]
    ],
    "ops": [
        [
            0,
            0,
            2,
            1,
            0,
            0,
            1,
            0,
            0,
            1,
            2,
            1,
            1,
            0,
            1
        ]
    ],
    "syms": [
        [
            0.0,
            1.0,
            -0.0,
            -0.0,
            0.0272659994661808,
            0.14313800632953644,
            0.08756349980831146,
            0.0
        ],
        [
            -1.0,
            -0.0020830300636589527,
            0.9994329810142517,
            0.03361060097813606,
            -0.008289270102977753,
            -0.6722170114517212,
            0.13850800693035126,
            0.20000000298023224
        ]
    ],
    "labels:": [
        [
            1,
            3,
            2,
            2,
            2,
            2,
            0
        ]
    ],
    "obj": 39686,
    "mat_index": 3331,
    "obbs": "N 16\n0.0272742 0.417231 -0.320735 0.999999 -0.000981587 -0.000762841 0.000981587 0.246911 0.969038 -0.000762841 -0.969038 0.246912 0.818175 0.19461 0.90198\n0.481909 0.143138 0.0875635 1 0 0 0 1 0 0 0 1 0.097424 0.406504 0.650635\n-0.427377 0.143138 0.0875635 1 0 0 0 1 0 0 0 1 0.097424 0.406504 0.650635\n0.001197 -0.417571 0.142959 1 0 0 0 1 0 0 0 1 0.212148 0.586163 0.202721\n-0.00332 -0.660831 -0.155106 1 0 0 0 1 0 0 0 1 0.132324 0.099644 0.444504\n0.280802 -0.669351 0.0496769 0.949953 -0.0368839 -0.310207 0.0597161 0.996134 0.0644284 0.306632 -0.0797283 0.948483 0.446964 0.104328 0.108769\n0.154176 -0.680016 0.365162 0.789187 0.368405 -0.491387 -0.25857 0.925048 0.278258 0.557069 -0.0925395 0.825294 0.155172 0.136748 0.506018\n-0.184271 -0.679194 0.381976 0.577266 0.107631 -0.809432 -0.193621 0.981047 -0.00763477 0.793269 0.16113 0.587164 0.450745 0.129336 0.13273\n-0.288834 -0.671694 0.0508297 0.309855 -0.0802251 -0.947393 -0.0208342 0.995622 -0.0911231 0.950556 0.0479731 0.306826 0.126133 0.103936 0.445063\n0.027266 -0.050593 0.164414 1 0 0 0 1 0 0 0 1 0.8175 0.153428 0.786933\n-0.454647 -0.761802 -0.022536 1 0 0 0 1 0 0 0 1 0.097423 0.105543 0.097424\n-0.0057495 -0.761802 -0.361125 1 0 0 0 1 0 0 0 1 0.097423 0.105543 0.097423\n0.274876 -0.761802 0.504193 1 0 0 0 1 0 0 0 1 0.097424 0.105543 0.097424\n0.435007 -0.761802 -0.016221 1 0 0 0 1 0 0 0 1 0.097424 0.105543 0.097424\n-0.287641 -0.761802 0.504193 1 0 0 0 1 0 0 0 1 0.097424 0.105543 0.097424\n-0.26186 -0.176121 0.144589 1 0 0 -0 1 0 0 -0 1 0.402521 0.022981 0.066154\nC 31\n0 3\n0 9\n0 1\n0 2\n1 9\n2 9\n2 15\n3 15\n3 7\n3 6\n3 9\n3 5\n3 12\n3 8\n3 4\n4 7\n4 8\n4 5\n4 11\n4 6\n5 6\n5 13\n5 8\n5 7\n6 7\n6 12\n6 8\n7 14\n7 8\n8 10\n9 15\nS 3\n2\n1 0.481909 0.143138 0.0875635\n2 -0.427377 0.143138 0.0875635\n2\n0.027266 0.143138 0.0875635\n-1 0 0\n5\n6 0.154176 -0.680016 0.365162\n5 0.280802 -0.669351 0.0496769\n4 -0.00332 -0.660831 -0.155106\n8 -0.288834 -0.671694 0.0508297\n7 -0.184271 -0.679194 0.381976\n3\n-0.00828927 -0.672217 0.138508\n0.00208303 -0.999433 -0.0336106\n5\n12 0.274876 -0.761802 0.504193\n14 -0.287641 -0.761802 0.504193\n10 -0.454647 -0.761802 -0.022536\n11 -0.0057495 -0.761802 -0.361125\n13 0.435007 -0.761802 -0.016221\n3\n-0.007631 -0.761802 0.121701\n0 -1 0\nL 16\n0\n3\n3\n2\n2\n2\n2\n2\n2\n1\n2\n2\n2\n2\n2\n2"
}