{
    "boxes": [
        [
            0.0054419999942183495,
            -0.15564699470996857,
            0.22567500174045563,
            0.18460999429225922,
            0.7289509773254395,
            0.7556639909744263,
            0.0,
            1.0,
            0.0,
            0.0,
            0.0,
            1.0
        ],
        [
            0.005837500095367432,
            -0.8312950134277344,
            -0.2928229868412018,
            0.02517399936914444,
            0.08219599723815918,
            0.5820069909095764,
            0.0,
            1.0,
            0.0,
            0.0,
            0.0,
            1.0
        ],
        [
            -0.33503299951553345,
            -0.5299580097198486,
            0.5501700043678284,
            0.6135540008544922,
            0.10462400317192078,
            0.049600500613451004,
            0.0007911900174804032,
            0.9969599843025208,
            0.07791219651699066,
            -0.025722399353981018,
            -0.0778660997748375,
            0.9966319799423218
        ],
        [
            -0.2963770031929016,
            -0.8283309936523438,
            0.10725200176239014,
            0.034464601427316666,
            0.7770190238952637,
            0.05680939927697182,
            -0.08600349724292755,
            0.9962620139122009,
            -0.00813378021121025,
            -0.1044899970293045,
            -0.0009005930041894317,
            0.9945260286331177
        ],
        [
            0.004848729819059372,
            0.29945600032806396,
            -0.23701399564743042,
            0.9831759929656982,
            0.17304599285125732,
            0.784313976764679,
            0.0011553500080481172,
            0.9889259934425354,
            -0.1484059989452362,
            0.0013416700530797243,
            0.14840400218963623,
            0.9889259934425354
        ]
    ],
    "ops": [
        [
            0,
            0,
            0,
            0,
            1,
            2,
            1,
            1,
            0,
            1
        ]
    ],
    "syms": [
        [
            0.0,
            0.9999309778213501,
            0.0061783199198544025,
            0.009941689670085907,
            0.006002369802445173,
            -0.5278509855270386,
            0.5535609722137451,
            0.0
        ]
    ],
    "labels:": [
        [
            1,
            2,
            2,
            2,
            0
        ]
    ],
    "obj": 39696,
    "mat_index": 3336,
    "obbs": "N 7\n0.00484873 0.299456 -0.237014 0.999998 -0.00134167 -0.00115535 0.00134167 0.148404 0.988926 -0.00115535 -0.988926 0.148406 0.784314 0.173046 0.983176\n0.005442 -0.155647 0.225675 1 0 0 0 1 0 0 0 1 0.755664 0.18461 0.728951\n0.347037 -0.525744 0.556952 -0.00255661 -0.998929 -0.0461977 0.998293 0.00014594 -0.0584018 0.058346 -0.0462681 0.997224 0.589267 0.0454206 0.0813023\n-0.335033 -0.529958 0.55017 -0.00079119 -0.99696 -0.0779122 0.999669 -0.00279261 0.0255826 -0.0257224 -0.0778661 0.996632 0.613554 0.0496005 0.104624\n0.308767 -0.824625 0.123034 0.994514 -0.00433253 -0.10451 0.00348165 0.999959 -0.00832269 0.104542 0.00791317 0.994489 0.0559226 0.0435722 0.806586\n-0.296377 -0.828331 0.107252 0.10449 0.000900593 -0.994526 -0.0860035 0.996262 -0.00813378 0.9908 0.0863826 0.104176 0.777019 0.0344646 0.0568094\n0.0058375 -0.831295 -0.292823 1 0 0 0 1 0 0 0 1 0.582007 0.025174 0.082196\nC 7\n0 1\n1 2\n1 3\n2 4\n3 5\n4 6\n5 6\nS 2\n2\n2 0.347037 -0.525744 0.556952\n3 -0.335033 -0.529958 0.55017\n2\n0.00600237 -0.527851 0.553561\n-0.999931 -0.00617832 -0.00994169\n2\n4 0.308767 -0.824625 0.123034\n5 -0.296377 -0.828331 0.107252\n2\n0.00619504 -0.826478 0.115143\n-0.999641 -0.0061216 -0.0260696\nL 7\n0\n1\n2\n2\n2\n2\n2"
}