{
    "boxes": [
        [
            0.004822500050067902,
            -0.05307399854063988,
            0.12155000120401382,
            0.13248200714588165,
            0.7741289734840393,
            0.8072810173034668,
            0.0,
            1.0,
            0.0,
            0.0,
            0.0,
            1.0
        ],
        [
            -0.43199801445007324,
            0.16332100331783295,
            0.4247260093688965,
            0.3591949939727783,
            0.042583901435136795,
            0.06772469729185104,
            0.004720690194517374,
            0.9998360276222229,
            -0.017470400780439377,
            0.004803840070962906,
            0.01744779944419861,
            0.9998360276222229
        ],
        [
            -0.431674987077713,
            0.1918410062789917,
            0.08886449784040451,
            0.15132300555706024,
            0.7541930079460144,
            0.06789209693670273,
            0.004710060078650713,
            0.8408809900283813,
            -0.5411990284919739,
            -0.0018185200169682503,
            0.5412120223045349,
            0.8408839702606201
        ],
        [
            -0.42065298557281494,
            -0.38648098707199097,
            0.4373120069503784,
            0.8332419991493225,
            0.03209029883146286,
            0.1004749983549118,
            0.015408500097692013,
            0.999809980392456,
            -0.011956599541008472,
            -0.037397198379039764,
            0.012525900267064571,
            0.9992219805717468
        ],
        [
            -0.4260610044002533,
            -0.4187290072441101,
            -0.3058049976825714,
            0.802594006061554,
            0.03892439976334572,
            0.10046800225973129,
            0.02938690036535263,
            0.9541159868240356,
            0.297993004322052,
            -0.016894500702619553,
            -0.2976050078868866,
            0.9545400142669678
        ],
        [
            0.004697250202298164,
            0.2917029857635498,
            -0.3231799900531769,
            0.6158739924430847,
            0.08786389976739883,
            0.7284989953041077,
            0.0008251449908129871,
            0.9715710282325745,
            -0.23674699664115906,
            0.0010503600351512432,
            0.23674599826335907,
            0.9715710282325745
        ]
    ],
    "ops": [
        [
            0,
            0,
            0,
            1,
            2,
            1,
            0,
            0,
            1,
            2,
            1,
            0,
            1
        ]
    ],
    "syms": [
        [
            0.0,
            0.9998430013656616,
            0.01728679984807968,
            0.00377856008708477,
            0.004536599852144718,
            0.17086899280548096,
            0.42637500166893005,
            0.0
        ],
        [
            0.0,
            0.9998490214347839,
            0.017325500026345253,
            -0.0016023500356823206,
            0.005126799922436476,
            -0.37910300493240356,
            0.4366289973258972,
            0.0
        ]
    ],
    "labels:": [
        [
            1,
            3,
            3,
            2,
            2,
            0
        ]
    ],
    "obj": 39699,
    "mat_index": 3338,
    "obbs": "N 10\n0.00469725 0.291703 -0.32318 0.000825145 0.971571 -0.236747 0.00105036 0.236746 0.971571 0.999999 -0.00105036 -0.000825145 0.615874 0.0878639 0.728499\n-0.431998 0.163321 0.424726 0.999977 -0.00480384 -0.00472069 0.00480384 0.0174478 0.999836 -0.00472069 -0.999836 0.0174704 0.0677247 0.0425839 0.359195\n-0.431675 0.191841 0.0888645 0.00181852 -0.541212 -0.840884 0.999987 -0.00297643 0.0040783 -0.00471006 -0.840881 0.541199 0.754193 0.0678921 0.151323\n0.441071 0.178416 0.428025 1 0 0 0 1 0 0 0 1 0.066355 0.321886 0.037916\n0.442098 0.196535 0.0906974 0.00460021 -0.514291 -0.857604 0.998165 -0.0494261 0.0349942 -0.0603852 -0.85619 0.513119 0.750033 0.0761296 0.146807\n0.0048225 -0.053074 0.12155 1 0 0 0 1 0 0 0 1 0.807281 0.132482 0.774129\n0.430907 -0.371725 0.435947 -0.998651 0.000419735 -0.0519218 -0.0519131 0.0119489 0.99858 0.00103955 0.999929 -0.011911 0.0882481 0.0329944 0.862711\n-0.420653 -0.386481 0.437312 -0.999182 0.0149493 -0.0375831 -0.0373972 0.0125259 0.999222 0.0154085 0.99981 -0.0119566 0.100475 0.0320903 0.833242\n0.439113 -0.417522 -0.305243 0.999506 0.0279517 -0.0143751 0.0220379 -0.297108 0.95459 0.0224114 -0.954435 -0.297577 0.0880554 0.0396906 0.804834\n-0.426061 -0.418729 -0.305805 -0.999425 0.0330854 -0.00737364 -0.0168945 -0.297605 0.95454 0.0293869 0.954116 0.297993 0.100468 0.0389244 0.802594\nC 21\n0 5\n0 4\n0 9\n0 8\n0 2\n1 2\n1 5\n1 7\n2 7\n2 9\n2 5\n3 5\n3 6\n3 4\n4 6\n4 8\n4 5\n5 9\n5 6\n5 7\n5 8\nS 4\n2\n1 -0.431998 0.163321 0.424726\n3 0.441071 0.178416 0.428025\n2\n0.0045366 0.170869 0.426375\n0.999843 0.0172868 0.00377856\n2\n2 -0.431675 0.191841 0.0888645\n4 0.442098 0.196535 0.0906974\n2\n0.00521151 0.194188 0.089781\n0.999983 0.00537186 0.00209758\n2\n6 0.430907 -0.371725 0.435947\n7 -0.420653 -0.386481 0.437312\n2\n0.0051268 -0.379103 0.436629\n-0.999849 -0.0173255 0.00160235\n2\n8 0.439113 -0.417522 -0.305243\n9 -0.426061 -0.418729 -0.305805\n2\n0.00652569 -0.418126 -0.305524\n-0.999999 -0.00139442 -0.000649369\nL 10\n0\n3\n3\n3\n3\n1\n2\n2\n2\n2"
}