{
    "boxes": [
        [
            0.0029040600638836622,
            -0.03832269832491875,
            0.10140600055456161,
            0.10825199633836746,
            0.6522930264472961,
            0.7551609873771667,
            0.003620709991082549,
            0.999439001083374,
            0.03330479934811592,
            -6.0310401750029996e-05,
            -0.03330479934811592,
            0.9994450211524963
        ],
        [
            -0.3490540087223053,
            -0.4134489893913269,
            -0.2998749911785126,
            0.7679169774055481,
            0.05236399918794632,
            0.049122799187898636,
            0.12053900212049484,
            0.9651730060577393,
            0.23218899965286255,
            0.09441789984703064,
            -0.2439810037612915,
            0.9651730060577393
        ],
        [
            -0.3473230004310608,
            -0.42234399914741516,
            0.41125598549842834,
            0.7440410256385803,
            0.054682500660419464,
            0.0898417979478836,
            0.15623800456523895,
            0.9754040241241455,
            -0.15548700094223022,
            0.18045300245285034,
            0.12658199667930603,
            0.9754040241241455
        ],
        [
            0.003005499951541424,
            0.31222400069236755,
            -0.20145399868488312,
            0.6306260228157043,
            0.027414999902248383,
            0.670403003692627,
            0.0,
            1.0,
            0.0,
            0.0,
            0.0,
            1.0
        ]
    ],
    "ops": [
        [
            0,
            0,
            0,
            1,
            2,
            1,
            0,
            1
        ]
    ],
    "syms": [
        [
            0.0,
            0.9999889731407166,
            0.00425257021561265,
            -0.0021089999936521053,
            0.0024917901027947664,
            -0.41195398569107056,
            -0.30061599612236023,
            0.0
        ]
    ],
    "labels:": [
        [
            1,
            2,
            2,
            0
        ]
    ],
    "obj": 39721,
    "mat_index": 3346,
    "obbs": "N 6\n0.0030055 0.312224 -0.201454 1 0 0 0 1 0 0 0 1 0.670403 0.630626 0.027415\n0.00290406 -0.0383227 0.101406 0.999993 -0.00362071 -6.03104e-05 0.00362071 0.999439 0.0333048 -6.03104e-05 -0.0333048 0.999445 0.755161 0.108252 0.652293\n0.354037 -0.410459 -0.301358 0.992757 0.0740228 0.0946287 -0.0740228 -0.243516 0.967068 0.0946287 -0.967068 -0.236272 0.0407555 0.0472805 0.774228\n0.352719 -0.423035 0.413866 0.983971 0.157297 0.0840125 -0.105891 0.13632 0.984989 0.143483 -0.978097 0.150791 0.0817098 0.0500637 0.741676\n-0.347323 -0.422344 0.411256 0.156238 0.975404 -0.155487 0.180453 0.126582 0.975404 0.971095 -0.180453 -0.156238 0.744041 0.0546825 0.0898418\n-0.349054 -0.413449 -0.299875 0.988208 -0.0944179 -0.120539 0.0944179 -0.243981 0.965173 -0.120539 -0.965173 -0.232189 0.0491228 0.052364 0.767917\nC 7\n0 1\n0 5\n0 2\n1 2\n1 3\n1 4\n1 5\nS 2\n2\n2 0.354037 -0.410459 -0.301358\n5 -0.349054 -0.413449 -0.299875\n2\n0.00249179 -0.411954 -0.300616\n-0.999989 -0.00425257 0.002109\n2\n3 0.352719 -0.423035 0.413866\n4 -0.347323 -0.422344 0.411256\n2\n0.00269802 -0.422689 0.412561\n-0.999993 0.000986549 -0.00372886\nL 6\n0\n1\n2\n2\n2\n2"
}