{
    "boxes": [
        [
            0.006901999935507774,
            -0.17633800208568573,
            0.14055199921131134,
            0.09174799919128418,
            0.7503700256347656,
            1.0890100002288818,
            0.0,
            1.0,
            0.0,
            0.0,
            0.0,
            1.0
        ],
        [
            -0.3374989926815033,
            -0.4545939862728119,
            -0.2553020119667053,
            0.5743709802627563,
            0.07047659903764725,
            0.11980900168418884,
            0.12108100205659866,
            0.9781169891357422,
            0.16919100284576416,
            -0.16361699998378754,
            -0.14844800531864166,
            0.9752910137176514
        ],
        [
            -0.44548898935317993,
            -0.4564779996871948,
            0.3959980010986328,
            0.5693600177764893,
            0.21542100608348846,
            0.16194500029087067,
            0.0,
            1.0,
            0.0,
            0.0,
            0.0,
            1.0
        ],
        [
            0.4553999900817871,
            -0.4551739990711212,
            0.4471830129623413,
            0.5713580250740051,
            0.11268699914216995,
            0.13648900389671326,
            0.0,
            1.0,
            0.0,
            0.0,
            0.0,
            1.0
        ],
        [
            0.03193899989128113,
            0.35569098591804504,
            -0.22893600165843964,
            0.6977519989013672,
            0.0718270018696785,
            1.0245399475097656,
            0.0,
            1.0,
            0.0,
            0.0,
            0.0,
            1.0
        ],
        [
            -0.34109601378440857,
            0.05306499823927879,
            -0.24421900510787964,
            0.12367700040340424,
            0.04430599883198738,
            0.11346899718046188,
            -0.17148900032043457,
            0.9666979908943176,
            -0.18996299803256989,
            0.04522529989480972,
            0.20034000277519226,
            0.9786819815635681
        ],
        [
            -0.3227919936180115,
            -0.09128729999065399,
            -0.22763699293136597,
            0.2029689997434616,
            0.045483898371458054,
            0.1112229973077774,
            -0.08347500115633011,
            0.9927939772605896,
            -0.08597409725189209,
            0.02307629957795143,
            0.08817789703607559,
            0.9958369731903076
        ]
    ],
    "ops": [
        [
            0,
            0,
            2,
            0,
            0,
            1,
            1,
            1,
            0,
            0,
            0,
            1,
            2,
            1,
            1
        ]
    ],
    "syms": [
        [
            0.0,
            0.9998689889907837,
            0.006287139840424061,
            0.014941800385713577,
            0.04050150141119957,
            -0.4522170126438141,
            -0.24965399503707886,
            0.0
        ],
        [
            0.0,
            0.9999840259552002,
            0.0029706100467592478,
            0.004792049992829561,
            0.06212259829044342,
            0.05426279827952385,
            -0.24228599667549133,
            0.0
        ]
    ],
    "labels:": [
        [
            1,
            2,
            2,
            2,
            0,
            0,
            0
        ]
    ],
    "obj": 39725,
    "mat_index": 3349,
    "obbs": "N 10\n0.006902 -0.176338 0.140552 1 0 0 0 1 0 0 0 1 1.08901 0.091748 0.75037\n0.031939 0.355691 -0.228936 1 0 0 0 1 0 0 0 1 1.02454 0.697752 0.071827\n0.465341 0.0554606 -0.240354 0.259857 0.938204 -0.228578 -0.0656723 0.253332 0.965148 0.963411 -0.235789 0.127444 0.129351 0.0472661 0.11114\n-0.341096 0.053065 -0.244219 0.984147 0.159242 -0.0780755 0.0452253 0.20034 0.978682 0.171489 -0.966698 0.189963 0.113469 0.044306 0.123677\n-0.445489 -0.456478 0.395998 1 0 0 0 1 0 0 0 1 0.161945 0.56936 0.215421\n0.4554 -0.455174 0.447183 1 0 0 0 1 0 0 0 1 0.136489 0.571358 0.112687\n-0.337499 -0.454594 -0.255302 0.121081 0.978117 0.169191 -0.163617 -0.148448 0.975291 0.979065 -0.145772 0.142063 0.574371 0.0704766 0.119809\n0.418502 -0.44984 -0.244005 0.981224 0.0696256 -0.179867 0.188266 -0.143149 0.97163 0.0419025 -0.987249 -0.15357 0.12436 0.0695375 0.578468\n0.43412 -0.0854443 -0.222283 0.181144 0.980507 -0.0761124 -0.0865856 0.0929927 0.991895 0.979637 -0.173086 0.101743 0.225684 0.0440488 0.107899\n-0.322792 -0.0912873 -0.227637 0.996243 0.0811435 -0.0302706 0.0230763 0.0881779 0.995837 0.083475 -0.992794 0.0859741 0.111223 0.0454839 0.202969\nC 21\n0 1\n0 7\n0 6\n0 5\n0 4\n0 9\n0 3\n0 8\n0 2\n1 2\n1 3\n1 8\n1 6\n1 9\n1 7\n2 7\n2 8\n3 9\n3 6\n6 9\n7 8\nS 3\n2\n2 0.465341 0.0554606 -0.240354\n3 -0.341096 0.053065 -0.244219\n2\n0.0621226 0.0542628 -0.242286\n-0.999984 -0.00297061 -0.00479205\n2\n6 -0.337499 -0.454594 -0.255302\n7 0.418502 -0.44984 -0.244005\n2\n0.0405015 -0.452217 -0.249654\n0.999869 0.00628714 0.0149418\n2\n8 0.43412 -0.0854443 -0.222283\n9 -0.322792 -0.0912873 -0.227637\n2\n0.0556643 -0.0883658 -0.22496\n-0.999945 -0.007719 -0.00707276\nL 10\n1\n0\n0\n0\n2\n2\n2\n2\n0\n0"
}