{
    "boxes": [
        [
            0.0036055000964552164,
            -0.06203100085258484,
            0.10209300369024277,
            0.1685899943113327,
            0.7706969976425171,
            0.854761004447937,
            0.0,
            1.0,
            0.0,
            0.0,
            0.0,
            1.0
        ],
        [
            -0.27779000997543335,
            -0.428056001663208,
            -0.289341002702713,
            0.8556849956512451,
            0.11365599930286407,
            0.09679889678955078,
            -0.0028762700967490673,
            0.9901350140571594,
            0.1400880068540573,
            -0.2413710057735443,
            -0.1366340070962906,
            0.9607660174369812
        ],
        [
            -0.3876489996910095,
            -0.4354900121688843,
            0.40314701199531555,
            0.8191699981689453,
            0.07225300371646881,
            0.07225300371646881,
            0.0,
            1.0,
            0.0,
            0.0,
            0.0,
            1.0
        ],
        [
            -0.29654398560523987,
            0.369581013917923,
            -0.294391006231308,
            0.7899850010871887,
            0.0840969979763031,
            0.08521299809217453,
            -0.03275429829955101,
            0.9923200011253357,
            -0.11928500235080719,
            0.31279200315475464,
            0.12353099882602692,
            0.9417539834976196
        ],
        [
            0.0036090000066906214,
            0.7473670244216919,
            -0.3350600004196167,
            0.0540350005030632,
            0.05665700137615204,
            0.6968160271644592,
            0.0,
            1.0,
            0.0,
            0.0,
            0.0,
            1.0
        ],
        [
            0.0036090801004320383,
            0.3735330104827881,
            -0.28845399618148804,
            0.8499450087547302,
            0.07254400104284286,
            0.6968160271644592,
            -1.8765899767458905e-07,
            0.9951769709587097,
            -0.0980914980173111,
            -2.0706499981315574e-07,
            0.0980914980173111,
            0.9951769709587097
        ]
    ],
    "ops": [
        [
            0,
            0,
            0,
            1,
            2,
            1,
            0,
            2,
            0,
            0,
            1,
            1,
            1
        ]
    ],
    "syms": [
        [
            0.0,
            0.9999560117721558,
            -0.006828209850937128,
            -0.006359950173646212,
            0.002824220107868314,
            -0.42997199296951294,
            -0.291126012802124,
            0.0
        ],
        [
            0.0,
            0.999970018863678,
            -0.0007954480242915452,
            0.007650869898498058,
            0.009380429983139038,
            0.3693380057811737,
            -0.2920509874820709,
            0.0
        ]
    ],
    "labels:": [
        [
            1,
            2,
            2,
            0,
            0,
            0
        ]
    ],
    "obj": 39779,
    "mat_index": 3365,
    "obbs": "N 9\n0.003609 0.747367 -0.33506 1 0 0 0 1 0 0 0 1 0.696816 0.054035 0.056657\n0.283438 -0.431888 -0.292911 -0.006446 -0.987806 -0.155554 0.998587 0.00184579 -0.0531016 0.0527412 -0.155677 0.986399 0.848224 0.0805161 0.11267\n-0.27779 -0.428056 -0.289341 -0.00287627 0.990135 0.140088 0.970429 -0.0310499 0.239383 0.241371 0.136634 -0.960766 0.855685 0.0967989 0.113656\n0.39486 -0.43549 0.403147 1 0 0 0 1 0 0 0 1 0.072253 0.81917 0.072253\n-0.387649 -0.43549 0.403147 1 0 0 0 1 0 0 0 1 0.072253 0.81917 0.072253\n0.00360908 0.373533 -0.288454 1 2.07065e-07 1.87659e-07 -2.07065e-07 0.0980915 0.995177 1.87659e-07 -0.995177 0.0980915 0.696816 0.072544 0.849945\n0.315305 0.369095 -0.28971 0.0729063 0.992079 -0.102291 -0.322414 0.120501 0.938898 0.943787 -0.0354716 0.328645 0.791436 0.0854119 0.0870123\n-0.296544 0.369581 -0.294391 0.949257 -0.00646489 -0.314436 0.312792 0.123531 0.941754 0.0327543 -0.99232 0.119285 0.085213 0.084097 0.789985\n0.0036055 -0.062031 0.102093 1 0 0 0 1 0 0 0 1 0.854761 0.16859 0.770697\nC 16\n0 7\n0 6\n0 5\n1 8\n1 5\n1 6\n2 7\n2 8\n2 5\n3 8\n4 8\n5 6\n5 7\n5 8\n6 8\n7 8\nS 3\n2\n1 0.283438 -0.431888 -0.292911\n2 -0.27779 -0.428056 -0.289341\n2\n0.00282422 -0.429972 -0.291126\n-0.999956 0.00682821 0.00635995\n2\n3 0.39486 -0.43549 0.403147\n4 -0.387649 -0.43549 0.403147\n2\n0.0036055 -0.43549 0.403147\n-1 0 0\n2\n6 0.315305 0.369095 -0.28971\n7 -0.296544 0.369581 -0.294391\n2\n0.00938043 0.369338 -0.292051\n-0.99997 0.000795448 -0.00765087\nL 9\n0\n2\n2\n2\n2\n0\n0\n0\n1"
}