{
    "boxes": [
        [
            -0.007015999872237444,
            -0.032625000923871994,
            0.12967100739479065,
            0.13735799491405487,
            0.7069159746170044,
            0.8094540238380432,
            0.0,
            1.0,
            0.0,
            0.0,
            0.0,
            1.0
        ],
        [
            -0.40490299463272095,
            -0.4272949993610382,
            -0.23861899971961975,
            0.6815419793128967,
            0.034313298761844635,
            0.030615799129009247,
            0.08758100122213364,
            0.9666129946708679,
            0.24081000685691833,
            0.6857200264930725,
            -0.23384900391101837,
            0.6892769932746887
        ],
        [
            0.3907740116119385,
            -0.4272080063819885,
            -0.23897400498390198,
            0.6819499731063843,
            0.03076319955289364,
            0.04658370092511177,
            -0.06116100028157234,
            0.9715149998664856,
            0.22894999384880066,
            0.28349000215530396,
            -0.2030249983072281,
            0.937237024307251
        ],
        [
            -0.4338650107383728,
            -0.7675489783287048,
            -0.32051101326942444,
            0.03664899989962578,
            0.042615000158548355,
            0.04261599853634834,
            0.0,
            1.0,
            0.0,
            0.0,
            0.0,
            1.0
        ],
        [
            -0.4557729959487915,
            -0.77053302526474,
            0.4535509943962097,
            0.03092299960553646,
            0.042615000158548355,
            0.042615000158548355,
            0.0,
            1.0,
            0.0,
            0.0,
            0.0,
            1.0
        ],
        [
            -0.42601901292800903,
            -0.4228369891643524,
            0.42072001099586487,
            0.6745619773864746,
            0.042684100568294525,
            0.03057990036904812,
            0.08837059885263443,
            0.9895439743995667,
            -0.11398900300264359,
            -0.07757849991321564,
            0.12092699855566025,
            0.9896249771118164
        ],
        [
            -0.005593129899352789,
            0.30756399035453796,
            -0.2723729908466339,
            0.6132820248603821,
            0.07786519825458527,
            0.6737549901008606,
            0.0050073000602424145,
            0.9872300028800964,
            -0.1592240035533905,
            0.005879510194063187,
            0.1591939926147461,
            0.9872300028800964
        ]
    ],
    "ops": [
        [
            0,
            0,
            0,
            0,
            2,
            1,
            1,
            0,
            0,
            1,
            2,
            1,
            1,
            0,
            1
        ]
    ],
    "syms": [
        [
            0.0,
            1.0,
            -0.0,
            -0.0,
            -0.007015999872237444,
            -0.7675489783287048,
            -0.32051101326942444,
            0.0
        ],
        [
            0.0,
            0.9999949932098389,
            0.0031898999586701393,
            0.0,
            -0.007015500217676163,
            -0.7691019773483276,
            0.4535509943962097,
            0.0
        ]
    ],
    "labels:": [
        [
            1,
            2,
            2,
            2,
            2,
            2,
            0
        ]
    ],
    "obj": 39786,
    "mat_index": 3367,
    "obbs": "N 10\n-0.00559313 0.307564 -0.272373 0.99997 -0.00587951 -0.0050073 0.00587951 0.159194 0.98723 -0.0050073 -0.98723 0.159224 0.673755 0.0778652 0.613282\n-0.455773 -0.770533 0.453551 1 0 0 0 1 0 0 0 1 0.042615 0.030923 0.042615\n0.419833 -0.767549 -0.320511 1 0 0 0 1 0 0 0 1 0.042616 0.036649 0.042615\n0.441742 -0.76767 0.453551 1 0 0 0 1 0 0 0 1 0.042613 0.036649 0.042615\n-0.433865 -0.767549 -0.320511 1 0 0 0 1 0 0 0 1 0.042616 0.036649 0.042615\n-0.007016 -0.032625 0.129671 1 0 0 0 1 0 0 0 1 0.809454 0.137358 0.706916\n0.390774 -0.427208 -0.238974 -0.061161 0.971515 0.22895 0.28349 -0.203025 0.937237 0.957023 0.122228 -0.262998 0.68195 0.0307632 0.0465837\n-0.404903 -0.427295 -0.238619 -0.68572 0.233849 -0.689277 0.722577 0.104761 -0.683306 -0.087581 -0.966613 -0.24081 0.0343133 0.0306158 0.681542\n-0.426019 -0.422837 0.42072 0.0883706 0.989544 -0.113989 0.993062 -0.0786107 0.0874537 0.0775785 -0.120927 -0.989625 0.674562 0.0305799 0.0426841\n0.411988 -0.422846 0.420629 -0.0882661 0.992745 -0.0816544 0.992055 0.0949891 0.0824818 0.0896397 -0.0737253 -0.993242 0.674493 0.0305802 0.0403003\nC 11\n0 7\n0 6\n0 5\n1 8\n2 6\n3 9\n4 7\n5 9\n5 6\n5 7\n5 8\nS 3\n2\n1 -0.455773 -0.770533 0.453551\n3 0.441742 -0.76767 0.453551\n2\n-0.0070155 -0.769102 0.453551\n0.999995 0.0031899 0\n2\n2 0.419833 -0.767549 -0.320511\n4 -0.433865 -0.767549 -0.320511\n2\n-0.007016 -0.767549 -0.320511\n-1 0 0\n2\n8 -0.426019 -0.422837 0.42072\n9 0.411988 -0.422846 0.420629\n2\n-0.00701571 -0.422841 0.420675\n1 -1.04783e-05 -0.000109022\nL 10\n0\n2\n2\n2\n2\n1\n2\n2\n2\n2"
}