{
    "boxes": [
        [
            0.01107999961823225,
            0.19784800708293915,
            0.0532039999961853,
            0.14514300227165222,
            0.603655993938446,
            0.723691999912262,
            0.0,
            1.0,
            0.0,
            0.0,
            0.0,
            1.0
        ],
        [
            -0.27441999316215515,
            -0.34636300802230835,
            0.28780800104141235,
            1.1102099418640137,
            0.08091700077056885,
            0.08690200001001358,
            0.0,
            1.0,
            0.0,
            0.0,
            0.0,
            1.0
        ],
        [
            -0.2361910045146942,
            -0.34636300802230835,
            -0.2069389969110489,
            1.1102099418640137,
            0.08091600239276886,
            0.08690200001001358,
            0.0,
            1.0,
            0.0,
            0.0,
            0.0,
            1.0
        ],
        [
            -0.2553049921989441,
            -0.47999700903892517,
            0.040434498339891434,
            0.07418560236692429,
            0.41989201307296753,
            0.04198769852519035,
            0.002026919974014163,
            0.9996709823608398,
            -0.0255878996104002,
            -0.0789405032992363,
            0.025668099522590637,
            0.9965490102767944
        ],
        [
            0.011080499738454819,
            -0.49005401134490967,
            -0.2069389969110489,
            0.04246300086379051,
            0.04089700058102608,
            0.41633298993110657,
            0.0,
            1.0,
            0.0,
            0.0,
            0.0,
            1.0
        ],
        [
            -0.2529659867286682,
            0.4775879979133606,
            -0.2409140020608902,
            0.5448079705238342,
            0.04580710083246231,
            0.07798279821872711,
            -0.04005039855837822,
            0.997901976108551,
            -0.05087510123848915,
            0.06807190179824829,
            0.05352260172367096,
            0.9962440133094788
        ],
        [
            0.011080499738454819,
            0.47214800119400024,
            -0.23621000349521637,
            0.5279690027236938,
            0.024549800902605057,
            0.4351530075073242,
            -5.2890598567501e-08,
            0.9993879795074463,
            -0.03498139977455139,
            -5.4774400126689216e-08,
            0.03498139977455139,
            0.9993879795074463
        ],
        [
            0.01103499997407198,
            0.7328619956970215,
            -0.2520039975643158,
            0.10472699999809265,
            0.03354400023818016,
            0.6591539978981018,
            0.0,
            1.0,
            0.0,
            0.0,
            0.0,
            1.0
        ]
    ],
    "ops": [
        [
            0,
            0,
            2,
            0,
            2,
            0,
            2,
            0,
            2,
            1,
            1,
            1,
            1,
            0,
            2,
            0,
            0,
            1,
            1,
            1
        ]
    ],
    "syms": [
        [
            0.0,
            1.0,
            -0.0,
            -0.0,
            0.01107999961823225,
            -0.34636300802230835,
            0.28780800104141235,
            0.0
        ],
        [
            0.0,
            1.0,
            0.0,
            0.0,
            0.01107999961823225,
            -0.34636300802230835,
            -0.2069389969110489,
            0.0
        ],
        [
            0.0,
            1.0,
            1.0419300006360435e-16,
            -7.387900069488751e-08,
            0.011080499738454819,
            -0.47999700903892517,
            0.040434498339891434,
            0.0
        ],
        [
            0.0,
            0.0,
            0.0,
            1.0,
            0.011080499738454819,
            -0.49005401134490967,
            0.040434498339891434,
            0.0
        ],
        [
            0.0,
            0.9999889731407166,
            0.004015900194644928,
            -0.00237448001280427,
            0.008462170138955116,
            0.4786379933357239,
            -0.24153399467468262,
            0.0
        ]
    ],
    "labels:": [
        [
            1,
            2,
            2,
            2,
            2,
            0,
            0,
            0
        ]
    ],
    "obj": 39897,
    "mat_index": 3396,
    "obbs": "N 13\n0.0110805 0.472148 -0.23621 1 5.47744e-08 5.28906e-08 -5.47744e-08 0.0349814 0.999388 5.28906e-08 -0.999388 0.0349814 0.435153 0.0245498 0.527969\n0.011035 0.732862 -0.252004 1 0 0 0 1 0 0 0 1 0.659154 0.104727 0.033544\n0.01108 0.197848 0.053204 1 0 0 0 1 0 0 0 1 0.723692 0.145143 0.603656\n0.26989 0.479688 -0.242155 0.996213 -0.030707 -0.0813478 0.0829018 0.0532784 0.995133 -0.0262235 -0.998107 0.0556223 0.0749981 0.0471823 0.548205\n-0.252966 0.477588 -0.240914 0.996876 0.0364368 -0.0700727 0.0680719 0.0535226 0.996244 0.0400504 -0.997902 0.0508751 0.0779828 0.0458071 0.544808\n0.0110805 -0.490054 -0.206939 1 0 0 0 1 0 0 0 1 0.416333 0.042463 0.040897\n0.277466 -0.479996 0.0404345 -0.00202685 -0.999671 -0.0255867 0.996877 1.11022e-16 -0.0789678 0.0789418 -0.0256668 0.996549 0.0741851 0.0419882 0.419892\n0.0110805 -0.490054 0.287809 1 0 0 0 1 0 0 0 1 0.492791 0.042463 0.040897\n-0.255305 -0.479997 0.0404345 0.0789405 -0.0256681 -0.996549 0.996877 1.11022e-16 0.0789666 -0.00202692 -0.999671 0.0255879 0.419892 0.0419877 0.0741856\n-0.236191 -0.346363 -0.206939 1 0 0 0 1 0 0 0 1 0.086902 1.11021 0.080916\n0.258351 -0.346363 -0.206939 1 0 0 0 1 0 0 0 1 0.086902 1.11021 0.080916\n0.29658 -0.346363 0.287808 1 0 0 0 1 0 0 0 1 0.086902 1.11021 0.080917\n-0.27442 -0.346363 0.287808 1 0 0 0 1 0 0 0 1 0.086902 1.11021 0.080917\nC 28\n0 2\n0 10\n0 3\n0 4\n0 1\n0 9\n1 3\n1 4\n2 12\n2 9\n2 10\n2 3\n2 11\n2 4\n3 10\n4 9\n5 9\n5 6\n5 8\n5 10\n6 7\n6 10\n6 11\n7 12\n7 11\n7 8\n8 9\n8 12\nS 5\n2\n3 0.26989 0.479688 -0.242155\n4 -0.252966 0.477588 -0.240914\n2\n0.00846217 0.478638 -0.241534\n-0.999989 -0.0040159 0.00237448\n2\n6 0.277466 -0.479996 0.0404345\n8 -0.255305 -0.479997 0.0404345\n2\n0.0110805 -0.479997 0.0404345\n-1 -1.04193e-16 7.3879e-08\n2\n5 0.0110805 -0.490054 -0.206939\n7 0.0110805 -0.490054 0.287809\n2\n0.0110805 -0.490054 0.0404345\n0 0 1\n2\n9 -0.236191 -0.346363 -0.206939\n10 0.258351 -0.346363 -0.206939\n2\n0.01108 -0.346363 -0.206939\n1 0 0\n2\n11 0.29658 -0.346363 0.287808\n12 -0.27442 -0.346363 0.287808\n2\n0.01108 -0.346363 0.287808\n-1 0 0\nL 13\n0\n0\n1\n0\n0\n2\n2\n2\n2\n2\n2\n2\n2"
}