{
    "boxes": [
        [
            -0.00025499999173916876,
            0.08375699818134308,
            0.060118500143289566,
            0.1724179983139038,
            0.5492389798164368,
            0.5734580159187317,
            0.0,
            1.0,
            0.0,
            0.0,
            0.0,
            1.0
        ],
        [
            -0.2165759950876236,
            -0.27862799167633057,
            -0.20514699816703796,
            1.2301199436187744,
            0.11971300095319748,
            0.060343898832798004,
            0.01980699971318245,
            0.9994009733200073,
            -0.028395500034093857,
            0.18097999691963196,
            0.024348000064492226,
            0.9831849932670593
        ],
        [
            -0.26747000217437744,
            -0.4171989858150482,
            0.32781198620796204,
            0.9618960022926331,
            0.07637050002813339,
            0.06238719820976257,
            0.027065299451351166,
            0.9982810020446777,
            -0.05198090150952339,
            -0.3511820137500763,
            0.05818089842796326,
            0.9344980120658875
        ],
        [
            -0.2417059987783432,
            -0.47981101274490356,
            0.06503749638795853,
            0.03284100070595741,
            0.5330650210380554,
            0.08421599864959717,
            0.0,
            1.0,
            0.0,
            0.0,
            0.0,
            1.0
        ],
        [
            -0.0024625000078231096,
            -0.4798089861869812,
            -0.1944430023431778,
            0.032839998602867126,
            0.031314000487327576,
            0.4311470091342926,
            0.0,
            1.0,
            0.0,
            0.0,
            0.0,
            1.0
        ],
        [
            -0.210097998380661,
            0.15566499531269073,
            -0.2300260066986084,
            0.3866490125656128,
            0.07752609997987747,
            0.058962199836969376,
            -0.019910000264644623,
            0.9452340006828308,
            -0.3257850110530853,
            0.1911499947309494,
            0.32343798875808716,
            0.9267410039901733
        ],
        [
            -0.00042215900612063706,
            0.48627999424934387,
            -0.29014700651168823,
            0.5367479920387268,
            0.06290949881076813,
            0.4618479907512665,
            0.0475165992975235,
            0.9856899976730347,
            -0.16172899305820465,
            -0.005682310089468956,
            0.16217699646949768,
            0.9867449998855591
        ],
        [
            -0.00045353101450018585,
            0.4839310050010681,
            -0.2909319996833801,
            0.6073319911956787,
            0.06364019960165024,
            0.5348590016365051,
            0.04751500114798546,
            0.9857450127601624,
            -0.16139499843120575,
            -0.005682149901986122,
            0.1618420034646988,
            0.9868000149726868
        ]
    ],
    "ops": [
        [
            0,
            0,
            2,
            0,
            2,
            0,
            2,
            0,
            2,
            1,
            1,
            1,
            1,
            0,
            2,
            0,
            0,
            1,
            1,
            1
        ]
    ],
    "syms": [
        [
            0.0,
            0.9999949932098389,
            9.894640243146569e-05,
            -0.003018219955265522,
            -0.00022365699987858534,
            -0.27860701084136963,
            -0.20579999685287476,
            0.0
        ],
        [
            0.0,
            1.0,
            -1.5405800013468252e-06,
            1.0962099622702226e-05,
            -0.00017557399405632168,
            -0.4171989858150482,
            0.3278149962425232,
            0.0
        ],
        [
            0.0,
            0.9999970197677612,
            -0.00017877999925985932,
            0.0024395000655204058,
            0.0056673199869692326,
            -0.4798550009727478,
            0.06564100086688995,
            0.0
        ],
        [
            0.0,
            0.0039761802181601524,
            -9.747930107550928e-07,
            0.9999920129776001,
            -0.001442749984562397,
            -0.4798089861869812,
            0.062019698321819305,
            0.0
        ],
        [
            0.0,
            0.9993579983711243,
            -0.03489049896597862,
            0.008142770268023014,
            -0.0009303750121034682,
            0.14836199581623077,
            -0.22832199931144714,
            0.0
        ]
    ],
    "labels:": [
        [
            1,
            2,
            2,
            2,
            2,
            0,
            0,
            0
        ]
    ],
    "obj": 39920,
    "mat_index": 3407,
    "obbs": "N 13\n-0.000422159 0.48628 -0.290147 0.0475166 0.98569 -0.161729 -0.00568231 0.162177 0.986745 0.998854 -0.0459677 0.0133071 0.536748 0.0629095 0.461848\n-0.000255 0.083757 0.0601185 1 0 0 0 1 0 0 0 1 0.573458 0.172418 0.549239\n-0.000423 -0.479809 0.318483 1 0 0 0 1 0 0 0 1 0.559504 0.032843 0.026945\n0.253041 -0.479899 0.0662444 -0.119681 -0.0150596 -0.992698 0.992746 -0.013346 -0.119484 -0.0114492 -0.999798 0.0165477 0.527007 0.0458599 0.0402975\n-0.0024625 -0.479809 -0.194443 1 0 0 0 1 0 0 0 1 0.431147 0.03284 0.031314\n-0.241706 -0.479811 0.0650375 1 0 0 0 1 0 0 0 1 0.084216 0.032841 0.533065\n-0.210098 0.155665 -0.230026 0.981359 -0.0438224 -0.187121 0.19115 0.323438 0.926741 0.01991 -0.945234 0.325785 0.0589622 0.0775261 0.386649\n0.208237 0.14106 -0.226618 -0.931978 -0.120082 -0.34205 -0.36237 0.28178 0.888419 -0.0103006 0.951935 -0.306127 0.0700416 0.0848814 0.416099\n-0.26747 -0.417199 0.327812 0.0270653 0.998281 -0.0519809 -0.351182 0.0581809 0.934498 0.935916 -0.00703772 0.352153 0.961896 0.0763705 0.0623872\n0.267119 -0.4172 0.327818 -0.0269887 0.998282 -0.0520082 0.351262 0.05818 0.934468 0.935888 0.00695156 -0.352229 0.961895 0.0763721 0.0624362\n0.216129 -0.278585 -0.206453 0.186254 -0.0225174 -0.982243 0.982358 0.0213706 0.185786 0.0168078 -0.999518 0.0261005 0.120675 0.0624074 1.23053\n-0.216576 -0.278628 -0.205147 -0.019807 -0.999401 0.0283955 0.983287 -0.0246129 -0.180389 0.18098 0.024348 0.983185 1.23012 0.0603439 0.119713\n-0.000453531 0.483931 -0.290932 0.047515 0.985745 -0.161395 -0.00568215 0.161842 0.9868 0.998854 -0.0459708 0.0132911 0.607332 0.0636402 0.534859\nC 31\n0 7\n0 10\n0 11\n0 12\n0 1\n0 6\n1 6\n1 11\n1 10\n1 9\n1 12\n1 8\n1 7\n2 8\n2 5\n2 9\n2 3\n3 10\n3 9\n3 4\n4 10\n4 5\n4 11\n5 8\n5 11\n6 11\n6 12\n7 12\n7 10\n10 12\n11 12\nS 5\n2\n3 0.253041 -0.479899 0.0662444\n5 -0.241706 -0.479811 0.0650375\n2\n0.00566732 -0.479855 0.065641\n-0.999997 0.00017878 -0.0024395\n2\n2 -0.000423 -0.479809 0.318483\n4 -0.0024625 -0.479809 -0.194443\n2\n-0.00144275 -0.479809 0.0620197\n-0.00397618 9.74793e-07 -0.999992\n2\n6 -0.210098 0.155665 -0.230026\n7 0.208237 0.14106 -0.226618\n2\n-0.000930375 0.148362 -0.228322\n0.999358 -0.0348905 0.00814277\n2\n8 -0.26747 -0.417199 0.327812\n9 0.267119 -0.4172 0.327818\n2\n-0.000175574 -0.417199 0.327815\n1 -1.54058e-06 1.09621e-05\n2\n10 0.216129 -0.278585 -0.206453\n11 -0.216576 -0.278628 -0.205147\n2\n-0.000223657 -0.278607 -0.2058\n-0.999995 -9.89464e-05 0.00301822\nL 13\n0\n1\n2\n2\n2\n2\n0\n0\n2\n2\n2\n2\n0"
}