{
    "boxes": [
        [
            -0.005342999938875437,
            -0.02418549917638302,
            0.12999199330806732,
            0.18308700621128082,
            0.7871549725532532,
            0.7737879753112793,
            0.0,
            1.0,
            0.0,
            0.0,
            0.0,
            1.0
        ],
        [
            -0.27512601017951965,
            -0.3905479907989502,
            -0.20292699337005615,
            0.7835959792137146,
            0.10730499774217606,
            0.07196799665689468,
            0.0,
            1.0,
            0.0,
            0.0,
            0.0,
            1.0
        ],
        [
            -0.31254899501800537,
            -0.6303629875183105,
            0.1281290054321289,
            0.08876699954271317,
            0.6133109927177429,
            0.07349289953708649,
            0.3718859851360321,
            0.9264699816703796,
            0.05792149901390076,
            -0.10814400017261505,
            -0.01873149909079075,
            0.9939590096473694
        ],
        [
            -0.3434549868106842,
            -0.38203901052474976,
            0.4581640064716339,
            0.8045009970664978,
            0.10626500099897385,
            0.06027799844741821,
            0.0,
            1.0,
            0.0,
            0.0,
            0.0,
            1.0
        ],
        [
            -0.005208380054682493,
            0.5565000176429749,
            -0.29202499985694885,
            0.5176119804382324,
            0.02258959971368313,
            0.04839099943637848,
            0.004461280070245266,
            0.9879549741744995,
            -0.15467900037765503,
            0.005214040167629719,
            0.15465599298477173,
            0.9879549741744995
        ],
        [
            -0.005370100028812885,
            0.8182929754257202,
            -0.33645400404930115,
            0.14222000539302826,
            0.08211710304021835,
            0.6086450219154358,
            -0.0040021599270403385,
            0.9837250113487244,
            -0.17963899672031403,
            -0.004799129907041788,
            0.17961899936199188,
            0.9837250113487244
        ],
        [
            -0.11029300093650818,
            0.5581439733505249,
            -0.29048699140548706,
            0.5176119804382324,
            0.022590499371290207,
            0.04839169979095459,
            0.004460569936782122,
            0.9879549741744995,
            -0.15467900037765503,
            0.00521322013810277,
            0.15465499460697174,
            0.9879549741744995
        ],
        [
            -0.2692529857158661,
            0.40709200501441956,
            -0.2780100107192993,
            0.762270987033844,
            0.0930102989077568,
            0.0912133976817131,
            -0.0060215299017727375,
            0.9921339750289917,
            -0.12503699958324432,
            0.12503699958324432,
            0.12480500340461731,
            0.9842709898948669
        ]
    ],
    "ops": [
        [
            0,
            0,
            0,
            0,
            1,
            1,
            2,
            1,
            0,
            0,
            2,
            1,
            0,
            0,
            1,
            2,
            1,
            1
        ]
    ],
    "syms": [
        [
            0.0,
            0.9999989867210388,
            -0.001494979951530695,
            7.083450327627361e-05,
            -0.006895250175148249,
            -0.390949010848999,
            -0.202906996011734,
            0.0
        ],
        [
            0.0,
            0.0005074649816378951,
            0.9891080260276794,
            -0.1471939980983734,
            -0.005507939960807562,
            0.5496339797973633,
            -0.2964729964733124,
            0.0
        ],
        [
            0.0,
            0.9982399940490723,
            -0.059199199080467224,
            -0.0034775501117110252,
            -0.006848860066384077,
            0.5520089864730835,
            -0.2908479869365692,
            0.0
        ]
    ],
    "labels:": [
        [
            1,
            2,
            2,
            2,
            0,
            0,
            0,
            0
        ]
    ],
    "obj": 39975,
    "mat_index": 3431,
    "obbs": "N 14\n-0.0053701 0.818293 -0.336454 -0.00400216 0.983725 -0.179639 -0.00479913 0.179619 0.983725 0.99998 0.00479913 0.00400216 0.14222 0.0821171 0.608645\n-0.00564577 0.280975 -0.256493 0.99904 0.038083 -0.0216702 0.013063 0.213208 0.976919 0.0418242 -0.976264 0.212506 0.479279 0.0689398 0.106984\n-0.005343 -0.0241855 0.129992 1 0 0 0 1 0 0 0 1 0.773788 0.183087 0.787155\n0.0965952 0.545875 -0.291208 0.997672 -0.0160875 -0.0662756 0.067879 0.140026 0.987818 -0.00661126 -0.990017 0.140792 0.0632095 0.0405462 0.480421\n-0.00520838 0.5565 -0.292025 0.999976 -0.00521404 -0.00446128 0.00521404 0.154656 0.987955 -0.00446128 -0.987955 0.154679 0.048391 0.0225896 0.517612\n-0.110293 0.558144 -0.290487 0.999976 -0.00521322 -0.00446057 0.00521322 0.154655 0.987955 -0.00446057 -0.987955 0.154679 0.0483917 0.0225905 0.517612\n-0.312549 -0.630363 0.128129 -0.921958 0.375903 -0.0932265 0.371886 0.92647 0.0579215 0.108144 0.0187315 -0.993959 0.0734929 0.088767 0.613311\n0.301928 -0.625445 0.136694 0.990855 0.0862037 -0.1038 -0.0849045 0.996246 0.0168786 0.104865 -0.00791117 0.994455 0.0629805 0.0884767 0.624434\n-0.343455 -0.382039 0.458164 1 0 0 0 1 0 0 0 1 0.060278 0.804501 0.106265\n0.333034 -0.380819 0.462128 1 0 0 0 1 0 0 0 1 0.060276 0.80101 0.098344\n0.261335 -0.39135 -0.202888 1 0 0 0 1 0 0 0 1 0.082161 0.78235 0.107379\n-0.275126 -0.390548 -0.202927 1 0 0 0 1 0 0 0 1 0.071968 0.783596 0.107305\n0.265134 0.409993 -0.277281 0.0910652 -0.167683 -0.981626 0.995638 -0.00478548 0.0931825 -0.0203226 -0.985829 0.166515 0.0967863 0.0992617 0.787131\n-0.269253 0.407092 -0.27801 -0.125037 -0.124805 -0.984271 0.992134 -0.0097074 -0.124805 0.00602153 -0.992134 0.125037 0.0930103 0.0912134 0.762271\nC 35\n0 3\n0 4\n0 12\n0 5\n0 13\n1 3\n1 11\n1 2\n1 5\n1 10\n1 13\n1 4\n1 12\n2 8\n2 12\n2 5\n2 9\n2 13\n2 10\n2 3\n2 11\n2 4\n3 5\n3 12\n3 4\n4 12\n4 13\n4 5\n5 13\n6 11\n6 8\n7 10\n7 9\n10 12\n11 13\nS 6\n2\n0 -0.0053701 0.818293 -0.336454\n1 -0.00564577 0.280975 -0.256493\n2\n-0.00550794 0.549634 -0.296473\n-0.000507465 -0.989108 0.147194\n2\n5 -0.110293 0.558144 -0.290487\n3 0.0965952 0.545875 -0.291208\n2\n-0.00684886 0.552009 -0.290848\n0.99824 -0.0591992 -0.00347755\n2\n6 -0.312549 -0.630363 0.128129\n7 0.301928 -0.625445 0.136694\n2\n-0.00531086 -0.627904 0.132412\n0.999871 0.00800284 0.0139368\n2\n8 -0.343455 -0.382039 0.458164\n9 0.333034 -0.380819 0.462128\n2\n-0.0052105 -0.381429 0.460146\n0.999981 0.00180266 0.00585882\n2\n10 0.261335 -0.39135 -0.202888\n11 -0.275126 -0.390548 -0.202927\n2\n-0.00689525 -0.390949 -0.202907\n-0.999999 0.00149498 -7.08345e-05\n2\n12 0.265134 0.409993 -0.277281\n13 -0.269253 0.407092 -0.27801\n2\n-0.00205944 0.408543 -0.277646\n-0.999984 -0.00542754 -0.00136495\nL 14\n0\n0\n1\n0\n0\n0\n2\n2\n2\n2\n2\n2\n0\n0"
}