{
    "boxes": [
        [
            -0.005590429995208979,
            -0.12941600382328033,
            0.21922799944877625,
            0.15290400385856628,
            0.7659689784049988,
            0.7841780185699463,
            0.009116379544138908,
            0.9963170289993286,
            -0.0852632001042366,
            0.0003893630055245012,
            0.0852632001042366,
            0.9963579773902893
        ],
        [
            -0.005915500223636627,
            -0.48444899916648865,
            0.1420460045337677,
            0.05454099923372269,
            0.05815599858760834,
            0.6320269703865051,
            0.0,
            1.0,
            0.0,
            0.0,
            0.0,
            1.0
        ],
        [
            -0.37457698583602905,
            -0.5225059986114502,
            0.18308399617671967,
            0.8402829766273499,
            0.1795330047607422,
            0.060309998691082,
            -0.005194869823753834,
            0.7608299851417542,
            -0.648930013179779,
            0.09511139988899231,
            0.6463729739189148,
            0.7570710182189941
        ],
        [
            -0.33605098724365234,
            -0.4783500134944916,
            0.16190099716186523,
            1.0003600120544434,
            0.11592700332403183,
            0.09044279903173447,
            -0.0036904599983245134,
            0.7095710039138794,
            0.7046250104904175,
            0.00863736029714346,
            -0.7045800089836121,
            0.7095720171928406
        ],
        [
            -0.008967800065875053,
            0.35806000232696533,
            -0.23292000591754913,
            0.8656049966812134,
            0.09180010110139847,
            0.6969889998435974,
            0.003423640038818121,
            0.968421995639801,
            -0.24929100275039673,
            0.004416530020534992,
            0.24927599728107452,
            0.968421995639801
        ],
        [
            -0.3631489872932434,
            0.33532199263572693,
            -0.23724499344825745,
            0.9305760264396667,
            0.1388539969921112,
            0.08013959974050522,
            0.004321990069001913,
            0.9709060192108154,
            -0.2394219934940338,
            0.08689650148153305,
            0.23815399408340454,
            0.9673320055007935
        ]
    ],
    "ops": [
        [
            0,
            0,
            0,
            0,
            1,
            2,
            1,
            1,
            0,
            0,
            2,
            1,
            1
        ]
    ],
    "syms": [
        [
            0.0,
            0.9999330043792725,
            -0.003696280065923929,
            0.010944699868559837,
            -0.005298859905451536,
            -0.5238710045814514,
            0.18712599575519562,
            0.0
        ],
        [
            0.0,
            0.9998000264167786,
            -0.018967799842357635,
            0.00631324015557766,
            -0.010065499693155289,
            0.32862401008605957,
            -0.23501600325107574,
            0.0
        ]
    ],
    "labels:": [
        [
            1,
            2,
            2,
            2,
            0,
            0
        ]
    ],
    "obj": 39990,
    "mat_index": 3440,
    "obbs": "N 9\n-0.0089678 0.35806 -0.23292 0.00342364 0.968422 -0.249291 0.00441653 0.249276 0.968422 0.999984 -0.00441653 -0.00342364 0.865605 0.0918001 0.696989\n-0.0059155 -0.484449 0.142046 1 0 0 0 1 0 0 0 1 0.632027 0.054541 0.058156\n-0.00559043 -0.129416 0.219228 0.999958 -0.00911638 0.000389363 0.00911638 0.996317 -0.0852632 0.000389363 0.0852632 0.996358 0.784178 0.152904 0.765969\n0.343018 0.321925 -0.232786 0.0967505 -0.268141 -0.958509 0.99529 0.0201065 0.0948383 -0.00615773 -0.96317 0.268823 0.143301 0.0985337 0.96027\n-0.363149 0.335322 -0.237245 0.00432199 0.970906 -0.239422 0.996208 -0.0249858 -0.083339 -0.0868965 -0.238154 -0.967332 0.930576 0.0801396 0.138854\n-0.374577 -0.522506 0.183084 -0.00519487 0.76083 -0.64893 0.995453 -0.0577878 -0.0757215 -0.0951114 -0.646373 -0.757071 0.840283 0.06031 0.179533\n0.363979 -0.525236 0.191168 0.0760976 -0.622805 -0.778667 0.9971 0.0471579 0.0597261 -0.000477398 -0.780954 0.624588 0.170809 0.0534497 0.822585\n0.330449 -0.478979 0.160993 -0.00157425 -0.702672 -0.711512 0.999944 -0.00853393 0.00621549 -0.0104394 -0.711462 0.702647 0.998359 0.0763889 0.117204\n-0.336051 -0.47835 0.161901 0.00369046 -0.709571 -0.704625 0.999956 0.00870474 -0.00352859 0.00863736 -0.70458 0.709572 1.00036 0.0904428 0.115927\nC 19\n0 6\n0 5\n0 4\n0 3\n0 2\n1 5\n1 8\n1 7\n1 6\n2 7\n2 6\n2 8\n2 4\n2 3\n2 5\n3 6\n4 5\n5 8\n6 7\nS 3\n2\n3 0.343018 0.321925 -0.232786\n4 -0.363149 0.335322 -0.237245\n2\n-0.0100655 0.328624 -0.235016\n-0.9998 0.0189678 -0.00631324\n2\n5 -0.374577 -0.522506 0.183084\n6 0.363979 -0.525236 0.191168\n2\n-0.00529886 -0.523871 0.187126\n0.999933 -0.00369628 0.0109447\n2\n7 0.330449 -0.478979 0.160993\n8 -0.336051 -0.47835 0.161901\n2\n-0.00280058 -0.478664 0.161447\n-0.999999 0.000943178 0.00136181\nL 9\n0\n2\n1\n0\n0\n2\n2\n2\n2"
}