{
    "boxes": [
        [
            -0.00622999994084239,
            -0.1696760058403015,
            0.08816699683666229,
            0.20462800562381744,
            0.6979600191116333,
            0.6945340037345886,
            0.0,
            1.0,
            0.0,
            0.0,
            0.0,
            1.0
        ],
        [
            -0.32315200567245483,
            0.09011050313711166,
            0.11526499688625336,
            0.2088409960269928,
            0.613556981086731,
            0.09574399888515472,
            0.0,
            1.0,
            0.0,
            0.0,
            0.0,
            1.0
        ],
        [
            -0.32662999629974365,
            0.024234000593423843,
            0.3915550112724304,
            0.26431798934936523,
            0.0907910019159317,
            0.055323000997304916,
            0.0,
            1.0,
            0.0,
            0.0,
            0.0,
            1.0
        ],
        [
            -0.3321720063686371,
            0.18790799379348755,
            0.1434050053358078,
            0.06645379960536957,
            0.48447901010513306,
            0.11447200179100037,
            -0.11616600304841995,
            0.993228018283844,
            0.0017045499989762902,
            9.934179979609326e-05,
            -0.0017045499989762902,
            0.9999989867210388
        ],
        [
            -0.3068920075893402,
            -0.5382570028305054,
            -0.23570099472999573,
            0.6454939842224121,
            0.10592000186443329,
            0.11453299969434738,
            -0.019646599888801575,
            0.9969930052757263,
            0.07495909929275513,
            -0.2823759913444519,
            -0.07745440304279327,
            0.956171989440918
        ],
        [
            -0.30794399976730347,
            -0.5370830297470093,
            0.3913460075855255,
            0.6414170265197754,
            0.09160199761390686,
            0.09040900319814682,
            0.0,
            1.0,
            0.0,
            0.0,
            0.0,
            1.0
        ],
        [
            -0.004607560113072395,
            0.4176259934902191,
            -0.22286799550056458,
            0.8340399861335754,
            0.10070899873971939,
            0.5285390019416809,
            0.0005798690253868699,
            0.9975389838218689,
            -0.07011180371046066,
            0.0006220560171641409,
            0.07011140137910843,
            0.9975389838218689
        ],
        [
            -0.29672500491142273,
            0.36342599987983704,
            -0.23541200160980225,
            0.95004802942276,
            0.1296360045671463,
            0.11911500245332718,
            0.00045645100180990994,
            0.995980978012085,
            -0.08956730365753174,
            -0.0677454024553299,
            0.08939240127801895,
            0.993690013885498
        ]
    ],
    "ops": [
        [
            0,
            0,
            0,
            0,
            1,
            1,
            2,
            1,
            0,
            0,
            1,
            2,
            1,
            0,
            0,
            2,
            1,
            1
        ]
    ],
    "syms": [
        [
            0.0,
            0.9999319911003113,
            0.0016541200457140803,
            0.01150980032980442,
            -0.004272500053048134,
            0.09063799679279327,
            0.1189349964261055,
            0.0
        ],
        [
            0.0,
            0.9999949932098389,
            -0.002787600038573146,
            0.0017931399634107947,
            -0.00499197980388999,
            -0.5390980243682861,
            -0.2351599931716919,
            0.0
        ],
        [
            0.0,
            0.9999930262565613,
            0.003511460032314062,
            -0.0014852200401946902,
            -0.004351810086518526,
            0.364452987909317,
            -0.23584599792957306,
            0.0
        ]
    ],
    "labels:": [
        [
            1,
            3,
            3,
            3,
            2,
            2,
            0,
            0
        ]
    ],
    "obj": 2549,
    "mat_index": 345,
    "obbs": "N 14\n-0.00460756 0.417626 -0.222868 1 -0.000622056 -0.000579869 0.000622056 0.0701114 0.997539 -0.000579869 -0.997539 0.0701118 0.528539 0.100709 0.83404\n-0.00623 -0.169676 0.088167 1 0 0 0 1 0 0 0 1 0.694534 0.204628 0.69796\n-0.296725 0.363426 -0.235412 0.0677454 -0.0893924 -0.99369 0.997703 0.0056142 0.0675139 -0.000456451 -0.995981 0.0895673 0.129636 0.119115 0.950048\n0.288022 0.36548 -0.23628 -4.01766e-05 0.996875 -0.0789893 0.999668 0.00207449 0.0256724 0.0257561 -0.078962 -0.996545 0.944928 0.108486 0.13223\n0.308053 0.03165 0.392483 0.0273851 0.999454 -0.0184887 0.999098 -0.0267657 0.0329594 0.0324465 -0.0193746 -0.999286 0.262348 0.0729495 0.0908246\n-0.32663 0.024234 0.391555 1 0 0 0 1 0 0 0 1 0.055323 0.264318 0.090791\n0.31925 0.185686 0.150596 1 0 0 0 1 0 0 0 1 0.11482 0.068955 0.498932\n0.314607 0.0911655 0.122605 1 0 0 0 1 0 0 0 1 0.07052 0.206709 0.598909\n-0.332172 0.187908 0.143405 0.99323 0.116166 9.93418e-05 -0.116166 0.993228 0.00170455 9.93418e-05 -0.00170455 0.999999 0.114472 0.0664538 0.484479\n-0.323152 0.0901105 0.115265 1 0 0 0 1 0 0 0 1 0.095744 0.208841 0.613557\n0.296909 -0.53994 -0.234619 1 0 0 0 1 0 0 0 1 0.087915 0.635704 0.134371\n0.29808 -0.535635 0.391416 1 0 0 0 1 0 0 0 1 0.084941 0.644311 0.091462\n-0.306892 -0.538257 -0.235701 -0.0196466 0.996993 0.0749591 0.959103 -0.0023811 0.283048 0.282376 0.0774544 -0.956172 0.645494 0.114533 0.10592\n-0.307944 -0.537083 0.391346 1 0 0 0 1 0 0 0 1 0.090409 0.641417 0.091602\nC 39\n0 7\n0 10\n0 3\n0 12\n0 8\n0 1\n0 6\n0 9\n0 2\n1 3\n1 6\n1 11\n1 2\n1 5\n1 10\n1 13\n1 4\n1 9\n1 12\n1 8\n1 7\n2 8\n2 12\n2 9\n3 7\n3 10\n3 6\n4 7\n4 11\n4 6\n5 9\n5 13\n5 8\n6 7\n7 11\n7 10\n8 9\n9 13\n9 12\nS 6\n2\n2 -0.296725 0.363426 -0.235412\n3 0.288022 0.36548 -0.23628\n2\n-0.00435181 0.364453 -0.235846\n0.999993 0.00351146 -0.00148522\n2\n4 0.308053 0.03165 0.392483\n5 -0.32663 0.024234 0.391555\n2\n-0.00928849 0.027942 0.392019\n-0.999931 -0.0116838 -0.00146214\n2\n6 0.31925 0.185686 0.150596\n8 -0.332172 0.187908 0.143405\n2\n-0.00646117 0.186797 0.147\n-0.999933 0.00341132 -0.0110384\n2\n7 0.314607 0.0911655 0.122605\n9 -0.323152 0.0901105 0.115265\n2\n-0.0042725 0.090638 0.118935\n-0.999932 -0.00165412 -0.0115098\n2\n10 0.296909 -0.53994 -0.234619\n12 -0.306892 -0.538257 -0.235701\n2\n-0.00499198 -0.539098 -0.23516\n-0.999995 0.0027876 -0.00179314\n2\n11 0.29808 -0.535635 0.391416\n13 -0.307944 -0.537083 0.391346\n2\n-0.0049315 -0.536359 0.391381\n-0.999997 -0.00238769 -0.000115507\nL 14\n0\n1\n0\n0\n3\n3\n3\n3\n3\n3\n2\n2\n2\n2"
}