{
    "boxes": [
        [
            0.003283000085502863,
            -0.04891650006175041,
            0.10757199674844742,
            0.13808900117874146,
            0.6529260277748108,
            0.8004360198974609,
            0.0,
            1.0,
            0.0,
            0.0,
            0.0,
            1.0
        ],
        [
            -0.3666279911994934,
            -0.4481860101222992,
            -0.2558610141277313,
            0.7047010064125061,
            0.06312350183725357,
            0.06381259858608246,
            0.00022009799431543797,
            0.9943990111351013,
            0.10569500178098679,
            0.09425219893455505,
            -0.10524500161409378,
            0.9899700284004211
        ],
        [
            -0.36691299080848694,
            -0.44780099391937256,
            0.4406209886074066,
            0.7039589881896973,
            0.049219999462366104,
            0.06185299903154373,
            0.002306259935721755,
            0.995947003364563,
            -0.08991269767284393,
            -0.0547495000064373,
            0.0899038016796112,
            0.9944440126419067
        ],
        [
            0.0041848598048090935,
            0.3905239999294281,
            -0.2609559893608093,
            0.46362099051475525,
            0.0435464009642601,
            0.7086610198020935,
            0.010941100306808949,
            0.9927499890327454,
            -0.11970099806785583,
            0.012338800355792046,
            0.11956500262022018,
            0.9927499890327454
        ],
        [
            -0.3607650101184845,
            0.25587400794029236,
            -0.25461098551750183,
            0.7437649965286255,
            0.06372799724340439,
            0.08086329698562622,
            -0.011662100441753864,
            0.9951670169830322,
            -0.0975051000714302,
            -0.01285959966480732,
            0.09735439717769623,
            0.9951670169830322
        ]
    ],
    "ops": [
        [
            0,
            0,
            0,
            1,
            2,
            1,
            0,
            0,
            2,
            1,
            1
        ]
    ],
    "syms": [
        [
            0.0,
            0.9999579787254333,
            0.009120609611272812,
            8.082220119831618e-07,
            0.0037346899043768644,
            -0.4448080062866211,
            -0.2558610141277313,
            0.0
        ],
        [
            0.0,
            0.9999790191650391,
            0.006480799987912178,
            -0.0006190980202518404,
            0.004215099848806858,
            0.2582390010356903,
            -0.2548370063304901,
            0.0
        ]
    ],
    "labels:": [
        [
            1,
            2,
            2,
            0,
            0
        ]
    ],
    "obj": 40034,
    "mat_index": 3461,
    "obbs": "N 8\n0.00418486 0.390524 -0.260956 0.999864 -0.0123388 -0.0109411 0.0123388 0.119565 0.99275 -0.0109411 -0.99275 0.119701 0.708661 0.0435464 0.463621\n0.003283 -0.0489165 0.107572 1 0 0 0 1 0 0 0 1 0.800436 0.138089 0.652926\n0.369195 0.260605 -0.255063 -0.999121 0.0142671 -0.0394102 -0.0378328 0.0976915 0.994497 0.0180386 0.995114 -0.0970659 0.0826183 0.0599572 0.734261\n-0.360765 0.255874 -0.254611 -0.0116621 0.995167 -0.0975051 -0.0128596 0.0973544 0.995167 0.999849 0.0128596 0.0116621 0.743765 0.063728 0.0808633\n-0.366628 -0.448186 -0.255861 0.995548 0.00974411 -0.0937474 0.0942522 -0.105245 0.98997 -0.000220098 -0.994399 -0.105695 0.0638126 0.0631235 0.704701\n0.374097 -0.44143 -0.25586 0.999874 -0.010626 -0.011778 0.010626 -0.102626 0.994663 -0.011778 -0.994663 -0.1025 0.0665387 0.0619936 0.718126\n0.375385 -0.449856 0.440849 0.0199936 0.996081 -0.0861609 -0.0923061 0.0876491 0.991866 0.99553 -0.0118778 0.0936967 0.699695 0.0488574 0.069731\n-0.366913 -0.447801 0.440621 0.00230626 0.995947 -0.0899127 -0.0547495 0.0899038 0.994444 0.998497 0.00262922 0.0547349 0.703959 0.04922 0.061853\nC 12\n0 1\n0 5\n0 3\n0 2\n1 2\n1 3\n1 4\n1 5\n1 6\n1 7\n2 5\n3 4\nS 3\n2\n2 0.369195 0.260605 -0.255063\n3 -0.360765 0.255874 -0.254611\n2\n0.0042151 0.258239 -0.254837\n-0.999979 -0.0064808 0.000619098\n2\n4 -0.366628 -0.448186 -0.255861\n5 0.374097 -0.44143 -0.25586\n2\n0.00373469 -0.444808 -0.255861\n0.999958 0.00912061 8.08222e-07\n2\n6 0.375385 -0.449856 0.440849\n7 -0.366913 -0.447801 0.440621\n2\n0.00423616 -0.448828 0.440735\n-0.999996 0.00276809 -0.000306927\nL 8\n0\n1\n0\n0\n2\n2\n2\n2"
}