{
    "boxes": [
        [
            -0.005059500224888325,
            -0.009336999617516994,
            0.18048499524593353,
            0.20528799295425415,
            0.9109870195388794,
            0.9123470187187195,
            0.0,
            1.0,
            0.0,
            0.0,
            0.0,
            1.0
        ],
        [
            -0.27208301424980164,
            -0.4992530047893524,
            -0.1692579984664917,
            0.7130600214004517,
            0.04592530056834221,
            0.04595790058374405,
            0.31091299653053284,
            0.8964750170707703,
            0.3156979978084564,
            0.3386479914188385,
            -0.41485100984573364,
            0.8445209860801697
        ],
        [
            -0.045868098735809326,
            -0.3384220004081726,
            -0.09683790057897568,
            0.015664899721741676,
            0.013287300243973732,
            0.4640060067176819,
            -0.5107880234718323,
            0.8590319752693176,
            -0.03406450152397156,
            -0.16676299273967743,
            -0.06013239920139313,
            0.9841619729995728
        ],
        [
            0.03065969981253147,
            -0.34718799591064453,
            -0.09414210170507431,
            0.01764960028231144,
            0.015667399391531944,
            0.4667550027370453,
            0.5182549953460693,
            0.7252129912376404,
            0.4532960057258606,
            -0.11051300168037415,
            -0.4687980115413666,
            0.8763650059700012
        ],
        [
            -0.20065000653266907,
            -0.3454799950122833,
            0.13406400382518768,
            0.01998710073530674,
            0.4556120038032532,
            0.015485299751162529,
            0.1843699961900711,
            0.8139079809188843,
            0.5509639978408813,
            -0.17635700106620789,
            -0.5240809917449951,
            0.8332089781761169
        ],
        [
            -0.199631005525589,
            -0.33886098861694336,
            0.05617009848356247,
            0.016108399257063866,
            0.46261098980903625,
            0.013975000008940697,
            0.13772599399089813,
            0.8358950018882751,
            -0.5313299894332886,
            0.17147399485111237,
            0.5082190036773682,
            0.8439850211143494
        ],
        [
            -0.04670659825205803,
            -0.3479030132293701,
            0.28456899523735046,
            0.023494500666856766,
            0.013453800231218338,
            0.4674220085144043,
            -0.5559329986572266,
            0.8128979802131653,
            -0.17359399795532227,
            0.048597801476716995,
            0.2402700036764145,
            0.9694889783859253
        ],
        [
            0.2558079957962036,
            -0.49928298592567444,
            0.3589720129966736,
            0.7130159735679626,
            0.046110399067401886,
            0.04646369814872742,
            -0.3045879900455475,
            0.8972659707069397,
            -0.3195919990539551,
            0.38049501180648804,
            0.42222198843955994,
            0.8227710127830505
        ],
        [
            -0.1617790013551712,
            -0.13608300685882568,
            0.2502799928188324,
            0.177264004945755,
            0.08270890265703201,
            0.09628959745168686,
            -0.18745699524879456,
            0.9759870171546936,
            0.11094299703836441,
            0.6227740049362183,
            0.030746499076485634,
            0.7817969918251038
        ],
        [
            0.015822799876332283,
            0.3532220125198364,
            -0.32143399119377136,
            0.822721004486084,
            0.20889900624752045,
            0.8491269946098328,
            0.07787620276212692,
            0.9844080209732056,
            -0.15772199630737305,
            0.029987400397658348,
            0.15581800043582916,
            0.987330973148346
        ]
    ],
    "ops": [
        [
            0,
            0,
            2,
            0,
            0,
            1,
            1,
            0,
            0,
            1,
            2,
            0,
            2,
            0,
            0,
            1,
            1,
            1,
            1,
            1,
            0,
            1
        ]
    ],
    "syms": [
        [
            0.0,
            1.0,
            4.6107499656500295e-05,
            -0.000284834997728467,
            -0.007870449684560299,
            -0.4992400109767914,
            -0.16933299601078033,
            0.0
        ],
        [
            0.0,
            0.9998689889907837,
            0.016174599528312683,
            0.0005125229945406318,
            -0.008826419711112976,
            -0.3423770070075989,
            0.13416199386119843,
            0.0
        ],
        [
            0.0,
            0.9925690293312073,
            0.11926499754190445,
            0.02414890006184578,
            -0.008060489781200886,
            -0.3432599902153015,
            0.28550899028778076,
            0.0
        ]
    ],
    "labels:": [
        [
            1,
            2,
            2,
            2,
            2,
            2,
            2,
            2,
            2,
            0
        ]
    ],
    "obj": 2553,
    "mat_index": 347,
    "obbs": "N 14\n0.0158228 0.353222 -0.321434 0.0778762 0.984408 -0.157722 0.0299874 0.155818 0.987331 0.996512 -0.0816192 -0.0173854 0.822721 0.208899 0.849127\n-0.20065 -0.34548 0.134064 0.176357 0.524081 -0.833209 0.966905 -0.250785 0.0469133 -0.18437 -0.813908 -0.550964 0.455612 0.0154853 0.0199871\n-0.199631 -0.338861 0.0561701 -0.171474 -0.508219 -0.843985 0.975514 -0.207348 -0.0733386 -0.137726 -0.835895 0.53133 0.462611 0.013975 0.0161084\n0.185885 -0.347482 0.0556386 0.176166 -0.502167 -0.846637 0.98436 0.090828 0.150951 0.0010959 -0.859988 0.510314 0.457687 0.0144004 0.0208844\n0.182997 -0.339274 0.13426 -0.00922194 -0.861824 -0.507123 0.985011 0.0795279 -0.153065 0.172245 -0.500934 0.848173 0.0196368 0.0162616 0.461378\n-0.0458681 -0.338422 -0.0968379 -0.510788 0.859032 -0.0340645 -0.166763 -0.0601324 0.984162 0.843377 0.508379 0.17397 0.0156649 0.0132873 0.464006\n0.0306597 -0.347188 -0.0941421 0.518255 0.725213 0.453296 -0.110513 -0.468798 0.876365 0.848056 -0.504275 -0.162812 0.0176496 0.0156674 0.466755\n0.0305856 -0.338616 0.28645 0.509122 0.860682 0.00468665 -0.151415 0.0842038 0.984877 0.847271 -0.502132 0.17319 0.0188142 0.012863 0.462761\n-0.0467066 -0.347903 0.284569 -0.555933 0.812898 -0.173594 0.0485978 0.24027 0.969489 0.829805 0.530535 -0.173079 0.0234945 0.0134538 0.467422\n-0.0050595 -0.009337 0.180485 1 0 0 0 1 0 0 0 1 0.912347 0.205288 0.910987\n0.255808 -0.499283 0.358972 0.873183 0.129003 -0.47001 0.380495 0.422222 0.822771 0.304588 -0.897266 0.319592 0.0464637 0.0461104 0.713016\n0.256342 -0.499228 -0.169408 -0.907123 -0.186673 -0.377202 -0.27928 -0.403494 0.871318 -0.31485 0.895738 0.313885 0.0460657 0.0458445 0.713078\n-0.272083 -0.499253 -0.169258 0.88806 -0.155662 -0.432572 0.338648 -0.414851 0.844521 -0.310913 -0.896475 -0.315698 0.0459579 0.0459253 0.71306\n-0.161779 -0.136083 0.25028 -0.187457 0.975987 0.110943 0.622774 0.0307465 0.781797 0.759613 0.215646 -0.613584 0.177264 0.0827089 0.0962896\nC 54\n0 11\n0 4\n0 12\n0 5\n0 1\n0 6\n0 9\n1 6\n1 2\n1 5\n1 13\n1 12\n1 8\n1 7\n2 8\n2 12\n2 5\n2 13\n2 6\n2 7\n3 11\n3 7\n3 10\n3 6\n3 13\n3 5\n3 8\n3 4\n4 7\n4 8\n4 9\n4 10\n4 5\n4 11\n4 6\n5 9\n5 6\n5 12\n5 11\n6 9\n6 11\n6 12\n6 13\n7 10\n7 8\n7 13\n8 13\n8 10\n9 11\n9 13\n9 12\n10 11\n10 13\n12 13\nS 4\n2\n1 -0.20065 -0.34548 0.134064\n4 0.182997 -0.339274 0.13426\n2\n-0.00882642 -0.342377 0.134162\n0.999869 0.0161746 0.000512523\n2\n2 -0.199631 -0.338861 0.0561701\n3 0.185885 -0.347482 0.0556386\n2\n-0.0068728 -0.343172 0.0559044\n0.999749 -0.0223568 -0.00137831\n2\n7 0.0305856 -0.338616 0.28645\n8 -0.0467066 -0.347903 0.284569\n2\n-0.00806049 -0.34326 0.285509\n-0.992569 -0.119265 -0.0241489\n2\n11 0.256342 -0.499228 -0.169408\n12 -0.272083 -0.499253 -0.169258\n2\n-0.00787045 -0.49924 -0.169333\n-1 -4.61075e-05 0.000284835\nL 14\n0\n2\n2\n2\n2\n2\n2\n2\n2\n1\n2\n2\n2\n2"
}