{
    "boxes": [
        [
            -0.006523500196635723,
            -0.16924799978733063,
            0.12663400173187256,
            0.21462100744247437,
            0.7540220022201538,
            0.711122989654541,
            0.0,
            1.0,
            0.0,
            0.0,
            0.0,
            1.0
        ],
        [
            -0.33236101269721985,
            -0.543703019618988,
            -0.23589099943637848,
            0.6112390160560608,
            0.06828919798135757,
            0.06400710344314575,
            -0.008166870102286339,
            0.9979699850082397,
            0.06316380202770233,
            -0.0076660700142383575,
            -0.06322649866342545,
            0.9979699850082397
        ],
        [
            -0.3271409869194031,
            -0.5431810021400452,
            0.46599000692367554,
            0.6115409731864929,
            0.0724949985742569,
            0.06988400220870972,
            0.0,
            1.0,
            0.0,
            0.0,
            0.0,
            1.0
        ],
        [
            -0.30787500739097595,
            0.26478999853134155,
            -0.23040400445461273,
            1.0801500082015991,
            0.1267230063676834,
            0.12265200167894363,
            -0.0023104199208319187,
            0.9964579939842224,
            -0.08406499773263931,
            -0.12653300166130066,
            0.08309829980134964,
            0.9884759783744812
        ],
        [
            -0.006481499876827002,
            0.28466400504112244,
            -0.22852100431919098,
            0.8510940074920654,
            0.03587609902024269,
            0.5966709852218628,
            -0.0,
            0.9996100068092346,
            -0.027925999835133553,
            0.0,
            0.027925999835133553,
            0.9996100068092346
        ],
        [
            0.011144500225782394,
            0.7552400231361389,
            -0.26434698700904846,
            0.0656609982252121,
            0.09359399974346161,
            0.6319230198860168,
            0.0,
            1.0,
            0.0,
            0.0,
            0.0,
            1.0
        ]
    ],
    "ops": [
        [
            0,
            0,
            0,
            1,
            2,
            1,
            0,
            2,
            0,
            0,
            1,
            1,
            1
        ]
    ],
    "syms": [
        [
            0.0,
            0.9999880194664001,
            -0.0005263470229692757,
            0.004782219883054495,
            -0.006733289919793606,
            -0.5438740253448486,
            -0.23433400690555573,
            0.0
        ],
        [
            0.0,
            0.9999989867210388,
            -0.0014055699575692415,
            0.0002200940070906654,
            -0.002581730019301176,
            0.2643609941005707,
            -0.230336993932724,
            0.0
        ]
    ],
    "labels:": [
        [
            1,
            2,
            2,
            0,
            0,
            0
        ]
    ],
    "obj": 40065,
    "mat_index": 3474,
    "obbs": "N 9\n-0.0064815 0.284664 -0.228521 1 0 0 0 0.027926 0.99961 0 -0.99961 0.027926 0.596671 0.0358761 0.851094\n0.0111445 0.75524 -0.264347 1 0 0 0 1 0 0 0 1 0.631923 0.065661 0.093594\n-0.0065235 -0.169248 0.126634 1 0 0 0 1 0 0 0 1 0.711123 0.214621 0.754022\n-0.307875 0.26479 -0.230404 -0.00231042 0.996458 -0.084065 0.99196 0.0129208 0.125893 0.126533 -0.0830983 -0.988476 1.08015 0.122652 0.126723\n0.302712 0.263932 -0.23027 -0.00694277 -0.998106 0.0611253 0.986454 -0.0168545 -0.163171 0.163892 0.0591644 0.984702 1.08213 0.107784 0.127501\n0.318894 -0.544046 -0.232776 0.973462 0.0314124 -0.226682 0.228031 -0.0495341 0.972393 0.0193167 -0.998278 -0.0553826 0.0756629 0.0731062 0.611054\n0.317867 -0.544458 0.467462 1 0 0 0 1 0 0 0 1 0.06151 0.608988 0.070548\n-0.327141 -0.543181 0.46599 1 0 0 0 1 0 0 0 1 0.069884 0.611541 0.072495\n-0.332361 -0.543703 -0.235891 -0.00816687 0.99797 0.0631638 -0.00766607 -0.0632265 0.99797 0.999937 0.00766607 0.00816687 0.611239 0.0682892 0.0640071\nC 16\n0 1\n0 5\n0 4\n0 3\n0 8\n0 2\n1 3\n1 4\n2 7\n2 6\n2 8\n2 4\n2 3\n2 5\n3 8\n4 5\nS 3\n2\n3 -0.307875 0.26479 -0.230404\n4 0.302712 0.263932 -0.23027\n2\n-0.00258173 0.264361 -0.230337\n0.999999 -0.00140557 0.000220094\n2\n5 0.318894 -0.544046 -0.232776\n8 -0.332361 -0.543703 -0.235891\n2\n-0.00673329 -0.543874 -0.234334\n-0.999988 0.000526347 -0.00478222\n2\n6 0.317867 -0.544458 0.467462\n7 -0.327141 -0.543181 0.46599\n2\n-0.004637 -0.54382 0.466726\n-0.999995 0.00197904 -0.00228136\nL 9\n0\n0\n1\n0\n0\n2\n2\n2\n2"
}