{
    "boxes": [
        [
            0.0026054999325424433,
            -0.04280469939112663,
            0.095620296895504,
            0.057856298983097076,
            0.8283219933509827,
            0.7772589921951294,
            -5.781520151515451e-09,
            0.9982389807701111,
            -0.059318698942661285,
            -1.7162700427508781e-10,
            0.059318698942661285,
            0.9982389807701111
        ],
        [
            -0.28777599334716797,
            -0.4472230076789856,
            -0.22202299535274506,
            0.7834020256996155,
            0.06663960218429565,
            0.06665919721126556,
            0.16313600540161133,
            0.9549170136451721,
            0.24803100526332855,
            0.42088600993156433,
            -0.29473400115966797,
            0.8578969836235046
        ],
        [
            0.3270150125026703,
            -0.43647199869155884,
            0.3534109890460968,
            0.8086699843406677,
            0.07020729780197144,
            0.06778880208730698,
            -0.24475200474262238,
            0.9532759785652161,
            -0.1770929992198944,
            -0.5316929817199707,
            0.020779699087142944,
            0.8466820120811462
        ],
        [
            0.002954779891297221,
            0.5468680262565613,
            -0.26460400223731995,
            0.17989900708198547,
            0.37034499645233154,
            0.922061026096344,
            -0.004229519981890917,
            0.9365339875221252,
            -0.35054999589920044,
            -0.0007656249799765646,
            0.35054999589920044,
            0.9365440011024475
        ],
        [
            0.002954550087451935,
            0.20012199878692627,
            -0.34147700667381287,
            0.4924769997596741,
            0.03133099898695946,
            0.02812339924275875,
            0.0022786299232393503,
            0.9744099974632263,
            -0.22476600110530853,
            0.12336599826812744,
            0.22277499735355377,
            0.9670330286026001
        ],
        [
            -0.2842310070991516,
            0.22310900688171387,
            -0.2244189977645874,
            0.5396130084991455,
            0.02834700047969818,
            0.02841930091381073,
            -0.2678599953651428,
            0.9623410105705261,
            -0.046376198530197144,
            -0.16976399719715118,
            0.00023910299933049828,
            0.9854850172996521
        ],
        [
            0.1529189944267273,
            0.20478500425815582,
            -0.31592100858688354,
            0.5032470226287842,
            0.028290599584579468,
            0.028346799314022064,
            0.14766399562358856,
            0.9681879878044128,
            -0.20201000571250916,
            -0.5763409733772278,
            0.25022000074386597,
            0.7779600024223328
        ]
    ],
    "ops": [
        [
            0,
            0,
            0,
            1,
            2,
            1,
            0,
            0,
            1,
            0,
            0,
            1,
            2,
            1,
            1
        ]
    ],
    "syms": [
        [
            0.0,
            0.9999709725379944,
            -0.000169805993209593,
            -0.007578060030937195,
            -0.0016047799726948142,
            -0.44727200269699097,
            -0.22419199347496033,
            0.0
        ],
        [
            0.0,
            1.0,
            9.960919851437211e-05,
            -0.0005725019727833569,
            0.00250278995372355,
            0.2231370061635971,
            -0.2245829999446869,
            0.0
        ]
    ],
    "labels:": [
        [
            1,
            2,
            2,
            0,
            0,
            0,
            0
        ]
    ],
    "obj": 40074,
    "mat_index": 3480,
    "obbs": "N 11\n0.00295478 0.546868 -0.264604 0.999991 0.00422952 -0.000765625 -0.00422952 0.936534 -0.35055 -0.000765625 0.35055 0.936544 0.922061 0.179899 0.370345\n0.0026055 -0.0428047 0.0956203 1 5.78152e-09 -1.71627e-10 -5.78152e-09 0.998239 -0.0593187 -1.71627e-10 0.0593187 0.998239 0.777259 0.0578563 0.828322\n0.289236 0.223166 -0.224747 0.252244 0.966528 -0.0468671 0.0475185 0.0360025 0.998221 0.966496 -0.254022 -0.0368465 0.539124 0.028116 0.0364992\n0.152919 0.204785 -0.315921 0.147664 0.968188 -0.20201 0.803758 0.00154977 0.594954 0.576341 -0.25022 -0.77796 0.503247 0.0283468 0.0282906\n0.00295455 0.200122 -0.341477 0.00227863 0.97441 -0.224766 0.992359 -0.029932 -0.119701 -0.123366 -0.222775 -0.967033 0.492477 0.0281234 0.031331\n-0.148089 0.205609 -0.312157 -0.157317 0.971529 -0.177153 0.744421 0.234537 0.625164 0.648914 -0.0335276 -0.760123 0.503212 0.0283352 0.034704\n-0.284231 0.223109 -0.224419 0.948384 0.271845 0.163307 -0.169764 0.000239103 0.985485 0.26786 -0.962341 0.0463762 0.0284193 0.028347 0.539613\n-0.287776 -0.447223 -0.222023 0.892324 -0.0355608 -0.449993 0.420886 -0.294734 0.857897 -0.163136 -0.954917 -0.248031 0.0666592 0.0666396 0.783402\n0.284567 -0.447321 -0.22636 -0.141038 0.955393 0.259485 -0.438907 -0.29528 0.848629 0.887395 0.00579919 0.460974 0.78325 0.0663312 0.0663792\n0.327015 -0.436472 0.353411 -0.244752 0.953276 -0.177093 0.810802 0.301387 0.501764 0.531693 -0.0207797 -0.846682 0.80867 0.0677888 0.0702073\n-0.314823 -0.436045 0.364618 -0.225386 -0.951815 0.207965 0.820391 -0.30055 -0.486444 0.525509 0.060975 0.8486 0.808875 0.0676185 0.0676457\nC 27\n0 2\n0 3\n0 4\n0 5\n0 6\n1 3\n1 6\n1 2\n1 5\n1 10\n1 4\n1 9\n1 8\n1 7\n2 8\n2 3\n2 4\n3 5\n3 8\n3 4\n4 7\n4 8\n4 5\n4 6\n5 6\n5 7\n6 7\nS 4\n2\n6 -0.284231 0.223109 -0.224419\n2 0.289236 0.223166 -0.224747\n2\n0.00250279 0.223137 -0.224583\n1 9.96092e-05 -0.000572502\n2\n5 -0.148089 0.205609 -0.312157\n3 0.152919 0.204785 -0.315921\n2\n0.00241515 0.205197 -0.314039\n0.999918 -0.00273859 -0.012506\n2\n7 -0.287776 -0.447223 -0.222023\n8 0.284567 -0.447321 -0.22636\n2\n-0.00160478 -0.447272 -0.224192\n0.999971 -0.000169806 -0.00757806\n2\n9 0.327015 -0.436472 0.353411\n10 -0.314823 -0.436045 0.364618\n2\n0.00609604 -0.436258 0.359015\n-0.999847 0.000664585 0.0174588\nL 11\n0\n1\n0\n0\n0\n0\n0\n2\n2\n2\n2"
}