{
    "boxes": [
        [
            -0.008938710205256939,
            -0.1367570012807846,
            0.1514980047941208,
            0.2195030003786087,
            0.9723420143127441,
            0.866424024105072,
            -0.0020422800444066525,
            0.9980779886245728,
            -0.061931200325489044,
            -6.330110045382753e-05,
            0.061931200325489044,
            0.9980800151824951
        ],
        [
            -0.402754008769989,
            0.22687800228595734,
            0.051051199436187744,
            0.04038650169968605,
            0.7422149777412415,
            0.06843770295381546,
            0.1294039934873581,
            0.9914460182189941,
            0.017036400735378265,
            -0.10474999994039536,
            -0.0034166299737989902,
            0.9944930076599121
        ],
        [
            -0.4391869902610779,
            0.08948799967765808,
            0.36232298612594604,
            0.28984999656677246,
            0.050918400287628174,
            0.05524839833378792,
            -0.018020499497652054,
            0.9722859859466553,
            -0.2331009954214096,
            -0.4056429862976074,
            0.20598000288009644,
            0.8905199766159058
        ],
        [
            0.2931540012359619,
            -0.46483999490737915,
            -0.24957799911499023,
            0.626492977142334,
            0.050248999148607254,
            0.050266001373529434,
            0.0,
            1.0,
            0.0,
            0.0,
            0.0,
            1.0
        ],
        [
            0.4239940047264099,
            -0.4047349989414215,
            0.4882749915122986,
            0.7455689907073975,
            0.05108590051531792,
            0.05597420036792755,
            0.00974372960627079,
            0.9741950035095215,
            -0.22549700736999512,
            -0.3725750148296356,
            0.21280699968338013,
            0.9032719731330872
        ],
        [
            -0.4391300082206726,
            -0.4002149999141693,
            0.47723299264907837,
            0.7548919916152954,
            0.05271970108151436,
            0.06497520208358765,
            0.016015399247407913,
            0.9762359857559204,
            -0.2161169946193695,
            -0.4217259883880615,
            0.2025739997625351,
            0.883804976940155
        ],
        [
            -0.008939499966800213,
            0.33648398518562317,
            -0.2806209921836853,
            0.5831670165061951,
            0.18136100471019745,
            0.8659769892692566,
            -0.0,
            0.9756050109863281,
            -0.21953099966049194,
            0.0,
            0.21953099966049194,
            0.9756050109863281
        ],
        [
            0.29315000772476196,
            0.013389999978244305,
            -0.24957799911499023,
            0.3548319935798645,
            0.050248999148607254,
            0.050248999148607254,
            0.0,
            1.0,
            0.0,
            0.0,
            0.0,
            1.0
        ]
    ],
    "ops": [
        [
            0,
            0,
            0,
            1,
            2,
            1,
            0,
            2,
            0,
            0,
            1,
            1,
            1,
            0,
            0,
            2,
            1,
            1
        ]
    ],
    "syms": [
        [
            0.0,
            0.9999169707298279,
            -5.314750160323456e-05,
            0.012907300144433975,
            -0.007816909812390804,
            0.2268570065498352,
            0.0561491996049881,
            0.0
        ],
        [
            0.0,
            0.9996029734611511,
            0.014192399568855762,
            -0.024336200207471848,
            0.007868999615311623,
            -0.4688909947872162,
            -0.24263200163841248,
            0.0
        ],
        [
            0.0,
            0.998121976852417,
            0.05622610077261925,
            -0.02430029958486557,
            0.007866749539971352,
            -0.0026805000379681587,
            -0.24263200163841248,
            0.0
        ]
    ],
    "labels:": [
        [
            1,
            3,
            3,
            2,
            2,
            2,
            0,
            0
        ]
    ],
    "obj": 40079,
    "mat_index": 3484,
    "obbs": "N 12\n-0.0089395 0.336484 -0.280621 1 0 0 0 0.219531 0.975605 0 -0.975605 0.219531 0.865977 0.181361 0.583167\n-0.00893871 -0.136757 0.151498 0.999998 0.00204228 -6.33011e-05 -0.00204228 0.998078 -0.0619312 -6.33011e-05 0.0619312 0.99808 0.866424 0.219503 0.972342\n0.38712 0.226836 0.0612472 -0.104751 0.0034174 -0.994493 -0.129433 0.991442 0.0170402 0.98604 0.130505 -0.103412 0.742215 0.0403865 0.0684379\n-0.402754 0.226878 0.0510512 -0.986044 0.130476 -0.103412 0.129404 0.991446 0.0170364 0.10475 0.00341663 -0.994493 0.0684377 0.0403865 0.742215\n0.423627 0.087288 0.373272 0.0092045 -0.969248 0.245913 0.774564 -0.148625 -0.614786 0.632429 0.196134 0.749377 0.294506 0.0515268 0.0557711\n-0.439187 0.089488 0.362323 -0.913854 -0.110603 -0.390689 -0.405643 0.20598 0.89052 -0.0180205 0.972286 -0.233101 0.0552484 0.0509184 0.28985\n-0.277416 -0.018751 -0.235687 1 0 0 0 1 0 0 0 1 0.050198 0.332064 0.050033\n0.29315 0.01339 -0.249578 1 0 0 0 1 0 0 0 1 0.050249 0.354832 0.050249\n-0.277416 -0.472941 -0.235687 1 0 0 0 1 0 0 0 1 0.050198 0.610259 0.050033\n0.293154 -0.46484 -0.249578 1 0 0 0 1 0 0 0 1 0.050266 0.626493 0.050249\n0.423994 -0.404735 0.488275 0.00974373 0.974195 -0.225497 -0.372575 0.212807 0.903272 0.927951 0.0752133 0.365034 0.745569 0.0510859 0.0559742\n-0.43913 -0.400215 0.477233 -0.906582 -0.0769879 -0.414949 -0.421726 0.202574 0.883805 0.0160154 0.976236 -0.216117 0.0649752 0.0527197 0.754892\nC 27\n0 2\n0 7\n0 3\n0 8\n0 1\n0 6\n0 9\n1 3\n1 6\n1 11\n1 2\n1 5\n1 10\n1 4\n1 9\n1 8\n1 7\n2 10\n2 7\n2 4\n3 11\n3 6\n3 5\n4 10\n5 11\n6 8\n7 9\nS 4\n2\n2 0.38712 0.226836 0.0612472\n3 -0.402754 0.226878 0.0510512\n2\n-0.00781691 0.226857 0.0561492\n-0.999917 5.31475e-05 -0.0129073\n2\n4 0.423627 0.087288 0.373272\n5 -0.439187 0.089488 0.362323\n2\n-0.00777994 0.088388 0.367797\n-0.999916 0.00254955 -0.0126884\n2\n6 -0.277416 -0.018751 -0.235687\n7 0.29315 0.01339 -0.249578\n2\n0.00786675 -0.0026805 -0.242632\n0.998122 0.0562261 -0.0243003\n2\n8 -0.277416 -0.472941 -0.235687\n9 0.293154 -0.46484 -0.249578\n2\n0.007869 -0.468891 -0.242632\n0.999603 0.0141924 -0.0243362\nL 12\n0\n1\n3\n3\n3\n3\n0\n0\n2\n2\n2\n2"
}