{
    "boxes": [
        [
            0.003050500061362982,
            -0.09762100130319595,
            0.14014500379562378,
            0.3125999867916107,
            0.9681310057640076,
            0.8024410009384155,
            0.0,
            1.0,
            0.0,
            0.0,
            0.0,
            1.0
        ],
        [
            -0.3460260033607483,
            -0.513359010219574,
            0.5650020241737366,
            0.5233399868011475,
            0.07157880067825317,
            0.06156099960207939,
            -2.2015200244862018e-16,
            0.9986299872398376,
            -0.05233599990606308,
            -4.1927498923099876e-17,
            0.05233599990606308,
            0.9986299872398376
        ],
        [
            -0.33918601274490356,
            -0.513359010219574,
            -0.34470799565315247,
            0.5233399868011475,
            0.07157880067825317,
            0.06156200170516968,
            -2.2174000393626478e-16,
            0.9986299872398376,
            0.05233599990606308,
            1.162089995271865e-17,
            -0.05233599990606308,
            0.9986299872398376
        ],
        [
            0.004560260102152824,
            0.2421019971370697,
            -0.3062869906425476,
            0.6306679844856262,
            0.1666570007801056,
            0.6718739867210388,
            0.0008358199847862124,
            0.9412649869918823,
            -0.33766698837280273,
            0.0011878199875354767,
            0.33766600489616394,
            0.9412649869918823
        ],
        [
            -0.36745700240135193,
            0.17686699330806732,
            -0.23928199708461761,
            0.8341900110244751,
            0.35158398747444153,
            0.07293830066919327,
            3.988900061813183e-05,
            0.9780300259590149,
            -0.20846299827098846,
            0.0005846410058438778,
            0.20846299827098846,
            0.9780300259590149
        ]
    ],
    "ops": [
        [
            0,
            0,
            0,
            1,
            2,
            1,
            0,
            0,
            2,
            1,
            1
        ]
    ],
    "syms": [
        [
            0.0,
            1.0,
            0.0,
            1.5991100600500454e-16,
            0.001111250021494925,
            -0.513359010219574,
            0.5650020241737366,
            0.0
        ],
        [
            0.0,
            0.9998409748077393,
            -0.017558900639414787,
            -0.0031040399335324764,
            -0.0031518300529569387,
            0.1704699993133545,
            -0.24041299521923065,
            0.0
        ]
    ],
    "labels:": [
        [
            1,
            2,
            2,
            0,
            0
        ]
    ],
    "obj": 40253,
    "mat_index": 3582,
    "obbs": "N 8\n0.00456026 0.242102 -0.306287 0.999999 -0.00118782 -0.00083582 0.00118782 0.337666 0.941265 -0.00083582 -0.941265 0.337667 0.671874 0.166657 0.630668\n0.0030505 -0.097621 0.140145 1 0 0 0 1 0 0 0 1 0.802441 0.3126 0.968131\n-0.367457 0.176867 -0.239282 3.9889e-05 0.97803 -0.208463 1 -0.000160889 -0.000563481 -0.000584641 -0.208463 -0.97803 0.83419 0.0729383 0.351584\n0.361154 0.164072 -0.241544 2.72456e-05 0.978054 -0.208351 1 -0.000123523 -0.00044908 -0.000464961 -0.208351 -0.978054 0.855969 0.059804 0.351641\n-0.346026 -0.513359 0.565002 -2.20152e-16 0.99863 -0.052336 1 2.22045e-16 3.03482e-17 4.19275e-17 -0.052336 -0.99863 0.52334 0.061561 0.0715788\n0.348249 -0.513359 0.565002 -2.16684e-17 -0.052336 -0.99863 1 2.22045e-16 -3.3335e-17 2.23485e-16 -0.99863 0.052336 0.0715788 0.061562 0.52334\n0.348249 -0.513359 -0.344708 2.13596e-16 -0.99863 -0.052336 1 2.22045e-16 -1.55614e-16 1.67022e-16 -0.052336 0.99863 0.52334 0.061562 0.0715788\n-0.339186 -0.513359 -0.344708 2.2174e-16 -0.99863 -0.052336 1 2.22045e-16 0 1.16209e-17 -0.052336 0.99863 0.52334 0.061562 0.0715788\nC 13\n0 1\n0 7\n0 6\n0 3\n0 2\n1 2\n1 3\n1 4\n1 5\n1 6\n1 7\n2 7\n3 6\nS 3\n2\n2 -0.367457 0.176867 -0.239282\n3 0.361154 0.164072 -0.241544\n2\n-0.00315183 0.17047 -0.240413\n0.999841 -0.0175589 -0.00310404\n2\n4 -0.346026 -0.513359 0.565002\n5 0.348249 -0.513359 0.565002\n2\n0.00111125 -0.513359 0.565002\n1 0 1.59911e-16\n2\n6 0.348249 -0.513359 -0.344708\n7 -0.339186 -0.513359 -0.344708\n2\n0.0045315 -0.513359 -0.344708\n-1 0 -8.07511e-17\nL 8\n0\n1\n0\n0\n2\n2\n2\n2"
}