{
    "boxes": [
        [
            0.026744000613689423,
            -0.17165499925613403,
            0.19161200523376465,
            0.571196973323822,
            0.8337860107421875,
            1.0178699493408203,
            0.0,
            1.0,
            0.0,
            0.0,
            0.0,
            1.0
        ],
        [
            -0.509335994720459,
            -0.0427435003221035,
            0.4407399892807007,
            0.9801509976387024,
            0.049858998507261276,
            0.05663200095295906,
            0.0,
            1.0,
            0.0,
            0.0,
            0.0,
            1.0
        ],
        [
            -0.5133209824562073,
            0.4672200083732605,
            0.16724799573421478,
            0.040605999529361725,
            0.693015992641449,
            0.43178099393844604,
            0.0,
            1.0,
            0.0,
            0.0,
            0.0,
            1.0
        ],
        [
            0.2835620045661926,
            -0.4799860119819641,
            0.4406999945640564,
            0.05736999958753586,
            0.04881900176405907,
            0.5395060181617737,
            0.0,
            1.0,
            0.0,
            0.0,
            0.0,
            1.0
        ],
        [
            -0.2537809908390045,
            -0.04232550039887428,
            0.4406780004501343,
            0.9768869876861572,
            0.04877699911594391,
            0.5652009844779968,
            0.0,
            1.0,
            0.0,
            0.0,
            0.0,
            1.0
        ],
        [
            0.5430309772491455,
            0.39753401279449463,
            0.11137499660253525,
            0.07386799901723862,
            0.6178380250930786,
            0.08265019953250885,
            -0.05505630001425743,
            0.9984790086746216,
            -0.0028510401025414467,
            0.10429199784994125,
            0.008590379729866982,
            0.9945099949836731
        ],
        [
            0.5602890253067017,
            -0.07072749733924866,
            0.4218589961528778,
            0.9241830110549927,
            0.08735000342130661,
            0.06170300021767616,
            0.0,
            1.0,
            0.0,
            0.0,
            0.0,
            1.0
        ],
        [
            -0.3305929899215698,
            -0.5238469839096069,
            -0.18549500405788422,
            0.0819874033331871,
            0.2890479862689972,
            0.1191129982471466,
            1.2952699535162537e-06,
            0.7565529942512512,
            -0.6539329886436462,
            4.822039727514493e-07,
            0.6539329886436462,
            0.7565529942512512
        ],
        [
            -0.3305929899215698,
            -0.6223859786987305,
            -0.26453301310539246,
            0.016242999583482742,
            0.042112499475479126,
            0.042112499475479126,
            8.4849302029713e-17,
            1.0,
            4.440889980918258e-16,
            0.7071070075035095,
            -3.7401600053850687e-16,
            0.7071070075035095
        ],
        [
            0.026744499802589417,
            0.13995200395584106,
            -0.3701159954071045,
            1.2146999835968018,
            0.2298319935798645,
            0.9420689940452576,
            -6.971539789901726e-08,
            0.9761229753494263,
            -0.21721699833869934,
            -8.693449871088887e-08,
            0.21721699833869934,
            0.9761229753494263
        ],
        [
            0.41656601428985596,
            -0.08096650242805481,
            -0.24152399599552155,
            0.0446770004928112,
            0.0324850007891655,
            0.0446770004928112,
            0.40673699975013733,
            0.9135450124740601,
            -2.2813699527727627e-16,
            6.217509691699733e-17,
            2.2204500197172533e-16,
            1.0
        ],
        [
            -0.3630770146846771,
            -0.08096650242805481,
            -0.24152399599552155,
            0.0446770004928112,
            0.0324850007891655,
            0.0446770004928112,
            0.40673699975013733,
            0.9135450124740601,
            3.914950018611322e-16,
            3.4914800656218217e-17,
            -4.440889980918258e-16,
            1.0
        ],
        [
            -0.3630770146846771,
            -0.34084799885749817,
            -0.24152399599552155,
            0.0446770004928112,
            0.0324850007891655,
            0.0446770004928112,
            0.40673699975013733,
            0.9135450124740601,
            -2.2527399744577713e-16,
            5.513729868160836e-17,
            2.2204500197172533e-16,
            1.0
        ]
    ],
    "ops": [
        [
            0,
            0,
            0,
            1,
            0,
            0,
            1,
            0,
            0,
            1,
            1,
            1,
            1,
            0,
            0,
            1,
            2,
            1,
            0,
            0,
            1,
            0,
            0,
            2,
            1,
            1,
            1
        ]
    ],
    "syms": [
        [
            0.0,
            1.0,
            -1.3139199950273905e-08,
            -1.5200599889908517e-08,
            0.02674419991672039,
            -0.5238469839096069,
            -0.18549500405788422,
            0.0
        ],
        [
            0.0,
            1.0,
            7.120070280857983e-17,
            0.0,
            0.026744000613689423,
            -0.340846985578537,
            -0.24152399599552155,
            0.0
        ]
    ],
    "labels:": [
        [
            1,
            3,
            3,
            3,
            3,
            3,
            3,
            2,
            2,
            0,
            0,
            0,
            0
        ]
    ],
    "obj": 40264,
    "mat_index": 3585,
    "obbs": "N 16\n0.0267445 0.139952 -0.370116 1 8.69345e-08 6.97154e-08 -8.69345e-08 0.217217 0.976123 6.97154e-08 -0.976123 0.217217 0.942069 0.229832 1.2147\n0.283562 -0.479986 0.4407 1 0 0 0 1 0 0 0 1 0.539506 0.05737 0.048819\n-0.253781 -0.0423255 0.440678 1 0 0 0 1 0 0 0 1 0.565201 0.976887 0.048777\n0.026744 -0.171655 0.191612 1 0 0 0 1 0 0 0 1 1.01787 0.571197 0.833786\n0.543031 0.397534 0.111375 0.993022 0.0544567 -0.104606 -0.0550563 0.998479 -0.00285104 0.104292 0.00859038 0.99451 0.0826502 0.073868 0.617838\n0.560289 -0.0707275 0.421859 1 0 0 0 1 0 0 0 1 0.061703 0.924183 0.08735\n-0.509336 -0.0427435 0.44074 1 0 0 0 1 0 0 0 1 0.056632 0.980151 0.049859\n-0.513321 0.46722 0.167248 1 0 0 0 1 0 0 0 1 0.431781 0.040606 0.693016\n0.416566 -0.0809665 -0.241524 0.406737 0.913545 -2.28137e-16 6.21751e-17 2.22045e-16 1 0.913545 -0.406737 3.35139e-17 0.044677 0.032485 0.044677\n0.416565 -0.340847 -0.241524 0.913545 0.406737 -1.75508e-16 9.32566e-17 2.22045e-16 1 0.406737 -0.913545 1.64917e-16 0.044677 0.032485 0.044677\n-0.363077 -0.340848 -0.241524 0.406737 0.913545 -2.25274e-16 5.51373e-17 2.22045e-16 1 0.913545 -0.406737 3.99432e-17 0.044677 0.032485 0.044677\n-0.363077 -0.0809665 -0.241524 0.406737 0.913545 3.91495e-16 3.49148e-17 -4.44089e-16 1 0.913545 -0.406737 -2.12524e-16 0.044677 0.032485 0.044677\n-0.330593 -0.523847 -0.185495 1 -1.29527e-06 4.82204e-07 1.29527e-06 0.756553 -0.653933 4.82204e-07 0.653933 0.756553 0.119113 0.0819874 0.289048\n0.384081 -0.523847 -0.185495 1 0 -0 -0 0.756553 -0.653933 0 0.653933 0.756553 0.119112 0.0819872 0.289048\n0.38408 -0.622386 -0.264533 0.707107 9.59474e-17 -0.707107 8.63545e-17 1 2.22045e-16 0.707107 -2.18071e-16 0.707107 0.0421125 0.016243 0.0421125\n-0.330593 -0.622386 -0.264533 0.707107 2.54021e-16 -0.707107 8.48493e-17 1 4.44089e-16 0.707107 -3.74016e-16 0.707107 0.0421125 0.016243 0.0421125\nC 38\n0 14\n0 7\n0 10\n0 3\n0 15\n0 11\n0 4\n0 12\n0 8\n0 13\n0 9\n1 3\n1 2\n1 5\n2 6\n2 3\n2 7\n3 15\n3 11\n3 14\n3 10\n3 6\n3 13\n3 9\n3 5\n3 12\n3 8\n3 4\n4 5\n6 7\n8 9\n9 14\n9 13\n10 11\n10 15\n10 12\n12 15\n13 14\nS 3\n2\n10 -0.363077 -0.340848 -0.241524\n9 0.416565 -0.340847 -0.241524\n2\n0.026744 -0.340847 -0.241524\n1 7.12007e-17 0\n2\n12 -0.330593 -0.523847 -0.185495\n13 0.384081 -0.523847 -0.185495\n2\n0.0267442 -0.523847 -0.185495\n1 -1.31392e-08 -1.52006e-08\n2\n14 0.38408 -0.622386 -0.264533\n15 -0.330593 -0.622386 -0.264533\n2\n0.026744 -0.622386 -0.264533\n-1 0 0\nL 16\n0\n3\n3\n1\n3\n3\n3\n3\n0\n0\n0\n0\n2\n2\n2\n2"
}