{
    "boxes": [
        [
            -0.026866700500249863,
            -0.2547900080680847,
            0.1256999969482422,
            0.4235070049762726,
            0.7598410248756409,
            0.7248079776763916,
            0.011527800001204014,
            0.999779999256134,
            0.01754540018737316,
            -0.20799699425697327,
            -0.014765200205147266,
            0.9780179858207703
        ],
        [
            -0.3714820146560669,
            -0.20836199820041656,
            -0.016467800363898277,
            0.19734600186347961,
            0.19734600186347961,
            0.020003600046038628,
            -0.12584899365901947,
            0.8053650259971619,
            0.5792660117149353,
            -0.17303599417209625,
            -0.5927780270576477,
            0.7865579724311829
        ],
        [
            0.3478870093822479,
            -0.20837299525737762,
            0.14050699770450592,
            0.19737400114536285,
            0.19737400114536285,
            0.020089099183678627,
            -0.02364340052008629,
            0.9939950108528137,
            0.10683999955654144,
            -0.21140700578689575,
            -0.10942400246858597,
            0.971252977848053
        ],
        [
            -0.4139710068702698,
            -0.02501939982175827,
            0.10618399828672409,
            0.5060709714889526,
            0.057719700038433075,
            0.02331010065972805,
            -0.09891989827156067,
            0.8178949952125549,
            0.5667999982833862,
            -0.1661369949579239,
            -0.575173020362854,
            0.8009840250015259
        ],
        [
            -0.430867999792099,
            0.17276699841022491,
            0.2201090008020401,
            0.034475501626729965,
            0.43001601099967957,
            0.09034939855337143,
            -0.10948900133371353,
            0.989342987537384,
            0.09598340094089508,
            -0.20149199664592743,
            -0.11665000021457672,
            0.9725189805030823
        ],
        [
            -0.03906309977173805,
            -0.5903279781341553,
            0.16806499660015106,
            0.5062080025672913,
            0.15657000243663788,
            0.0819012001156807,
            0.06305170059204102,
            0.9379370212554932,
            -0.3410260081291199,
            -0.21151499450206757,
            0.34650200605392456,
            0.9138910174369812
        ],
        [
            -0.011278700083494186,
            -0.8267729878425598,
            0.059111498296260834,
            0.07199300080537796,
            0.6326779723167419,
            0.3169189989566803,
            -0.003362680086866021,
            0.999970018863678,
            -0.006953290197998285,
            -0.20792199671268463,
            0.006102209910750389,
            0.9781259894371033
        ],
        [
            0.041724998503923416,
            0.3941679894924164,
            -0.15145200490951538,
            1.0788500308990479,
            0.42233699560165405,
            0.7401990294456482,
            -0.0004038499901071191,
            0.9936439990997314,
            -0.1125670000910759,
            -0.28896400332450867,
            0.10764899849891663,
            0.9512680172920227
        ]
    ],
    "ops": [
        [
            0,
            0,
            0,
            0,
            0,
            1,
            2,
            1,
            1,
            1,
            0,
            0,
            1,
            1,
            0,
            1
        ]
    ],
    "syms": [
        [
            0.0,
            0.977931022644043,
            0.0025547000113874674,
            0.2089110016822815,
            -0.038887299597263336,
            -0.024039600044488907,
            0.1863120049238205,
            0.0
        ]
    ],
    "labels:": [
        [
            1,
            3,
            3,
            3,
            3,
            2,
            2,
            0
        ]
    ],
    "obj": 40265,
    "mat_index": 3586,
    "obbs": "N 10\n0.041725 0.394168 -0.151452 -0.95734 -0.0329119 -0.287084 -0.288964 0.107649 0.951268 -0.00040385 0.993644 -0.112567 0.740199 0.422337 1.07885\n0.347887 -0.208373 0.140507 -0.0236434 0.993995 0.10684 0.977112 0.00037705 0.212725 0.211407 0.109424 -0.971253 0.197374 0.0200891 0.197374\n-0.371482 -0.208362 -0.0164678 0.125849 -0.805365 -0.579266 0.976842 -0.00124619 0.213958 -0.173036 -0.592778 0.786558 0.197346 0.0200036 0.197346\n-0.0268667 -0.25479 0.1257 0.207997 0.0147652 -0.978018 0.0115278 0.99978 0.0175454 0.978062 -0.0149238 0.207781 0.759841 0.423507 0.724808\n-0.0390631 -0.590328 0.168065 0.211515 -0.346502 -0.913891 0.975339 0.01451 0.220236 -0.0630517 -0.937937 0.341026 0.15657 0.0819012 0.506208\n0.336196 -0.0230597 0.266439 0.173316 0.557669 -0.811767 0.974506 0.0221329 0.223267 0.142476 -0.829768 -0.539616 0.0594797 0.0232937 0.505582\n-0.413971 -0.0250194 0.106184 0.0989199 -0.817895 -0.5668 0.981129 -0.014933 0.192779 -0.166137 -0.575173 0.800984 0.506071 0.0233101 0.0577197\n0.303302 0.172679 0.380569 0.211313 0.118094 -0.970258 0.0572947 0.989471 0.132911 0.975738 -0.0836764 0.202322 0.430055 0.0346205 0.087765\n-0.430868 0.172767 0.220109 0.201492 0.11665 -0.972519 -0.109489 0.989343 0.0959834 0.973352 0.0871408 0.212116 0.430016 0.0344755 0.0903494\n-0.0112787 -0.826773 0.0591115 -0.97814 -0.00473487 -0.207895 -0.00336268 0.99997 -0.00695329 0.207922 -0.00610221 -0.978126 0.316919 0.071993 0.632678\nC 20\n0 1\n0 7\n0 6\n0 5\n0 4\n0 3\n0 8\n0 2\n1 3\n1 5\n2 6\n2 3\n3 8\n3 6\n3 7\n3 4\n3 5\n4 9\n5 7\n6 8\nS 2\n2\n5 0.336196 -0.0230597 0.266439\n6 -0.413971 -0.0250194 0.106184\n2\n-0.0388873 -0.0240396 0.186312\n-0.977931 -0.0025547 -0.208911\n2\n7 0.303302 0.172679 0.380569\n8 -0.430868 0.172767 0.220109\n2\n-0.063783 0.172723 0.300339\n-0.976939 0.000116896 -0.213519\nL 10\n0\n3\n3\n1\n2\n3\n3\n3\n3\n2"
}