{
    "boxes": [
        [
            -0.013818999752402306,
            -0.09405089914798737,
            0.11740099638700485,
            0.06610439717769623,
            0.6296129822731018,
            0.8418160080909729,
            -0.0,
            0.9999269843101501,
            -0.012091199867427349,
            0.0,
            0.012091199867427349,
            0.9999269843101501
        ],
        [
            -0.46838000416755676,
            0.3549540042877197,
            0.1385519951581955,
            0.08283799886703491,
            0.5011399984359741,
            0.03268200159072876,
            0.12030600011348724,
            0.9722239971160889,
            0.20076300203800201,
            -0.01811089925467968,
            -0.2000489979982376,
            0.9796180129051208
        ],
        [
            -0.41208600997924805,
            0.17065900564193726,
            -0.04998299852013588,
            0.511023998260498,
            0.01916559971868992,
            0.025685900822281837,
            -0.20365899801254272,
            0.9688670039176941,
            -0.14078299701213837,
            0.5409179925918579,
            0.23120799660682678,
            0.8086720108985901
        ],
        [
            -0.4349449872970581,
            0.1321530044078827,
            0.07729610055685043,
            0.4200870096683502,
            0.019602300599217415,
            0.02794330008327961,
            -0.1492840051651001,
            0.9883739948272705,
            0.028837399557232857,
            -0.28727298974990845,
            -0.07125890254974365,
            0.9551939964294434
        ],
        [
            -0.4402570128440857,
            0.11782500147819519,
            0.2042890042066574,
            0.39480501413345337,
            0.018974799662828445,
            0.024183599278330803,
            -0.17284399271011353,
            0.9636629819869995,
            0.20366500318050385,
            -0.40884700417518616,
            -0.2583169937133789,
            0.8752809762954712
        ],
        [
            -0.39605599641799927,
            -0.4446609914302826,
            0.3840610086917877,
            0.687861979007721,
            0.07854370027780533,
            0.08106239885091782,
            0.2418069988489151,
            0.9382039904594421,
            -0.24759599566459656,
            0.11161299794912338,
            0.22658100724220276,
            0.9675760269165039
        ],
        [
            -0.31660398840904236,
            -0.4316209852695465,
            -0.16528700292110443,
            0.6878060102462769,
            0.07883770018815994,
            0.08099590241909027,
            0.22466200590133667,
            0.9283239841461182,
            0.2962130010128021,
            0.43035998940467834,
            -0.3672569990158081,
            0.824567973613739
        ],
        [
            0.28403300046920776,
            -0.4319689869880676,
            -0.16401900351047516,
            0.6872739791870117,
            0.07860220223665237,
            0.08009819686412811,
            -0.2019049972295761,
            0.929364025592804,
            0.3090580105781555,
            -0.0331788994371891,
            -0.3218660056591034,
            0.9462040066719055
        ],
        [
            -0.18116000294685364,
            0.3560740053653717,
            -0.2824380099773407,
            0.9176220297813416,
            0.018566900864243507,
            0.03339200094342232,
            -0.10547800362110138,
            0.9516329765319824,
            -0.2885630130767822,
            0.21027399599552155,
            0.30496400594711304,
            0.9288600087165833
        ],
        [
            -0.06426049768924713,
            0.3801650106906891,
            -0.29794400930404663,
            0.9635689854621887,
            0.018777500838041306,
            0.03383279964327812,
            -0.02863750047981739,
            0.9568459987640381,
            -0.28918200731277466,
            0.03195049986243248,
            0.29002898931503296,
            0.9564840197563171
        ],
        [
            -0.0012517799623310566,
            0.621703028678894,
            -0.26979300379753113,
            0.5839229822158813,
            0.09461089968681335,
            0.9227700233459473,
            0.04880649968981743,
            0.7863029837608337,
            -0.615909993648529,
            -0.007257829885929823,
            0.6169080138206482,
            0.7870020270347595
        ],
        [
            -0.3613030016422272,
            0.24100500345230103,
            -0.17115700244903564,
            0.67569500207901,
            0.01866769976913929,
            0.025861699134111404,
            -0.1948769986629486,
            0.9466440081596375,
            -0.2566849887371063,
            0.4246029853820801,
            0.317331999540329,
            0.8479459881782532
        ],
        [
            -0.28442299365997314,
            0.304749995470047,
            -0.23715299367904663,
            0.8109809756278992,
            0.018545499071478844,
            0.022571900859475136,
            -0.14166800677776337,
            0.948818027973175,
            -0.2822670042514801,
            0.2998470067977905,
            0.31287699937820435,
            0.901220977306366
        ]
    ],
    "ops": [
        [
            0,
            0,
            0,
            1,
            0,
            0,
            1,
            1,
            2,
            1,
            0,
            2,
            0,
            0,
            1,
            1,
            1,
            0,
            0,
            1,
            2,
            0,
            0,
            0,
            1,
            2,
            1,
            1,
            1
        ]
    ],
    "syms": [
        [
            0.0,
            0.9997990131378174,
            -0.008641890250146389,
            0.018083499744534492,
            -0.015443399548530579,
            0.35103899240493774,
            0.1467449963092804,
            0.0
        ],
        [
            0.0,
            1.0,
            4.34143991867586e-08,
            1.0302399999773115e-07,
            -0.016395600512623787,
            -0.4446609914302826,
            0.3840610086917877,
            0.0
        ],
        [
            0.0,
            1.0,
            -5.5004800714186786e-08,
            3.4254298952873796e-07,
            -0.016395799815654755,
            0.3560740053653717,
            -0.2824380099773407,
            0.0
        ],
        [
            0.0,
            1.0,
            3.603609854962997e-08,
            -2.9723699412897986e-07,
            -0.016395900398492813,
            0.24100500345230103,
            -0.17115700244903564,
            0.0
        ]
    ],
    "labels:": [
        [
            1,
            3,
            3,
            3,
            3,
            2,
            2,
            2,
            0,
            0,
            0,
            0,
            0
        ]
    ],
    "obj": 40294,
    "mat_index": 3602,
    "obbs": "N 22\n-0.013819 -0.0940509 0.117401 1 0 -0 -0 0.999927 -0.0120912 0 0.0120912 0.999927 0.841816 0.0661044 0.629613\n-0.361303 0.241005 -0.171157 -0.194877 0.946644 -0.256685 0.424603 0.317332 0.847946 0.884158 0.0562558 -0.463789 0.675695 0.0186677 0.0258617\n-0.284423 0.30475 -0.237153 0.94341 0.0430379 -0.328825 0.299847 0.312877 0.901221 0.141668 -0.948818 0.282267 0.0225719 0.0185455 0.810981\n-0.18116 0.356074 -0.282438 0.971936 0.0372972 -0.232271 0.210274 0.304964 0.92886 0.105478 -0.951633 0.288563 0.033392 0.0185669 0.917622\n-0.0642605 0.380165 -0.297944 -0.0286375 0.956846 -0.289182 0.0319505 0.290029 0.956484 0.999079 0.0181518 -0.0388774 0.963569 0.0187775 0.0338328\n0.031469 0.380165 -0.297944 -0.999079 0.0181197 -0.0389013 -0.0319826 0.29003 0.956483 0.0286137 0.956846 -0.289183 0.0338109 0.0187774 0.963569\n0.148368 0.356074 -0.282438 0.10547 0.951633 -0.288565 -0.210286 0.304965 0.928858 0.971934 -0.0372856 0.23228 0.917622 0.0185669 0.0333853\n0.251632 0.304749 -0.237153 0.141786 0.948812 -0.282226 -0.299684 0.31287 0.901278 0.943444 -0.0432101 0.328704 0.810983 0.0185454 0.0226722\n0.328511 0.241005 -0.171157 -0.884145 0.0562114 -0.463818 -0.424643 0.317334 0.847926 0.194849 0.946646 -0.2567 0.0258401 0.0186681 0.675695\n0.437493 0.347124 0.154937 0.122512 -0.96932 -0.213096 0.992253 0.124088 0.0060125 0.0206147 -0.212182 0.977013 0.07535 0.0316095 0.465251\n-0.46838 0.354954 0.138552 0.0181109 0.200049 -0.979618 0.992572 -0.12149 -0.00645932 -0.120306 -0.972224 -0.200763 0.50114 0.032682 0.082838\n0.379294 0.170659 -0.049983 -0.816004 0.088433 -0.571241 -0.541007 0.231216 0.80861 0.203588 0.968875 -0.140831 0.025642 0.0191655 0.511023\n0.402153 0.132153 0.077296 0.94598 -0.134671 -0.294934 0.287621 -0.0713155 0.955086 -0.149656 -0.988321 -0.0287287 0.0277778 0.019602 0.420082\n0.407465 0.117825 0.204289 0.172838 0.963663 0.203668 0.408842 -0.258317 0.875283 0.896089 -0.068014 -0.438633 0.394805 0.0189747 0.0241809\n-0.412086 0.170659 -0.049983 -0.203659 0.968867 -0.140783 0.540918 0.231208 0.808672 0.816046 0.0885412 -0.571165 0.511024 0.0191656 0.0256859\n-0.434945 0.132153 0.0772961 -0.149284 0.988374 0.0288374 -0.287273 -0.0712589 0.955194 0.946144 0.134311 0.294571 0.420087 0.0196023 0.0279433\n-0.440257 0.117825 0.204289 -0.172844 0.963663 0.203665 -0.408847 -0.258317 0.875281 0.896085 0.0680193 0.438639 0.394805 0.0189748 0.0241836\n-0.316604 -0.431621 -0.165287 0.224662 0.928324 0.296213 0.43036 -0.367257 0.824568 0.874253 -0.0577708 -0.482022 0.687806 0.0788377 0.0809959\n0.284033 -0.431969 -0.164019 -0.201905 0.929364 0.309058 -0.0331789 -0.321866 0.946204 0.978843 0.180789 0.0958217 0.687274 0.0786022 0.0800982\n0.363264 -0.444661 0.384061 0.963892 0.261576 0.0499064 -0.111587 0.226588 0.967578 0.241787 -0.938209 0.247594 0.081061 0.0785437 0.687862\n-0.396056 -0.444661 0.384061 0.241807 0.938204 -0.247596 0.111613 0.226581 0.967576 0.963884 -0.261601 -0.0499271 0.687862 0.0785437 0.0810624\n-0.00125178 0.621703 -0.269793 0.0488065 0.786303 -0.61591 -0.00725783 0.616908 0.787002 0.998782 -0.0339406 0.035816 0.583923 0.0946109 0.92277\nC 96\n0 20\n0 7\n0 17\n0 4\n0 1\n0 14\n0 11\n0 18\n0 5\n0 8\n0 2\n0 15\n0 12\n0 19\n0 6\n0 16\n0 3\n0 13\n1 17\n1 21\n1 15\n1 10\n1 3\n1 14\n1 4\n1 2\n2 5\n2 17\n2 3\n2 14\n2 4\n2 10\n2 21\n2 15\n3 17\n3 6\n3 5\n3 21\n3 4\n3 14\n4 5\n4 21\n4 6\n4 17\n4 7\n4 18\n5 8\n5 18\n5 21\n5 17\n5 7\n5 6\n6 7\n6 11\n6 18\n6 8\n6 21\n7 12\n7 8\n7 21\n7 18\n7 11\n7 9\n8 21\n8 12\n8 18\n8 9\n8 11\n9 21\n9 13\n9 11\n9 12\n10 14\n10 15\n10 16\n10 21\n11 21\n11 13\n11 18\n11 12\n12 13\n12 18\n12 19\n12 21\n13 19\n13 18\n14 17\n14 15\n14 21\n14 16\n15 20\n15 16\n15 21\n15 17\n16 20\n16 17\nS 9\n2\n1 -0.361303 0.241005 -0.171157\n8 0.328511 0.241005 -0.171157\n2\n-0.0163959 0.241005 -0.171157\n1 3.60361e-08 -2.97237e-07\n2\n2 -0.284423 0.30475 -0.237153\n7 0.251632 0.304749 -0.237153\n2\n-0.0163958 0.304749 -0.237153\n1 -1.2548e-07 3.73243e-08\n2\n3 -0.18116 0.356074 -0.282438\n6 0.148368 0.356074 -0.282438\n2\n-0.0163958 0.356074 -0.282438\n1 -5.50048e-08 3.42543e-07\n2\n4 -0.0642605 0.380165 -0.297944\n5 0.031469 0.380165 -0.297944\n2\n-0.0163958 0.380165 -0.297944\n1 4.64259e-08 1.5311e-07\n2\n9 0.437493 0.347124 0.154937\n10 -0.46838 0.354954 0.138552\n2\n-0.0154434 0.351039 0.146745\n-0.999799 0.00864189 -0.0180835\n2\n11 0.379294 0.170659 -0.049983\n14 -0.412086 0.170659 -0.049983\n2\n-0.016396 0.170659 -0.049983\n-1 -2.59111e-08 3.76066e-09\n2\n12 0.402153 0.132153 0.077296\n15 -0.434945 0.132153 0.0772961\n2\n-0.0163958 0.132153 0.077296\n-1 7.61767e-08 1.66561e-07\n2\n13 0.407465 0.117825 0.204289\n16 -0.440257 0.117825 0.204289\n2\n-0.016396 0.117825 0.204289\n-1 1.34976e-13 -2.41654e-12\n2\n19 0.363264 -0.444661 0.384061\n20 -0.396056 -0.444661 0.384061\n2\n-0.0163956 -0.444661 0.384061\n-1 -4.34144e-08 -1.03024e-07\nL 22\n1\n0\n0\n0\n0\n0\n0\n0\n0\n3\n3\n3\n3\n3\n3\n3\n3\n2\n2\n2\n2\n0"
}