{
    "boxes": [
        [
            0.007805999834090471,
            -0.07303950190544128,
            0.15298500657081604,
            0.05285700038075447,
            0.8178859949111938,
            0.8930919766426086,
            0.0,
            1.0,
            0.0,
            0.0,
            0.0,
            1.0
        ],
        [
            0.007845000363886356,
            -0.4721849858760834,
            -0.03411350026726723,
            0.9736719727516174,
            0.03367989882826805,
            0.16630999743938446,
            -0.0,
            0.7887790203094482,
            0.6146770119667053,
            0.0,
            -0.6146770119667053,
            0.7887790203094482
        ],
        [
            -0.2831979990005493,
            -0.4721849858760834,
            0.13219699263572693,
            0.9736719727516174,
            0.033679500222206116,
            0.08315599709749222,
            -0.0,
            0.7887790203094482,
            -0.6146759986877441,
            0.0,
            0.6146759986877441,
            0.7887790203094482
        ],
        [
            0.007842020131647587,
            0.5160830020904541,
            -0.2991490066051483,
            0.5500519871711731,
            0.055934399366378784,
            0.7347139716148376,
            -1.1717799679900054e-05,
            0.9835569858551025,
            -0.18059900403022766,
            -1.4065300092624966e-05,
            0.18059900403022766,
            0.9835569858551025
        ],
        [
            0.02316970005631447,
            0.5312430262565613,
            -0.28562501072883606,
            0.4697110056877136,
            0.023912200704216957,
            0.7031639814376831,
            0.0024070399813354015,
            0.9850410223007202,
            -0.17230099439620972,
            0.0028646099381148815,
            0.1722940057516098,
            0.9850410223007202
        ],
        [
            0.007557690143585205,
            0.08207079768180847,
            -0.23614099621772766,
            0.36234599351882935,
            0.027843499556183815,
            0.17702800035476685,
            0.0010052300058305264,
            0.9836949706077576,
            -0.1798419952392578,
            0.0012056699488312006,
            0.17984099686145782,
            0.9836949706077576
        ]
    ],
    "ops": [
        [
            0,
            0,
            0,
            2,
            1,
            1,
            0,
            0,
            0,
            1,
            1,
            1
        ]
    ],
    "syms": [
        [
            0.0,
            1.0,
            -0.0,
            -4.7682899202513185e-17,
            0.007845249958336353,
            -0.4721849858760834,
            0.13219699263572693,
            0.0
        ]
    ],
    "labels:": [
        [
            1,
            2,
            2,
            0,
            0,
            0
        ]
    ],
    "obj": 40333,
    "mat_index": 3627,
    "obbs": "N 7\n0.0231697 0.531243 -0.285625 0.999993 -0.00286461 -0.00240704 0.00286461 0.172294 0.985041 -0.00240704 -0.985041 0.172301 0.703164 0.0239122 0.469711\n0.007806 -0.0730395 0.152985 1 0 0 0 1 0 0 0 1 0.893092 0.052857 0.817886\n0.00755769 0.0820708 -0.236141 0.00100523 0.983695 -0.179842 0.00120567 0.179841 0.983695 0.999999 -0.00120567 -0.00100523 0.362346 0.0278435 0.177028\n0.298889 -0.472185 0.132197 1 0 0 0 0.614676 0.788779 0 -0.788779 0.614676 0.083155 0.0336795 0.973672\n0.007845 -0.472185 -0.0341135 1 0 -0 0 -0.614677 0.788779 0 -0.788779 -0.614677 0.16631 0.0336799 0.973672\n-0.283198 -0.472185 0.132197 1 0 0 0 0.614676 0.788779 0 -0.788779 0.614676 0.083156 0.0336795 0.973672\n0.00784202 0.516083 -0.299149 1 1.40653e-05 1.17178e-05 -1.40653e-05 0.180599 0.983557 1.17178e-05 -0.983557 0.180599 0.734714 0.0559344 0.550052\nC 9\n0 6\n0 2\n1 2\n1 3\n1 4\n1 5\n2 6\n2 3\n2 5\nS 1\n2\n3 0.298889 -0.472185 0.132197\n5 -0.283198 -0.472185 0.132197\n2\n0.00784525 -0.472185 0.132197\n-1 0 4.76829e-17\nL 7\n0\n1\n0\n2\n2\n2\n0"
}