{
    "boxes": [
        [
            0.01402520015835762,
            -0.04965690150856972,
            0.11505600064992905,
            0.18366900086402893,
            0.8198279738426208,
            0.9227179884910583,
            -8.56476035551168e-05,
            0.9909870028495789,
            -0.13395899534225464,
            -5.762599812442204e-06,
            0.13395899534225464,
            0.9909870028495789
        ],
        [
            -0.4911920130252838,
            0.17948900163173676,
            0.09761690348386765,
            0.2884159982204437,
            0.7953879833221436,
            0.11967000365257263,
            -0.29766300320625305,
            0.9330250024795532,
            -0.20214200019836426,
            -0.06928960233926773,
            0.19006699323654175,
            0.9793230295181274
        ],
        [
            0.014725499786436558,
            -0.2231619954109192,
            0.04436299949884415,
            0.7825289964675903,
            0.8518779873847961,
            1.0919699668884277,
            0.0,
            1.0,
            0.0,
            0.0,
            0.0,
            1.0
        ],
        [
            0.014059999957680702,
            0.438973993062973,
            -0.44210198521614075,
            0.4831849932670593,
            0.23006699979305267,
            1.1754000186920166,
            -0.00012291400344111025,
            0.9564819931983948,
            -0.2917900085449219,
            -0.0001660029956838116,
            0.2917900085449219,
            0.9564819931983948
        ]
    ],
    "ops": [
        [
            0,
            0,
            2,
            1,
            0,
            1,
            0,
            1
        ]
    ],
    "syms": [
        [
            0.0,
            0.9999430179595947,
            0.010639199987053871,
            -0.0009951229440048337,
            0.016605200245976448,
            0.18489199876785278,
            0.09711159765720367,
            0.0
        ]
    ],
    "labels:": [
        [
            1,
            3,
            2,
            0
        ]
    ],
    "obj": 40348,
    "mat_index": 3636,
    "obbs": "N 5\n0.01406 0.438974 -0.442102 -0.000122914 0.956482 -0.29179 -0.000166003 0.29179 0.956482 1 0.000166003 0.000122914 0.483185 0.230067 1.1754\n0.524402 0.190295 0.0966062 0.323021 0.920802 -0.218588 0.943018 -0.332652 -0.0077379 -0.0798388 -0.203633 -0.975786 0.275284 0.125273 0.795141\n-0.491192 0.179489 0.0976169 -0.297663 0.933025 -0.202142 0.952153 0.305515 0.00807288 0.0692896 -0.190067 -0.979323 0.288416 0.11967 0.795388\n0.0140252 -0.0496569 0.115056 1 8.56476e-05 -5.7626e-06 -8.56476e-05 0.990987 -0.133959 -5.7626e-06 0.133959 0.990987 0.922718 0.183669 0.819828\n0.0147255 -0.223162 0.044363 1 0 0 0 1 0 0 0 1 1.09197 0.782529 0.851878\nC 8\n0 1\n0 4\n0 2\n1 3\n1 4\n2 4\n2 3\n3 4\nS 1\n2\n1 0.524402 0.190295 0.0966062\n2 -0.491192 0.179489 0.0976169\n2\n0.0166052 0.184892 0.0971116\n-0.999943 -0.0106392 0.000995123\nL 5\n0\n3\n3\n1\n2"
}