{
    "boxes": [
        [
            -0.014809999614953995,
            -0.05882899835705757,
            0.09784200042486191,
            0.1822659969329834,
            0.7331100106239319,
            0.7198600172996521,
            0.0,
            1.0,
            0.0,
            0.0,
            0.0,
            1.0
        ],
        [
            -0.41395899653434753,
            0.06634649634361267,
            0.36259400844573975,
            0.4300369918346405,
            0.06266000121831894,
            0.07839199900627136,
            0.0,
            1.0,
            0.0,
            0.0,
            0.0,
            1.0
        ],
        [
            0.3921490013599396,
            0.06594579666852951,
            0.35629400610923767,
            0.4364199936389923,
            0.07098910212516785,
            0.07407339662313461,
            0.16182400286197662,
            0.9813410043716431,
            -0.10383699834346771,
            0.5746390223503113,
            -0.008165850304067135,
            0.8183659911155701
        ],
        [
            -0.4491339921951294,
            0.3029409945011139,
            0.058719899505376816,
            0.03202949836850166,
            0.6743990182876587,
            0.06590480357408524,
            0.03784789890050888,
            0.9970380067825317,
            0.06695369631052017,
            -0.05356559902429581,
            -0.0648811012506485,
            0.9964540004730225
        ],
        [
            -0.3807950019836426,
            -0.43607500195503235,
            -0.30454400181770325,
            0.8108639717102051,
            0.05643570050597191,
            0.07082109898328781,
            0.06996230036020279,
            0.992792010307312,
            0.09731420129537582,
            0.4650779962539673,
            -0.11876499652862549,
            0.8772670030593872
        ],
        [
            0.3615649938583374,
            -0.43549901247024536,
            -0.2886039912700653,
            0.8069509863853455,
            0.08640389889478683,
            0.08318550139665604,
            -0.09272249788045883,
            0.99344402551651,
            0.06686659902334213,
            0.16229799389839172,
            -0.05117800086736679,
            0.9854140281677246
        ],
        [
            -0.3613789975643158,
            -0.35969099402427673,
            0.05427049845457077,
            0.055201999843120575,
            0.6832050085067749,
            0.02934899926185608,
            0.0,
            1.0,
            0.0,
            0.0,
            0.0,
            1.0
        ],
        [
            -0.3626680076122284,
            -0.49604201316833496,
            0.421642005443573,
            0.6963329911231995,
            0.07053779810667038,
            0.0741128996014595,
            0.05060499906539917,
            0.9987030029296875,
            0.005557800177484751,
            -0.31139498949050903,
            0.010490600019693375,
            0.9502230286598206
        ],
        [
            -0.010921499691903591,
            0.485385000705719,
            -0.3129599988460541,
            0.5107010006904602,
            0.07887899875640869,
            0.798183023929596,
            0.0,
            1.0,
            0.0,
            0.0,
            0.0,
            1.0
        ],
        [
            -0.3839229941368103,
            0.35333698987960815,
            -0.27702099084854126,
            0.7812920212745667,
            0.03930709883570671,
            0.06426479667425156,
            -0.06358309835195541,
            0.997859001159668,
            -0.015309699811041355,
            0.45602700114250183,
            0.042696401476860046,
            0.8889409899711609
        ]
    ],
    "ops": [
        [
            0,
            0,
            0,
            0,
            2,
            1,
            1,
            1,
            0,
            0,
            0,
            0,
            1,
            2,
            1,
            1,
            1,
            0,
            0,
            2,
            1,
            1
        ]
    ],
    "syms": [
        [
            0.0,
            0.9999549984931946,
            -0.00828052032738924,
            0.004689009860157967,
            -0.016268599778413773,
            0.29935601353645325,
            0.06074969843029976,
            0.0
        ],
        [
            0.0,
            0.9999960064888,
            -0.0007362799951806664,
            0.0028295801021158695,
            -0.013007000088691711,
            -0.35994699597358704,
            0.055256299674510956,
            0.0
        ],
        [
            0.0,
            0.9974139928817749,
            -0.07150579988956451,
            0.007215800229460001,
            -0.009235049597918987,
            0.32647499442100525,
            -0.27430999279022217,
            0.0
        ]
    ],
    "labels:": [
        [
            1,
            3,
            3,
            3,
            2,
            2,
            2,
            2,
            0,
            0
        ]
    ],
    "obj": 40375,
    "mat_index": 3652,
    "obbs": "N 14\n-0.0109215 0.485385 -0.31296 1 0 0 0 1 0 0 0 1 0.798183 0.510701 0.078879\n-0.01481 -0.058829 0.097842 1 0 0 0 1 0 0 0 1 0.71986 0.182266 0.73311\n-0.383923 0.353337 -0.277021 -0.0635831 0.997859 -0.0153097 0.456027 0.0426964 0.888941 0.887692 0.04954 -0.457765 0.781292 0.0393071 0.0642648\n0.365453 0.299613 -0.271599 0.0442944 0.998678 -0.0260812 -0.427694 0.04255 0.902922 0.902838 -0.0288396 0.429013 0.880575 0.039884 0.0839075\n0.392149 0.0659458 0.356294 0.802249 -0.1921 -0.565239 0.574639 -0.00816585 0.818366 -0.161824 -0.981341 0.103837 0.0740734 0.0709891 0.43642\n-0.413959 0.0663465 0.362594 1 0 0 0 1 0 0 0 1 0.078392 0.430037 0.06266\n0.416597 0.295772 0.0627795 0.998537 0.0540435 0.00177507 -0.0540435 0.996383 0.0655716 0.00177507 -0.0655716 0.997846 0.0622078 0.0327495 0.673446\n-0.449134 0.302941 0.0587199 -0.997847 0.0413001 -0.0509513 0.0378479 0.997038 0.0669537 0.0535656 0.0648811 -0.996454 0.0659048 0.0320295 0.674399\n0.335364 -0.360204 0.056242 1 0 0 0 1 0 0 0 1 0.029349 0.055202 0.683206\n-0.361379 -0.359691 0.0542705 1 0 0 0 1 0 0 0 1 0.029349 0.055202 0.683205\n0.361565 -0.435499 -0.288604 -0.162298 0.051178 -0.985414 0.982376 0.102222 -0.156489 0.0927225 -0.993444 -0.0668666 0.0864039 0.0831855 0.806951\n0.333773 -0.495964 0.423307 1 0 0 0 1 0 0 0 1 0.096483 0.692579 0.054746\n-0.362668 -0.496042 0.421642 0.050605 0.998703 0.0055578 -0.311395 0.0104906 0.950223 0.948932 -0.0498167 0.311522 0.696333 0.0705378 0.0741129\n-0.380795 -0.436075 -0.304544 0.882501 -0.0161169 -0.470035 0.465078 -0.118765 0.877267 -0.0699623 -0.992792 -0.0973142 0.0708211 0.0564357 0.810864\nC 32\n0 7\n0 3\n0 1\n0 6\n0 2\n1 3\n1 6\n1 11\n1 2\n1 5\n1 10\n1 13\n1 4\n1 9\n1 12\n1 8\n1 7\n2 13\n2 7\n3 10\n3 6\n3 8\n4 8\n4 11\n4 6\n5 9\n5 12\n5 7\n8 10\n8 11\n9 13\n9 12\nS 4\n2\n2 -0.383923 0.353337 -0.277021\n3 0.365453 0.299613 -0.271599\n2\n-0.00923505 0.326475 -0.27431\n0.997414 -0.0715058 0.0072158\n2\n6 0.416597 0.295772 0.0627795\n7 -0.449134 0.302941 0.0587199\n2\n-0.0162686 0.299356 0.0607497\n-0.999955 0.00828052 -0.00468901\n2\n8 0.335364 -0.360204 0.056242\n9 -0.361379 -0.359691 0.0542705\n2\n-0.013007 -0.359947 0.0552563\n-0.999996 0.00073628 -0.00282958\n2\n11 0.333773 -0.495964 0.423307\n12 -0.362668 -0.496042 0.421642\n2\n-0.0144477 -0.496003 0.422474\n-0.999997 -0.000112968 -0.00239084\nL 14\n0\n1\n0\n0\n3\n3\n3\n3\n2\n2\n2\n2\n2\n2"
}