{
    "boxes": [
        [
            -0.002836500061675906,
            -0.12874099612236023,
            0.20834000408649445,
            0.13379700481891632,
            0.7358390092849731,
            0.7348629832267761,
            0.0,
            1.0,
            0.0,
            0.0,
            0.0,
            1.0
        ],
        [
            -0.2600890100002289,
            -0.5078889727592468,
            -0.14596599340438843,
            0.6079130172729492,
            0.10139399766921997,
            0.08067309856414795,
            -0.005078199785202742,
            0.982213020324707,
            0.1877029985189438,
            -0.09068100154399872,
            -0.18738499283790588,
            0.9780920147895813
        ],
        [
            -0.2931370139122009,
            -0.49725601077079773,
            0.44660499691963196,
            0.6042479872703552,
            0.15168699622154236,
            0.07078800350427628,
            0.0,
            1.0,
            0.0,
            0.0,
            0.0,
            1.0
        ],
        [
            -0.0037305098958313465,
            0.3203350007534027,
            -0.24704599380493164,
            0.5308579802513123,
            0.14531399309635162,
            0.7520229816436768,
            1.7295899823466243e-08,
            0.9924880266189575,
            -0.12234299629926682,
            1.955890027716123e-08,
            0.12234299629926682,
            0.9924880266189575
        ],
        [
            -0.2597709894180298,
            -0.07735759764909744,
            -0.16387400031089783,
            0.31479600071907043,
            0.05813169851899147,
            0.07712840288877487,
            0.01325719989836216,
            0.9370229840278625,
            -0.349016010761261,
            0.01908230036497116,
            0.34874600172042847,
            0.9370229840278625
        ]
    ],
    "ops": [
        [
            0,
            0,
            0,
            1,
            2,
            1,
            0,
            0,
            2,
            1,
            1
        ]
    ],
    "syms": [
        [
            0.0,
            1.0,
            -0.0008356670150533319,
            2.6819499908015132e-05,
            -0.00448259012773633,
            -0.5081030130386353,
            -0.1459590047597885,
            0.0
        ],
        [
            0.0,
            0.9999589920043945,
            0.009060749784111977,
            9.030989895109087e-05,
            -0.0036291799042373896,
            -0.07503660023212433,
            -0.16385099291801453,
            0.0
        ]
    ],
    "labels:": [
        [
            1,
            2,
            2,
            0,
            0
        ]
    ],
    "obj": 40413,
    "mat_index": 3669,
    "obbs": "N 8\n-0.00373051 0.320335 -0.247046 1 -1.95589e-08 -1.72959e-08 1.95589e-08 0.122343 0.992488 -1.72959e-08 -0.992488 0.122343 0.752023 0.145314 0.530858\n-0.0028365 -0.128741 0.20834 1 0 0 0 1 0 0 0 1 0.734863 0.133797 0.735839\n-0.259771 -0.0773576 -0.163874 0.99973 -0.0190823 -0.0132572 0.0190823 0.348746 0.937023 -0.0132572 -0.937023 0.349016 0.0771284 0.0581317 0.314796\n0.252512 -0.0727157 -0.163828 0.997846 -0.0163702 -0.0635198 0.065138 0.361443 0.930116 0.00773257 -0.932251 0.361731 0.0760665 0.0592773 0.305982\n-0.260089 -0.507889 -0.145966 -0.995867 0.0120542 -0.0900196 -0.090681 -0.187385 0.978092 -0.0050782 0.982213 0.187703 0.0806731 0.101394 0.607913\n-0.293137 -0.497256 0.446605 1 0 0 0 1 0 0 0 1 0.070788 0.604248 0.151687\n0.287799 -0.497256 0.446605 1 0 0 0 1 0 0 0 1 0.070788 0.604248 0.151687\n0.251124 -0.508317 -0.145952 0.0247246 0.982935 0.182283 -0.0665496 -0.180316 0.981355 0.997477 -0.0363945 0.0609557 0.608159 0.0989738 0.0899089\nC 11\n0 1\n0 3\n0 2\n1 2\n1 3\n1 4\n1 5\n1 6\n1 7\n2 4\n3 7\nS 3\n2\n2 -0.259771 -0.0773576 -0.163874\n3 0.252512 -0.0727157 -0.163828\n2\n-0.00362918 -0.0750366 -0.163851\n0.999959 0.00906075 9.03099e-05\n2\n4 -0.260089 -0.507889 -0.145966\n7 0.251124 -0.508317 -0.145952\n2\n-0.00448259 -0.508103 -0.145959\n1 -0.000835667 2.68195e-05\n2\n5 -0.293137 -0.497256 0.446605\n6 0.287799 -0.497256 0.446605\n2\n-0.002669 -0.497256 0.446605\n1 0 0\nL 8\n0\n1\n0\n0\n2\n2\n2\n2"
}