{
    "boxes": [
        [
            -0.005839500110596418,
            -0.13100500404834747,
            0.18385200202465057,
            0.15081100165843964,
            0.9202449917793274,
            0.8428850173950195,
            0.0,
            1.0,
            0.0,
            0.0,
            0.0,
            1.0
        ],
        [
            -0.5304639935493469,
            0.11807599663734436,
            0.24429500102996826,
            0.04279499873518944,
            0.8606410026550293,
            0.1894190013408661,
            -0.0025823700707405806,
            0.8169450163841248,
            0.5767099857330322,
            0.35913199186325073,
            -0.5374799966812134,
            0.7629809975624084
        ],
        [
            -0.6356840133666992,
            0.2491459995508194,
            0.0737190991640091,
            0.041030000895261765,
            0.4117940068244934,
            0.07967740297317505,
            -3.957579792768229e-06,
            0.7948309779167175,
            0.6068310141563416,
            1.3380599739321042e-06,
            -0.6068310141563416,
            0.7948309779167175
        ],
        [
            -0.5041030049324036,
            -0.40295499563217163,
            -0.253030002117157,
            0.7215610146522522,
            0.06988450139760971,
            0.1517000049352646,
            0.1401659995317459,
            0.9788939952850342,
            0.1487250030040741,
            0.07533969730138779,
            -0.16031600534915924,
            0.9841859936714172
        ],
        [
            -0.012313599698245525,
            -0.1836560070514679,
            0.5759360194206238,
            0.06290289759635925,
            0.14358599483966827,
            0.7566069960594177,
            0.0005742880166508257,
            0.8428909778594971,
            -0.5380839705467224,
            0.00016767899796832353,
            0.5380839705467224,
            0.8428909778594971
        ],
        [
            -0.37003499269485474,
            -0.4298120141029358,
            0.5136569738388062,
            0.6681820154190063,
            0.07031899690628052,
            0.08264400064945221,
            0.0,
            1.0,
            0.0,
            0.0,
            0.0,
            1.0
        ],
        [
            -0.0010494700400158763,
            0.2649900019168854,
            -0.33814099431037903,
            0.8132569789886475,
            0.09799329936504364,
            0.8025029897689819,
            -0.0035000001080334187,
            0.9634569883346558,
            -0.2678390145301819,
            -0.0046056900173425674,
            0.2678230106830597,
            0.9634569883346558
        ],
        [
            -0.003021799959242344,
            0.5005409717559814,
            -0.2989329993724823,
            0.04688870161771774,
            0.5035369992256165,
            1.2672499418258667,
            -0.003597969887778163,
            0.819258987903595,
            0.5734130144119263,
            0.0011340499622747302,
            -0.5734130144119263,
            0.8192660212516785
        ]
    ],
    "ops": [
        [
            0,
            0,
            0,
            1,
            2,
            1,
            0,
            2,
            0,
            0,
            2,
            1,
            1,
            1,
            0,
            0,
            1,
            1
        ]
    ],
    "syms": [
        [
            0.0,
            0.999966025352478,
            0.004771309904754162,
            -0.006775999907404184,
            0.004736070055514574,
            0.12062899768352509,
            0.24066899716854095,
            0.0
        ],
        [
            0.0,
            0.9999989867210388,
            -0.00012424100714270025,
            -0.0015149200335144997,
            -0.0008830020087771118,
            -0.4030170142650604,
            -0.2537919878959656,
            0.0
        ],
        [
            0.0,
            0.9999719858169556,
            -0.007421509828418493,
            0.0007654009968973696,
            0.00042138798744417727,
            -0.4325610101222992,
            0.5139409899711609,
            0.0
        ]
    ],
    "labels:": [
        [
            1,
            3,
            3,
            2,
            2,
            2,
            0,
            0
        ]
    ],
    "obj": 40422,
    "mat_index": 3676,
    "obbs": "N 12\n-0.00104947 0.26499 -0.338141 -0.0035 0.963457 -0.267839 -0.00460569 0.267823 0.963457 0.999983 0.00460569 0.0035 0.813257 0.0979933 0.802503\n-0.0058395 -0.131005 0.183852 1 0 0 0 1 0 0 0 1 0.842885 0.150811 0.920245\n0.539936 0.123183 0.237042 0.309342 0.545861 -0.778681 0.00108173 0.818642 0.574303 0.95095 -0.178498 0.25265 0.857259 0.0443401 0.177341\n-0.530464 0.118076 0.244295 0.933283 0.209085 -0.292003 -0.00258237 0.816945 0.57671 0.359132 -0.53748 0.762981 0.189419 0.042795 0.860641\n0.635105 0.249146 0.0737191 1 -3.95771e-06 -1.3381e-06 3.95771e-06 0.794831 0.606831 -1.3381e-06 -0.606831 0.794831 0.0796774 0.04103 0.411794\n-0.635684 0.249146 0.0737191 -1.33806e-06 0.606831 -0.794831 -3.95758e-06 0.794831 0.606831 1 3.95758e-06 1.33806e-06 0.411794 0.04103 0.0796774\n-0.0123136 -0.183656 0.575936 -0.000167679 -0.538084 -0.842891 0.000574288 0.842891 -0.538084 1 -0.000574288 0.000167679 0.143586 0.0629029 0.756607\n0.370878 -0.435311 0.514225 0.989402 0.0116847 -0.144732 0.144871 -0.0120938 0.989377 0.00981025 -0.999859 -0.0136584 0.086264 0.0744576 0.65802\n0.502337 -0.40308 -0.254554 0.985124 0.153861 0.0765356 -0.0511442 -0.162686 0.985351 0.164059 -0.974608 -0.152397 0.162696 0.066548 0.719985\n-0.504103 -0.402955 -0.25303 0.140166 0.978894 0.148725 0.0753397 -0.160316 0.984186 0.987258 -0.126745 -0.0962205 0.721561 0.0698845 0.1517\n-0.370035 -0.429812 0.513657 1 0 0 0 1 0 0 0 1 0.082644 0.668182 0.070319\n-0.0030218 0.500541 -0.298933 0.999993 0.00359797 0.00113405 -0.00359797 0.819259 0.573413 0.00113405 -0.573413 0.819266 1.26725 0.0468887 0.503537\nC 25\n0 11\n0 8\n0 1\n0 9\n1 3\n1 6\n1 2\n1 5\n1 10\n1 4\n1 9\n1 8\n1 7\n2 6\n2 7\n2 11\n2 4\n3 11\n3 10\n3 6\n3 5\n4 11\n5 11\n6 7\n6 10\nS 4\n2\n2 0.539936 0.123183 0.237042\n3 -0.530464 0.118076 0.244295\n2\n0.00473607 0.120629 0.240669\n-0.999966 -0.00477131 0.006776\n2\n4 0.635105 0.249146 0.0737191\n5 -0.635684 0.249146 0.0737191\n2\n-0.0002895 0.249146 0.0737191\n-1 7.39041e-13 -9.6798e-13\n2\n7 0.370878 -0.435311 0.514225\n10 -0.370035 -0.429812 0.513657\n2\n0.000421388 -0.432561 0.513941\n-0.999972 0.00742151 -0.000765401\n2\n8 0.502337 -0.40308 -0.254554\n9 -0.504103 -0.402955 -0.25303\n2\n-0.000883002 -0.403017 -0.253792\n-0.999999 0.000124241 0.00151492\nL 12\n0\n1\n3\n3\n3\n3\n2\n2\n2\n2\n2\n0"
}