{
    "boxes": [
        [
            0.0017359999474138021,
            -0.11769399791955948,
            0.07673799991607666,
            0.15234099328517914,
            0.7358499765396118,
            0.8374080061912537,
            0.0,
            1.0,
            0.0,
            0.0,
            0.0,
            1.0
        ],
        [
            -0.3353089988231659,
            0.21522299945354462,
            0.060578398406505585,
            0.03569430112838745,
            0.6472079753875732,
            0.059661298990249634,
            -1.999220103243715e-06,
            1.0,
            -1.3316699742915716e-08,
            -0.15643399953842163,
            -2.9959500125187333e-07,
            0.9876880049705505
        ],
        [
            -0.38497400283813477,
            0.037099000066518784,
            0.35942500829696655,
            0.366239994764328,
            0.10220299661159515,
            0.04205600172281265,
            0.008648679591715336,
            0.9309279918670654,
            -0.36510100960731506,
            0.011066500097513199,
            0.36500298976898193,
            0.9309399724006653
        ],
        [
            -0.25121599435806274,
            -0.49459800124168396,
            -0.33391401171684265,
            0.6441519856452942,
            0.06210260093212128,
            0.07140260189771652,
            0.0370233990252018,
            0.9834449887275696,
            0.17738500237464905,
            -0.14415700733661652,
            -0.17039400339126587,
            0.9747740030288696
        ],
        [
            -0.3848229944705963,
            -0.4576820135116577,
            0.43594101071357727,
            0.7067869901657104,
            0.10887400060892105,
            0.03853200003504753,
            0.0,
            1.0,
            0.0,
            0.0,
            0.0,
            1.0
        ],
        [
            -0.21349899470806122,
            -0.010406499728560448,
            -0.2777070105075836,
            0.3991439938545227,
            0.05443910136818886,
            0.0890066996216774,
            0.1805649995803833,
            0.9812650084495544,
            0.06719580292701721,
            -0.02609880082309246,
            -0.0635145977139473,
            0.9976400136947632
        ],
        [
            0.002020660089328885,
            0.43727800250053406,
            -0.26962900161743164,
            0.6755229830741882,
            0.08893779665231705,
            0.5799819827079773,
            -0.05230790004134178,
            0.9930369853973389,
            -0.10555200278759003,
            3.119550092378631e-05,
            0.10569799691438675,
            0.9943979978561401
        ],
        [
            0.0021031000651419163,
            0.43390700221061707,
            -0.28026700019836426,
            0.7621870040893555,
            0.0798875018954277,
            0.6715490221977234,
            -0.05231130123138428,
            0.994333028793335,
            -0.09254830330610275,
            2.714500078582205e-05,
            0.09267660230398178,
            0.9956960082054138
        ]
    ],
    "ops": [
        [
            0,
            0,
            0,
            1,
            2,
            1,
            0,
            0,
            1,
            2,
            1,
            0,
            2,
            0,
            0,
            1,
            1,
            1
        ]
    ],
    "syms": [
        [
            0.0,
            1.0,
            -3.345539923110645e-14,
            1.1453799686478305e-07,
            0.0019350099610164762,
            0.21522299945354462,
            0.060578398406505585,
            0.0
        ],
        [
            0.0,
            0.9999849796295166,
            0.004937809891998768,
            0.0022592400200664997,
            0.002810640027746558,
            -0.4933440089225769,
            -0.33333998918533325,
            0.0
        ],
        [
            0.0,
            0.9999189972877502,
            0.01260560005903244,
            -0.0015154499560594559,
            0.001459629973396659,
            -0.00769656989723444,
            -0.27803200483322144,
            0.0
        ]
    ],
    "labels:": [
        [
            1,
            3,
            3,
            2,
            2,
            0,
            0,
            0
        ]
    ],
    "obj": 40448,
    "mat_index": 3689,
    "obbs": "N 13\n0.00202066 0.437278 -0.269629 0.998631 0.0520116 -0.00555984 3.11955e-05 0.105698 0.994398 0.0523079 -0.993037 0.105552 0.579982 0.0889378 0.675523\n0.001736 -0.117694 0.076738 1 0 0 0 1 0 0 0 1 0.837408 0.152341 0.73585\n0.339179 0.215223 0.0605785 -0.156434 2.99595e-07 -0.987688 1.99928e-06 1 -1.33258e-08 0.987688 -1.97675e-06 -0.156434 0.647208 0.0356943 0.0596613\n-0.335309 0.215223 0.0605784 -0.987688 -1.97669e-06 -0.156434 -1.99922e-06 1 -1.33167e-08 0.156434 2.99595e-07 -0.987688 0.0596613 0.0356943 0.647208\n0.38867 0.0417161 0.3583 -0.00179182 -0.357751 -0.933815 0.999977 -0.00670986 0.000651827 -0.00649896 -0.933793 0.357755 0.10236 0.0407416 0.357134\n-0.384974 0.037099 0.359425 -0.0110665 -0.365003 -0.93094 0.999901 -0.0120918 -0.00714534 -0.00864868 -0.930928 0.365101 0.102203 0.042056 0.36624\n-0.213499 -0.0104065 -0.277707 -0.983217 0.181892 -0.0141413 -0.0260988 -0.0635146 0.99764 0.180565 0.981265 0.0671958 0.0890067 0.0544391 0.399144\n0.216418 -0.00498668 -0.278358 0.985595 0.16762 0.0225059 -0.0116744 -0.0653262 0.997796 0.168721 -0.983685 -0.0624283 0.0901683 0.053938 0.388955\n0.256838 -0.492089 -0.332766 -0.0751999 0.980742 0.180253 -0.0624881 -0.185044 0.980742 0.995209 0.0624881 0.0751999 0.650769 0.0665929 0.0728388\n-0.251216 -0.494598 -0.333914 0.0370234 0.983445 0.177385 -0.144157 -0.170394 0.974774 0.988862 -0.0616606 0.135461 0.644152 0.0621026 0.0714026\n-0.384823 -0.457682 0.435941 1 0 0 0 1 0 0 0 1 0.038532 0.706787 0.108874\n0.388701 -0.450144 0.435952 1 0 0 0 1 0 0 0 1 0.038533 0.721864 0.108763\n0.0021031 0.433907 -0.280267 0.998631 0.0520836 -0.00487502 2.7145e-05 0.0926766 0.995696 0.0523113 -0.994333 0.0925483 0.671549 0.0798875 0.762187\nC 31\n0 2\n0 7\n0 3\n0 12\n0 1\n0 6\n1 3\n1 6\n1 11\n1 2\n1 5\n1 10\n1 4\n1 9\n1 12\n1 8\n1 7\n2 12\n2 7\n2 4\n3 6\n3 5\n3 12\n4 11\n5 10\n6 9\n6 12\n7 12\n7 8\n8 12\n9 12\nS 5\n2\n2 0.339179 0.215223 0.0605785\n3 -0.335309 0.215223 0.0605784\n2\n0.00193501 0.215223 0.0605784\n-1 3.34554e-14 -1.14538e-07\n2\n4 0.38867 0.0417161 0.3583\n5 -0.384974 0.037099 0.359425\n2\n0.00184769 0.0394075 0.358863\n-0.999981 -0.00596793 0.00145371\n2\n6 -0.213499 -0.0104065 -0.277707\n7 0.216418 -0.00498668 -0.278358\n2\n0.00145963 -0.00769657 -0.278032\n0.999919 0.0126056 -0.00151545\n2\n8 0.256838 -0.492089 -0.332766\n9 -0.251216 -0.494598 -0.333914\n2\n0.00281064 -0.493344 -0.33334\n-0.999985 -0.00493781 -0.00225924\n2\n10 -0.384823 -0.457682 0.435941\n11 0.388701 -0.450144 0.435952\n2\n0.00193875 -0.453913 0.435946\n0.999953 0.0097452 1.35736e-05\nL 13\n0\n1\n3\n3\n3\n3\n0\n0\n2\n2\n2\n2\n0"
}