{
    "boxes": [
        [
            -0.004102000035345554,
            -0.07798949629068375,
            0.16357800364494324,
            0.09866700321435928,
            0.797747015953064,
            0.7401319742202759,
            0.0,
            1.0,
            0.0,
            0.0,
            0.0,
            1.0
        ],
        [
            -0.31555598974227905,
            -0.3037930130958557,
            -0.24488100409507751,
            0.939795970916748,
            0.03289239853620529,
            0.07646869868040085,
            0.029069999232888222,
            0.9985859990119934,
            0.04451080039143562,
            0.2736569941043854,
            -0.05077899992465973,
            0.9604859948158264
        ],
        [
            -0.415132999420166,
            -0.41224798560142517,
            0.47406500577926636,
            0.7217159867286682,
            0.02960599958896637,
            0.06168000027537346,
            0.0,
            1.0,
            0.0,
            0.0,
            0.0,
            1.0
        ],
        [
            -0.3116320073604584,
            0.031213799491524696,
            -0.22784599661827087,
            0.2687309980392456,
            0.03647569939494133,
            0.06490640342235565,
            0.014864799566566944,
            0.997642993927002,
            0.06698410212993622,
            0.2555229961872101,
            -0.06855729967355728,
            0.964368999004364
        ],
        [
            -0.004102000035345554,
            0.25647199153900146,
            -0.19998499751091003,
            0.5338789820671082,
            0.1400279998779297,
            0.7065460085868835,
            1.2256699655210923e-08,
            0.9563189744949341,
            -0.2923260033130646,
            1.6563099336508458e-08,
            0.2923260033130646,
            0.9563189744949341
        ],
        [
            -0.009277000091969967,
            0.18298299610614777,
            -0.23790499567985535,
            0.0649494007229805,
            0.09369400143623352,
            0.7306680083274841,
            -6.160860016590775e-11,
            0.9915639758110046,
            -0.12961900234222412,
            -4.0097400226535296e-12,
            0.12961900234222412,
            0.9915639758110046
        ]
    ],
    "ops": [
        [
            0,
            0,
            0,
            1,
            2,
            1,
            0,
            2,
            0,
            0,
            1,
            1,
            1
        ]
    ],
    "syms": [
        [
            0.0,
            0.9999989867210388,
            -0.00022045000514481217,
            0.0013509000418707728,
            -0.003102980088442564,
            -0.3038620054721832,
            -0.24445900321006775,
            0.0
        ],
        [
            0.0,
            0.9999989867210388,
            0.0014756199670955539,
            0.00022173899924382567,
            -0.004087049979716539,
            0.03166760131716728,
            -0.22777800261974335,
            0.0
        ]
    ],
    "labels:": [
        [
            1,
            2,
            2,
            0,
            0,
            0
        ]
    ],
    "obj": 40460,
    "mat_index": 3698,
    "obbs": "N 9\n-0.004102 0.256472 -0.199985 1 -1.65631e-08 -1.22567e-08 1.65631e-08 0.292326 0.956319 -1.22567e-08 -0.956319 0.292326 0.706546 0.140028 0.533879\n-0.004102 -0.0779895 0.163578 1 0 0 0 1 0 0 0 1 0.740132 0.098667 0.797747\n-0.009277 0.182983 -0.237905 1 6.16086e-11 -4.00974e-12 -6.16086e-11 0.991564 -0.129619 -4.00974e-12 0.129619 0.991564 0.730668 0.0649494 0.093694\n0.30935 -0.303931 -0.244037 -0.00575929 0.998487 0.0546778 -0.250571 -0.0543753 0.96657 0.968081 -0.00813391 0.250505 0.938346 0.0341243 0.0717724\n-0.315556 -0.303793 -0.244881 0.961388 -0.0157407 -0.274747 0.273657 -0.050779 0.960486 -0.02907 -0.998586 -0.0445108 0.0764687 0.0328924 0.939796\n0.407096 -0.412248 0.474065 1 0 0 0 1 0 0 0 1 0.06168 0.721716 0.029606\n-0.415133 -0.412248 0.474065 1 0 0 0 1 0 0 0 1 0.06168 0.721716 0.029606\n0.303457 0.0321215 -0.22771 -0.0323 0.998184 0.0508486 -0.226963 -0.0568713 0.972242 0.973368 0.0198626 0.228387 0.266947 0.0345644 0.0680217\n-0.311632 0.0312138 -0.227846 0.0148648 0.997643 0.0669841 0.255523 -0.0685573 0.964369 0.966689 0.00278081 -0.25594 0.268731 0.0364757 0.0649064\nC 19\n0 1\n0 7\n0 4\n0 3\n0 8\n0 2\n1 2\n1 3\n1 4\n1 5\n1 8\n1 6\n1 7\n2 7\n2 8\n2 4\n2 3\n3 7\n4 8\nS 3\n2\n3 0.30935 -0.303931 -0.244037\n4 -0.315556 -0.303793 -0.244881\n2\n-0.00310298 -0.303862 -0.244459\n-0.999999 0.00022045 -0.0013509\n2\n5 0.407096 -0.412248 0.474065\n6 -0.415133 -0.412248 0.474065\n2\n-0.0040185 -0.412248 0.474065\n-1 0 0\n2\n7 0.303457 0.0321215 -0.22771\n8 -0.311632 0.0312138 -0.227846\n2\n-0.00408705 0.0316676 -0.227778\n-0.999999 -0.00147562 -0.000221739\nL 9\n0\n1\n0\n2\n2\n2\n2\n0\n0"
}