{
    "boxes": [
        [
            0.0006569999968633056,
            -0.17630800604820251,
            0.23274800181388855,
            0.19934499263763428,
            0.9819939732551575,
            0.9187179803848267,
            0.0,
            1.0,
            0.0,
            0.0,
            0.0,
            1.0
        ],
        [
            -0.4134109914302826,
            0.2683500051498413,
            0.12886899709701538,
            0.2391519993543625,
            0.7731829881668091,
            0.0905819982290268,
            0.0,
            1.0,
            0.0,
            0.0,
            0.0,
            1.0
        ],
        [
            0.4137069880962372,
            -0.5208920240402222,
            0.23963600397109985,
            0.6640639901161194,
            0.10795199871063232,
            0.11606500297784805,
            -0.012993800453841686,
            0.8969039916992188,
            -0.4420340061187744,
            -0.3473989963531494,
            0.4104839861392975,
            0.8430989980697632
        ],
        [
            -0.40449199080467224,
            -0.5263530015945435,
            0.23581600189208984,
            0.6545689702033997,
            0.08968780189752579,
            0.10919299721717834,
            0.0018357100198045373,
            0.911424994468689,
            -0.4114609956741333,
            0.002842830028384924,
            0.4114550054073334,
            0.911424994468689
        ],
        [
            -0.4040350019931793,
            -0.5264930129051208,
            -0.03112649917602539,
            0.5763360261917114,
            0.09945300221443176,
            0.10908500105142593,
            0.0,
            1.0,
            0.0,
            0.0,
            0.0,
            1.0
        ],
        [
            0.0007233640062622726,
            0.29141899943351746,
            -0.28974100947380066,
            0.3274970054626465,
            0.18201099336147308,
            0.9222949743270874,
            0.013513600453734398,
            0.9765179753303528,
            -0.21501299738883972,
            0.01681080088019371,
            0.21478000283241272,
            0.9765179753303528
        ],
        [
            0.000510414014570415,
            0.535377025604248,
            -0.36079099774360657,
            0.2704789936542511,
            0.1370680034160614,
            0.9185929894447327,
            -0.0035090900491923094,
            0.9498760104179382,
            -0.31260600686073303,
            -0.004849039949476719,
            0.31258800625801086,
            0.9498760104179382
        ]
    ],
    "ops": [
        [
            0,
            0,
            2,
            1,
            0,
            0,
            0,
            2,
            1,
            1,
            1,
            0,
            0,
            2,
            1,
            1
        ]
    ],
    "syms": [
        [
            0.0,
            0.9998760223388672,
            0.015751399099826813,
            -0.0005408580182120204,
            -0.00023025000700727105,
            0.2748590111732483,
            0.12864500284194946,
            0.0
        ],
        [
            0.0,
            1.0,
            -0.000843968999106437,
            1.2974600394954905e-05,
            0.0006009999779053032,
            -0.5268340110778809,
            -0.03112119995057583,
            0.0
        ],
        [
            0.0,
            -0.00027532599051482975,
            0.9831560254096985,
            -0.18276700377464294,
            0.0005839570076204836,
            0.2727639973163605,
            -0.3119719922542572,
            0.0
        ]
    ],
    "labels:": [
        [
            1,
            3,
            2,
            2,
            2,
            0,
            0
        ]
    ],
    "obj": 2586,
    "mat_index": 370,
    "obbs": "N 10\n0.41295 0.281368 0.128421 1 0 0 0 1 0 0 0 1 0.094131 0.210604 0.774051\n-0.413411 0.26835 0.128869 1 0 0 0 1 0 0 0 1 0.090582 0.239152 0.773183\n0.000657 -0.176308 0.232748 1 0 0 0 1 0 0 0 1 0.918718 0.199345 0.981994\n-0.404035 -0.526493 -0.0311265 1 0 0 0 1 0 0 0 1 0.109085 0.576336 0.099453\n-0.404492 -0.526353 0.235816 0.999994 -0.00284283 -0.00183571 0.00284283 0.411455 0.911425 -0.00183571 -0.911425 0.411461 0.109193 0.0896878 0.654569\n0.413707 -0.520892 0.239636 -0.937627 -0.164517 -0.30625 -0.347399 0.410484 0.843099 -0.0129938 0.896904 -0.442034 0.116065 0.107952 0.664064\n0.405236 -0.527176 -0.031116 1 0 0 0 1 0 0 0 1 0.109139 0.57497 0.099472\n0.000510414 0.535377 -0.360791 -0.00350909 0.949876 -0.312606 -0.00484904 0.312588 0.949876 0.999982 0.00484904 0.00350909 0.270479 0.137068 0.918593\n0.000723364 0.291419 -0.289741 0.999767 -0.0168108 -0.0135136 0.0168108 0.21478 0.976518 -0.0135136 -0.976518 0.215013 0.922295 0.182011 0.327497\n0.0006575 0.0101515 -0.263153 1 0 0 0 1 0 0 0 1 0.918643 0.358807 0.166567\nC 21\n0 7\n0 9\n0 8\n1 2\n1 8\n1 9\n1 7\n2 6\n2 9\n2 8\n2 3\n2 5\n2 4\n3 9\n3 4\n5 9\n5 6\n6 9\n7 8\n7 9\n8 9\nS 3\n2\n0 0.41295 0.281368 0.128421\n1 -0.413411 0.26835 0.128869\n2\n-0.00023025 0.274859 0.128645\n-0.999876 -0.0157514 0.000540858\n2\n3 -0.404035 -0.526493 -0.0311265\n6 0.405236 -0.527176 -0.031116\n2\n0.000601 -0.526834 -0.0311212\n1 -0.000843969 1.29746e-05\n2\n9 0.0006575 0.0101515 -0.263153\n7 0.000510414 0.535377 -0.360791\n2\n0.000583957 0.272764 -0.311972\n-0.000275326 0.983156 -0.182767\nL 10\n3\n3\n1\n2\n2\n2\n2\n0\n0\n0"
}