{
    "boxes": [
        [
            0.015203299932181835,
            -0.06638740003108978,
            0.1500609964132309,
            0.1333319991827011,
            0.845890998840332,
            0.9157050251960754,
            0.0005202239844948053,
            0.9994419813156128,
            -0.033400699496269226,
            8.69033010530984e-06,
            0.033400699496269226,
            0.9994419813156128
        ],
        [
            -0.4547939896583557,
            0.056594498455524445,
            0.1273989975452423,
            0.3634049892425537,
            0.5451080203056335,
            0.09085100144147873,
            0.0,
            1.0,
            0.0,
            0.0,
            0.0,
            1.0
        ],
        [
            -0.3936209976673126,
            -0.125109001994133,
            0.1273989975452423,
            0.02018900029361248,
            0.24226999282836914,
            0.2131969928741455,
            0.0,
            1.0,
            0.0,
            0.0,
            0.0,
            1.0
        ],
        [
            0.011575000360608101,
            -0.4162369966506958,
            0.13244600594043732,
            0.3634049892425537,
            0.1413239985704422,
            0.1413239985704422,
            0.0,
            1.0,
            0.0,
            0.0,
            0.0,
            1.0
        ],
        [
            0.011653999797999859,
            -0.6355599761009216,
            -0.15020200610160828,
            0.08027900010347366,
            0.56529700756073,
            0.11009199917316437,
            0.0,
            1.0,
            0.0,
            0.0,
            0.0,
            1.0
        ],
        [
            -0.018426699563860893,
            -0.7118650078773499,
            -0.3843980133533478,
            0.10614100098609924,
            0.09085070341825485,
            0.15963900089263916,
            -0.504177987575531,
            0.852590024471283,
            0.13745999336242676,
            0.25944098830223083,
            -0.0022857999429106712,
            0.9657559990882874
        ],
        [
            0.017635000869631767,
            0.5647079944610596,
            -0.3533709943294525,
            0.6933130025863647,
            0.026045100763440132,
            0.8360540270805359,
            9.232609997160933e-15,
            0.9961950182914734,
            -0.08715560287237167,
            1.0075600056157989e-14,
            0.08715560287237167,
            0.9961950182914734
        ],
        [
            0.019463300704956055,
            0.568606972694397,
            -0.3040989935398102,
            0.6865000128746033,
            0.09310200065374374,
            0.8277549743652344,
            4.32304977948661e-06,
            0.9970250129699707,
            -0.07708299905061722,
            4.67016980110202e-06,
            0.07708299905061722,
            0.9970250129699707
        ],
        [
            0.01739170029759407,
            0.20656700432300568,
            -0.3233950138092041,
            0.8697019815444946,
            0.3518030047416687,
            0.3051779866218567,
            0.0012918099528178573,
            0.9743760228157043,
            -0.22492100298404694,
            0.01811799965798855,
            0.2248609960079193,
            0.9742220044136047
        ]
    ],
    "ops": [
        [
            0,
            0,
            0,
            1,
            2,
            1,
            0,
            0,
            0,
            1,
            2,
            1,
            1,
            0,
            0,
            0,
            1,
            1,
            1
        ]
    ],
    "syms": [
        [
            0.0,
            1.0,
            -0.0,
            -0.0,
            0.016218800097703934,
            0.056594498455524445,
            0.1273989975452423,
            0.0
        ],
        [
            -1.0,
            -0.0036000499967485666,
            0.9999240040779114,
            0.011812999844551086,
            0.012340200133621693,
            -0.6417549848556519,
            0.13301099836826324,
            0.20000000298023224
        ]
    ],
    "labels:": [
        [
            1,
            3,
            3,
            2,
            2,
            2,
            0,
            0,
            0
        ]
    ],
    "obj": 40488,
    "mat_index": 3714,
    "obbs": "N 19\n0.0194633 0.568607 -0.304099 1 -4.67017e-06 -4.32305e-06 4.67017e-06 0.077083 0.997025 -4.32305e-06 -0.997025 0.077083 0.827755 0.093102 0.6865\n0.487232 0.0565945 0.127399 1 0 0 0 1 0 0 0 1 0.090852 0.363405 0.545108\n-0.454794 0.0565945 0.127399 1 0 0 0 1 0 0 0 1 0.090851 0.363405 0.545108\n0.426059 -0.125109 0.127399 1 0 0 0 1 0 0 0 1 0.213198 0.020189 0.24227\n-0.393621 -0.125109 0.127399 1 0 0 0 1 0 0 0 1 0.213197 0.020189 0.24227\n0.0152033 -0.0663874 0.150061 1 -0.000520224 8.69033e-06 0.000520224 0.999442 -0.0334007 8.69033e-06 0.0334007 0.999442 0.915705 0.133332 0.845891\n-0.152962 -0.644875 0.362005 -0.806522 0.0875436 -0.584686 0.0568796 0.995878 0.0706501 0.588461 0.0237241 -0.808177 0.111876 0.0847671 0.567042\n-0.25463 -0.643591 0.0476533 0.307502 0.071863 -0.94883 -0.0421157 0.997195 0.061877 0.950615 0.0209334 0.309666 0.111619 0.0840097 0.566853\n0.011654 -0.63556 -0.150202 1 0 0 0 1 0 0 0 1 0.110092 0.080279 0.565297\n0.280064 -0.64247 0.044583 0.95093 -0.0216022 -0.308652 0.0117467 0.999361 -0.0337537 0.309184 0.0284718 0.950576 0.566898 0.081795 0.110764\n0.177575 -0.642278 0.361017 -0.587611 0.0236736 -0.808797 0.0147452 0.999719 0.0185492 0.809009 -0.00102614 -0.587795 0.567039 0.080313 0.110118\n0.011575 -0.416237 0.132446 1 0 0 0 1 0 0 0 1 0.141324 0.363405 0.141324\n0.339771 -0.71162 0.532796 -0.777465 -0.00176628 -0.628924 0.33324 0.846928 -0.414324 0.533385 -0.531705 -0.657868 0.0908516 0.106072 0.159568\n-0.267849 -0.711713 0.56828 0.358339 -0.000109725 -0.933592 0.493126 0.84914 0.189176 0.792729 -0.528168 0.304334 0.0908516 0.105981 0.159582\n-0.487567 -0.726824 0.0069975 1 0 0 0 1 0 0 0 1 0.090794 0.106037 0.152247\n-0.0184267 -0.711865 -0.384398 0.823708 0.522576 -0.220044 -0.504178 0.85259 0.13746 0.259441 -0.0022858 0.965756 0.159639 0.106141 0.0908507\n0.493923 -0.711842 -0.0558992 0.839881 -0.00805245 -0.542711 -0.278378 0.851973 -0.44345 0.465946 0.523524 0.713314 0.0908487 0.106513 0.159675\n0.0173917 0.206567 -0.323395 0.00129181 0.974376 -0.224921 0.999835 -0.00533362 -0.0173633 -0.018118 -0.224861 -0.974222 0.869702 0.305178 0.351803\n0.017635 0.564708 -0.353371 1 -1.00756e-14 -9.23261e-15 1.00756e-14 0.0871556 0.996195 -9.23261e-15 -0.996195 0.0871556 0.836054 0.0260451 0.693313\nC 39\n0 2\n0 17\n0 18\n0 5\n0 1\n1 3\n1 5\n1 18\n2 18\n2 5\n2 4\n3 17\n3 5\n4 5\n4 17\n5 18\n5 17\n6 9\n6 7\n6 10\n6 11\n6 8\n6 13\n7 11\n7 10\n7 14\n7 9\n7 8\n8 9\n8 10\n8 15\n8 11\n9 11\n9 10\n9 16\n10 11\n10 12\n11 17\n17 18\nS 4\n2\n1 0.487232 0.0565945 0.127399\n2 -0.454794 0.0565945 0.127399\n2\n0.0162188 0.0565945 0.127399\n-1 0 0\n2\n3 0.426059 -0.125109 0.127399\n4 -0.393621 -0.125109 0.127399\n2\n0.0162188 -0.125109 0.127399\n-1 0 0\n5\n8 0.011654 -0.63556 -0.150202\n7 -0.25463 -0.643591 0.0476533\n6 -0.152962 -0.644875 0.362005\n10 0.177575 -0.642278 0.361017\n9 0.280064 -0.64247 0.044583\n3\n0.0123402 -0.641755 0.133011\n0.00360005 -0.999924 -0.011813\n5\n15 -0.0184267 -0.711865 -0.384398\n16 0.493923 -0.711842 -0.0558992\n12 0.339771 -0.71162 0.532796\n13 -0.267849 -0.711713 0.56828\n14 -0.487567 -0.726824 0.0069975\n3\n0.0119704 -0.714773 0.133555\n0.0112811 -0.999931 0.00317303\nL 19\n0\n3\n3\n3\n3\n1\n2\n2\n2\n2\n2\n2\n2\n2\n2\n2\n2\n0\n0"
}