{
    "boxes": [
        [
            -0.009499499574303627,
            0.16979700326919556,
            0.010995999909937382,
            0.06836500018835068,
            0.6531220078468323,
            0.6544910073280334,
            0.0,
            1.0,
            0.0,
            0.0,
            0.0,
            1.0
        ],
        [
            -0.2815670073032379,
            0.4632450044155121,
            0.07669000327587128,
            0.048110999166965485,
            0.16102799773216248,
            0.06113100051879883,
            0.0,
            1.0,
            0.0,
            0.0,
            0.0,
            1.0
        ],
        [
            -0.30831798911094666,
            -0.3794659972190857,
            0.2608250081539154,
            1.03711998462677,
            0.059703998267650604,
            0.04473379999399185,
            0.053647298365831375,
            0.9965670108795166,
            -0.063053198158741,
            -0.23446300625801086,
            0.07395009696483612,
            0.9693080186843872
        ],
        [
            -0.008840500377118587,
            -0.6621310114860535,
            0.027710000053048134,
            0.04554399847984314,
            0.5230780243873596,
            0.6743450164794922,
            0.0,
            1.0,
            0.0,
            0.0,
            0.0,
            1.0
        ],
        [
            -0.2700299918651581,
            -0.6619439721107483,
            0.023174099624156952,
            0.05184200033545494,
            0.5272989869117737,
            0.05285460129380226,
            -0.05282919853925705,
            0.9981939792633057,
            -0.028591100126504898,
            -0.19123700261116028,
            0.0179882999509573,
            0.981378972530365
        ],
        [
            -0.21421700716018677,
            -0.3794659972190857,
            -0.20797200500965118,
            1.0354700088500977,
            0.043768201023340225,
            0.046518001705408096,
            0.03777879849076271,
            0.9988330006599426,
            0.03010139986872673,
            0.4705060124397278,
            -0.04435480013489723,
            0.8812810182571411
        ],
        [
            0.28954800963401794,
            -0.3794659972190857,
            0.2605780065059662,
            1.0372600555419922,
            0.0658842995762825,
            0.04449250176548958,
            -0.038193900138139725,
            0.9988200068473816,
            -0.029993800446391106,
            0.5379989743232727,
            0.04584810137748718,
            0.8416969776153564
        ],
        [
            -0.005744500085711479,
            -0.6622980237007141,
            -0.21024399995803833,
            0.04472000151872635,
            0.0567220002412796,
            0.45799899101257324,
            0.0,
            1.0,
            0.0,
            0.0,
            0.0,
            1.0
        ],
        [
            -0.009399999864399433,
            0.33571699261665344,
            -0.13273100554943085,
            0.30317801237106323,
            0.315869003534317,
            0.6047319769859314,
            0.0,
            1.0,
            0.0,
            0.0,
            0.0,
            1.0
        ]
    ],
    "ops": [
        [
            0,
            0,
            2,
            1,
            0,
            0,
            0,
            1,
            1,
            0,
            2,
            0,
            0,
            2,
            1,
            1,
            1,
            1,
            0,
            1
        ]
    ],
    "syms": [
        [
            0.0,
            0.9999979734420776,
            -0.0021318099461495876,
            -0.0005908409948460758,
            -0.009498500265181065,
            0.46266499161720276,
            0.07652919739484787,
            0.0
        ],
        [
            0.0,
            0.9997259974479675,
            -1.152669995008182e-07,
            0.023404600098729134,
            -0.012229200452566147,
            -0.3794659972190857,
            -0.20324300229549408,
            0.0
        ],
        [
            0.0,
            -0.007650719955563545,
            0.0005838900106027722,
            0.9999709725379944,
            -0.007588750217109919,
            -0.6621569991111755,
            0.030804699286818504,
            0.0
        ]
    ],
    "labels:": [
        [
            1,
            3,
            2,
            2,
            2,
            2,
            2,
            2,
            0
        ]
    ],
    "obj": 40490,
    "mat_index": 3715,
    "obbs": "N 12\n-0.281567 0.463245 0.07669 1 0 0 0 1 0 0 0 1 0.061131 0.048111 0.161028\n0.26257 0.462085 0.0763685 1 0 0 0 1 0 0 0 1 0.060791 0.050431 0.161135\n-0.0088405 -0.662131 0.02771 1 0 0 0 1 0 0 0 1 0.674345 0.045544 0.523078\n-0.0057445 -0.662298 -0.210244 1 0 0 0 1 0 0 0 1 0.457999 0.04472 0.056722\n-0.009433 -0.662017 0.271853 1 0 0 0 1 0 0 0 1 0.67923 0.045315 0.049489\n-0.27003 -0.661944 0.0231741 -0.0528292 0.998194 -0.0285911 0.980121 0.0573132 0.189941 0.191237 -0.0179883 -0.981379 0.051842 0.0528546 0.527299\n-0.0094995 0.169797 0.010996 1 0 0 0 1 0 0 0 1 0.654491 0.068365 0.653122\n-0.214217 -0.379466 -0.207972 0.881588 -0.0191309 -0.471633 0.470506 -0.0443548 0.881281 -0.0377788 -0.998833 -0.0301014 0.046518 0.0437682 1.03547\n0.189759 -0.379466 -0.198514 0.0559138 -0.997731 -0.0375126 0.734637 0.0665555 -0.675188 0.676152 0.0101942 0.736691 1.03697 0.0466096 0.0540968\n0.289548 -0.379466 0.260578 -0.537999 -0.0458481 -0.841697 0.84208 0.016011 -0.539116 0.0381939 -0.99882 0.0299938 0.0658843 0.0444925 1.03726\n-0.308318 -0.379466 0.260825 0.234463 -0.0739501 -0.969308 0.970644 -0.0372171 0.237625 -0.0536473 -0.996567 0.0630532 0.059704 0.0447338 1.03712\n-0.0094 0.335717 -0.132731 1 0 0 0 1 0 0 0 1 0.604732 0.303178 0.315869\nC 28\n0 11\n0 6\n1 6\n1 11\n2 8\n2 5\n2 9\n2 10\n2 3\n2 7\n2 4\n3 7\n3 5\n3 8\n4 9\n4 10\n4 5\n5 10\n5 7\n6 9\n6 7\n6 10\n6 11\n6 8\n7 11\n8 11\n9 11\n10 11\nS 3\n2\n0 -0.281567 0.463245 0.07669\n1 0.26257 0.462085 0.0763685\n2\n-0.0094985 0.462665 0.0765292\n0.999998 -0.00213181 -0.000590841\n2\n3 -0.0057445 -0.662298 -0.210244\n4 -0.009433 -0.662017 0.271853\n2\n-0.00758875 -0.662157 0.0308047\n-0.00765072 0.00058389 0.999971\n2\n7 -0.214217 -0.379466 -0.207972\n8 0.189759 -0.379466 -0.198514\n2\n-0.0122292 -0.379466 -0.203243\n0.999726 -1.15267e-07 0.0234046\nL 12\n3\n3\n2\n2\n2\n2\n1\n2\n2\n2\n2\n0"
}