{
    "boxes": [
        [
            -0.0133865000680089,
            0.09960900247097015,
            -0.004321500193327665,
            0.23262399435043335,
            0.8628829717636108,
            1.3367700576782227,
            0.0,
            1.0,
            0.0,
            0.0,
            0.0,
            1.0
        ],
        [
            -0.0304470993578434,
            -0.3366599977016449,
            -0.40503498911857605,
            0.18058200180530548,
            0.06726379692554474,
            1.460010051727295,
            0.48559901118278503,
            0.8735039830207825,
            0.0344155989587307,
            -0.015983300283551216,
            -0.030490700155496597,
            0.9994069933891296
        ],
        [
            -0.03306030109524727,
            -0.3343360126018524,
            0.39329200983047485,
            0.1705549955368042,
            0.06735040247440338,
            1.4663000106811523,
            0.4983449876308441,
            0.8669520020484924,
            0.006848929915577173,
            -0.0018955200212076306,
            -0.006810219958424568,
            0.9999750256538391
        ]
    ],
    "ops": [
        [
            0,
            0,
            0,
            1,
            2,
            1
        ]
    ],
    "syms": [
        [
            0.0,
            0.9969329833984375,
            0.06509000062942505,
            0.0434551015496254,
            -0.011936900205910206,
            -0.33545199036598206,
            -0.40422800183296204,
            0.0
        ]
    ],
    "labels:": [
        [
            1,
            2,
            2
        ]
    ],
    "obj": 40491,
    "mat_index": 3716,
    "obbs": "N 5\n-0.0133865 0.099609 -0.0043215 1 0 0 0 1 0 0 0 1 1.33677 0.232624 0.862883\n-0.0304471 -0.33666 -0.405035 0.485599 0.873504 0.0344156 -0.0159833 -0.0304907 0.999407 0.874035 -0.485862 -0.000844803 0.180582 0.0672638 1.46001\n0.00657325 -0.334243 -0.403421 0.866945 0.498397 -0.00283989 0.00184872 0.00248224 0.999995 0.498401 -0.866946 0.00123056 1.46684 0.0686412 0.170471\n-0.0330603 -0.334336 0.393292 0.498345 0.866952 0.00684893 -0.00189552 -0.00681022 0.999975 0.866977 -0.498346 -0.00175052 0.170555 0.0673504 1.4663\n0.00604268 -0.333702 0.393711 -0.507114 0.861765 -0.0140296 -0.00834874 0.0113655 0.999901 0.861839 0.50718 0.00143103 0.165037 0.0678691 1.46603\nC 6\n0 1\n0 4\n0 3\n0 2\n1 2\n3 4\nS 2\n2\n1 -0.0304471 -0.33666 -0.405035\n2 0.00657325 -0.334243 -0.403421\n2\n-0.0119369 -0.335452 -0.404228\n0.996933 0.06509 0.0434551\n2\n3 -0.0330603 -0.334336 0.393292\n4 0.00604268 -0.333702 0.393711\n2\n-0.0135088 -0.334019 0.393502\n0.999811 0.0162037 0.0107144\nL 5\n1\n2\n2\n2\n2"
}