{
    "boxes": [
        [
            0.012279000133275986,
            -0.09142100065946579,
            0.2125539928674698,
            0.2634339928627014,
            0.8054500222206116,
            0.8698019981384277,
            0.0,
            1.0,
            0.0,
            0.0,
            0.0,
            1.0
        ],
        [
            -0.4657680094242096,
            0.2130029946565628,
            -0.27039098739624023,
            0.21980400383472443,
            0.10193099826574326,
            0.09313129633665085,
            -0.019767599180340767,
            0.9981510043144226,
            0.05748699977993965,
            0.030773399397730827,
            -0.05686350166797638,
            0.9979079961776733
        ],
        [
            -0.4657190144062042,
            0.20401699841022491,
            0.4324289858341217,
            0.27349698543548584,
            0.09532909840345383,
            0.09008359909057617,
            -0.0019840500317513943,
            0.7332519888877869,
            -0.6799539923667908,
            -0.004545620176941156,
            0.6799420118331909,
            0.7332519888877869
        ],
        [
            -0.4657079875469208,
            0.2971839904785156,
            0.05614849925041199,
            0.08296500146389008,
            0.6299170255661011,
            0.08954200148582458,
            0.0,
            1.0,
            0.0,
            0.0,
            0.0,
            1.0
        ],
        [
            0.012279000133275986,
            -0.6930469870567322,
            -0.27960899472236633,
            0.09425099939107895,
            0.09694399684667587,
            0.8698019981384277,
            0.0,
            1.0,
            0.0,
            0.0,
            0.0,
            1.0
        ],
        [
            -0.4657079875469208,
            -0.30744099617004395,
            0.49089398980140686,
            0.855804979801178,
            0.10616999864578247,
            0.08954200148582458,
            0.0,
            1.0,
            0.0,
            0.0,
            0.0,
            1.0
        ],
        [
            0.49026599526405334,
            -0.7025889754295349,
            0.0012359999818727374,
            0.07853800058364868,
            0.903219997882843,
            0.08954200148582458,
            0.0,
            1.0,
            0.0,
            0.0,
            0.0,
            1.0
        ],
        [
            0.01631850004196167,
            0.3016360104084015,
            -0.30913400650024414,
            0.8902000188827515,
            0.17425000667572021,
            0.861723005771637,
            6.681659669993678e-08,
            0.9881280064582825,
            -0.15363100171089172,
            7.800780110756023e-08,
            0.15363100171089172,
            0.9881280064582825
        ]
    ],
    "ops": [
        [
            0,
            0,
            0,
            0,
            1,
            1,
            2,
            1,
            0,
            0,
            0,
            1,
            2,
            1,
            1,
            0,
            1
        ]
    ],
    "syms": [
        [
            0.0,
            0.9998090267181396,
            -0.0192818995565176,
            -0.003270369954407215,
            0.01224919967353344,
            0.2037840038537979,
            -0.2719550132751465,
            0.0
        ],
        [
            0.0,
            0.9994199872016907,
            -0.03405439853668213,
            -0.0007213579956442118,
            0.012279000133275986,
            -0.3237279951572418,
            0.4905489981174469,
            0.0
        ]
    ],
    "labels:": [
        [
            1,
            3,
            3,
            3,
            2,
            2,
            2,
            0
        ]
    ],
    "obj": 40509,
    "mat_index": 3724,
    "obbs": "N 13\n0.0163185 0.301636 -0.309134 1 -7.80078e-08 -6.68166e-08 7.80078e-08 0.153631 0.988128 -6.68166e-08 -0.988128 0.153631 0.861723 0.17425 0.8902\n0.012279 -0.091421 0.212554 1 0 0 0 1 0 0 0 1 0.869802 0.263434 0.80545\n0.489182 0.158965 0.456906 -0.99817 -0.0123924 -0.0591927 -0.056764 0.529616 0.846336 0.0208613 0.848147 -0.52935 0.0978895 0.110325 0.30223\n0.490266 0.194566 -0.273518 1 0 0 0 1 0 0 0 1 0.089542 0.180079 0.095193\n-0.465719 0.204017 0.432429 0.999988 0.00454562 0.00198405 -0.00454562 0.679942 0.733252 0.00198405 -0.733252 0.679954 0.0900836 0.0953291 0.273497\n-0.465768 0.213003 -0.270391 0.999331 0.0214953 -0.0295924 0.0307734 -0.0568635 0.997908 0.0197676 -0.998151 -0.057487 0.0931313 0.101931 0.219804\n0.490266 0.289543 0.05124 1 0 0 0 1 0 0 0 1 0.089542 0.098248 0.694732\n-0.465708 0.297184 0.0561485 1 0 0 0 1 0 0 0 1 0.089542 0.082965 0.629917\n0.490266 -0.340014 0.490204 1 0 0 0 1 0 0 0 1 0.089542 0.798195 0.10755\n-0.465708 -0.307441 0.490894 1 0 0 0 1 0 0 0 1 0.089542 0.855805 0.10617\n-0.465708 -0.701871 0.017359 1 0 0 0 1 0 0 0 1 0.089542 0.079975 0.935466\n0.490266 -0.702589 0.001236 1 0 0 0 1 0 0 0 1 0.089542 0.078538 0.90322\n0.012279 -0.693047 -0.279609 1 0 0 0 1 0 0 0 1 0.869802 0.094251 0.096944\nC 25\n0 7\n0 3\n0 5\n0 1\n0 6\n1 3\n1 6\n1 2\n1 5\n1 4\n1 9\n1 8\n1 7\n2 8\n2 6\n3 6\n4 7\n4 9\n5 7\n6 8\n7 9\n8 11\n9 10\n10 12\n11 12\nS 5\n2\n2 0.489182 0.158965 0.456906\n4 -0.465719 0.204017 0.432429\n2\n0.0117313 0.181491 0.444667\n-0.998562 0.0471113 -0.0255963\n2\n3 0.490266 0.194566 -0.273518\n5 -0.465768 0.213003 -0.270391\n2\n0.0122492 0.203784 -0.271955\n-0.999809 0.0192819 0.00327037\n2\n6 0.490266 0.289543 0.05124\n7 -0.465708 0.297184 0.0561485\n2\n0.012279 0.293364 0.0536943\n-0.999955 0.00799306 0.00513432\n2\n8 0.490266 -0.340014 0.490204\n9 -0.465708 -0.307441 0.490894\n2\n0.012279 -0.323728 0.490549\n-0.99942 0.0340544 0.000721358\n2\n10 -0.465708 -0.701871 0.017359\n11 0.490266 -0.702589 0.001236\n2\n0.012279 -0.70223 0.0092975\n0.999858 -0.000751482 -0.0168631\nL 13\n0\n1\n3\n3\n3\n3\n3\n3\n2\n2\n2\n2\n2"
}