{
    "boxes": [
        [
            -0.009125499986112118,
            -0.13270799815654755,
            0.14035800099372864,
            0.18640799820423126,
            0.6139799952507019,
            0.7013310194015503,
            0.0,
            1.0,
            0.0,
            0.0,
            0.0,
            1.0
        ],
        [
            -0.2846300005912781,
            -0.5338510274887085,
            0.40114399790763855,
            0.6568220257759094,
            0.09359090030193329,
            0.06426320225000381,
            0.012886200100183487,
            0.998553991317749,
            -0.05218910053372383,
            -0.3075439929962158,
            0.05362140014767647,
            0.9500219821929932
        ],
        [
            -0.2880080044269562,
            -0.5349810123443604,
            -0.19776999950408936,
            0.6546589732170105,
            0.056726500391960144,
            0.06224760040640831,
            0.016665499657392502,
            0.9791160225868225,
            0.20261700451374054,
            0.09861870110034943,
            -0.20326699316501617,
            0.9741439819335938
        ],
        [
            -0.0045992000959813595,
            0.2336529940366745,
            -0.17039600014686584,
            0.9324079751968384,
            0.1795019954442978,
            0.7143769860267639,
            0.00016136400518007576,
            0.9860389828681946,
            -0.16651199758052826,
            0.00019089800480287522,
            0.16651199758052826,
            0.9860389828681946
        ]
    ],
    "ops": [
        [
            0,
            0,
            0,
            1,
            2,
            1,
            0,
            1
        ]
    ],
    "syms": [
        [
            0.0,
            0.9999989867210388,
            0.0014301800401881337,
            -0.0004968420253135264,
            -0.006055229809135199,
            -0.5334529876708984,
            0.40100499987602234,
            0.0
        ]
    ],
    "labels:": [
        [
            1,
            2,
            2,
            0
        ]
    ],
    "obj": 2590,
    "mat_index": 373,
    "obbs": "N 6\n-0.0045992 0.233653 -0.170396 1 -0.000190898 -0.000161364 0.000190898 0.166512 0.986039 -0.000161364 -0.986039 0.166512 0.714377 0.179502 0.932408\n-0.0091255 -0.132708 0.140358 1 0 0 0 1 0 0 0 1 0.701331 0.186408 0.61398\n-0.28463 -0.533851 0.401144 0.307544 -0.0536214 -0.950022 0.951447 0.00380828 0.30779 -0.0128862 -0.998554 0.0521891 0.0935909 0.0642632 0.656822\n0.27252 -0.533054 0.400867 0.010352 -0.999129 0.0404358 0.968617 -2.35586e-05 -0.248558 0.248343 0.0417399 0.967773 0.656212 0.0608545 0.0952669\n0.268641 -0.535044 -0.197049 -9.53083e-05 0.979821 0.199879 -0.0855131 -0.199155 0.97623 0.996337 -0.0169992 0.0838065 0.655286 0.0566096 0.069175\n-0.288008 -0.534981 -0.19777 0.994986 0.0037473 -0.0999467 0.0986187 -0.203267 0.974144 -0.0166655 -0.979116 -0.202617 0.0622476 0.0567265 0.654659\nC 7\n0 1\n0 5\n0 4\n1 2\n1 3\n1 4\n1 5\nS 2\n2\n2 -0.28463 -0.533851 0.401144\n3 0.27252 -0.533054 0.400867\n2\n-0.00605523 -0.533453 0.401005\n0.999999 0.00143018 -0.000496842\n2\n4 0.268641 -0.535044 -0.197049\n5 -0.288008 -0.534981 -0.19777\n2\n-0.00968333 -0.535013 -0.19741\n-0.999999 0.000113406 -0.00129497\nL 6\n0\n1\n2\n2\n2\n2"
}