{
    "boxes": [
        [
            0.0029510799795389175,
            -0.0481627993285656,
            0.0777347981929779,
            0.16406400501728058,
            0.7071560025215149,
            0.7030019760131836,
            -0.0016087499679997563,
            0.9973819851875305,
            0.07229360193014145,
            0.05239399895071983,
            -0.07211039960384369,
            0.9960200190544128
        ],
        [
            -0.36572501063346863,
            0.2871609926223755,
            0.01909950003027916,
            0.057652998715639114,
            0.4531629979610443,
            0.03335599973797798,
            0.0,
            1.0,
            0.0,
            0.0,
            0.0,
            1.0
        ],
        [
            -0.27668800950050354,
            -0.08339200168848038,
            0.08443649858236313,
            0.06456399708986282,
            0.06456299871206284,
            0.21026399731636047,
            0.0,
            1.0,
            0.0,
            0.0,
            0.0,
            1.0
        ],
        [
            -0.36567598581314087,
            0.10567999631166458,
            0.18269400298595428,
            0.3709929883480072,
            0.0566365011036396,
            0.034434299916028976,
            -0.003147680079564452,
            0.9155960083007812,
            0.4020879864692688,
            0.006958859972655773,
            -0.40206000208854675,
            0.9155870079994202
        ],
        [
            -0.3334429860115051,
            -0.45992401242256165,
            0.28675198554992676,
            0.799235999584198,
            0.03353559970855713,
            0.03220970183610916,
            -2.6370400519226678e-05,
            0.8816890120506287,
            -0.47183001041412354,
            -4.402079866849817e-05,
            0.47183001041412354,
            0.8816890120506287
        ],
        [
            -0.3657349944114685,
            -0.4599500000476837,
            -0.11789999902248383,
            0.7992299795150757,
            0.032652001827955246,
            0.03527919948101044,
            0.004177209921181202,
            0.8807039856910706,
            0.4736489951610565,
            0.0963255986571312,
            -0.47180500626564026,
            0.87642502784729
        ],
        [
            0.006028340198099613,
            0.30360299348831177,
            -0.23591500520706177,
            0.6065400242805481,
            0.14342699944972992,
            0.6809989809989929,
            -0.001876860042102635,
            0.9996659755706787,
            -0.025765499100089073,
            -0.0019258500542491674,
            0.02576190046966076,
            0.9996659755706787
        ]
    ],
    "ops": [
        [
            0,
            0,
            0,
            0,
            1,
            1,
            2,
            1,
            0,
            0,
            1,
            2,
            1,
            0,
            1
        ]
    ],
    "syms": [
        [
            0.0,
            0.9999859929084778,
            -0.004932110197842121,
            0.0018354799831286073,
            0.005561499856412411,
            0.28532999753952026,
            0.019781000912189484,
            0.0
        ],
        [
            0.0,
            1.0,
            2.5386800300841728e-11,
            -1.956860021246065e-12,
            0.0055615101009607315,
            -0.45992401242256165,
            0.28675198554992676,
            0.0
        ]
    ],
    "labels:": [
        [
            1,
            3,
            3,
            3,
            2,
            2,
            0
        ]
    ],
    "obj": 40533,
    "mat_index": 3741,
    "obbs": "N 12\n0.00602834 0.303603 -0.235915 -0.00187686 0.999666 -0.0257655 -0.00192585 0.0257619 0.999666 0.999996 0.00192585 0.00187686 0.60654 0.143427 0.680999\n0.287811 -0.083392 0.0844365 1 0 0 0 1 0 0 0 1 0.210264 0.064564 0.064563\n-0.276688 -0.083392 0.0844365 1 0 0 0 1 0 0 0 1 0.210264 0.064564 0.064563\n0.00295108 -0.0481628 0.0777348 0.998625 0.0053901 -0.0521409 -0.00160875 0.997382 0.0722936 0.052394 -0.0721104 0.99602 0.703002 0.164064 0.707156\n0.379042 0.105402 0.180218 -0.219501 0.415158 -0.882872 0.975588 0.0997584 -0.195642 0.00685137 -0.904263 -0.426921 0.0535045 0.0410801 0.368063\n-0.365676 0.10568 0.182694 0.00314768 -0.915596 -0.402088 0.999971 0.00568004 -0.00510595 0.00695886 -0.40206 0.915587 0.370993 0.0344343 0.0566365\n0.376848 0.283499 0.0204625 1 0 0 0 1 0 0 0 1 0.033356 0.064978 0.455889\n-0.365725 0.287161 0.0190995 1 0 0 0 1 0 0 0 1 0.033356 0.057653 0.453163\n-0.333443 -0.459924 0.286752 -2.63704e-05 0.881689 -0.47183 -4.40208e-05 0.47183 0.881689 1 4.40208e-05 2.63704e-05 0.799236 0.0335356 0.0322097\n-0.365735 -0.45995 -0.1179 0.00417721 0.880704 0.473649 0.0963256 -0.471805 0.876425 0.995341 0.0419635 -0.0868051 0.79923 0.032652 0.0352792\n0.376858 -0.45995 -0.1179 -0.995341 0.0419635 -0.0868051 -0.0963256 -0.471805 0.876425 -0.00417721 0.880704 0.473649 0.0352792 0.032652 0.79923\n0.344566 -0.459924 0.286752 1 -2.70327e-05 -1.61938e-05 2.70327e-05 0.47183 0.881689 -1.61938e-05 -0.881689 0.47183 0.0322017 0.0335356 0.799236\nC 32\n0 7\n0 10\n0 3\n0 4\n0 1\n0 6\n0 9\n0 2\n1 3\n1 11\n1 10\n1 4\n2 8\n2 5\n2 9\n2 3\n3 11\n3 7\n3 10\n3 6\n3 9\n3 5\n3 8\n3 4\n4 10\n4 11\n4 6\n5 9\n5 8\n5 7\n8 9\n10 11\nS 5\n2\n1 0.287811 -0.083392 0.0844365\n2 -0.276688 -0.083392 0.0844365\n2\n0.0055615 -0.083392 0.0844365\n-1 0 0\n2\n4 0.379042 0.105402 0.180218\n5 -0.365676 0.10568 0.182694\n2\n0.00668272 0.105541 0.181456\n-0.999994 0.000372843 0.00332565\n2\n6 0.376848 0.283499 0.0204625\n7 -0.365725 0.287161 0.0190995\n2\n0.0055615 0.28533 0.019781\n-0.999986 0.00493211 -0.00183548\n2\n8 -0.333443 -0.459924 0.286752\n11 0.344566 -0.459924 0.286752\n2\n0.00556151 -0.459924 0.286752\n1 2.53868e-11 -1.95686e-12\n2\n9 -0.365735 -0.45995 -0.1179\n10 0.376858 -0.45995 -0.1179\n2\n0.0055615 -0.45995 -0.1179\n1 2.99012e-16 2.24259e-16\nL 12\n0\n3\n3\n1\n3\n3\n3\n3\n2\n2\n2\n2"
}