{
    "boxes": [
        [
            0.01297099981456995,
            -0.14447300136089325,
            0.18518899381160736,
            0.0826290026307106,
            0.764519989490509,
            0.6895760297775269,
            0.0,
            1.0,
            0.0,
            0.0,
            0.0,
            1.0
        ],
        [
            0.031350500881671906,
            -0.3940179944038391,
            0.14235499501228333,
            0.5113080143928528,
            0.08388800173997879,
            0.08326499909162521,
            0.0,
            1.0,
            0.0,
            0.0,
            0.0,
            1.0
        ],
        [
            -0.13378800451755524,
            -0.6395999789237976,
            -0.023118600249290466,
            0.028015099465847015,
            0.4279960095882416,
            0.03500879928469658,
            -0.024427099153399467,
            0.999472975730896,
            0.021369999274611473,
            0.7070800065994263,
            0.0021616900339722633,
            0.7071300148963928
        ],
        [
            -0.006726779974997044,
            0.3796130120754242,
            -0.18834100663661957,
            1.182289958000183,
            0.09600780159235,
            0.5822039842605591,
            0.022841300815343857,
            0.999737024307251,
            -0.0017935100477188826,
            0.1272590011358261,
            -0.001128130010329187,
            0.9918689727783203
        ],
        [
            -0.016494600102305412,
            -0.17172999680042267,
            -0.11621899902820587,
            0.09721200168132782,
            0.2606840133666992,
            0.16378900408744812,
            0.04431280121207237,
            0.9861119985580444,
            0.16005900502204895,
            0.15275299549102783,
            -0.16502000391483307,
            0.9743899703025818
        ]
    ],
    "ops": [
        [
            0,
            0,
            0,
            2,
            1,
            1,
            0,
            0,
            1,
            1
        ]
    ],
    "syms": [
        [
            -1.0,
            0.00566603010520339,
            0.0016951699508354068,
            0.999983012676239,
            0.03136830031871796,
            -0.6407570242881775,
            0.14291800558567047,
            0.25
        ]
    ],
    "labels:": [
        [
            1,
            2,
            2,
            0,
            0
        ]
    ],
    "obj": 40535,
    "mat_index": 3742,
    "obbs": "N 8\n-0.00672678 0.379613 -0.188341 0.991606 -0.0228838 -0.127252 0.127259 -0.00112813 0.991869 -0.0228413 -0.999737 0.00179351 0.582204 0.0960078 1.18229\n0.0313505 -0.394018 0.142355 1 0 0 0 1 0 0 0 1 0.083265 0.511308 0.083888\n0.012971 -0.144473 0.185189 1 0 0 0 1 0 0 0 1 0.689576 0.082629 0.76452\n-0.0164946 -0.17173 -0.116219 0.98727 -0.0187286 -0.157944 0.0443128 0.986112 0.160059 0.152753 -0.16502 0.97439 0.163789 0.097212 0.260684\n0.197855 -0.643385 -0.0249913 -0.694428 -0.191213 -0.693691 -0.131385 0.981534 -0.139032 0.707465 -0.00540715 -0.706727 0.0414536 0.0347873 0.425834\n0.198414 -0.63983 0.308941 0.705508 0.0645394 -0.705757 -0.0494857 0.9979 0.0417868 0.706972 0.00544396 0.707221 0.0404103 0.0319383 0.428445\n-0.133788 -0.6396 -0.0231186 0.706711 0.0323834 -0.706761 -0.0244271 0.999473 0.02137 0.70708 0.00216169 0.70713 0.0350088 0.0280151 0.427996\n-0.137009 -0.640213 0.310842 0.706773 0.0130762 -0.70732 -0.0510782 0.998163 -0.0325856 0.705595 0.0591593 0.706142 0.421169 0.0291905 0.0375206\nC 15\n0 3\n0 2\n1 2\n1 3\n1 4\n1 5\n1 6\n1 7\n2 3\n4 7\n4 6\n4 5\n5 6\n5 7\n6 7\nS 1\n4\n7 -0.137009 -0.640213 0.310842\n6 -0.133788 -0.6396 -0.0231186\n4 0.197855 -0.643385 -0.0249913\n5 0.198414 -0.63983 0.308941\n3\n0.0313683 -0.640757 0.142918\n0.00566603 0.00169517 0.999983\nL 8\n0\n2\n1\n0\n2\n2\n2\n2"
}