{
    "boxes": [
        [
            -0.025807000696659088,
            -0.2730430066585541,
            0.05058399960398674,
            0.6338790059089661,
            1.100849986076355,
            1.177780032157898,
            0.0,
            1.0,
            0.0,
            0.0,
            0.0,
            1.0
        ],
        [
            -0.5633339881896973,
            -0.32003799080848694,
            0.5873259902000427,
            0.5194510221481323,
            0.026895800605416298,
            0.03801039978861809,
            0.07792569696903229,
            0.9969519972801208,
            0.0037839598953723907,
            -0.5762799978256226,
            0.04194650053977966,
            0.8161749839782715
        ],
        [
            0.5784800052642822,
            -0.32150998711586,
            0.5858719944953918,
            0.5169150233268738,
            0.031132599338889122,
            0.04177509993314743,
            -0.11923100054264069,
            0.9928510189056396,
            -0.005482700187712908,
            -0.11903099715709686,
            -0.008811620064079762,
            0.9928510189056396
        ],
        [
            -0.5814440250396729,
            -0.2743690013885498,
            -0.369145005941391,
            0.6670719981193542,
            0.031022699549794197,
            0.06973239779472351,
            0.13021300733089447,
            0.8930969834327698,
            0.43060600757598877,
            -0.08309579640626907,
            -0.4229460060596466,
            0.9023370146751404
        ],
        [
            -0.5950120091438293,
            -0.5735660195350647,
            0.04574349895119667,
            0.04098000004887581,
            1.0980900526046753,
            0.045813001692295074,
            0.0,
            1.0,
            0.0,
            0.0,
            0.0,
            1.0
        ],
        [
            0.006504709832370281,
            0.5175229907035828,
            -0.49400898814201355,
            0.04473790153861046,
            0.11971999704837799,
            0.9998999834060669,
            -0.0015300899976864457,
            0.930387020111084,
            -0.3665759861469269,
            -0.0002905600122176111,
            0.3665759861469269,
            0.9303879737854004
        ],
        [
            0.005717500112950802,
            0.2632499933242798,
            -0.37646999955177307,
            0.587460994720459,
            0.14154399931430817,
            1.0356299877166748,
            -0.002573420060798526,
            0.9461190104484558,
            -0.32381001114845276,
            -0.0036007000599056482,
            0.3237999975681305,
            0.9461190104484558
        ]
    ],
    "ops": [
        [
            0,
            0,
            0,
            0,
            0,
            1,
            2,
            1,
            1,
            1,
            0,
            0,
            1,
            1
        ]
    ],
    "syms": [
        [
            0.0,
            0.9999889731407166,
            -0.0031169001013040543,
            0.003548590000718832,
            0.002212699968367815,
            -0.2761879861354828,
            -0.36707401275634766,
            0.0
        ]
    ],
    "labels:": [
        [
            1,
            2,
            2,
            2,
            2,
            0,
            0
        ]
    ],
    "obj": 40546,
    "mat_index": 3749,
    "obbs": "N 9\n0.00650471 0.517523 -0.494009 0.00029056 -0.366576 -0.930388 -0.00153009 0.930387 -0.366576 0.999999 0.00153009 -0.00029056 0.11972 0.0447379 0.9999\n0.0057175 0.26325 -0.37647 -0.00257342 0.946119 -0.32381 -0.0036007 0.3238 0.946119 0.99999 0.0036007 0.00257342 0.587461 0.141544 1.03563\n0.585869 -0.278007 -0.365003 -0.101706 0.898369 0.427304 0.101806 -0.417877 0.902782 0.989592 0.13532 -0.0489583 0.667157 0.0405842 0.0706607\n0.57848 -0.32151 0.585872 -0.119231 0.992851 -0.0054827 -0.119031 -0.00881162 0.992851 0.985706 0.119031 0.119231 0.516915 0.0311326 0.0417751\n-0.581444 -0.274369 -0.369145 -0.987998 0.153278 -0.0191395 -0.0830958 -0.422946 0.902337 0.130213 0.893097 0.430606 0.0697324 0.0310227 0.667072\n-0.563334 -0.320038 0.587326 0.0779257 0.996952 0.00378396 -0.57628 0.0419465 0.816175 0.813528 -0.0657816 0.577793 0.519451 0.0268958 0.0380104\n-0.025807 -0.273043 0.050584 1 0 0 0 1 0 0 0 1 1.17778 0.633879 1.10085\n-0.595012 -0.573566 0.0457435 1 0 0 0 1 0 0 0 1 0.045813 0.04098 1.09809\n0.612838 -0.579116 0.043057 1 0 0 0 1 0 0 0 1 0.035957 0.029866 1.09444\nC 14\n0 1\n1 2\n1 4\n1 6\n2 6\n2 8\n3 8\n3 6\n4 7\n4 6\n5 6\n5 7\n6 7\n6 8\nS 2\n2\n2 0.585869 -0.278007 -0.365003\n4 -0.581444 -0.274369 -0.369145\n2\n0.0022127 -0.276188 -0.367074\n-0.999989 0.0031169 -0.00354859\n2\n7 -0.595012 -0.573566 0.0457435\n8 0.612838 -0.579116 0.043057\n2\n0.008913 -0.576341 0.0444003\n0.999987 -0.00459489 -0.00222417\nL 9\n0\n0\n2\n2\n2\n2\n1\n2\n2"
}