{
    "boxes": [
        [
            0.012846999801695347,
            -0.11755099892616272,
            0.12509000301361084,
            0.30276599526405334,
            0.7620869874954224,
            0.7800059914588928,
            0.0,
            1.0,
            0.0,
            0.0,
            0.0,
            1.0
        ],
        [
            -0.31689101457595825,
            -0.4609520137310028,
            -0.18516099452972412,
            0.718146026134491,
            0.10663700103759766,
            0.08568400144577026,
            0.0,
            1.0,
            0.0,
            0.0,
            0.0,
            1.0
        ],
        [
            0.3487280011177063,
            -0.4611560106277466,
            0.43018800020217896,
            0.7292140126228333,
            0.1021599993109703,
            0.08233650028705597,
            0.006791340187191963,
            0.9886509776115417,
            -0.15007799863815308,
            0.06873299926519394,
            0.14926500618457794,
            0.9864050149917603
        ],
        [
            -0.31594398617744446,
            -0.4527440071105957,
            0.43108800053596497,
            0.7507529854774475,
            0.1111219972372055,
            0.127020001411438,
            0.0696834996342659,
            0.9925559759140015,
            -0.09988539665937424,
            -0.5855460166931152,
            0.1217620000243187,
            0.8014429807662964
        ],
        [
            0.013407699763774872,
            0.35692599415779114,
            -0.22988399863243103,
            0.7549899816513062,
            0.0906388983130455,
            0.6523730158805847,
            -0.01061679981648922,
            0.9957889914512634,
            -0.09106229990720749,
            -0.011631299741566181,
            0.09093829989433289,
            0.9957889914512634
        ],
        [
            0.012983899563550949,
            0.35519498586654663,
            -0.2315559983253479,
            0.9584429860115051,
            0.11609199643135071,
            0.7683420181274414,
            0.0037548099644482136,
            0.9956079721450806,
            -0.09354709833860397,
            0.004124119877815247,
            0.09353160113096237,
            0.9956079721450806
        ]
    ],
    "ops": [
        [
            0,
            0,
            2,
            0,
            0,
            1,
            1,
            1,
            0,
            0,
            1,
            1
        ]
    ],
    "syms": [
        [
            0.0,
            0.9999229907989502,
            0.011140000075101852,
            -0.005545219872146845,
            0.011249000206589699,
            -0.4572960138320923,
            -0.1869799941778183,
            0.0
        ]
    ],
    "labels:": [
        [
            1,
            2,
            2,
            2,
            0,
            0
        ]
    ],
    "obj": 40548,
    "mat_index": 3751,
    "obbs": "N 7\n0.0134077 0.356926 -0.229884 0.999876 0.0116313 0.0106168 -0.0116313 0.0909383 0.995789 0.0106168 -0.995789 0.0910623 0.652373 0.0906389 0.75499\n0.012847 -0.117551 0.12509 1 0 0 0 1 0 0 0 1 0.780006 0.302766 0.762087\n-0.316891 -0.460952 -0.185161 1 0 0 0 1 0 0 0 1 0.085684 0.718146 0.106637\n0.339389 -0.453641 -0.1888 1 0 0 0 1 0 0 0 1 0.091858 0.732809 0.099358\n0.348728 -0.461156 0.430188 0.997612 -0.0170144 -0.0669392 0.068733 0.149265 0.986405 -0.00679134 -0.988651 0.150078 0.0823365 0.10216 0.729214\n-0.315944 -0.452744 0.431088 0.0696835 0.992556 -0.0998854 -0.585546 0.121762 0.801443 0.807639 0.00264006 0.589671 0.750753 0.111122 0.12702\n0.0129839 0.355195 -0.231556 0.999984 -0.00412412 -0.00375481 0.00412412 0.0935316 0.995608 -0.00375481 -0.995608 0.0935471 0.768342 0.116092 0.958443\nC 11\n0 1\n0 6\n0 3\n0 2\n1 2\n1 3\n1 4\n1 5\n1 6\n2 6\n3 6\nS 1\n2\n2 -0.316891 -0.460952 -0.185161\n3 0.339389 -0.453641 -0.1888\n2\n0.011249 -0.457296 -0.18698\n0.999923 0.01114 -0.00554522\nL 7\n0\n1\n2\n2\n2\n2\n0"
}