{
    "boxes": [
        [
            0.007980000227689743,
            0.06290700286626816,
            0.05684899911284447,
            0.10764200240373611,
            0.769927978515625,
            0.8341339826583862,
            0.0,
            1.0,
            0.0,
            0.0,
            0.0,
            1.0
        ],
        [
            -0.3261440098285675,
            -0.3374820053577423,
            -0.2973960041999817,
            0.7616099715232849,
            0.09361699968576431,
            0.06446299701929092,
            0.0,
            1.0,
            0.0,
            0.0,
            0.0,
            1.0
        ],
        [
            -0.35343798995018005,
            -0.3934270143508911,
            0.054677799344062805,
            0.09717150032520294,
            0.6311619877815247,
            0.06808459758758545,
            -0.0017835700418800116,
            0.9999629855155945,
            -0.008409470319747925,
            -0.0963893011212349,
            0.008198419585824013,
            0.9953100085258484
        ],
        [
            0.011470500379800797,
            -0.38050299882888794,
            0.40841400623321533,
            0.059336598962545395,
            0.02945059910416603,
            0.7174339890480042,
            0.010471099987626076,
            0.9999449849128723,
            -0.0001096560008591041,
            0.010471699759364128,
            -2.202239952897589e-11,
            0.9999449849128723
        ],
        [
            -0.3815529942512512,
            -0.2882330119609833,
            0.40595799684524536,
            0.857354998588562,
            0.09202499687671661,
            0.06959699839353561,
            0.0,
            1.0,
            0.0,
            0.0,
            0.0,
            1.0
        ],
        [
            -0.3268980085849762,
            0.4460740089416504,
            -0.3117760121822357,
            0.8705580234527588,
            0.11436399817466736,
            0.06843890249729156,
            0.0028026599902659655,
            0.99822998046875,
            -0.05941379815340042,
            -0.04510270059108734,
            0.05947969853878021,
            0.9972100257873535
        ],
        [
            0.012733999639749527,
            0.4652239978313446,
            -0.32760199904441833,
            0.09523890167474747,
            0.03195929899811745,
            0.6605839729309082,
            -3.334789944187122e-10,
            0.9994950294494629,
            -0.03176850080490112,
            -3.4424699202340037e-10,
            0.03176850080490112,
            0.9994950294494629
        ]
    ],
    "ops": [
        [
            0,
            0,
            0,
            1,
            2,
            0,
            0,
            2,
            1,
            1,
            1,
            0,
            2,
            0,
            2,
            1,
            1
        ]
    ],
    "syms": [
        [
            0.0,
            0.9999380111694336,
            -0.011062700301408768,
            0.0010303399758413434,
            0.004067250061780214,
            -0.3411349952220917,
            -0.2970559895038605,
            0.0
        ],
        [
            0.0,
            1.0,
            -0.0,
            -0.0008078980026766658,
            0.011441499926149845,
            -0.2882330119609833,
            0.40564098954200745,
            0.0
        ],
        [
            0.0,
            0.9999669790267944,
            -0.007931889966130257,
            -0.0019834800623357296,
            0.0034634899348020554,
            0.44345301389694214,
            -0.3124310076236725,
            0.0
        ],
        [
            0.0,
            0.03567960113286972,
            0.9971809983253479,
            -0.06601220369338989,
            0.01817389950156212,
            0.6172609925270081,
            -0.33766698837280273,
            0.0
        ]
    ],
    "labels:": [
        [
            1,
            2,
            2,
            2,
            2,
            0,
            0
        ]
    ],
    "obj": 40578,
    "mat_index": 3771,
    "obbs": "N 12\n0.334279 -0.344788 -0.296716 1 0 0 0 1 0 0 0 1 0.064442 0.746997 0.093618\n-0.326144 -0.337482 -0.297396 1 0 0 0 1 0 0 0 1 0.064463 0.76161 0.093617\n0.404436 -0.288233 0.405324 1 0 0 0 1 0 0 0 1 0.069597 0.857355 0.092025\n-0.381553 -0.288233 0.405958 1 0 0 0 1 0 0 0 1 0.069597 0.857355 0.092025\n0.00798 0.062907 0.056849 1 0 0 0 1 0 0 0 1 0.834134 0.107642 0.769928\n0.333825 0.440833 -0.313086 0.0161287 -0.0362283 -0.999213 0.99987 0.000450522 0.0161229 -0.000133939 -0.999343 0.0362309 0.121982 0.0655469 0.880519\n-0.326898 0.446074 -0.311776 0.0451027 -0.0594797 -0.99721 0.998978 -0.000115118 0.0451895 -0.00280266 -0.99823 0.0594138 0.114364 0.0684389 0.870558\n0.0236139 0.769298 -0.347732 -0.00306112 0.999782 -0.0206619 -0.00312502 0.0206524 0.999782 0.99999 0.00312502 0.00306112 0.121235 0.0173299 0.651968\n0.012734 0.465224 -0.327602 -3.33479e-10 0.999495 -0.0317685 -3.44247e-10 0.0317685 0.999495 1 3.44247e-10 3.33479e-10 0.0952389 0.0319593 0.660584\n0.36897 -0.393427 0.0547092 -0.00107405 -0.999915 0.0129602 0.993106 -0.00258574 -0.117195 0.117218 0.012745 0.993024 0.100016 0.0680845 0.631383\n0.0114705 -0.380503 0.408414 0.99989 -0.0104717 -0.0104711 0.0104717 -2.20224e-11 0.999945 -0.0104711 -0.999945 0.000109656 0.717434 0.0294506 0.0593366\n-0.353438 -0.393427 0.0546778 0.0963893 -0.00819842 -0.99531 0.995342 0.00258579 0.0963711 0.00178357 -0.999963 0.00840947 0.631162 0.0680846 0.0971715\nC 21\n0 5\n0 4\n0 9\n1 4\n1 6\n1 11\n2 9\n2 10\n2 4\n3 10\n3 11\n3 4\n4 6\n4 5\n5 7\n5 8\n6 7\n6 8\n7 8\n9 10\n10 11\nS 5\n2\n0 0.334279 -0.344788 -0.296716\n1 -0.326144 -0.337482 -0.297396\n2\n0.00406725 -0.341135 -0.297056\n-0.999938 0.0110627 -0.00103034\n2\n2 0.404436 -0.288233 0.405324\n3 -0.381553 -0.288233 0.405958\n2\n0.0114415 -0.288233 0.405641\n-1 0 0.000807898\n2\n5 0.333825 0.440833 -0.313086\n6 -0.326898 0.446074 -0.311776\n2\n0.00346349 0.443453 -0.312431\n-0.999967 0.00793189 0.00198348\n2\n7 0.0236139 0.769298 -0.347732\n8 0.012734 0.465224 -0.327602\n2\n0.0181739 0.617261 -0.337667\n-0.0356796 -0.997181 0.0660122\n2\n9 0.36897 -0.393427 0.0547092\n11 -0.353438 -0.393427 0.0546778\n2\n0.00776601 -0.393427 0.0546935\n-1 -7.46554e-07 -4.34938e-05\nL 12\n2\n2\n2\n2\n1\n0\n0\n0\n0\n2\n2\n2"
}