{
    "boxes": [
        [
            -0.004602199885994196,
            0.22739499807357788,
            0.202457994222641,
            0.24845799803733826,
            0.7439550161361694,
            0.941847026348114,
            0.026200799271464348,
            0.9908450245857239,
            0.13243600726127625,
            -0.0540584996342659,
            -0.13088299334049225,
            0.9899230003356934
        ],
        [
            -0.0024695000611245632,
            -0.24180099368095398,
            0.06271199882030487,
            0.7719910144805908,
            0.20539799332618713,
            0.24373899400234222,
            0.0,
            1.0,
            0.0,
            0.0,
            0.0,
            1.0
        ],
        [
            -0.0016825000056996942,
            -0.6352699995040894,
            0.03830000013113022,
            0.020163999870419502,
            0.8059509992599487,
            0.8059509992599487,
            -1.4555100458224501e-09,
            1.0,
            5.127359870016335e-09,
            -0.7071070075035095,
            -4.654789886870958e-09,
            0.7071070075035095
        ],
        [
            0.004426829982548952,
            0.5485939979553223,
            -0.27017098665237427,
            0.7057219743728638,
            0.2113649994134903,
            0.8847740292549133,
            -0.0068748099729418755,
            0.9201719760894775,
            -0.3914540112018585,
            -0.010395299643278122,
            0.3913770020008087,
            0.9201719760894775
        ]
    ],
    "ops": [
        [
            0,
            0,
            0,
            1,
            1,
            0,
            1
        ]
    ],
    "syms": [
        [
            0.0,
            0.0,
            0.0,
            0.0,
            0.0,
            0.0,
            0.0,
            0.0
        ]
    ],
    "labels:": [
        [
            1,
            2,
            2,
            0
        ]
    ],
    "obj": 40588,
    "mat_index": 3779,
    "obbs": "N 4\n0.00442683 0.548594 -0.270171 0.999922 0.0103953 0.00687481 -0.0103953 0.391377 0.920172 0.00687481 -0.920172 0.391454 0.884774 0.211365 0.705722\n-0.0046022 0.227395 0.202458 0.0540585 0.130883 -0.989923 0.0262008 0.990845 0.132436 0.998194 -0.033096 0.0501343 0.743955 0.248458 0.941847\n-0.0024695 -0.241801 0.062712 1 0 0 0 1 0 0 0 1 0.243739 0.771991 0.205398\n-0.0016825 -0.63527 0.0383 0.707107 4.65479e-09 -0.707107 -1.45551e-09 1 5.12736e-09 0.707107 -2.59639e-09 0.707107 0.805951 0.020164 0.805951\nC 4\n0 1\n0 2\n1 2\n2 3\nS 0\nL 4\n0\n1\n2\n2"
}