{
    "boxes": [
        [
            0.015554999932646751,
            -0.13195399940013885,
            0.06743749976158142,
            0.611615002155304,
            0.9654889702796936,
            1.0225800275802612,
            0.0,
            1.0,
            0.0,
            0.0,
            0.0,
            1.0
        ],
        [
            -0.4315910041332245,
            -0.09214399755001068,
            0.10003700107336044,
            0.5711299777030945,
            0.8902260065078735,
            0.12828600406646729,
            0.0,
            1.0,
            0.0,
            0.0,
            0.0,
            1.0
        ],
        [
            -0.45875099301338196,
            -0.44498398900032043,
            0.5310109853744507,
            0.3981519937515259,
            0.08084149658679962,
            0.1014299988746643,
            0.07525449991226196,
            0.9898679852485657,
            -0.12040600180625916,
            0.025902900844812393,
            0.11876700073480606,
            0.9925839900970459
        ],
        [
            0.49213600158691406,
            -0.5241429805755615,
            -0.41933101415634155,
            0.26725301146507263,
            0.0963146984577179,
            0.11694099754095078,
            -0.14706499874591827,
            0.8956590294837952,
            0.4197219908237457,
            0.42052900791168213,
            -0.3274590075016022,
            0.846123993396759
        ],
        [
            -0.4554649889469147,
            -0.5226560235023499,
            -0.4147830009460449,
            0.26806899905204773,
            0.09916999936103821,
            0.1030460000038147,
            0.051351398229599,
            0.9302819967269897,
            0.3632330000400543,
            0.3490169942378998,
            -0.3574959933757782,
            0.8662469983100891
        ],
        [
            0.015540599822998047,
            0.16486799716949463,
            -0.37039700150489807,
            1.093999981880188,
            0.1715800017118454,
            1.0245699882507324,
            0.0027816700749099255,
            0.9890890121459961,
            -0.14729100465774536,
            0.0032265600748360157,
            0.14728200435638428,
            0.9890890121459961
        ]
    ],
    "ops": [
        [
            0,
            0,
            2,
            1,
            0,
            2,
            0,
            0,
            1,
            1,
            1,
            0,
            1
        ]
    ],
    "syms": [
        [
            0.0,
            0.999671995639801,
            0.01831349916756153,
            0.01790029928088188,
            0.012759299948811531,
            -0.08400370180606842,
            0.10799399763345718,
            0.0
        ],
        [
            0.0,
            0.9999039769172668,
            0.013318999670445919,
            -0.0038597199600189924,
            0.009193340316414833,
            -0.4387510120868683,
            0.5292050242424011,
            0.0
        ]
    ],
    "labels:": [
        [
            1,
            3,
            2,
            2,
            2,
            0
        ]
    ],
    "obj": 40659,
    "mat_index": 3818,
    "obbs": "N 8\n0.0155406 0.164868 -0.370397 0.999991 -0.00322656 -0.00278167 0.00322656 0.147282 0.989089 -0.00278167 -0.989089 0.147291 1.02457 0.17158 1.094\n0.45711 -0.0758634 0.11595 -0.0564022 -0.998209 0.0199515 0.998209 -0.056779 -0.0188524 0.0199515 0.0188524 0.999623 0.555035 0.169439 0.857572\n-0.431591 -0.092144 0.100037 1 0 0 0 1 0 0 0 1 0.128286 0.57113 0.890226\n0.015555 -0.131954 0.0674375 1 0 0 0 1 0 0 0 1 1.02258 0.611615 0.965489\n0.492136 -0.524143 -0.419331 0.89528 0.300941 -0.328493 0.420529 -0.327459 0.846124 0.147065 -0.895659 -0.419722 0.116941 0.0963147 0.267253\n0.477138 -0.432517 0.527399 0.968372 -0.0432065 -0.245743 0.248933 0.100202 0.963324 -0.016998 -0.994029 0.107788 0.103324 0.0941832 0.420529\n-0.458751 -0.444984 0.531011 0.0752545 0.989868 -0.120406 0.0259029 0.118767 0.992584 0.996828 -0.0778153 -0.0167027 0.398152 0.0808415 0.10143\n-0.455465 -0.522656 -0.414783 0.935708 0.0822915 -0.343042 0.349017 -0.357496 0.866247 -0.0513514 -0.930282 -0.363233 0.103046 0.09917 0.268069\nC 15\n0 1\n0 7\n0 4\n0 3\n0 2\n1 3\n1 4\n1 5\n2 7\n2 6\n2 3\n3 6\n3 7\n3 4\n3 5\nS 2\n2\n1 0.45711 -0.0758634 0.11595\n2 -0.431591 -0.092144 0.100037\n2\n0.0127593 -0.0840037 0.107994\n-0.999672 -0.0183135 -0.0179003\n2\n5 0.477138 -0.432517 0.527399\n6 -0.458751 -0.444984 0.531011\n2\n0.00919334 -0.438751 0.529205\n-0.999904 -0.013319 0.00385972\nL 8\n0\n3\n3\n1\n2\n2\n2\n2"
}