{
    "boxes": [
        [
            0.016379399225115776,
            -0.06662219762802124,
            0.1306309998035431,
            0.232356995344162,
            0.8508769869804382,
            0.915772020816803,
            0.01782420091331005,
            0.9851790070533752,
            -0.17059999704360962,
            0.001531759975478053,
            0.17059999704360962,
            0.9853389859199524
        ],
        [
            -0.37304601073265076,
            -0.8498449921607971,
            -0.3762440085411072,
            0.023767000064253807,
            0.04067299887537956,
            0.041046999394893646,
            0.0,
            1.0,
            0.0,
            0.0,
            0.0,
            1.0
        ],
        [
            -0.3176870048046112,
            -0.5331590175628662,
            -0.30730199813842773,
            0.6584450006484985,
            0.024013599380850792,
            0.05945809930562973,
            0.18641799688339233,
            0.9609540104866028,
            0.20449000597000122,
            0.024567600339651108,
            -0.21263299882411957,
            0.9768229722976685
        ],
        [
            -0.372655987739563,
            -0.8526020050048828,
            0.5159100294113159,
            0.022290999069809914,
            0.041317399591207504,
            0.041152600198984146,
            0.07278990000486374,
            0.9690380096435547,
            -0.23593799769878387,
            0.11292099952697754,
            0.2270369976758957,
            0.9673169851303101
        ],
        [
            -0.31800198554992676,
            -0.45570600032806396,
            0.42640700936317444,
            0.8236889839172363,
            0.028436599299311638,
            0.05621590092778206,
            0.126460000872612,
            0.966310977935791,
            -0.22416600584983826,
            0.02774449996650219,
            0.2224459946155548,
            0.9745500087738037
        ],
        [
            0.01699250005185604,
            0.28098800778388977,
            -0.3382889926433563,
            0.48705700039863586,
            0.17684100568294525,
            0.7636619806289673,
            0.000647803011815995,
            0.9432349801063538,
            -0.3321259915828705,
            0.0009148879908025265,
            0.3321250081062317,
            0.9432349801063538
        ],
        [
            0.04953800141811371,
            0.07616779953241348,
            -0.36410099267959595,
            0.530360996723175,
            0.04748699814081192,
            0.16027599573135376,
            -0.13094699382781982,
            0.9479519724845886,
            -0.290241003036499,
            -0.0358969010412693,
            0.2880370020866394,
            0.9569460153579712
        ]
    ],
    "ops": [
        [
            0,
            0,
            0,
            1,
            0,
            0,
            1,
            1,
            2,
            1,
            0,
            0,
            1,
            1
        ]
    ],
    "syms": [
        [
            0.0,
            0.9999899864196777,
            0.00397044001147151,
            0.0020964699797332287,
            0.022407399490475655,
            -0.8482739925384521,
            -0.37541499733924866,
            0.0
        ]
    ],
    "labels:": [
        [
            1,
            2,
            2,
            2,
            2,
            0,
            0
        ]
    ],
    "obj": 2601,
    "mat_index": 383,
    "obbs": "N 11\n0.0169925 0.280988 -0.338289 0.999999 -0.000914888 -0.000647803 0.000914888 0.332125 0.943235 -0.000647803 -0.943235 0.332126 0.763662 0.176841 0.487057\n0.41786 -0.846704 -0.374586 0.042198 0.199839 -0.97892 -0.100229 0.975696 0.19486 0.994069 0.0898932 0.061202 0.0425849 0.021827 0.0428063\n-0.373046 -0.849845 -0.376244 1 0 0 0 1 0 0 0 1 0.041047 0.023767 0.040673\n-0.372656 -0.852602 0.51591 0.990934 -0.0970533 -0.0928991 0.0727899 0.969038 -0.235938 0.112921 0.227037 0.967317 0.0411526 0.022291 0.0413174\n0.418265 -0.853974 0.516409 -0.992515 -0.115307 -0.0402322 -0.104613 0.972716 -0.207077 0.0630118 -0.201318 -0.977497 0.0427948 0.0163535 0.0427588\n0.0163794 -0.0666222 0.130631 0.99984 -0.0178242 0.00153176 0.0178242 0.985179 -0.1706 0.00153176 0.1706 0.985339 0.915772 0.232357 0.850877\n0.049538 0.0761678 -0.364101 0.990739 0.135728 -0.00368911 -0.0358969 0.288037 0.956946 0.130947 -0.947952 0.290241 0.160276 0.047487 0.530361\n0.362392 -0.543601 -0.308926 -0.183218 0.961854 0.203145 -0.146473 -0.231046 0.961854 0.972099 0.146473 0.183218 0.629867 0.0251488 0.0431644\n-0.317687 -0.533159 -0.307302 -0.982163 0.177074 0.0632471 0.0245676 -0.212633 0.976823 0.186418 0.960954 0.20449 0.0594581 0.0240136 0.658445\n-0.318002 -0.455706 0.426407 -0.991584 0.129461 -0.00132066 0.0277445 0.222446 0.97455 0.12646 0.966311 -0.224166 0.0562159 0.0284366 0.823689\n0.363439 -0.466249 0.42785 0.990637 0.13645 0.00448971 -0.0347403 0.220142 0.974849 0.132029 -0.965877 0.222821 0.0428078 0.0281836 0.801915\nC 13\n0 6\n0 5\n1 7\n2 8\n3 9\n4 10\n5 9\n5 10\n5 6\n5 7\n5 8\n6 7\n6 8\nS 4\n2\n1 0.41786 -0.846704 -0.374586\n2 -0.373046 -0.849845 -0.376244\n2\n0.0224074 -0.848274 -0.375415\n-0.99999 -0.00397044 -0.00209647\n2\n3 -0.372656 -0.852602 0.51591\n4 0.418265 -0.853974 0.516409\n2\n0.0228045 -0.853288 0.516159\n0.999998 -0.00173505 0.000629896\n2\n7 0.362392 -0.543601 -0.308926\n8 -0.317687 -0.533159 -0.307302\n2\n0.0223529 -0.53838 -0.308114\n-0.999879 0.0153531 0.00238784\n2\n9 -0.318002 -0.455706 0.426407\n10 0.363439 -0.466249 0.42785\n2\n0.0227181 -0.460978 0.427129\n0.999878 -0.0154692 0.00211714\nL 11\n0\n2\n2\n2\n2\n1\n0\n2\n2\n2\n2"
}