{
    "boxes": [
        [
            0.01181699987500906,
            -0.1391420066356659,
            0.08761110156774521,
            0.17142599821090698,
            0.6851900219917297,
            0.651203989982605,
            0.007331890054047108,
            0.9994149804115295,
            0.03341539949178696,
            0.10440400242805481,
            -0.033998701721429825,
            0.9939540028572083
        ],
        [
            0.3015899956226349,
            -0.4749689996242523,
            -0.26335498690605164,
            0.7151020169258118,
            0.04469519853591919,
            0.052851900458335876,
            0.0029728799127042294,
            0.9999949932098389,
            -0.0008335349848493934,
            0.1594640016555786,
            0.0003488039947114885,
            0.9872040152549744
        ],
        [
            0.3420790135860443,
            -0.5399230122566223,
            0.3518970012664795,
            0.672111988067627,
            0.03902899846434593,
            0.046758998185396194,
            0.0,
            1.0,
            0.0,
            0.0,
            0.0,
            1.0
        ],
        [
            -0.01523560006171465,
            0.46766600012779236,
            -0.2208459973335266,
            0.4481149911880493,
            0.052220601588487625,
            0.6389830112457275,
            0.01087810005992651,
            0.9999399781227112,
            -0.0012639299966394901,
            0.11541400104761124,
            -4.440889980918258e-16,
            0.9933180212974548
        ],
        [
            0.2973659932613373,
            0.2663080096244812,
            -0.261572003364563,
            0.8376380205154419,
            0.05152200162410736,
            0.059443000704050064,
            0.0,
            1.0,
            0.0,
            0.0,
            0.0,
            1.0
        ]
    ],
    "ops": [
        [
            0,
            0,
            0,
            1,
            2,
            1,
            0,
            0,
            2,
            1,
            1
        ]
    ],
    "syms": [
        [
            0.0,
            0.9930679798126221,
            -0.003957869950681925,
            -0.11747000366449356,
            -0.009280580095946789,
            -0.4737299978733063,
            -0.22658200562000275,
            0.0
        ],
        [
            0.0,
            0.9916629791259766,
            -0.004515309818089008,
            -0.12877799570560455,
            -0.009447249583899975,
            0.2677049934864044,
            -0.22172899544239044,
            0.0
        ]
    ],
    "labels:": [
        [
            1,
            2,
            2,
            0,
            0
        ]
    ],
    "obj": 40684,
    "mat_index": 3833,
    "obbs": "N 8\n-0.0152356 0.467666 -0.220846 0.993258 -0.0109513 -0.115407 0.115414 -4.44089e-16 0.993318 -0.0108781 -0.99994 0.00126393 0.638983 0.0522206 0.448115\n0.011817 -0.139142 0.0876111 0.994508 -0.00379886 -0.104592 0.00733189 0.999415 0.0334154 0.104404 -0.0339987 0.993954 0.651204 0.171426 0.68519\n0.297366 0.266308 -0.261572 1 0 0 0 1 0 0 0 1 0.059443 0.837638 0.051522\n-0.31626 0.269102 -0.181887 1 0 0 0 1 0 0 0 1 0.059806 0.831818 0.069599\n-0.320152 -0.472492 -0.189808 1 0 0 0 1 0 0 0 1 0.051707 0.719841 0.049197\n0.30159 -0.474969 -0.263355 0.00297288 0.999995 -0.000833535 0.159464 0.000348804 0.987204 0.987199 -0.00306775 -0.159462 0.715102 0.0446952 0.0528519\n0.342079 -0.539923 0.351897 1 0 0 0 1 0 0 0 1 0.046759 0.672112 0.039029\n-0.25141 -0.536129 0.420257 1 0 0 0 1 0 0 0 1 0.046711 0.641771 0.041379\nC 10\n0 3\n0 2\n1 2\n1 3\n1 4\n1 5\n1 6\n1 7\n2 5\n3 4\nS 3\n2\n2 0.297366 0.266308 -0.261572\n3 -0.31626 0.269102 -0.181887\n2\n-0.00944725 0.267705 -0.221729\n-0.991663 0.00451531 0.128778\n2\n4 -0.320152 -0.472492 -0.189808\n5 0.30159 -0.474969 -0.263355\n2\n-0.00928058 -0.47373 -0.226582\n0.993068 -0.00395787 -0.11747\n2\n6 0.342079 -0.539923 0.351897\n7 -0.25141 -0.536129 0.420257\n2\n0.045334 -0.538026 0.386077\n-0.993411 0.00634975 0.114426\nL 8\n0\n1\n0\n0\n2\n2\n2\n2"
}