{
    "boxes": [
        [
            -0.015981800854206085,
            -0.1992039978504181,
            0.24175499379634857,
            0.18122300505638123,
            0.7462059855461121,
            0.8358520269393921,
            0.011494199745357037,
            0.9959049820899963,
            -0.08967660367488861,
            0.0005164379836060107,
            0.08967660367488861,
            0.9959710240364075
        ],
        [
            -0.4115239977836609,
            -0.05226369947195053,
            0.23667499423027039,
            0.27473199367523193,
            0.6304380297660828,
            0.12102299928665161,
            -0.31909701228141785,
            0.9434469938278198,
            -0.08991099894046783,
            -0.048283901065588,
            0.07856360077857971,
            0.9957389831542969
        ],
        [
            -0.21355199813842773,
            -0.7041440010070801,
            -0.013243299908936024,
            0.06818869709968567,
            0.5407710075378418,
            0.06450880318880081,
            -0.04606059938669205,
            0.9987859725952148,
            -0.017458200454711914,
            0.7003629803657532,
            0.0447503998875618,
            0.7123820185661316
        ],
        [
            0.012508600018918514,
            0.28452301025390625,
            -0.20715300738811493,
            1.1067700386047363,
            0.309920996427536,
            0.8174960017204285,
            0.05233599990606308,
            0.9416999816894531,
            -0.3323580026626587,
            3.660850111941727e-08,
            0.3328140079975128,
            0.9429919719696045
        ],
        [
            0.012137800455093384,
            0.2629239857196808,
            -0.22442199289798737,
            1.1399400234222412,
            0.3286609947681427,
            0.8691250085830688,
            0.05233599990606308,
            0.9526699781417847,
            -0.299466997385025,
            2.4271100684813973e-08,
            0.29987800121307373,
            0.9539780020713806
        ]
    ],
    "ops": [
        [
            0,
            0,
            2,
            1,
            0,
            2,
            1,
            0,
            0,
            1,
            1
        ]
    ],
    "syms": [
        [
            0.0,
            0.999845027923584,
            -0.015229599550366402,
            0.00887500960379839,
            0.005146210081875324,
            -0.058610398322343826,
            0.24037300050258636,
            0.0
        ],
        [
            -1.0,
            0.004760189913213253,
            0.999983012676239,
            -0.00329561997205019,
            -0.004630680195987225,
            -0.7055500149726868,
            0.20420600473880768,
            0.25
        ]
    ],
    "labels:": [
        [
            1,
            3,
            2,
            0,
            0
        ]
    ],
    "obj": 40687,
    "mat_index": 3834,
    "obbs": "N 9\n0.0125086 0.284523 -0.207153 -0.99863 0.0493524 -0.0174181 3.66085e-08 0.332814 0.942992 0.052336 0.9417 -0.332358 0.817496 0.309921 1.10677\n0.421816 -0.0649571 0.244072 0.267635 0.960278 -0.0789788 0.962657 -0.269964 -0.0202548 -0.0407717 -0.0706086 -0.996671 0.290715 0.0982986 0.628307\n-0.411524 -0.0522637 0.236675 -0.319097 0.943447 -0.089911 0.946491 0.322079 0.0204839 0.0482839 -0.0785636 -0.995739 0.274732 0.121023 0.630438\n-0.0159818 -0.199204 0.241755 0.999934 -0.0114942 0.000516438 0.0114942 0.995905 -0.0896766 0.000516438 0.0896766 0.995971 0.835852 0.181223 0.746206\n0.0121378 0.262924 -0.224422 0.052336 0.95267 -0.299467 2.42711e-08 0.299878 0.953978 0.99863 -0.0499274 0.0156944 1.13994 0.328661 0.869125\n0.212704 -0.70474 0.421475 -0.703719 0.0541999 -0.708408 0.708192 -0.0264192 -0.705526 -0.056955 -0.998181 -0.0197922 0.542123 0.0623549 0.0739527\n-0.219438 -0.704949 0.418299 0.719447 0.015897 -0.694366 0.691554 -0.109113 0.714036 -0.0644135 -0.993902 -0.0894948 0.541432 0.0627031 0.0635205\n-0.213552 -0.704144 -0.0132433 0.0460606 -0.998786 0.0174582 0.712299 0.0205857 -0.701574 0.700363 0.0447504 0.712382 0.0681887 0.0645088 0.540771\n0.201763 -0.708365 -0.00970736 -0.0474814 0.997398 -0.0542397 0.708899 0.0719031 0.701636 0.70371 -0.00513584 -0.710469 0.0644959 0.0746682 0.553379\nC 15\n0 1\n0 4\n0 3\n0 2\n1 3\n1 4\n2 4\n2 3\n3 4\n5 6\n5 7\n5 8\n6 7\n6 8\n7 8\nS 2\n2\n1 0.421816 -0.0649571 0.244072\n2 -0.411524 -0.0522637 0.236675\n2\n0.00514621 -0.0586104 0.240373\n-0.999845 0.0152296 -0.00887501\n4\n7 -0.213552 -0.704144 -0.0132433\n8 0.201763 -0.708365 -0.00970736\n5 0.212704 -0.70474 0.421475\n6 -0.219438 -0.704949 0.418299\n3\n-0.00463068 -0.70555 0.204206\n-0.00476019 -0.999983 0.00329562\nL 9\n0\n3\n3\n1\n0\n2\n2\n2\n2"
}