{
    "boxes": [
        [
            0.0028061200864613056,
            0.00467763002961874,
            0.09330590069293976,
            0.36922699213027954,
            1.2133300304412842,
            0.39273199439048767,
            0.011406700126826763,
            0.98540198802948,
            -0.1698630005121231,
            0.0009759130189195275,
            0.1698630005121231,
            0.9854670166969299
        ],
        [
            0.0013135999906808138,
            -0.12852099537849426,
            0.23191699385643005,
            0.4066210091114044,
            1.4641300439834595,
            0.4047580063343048,
            0.045686300843954086,
            0.9870629906654358,
            -0.1536879986524582,
            0.003533580107614398,
            0.1536879986524582,
            0.9881129860877991
        ],
        [
            0.0028606299310922623,
            0.19263899326324463,
            -0.6684799790382385,
            0.4910860061645508,
            0.12451399862766266,
            0.3895150125026703,
            -0.002477909903973341,
            0.7774670124053955,
            -0.6289190053939819,
            -0.005191570147871971,
            0.6289029717445374,
            0.7774670124053955
        ]
    ],
    "ops": [
        [
            0,
            0,
            1,
            0,
            1
        ]
    ],
    "syms": [
        [
            0.0,
            0.0,
            0.0,
            0.0,
            0.0,
            0.0,
            0.0,
            0.0
        ]
    ],
    "labels:": [
        [
            1,
            2,
            0
        ]
    ],
    "obj": 40701,
    "mat_index": 3838,
    "obbs": "N 3\n0.00286063 0.192639 -0.66848 -0.00247791 0.777467 -0.628919 -0.00519157 0.628903 0.777467 0.999983 0.00519157 0.00247791 0.491086 0.124514 0.389515\n0.0013136 -0.128521 0.231917 -0.00353358 -0.153688 -0.988113 0.0456863 0.987063 -0.153688 0.99895 -0.0456863 0.00353358 1.46413 0.406621 0.404758\n0.00280612 0.00467763 0.0933059 -0.000975913 -0.169863 -0.985467 0.0114067 0.985402 -0.169863 0.999934 -0.0114067 0.000975913 1.21333 0.369227 0.392732\nC 3\n0 1\n0 2\n1 2\nS 0\nL 3\n0\n2\n1"
}