{
    "boxes": [
        [
            -0.01846499927341938,
            -0.10064999759197235,
            0.12720100581645966,
            0.2547360062599182,
            0.7583739757537842,
            0.7864480018615723,
            0.0,
            1.0,
            0.0,
            0.0,
            0.0,
            1.0
        ],
        [
            -0.2553580105304718,
            -0.46761101484298706,
            -0.27456599473953247,
            0.7439540028572083,
            0.08873569965362549,
            0.10335700213909149,
            0.08375599980354309,
            0.9785839915275574,
            0.18804000318050385,
            0.5110340118408203,
            -0.20418000221252441,
            0.834958016872406
        ],
        [
            -0.3669529855251312,
            -0.49597200751304626,
            0.45382800698280334,
            0.6750029921531677,
            0.09697800129652023,
            0.09630999714136124,
            0.0,
            1.0,
            0.0,
            0.0,
            0.0,
            1.0
        ],
        [
            -0.01170200016349554,
            0.4053809940814972,
            -0.27687200903892517,
            0.6509379744529724,
            0.06941570341587067,
            0.4842190146446228,
            -0.11352600157260895,
            0.9718629717826843,
            -0.20638099312782288,
            -0.011169400066137314,
            0.20646299421787262,
            0.9783909916877747
        ],
        [
            -0.00459330016747117,
            0.39239999651908875,
            -0.3029710054397583,
            1.0477900505065918,
            0.15460500121116638,
            0.6685760021209717,
            -0.06212479993700981,
            0.9688990116119385,
            -0.2395309954881668,
            -0.012519899755716324,
            0.23921899497509003,
            0.9708849787712097
        ]
    ],
    "ops": [
        [
            0,
            0,
            0,
            1,
            2,
            1,
            0,
            0,
            1,
            1
        ]
    ],
    "syms": [
        [
            0.0,
            0.9996619820594788,
            0.020137999206781387,
            0.016459999606013298,
            -0.01616870053112507,
            -0.4627929925918579,
            -0.2706280052661896,
            0.0
        ]
    ],
    "labels:": [
        [
            1,
            2,
            2,
            0,
            0
        ]
    ],
    "obj": 40731,
    "mat_index": 3851,
    "obbs": "N 7\n-0.011702 0.405381 -0.276872 0.993472 0.113378 -0.0125837 -0.0111694 0.206463 0.978391 0.113526 -0.971863 0.206381 0.484219 0.0694157 0.650938\n-0.018465 -0.10065 0.127201 1 0 0 0 1 0 0 0 1 0.786448 0.254736 0.758374\n0.223021 -0.457974 -0.26669 -0.834493 -0.00620572 -0.550983 -0.538895 -0.199406 0.818431 -0.114948 0.979897 0.163059 0.111413 0.0899231 0.764468\n-0.255358 -0.467611 -0.274566 0.85547 0.026162 -0.51719 0.511034 -0.20418 0.834958 -0.083756 -0.978584 -0.18804 0.103357 0.0887357 0.743954\n0.327941 -0.495968 0.454072 1 0 0 0 1 0 0 0 1 0.097626 0.674998 0.100412\n-0.366953 -0.495972 0.453828 1 0 0 0 1 0 0 0 1 0.09631 0.675003 0.096978\n-0.0045933 0.3924 -0.302971 0.99799 0.0633149 -0.00273097 -0.0125199 0.239219 0.970885 0.0621248 -0.968899 0.239531 0.668576 0.154605 1.04779\nC 11\n0 1\n0 6\n0 3\n0 2\n1 2\n1 3\n1 4\n1 5\n1 6\n2 6\n3 6\nS 2\n2\n2 0.223021 -0.457974 -0.26669\n3 -0.255358 -0.467611 -0.274566\n2\n-0.0161687 -0.462793 -0.270628\n-0.999662 -0.020138 -0.01646\n2\n4 0.327941 -0.495968 0.454072\n5 -0.366953 -0.495972 0.453828\n2\n-0.019506 -0.49597 0.45395\n-1 -5.03674e-06 -0.000351133\nL 7\n0\n1\n2\n2\n2\n2\n0"
}