{
    "boxes": [
        [
            -0.018153000622987747,
            -0.12583599984645844,
            0.15487200021743774,
            0.388619989156723,
            1.1061700582504272,
            1.1953400373458862,
            -0.000450218009063974,
            0.9965400099754333,
            -0.0831075981259346,
            -1.8740700397756882e-05,
            0.0831075981259346,
            0.9965410232543945
        ],
        [
            -0.5330089926719666,
            -0.4305019974708557,
            0.6253039836883545,
            0.3250879943370819,
            0.07798629999160767,
            0.07811629772186279,
            0.04137450084090233,
            0.9886549711227417,
            -0.14439399540424347,
            0.0949098989367485,
            0.13997599482536316,
            0.9855960011482239
        ],
        [
            -0.40932899713516235,
            -0.435465008020401,
            -0.15912899374961853,
            0.32808899879455566,
            0.09050309658050537,
            0.09155780076980591,
            0.21407799422740936,
            0.9516699910163879,
            0.2202170044183731,
            0.24424900114536285,
            -0.2704330086708069,
            0.9312400221824646
        ],
        [
            -0.002518499968573451,
            0.2823939919471741,
            -0.36315101385116577,
            0.4443430006504059,
            0.5307070016860962,
            1.4076199531555176,
            0.0,
            1.0,
            0.0,
            0.0,
            0.0,
            1.0
        ],
        [
            -0.380856990814209,
            -0.027896299958229065,
            -0.3349109888076782,
            0.3904390037059784,
            0.08483730256557465,
            0.06936939805746078,
            -0.3524070084095001,
            0.8217570185661316,
            -0.4477989971637726,
            -0.7720370292663574,
            0.015161000192165375,
            0.6353970170021057
        ]
    ],
    "ops": [
        [
            0,
            0,
            0,
            1,
            2,
            1,
            0,
            0,
            2,
            1,
            1
        ]
    ],
    "syms": [
        [
            0.0,
            0.9999970197677612,
            -0.0004221829876769334,
            -0.0025667299050837755,
            -0.01711839996278286,
            -0.4307200014591217,
            0.6239799857139587,
            0.0
        ],
        [
            0.0,
            1.0,
            6.281919922912493e-05,
            0.00039116499829106033,
            -0.00908017996698618,
            -0.027872899547219276,
            -0.3347660005092621,
            0.0
        ]
    ],
    "labels:": [
        [
            1,
            2,
            2,
            0,
            0
        ]
    ],
    "obj": 40738,
    "mat_index": 3856,
    "obbs": "N 8\n-0.0025185 0.282394 -0.363151 1 0 0 0 1 0 0 0 1 1.40762 0.444343 0.530707\n-0.018153 -0.125836 0.154872 1 0.000450218 -1.87407e-05 -0.000450218 0.99654 -0.0831076 -1.87407e-05 0.0831076 0.996541 1.19534 0.38862 1.10617\n-0.380857 -0.0278963 -0.334911 0.772037 -0.015161 -0.635397 0.528931 0.569636 0.629084 0.352407 -0.821757 0.447799 0.0848373 0.0693694 0.390439\n0.362697 -0.0278496 -0.33462 0.350329 0.821644 -0.449633 -0.532973 0.569633 0.625666 0.770201 0.0204539 0.637473 0.390587 0.0697655 0.084628\n-0.533009 -0.430502 0.625304 -0.0949099 -0.139976 -0.985596 0.994626 -0.054483 -0.0880417 -0.0413745 -0.988655 0.144394 0.0779863 0.0781163 0.325088\n-0.409329 -0.435465 -0.159129 0.945787 -0.14557 -0.290338 0.244249 -0.270433 0.93124 -0.214078 -0.95167 -0.220217 0.0915578 0.0905031 0.328089\n0.36675 -0.43642 -0.160649 -0.181812 0.95607 0.229945 -0.257565 -0.27198 0.927193 0.949002 0.109349 0.295699 0.326977 0.0899937 0.0918228\n0.498772 -0.430938 0.622656 -0.0431936 0.990974 -0.126906 0.994793 0.0543977 0.0861899 0.0923154 -0.122523 -0.988163 0.324249 0.0780103 0.0780089\nC 11\n0 1\n0 3\n0 2\n1 2\n1 3\n1 4\n1 5\n1 6\n1 7\n2 5\n3 6\nS 3\n2\n2 -0.380857 -0.0278963 -0.334911\n3 0.362697 -0.0278496 -0.33462\n2\n-0.00908018 -0.0278729 -0.334766\n1 6.28192e-05 0.000391165\n2\n4 -0.533009 -0.430502 0.625304\n7 0.498772 -0.430938 0.622656\n2\n-0.0171184 -0.43072 0.62398\n0.999997 -0.000422183 -0.00256673\n2\n5 -0.409329 -0.435465 -0.159129\n6 0.36675 -0.43642 -0.160649\n2\n-0.0212898 -0.435942 -0.159889\n0.999997 -0.00123047 -0.0019585\nL 8\n0\n1\n0\n0\n2\n2\n2\n2"
}