{
    "boxes": [
        [
            0.015468000434339046,
            0.03766629844903946,
            0.04021599888801575,
            0.09882710129022598,
            0.8063629865646362,
            0.9539600014686584,
            1.1970800350979971e-08,
            0.9990220069885254,
            -0.04421969875693321,
            2.648030128504786e-10,
            0.04421969875693321,
            0.9990220069885254
        ],
        [
            -0.4525449872016907,
            -0.31969401240348816,
            0.4119659960269928,
            0.9275259971618652,
            0.08027999848127365,
            0.08028099685907364,
            0.0,
            1.0,
            0.0,
            0.0,
            0.0,
            1.0
        ],
        [
            -0.38794100284576416,
            -0.3763119876384735,
            -0.31221500039100647,
            0.8169900178909302,
            0.07736100256443024,
            0.07736100256443024,
            0.0,
            1.0,
            0.0,
            0.0,
            0.0,
            1.0
        ],
        [
            -0.41986799240112305,
            -0.19630399346351624,
            0.05101180076599121,
            0.10446900129318237,
            0.7156270146369934,
            0.028922999277710915,
            0.006484480109065771,
            0.9999319911003113,
            -0.009691550396382809,
            -0.09425760060548782,
            0.010259799659252167,
            0.9954950213432312
        ],
        [
            0.014051999896764755,
            -0.2901819944381714,
            -0.3081740140914917,
            0.05551790073513985,
            0.05551930144429207,
            0.851144015789032,
            -1.5667799502239177e-08,
            0.8546689748764038,
            -0.5191730260848999,
            -2.7849399231172356e-08,
            0.5191730260848999,
            0.8546689748764038
        ],
        [
            0.016413899138569832,
            0.5901229977607727,
            -0.36085599660873413,
            0.24076999723911285,
            0.16050399839878082,
            0.8352069854736328,
            0.0012836300302296877,
            0.9934689998626709,
            -0.114096999168396,
            0.0014394900063052773,
            0.11409500241279602,
            0.9934689998626709
        ],
        [
            -0.3879930078983307,
            0.38926100730895996,
            -0.3122139871120453,
            0.7533569931983948,
            0.07721000164747238,
            0.07710599899291992,
            0.0,
            1.0,
            0.0,
            0.0,
            0.0,
            1.0
        ]
    ],
    "ops": [
        [
            0,
            0,
            2,
            0,
            2,
            0,
            2,
            0,
            2,
            1,
            1,
            1,
            1,
            0,
            0,
            2,
            1,
            1
        ]
    ],
    "syms": [
        [
            0.0,
            1.0,
            0.0004292190133128315,
            -0.0005200880113989115,
            0.015165000222623348,
            -0.31949299573898315,
            0.41172298789024353,
            0.0
        ],
        [
            0.0,
            0.9998260140419006,
            -0.018634600564837456,
            -0.0008642249740660191,
            0.01639769971370697,
            -0.38384801149368286,
            -0.3125639855861664,
            0.0
        ],
        [
            0.0,
            0.9999740123748779,
            0.007086569909006357,
            -0.0008900190005078912,
            0.016264600679278374,
            -0.19321300089359283,
            0.05062370002269745,
            0.0
        ],
        [
            0.0,
            0.008547759614884853,
            0.20360499620437622,
            0.9790160059928894,
            0.017146499827504158,
            -0.21647199988365173,
            0.04625380039215088,
            0.0
        ],
        [
            0.0,
            0.9998289942741394,
            -0.01844630017876625,
            -0.000864822999574244,
            0.016356199979782104,
            0.3818019926548004,
            -0.3125639855861664,
            0.0
        ]
    ],
    "labels:": [
        [
            1,
            2,
            2,
            2,
            2,
            0,
            0
        ]
    ],
    "obj": 2604,
    "mat_index": 386,
    "obbs": "N 12\n0.0164139 0.590123 -0.360856 0.999998 -0.00143949 -0.00128363 0.00143949 0.114095 0.993469 -0.00128363 -0.993469 0.114097 0.835207 0.160504 0.24077\n0.014052 -0.290182 -0.308174 1 2.78494e-08 1.56678e-08 -2.78494e-08 0.519173 0.854669 1.56678e-08 -0.854669 0.519173 0.851144 0.0555193 0.0555179\n0.452398 -0.190123 0.0502355 -0.00432765 -0.999629 0.0268845 0.996874 -0.0064334 -0.07874 0.0788837 0.0264597 0.996533 0.104437 0.02986 0.716876\n0.020241 -0.142763 0.400682 1 -2.45457e-08 4.01542e-10 2.45457e-08 0.999465 -0.0327092 4.01542e-10 0.0327092 0.999465 0.957382 0.063475 0.063475\n-0.419868 -0.196304 0.0510118 0.00648448 0.999932 -0.00969155 0.995527 -0.00554177 0.0943178 0.0942576 -0.0102598 -0.995495 0.104469 0.028923 0.715627\n0.015468 0.0376663 0.040216 -2.64803e-10 -0.0442197 -0.999022 1.19708e-08 0.999022 -0.0442197 1 -1.19708e-08 2.64803e-10 0.806363 0.0988271 0.95396\n-0.387993 0.389261 -0.312214 1 0 0 0 1 0 0 0 1 0.077106 0.753357 0.07721\n0.420705 0.374341 -0.312914 1 0 0 0 1 0 0 0 1 0.077301 0.783671 0.077375\n0.420736 -0.391384 -0.312914 1 0 0 0 1 0 0 0 1 0.077362 0.786042 0.077375\n-0.387941 -0.376312 -0.312215 1 0 0 0 1 0 0 0 1 0.077361 0.81699 0.077361\n-0.452545 -0.319694 0.411966 1 0 0 0 1 0 0 0 1 0.080281 0.927526 0.08028\n0.482874 -0.319292 0.411479 1 0 0 0 1 0 0 0 1 0.080305 0.927525 0.080305\nC 29\n0 7\n0 6\n1 2\n1 5\n1 4\n1 9\n1 8\n1 7\n2 8\n2 5\n2 3\n2 7\n2 11\n3 11\n3 10\n3 5\n3 4\n4 9\n4 10\n4 5\n4 6\n5 9\n5 6\n5 8\n5 11\n5 10\n5 7\n6 9\n7 8\nS 5\n2\n2 0.452398 -0.190123 0.0502355\n4 -0.419868 -0.196304 0.0510118\n2\n0.0162646 -0.193213 0.0506237\n-0.999974 -0.00708657 0.000890019\n2\n1 0.014052 -0.290182 -0.308174\n3 0.020241 -0.142763 0.400682\n2\n0.0171465 -0.216472 0.0462538\n0.00854776 0.203605 0.979016\n2\n6 -0.387993 0.389261 -0.312214\n7 0.420705 0.374341 -0.312914\n2\n0.0163562 0.381802 -0.312564\n0.999829 -0.0184463 -0.000864823\n2\n8 0.420736 -0.391384 -0.312914\n9 -0.387941 -0.376312 -0.312215\n2\n0.0163977 -0.383848 -0.312564\n-0.999826 0.0186346 0.000864225\n2\n10 -0.452545 -0.319694 0.411966\n11 0.482874 -0.319292 0.411479\n2\n0.015165 -0.319493 0.411723\n1 0.000429219 -0.000520088\nL 12\n0\n2\n2\n2\n2\n1\n0\n0\n2\n2\n2\n2"
}