{
    "boxes": [
        [
            0.010957499966025352,
            0.08444350212812424,
            0.059776999056339264,
            0.10934100300073624,
            0.5615519881248474,
            0.6162649989128113,
            0.0,
            1.0,
            0.0,
            0.0,
            0.0,
            1.0
        ],
        [
            0.010870499536395073,
            -0.5162150263786316,
            0.31110700964927673,
            0.028821000829339027,
            0.014410000294446945,
            0.5658869743347168,
            0.0,
            1.0,
            0.0,
            0.0,
            0.0,
            1.0
        ],
        [
            -0.2762860059738159,
            -0.38209599256515503,
            0.3204379975795746,
            0.9864040017127991,
            0.08785340189933777,
            0.12003999948501587,
            0.04385929927229881,
            0.9981880187988281,
            -0.04119750112295151,
            -0.6221749782562256,
            0.05955519899725914,
            0.7806090116500854
        ],
        [
            -0.26350900530815125,
            -0.3945620059967041,
            -0.19575800001621246,
            0.9673140048980713,
            0.09758120030164719,
            0.03232869878411293,
            0.06709030270576477,
            0.9921090006828308,
            0.10592100024223328,
            0.5226330161094666,
            -0.12537500262260437,
            0.8432890176773071
        ],
        [
            0.01592249982059002,
            -0.5354290008544922,
            -0.2237280011177063,
            0.030489999800920486,
            0.1332470029592514,
            0.5446969866752625,
            0.0,
            1.0,
            0.0,
            0.0,
            0.0,
            1.0
        ],
        [
            -0.2626439929008484,
            -0.5354290008544922,
            0.06614849716424942,
            0.030489999800920486,
            0.4997189939022064,
            0.045458000153303146,
            0.0,
            1.0,
            0.0,
            0.0,
            0.0,
            1.0
        ],
        [
            0.010870000347495079,
            0.2229589968919754,
            -0.1980230063199997,
            0.03468000143766403,
            0.07389800250530243,
            0.48098400235176086,
            0.0,
            1.0,
            0.0,
            0.0,
            0.0,
            1.0
        ],
        [
            0.01020289957523346,
            0.5694059729576111,
            -0.2271219938993454,
            0.33549100160598755,
            0.08703009784221649,
            0.5472649931907654,
            0.0034978999756276608,
            0.9850090146064758,
            -0.17246900498867035,
            0.004163550212979317,
            0.17245399951934814,
            0.9850090146064758
        ],
        [
            -0.252128005027771,
            0.41084998846054077,
            -0.17754299938678741,
            0.6872599720954895,
            0.09363819658756256,
            0.03302000090479851,
            -0.04399409890174866,
            0.9968010187149048,
            -0.06673210114240646,
            0.5218750238418579,
            0.07988879829645157,
            0.8492730259895325
        ]
    ],
    "ops": [
        [
            0,
            0,
            2,
            0,
            2,
            1,
            0,
            2,
            0,
            0,
            2,
            1,
            1,
            1,
            1,
            0,
            2,
            0,
            0,
            2,
            1,
            1,
            1
        ]
    ],
    "syms": [
        [
            0.0,
            -2.9771901150620823e-17,
            1.0,
            -0.0,
            0.010870499536395073,
            -0.28314700722694397,
            0.31110700964927673,
            0.0
        ],
        [
            0.0,
            0.9998160004615784,
            0.0021665100939571857,
            0.01907370053231716,
            0.015301800332963467,
            -0.38146400451660156,
            0.32600098848342896,
            0.0
        ],
        [
            0.0,
            0.9998160004615784,
            0.019160300493240356,
            0.0009392100037075579,
            0.010492799803614616,
            -0.3893109858036041,
            -0.19550000131130219,
            0.0
        ],
        [
            0.0,
            0.9999380111694336,
            -0.0,
            0.011140399612486362,
            0.011834999546408653,
            -0.5354290008544922,
            0.06920649856328964,
            0.0
        ],
        [
            0.0,
            0.0,
            1.0,
            0.0006007219781167805,
            0.010870000347495079,
            0.27498000860214233,
            -0.1979919970035553,
            0.0
        ],
        [
            0.0,
            0.9997299909591675,
            0.02315790019929409,
            -0.0018726199632510543,
            0.011071199551224709,
            0.4169459939002991,
            -0.17803600430488586,
            0.0
        ]
    ],
    "labels:": [
        [
            1,
            2,
            2,
            2,
            2,
            2,
            0,
            0,
            0
        ]
    ],
    "obj": 40763,
    "mat_index": 3869,
    "obbs": "N 15\n0.0102029 0.569406 -0.227122 0.999985 -0.00416355 -0.0034979 0.00416355 0.172454 0.985009 -0.0034979 -0.985009 0.172469 0.547265 0.0870301 0.335491\n0.0109575 0.0844435 0.059777 1 0 0 0 1 0 0 0 1 0.616265 0.109341 0.561552\n0.27427 0.423043 -0.178529 0.0576288 0.994141 -0.0914485 0.840614 0.00109446 0.541634 0.538561 -0.108087 -0.835625 0.664385 0.0322867 0.0909842\n-0.252128 0.41085 -0.177543 0.0439941 -0.996801 0.0667321 0.851887 0.0025372 -0.523719 0.521875 0.0798888 0.849273 0.68726 0.03302 0.0936382\n0.01087 0.222959 -0.198023 1 0 0 0 1 0 0 0 1 0.480984 0.03468 0.073898\n0.01087 0.327001 -0.19796 1 0 0 0 1 0 0 0 1 0.481398 0.034681 0.074023\n0.0108705 -0.050079 0.311107 1 0 0 0 1 0 0 0 1 0.514153 0.02882 0.01441\n0.0108705 -0.516215 0.311107 1 0 0 0 1 0 0 0 1 0.565887 0.028821 0.01441\n0.286314 -0.535429 0.0722645 1 0 0 0 1 0 0 0 1 0.041598 0.03049 0.487487\n0.0159225 -0.535429 -0.223728 1 0 0 0 1 0 0 0 1 0.544697 0.03049 0.133247\n-0.262644 -0.535429 0.0661485 1 0 0 0 1 0 0 0 1 0.045458 0.03049 0.499719\n0.284495 -0.38406 -0.195243 -0.0565377 0.993976 0.0938863 0.835922 -0.00429245 0.548831 0.545928 0.109511 -0.830644 0.988159 0.0343594 0.10221\n-0.263509 -0.394562 -0.195758 -0.522633 0.125375 -0.843289 0.849914 -0.00121897 -0.52692 -0.0670903 -0.992109 -0.105921 0.0975812 0.0323287 0.967314\n0.306889 -0.380832 0.331563 -0.620074 -0.0973393 -0.778481 0.781642 0.00860418 -0.623668 0.0674056 -0.995214 0.0707493 0.0941347 0.120041 0.988139\n-0.276286 -0.382096 0.320438 0.0438593 0.998188 -0.0411975 0.781648 -0.00860489 0.62366 0.622175 -0.0595552 -0.780609 0.986404 0.12004 0.0878534\nC 38\n0 2\n0 3\n0 4\n0 5\n1 3\n1 6\n1 11\n1 2\n1 14\n1 5\n1 13\n1 4\n1 12\n2 5\n2 11\n2 4\n3 5\n3 12\n3 4\n4 12\n4 5\n4 11\n5 12\n5 11\n6 14\n6 13\n7 10\n7 14\n7 8\n7 13\n8 13\n8 9\n8 11\n9 11\n9 10\n9 12\n10 12\n10 14\nS 6\n2\n2 0.27427 0.423043 -0.178529\n3 -0.252128 0.41085 -0.177543\n2\n0.0110712 0.416946 -0.178036\n-0.99973 -0.0231579 0.00187262\n2\n4 0.01087 0.222959 -0.198023\n5 0.01087 0.327001 -0.19796\n2\n0.01087 0.27498 -0.197992\n0 1 0.000600722\n2\n8 0.286314 -0.535429 0.0722645\n10 -0.262644 -0.535429 0.0661485\n2\n0.011835 -0.535429 0.0692065\n-0.999938 0 -0.0111404\n2\n6 0.0108705 -0.050079 0.311107\n7 0.0108705 -0.516215 0.311107\n2\n0.0108705 -0.283147 0.311107\n2.97719e-17 -1 0\n2\n11 0.284495 -0.38406 -0.195243\n12 -0.263509 -0.394562 -0.195758\n2\n0.0104928 -0.389311 -0.1955\n-0.999816 -0.0191603 -0.00093921\n2\n13 0.306889 -0.380832 0.331563\n14 -0.276286 -0.382096 0.320438\n2\n0.0153018 -0.381464 0.326001\n-0.999816 -0.00216651 -0.0190737\nL 15\n0\n1\n0\n0\n0\n0\n2\n2\n2\n2\n2\n2\n2\n2\n2"
}