{
    "boxes": [
        [
            0.011746600270271301,
            -0.07278680056333542,
            0.1832679957151413,
            0.08450579643249512,
            0.8766099810600281,
            0.9211689829826355,
            -2.404040060355328e-05,
            0.9976890087127686,
            -0.06794139742851257,
            -8.176140227078577e-07,
            0.06794139742851257,
            0.9976890087127686
        ],
        [
            -0.49011099338531494,
            0.3351069986820221,
            0.024800999090075493,
            0.06086830049753189,
            0.5558170080184937,
            0.06564120203256607,
            0.43333500623703003,
            0.8498939871788025,
            0.29983600974082947,
            0.06170329824090004,
            -0.35989299416542053,
            0.9309509992599487
        ],
        [
            0.5122460126876831,
            0.31049999594688416,
            0.08341909945011139,
            0.04697069898247719,
            0.45538800954818726,
            0.05644499883055687,
            0.4708240032196045,
            0.8037269711494446,
            0.3637959957122803,
            -0.10031300038099289,
            -0.36091500520706177,
            0.927187979221344
        ],
        [
            -0.46704599261283875,
            0.1345670074224472,
            0.39429399371147156,
            0.3298319876194,
            0.11144299805164337,
            0.053307101130485535,
            -0.04869430139660835,
            0.7882509827613831,
            -0.6134240031242371,
            0.1362909972667694,
            0.6136519908905029,
            0.7777249813079834
        ],
        [
            -0.4602789878845215,
            -0.38501501083374023,
            0.46121999621391296,
            0.7770990133285522,
            0.045653000473976135,
            0.04278700053691864,
            0.0,
            1.0,
            0.0,
            0.0,
            0.0,
            1.0
        ],
        [
            0.010642999783158302,
            -0.49837398529052734,
            -0.4568049907684326,
            0.034211400896310806,
            0.034211400896310806,
            0.5793920159339905,
            -0.0,
            0.9801750183105469,
            -0.19813300669193268,
            0.0,
            0.19813300669193268,
            0.9801750183105469
        ],
        [
            -0.2984650135040283,
            -0.4263190031051636,
            -0.41082900762557983,
            0.7785670161247253,
            0.09889200329780579,
            0.0459585003554821,
            -0.13314899802207947,
            0.9106829762458801,
            0.3910599946975708,
            0.07789979875087738,
            -0.3837360143661499,
            0.9201509952545166
        ],
        [
            -0.2647539973258972,
            0.2048639953136444,
            -0.35150301456451416,
            0.7144119739532471,
            0.040560100227594376,
            0.16771399974822998,
            0.012345200404524803,
            0.9060959815979004,
            -0.4228920042514801,
            0.6719809770584106,
            0.3056670129299164,
            0.6745439767837524
        ],
        [
            0.011773199774324894,
            0.24110999703407288,
            -0.3285819888114929,
            0.7909089922904968,
            0.15333400666713715,
            0.6228749752044678,
            -0.001902109943330288,
            0.8950629830360413,
            -0.4459350109100342,
            -0.0030727600678801537,
            0.44592800736427307,
            0.8950629830360413
        ],
        [
            0.039931800216436386,
            0.5009220242500305,
            -0.366923987865448,
            0.05206819996237755,
            0.47019898891448975,
            1.0696500539779663,
            -0.002412100089713931,
            0.9206799864768982,
            0.39030998945236206,
            -0.10404100269079208,
            -0.38842400908470154,
            0.9155880212783813
        ]
    ],
    "ops": [
        [
            0,
            0,
            0,
            0,
            2,
            1,
            1,
            1,
            0,
            2,
            0,
            0,
            2,
            1,
            1,
            1,
            0,
            2,
            0,
            0,
            1,
            1,
            1
        ]
    ],
    "syms": [
        [
            0.0,
            0.9999899864196777,
            -0.003477209946140647,
            0.0029352500569075346,
            0.008282969705760479,
            0.13291500508785248,
            0.3956890106201172,
            0.0
        ],
        [
            0.0,
            0.9999909996986389,
            -0.004197840113192797,
            -0.0003159439947921783,
            0.008946750313043594,
            -0.3869839906692505,
            0.4610710144042969,
            0.0
        ],
        [
            0.0,
            0.9996410012245178,
            0.026633599773049355,
            0.003076659981161356,
            0.007983050309121609,
            -0.4181540012359619,
            -0.4098860025405884,
            0.0
        ],
        [
            0.0,
            1.0,
            -2.011729947071217e-07,
            -3.543619868651149e-07,
            0.008380530402064323,
            0.2048639953136444,
            -0.35150399804115295,
            0.0
        ]
    ],
    "labels:": [
        [
            1,
            3,
            3,
            3,
            2,
            2,
            2,
            0,
            0,
            0
        ]
    ],
    "obj": 40799,
    "mat_index": 3888,
    "obbs": "N 14\n0.0117732 0.24111 -0.328582 0.999993 0.00307276 0.00190211 -0.00307276 0.445928 0.895063 0.00190211 -0.895063 0.445935 0.622875 0.153334 0.790909\n0.0399318 0.500922 -0.366924 -0.99457 0.0383996 -0.0967251 -0.0024121 0.92068 0.39031 0.104041 0.388424 -0.915588 1.06965 0.0520682 0.470199\n0.483612 0.131262 0.397084 0.0156534 -0.592462 -0.805446 0.998283 -0.036212 0.0460375 -0.0564423 -0.804784 0.590878 0.11113 0.0529563 0.33403\n-0.467046 0.134567 0.394294 -0.136291 -0.613652 -0.777725 0.989471 -0.0457332 -0.137313 0.0486943 -0.788251 0.613424 0.111443 0.0533071 0.329832\n0.0117466 -0.0727868 0.183268 1 2.40404e-05 -8.17614e-07 -2.40404e-05 0.997689 -0.0679414 -8.17614e-07 0.0679414 0.997689 0.921169 0.0845058 0.87661\n-0.264754 0.204864 -0.351503 0.740465 -0.292503 -0.605106 0.671981 0.305667 0.674544 -0.0123452 -0.906096 0.422892 0.167714 0.0405601 0.714412\n0.281515 0.204864 -0.351504 -0.0123456 0.906096 -0.422893 -0.671982 0.305667 0.674543 0.740465 0.292504 0.605106 0.714412 0.0405604 0.167714\n0.010643 -0.498374 -0.456805 1 0 0 0 0.198133 0.980175 0 -0.980175 0.198133 0.579392 0.0342114 0.0342114\n0.512246 0.3105 0.0834191 0.100313 0.360915 -0.927188 0.876506 -0.473036 -0.0893025 -0.470824 -0.803727 -0.363796 0.455388 0.056445 0.0469707\n-0.490111 0.335107 0.024801 -0.0617033 0.359893 -0.930951 0.899118 -0.384913 -0.208395 -0.433335 -0.849894 -0.299836 0.555817 0.0656412 0.0608683\n0.314431 -0.40999 -0.408943 -0.134437 -0.897855 -0.419265 0.990601 -0.110995 -0.0799396 0.0252381 -0.426071 0.904338 0.809349 0.0524233 0.10291\n-0.298465 -0.426319 -0.410829 0.133149 -0.910683 -0.39106 0.98803 0.152981 -0.0198479 0.0778998 -0.383736 0.920151 0.778567 0.0459585 0.098892\n0.478172 -0.388954 0.460923 1 0 0 0 1 0 0 0 1 0.042768 0.769558 0.043742\n-0.460279 -0.385015 0.46122 1 0 0 0 1 0 0 0 1 0.042787 0.777099 0.045653\nC 31\n0 10\n0 11\n0 4\n0 5\n0 8\n0 1\n0 6\n0 9\n1 6\n1 5\n1 9\n1 8\n2 8\n2 12\n2 4\n3 13\n3 9\n3 4\n4 8\n4 12\n4 9\n4 13\n4 10\n4 5\n4 11\n4 6\n5 9\n5 11\n6 10\n7 11\n7 10\nS 4\n2\n2 0.483612 0.131262 0.397084\n3 -0.467046 0.134567 0.394294\n2\n0.00828297 0.132915 0.395689\n-0.99999 0.00347721 -0.00293525\n2\n5 -0.264754 0.204864 -0.351503\n6 0.281515 0.204864 -0.351504\n2\n0.00838053 0.204864 -0.351504\n1 -2.01173e-07 -3.54362e-07\n2\n10 0.314431 -0.40999 -0.408943\n11 -0.298465 -0.426319 -0.410829\n2\n0.00798305 -0.418154 -0.409886\n-0.999641 -0.0266336 -0.00307666\n2\n12 0.478172 -0.388954 0.460923\n13 -0.460279 -0.385015 0.46122\n2\n0.00894675 -0.386984 0.461071\n-0.999991 0.00419784 0.000315944\nL 14\n0\n0\n3\n3\n1\n0\n0\n2\n3\n3\n2\n2\n2\n2"
}