{
    "boxes": [
        [
            -1.8721899323281832e-05,
            -0.12994399666786194,
            0.14000500738620758,
            0.25727900862693787,
            1.116629958152771,
            0.8727419972419739,
            -0.003454500110819936,
            0.9843230247497559,
            -0.1763399988412857,
            -0.0003069890080951154,
            0.1763399988412857,
            0.9843289852142334
        ],
        [
            0.42027199268341064,
            -0.010411299765110016,
            0.1271740049123764,
            0.5367400050163269,
            1.1299500465393066,
            0.12458200007677078,
            0.09318579733371735,
            0.9956470131874084,
            0.0018068699864670634,
            -0.0018068699864670634,
            -0.001645650016143918,
            0.9999970197677612
        ],
        [
            0.4377939999103546,
            -0.37595701217651367,
            0.5879480242729187,
            0.5093770027160645,
            0.1278340071439743,
            0.04012500122189522,
            0.0,
            1.0,
            0.0,
            0.0,
            0.0,
            1.0
        ],
        [
            -0.41652700304985046,
            -0.4519929885864258,
            -0.3504500091075897,
            0.357369989156723,
            0.10092499852180481,
            0.04423400014638901,
            0.0,
            1.0,
            0.0,
            0.0,
            0.0,
            1.0
        ],
        [
            -0.0027375000063329935,
            0.1541929990053177,
            -0.3511059880256653,
            0.7606970071792603,
            0.22195899486541748,
            0.8472989797592163,
            0.0,
            1.0,
            0.0,
            0.0,
            0.0,
            1.0
        ]
    ],
    "ops": [
        [
            0,
            0,
            2,
            1,
            0,
            0,
            1,
            2,
            1,
            0,
            1
        ]
    ],
    "syms": [
        [
            0.0,
            0.999770998954773,
            -0.016284499317407608,
            -0.013913200236856937,
            0.004709830041974783,
            -0.0036425499711185694,
            0.13295799493789673,
            0.0
        ],
        [
            0.0,
            0.9997400045394897,
            0.016418099403381348,
            -0.015803499147295952,
            0.009568249806761742,
            -0.38298898935317993,
            0.5947170257568359,
            0.0
        ]
    ],
    "labels:": [
        [
            1,
            3,
            2,
            2,
            0
        ]
    ],
    "obj": 2613,
    "mat_index": 391,
    "obbs": "N 8\n-0.0027375 0.154193 -0.351106 1 0 0 0 1 0 0 0 1 0.847299 0.760697 0.221959\n0.420272 -0.0104113 0.127174 -0.0931858 -0.995647 -0.00180687 0.995647 -0.0931888 0.00164565 -0.00180687 -0.00164565 0.999997 0.53674 0.124582 1.12995\n-0.410853 0.00312623 0.138741 -0.0762051 0.995291 -0.0599071 0.997086 0.0758499 -0.008184 -0.00360151 -0.0603562 -0.99817 0.524283 0.118897 1.12927\n-1.87219e-05 -0.129944 0.140005 0.999994 0.0034545 -0.000306989 -0.0034545 0.984323 -0.17634 -0.000306989 0.17634 0.984329 0.872742 0.257279 1.11663\n0.437794 -0.375957 0.587948 1 0 0 0 1 0 0 0 1 0.040125 0.509377 0.127834\n0.439155 -0.449954 -0.350624 1 0 0 0 1 0 0 0 1 0.037402 0.361639 0.100548\n-0.416527 -0.451993 -0.35045 1 0 0 0 1 0 0 0 1 0.044234 0.35737 0.100925\n-0.418658 -0.390022 0.601487 1 0 0 0 1 0 0 0 1 0.039974 0.481265 0.100719\nC 15\n0 1\n0 6\n0 5\n0 3\n0 2\n1 3\n1 4\n1 5\n2 7\n2 6\n2 3\n3 6\n3 7\n3 4\n3 5\nS 3\n2\n1 0.420272 -0.0104113 0.127174\n2 -0.410853 0.00312623 0.138741\n2\n0.00470983 -0.00364255 0.132958\n-0.999771 0.0162845 0.0139132\n2\n4 0.437794 -0.375957 0.587948\n7 -0.418658 -0.390022 0.601487\n2\n0.00956825 -0.382989 0.594717\n-0.99974 -0.0164181 0.0158035\n2\n5 0.439155 -0.449954 -0.350624\n6 -0.416527 -0.451993 -0.35045\n2\n0.011314 -0.450973 -0.350537\n-0.999997 -0.00238347 0.000202762\nL 8\n0\n3\n3\n1\n2\n2\n2\n2"
}