{
    "boxes": [
        [
            0.0008994999807327986,
            -0.27901899814605713,
            0.13587099313735962,
            0.47584301233291626,
            1.030809998512268,
            0.6732169985771179,
            0.0,
            1.0,
            0.0,
            0.0,
            0.0,
            1.0
        ],
        [
            -0.31721600890159607,
            0.10408899933099747,
            0.17185400426387787,
            0.1164729967713356,
            0.7943440079689026,
            0.03815830126404762,
            0.014125900343060493,
            0.9361280202865601,
            0.3513759970664978,
            0.0025766498874872923,
            -0.3514440059661865,
            0.9362050294876099
        ],
        [
            -0.3206529915332794,
            -0.3917210102081299,
            -0.4076539874076843,
            0.5053009986877441,
            0.24867799878120422,
            0.030107000842690468,
            0.0,
            1.0,
            0.0,
            0.0,
            0.0,
            1.0
        ],
        [
            -0.32065901160240173,
            -0.6464539766311646,
            0.09295450150966644,
            0.08454500138759613,
            0.7940070033073425,
            0.029766999185085297,
            0.0,
            1.0,
            0.0,
            0.0,
            0.0,
            1.0
        ],
        [
            -0.32044699788093567,
            -0.41637200117111206,
            0.6258509755134583,
            0.505486011505127,
            0.17948399484157562,
            0.03190790116786957,
            0.004614910110831261,
            0.9525759816169739,
            0.3042660057544708,
            0.003744239918887615,
            -0.304284006357193,
            0.9525740146636963
        ],
        [
            0.0009249640279449522,
            0.2943490147590637,
            -0.22287000715732574,
            0.8442170023918152,
            0.07812140136957169,
            0.673799991607666,
            0.0015200399793684483,
            0.9972410202026367,
            -0.0742167979478836,
            0.0016373599646613002,
            0.07421430200338364,
            0.9972410202026367
        ]
    ],
    "ops": [
        [
            0,
            0,
            2,
            1,
            0,
            0,
            0,
            1,
            1,
            2,
            1,
            0,
            1
        ]
    ],
    "syms": [
        [
            0.0,
            0.9999949932098389,
            -0.0023871799930930138,
            0.0018523300532251596,
            0.00254584988579154,
            0.10332600027322769,
            0.17244599759578705,
            0.0
        ],
        [
            0.0,
            0.9987170100212097,
            -0.05051039904356003,
            0.003515909891575575,
            0.0007696269894950092,
            -0.40797799825668335,
            -0.4065220057964325,
            0.0
        ]
    ],
    "labels:": [
        [
            1,
            3,
            2,
            2,
            2,
            0
        ]
    ],
    "obj": 40838,
    "mat_index": 3916,
    "obbs": "N 10\n0.000924964 0.294349 -0.22287 0.999998 -0.00163736 -0.00152004 0.00163736 0.0742143 0.997241 -0.00152004 -0.997241 0.0742168 0.6738 0.0781214 0.844217\n0.322307 0.102562 0.173039 -0.0153595 -0.934872 -0.354653 0.999881 -0.0149427 -0.00391414 -0.00164027 -0.354671 0.93499 0.118615 0.0312521 0.785896\n-0.317216 0.104089 0.171854 -0.0141259 -0.936128 -0.351376 0.999897 -0.0123194 -0.00737655 0.00257665 -0.351444 0.936205 0.116473 0.0381583 0.794344\n-0.320659 -0.646454 0.0929545 1 0 0 0 1 0 0 0 1 0.029767 0.084545 0.794007\n0.32222 -0.644025 0.158782 -0.000446155 -0.0511228 -0.998692 0.999489 -0.0319314 0.00118805 -0.0319503 -0.998182 0.051111 0.832722 0.0321756 0.0849213\n0.0008995 -0.279019 0.135871 1 0 0 0 1 0 0 0 1 0.673217 0.475843 1.03081\n-0.320447 -0.416372 0.625851 -0.00461491 -0.952576 -0.304266 0.999982 -0.0032568 -0.00497092 0.00374424 -0.304284 0.952574 0.505486 0.0319079 0.179484\n0.322414 -0.405772 0.64503 -0.000351518 -0.98667 -0.162731 0.999979 -0.00140728 0.00637254 -0.0065166 -0.162725 0.98665 0.461773 0.0306719 0.149105\n0.322192 -0.424234 -0.405391 -0.00226381 -0.209134 -0.977884 0.999987 -0.00496783 -0.00125254 -0.00459601 -0.977874 0.209143 0.243265 0.0317148 0.51011\n-0.320653 -0.391721 -0.407654 1 0 0 0 1 0 0 0 1 0.030107 0.505301 0.248678\nC 19\n0 1\n0 5\n0 9\n0 8\n0 2\n1 5\n1 7\n2 6\n2 5\n3 9\n3 6\n3 5\n4 7\n4 8\n4 5\n5 9\n5 6\n5 7\n5 8\nS 4\n2\n1 0.322307 0.102562 0.173039\n2 -0.317216 0.104089 0.171854\n2\n0.00254585 0.103326 0.172446\n-0.999995 0.00238718 -0.00185233\n2\n3 -0.320659 -0.646454 0.0929545\n4 0.32222 -0.644025 0.158782\n2\n0.00078084 -0.64524 0.125868\n0.994791 0.00375987 0.101861\n2\n6 -0.320447 -0.416372 0.625851\n7 0.322414 -0.405772 0.64503\n2\n0.000983325 -0.411072 0.63544\n0.99942 0.0164798 0.0298161\n2\n8 0.322192 -0.424234 -0.405391\n9 -0.320653 -0.391721 -0.407654\n2\n0.000769627 -0.407978 -0.406522\n-0.998717 0.0505104 -0.00351591\nL 10\n0\n3\n3\n2\n2\n1\n2\n2\n2\n2"
}