{
    "boxes": [
        [
            -0.009301249869167805,
            -0.2200320065021515,
            0.1359889954328537,
            0.18671900033950806,
            0.9287469983100891,
            0.8018919825553894,
            0.010542700067162514,
            0.9967169761657715,
            -0.0802702009677887,
            -0.10410100221633911,
            0.08093249797821045,
            0.99126797914505
        ],
        [
            -0.410086989402771,
            0.0218455009162426,
            0.32809099555015564,
            0.5358589887619019,
            0.12567999958992004,
            0.09468699991703033,
            0.0,
            1.0,
            0.0,
            0.0,
            0.0,
            1.0
        ],
        [
            -0.3667150139808655,
            0.303615003824234,
            0.012611400336027145,
            0.03080200031399727,
            0.9188240170478821,
            0.10010000318288803,
            0.0,
            1.0,
            0.0,
            -0.15643399953842163,
            -0.0,
            0.9876880049705505
        ],
        [
            -0.33037200570106506,
            0.029779499396681786,
            -0.27848300337791443,
            0.5261179804801941,
            0.10294000059366226,
            0.09486140310764313,
            0.0036749299615621567,
            0.9971669912338257,
            0.07513339817523956,
            -0.023079900071024895,
            -0.07502929866313934,
            0.9969140291213989
        ],
        [
            -0.32668301463127136,
            -0.44164401292800903,
            -0.3059709966182709,
            0.4747120141983032,
            0.09965159744024277,
            0.08661379665136337,
            -0.007378169801086187,
            0.9968559741973877,
            0.07888589799404144,
            -0.07888589799404144,
            -0.07922240346670151,
            0.9937310218811035
        ],
        [
            -0.4137150049209595,
            -0.454133003950119,
            0.35587799549102783,
            0.448635995388031,
            0.09784530103206635,
            0.09212090075016022,
            0.007736459840089083,
            0.9980630278587341,
            -0.061720799654722214,
            0.009820640087127686,
            0.061643801629543304,
            0.9980499744415283
        ],
        [
            -0.2193720042705536,
            0.3288629949092865,
            -0.33838000893592834,
            1.1040400266647339,
            0.04264239966869354,
            0.09243520349264145,
            0.04880800098180771,
            0.9841729998588562,
            -0.17035500705242157,
            -0.12853099405765533,
            0.17532899975776672,
            0.9760839939117432
        ],
        [
            -0.13521799445152283,
            0.34689798951148987,
            -0.3305619955062866,
            1.1406199932098389,
            0.04262860119342804,
            0.09411430358886719,
            -0.0027963900938630104,
            0.9841820001602173,
            -0.1771409958600998,
            -0.1281690001487732,
            0.17532800137996674,
            0.9761319756507874
        ],
        [
            -0.05072839930653572,
            0.3566260039806366,
            -0.3212110102176666,
            1.1603699922561646,
            0.042633600533008575,
            0.09443499892950058,
            -0.0026282400358468294,
            0.984188973903656,
            -0.17710399627685547,
            -0.1279670000076294,
            0.17531800270080566,
            0.9761599898338318
        ],
        [
            0.03355089947581291,
            0.3587239980697632,
            -0.3105190098285675,
            1.164639949798584,
            0.042615000158548355,
            0.09470400214195251,
            -0.0028339100535959005,
            0.9841820001602173,
            -0.17713500559329987,
            -0.12821300327777863,
            0.1753160059452057,
            0.9761279821395874
        ],
        [
            0.04414350166916847,
            0.3035700023174286,
            -0.3573099970817566,
            0.03206700086593628,
            0.09376300126314163,
            0.6826310157775879,
            -0.002311189891770482,
            0.9998419880867004,
            0.017596999183297157,
            -0.10450799763202667,
            -0.017742199823260307,
            0.9943659901618958
        ]
    ],
    "ops": [
        [
            0,
            0,
            0,
            0,
            1,
            1,
            2,
            1,
            0,
            0,
            1,
            2,
            1,
            0,
            0,
            1,
            2,
            0,
            2,
            0,
            0,
            1,
            1,
            1,
            1
        ]
    ],
    "syms": [
        [
            0.0,
            0.991474986076355,
            -0.007353929802775383,
            0.1300870031118393,
            -0.05240250006318092,
            0.019192500039935112,
            0.3750210106372833,
            0.0
        ],
        [
            0.0,
            0.9914789795875549,
            0.008449669927358627,
            0.12998999655246735,
            0.031107300892472267,
            -0.4385940134525299,
            -0.2590619921684265,
            0.0
        ],
        [
            0.0,
            0.9914849996566772,
            1.1367400247763726e-06,
            0.13022199273109436,
            0.03287860006093979,
            0.3288629949092865,
            -0.30524900555610657,
            0.0
        ],
        [
            0.0,
            0.9915850162506104,
            0.0047830999828875065,
            0.1293720006942749,
            0.03344690054655075,
            0.35703200101852417,
            -0.31022900342941284,
            0.0
        ]
    ],
    "labels:": [
        [
            1,
            3,
            3,
            3,
            2,
            2,
            0,
            0,
            0,
            0,
            0
        ]
    ],
    "obj": 40849,
    "mat_index": 3920,
    "obbs": "N 19\n-0.00930125 -0.220032 0.135989 -0.994511 0.0020944 -0.104613 0.0105427 0.996717 -0.0802702 0.104101 -0.0809325 -0.991268 0.801892 0.186719 0.928747\n-0.219372 0.328863 -0.33838 0.048808 0.984173 -0.170355 -0.128531 0.175329 0.976084 0.990504 -0.0257447 0.135054 1.10404 0.0426424 0.0924352\n-0.135218 0.346898 -0.330562 -0.991748 -0.0254337 -0.125652 -0.128169 0.175328 0.976132 -0.00279639 0.984182 -0.177141 0.0941143 0.0426286 1.14062\n-0.0507284 0.356626 -0.321211 -0.991775 -0.025229 -0.125482 -0.127967 0.175318 0.97616 -0.00262824 0.984189 -0.177104 0.094435 0.0426336 1.16037\n0.0335509 0.358724 -0.310519 -0.991743 -0.0254772 -0.125688 -0.128213 0.175316 0.976128 -0.00283391 0.984182 -0.177135 0.094704 0.042615 1.16464\n0.117622 0.357438 -0.299246 -0.991709 -0.0257327 -0.125899 -0.128466 0.175318 0.976094 -0.00304514 0.984176 -0.17717 0.094545 0.0426346 1.16205\n0.201492 0.347711 -0.286485 -0.991741 -0.0254936 -0.125701 -0.128229 0.175328 0.976124 -0.00284594 0.98418 -0.177149 0.0934693 0.0426281 1.14229\n0.285129 0.328863 -0.272118 -0.991787 -0.0251335 -0.125403 -0.127872 0.175329 0.97617 -0.00254774 0.984189 -0.177103 0.0917796 0.0426427 1.10402\n0.345446 0.303615 0.106144 -0.994522 0 -0.104528 0 1 0 0.104528 0 -0.994522 0.0996386 0.030802 0.918791\n-0.366715 0.303615 0.0126114 0.156434 0 -0.987688 0 1 0 0.987688 0 0.156434 0.918824 0.030802 0.1001\n-0.330372 0.0297795 -0.278483 0.0230799 0.0750293 -0.996914 0.999727 -0.00539766 0.0227388 -0.00367493 -0.997167 -0.0751334 0.10294 0.0948614 0.526118\n-0.410087 0.0218455 0.328091 1 0 0 0 1 0 0 0 1 0.094687 0.535859 0.12568\n0.38554 0.02722 -0.184448 1 0 0 0 1 0 0 0 1 0.094581 0.525108 0.124358\n0.305281 0.0165395 0.421952 1 0 0 0 1 0 0 0 1 0.093757 0.546469 0.125867\n0.0441435 0.30357 -0.35731 -0.994521 -0.000459136 -0.104533 -0.00231119 0.999842 0.017597 0.104508 0.0177422 -0.994366 0.682631 0.032067 0.093763\n-0.326683 -0.441644 -0.305971 0.0788859 0.0792224 -0.993731 0.996856 0.00110893 0.0792224 0.00737817 -0.996856 -0.0788859 0.0996516 0.0866138 0.474712\n0.388898 -0.435545 -0.212154 0.0117315 -0.99901 -0.0429018 0.99901 0.00986905 0.0433681 -0.0429018 -0.0433681 0.998138 0.484302 0.0903415 0.0996872\n0.302229 -0.455655 0.449923 1 0 0 0 1 0 0 0 1 0.093815 0.440516 0.119785\n-0.413715 -0.454133 0.355878 0.00773646 0.998063 -0.0617208 0.999922 -0.00832751 -0.00932471 -0.00982064 -0.0616438 -0.99805 0.448636 0.0921209 0.0978453\nC 68\n0 7\n0 16\n0 10\n0 3\n0 15\n0 17\n0 11\n0 4\n0 18\n0 12\n0 5\n0 1\n0 13\n0 6\n0 2\n1 3\n1 15\n1 2\n1 14\n1 5\n1 10\n1 4\n1 9\n2 5\n2 4\n2 9\n2 10\n2 3\n2 14\n2 15\n3 15\n3 14\n3 10\n3 6\n3 9\n3 5\n3 4\n4 7\n4 5\n4 14\n4 6\n5 6\n5 8\n5 12\n5 16\n5 7\n5 14\n6 14\n6 7\n6 16\n6 12\n6 8\n7 12\n7 16\n7 14\n7 8\n8 13\n8 14\n8 12\n9 11\n9 14\n9 10\n10 15\n10 14\n11 18\n12 16\n12 14\n13 17\nS 8\n2\n1 -0.219372 0.328863 -0.33838\n7 0.285129 0.328863 -0.272118\n2\n0.0328786 0.328863 -0.305249\n0.991485 1.13674e-06 0.130222\n2\n2 -0.135218 0.346898 -0.330562\n6 0.201492 0.347711 -0.286485\n2\n0.0331372 0.347305 -0.308523\n0.991537 0.00239457 0.129799\n2\n3 -0.0507284 0.356626 -0.321211\n5 0.117622 0.357438 -0.299246\n2\n0.0334469 0.357032 -0.310229\n0.991585 0.0047831 0.129372\n2\n8 0.345446 0.303615 0.106144\n9 -0.366715 0.303615 0.0126114\n2\n-0.0106345 0.303615 0.0593778\n-0.991485 0 -0.130218\n2\n10 -0.330372 0.0297795 -0.278483\n12 0.38554 0.02722 -0.184448\n2\n0.027584 0.0284997 -0.231465\n0.991477 -0.00354467 0.13023\n2\n11 -0.410087 0.0218455 0.328091\n13 0.305281 0.0165395 0.421952\n2\n-0.0524025 0.0191925 0.375021\n0.991475 -0.00735393 0.130087\n2\n15 -0.326683 -0.441644 -0.305971\n16 0.388898 -0.435545 -0.212154\n2\n0.0311073 -0.438594 -0.259062\n0.991479 0.00844967 0.12999\n2\n17 0.302229 -0.455655 0.449923\n18 -0.413715 -0.454133 0.355878\n2\n-0.0557431 -0.454894 0.4029\n-0.99148 0.00210727 -0.130238\nL 19\n1\n0\n0\n0\n0\n0\n0\n0\n3\n3\n3\n3\n3\n3\n0\n2\n2\n2\n2"
}