{
    "boxes": [
        [
            0.003043500008061528,
            -0.07745850086212158,
            0.16190899908542633,
            0.08760099858045578,
            0.7872740030288696,
            0.7256789803504944,
            0.0,
            1.0,
            0.0,
            0.0,
            0.0,
            1.0
        ],
        [
            -0.3351759910583496,
            -0.43519699573516846,
            -0.2056799978017807,
            0.6763380169868469,
            0.05922440066933632,
            0.05742250010371208,
            0.011674700304865837,
            0.9993240237236023,
            0.03485750034451485,
            0.06177910044789314,
            -0.03551410138607025,
            0.9974579811096191
        ],
        [
            -0.33519798517227173,
            -0.43913498520851135,
            0.5296900272369385,
            0.6775239706039429,
            0.05171399936079979,
            0.048622000962495804,
            0.0,
            1.0,
            0.0,
            0.0,
            0.0,
            1.0
        ],
        [
            0.0030471698846668005,
            0.29030099511146545,
            -0.2869440019130707,
            0.7195619940757751,
            0.039146799594163895,
            0.6445879936218262,
            0.0004363679909147322,
            0.9848290085792542,
            -0.17352800071239471,
            0.0005199789884500206,
            0.17352800071239471,
            0.9848290085792542
        ]
    ],
    "ops": [
        [
            0,
            0,
            0,
            1,
            2,
            1,
            0,
            1
        ]
    ],
    "syms": [
        [
            0.0,
            0.9999939799308777,
            -0.00346498005092144,
            -8.377660378755536e-06,
            0.003212670097127557,
            -0.43636998534202576,
            -0.20568199455738068,
            0.0
        ]
    ],
    "labels:": [
        [
            1,
            2,
            2,
            0
        ]
    ],
    "obj": 40851,
    "mat_index": 3922,
    "obbs": "N 6\n0.00304717 0.290301 -0.286944 1 -0.000519979 -0.000436368 0.000519979 0.173528 0.984829 -0.000436368 -0.984829 0.173528 0.644588 0.0391468 0.719562\n0.0030435 -0.0774585 0.161909 1 0 0 0 1 0 0 0 1 0.725679 0.087601 0.787274\n-0.335176 -0.435197 -0.20568 0.998022 -0.00949153 -0.062152 0.0617791 -0.0355141 0.997458 -0.0116747 -0.999324 -0.0348575 0.0574225 0.0592244 0.676338\n0.341601 -0.437542 -0.205685 0.989955 0.0155009 -0.140529 0.141005 -0.0357873 0.989362 0.0103069 -0.999239 -0.0376135 0.0566655 0.0602503 0.671637\n0.340585 -0.430697 0.531092 1 0 0 0 1 0 0 0 1 0.050597 0.693642 0.048908\n-0.335198 -0.439135 0.52969 1 0 0 0 1 0 0 0 1 0.048622 0.677524 0.051714\nC 7\n0 1\n0 3\n0 2\n1 2\n1 3\n1 4\n1 5\nS 2\n2\n2 -0.335176 -0.435197 -0.20568\n3 0.341601 -0.437542 -0.205685\n2\n0.00321267 -0.43637 -0.205682\n0.999994 -0.00346498 -8.37766e-06\n2\n4 0.340585 -0.430697 0.531092\n5 -0.335198 -0.439135 0.52969\n2\n0.00269325 -0.434916 0.530391\n-0.99992 -0.0124853 -0.00207447\nL 6\n0\n1\n2\n2\n2\n2"
}