{
    "boxes": [
        [
            -0.002521269954741001,
            -0.013684400357306004,
            0.12885400652885437,
            0.13376399874687195,
            0.8723139762878418,
            0.8722890019416809,
            -0.005955109838396311,
            0.9999759793281555,
            -0.003403089940547943,
            -1.0132999705092516e-05,
            0.003403089940547943,
            0.9999939799308777
        ],
        [
            -0.3719690144062042,
            -0.39376598596572876,
            0.4982289969921112,
            0.7466099858283997,
            0.1293330043554306,
            0.1295119971036911,
            0.0,
            1.0,
            0.0,
            0.0,
            0.0,
            1.0
        ],
        [
            0.3669140040874481,
            -0.3930310010910034,
            -0.24054400622844696,
            0.7480790019035339,
            0.12952999770641327,
            0.12953299283981323,
            0.0,
            1.0,
            0.0,
            0.0,
            0.0,
            1.0
        ],
        [
            -0.3815169930458069,
            -0.3978939950466156,
            -0.2491299957036972,
            0.7398229837417603,
            0.1292160004377365,
            0.12675100564956665,
            0.013963799923658371,
            0.9996939897537231,
            0.020438900217413902,
            0.6894850134849548,
            -0.02443080022931099,
            0.7238879799842834
        ],
        [
            -0.007454989943653345,
            0.5651509761810303,
            -0.3407360017299652,
            0.5313979983329773,
            0.08100839704275131,
            0.7059950232505798,
            0.008444700390100479,
            0.9878360033035278,
            -0.15526899695396423,
            0.009875309653580189,
            0.15518499910831451,
            0.9878360033035278
        ],
        [
            -0.3720329999923706,
            0.4236859977245331,
            -0.31024301052093506,
            0.8156989812850952,
            0.10174799710512161,
            0.10685200244188309,
            -0.004054400138556957,
            0.9899100065231323,
            -0.14163999259471893,
            -0.015771599486470222,
            0.14156000316143036,
            0.9898040294647217
        ]
    ],
    "ops": [
        [
            0,
            0,
            2,
            0,
            0,
            1,
            1,
            1,
            0,
            0,
            2,
            1,
            1
        ]
    ],
    "syms": [
        [
            0.0,
            0.9999639987945557,
            -0.0062079099006950855,
            0.005751609802246094,
            0.0011304999934509397,
            -0.3960820138454437,
            0.5003740191459656,
            0.0
        ],
        [
            0.0,
            0.9999759793281555,
            0.0048671201802790165,
            -0.0049488600343465805,
            -0.0053715999238193035,
            0.4254710078239441,
            -0.3120569884777069,
            0.0
        ]
    ],
    "labels:": [
        [
            1,
            2,
            2,
            2,
            0,
            0
        ]
    ],
    "obj": 40854,
    "mat_index": 3923,
    "obbs": "N 8\n-0.00745499 0.565151 -0.340736 0.999916 -0.00987531 -0.0084447 0.00987531 0.155185 0.987836 -0.0084447 -0.987836 0.155269 0.705995 0.0810084 0.531398\n-0.00252127 -0.0136844 0.128854 0.999982 0.00595511 -1.0133e-05 -0.00595511 0.999976 -0.00340309 -1.0133e-05 0.00340309 0.999994 0.872289 0.133764 0.872314\n0.36129 0.427255 -0.313872 0.0707795 -0.13818 -0.987875 0.997481 0.00510288 0.070754 -0.00473579 -0.990394 0.138193 0.103999 0.117857 0.807739\n-0.372033 0.423686 -0.310243 -0.0040544 0.98991 -0.14164 0.999867 0.00624696 0.0150386 0.0157716 -0.14156 -0.989804 0.815699 0.106852 0.101748\n0.366914 -0.393031 -0.240544 1 0 0 0 1 0 0 0 1 0.129533 0.748079 0.12953\n0.37423 -0.398398 0.50252 1 0 0 0 1 0 0 0 1 0.114496 0.737345 0.120745\n-0.371969 -0.393766 0.498229 1 0 0 0 1 0 0 0 1 0.129512 0.74661 0.129333\n-0.381517 -0.397894 -0.24913 -0.689485 0.0244308 -0.723888 0.724165 0.00398411 -0.689615 -0.0139638 -0.999694 -0.0204389 0.129216 0.126751 0.739823\nC 11\n0 1\n0 3\n0 2\n1 2\n1 3\n1 4\n1 5\n1 6\n1 7\n2 4\n3 7\nS 2\n2\n2 0.36129 0.427255 -0.313872\n3 -0.372033 0.423686 -0.310243\n2\n-0.0053716 0.425471 -0.312057\n-0.999976 -0.00486712 0.00494886\n2\n5 0.37423 -0.398398 0.50252\n6 -0.371969 -0.393766 0.498229\n2\n0.0011305 -0.396082 0.500374\n-0.999964 0.00620791 -0.00575161\nL 8\n0\n1\n0\n0\n2\n2\n2\n2"
}