{
    "boxes": [
        [
            0.010729599744081497,
            0.014284299686551094,
            0.09611160308122635,
            0.10806100070476532,
            0.5386599898338318,
            0.6484310030937195,
            -0.0011031200410798192,
            0.9994609951972961,
            0.032822899520397186,
            1.810869980545249e-05,
            -0.032822899520397186,
            0.9994609951972961
        ],
        [
            -0.30437400937080383,
            0.19307999312877655,
            -0.18646499514579773,
            0.3474240005016327,
            0.04022730141878128,
            0.0497577004134655,
            -0.08222729712724686,
            0.9965410232543945,
            -0.01198980025947094,
            0.2868489921092987,
            0.03518670052289963,
            0.9573289752006531
        ],
        [
            -0.33837199211120605,
            0.3459619879722595,
            0.03924050182104111,
            0.0566990002989769,
            0.45955100655555725,
            0.03413600102066994,
            0.0,
            1.0,
            0.0,
            0.0,
            0.0,
            1.0
        ],
        [
            0.009516740217804909,
            -0.577210009098053,
            0.3244580030441284,
            0.030276700854301453,
            0.061249300837516785,
            0.5925509929656982,
            -0.0016746199689805508,
            0.9988710284233093,
            0.04747710004448891,
            3.9775601180735976e-05,
            -0.04747710004448891,
            0.9988719820976257
        ],
        [
            -0.29966700077056885,
            -0.42849600315093994,
            -0.18911799788475037,
            0.9229040145874023,
            0.02649799920618534,
            0.015317000448703766,
            0.0,
            1.0,
            0.0,
            0.0,
            0.0,
            1.0
        ],
        [
            -0.29988598823547363,
            -0.8826940059661865,
            0.07795099914073944,
            0.02323799952864647,
            0.5353099703788757,
            0.016752000898122787,
            0.0,
            1.0,
            0.0,
            0.0,
            0.0,
            1.0
        ],
        [
            -0.28946900367736816,
            -0.46352100372314453,
            0.34506601095199585,
            0.8574420213699341,
            0.03003700077533722,
            0.03905100002884865,
            0.0,
            1.0,
            0.0,
            0.0,
            0.0,
            1.0
        ],
        [
            -0.011334500275552273,
            -0.012733999639749527,
            -0.1744460016489029,
            0.15177999436855316,
            0.1321980059146881,
            0.01883300021290779,
            0.0,
            1.0,
            0.0,
            0.0,
            0.0,
            1.0
        ],
        [
            0.012391500174999237,
            0.35759401321411133,
            -0.23268499970436096,
            0.5222740173339844,
            0.026713000610470772,
            0.5243409872055054,
            0.0,
            1.0,
            0.0,
            0.0,
            0.0,
            1.0
        ],
        [
            0.010692000389099121,
            0.34734898805618286,
            -0.23281100392341614,
            0.5919420123100281,
            0.026964999735355377,
            0.5697299838066101,
            0.0,
            1.0,
            0.0,
            0.0,
            0.0,
            1.0
        ]
    ],
    "ops": [
        [
            0,
            0,
            0,
            1,
            2,
            1,
            0,
            0,
            0,
            0,
            1,
            1,
            2,
            1,
            1,
            0,
            2,
            0,
            0,
            1,
            1,
            1
        ]
    ],
    "syms": [
        [
            0.0,
            0.9999849796295166,
            0.004100579768419266,
            -0.0035666299518197775,
            0.011941500008106232,
            0.19437700510025024,
            -0.1875929981470108,
            0.0
        ],
        [
            0.0,
            0.9999889731407166,
            -0.0012563900090754032,
            -0.004536679945886135,
            0.010743300430476665,
            -0.4288859963417053,
            -0.19052599370479584,
            0.0
        ],
        [
            0.0,
            0.9991469979286194,
            -0.04130050167441368,
            -0.0002885049907490611,
            0.011176199652254581,
            -0.01366449985653162,
            -0.174453005194664,
            0.0
        ]
    ],
    "labels:": [
        [
            1,
            3,
            3,
            2,
            2,
            2,
            2,
            0,
            0,
            0
        ]
    ],
    "obj": 40857,
    "mat_index": 3925,
    "obbs": "N 16\n0.0123915 0.357594 -0.232685 1 0 0 0 1 0 0 0 1 0.524341 0.522274 0.026713\n0.0107296 0.0142843 0.0961116 0.999999 0.00110312 1.81087e-05 -0.00110312 0.999461 0.0328229 1.81087e-05 -0.0328229 0.999461 0.648431 0.108061 0.53866\n0.328257 0.195674 -0.188721 -0.970489 0.0920119 -0.222899 -0.219932 0.0413462 0.974639 0.0988944 0.994899 -0.0198896 0.0571985 0.0367525 0.344286\n-0.304374 0.19308 -0.186465 0.95444 0.0752794 -0.28875 0.286849 0.0351867 0.957329 0.0822273 -0.996541 0.0119898 0.0497577 0.0402273 0.347424\n0.359775 0.345932 0.0378345 1 0 0 0 1 0 0 0 1 0.034098 0.05681 0.462295\n-0.338372 0.345962 0.0392405 1 0 0 0 1 0 0 0 1 0.034136 0.056699 0.459551\n0.320676 -0.883009 0.0805716 0.181898 -0.983317 0.000161269 0.983317 0.181898 -0.000193837 0.000161269 0.000193837 1 0.0222252 0.015498 0.538733\n-0.299886 -0.882694 0.077951 1 0 0 0 1 0 0 0 1 0.016752 0.023238 0.53531\n0.00951674 -0.57721 0.324458 0.999999 0.00167462 3.97756e-05 -0.00167462 0.998871 0.0474771 3.97756e-05 -0.0474771 0.998872 0.592551 0.0302767 0.0612493\n0.033687 -0.014595 -0.174459 1 0 0 0 1 0 0 0 1 0.016836 0.148058 0.132192\n-0.0113345 -0.012734 -0.174446 1 0 0 0 1 0 0 0 1 0.018833 0.15178 0.132198\n-0.289469 -0.463521 0.345066 1 0 0 0 1 0 0 0 1 0.039051 0.857442 0.030037\n-0.299667 -0.428496 -0.189118 1 0 0 0 1 0 0 0 1 0.015317 0.922904 0.026498\n0.321154 -0.429276 -0.191935 1 0 0 0 1 0 0 0 1 0.015512 0.927572 0.020865\n0.311503 -0.461566 0.344847 1 0 0 0 1 0 0 0 1 0.038639 0.854613 0.029709\n0.010692 0.347349 -0.232811 1 0 0 0 1 0 0 0 1 0.56973 0.591942 0.026965\nC 42\n0 2\n0 10\n0 3\n0 15\n0 4\n0 12\n0 5\n0 1\n0 13\n0 9\n1 3\n1 15\n1 11\n1 2\n1 14\n1 5\n1 10\n1 13\n1 4\n1 9\n1 12\n2 9\n2 13\n2 15\n2 4\n3 15\n3 10\n3 5\n3 12\n4 15\n5 15\n6 14\n6 13\n7 12\n7 11\n8 14\n8 11\n9 15\n9 10\n10 15\n12 15\n13 15\nS 6\n2\n2 0.328257 0.195674 -0.188721\n3 -0.304374 0.19308 -0.186465\n2\n0.0119415 0.194377 -0.187593\n-0.999985 -0.00410058 0.00356663\n2\n4 0.359775 0.345932 0.0378345\n5 -0.338372 0.345962 0.0392405\n2\n0.0107015 0.345947 0.0385375\n-0.999998 4.3687e-05 0.0020139\n2\n6 0.320676 -0.883009 0.0805716\n7 -0.299886 -0.882694 0.077951\n2\n0.0103949 -0.882851 0.0792613\n-0.999991 0.000506916 -0.00422293\n2\n9 0.033687 -0.014595 -0.174459\n10 -0.0113345 -0.012734 -0.174446\n2\n0.0111762 -0.0136645 -0.174453\n-0.999147 0.0413005 0.000288505\n2\n11 -0.289469 -0.463521 0.345066\n14 0.311503 -0.461566 0.344847\n2\n0.011017 -0.462543 0.344956\n0.999995 0.00325388 -0.000366072\n2\n12 -0.299667 -0.428496 -0.189118\n13 0.321154 -0.429276 -0.191935\n2\n0.0107433 -0.428886 -0.190526\n0.999989 -0.00125639 -0.00453668\nL 16\n0\n1\n3\n3\n3\n3\n2\n2\n2\n0\n0\n2\n2\n2\n2\n0"
}