{
    "boxes": [
        [
            0.005861499812453985,
            -0.13182500004768372,
            0.13565300405025482,
            0.196369007229805,
            0.7858420014381409,
            0.7118409872055054,
            0.0,
            1.0,
            0.0,
            0.0,
            0.0,
            1.0
        ],
        [
            0.3390600085258484,
            -0.433571994304657,
            0.4791809916496277,
            0.690434992313385,
            0.12157099694013596,
            0.050641000270843506,
            0.0,
            1.0,
            0.0,
            0.0,
            0.0,
            1.0
        ],
        [
            0.33899998664855957,
            -0.48490700125694275,
            -0.2320290058851242,
            0.5881100296974182,
            0.11250700056552887,
            0.05152219906449318,
            0.001051770057529211,
            0.9952329993247986,
            0.09752160310745239,
            0.006968500092625618,
            -0.09752660244703293,
            0.9952089786529541
        ],
        [
            0.005263050086796284,
            0.3918370008468628,
            -0.3363569974899292,
            0.9353169798851013,
            0.11377300322055817,
            0.6543390154838562,
            0.00027531199157238007,
            0.9568639993667603,
            -0.2905380129814148,
            0.00037131799035705626,
            0.2905369997024536,
            0.9568639993667603
        ],
        [
            -0.32538101077079773,
            -0.03043000027537346,
            -0.21238300204277039,
            0.4253549873828888,
            0.12314999848604202,
            0.056717000901699066,
            -0.002695230068638921,
            0.9854519963264465,
            -0.1699340045452118,
            0.06630609929561615,
            0.16973699629306793,
            0.9832559823989868
        ]
    ],
    "ops": [
        [
            0,
            0,
            0,
            1,
            2,
            1,
            0,
            0,
            2,
            1,
            1
        ]
    ],
    "syms": [
        [
            0.0,
            0.9995179772377014,
            0.02520879916846752,
            -0.018127499148249626,
            0.006659000180661678,
            -0.4419560134410858,
            0.48520898818969727,
            0.0
        ],
        [
            0.0,
            0.9996320009231567,
            0.025068499147892,
            -0.01035779993981123,
            0.006886340212076902,
            -0.022097399458289146,
            -0.21582600474357605,
            0.0
        ]
    ],
    "labels:": [
        [
            1,
            2,
            2,
            0,
            0
        ]
    ],
    "obj": 40871,
    "mat_index": 3933,
    "obbs": "N 8\n0.00526305 0.391837 -0.336357 1 -0.000371318 -0.000275312 0.000371318 0.290537 0.956864 -0.000275312 -0.956864 0.290538 0.654339 0.113773 0.935317\n0.0058615 -0.131825 0.135653 1 0 0 0 1 0 0 0 1 0.711841 0.196369 0.785842\n0.339154 -0.0137649 -0.219269 -0.0238348 -0.181054 -0.983184 0.99968 0.00403227 -0.0249772 0.00848669 -0.983465 0.1809 0.121022 0.0546851 0.425967\n-0.325381 -0.03043 -0.212383 -0.00269523 0.985452 -0.169934 0.997796 -0.00861756 -0.065799 -0.0663061 -0.169737 -0.983256 0.425355 0.056717 0.12315\n0.33906 -0.433572 0.479181 1 0 0 0 1 0 0 0 1 0.050641 0.690435 0.121571\n0.339 -0.484907 -0.232029 -0.00105177 -0.995233 -0.0975216 0.999975 -0.000367153 -0.00703785 0.0069685 -0.0975266 0.995209 0.58811 0.0515222 0.112507\n-0.325743 -0.45034 0.491237 1 0 0 0 1 0 0 0 1 0.050641 0.690435 0.110195\n-0.326197 -0.502308 -0.222613 -0.00883287 -0.992973 -0.118011 0.999248 -0.00430971 -0.0385286 0.0377493 -0.118263 0.992265 0.587443 0.0566361 0.117656\nC 13\n0 1\n0 7\n0 5\n0 3\n0 2\n1 2\n1 3\n1 4\n1 5\n1 6\n1 7\n2 5\n3 7\nS 3\n2\n2 0.339154 -0.0137649 -0.219269\n3 -0.325381 -0.03043 -0.212383\n2\n0.00688634 -0.0220974 -0.215826\n-0.999632 -0.0250685 0.0103578\n2\n4 0.33906 -0.433572 0.479181\n6 -0.325743 -0.45034 0.491237\n2\n0.006659 -0.441956 0.485209\n-0.999518 -0.0252088 0.0181275\n2\n5 0.339 -0.484907 -0.232029\n7 -0.326197 -0.502308 -0.222613\n2\n0.00640137 -0.493607 -0.227321\n-0.999558 -0.0261477 0.014149\nL 8\n0\n1\n0\n0\n2\n2\n2\n2"
}