{
    "boxes": [
        [
            0.011555000208318233,
            -0.04434049874544144,
            0.08063250035047531,
            0.19484899938106537,
            0.9088850021362305,
            1.060979962348938,
            0.0,
            1.0,
            0.0,
            0.0,
            0.0,
            1.0
        ],
        [
            -0.5056350231170654,
            0.1313360035419464,
            0.24190999567508698,
            0.26997798681259155,
            0.7809320092201233,
            0.10733900219202042,
            -0.0672030970454216,
            0.8500980138778687,
            0.5223190188407898,
            0.07479020208120346,
            -0.5177369713783264,
            0.8522639870643616
        ],
        [
            -0.493135005235672,
            0.053557299077510834,
            0.18494699895381927,
            0.43602898716926575,
            0.7150959968566895,
            0.1357879936695099,
            -0.16577699780464172,
            0.986162006855011,
            0.0018808599561452866,
            -0.0018808599561452866,
            -0.0022234299685806036,
            0.9999960064888
        ],
        [
            -0.36711499094963074,
            -0.39289599657058716,
            -0.3940410017967224,
            0.5765249729156494,
            0.09690839797258377,
            0.06053990125656128,
            0.24403800070285797,
            0.9177970290184021,
            0.3131999969482422,
            0.4985930025577545,
            -0.39575400948524475,
            0.7712219953536987
        ],
        [
            -0.5029230117797852,
            -0.3953920006752014,
            0.5209460258483887,
            0.5007259845733643,
            0.08474139869213104,
            0.06038789823651314,
            0.01594419963657856,
            0.9968850016593933,
            -0.07724510133266449,
            -0.5716639757156372,
            0.07247140258550644,
            0.8172810077667236
        ],
        [
            0.002878620056435466,
            0.1615149974822998,
            -0.2471179962158203,
            0.7795109748840332,
            0.4821310043334961,
            1.081089973449707,
            0.10964900255203247,
            0.9260799884796143,
            -0.3610450029373169,
            0.007532679941505194,
            0.3624509871006012,
            0.9319720268249512
        ],
        [
            0.011507299728691578,
            0.1889529973268509,
            0.013103799894452095,
            0.2991830110549927,
            1.2087700366973877,
            1.1418700218200684,
            -0.002163439989089966,
            0.9305570125579834,
            0.36614200472831726,
            0.000410309003200382,
            -0.36614200472831726,
            0.930558979511261
        ]
    ],
    "ops": [
        [
            0,
            0,
            0,
            1,
            2,
            1,
            0,
            0,
            1,
            2,
            1,
            0,
            0,
            1,
            1
        ]
    ],
    "syms": [
        [
            0.0,
            0.9999790191650391,
            0.004321679938584566,
            -0.0047727301716804504,
            0.012814800255000591,
            0.13357600569725037,
            0.23943600058555603,
            0.0
        ],
        [
            0.0,
            0.9999970197677612,
            -0.00040145698585547507,
            0.002436209935694933,
            0.010947099886834621,
            -0.3930470049381256,
            -0.3931199908256531,
            0.0
        ]
    ],
    "labels:": [
        [
            1,
            3,
            3,
            2,
            2,
            0,
            0
        ]
    ],
    "obj": 40877,
    "mat_index": 3938,
    "obbs": "N 11\n0.00287862 0.161515 -0.247118 -0.993942 0.104909 -0.0327664 0.00753268 0.362451 0.931972 0.109649 0.92608 -0.361045 1.08109 0.482131 0.779511\n0.0115073 0.188953 0.0131038 -0.000410309 0.366142 -0.930559 -0.00216344 0.930557 0.366142 0.999998 0.00216344 0.000410309 1.20877 0.299183 1.14187\n0.531265 0.135817 0.236961 0.0747225 0.510545 -0.856598 0.992881 -0.11799 0.0162869 -0.0927548 -0.851717 -0.515728 0.792597 0.109037 0.26674\n-0.505635 0.131336 0.24191 0.0672031 -0.850098 -0.522319 0.994932 0.0963392 -0.0287855 0.0747902 -0.517737 0.852264 0.269978 0.107339 0.780932\n0.011555 -0.0443405 0.0806325 1 0 0 0 1 0 0 0 1 1.06098 0.194849 0.908885\n0.513053 0.0538173 0.179622 -0.17146 -0.984913 -0.0234165 0.984989 -0.170894 -0.0243446 0.0199756 -0.0272391 0.999429 0.452817 0.131619 0.735456\n-0.493135 0.0535573 0.184947 0.00188086 0.00222343 -0.999996 0.986162 0.165772 0.00222343 0.165777 -0.986162 -0.00188086 0.715096 0.135788 0.436029\n-0.367115 -0.392896 -0.394041 -0.498593 0.395754 -0.771222 0.831776 -0.0320486 -0.554186 -0.244038 -0.917797 -0.3132 0.0969084 0.0605399 0.576525\n0.389009 -0.393199 -0.392199 -0.229567 0.928822 0.290841 0.831777 0.0320502 0.554184 0.505417 0.369138 -0.77993 0.575135 0.0605398 0.0980511\n0.525069 -0.39559 0.51957 -0.571426 -0.0843593 -0.816306 0.820338 -0.0311265 -0.571032 0.022763 -0.995949 0.0869896 0.082153 0.0603877 0.50148\n-0.502923 -0.395392 0.520946 0.571664 -0.0724714 -0.817281 0.820333 0.0311274 0.571039 -0.0159442 -0.996885 0.0772451 0.0847414 0.0603879 0.500726\nC 31\n0 2\n0 7\n0 3\n0 4\n0 5\n0 8\n0 1\n0 6\n1 3\n1 6\n1 2\n1 5\n1 10\n1 4\n1 9\n2 5\n2 9\n2 4\n3 10\n3 6\n3 4\n4 7\n4 8\n4 9\n4 10\n4 5\n4 6\n5 9\n5 8\n6 7\n6 10\nS 4\n2\n2 0.531265 0.135817 0.236961\n3 -0.505635 0.131336 0.24191\n2\n0.0128148 0.133576 0.239436\n-0.999979 -0.00432168 0.00477273\n2\n5 0.513053 0.0538173 0.179622\n6 -0.493135 0.0535573 0.184947\n2\n0.00995891 0.0536873 0.182285\n-0.999986 -0.000258418 0.0052926\n2\n7 -0.367115 -0.392896 -0.394041\n8 0.389009 -0.393199 -0.392199\n2\n0.0109471 -0.393047 -0.39312\n0.999997 -0.000401457 0.00243621\n2\n9 0.525069 -0.39559 0.51957\n10 -0.502923 -0.395392 0.520946\n2\n0.0110728 -0.395491 0.520258\n-0.999999 0.000193134 0.00133853\nL 11\n0\n0\n3\n3\n1\n3\n3\n2\n2\n2\n2"
}