{
    "boxes": [
        [
            -0.003995620179921389,
            -0.27909401059150696,
            0.2865599989891052,
            0.300680011510849,
            0.8044639825820923,
            0.8534780144691467,
            0.027618199586868286,
            0.9409369826316833,
            -0.3374530076980591,
            0.0048017301596701145,
            0.3374530076980591,
            0.9413300156593323
        ],
        [
            -0.4637080132961273,
            0.10816700011491776,
            0.1351729929447174,
            0.027542000636458397,
            1.2763099670410156,
            0.18394799530506134,
            0.0,
            1.0,
            0.0,
            0.0,
            0.0,
            1.0
        ],
        [
            -0.4549190104007721,
            -0.04265199974179268,
            0.6079080104827881,
            0.27588599920272827,
            0.13032299280166626,
            0.05605199933052063,
            0.0,
            1.0,
            0.0,
            0.0,
            0.0,
            1.0
        ],
        [
            -0.40179499983787537,
            -0.5300779938697815,
            -0.2723569869995117,
            0.18275199830532074,
            0.5491999983787537,
            0.06761039793491364,
            0.04592939838767052,
            0.8929309844970703,
            -0.447843998670578,
            0.01568640023469925,
            0.4476180076599121,
            0.894087016582489
        ],
        [
            -0.45492300391197205,
            -0.3671700060367584,
            0.6079080104827881,
            0.5108850002288818,
            0.13032299280166626,
            0.056060999631881714,
            0.0,
            1.0,
            0.0,
            0.0,
            0.0,
            1.0
        ],
        [
            -0.1403139978647232,
            0.2662160098552704,
            -0.25137001276016235,
            1.2502700090408325,
            0.027543900534510612,
            0.1169549971818924,
            -0.07116760313510895,
            0.9081599712371826,
            -0.41253000497817993,
            0.2134920060634613,
            0.41786301136016846,
            0.8830689787864685
        ],
        [
            -0.06182650104165077,
            0.2723889946937561,
            -0.2650020122528076,
            1.2552000284194946,
            0.027543099597096443,
            0.1143300011754036,
            4.616859996531275e-07,
            0.9073110222816467,
            -0.4204609990119934,
            7.228039748952142e-07,
            0.4204609990119934,
            0.9073110222816467
        ],
        [
            -0.004661499988287687,
            -0.009371999651193619,
            -0.4347020089626312,
            1.227120041847229,
            0.189193993806839,
            0.8630070090293884,
            5.4956998951638525e-09,
            0.999809980392456,
            0.019473399966955185,
            5.389699797575531e-09,
            -0.019473399966955185,
            0.999809980392456
        ],
        [
            -0.33724498748779297,
            0.25248798727989197,
            -0.19600899517536163,
            1.1627299785614014,
            0.027543000876903534,
            0.11072299629449844,
            -0.12206300348043442,
            0.9082350134849548,
            -0.4002619981765747,
            0.2134930044412613,
            0.41786301136016846,
            0.8830689787864685
        ],
        [
            -0.25508901476860046,
            0.26580700278282166,
            -0.22336100041866302,
            1.2187299728393555,
            0.027543799951672554,
            0.11421199887990952,
            -0.07116749882698059,
            0.9081599712371826,
            -0.4125309884548187,
            0.2134920060634613,
            0.41786399483680725,
            0.8830689787864685
        ]
    ],
    "ops": [
        [
            0,
            0,
            0,
            1,
            2,
            1,
            0,
            0,
            1,
            2,
            1,
            0,
            0,
            1,
            2,
            0,
            0,
            0,
            1,
            2,
            1,
            1,
            1
        ]
    ],
    "syms": [
        [
            0.0,
            1.0,
            -0.0,
            -0.0,
            -0.004661499988287687,
            0.10816700011491776,
            0.1351729929447174,
            0.0
        ],
        [
            0.0,
            0.9999269843101501,
            0.0026783300563693047,
            0.011788000352680683,
            -0.005453750025480986,
            -0.5290160179138184,
            -0.2676840126514435,
            0.0
        ],
        [
            0.0,
            0.9999539852142334,
            0.008659999817609787,
            -0.004011820070445538,
            -0.0046617500483989716,
            0.26739099621772766,
            -0.25191399455070496,
            0.0
        ],
        [
            0.0,
            0.9999920129776001,
            0.0035316399298608303,
            -0.001636840053834021,
            -0.004661739803850651,
            0.25366300344467163,
            -0.1965540051460266,
            0.0
        ]
    ],
    "labels:": [
        [
            1,
            3,
            3,
            2,
            2,
            0,
            0,
            0,
            0,
            0
        ]
    ],
    "obj": 40885,
    "mat_index": 3944,
    "obbs": "N 18\n-0.00399562 -0.279094 0.28656 -0.00480173 -0.337453 -0.94133 0.0276182 0.940937 -0.337453 0.999607 -0.0276182 0.00480173 0.804464 0.30068 0.853478\n0.245766 0.268157 -0.22445 0.0711689 0.908159 -0.412531 -0.21349 0.417864 0.88307 0.97435 0.0252239 0.223622 1.21872 0.0275428 0.114211\n0.13099 0.268566 -0.252459 -0.97435 -0.0252192 -0.223619 -0.213485 0.417864 0.883071 0.0711718 0.90816 -0.41253 0.116961 0.0275436 1.25027\n0.052503 0.274738 -0.266091 -1.53252e-06 0.907311 -0.420461 -2.39926e-06 0.420461 0.907311 1 2.39926e-06 1.53252e-06 1.2552 0.0275431 0.114332\n-0.0618265 0.272389 -0.265002 1 -7.22804e-07 -4.61686e-07 7.22804e-07 0.420461 0.907311 -4.61686e-07 -0.907311 0.420461 0.11433 0.0275431 1.2552\n-0.140314 0.266216 -0.25137 0.974349 -0.0252259 -0.223623 0.213492 0.417863 0.883069 0.0711676 -0.90816 0.41253 0.116955 0.0275439 1.25027\n-0.255089 0.265807 -0.223361 -0.0711675 0.90816 -0.412531 0.213492 0.417864 0.883069 0.974349 -0.0252261 -0.223623 1.21873 0.0275438 0.114212\n-0.337245 0.252488 -0.196009 0.969289 0.0223368 -0.244907 0.213493 0.417863 0.883069 0.122063 -0.908235 0.400262 0.110723 0.027543 1.16273\n0.327922 0.254838 -0.197098 0.122063 0.908235 -0.400262 -0.213492 0.417863 0.883069 0.969289 -0.0223377 0.244907 1.16273 0.027544 0.110723\n0.454385 0.108167 0.135173 1 0 0 0 1 0 0 0 1 0.183948 0.027542 1.27631\n-0.463708 0.108167 0.135173 1 0 0 0 1 0 0 0 1 0.183948 0.027542 1.27631\n0.444774 -0.046705 0.607908 1 0 0 0 1 0 0 0 1 0.055981 0.283992 0.130323\n-0.454919 -0.042652 0.607908 1 0 0 0 1 0 0 0 1 0.056052 0.275886 0.130323\n-0.0046615 -0.009372 -0.434702 1 -5.3897e-09 -5.4957e-09 5.3897e-09 -0.0194734 0.99981 -5.4957e-09 -0.99981 -0.0194734 0.863007 0.189194 1.22712\n0.390888 -0.527955 -0.263012 0.00471928 -0.457271 -0.889315 0.999837 0.0176415 -0.00376519 0.0174105 -0.889152 0.45728 0.566699 0.0611501 0.180851\n-0.401795 -0.530078 -0.272357 0.0459294 0.892931 -0.447844 0.998822 -0.04809 0.00655197 -0.0156864 -0.447618 -0.894087 0.182752 0.0676104 0.5492\n-0.454923 -0.36717 0.607908 1 0 0 0 1 0 0 0 1 0.056061 0.510885 0.130323\n0.444796 -0.371736 0.607908 1 0 0 0 1 0 0 0 1 0.05598 0.501752 0.130323\nC 67\n0 14\n0 7\n0 16\n0 10\n0 3\n0 15\n0 17\n0 11\n0 4\n0 12\n0 5\n0 8\n0 1\n0 13\n0 6\n0 9\n0 2\n1 3\n1 2\n1 14\n1 5\n1 13\n1 4\n1 8\n2 8\n2 5\n2 4\n2 13\n2 6\n2 3\n2 14\n2 7\n3 7\n3 6\n3 13\n3 5\n3 8\n3 4\n4 7\n4 8\n4 13\n4 5\n4 6\n5 6\n5 13\n5 8\n5 15\n5 7\n6 7\n6 15\n6 13\n7 15\n7 10\n7 13\n8 13\n8 9\n8 14\n9 11\n9 17\n9 13\n10 12\n10 13\n10 16\n11 17\n12 16\n13 15\n13 14\nS 8\n2\n7 -0.337245 0.252488 -0.196009\n8 0.327922 0.254838 -0.197098\n2\n-0.00466174 0.253663 -0.196554\n0.999992 0.00353164 -0.00163684\n2\n6 -0.255089 0.265807 -0.223361\n1 0.245766 0.268157 -0.22445\n2\n-0.00466171 0.266982 -0.223906\n0.999987 0.00469199 -0.00217394\n2\n5 -0.140314 0.266216 -0.25137\n2 0.13099 0.268566 -0.252459\n2\n-0.00466175 0.267391 -0.251914\n0.999954 0.00866 -0.00401182\n2\n4 -0.0618265 0.272389 -0.265002\n3 0.052503 0.274738 -0.266091\n2\n-0.00466175 0.273563 -0.265546\n0.999744 0.0205468 -0.00952172\n2\n9 0.454385 0.108167 0.135173\n10 -0.463708 0.108167 0.135173\n2\n-0.0046615 0.108167 0.135173\n-1 0 0\n2\n11 0.444774 -0.046705 0.607908\n12 -0.454919 -0.042652 0.607908\n2\n-0.00507275 -0.0446785 0.607908\n-0.99999 0.00450483 0\n2\n14 0.390888 -0.527955 -0.263012\n15 -0.401795 -0.530078 -0.272357\n2\n-0.00545375 -0.529016 -0.267684\n-0.999927 -0.00267833 -0.011788\n2\n16 -0.454923 -0.36717 0.607908\n17 0.444796 -0.371736 0.607908\n2\n-0.00506325 -0.369453 0.607908\n0.999987 -0.00507541 0\nL 18\n1\n0\n0\n0\n0\n0\n0\n0\n0\n3\n3\n3\n3\n0\n2\n2\n2\n2"
}