{
    "boxes": [
        [
            -0.0032464999239891768,
            -0.17907500267028809,
            0.08614300191402435,
            0.2472189962863922,
            1.3448799848556519,
            1.0778800249099731,
            0.0,
            1.0,
            0.0,
            0.0,
            0.0,
            1.0
        ],
        [
            -0.5100470185279846,
            0.01986449956893921,
            0.7264429926872253,
            0.6424030065536499,
            0.06623700261116028,
            0.06623700261116028,
            0.0,
            1.0,
            0.0,
            0.0,
            0.0,
            1.0
        ],
        [
            -0.5100470185279846,
            0.37222400307655334,
            0.08614300191402435,
            0.06427700072526932,
            1.3448799848556519,
            0.06427700072526932,
            -0.0,
            1.0,
            0.0,
            0.0,
            -0.0,
            1.0
        ],
        [
            -0.5100470185279846,
            0.019863499328494072,
            -0.5541560053825378,
            0.6424049735069275,
            0.06623800098896027,
            0.06623700261116028,
            0.0,
            1.0,
            0.0,
            0.0,
            0.0,
            1.0
        ],
        [
            -0.5100470185279846,
            -0.406825989484787,
            -0.5541560053825378,
            0.2485640048980713,
            0.06623800098896027,
            0.06623700261116028,
            0.0,
            1.0,
            0.0,
            0.0,
            0.0,
            1.0
        ],
        [
            -0.5100470185279846,
            -0.40902501344680786,
            0.7264429926872253,
            0.24416600167751312,
            0.06623700261116028,
            0.06623700261116028,
            0.0,
            1.0,
            0.0,
            0.0,
            0.0,
            1.0
        ],
        [
            -0.003255039919167757,
            -0.22149300575256348,
            -0.31182199716567993,
            0.16385599970817566,
            0.028676200658082962,
            0.9524059891700745,
            9.275409684050828e-05,
            0.9815149903297424,
            -0.19138500094413757,
            0.00011258699669269845,
            0.19138400256633759,
            0.9815149903297424
        ],
        [
            -0.09790220111608505,
            0.15464699268341064,
            -0.38286399841308594,
            0.6361349821090698,
            0.0343438982963562,
            0.12740600109100342,
            -0.00980446022003889,
            0.9821159839630127,
            -0.18802200257778168,
            0.05145949870347977,
            0.188277006149292,
            0.980767011642456
        ],
        [
            -0.0032743699848651886,
            0.5719159841537476,
            -0.462117999792099,
            0.2461560070514679,
            0.03112420067191124,
            0.9526770114898682,
            -0.001590500003658235,
            0.9808560013771057,
            -0.19472500681877136,
            -0.0019372899550944567,
            0.1947219967842102,
            0.9808560013771057
        ],
        [
            -0.0032470000442117453,
            0.37222400307655334,
            -0.5146009922027588,
            0.06427700072526932,
            0.14338800311088562,
            0.9493240118026733,
            0.0,
            1.0,
            0.0,
            0.0,
            0.0,
            1.0
        ],
        [
            -0.4457699954509735,
            0.15627799928188324,
            -0.3833659887313843,
            0.6427720189094543,
            0.024722300469875336,
            0.06427700072526932,
            -0.0,
            0.9825519919395447,
            -0.18598699569702148,
            0.0,
            0.18598699569702148,
            0.9825519919395447
        ],
        [
            -0.28169500827789307,
            0.1539430022239685,
            -0.3829270005226135,
            0.647691011428833,
            0.03159569948911667,
            0.14313200116157532,
            -0.02721250057220459,
            0.98260897397995,
            -0.18368400633335114,
            0.03028479963541031,
            0.1844779998064041,
            0.9823700189590454
        ]
    ],
    "ops": [
        [
            0,
            0,
            0,
            0,
            1,
            1,
            2,
            1,
            0,
            0,
            1,
            2,
            1,
            0,
            0,
            2,
            1,
            0,
            0,
            1,
            0,
            0,
            1,
            2,
            1,
            1,
            1
        ]
    ],
    "syms": [
        [
            0.0,
            0.9999970197677612,
            -0.002563619986176491,
            -0.0,
            -0.003246749984100461,
            0.01856520026922226,
            0.7264429926872253,
            0.0
        ],
        [
            0.0,
            0.9999849796295166,
            -0.0055228001438081264,
            -0.0,
            -0.003246749984100461,
            -0.40962499380111694,
            -0.5541560053825378,
            0.0
        ],
        [
            0.0,
            0.9998059868812561,
            0.019103700295090675,
            -0.00482684001326561,
            -0.005092449951916933,
            0.1564210057258606,
            -0.3833119869232178,
            0.0
        ],
        [
            0.0,
            1.0,
            0.0,
            0.0,
            -0.0032470000442117453,
            0.15627799928188324,
            -0.3833659887313843,
            0.0
        ]
    ],
    "labels:": [
        [
            1,
            3,
            3,
            3,
            2,
            2,
            0,
            0,
            0,
            0,
            0,
            0
        ]
    ],
    "obj": 40903,
    "mat_index": 3954,
    "obbs": "N 20\n-0.00327437 0.571916 -0.462118 0.999997 0.00193729 0.0015905 -0.00193729 0.194722 0.980856 0.0015905 -0.980856 0.194725 0.952677 0.0311242 0.246156\n-0.0032465 -0.179075 0.086143 1 0 0 0 1 0 0 0 1 1.07788 0.247219 1.34488\n0.439276 0.156278 -0.383366 1 0 0 0 0.185987 0.982552 0 -0.982552 0.185987 0.064277 0.0247223 0.642772\n0.275292 0.158164 -0.383745 -0.998968 0.0096508 -0.0443756 -0.0417491 0.189354 0.981021 0.0178703 0.981861 -0.188756 0.121128 0.0332665 0.64882\n0.0877173 0.158194 -0.38376 -0.998932 0.00838261 -0.0454419 -0.042988 0.19212 0.980429 0.0169489 0.981336 -0.191555 0.124355 0.035589 0.648835\n-0.0979022 0.154647 -0.382864 -0.00980446 0.982116 -0.188022 0.0514595 0.188277 0.980767 0.998627 -5.96277e-05 -0.0523852 0.636135 0.0343439 0.127406\n-0.281695 0.153943 -0.382927 -0.0272125 0.982609 -0.183684 0.0302848 0.184478 0.98237 0.999171 0.0211699 -0.0347782 0.647691 0.0315957 0.143132\n-0.44577 0.156278 -0.383366 1 0 0 0 0.185987 0.982552 0 -0.982552 0.185987 0.064277 0.0247223 0.642772\n-0.00325504 -0.221493 -0.311822 1 -0.000112587 -9.27541e-05 0.000112587 0.191384 0.981515 -9.27541e-05 -0.981515 0.191385 0.952406 0.0286762 0.163856\n0.503554 0.372224 0.086143 1 0 0 -0 1 0 0 -0 1 0.064278 0.064277 1.34488\n-0.510047 0.372224 0.086143 1 0 0 -0 1 0 0 -0 1 0.064277 0.064277 1.34488\n0.503554 0.0150675 -0.554156 1 0 0 0 1 0 0 0 1 0.066238 0.651997 0.066238\n0.503554 0.017266 0.726443 1 0 0 0 1 0 0 0 1 0.066238 0.6476 0.066237\n-0.510047 0.0198635 -0.554156 1 0 0 0 1 0 0 0 1 0.066237 0.642405 0.066238\n-0.510047 0.0198645 0.726443 1 0 0 0 1 0 0 0 1 0.066237 0.642403 0.066237\n-0.003247 0.372224 -0.514601 1 0 0 0 1 0 0 0 1 0.949324 0.064277 0.143388\n0.503554 -0.412424 -0.554156 1 0 0 0 1 0 0 0 1 0.066238 0.237368 0.066238\n-0.510047 -0.409025 0.726443 1 0 0 0 1 0 0 0 1 0.066237 0.244166 0.066237\n0.503554 -0.413817 0.726443 1 0 0 0 1 0 0 0 1 0.066238 0.234583 0.066237\n-0.510047 -0.406826 -0.554156 1 0 0 0 1 0 0 0 1 0.066237 0.248564 0.066238\nC 71\n0 7\n0 10\n0 3\n0 15\n0 11\n0 4\n0 5\n0 13\n0 6\n0 9\n0 2\n1 3\n1 17\n1 6\n1 11\n1 2\n1 16\n1 14\n1 5\n1 13\n1 4\n1 19\n1 12\n1 18\n1 8\n1 7\n2 8\n2 9\n2 15\n2 16\n2 3\n2 11\n3 15\n3 11\n3 9\n3 5\n3 8\n3 4\n4 8\n4 5\n4 6\n4 15\n5 6\n5 8\n5 15\n6 7\n6 10\n6 15\n6 8\n6 13\n7 15\n7 19\n7 10\n7 8\n7 13\n8 13\n8 19\n8 16\n8 11\n9 15\n9 11\n9 12\n10 15\n10 13\n10 14\n11 16\n11 15\n12 18\n13 15\n13 19\n14 17\nS 8\n2\n7 -0.44577 0.156278 -0.383366\n2 0.439276 0.156278 -0.383366\n2\n-0.003247 0.156278 -0.383366\n1 0 0\n2\n6 -0.281695 0.153943 -0.382927\n3 0.275292 0.158164 -0.383745\n2\n-0.00320144 0.156054 -0.383336\n0.99997 0.00757805 -0.00146809\n2\n5 -0.0979022 0.154647 -0.382864\n4 0.0877173 0.158194 -0.38376\n2\n-0.00509245 0.156421 -0.383312\n0.999806 0.0191037 -0.00482684\n2\n9 0.503554 0.372224 0.086143\n10 -0.510047 0.372224 0.086143\n2\n-0.00324675 0.372224 0.086143\n-1 0 0\n2\n11 0.503554 0.0150675 -0.554156\n13 -0.510047 0.0198635 -0.554156\n2\n-0.00324675 0.0174655 -0.554156\n-0.999989 0.00473159 0\n2\n12 0.503554 0.017266 0.726443\n14 -0.510047 0.0198645 0.726443\n2\n-0.00324675 0.0185652 0.726443\n-0.999997 0.00256362 0\n2\n16 0.503554 -0.412424 -0.554156\n19 -0.510047 -0.406826 -0.554156\n2\n-0.00324675 -0.409625 -0.554156\n-0.999985 0.0055228 0\n2\n17 -0.510047 -0.409025 0.726443\n18 0.503554 -0.413817 0.726443\n2\n-0.00324675 -0.411421 0.726443\n0.999989 -0.00472715 0\nL 20\n0\n1\n0\n0\n0\n0\n0\n0\n0\n3\n3\n3\n3\n3\n3\n0\n2\n2\n2\n2"
}