{
    "boxes": [
        [
            -0.023511499166488647,
            -0.0853755995631218,
            0.0669798031449318,
            0.24461300671100616,
            1.090149998664856,
            1.0882600545883179,
            0.009835409931838512,
            0.9870510101318359,
            -0.1601029932498932,
            0.0007924700039438903,
            0.1601029932498932,
            0.9871000051498413
        ],
        [
            0.5821869969367981,
            0.012538000009953976,
            0.07890050113201141,
            1.0864700078964233,
            1.0888299942016602,
            0.16601300239562988,
            0.0,
            1.0,
            0.0,
            0.0,
            0.0,
            1.0
        ],
        [
            -0.08611450344324112,
            0.011798500083386898,
            0.07274050265550613,
            1.0897599458694458,
            1.0888299942016602,
            1.2145299911499023,
            0.0,
            1.0,
            0.0,
            0.0,
            0.0,
            1.0
        ],
        [
            -0.014092500321567059,
            -0.23899300396442413,
            0.07582049816846848,
            0.5827360153198242,
            1.0949900150299072,
            1.3585699796676636,
            0.0,
            1.0,
            0.0,
            0.0,
            0.0,
            1.0
        ],
        [
            -0.009587889537215233,
            -0.4737600088119507,
            -0.24898099899291992,
            0.11906400322914124,
            0.049534399062395096,
            1.0862799882888794,
            -0.0020530500914901495,
            0.9764969944953918,
            -0.21552200615406036,
            -0.002555580111220479,
            0.21551600098609924,
            0.9764969944953918
        ],
        [
            -0.009606500156223774,
            0.3407210111618042,
            -0.29641100764274597,
            0.10830800235271454,
            0.021662099286913872,
            1.0830600261688232,
            -0.0,
            0.9838830232620239,
            -0.17881600558757782,
            0.0,
            0.17881600558757782,
            0.9838830232620239
        ],
        [
            -0.009625989943742752,
            -0.4549950063228607,
            -0.1601179987192154,
            0.12345600128173828,
            0.045739900320768356,
            1.0861200094223022,
            -0.0013593100011348724,
            0.9891049861907959,
            -0.14720499515533447,
            -0.0015765799907967448,
            0.1472020000219345,
            0.9891049861907959
        ],
        [
            -0.009606500156223774,
            0.18087700009346008,
            -0.26736000180244446,
            0.10830900073051453,
            0.02166219986975193,
            1.0830600261688232,
            -0.0,
            0.9838820099830627,
            -0.1788180023431778,
            -0.0,
            0.1788180023431778,
            0.9838820099830627
        ],
        [
            -0.014661899767816067,
            0.26563701033592224,
            -0.03246460109949112,
            0.7838919758796692,
            0.5409740209579468,
            1.1108200550079346,
            0.0234995000064373,
            0.9262470006942749,
            -0.37618398666381836,
            -0.04286570101976395,
            0.37687599658966064,
            0.9252709746360779
        ],
        [
            -0.009639419615268707,
            0.4797320067882538,
            -0.40822499990463257,
            0.12215100228786469,
            0.07529900223016739,
            1.0859800577163696,
            -1.736619924486149e-05,
            0.9906719923019409,
            -0.13626499474048615,
            -1.9918399630114436e-05,
            0.13626499474048615,
            0.9906719923019409
        ],
        [
            0.4807400107383728,
            0.011401699855923653,
            -0.29100900888442993,
            1.0874899625778198,
            0.11485700309276581,
            0.11330100148916245,
            0.005863280035555363,
            0.9866390228271484,
            -0.1628189980983734,
            0.05991379916667938,
            0.1621830016374588,
            0.9849399924278259
        ],
        [
            -0.009606500156223774,
            0.021034000441432,
            -0.23830999433994293,
            0.10830800235271454,
            0.02166140079498291,
            1.0830600261688232,
            -0.0,
            0.9838830232620239,
            -0.17881299555301666,
            0.0,
            0.17881299555301666,
            0.9838830232620239
        ],
        [
            -0.011363999918103218,
            0.011025600135326385,
            -0.293491005897522,
            1.0873600244522095,
            0.12655100226402283,
            0.1271349936723709,
            0.0019293399527668953,
            0.9808769822120667,
            -0.1946209967136383,
            0.09216409921646118,
            0.19361799955368042,
            0.9767379760742188
        ],
        [
            -0.02388099953532219,
            -0.13024300336837769,
            -0.2564220130443573,
            0.021661199629306793,
            0.10830900073051453,
            1.0830600261688232,
            0.0,
            0.9838830232620239,
            -0.17881399393081665,
            0.0,
            0.17881399393081665,
            0.9838830232620239
        ],
        [
            -0.5115820169448853,
            0.01035580039024353,
            -0.29652801156044006,
            1.0871100425720215,
            0.13565899431705475,
            0.11636900156736374,
            0.0004719170101452619,
            0.9821140170097351,
            -0.18828900158405304,
            0.2871200144290924,
            0.18022799491882324,
            0.9407870173454285
        ],
        [
            -0.009606500156223774,
            0.0016668400494381785,
            -0.34487199783325195,
            0.10830900073051453,
            0.021661199629306793,
            1.0830600261688232,
            -0.0,
            0.9838830232620239,
            -0.17881399393081665,
            -0.0,
            0.17881399393081665,
            0.9838830232620239
        ]
    ],
    "ops": [
        [
            0,
            0,
            0,
            1,
            1,
            0,
            1,
            0,
            0,
            1,
            2,
            0,
            0,
            2,
            1,
            1,
            0,
            0,
            1,
            0,
            0,
            1,
            1,
            0,
            0,
            1,
            0,
            0,
            1,
            1,
            1,
            1,
            1
        ]
    ],
    "syms": [
        [
            0.0,
            -9.966539801098406e-05,
            0.996321976184845,
            -0.08568920195102692,
            -0.009636219590902328,
            0.009337260387837887,
            -0.2905299961566925,
            0.0
        ],
        [
            0.0,
            0.0,
            0.9838820099830627,
            -0.1788170039653778,
            -0.009606500156223774,
            0.021034000441432,
            -0.23830899596214294,
            0.0
        ]
    ],
    "labels:": [
        [
            1,
            3,
            3,
            2,
            0,
            0,
            0,
            0,
            0,
            0,
            0,
            0,
            0,
            0,
            0,
            0
        ]
    ],
    "obj": 40925,
    "mat_index": 3962,
    "obbs": "N 19\n-0.0146619 0.265637 -0.0324646 -0.998804 0.00561801 -0.0485606 -0.0428657 0.376876 0.925271 0.0234995 0.926247 -0.376184 1.11082 0.540974 0.783892\n0.582187 0.012538 0.0789005 1 0 0 0 1 0 0 0 1 0.166013 1.08647 1.08883\n-0.0861145 0.0117985 0.0727405 1 0 0 0 1 0 0 0 1 1.21453 1.08976 1.08883\n-0.0235115 -0.0853756 0.0669798 -0.00079247 -0.160103 -0.9871 0.00983541 0.987051 -0.160103 0.999951 -0.00983541 0.00079247 1.09015 0.244613 1.08826\n-0.00968455 0.492435 -0.332079 1 -7.32816e-05 -6.13813e-05 7.32816e-05 0.175372 0.984502 -6.13813e-05 -0.984502 0.175372 1.08618 0.041263 0.125374\n-0.00963942 0.479732 -0.408225 1 1.99184e-05 1.73662e-05 -1.99184e-05 0.136265 0.990672 1.73662e-05 -0.990672 0.136265 1.08598 0.075299 0.122151\n0.48074 0.0114017 -0.291009 0.00586328 0.986639 -0.162819 0.998186 -0.0155301 -0.0581624 -0.0599138 -0.162183 -0.98494 1.08749 0.113301 0.114857\n-0.011364 0.0110256 -0.293491 -0.0921641 -0.193618 -0.976738 0.995742 -0.0198215 -0.090028 -0.00192934 -0.980877 0.194621 0.126551 0.127135 1.08736\n-0.00958789 -0.47376 -0.248981 -0.00205305 0.976497 -0.215522 -0.00255558 0.215516 0.976497 0.999995 0.00255558 0.00205305 0.119064 0.0495344 1.08628\n-0.511582 0.0103558 -0.296528 -0.28712 -0.180228 -0.940787 0.957895 -0.0545055 -0.281899 -0.000471917 -0.982114 0.188289 0.135659 0.116369 1.08711\n-0.0096065 -0.298652 -0.180208 1 0 0 0 0.17882 0.983882 0 -0.983882 0.17882 1.08306 0.021662 0.108308\n-0.0096065 -0.138809 -0.209259 1 0 0 0 0.178814 0.983883 0 -0.983883 0.178814 1.08306 0.0216612 0.108309\n-0.0096065 0.021034 -0.23831 1 0 0 0 0.178813 0.983883 0 -0.983883 0.178813 1.08306 0.0216614 0.108308\n-0.0096065 0.180877 -0.26736 1 0 0 -0 0.178818 0.983882 0 -0.983882 0.178818 1.08306 0.0216622 0.108309\n-0.0096065 0.340721 -0.296411 1 0 0 0 0.178816 0.983883 0 -0.983883 0.178816 1.08306 0.0216621 0.108308\n-0.023881 -0.130243 -0.256422 1 0 0 0 0.983883 -0.178814 0 0.178814 0.983883 1.08306 0.0216612 0.108309\n-0.0096065 0.00166684 -0.344872 1 0 0 -0 0.178814 0.983883 0 -0.983883 0.178814 1.08306 0.0216612 0.108309\n-0.00962599 -0.454995 -0.160118 -0.00135931 0.989105 -0.147205 -0.00157658 0.147202 0.989105 0.999998 0.00157658 0.00135931 0.123456 0.0457399 1.08612\n-0.0140925 -0.238993 0.0758205 1 0 0 0 1 0 0 0 1 1.35857 0.582736 1.09499\nC 132\n0 7\n0 10\n0 17\n0 4\n0 1\n0 14\n0 11\n0 18\n0 5\n0 8\n0 2\n0 15\n0 12\n0 6\n0 9\n0 16\n0 3\n0 13\n1 17\n1 6\n1 11\n1 12\n1 15\n1 16\n1 5\n1 10\n1 3\n1 14\n1 4\n1 18\n1 2\n1 13\n1 8\n2 5\n2 6\n2 17\n2 11\n2 18\n2 12\n2 7\n2 8\n2 13\n2 3\n2 14\n2 4\n2 9\n2 16\n2 10\n2 15\n3 7\n3 12\n3 18\n3 11\n3 17\n3 6\n3 15\n3 10\n3 16\n3 9\n3 13\n3 8\n4 5\n4 6\n4 13\n4 7\n4 9\n4 14\n5 14\n5 7\n5 13\n5 9\n5 6\n6 10\n6 13\n6 16\n6 14\n6 11\n6 17\n6 15\n6 18\n6 8\n6 12\n7 12\n7 8\n7 15\n7 18\n7 17\n7 11\n7 14\n7 13\n7 16\n7 10\n8 18\n8 9\n8 10\n8 11\n8 17\n9 14\n9 16\n9 13\n9 18\n9 11\n9 12\n9 15\n9 17\n9 10\n10 17\n10 18\n10 15\n10 16\n10 11\n10 12\n11 15\n11 16\n11 13\n11 18\n11 12\n11 17\n12 13\n12 18\n12 14\n12 16\n12 15\n13 16\n13 15\n13 18\n13 14\n14 16\n15 16\n15 18\n16 18\n17 18\nS 3\n2\n8 -0.00958789 -0.47376 -0.248981\n4 -0.00968455 0.492435 -0.332079\n2\n-0.00963622 0.00933726 -0.29053\n-9.96654e-05 0.996322 -0.0856892\n2\n10 -0.0096065 -0.298652 -0.180208\n14 -0.0096065 0.340721 -0.296411\n2\n-0.0096065 0.021034 -0.238309\n0 0.983882 -0.178816\n2\n11 -0.0096065 -0.138809 -0.209259\n13 -0.0096065 0.180877 -0.26736\n2\n-0.0096065 0.021034 -0.238309\n0 0.983882 -0.178817\nL 19\n0\n3\n3\n1\n0\n0\n0\n0\n0\n0\n0\n0\n0\n0\n0\n0\n0\n0\n2"
}