{
    "boxes": [
        [
            -0.0011039299424737692,
            -0.1256210058927536,
            0.09643259644508362,
            0.3613640069961548,
            0.9567729830741882,
            0.9807299971580505,
            0.02582640014588833,
            0.9835129976272583,
            0.17898499965667725,
            -0.002330479910597205,
            -0.17898499965667725,
            0.9838489890098572
        ],
        [
            -0.5256180167198181,
            0.17272500693798065,
            0.15668000280857086,
            0.12460500001907349,
            1.035330057144165,
            0.17593200504779816,
            0.043342601507902145,
            0.999055027961731,
            0.0032750400714576244,
            -0.05235769972205162,
            -0.0010021700290963054,
            0.9986280202865601
        ],
        [
            0.0319489985704422,
            -0.193572998046875,
            0.0964604988694191,
            0.6836900115013123,
            0.7715370059013367,
            1.0900599956512451,
            0.0,
            1.0,
            0.0,
            0.0,
            0.0,
            1.0
        ],
        [
            -0.5002899765968323,
            -0.19032299518585205,
            0.11924800276756287,
            0.6831709742546082,
            0.7344139814376831,
            0.1310950070619583,
            0.0,
            1.0,
            0.0,
            0.0,
            0.0,
            1.0
        ],
        [
            -0.5103260278701782,
            -0.24199600517749786,
            0.5268499851226807,
            0.7494140267372131,
            0.14567700028419495,
            0.1607699990272522,
            0.0,
            1.0,
            0.0,
            0.0,
            0.0,
            1.0
        ],
        [
            0.001221999991685152,
            -0.4692479968070984,
            -0.31546199321746826,
            0.08313799649477005,
            0.06752599775791168,
            0.9177799820899963,
            0.0,
            1.0,
            0.0,
            0.0,
            0.0,
            1.0
        ],
        [
            -0.5043349862098694,
            -0.24080799520015717,
            -0.2889400124549866,
            0.7508019804954529,
            0.14256200194358826,
            0.14784599840641022,
            0.0,
            1.0,
            0.0,
            0.0,
            0.0,
            1.0
        ],
        [
            0.008426399901509285,
            0.3831009864807129,
            -0.22720299661159515,
            0.9025629758834839,
            0.14914099872112274,
            0.9479249715805054,
            0.004492959938943386,
            0.9448379874229431,
            -0.32750800251960754,
            0.0063125197775661945,
            0.32747799158096313,
            0.9448379874229431
        ],
        [
            0.012126499786973,
            -0.2025119960308075,
            -0.26379498839378357,
            0.10616700351238251,
            0.1340319961309433,
            0.9476590156555176,
            0.0,
            1.0,
            0.0,
            0.0,
            0.0,
            1.0
        ],
        [
            0.008027040399610996,
            0.11498299986124039,
            -0.31885799765586853,
            0.1624930053949356,
            0.061117999255657196,
            0.9162920117378235,
            0.011332299560308456,
            0.9970690011978149,
            -0.07565949857234955,
            0.012223999947309494,
            0.0755205973982811,
            0.9970690011978149
        ],
        [
            0.011623900383710861,
            0.15644000470638275,
            -0.25167399644851685,
            1.3819299936294556,
            0.1683640033006668,
            1.0218499898910522,
            -0.0018630799604579806,
            0.9550229907035828,
            -0.2965250015258789,
            -0.0025292900390923023,
            0.2965199947357178,
            0.9550229907035828
        ]
    ],
    "ops": [
        [
            0,
            0,
            2,
            0,
            0,
            1,
            1,
            1,
            0,
            2,
            0,
            2,
            0,
            2,
            1,
            1,
            1,
            0,
            0,
            1,
            0,
            0,
            1,
            1,
            1
        ]
    ],
    "syms": [
        [
            0.0,
            0.9999989867210388,
            -0.0009622169891372323,
            -0.0002816659980453551,
            0.007837490178644657,
            0.17221100628376007,
            0.1565289944410324,
            0.0
        ],
        [
            0.0,
            0.9999930262565613,
            0.003594479989260435,
            -0.0003027239872608334,
            0.006643500179052353,
            -0.2401379942893982,
            0.5266939997673035,
            0.0
        ],
        [
            0.0,
            -0.002900609979405999,
            -0.013340700417757034,
            0.9999070167541504,
            -7.500000265281415e-07,
            -0.47487199306488037,
            0.10604800283908844,
            0.0
        ],
        [
            0.0,
            0.9999319911003113,
            0.0048390100710093975,
            0.010615799576044083,
            -0.002097249962389469,
            -0.23837700486183167,
            -0.28360798954963684,
            0.0
        ]
    ],
    "labels:": [
        [
            1,
            3,
            3,
            3,
            2,
            2,
            2,
            0,
            0,
            0,
            0
        ]
    ],
    "obj": 40926,
    "mat_index": 3963,
    "obbs": "N 15\n0.0084264 0.383101 -0.227203 0.99997 -0.00631252 -0.00449296 0.00631252 0.327478 0.944838 -0.00449296 -0.944838 0.327508 0.947925 0.149141 0.902563\n0.031949 -0.193573 0.0964605 1 0 0 0 1 0 0 0 1 1.09006 0.68369 0.771537\n-0.50029 -0.190323 0.119248 1 0 0 0 1 0 0 0 1 0.131095 0.683171 0.734414\n-0.00110393 -0.125621 0.0964326 0.999664 -0.0258264 -0.00233048 0.0258264 0.983513 0.178985 -0.00233048 -0.178985 0.983849 0.98073 0.361364 0.956773\n0.001222 -0.469248 -0.315462 1 0 0 0 1 0 0 0 1 0.91778 0.083138 0.067526\n-0.0012235 -0.480495 0.527558 1 0 0 0 1 0 0 0 1 0.922727 0.105529 0.063328\n0.541293 0.171698 0.156379 0.99826 -0.0271362 -0.0523445 0.0272063 0.99963 0.000627447 0.0523081 -0.00205045 0.998629 0.187435 0.103401 1.03592\n-0.525618 0.172725 0.15668 0.0523577 0.00100217 -0.998628 0.0433426 0.999055 0.00327504 0.997687 -0.0434546 0.0522648 1.03533 0.124605 0.175932\n0.0121265 -0.202512 -0.263795 1 0 0 0 1 0 0 0 1 0.947659 0.106167 0.134032\n0.00802704 0.114983 -0.318858 0.999861 -0.012224 -0.0113323 0.012224 0.0755206 0.997069 -0.0113323 -0.997069 0.0756595 0.916292 0.061118 0.162493\n0.0116239 0.15644 -0.251674 0.999995 0.00252929 0.00186308 -0.00252929 0.29652 0.955023 0.00186308 -0.955023 0.296525 1.02185 0.168364 1.38193\n0.50014 -0.235947 -0.278276 1 0 0 0 1 0 0 0 1 0.161559 0.756706 0.164054\n0.523613 -0.23828 0.526537 1 0 0 0 1 0 0 0 1 0.169178 0.755303 0.188851\n-0.510326 -0.241996 0.52685 1 0 0 0 1 0 0 0 1 0.16077 0.749414 0.145677\n-0.504335 -0.240808 -0.28894 1 0 0 0 1 0 0 0 1 0.147846 0.750802 0.142562\nC 66\n0 14\n0 7\n0 10\n0 3\n0 11\n0 8\n0 1\n0 6\n0 9\n0 2\n1 3\n1 6\n1 11\n1 2\n1 14\n1 5\n1 10\n1 13\n1 4\n1 9\n1 12\n1 8\n1 7\n2 8\n2 5\n2 4\n2 9\n2 13\n2 10\n2 3\n2 14\n2 7\n3 11\n3 7\n3 14\n3 10\n3 6\n3 13\n3 9\n3 5\n3 12\n3 8\n3 4\n4 8\n4 10\n4 14\n4 11\n5 13\n5 12\n6 9\n6 10\n6 11\n6 12\n7 10\n7 14\n7 9\n7 13\n8 9\n8 14\n8 10\n8 11\n9 11\n9 14\n9 10\n10 11\n10 14\nS 4\n2\n4 0.001222 -0.469248 -0.315462\n5 -0.0012235 -0.480495 0.527558\n2\n-7.5e-07 -0.474872 0.106048\n-0.00290061 -0.0133407 0.999907\n2\n6 0.541293 0.171698 0.156379\n7 -0.525618 0.172725 0.15668\n2\n0.00783749 0.172211 0.156529\n-0.999999 0.000962217 0.000281666\n2\n11 0.50014 -0.235947 -0.278276\n14 -0.504335 -0.240808 -0.28894\n2\n-0.00209725 -0.238377 -0.283608\n-0.999932 -0.00483901 -0.0106158\n2\n12 0.523613 -0.23828 0.526537\n13 -0.510326 -0.241996 0.52685\n2\n0.0066435 -0.240138 0.526694\n-0.999993 -0.00359448 0.000302724\nL 15\n0\n3\n3\n1\n2\n2\n3\n3\n0\n0\n0\n2\n2\n2\n2"
}