{
    "boxes": [
        [
            0.0205524992197752,
            -0.1686369925737381,
            0.11925899982452393,
            0.306769996881485,
            0.8607490062713623,
            0.9272000193595886,
            0.025041500106453896,
            0.9727180004119873,
            -0.23063500225543976,
            0.05524300038814545,
            0.2290080040693283,
            0.9718559980392456
        ],
        [
            0.4204320013523102,
            0.15045200288295746,
            0.13537999987602234,
            0.8283089995384216,
            0.6368169784545898,
            0.09547349810600281,
            0.025879399850964546,
            0.9899269938468933,
            -0.1391959935426712,
            0.23766200244426727,
            0.12915700674057007,
            0.9627230167388916
        ],
        [
            0.4895539879798889,
            0.00829899962991476,
            0.4677169919013977,
            0.39114201068878174,
            0.049059998244047165,
            0.049059998244047165,
            0.0,
            1.0,
            0.0,
            0.0,
            0.0,
            1.0
        ],
        [
            0.4895539879798889,
            -0.4257650077342987,
            0.4677169919013977,
            0.498742014169693,
            0.049059998244047165,
            0.049059998244047165,
            0.0,
            1.0,
            0.0,
            0.0,
            0.0,
            1.0
        ],
        [
            0.0026596200186759233,
            -0.32131698727607727,
            -0.0646314024925232,
            0.05280439928174019,
            1.148859977722168,
            0.047839198261499405,
            -0.011863400228321552,
            0.9767119884490967,
            -0.21422399580478668,
            0.0579213984310627,
            0.21455100178718567,
            0.9749940037727356
        ],
        [
            -0.02724199928343296,
            -0.19423900544643402,
            -0.5679200291633606,
            0.9943990111351013,
            0.0393826998770237,
            0.051300499588251114,
            0.009955319575965405,
            0.9738609790802002,
            0.22692400217056274,
            0.04943469911813736,
            -0.2271369993686676,
            0.9726070165634155
        ],
        [
            0.036249998956918716,
            0.2698250114917755,
            -0.260206013917923,
            1.1933499574661255,
            0.3900029957294464,
            0.7827150225639343,
            -0.012021600268781185,
            0.9732890129089355,
            -0.2292660027742386,
            -0.08117199689149857,
            0.22757600247859955,
            0.9703710079193115
        ]
    ],
    "ops": [
        [
            0,
            0,
            0,
            1,
            2,
            1,
            0,
            2,
            0,
            0,
            1,
            1,
            1,
            0,
            1
        ]
    ],
    "syms": [
        [
            0.0,
            0.9992309808731079,
            -0.008325129747390747,
            -0.038317300379276276,
            0.016572000458836555,
            0.15381599962711334,
            0.15086600184440613,
            0.0
        ],
        [
            0.0,
            0.9981489777565002,
            0.013517900370061398,
            -0.0593005008995533,
            0.03588800132274628,
            -0.4319089949131012,
            0.49466899037361145,
            0.0
        ]
    ],
    "labels:": [
        [
            1,
            3,
            3,
            2,
            2,
            2,
            0
        ]
    ],
    "obj": 40942,
    "mat_index": 3965,
    "obbs": "N 10\n0.03625 0.269825 -0.260206 -0.0120216 0.973289 -0.229266 -0.081172 0.227576 0.970371 0.996628 0.0302754 0.076268 1.19335 0.390003 0.782715\n0.420432 0.150452 0.13538 -0.0258794 -0.989927 0.139196 0.971003 -0.0579961 -0.231925 0.237662 0.129157 0.962723 0.828309 0.0954735 0.636817\n-0.387288 0.157181 0.166353 -0.0633161 0.994871 -0.0788851 0.987493 0.0738899 0.139275 0.144389 -0.0690802 -0.987107 0.899153 0.0910991 0.662274\n0.0205525 -0.168637 0.119259 0.998159 -0.0370777 -0.0480011 0.0250415 0.972718 -0.230635 0.055243 0.229008 0.971856 0.9272 0.30677 0.860749\n0.00265962 -0.321317 -0.0646314 -0.0118634 0.976712 -0.214224 0.998251 -0.00084138 -0.0591178 -0.0579214 -0.214551 -0.974994 0.0528044 0.0478392 1.14886\n0.489554 0.008299 0.467717 1 0 0 0 1 0 0 0 1 0.04906 0.391142 0.04906\n-0.417778 -0.0096325 0.521622 1 0 0 0 1 0 0 0 1 0.04906 0.427005 0.04906\n-0.027242 -0.194239 -0.56792 0.00995532 0.973861 0.226924 0.0494347 -0.227137 0.972607 0.998728 0.00153533 -0.0504038 0.994399 0.0393827 0.0513005\n-0.417778 -0.438053 0.521622 1 0 0 0 1 0 0 0 1 0.04906 0.474166 0.04906\n0.489554 -0.425765 0.467717 1 0 0 0 1 0 0 0 1 0.04906 0.498742 0.04906\nC 20\n0 1\n0 7\n0 4\n0 3\n0 2\n1 3\n1 5\n1 9\n2 6\n2 8\n2 3\n2 4\n3 8\n3 9\n3 6\n3 4\n3 5\n4 7\n5 9\n6 8\nS 3\n2\n1 0.420432 0.150452 0.13538\n2 -0.387288 0.157181 0.166353\n2\n0.016572 0.153816 0.150866\n-0.999231 0.00832513 0.0383173\n2\n5 0.489554 0.008299 0.467717\n6 -0.417778 -0.0096325 0.521622\n2\n0.035888 -0.00066675 0.494669\n-0.998046 -0.0197243 0.0592943\n2\n8 -0.417778 -0.438053 0.521622\n9 0.489554 -0.425765 0.467717\n2\n0.035888 -0.431909 0.494669\n0.998149 0.0135179 -0.0593005\nL 10\n0\n3\n3\n1\n2\n3\n3\n2\n2\n2"
}