{
    "boxes": [
        [
            0.01444500032812357,
            -0.10973399877548218,
            0.1393910050392151,
            0.1154400035738945,
            0.7467870116233826,
            0.8118680119514465,
            0.0,
            1.0,
            0.0,
            0.0,
            0.0,
            1.0
        ],
        [
            -0.4412739872932434,
            0.26514101028442383,
            -0.07551880180835724,
            0.048536401242017746,
            0.3231779932975769,
            0.07318499684333801,
            -0.11261899769306183,
            0.9802719950675964,
            0.16243000328540802,
            -0.19754399359226227,
            -0.1822959929704666,
            0.9631950259208679
        ],
        [
            -0.4284859895706177,
            0.15848200023174286,
            0.0036806899588555098,
            0.4823940098285675,
            0.2705410122871399,
            0.07818169891834259,
            -0.13107599318027496,
            0.8478630185127258,
            -0.5137569904327393,
            -0.27327799797058105,
            0.4672490060329437,
            0.840831995010376
        ],
        [
            -0.40232399106025696,
            -0.8634160161018372,
            0.5239650011062622,
            0.017521599307656288,
            0.033023398369550705,
            0.031609099358320236,
            -0.05211229994893074,
            0.9986249804496765,
            -0.00574966985732317,
            -0.4063209891319275,
            -0.01594340056180954,
            0.9135910272598267
        ],
        [
            -0.40689799189567566,
            -0.47828400135040283,
            -0.16446200013160706,
            0.8463789820671082,
            0.03288710117340088,
            0.03960099816322327,
            0.05462219938635826,
            0.905036985874176,
            0.42181000113487244,
            0.6622269749641418,
            -0.3490009903907776,
            0.6630629897117615
        ],
        [
            -0.362962007522583,
            -0.47368699312210083,
            0.4572339951992035,
            0.78473299741745,
            0.04051880165934563,
            0.12146200239658356,
            0.17453999817371368,
            0.9613609910011292,
            -0.21288500726222992,
            0.6375470161437988,
            0.054425399750471115,
            0.7684869766235352
        ],
        [
            0.01398720033466816,
            0.2692449986934662,
            -0.2631700038909912,
            0.6908119916915894,
            0.09774880111217499,
            0.719726026058197,
            0.00017656999989412725,
            0.9897639751434326,
            -0.14271500706672668,
            0.00020385600510053337,
            0.14271500706672668,
            0.9897639751434326
        ]
    ],
    "ops": [
        [
            0,
            0,
            0,
            1,
            2,
            1,
            0,
            0,
            0,
            1,
            1,
            2,
            1,
            0,
            1
        ]
    ],
    "syms": [
        [
            0.0,
            0.9997659921646118,
            -0.008871939964592457,
            0.019729100167751312,
            0.016205599531531334,
            0.2610810101032257,
            -0.06649100035429001,
            0.0
        ],
        [
            0.0,
            1.0,
            -0.0003304530109744519,
            -2.216199936810881e-05,
            0.017439700663089752,
            -0.8635540008544922,
            0.5239560008049011,
            0.0
        ]
    ],
    "labels:": [
        [
            1,
            3,
            3,
            2,
            2,
            2,
            0
        ]
    ],
    "obj": 40953,
    "mat_index": 3969,
    "obbs": "N 12\n0.0139872 0.269245 -0.26317 1 -0.000203856 -0.00017657 0.000203856 0.142715 0.989764 -0.00017657 -0.989764 0.142715 0.719726 0.0977488 0.690812\n0.014445 -0.109734 0.139391 1 0 0 0 1 0 0 0 1 0.811868 0.11544 0.746787\n0.473685 0.257022 -0.0574632 0.985793 0.0806759 -0.147319 -0.0463588 0.973711 0.223019 0.161438 -0.213021 0.963618 0.078817 0.0538511 0.360903\n-0.441274 0.265141 -0.0755188 -0.973803 -0.0763872 -0.214177 -0.112619 0.980272 0.16243 0.197544 0.182296 -0.963195 0.073185 0.0485364 0.323178\n0.459823 0.158105 0.00333183 0.14826 0.843045 -0.517004 0.944492 -0.275687 -0.178695 -0.293179 -0.461813 -0.837123 0.482219 0.0867114 0.27115\n-0.428486 0.158482 0.00368069 0.273278 -0.467249 -0.840832 0.952963 0.250612 0.170457 0.131076 -0.847863 0.513757 0.270541 0.0781817 0.482394\n0.43792 -0.478284 -0.164462 -0.747199 0.24298 -0.618591 -0.662339 -0.348963 0.662971 -0.0547765 0.905088 0.421681 0.0397759 0.0328872 0.846383\n-0.406898 -0.478284 -0.164462 0.0546222 0.905037 0.42181 0.662227 -0.349001 0.663063 0.747309 0.243116 -0.618404 0.846379 0.0328871 0.039601\n0.388746 -0.475945 0.455559 -0.158392 0.965811 -0.205236 -0.665261 0.0492085 0.744987 0.729616 0.254535 0.634722 0.783254 0.0366811 0.121863\n-0.362962 -0.473687 0.457234 0.75038 -0.269856 -0.603413 0.637547 0.0544254 0.768487 -0.17454 -0.961361 0.212885 0.121462 0.0405188 0.784733\n0.437203 -0.863693 0.523947 0.912718 -0.0429037 -0.406331 0.0385421 0.999078 -0.0189157 0.406768 0.00160384 0.91353 0.0316044 0.0175839 0.0328154\n-0.402324 -0.863416 0.523965 0.406321 0.0159434 -0.913591 -0.0521123 0.998625 -0.00574967 0.912243 0.0499455 0.406593 0.0330234 0.0175216 0.0316091\nC 21\n0 1\n0 7\n0 6\n0 5\n0 4\n0 3\n0 2\n1 4\n1 5\n1 8\n1 6\n1 9\n1 7\n2 4\n3 5\n4 6\n4 8\n5 9\n5 7\n8 10\n9 11\nS 5\n2\n2 0.473685 0.257022 -0.0574632\n3 -0.441274 0.265141 -0.0755188\n2\n0.0162056 0.261081 -0.066491\n-0.999766 0.00887194 -0.0197291\n2\n4 0.459823 0.158105 0.00333183\n5 -0.428486 0.158482 0.00368069\n2\n0.0156685 0.158294 0.00350626\n-1 0.000424982 0.000392725\n2\n6 0.43792 -0.478284 -0.164462\n7 -0.406898 -0.478284 -0.164462\n2\n0.0155112 -0.478284 -0.164462\n-1 -3.02837e-07 -4.0262e-07\n2\n8 0.388746 -0.475945 0.455559\n9 -0.362962 -0.473687 0.457234\n2\n0.0128921 -0.474816 0.456396\n-0.999993 0.00300351 0.00222795\n2\n10 0.437203 -0.863693 0.523947\n11 -0.402324 -0.863416 0.523965\n2\n0.0174397 -0.863554 0.523956\n-1 0.000330453 2.2162e-05\nL 12\n0\n1\n3\n3\n3\n3\n2\n2\n2\n2\n2\n2"
}