{
    "boxes": [
        [
            0.018328500911593437,
            -0.25357499718666077,
            0.06017649918794632,
            0.8390970230102539,
            0.7433410286903381,
            0.7249590158462524,
            0.0,
            1.0,
            0.0,
            0.0,
            0.0,
            1.0
        ],
        [
            -0.29428398609161377,
            0.1888200044631958,
            0.05366919934749603,
            0.5672270059585571,
            0.7247599959373474,
            0.10566599667072296,
            -0.008452589623630047,
            0.9999470114707947,
            -0.005839670076966286,
            0.005839670076966286,
            0.005889140069484711,
            0.999966025352478
        ],
        [
            0.0097113698720932,
            0.45146599411964417,
            -0.18954800069332123,
            0.8885840177536011,
            0.03841770067811012,
            0.5396940112113953,
            0.0013086700346320868,
            0.9999669790267944,
            -0.007985359989106655,
            0.0013191599864512682,
            0.00798362959176302,
            0.9999669790267944
        ],
        [
            0.016846999526023865,
            0.4554150104522705,
            -0.22945700585842133,
            0.9639430046081543,
            0.15593299269676208,
            0.6045200228691101,
            0.0,
            1.0,
            0.0,
            0.0,
            0.0,
            1.0
        ]
    ],
    "ops": [
        [
            0,
            0,
            2,
            1,
            0,
            0,
            1,
            1
        ]
    ],
    "syms": [
        [
            0.0,
            0.9999989867210388,
            0.0012148299720138311,
            -0.0002307760005351156,
            0.018224099650979042,
            0.18919900059700012,
            0.05359699949622154,
            0.0
        ]
    ],
    "labels:": [
        [
            1,
            3,
            0,
            0
        ]
    ],
    "obj": 40954,
    "mat_index": 3970,
    "obbs": "N 5\n0.00971137 0.451466 -0.189548 0.999998 -0.00131916 -0.00130867 0.00131916 0.00798363 0.999967 -0.00130867 -0.999967 0.00798536 0.539694 0.0384177 0.888584\n-0.294284 0.18882 0.0536692 0.00845259 -0.999947 0.00583967 0.999947 0.00841819 -0.00588914 0.00583967 0.00588914 0.999966 0.567227 0.105666 0.72476\n0.330732 0.189579 0.0535249 -0.006333 -0.999935 0.00953131 0.999935 -0.00642327 -0.0094707 0.00953131 0.0094707 0.99991 0.53314 0.0977999 0.726888\n0.0183285 -0.253575 0.0601765 1 0 0 0 1 0 0 0 1 0.724959 0.839097 0.743341\n0.016847 0.455415 -0.229457 1 0 0 0 1 0 0 0 1 0.60452 0.963943 0.155933\nC 9\n0 1\n0 4\n0 3\n0 2\n1 3\n1 4\n2 4\n2 3\n3 4\nS 1\n2\n1 -0.294284 0.18882 0.0536692\n2 0.330732 0.189579 0.0535249\n2\n0.0182241 0.189199 0.053597\n0.999999 0.00121483 -0.000230776\nL 5\n0\n3\n3\n1\n0"
}