{
    "boxes": [
        [
            0.015766499564051628,
            -0.2584800124168396,
            0.11724700033664703,
            0.5845530033111572,
            0.9008939862251282,
            0.782820999622345,
            0.0,
            1.0,
            0.0,
            0.0,
            0.0,
            1.0
        ],
        [
            -0.3285039961338043,
            -0.6301869750022888,
            0.5218170285224915,
            0.2637780010700226,
            0.0911799967288971,
            0.09357400238513947,
            0.0,
            1.0,
            0.0,
            0.0,
            0.0,
            1.0
        ],
        [
            0.3653540015220642,
            -0.6297199726104736,
            -0.3132529854774475,
            0.2825869917869568,
            0.09644089639186859,
            0.08836880326271057,
            0.008970179595053196,
            0.9659500122070312,
            0.25857099890708923,
            0.36226099729537964,
            -0.24415600299835205,
            0.8995299935340881
        ],
        [
            -0.3353860080242157,
            -0.6329259872436523,
            -0.3138349950313568,
            0.2741219997406006,
            0.10551100224256516,
            0.0986919030547142,
            0.024364100769162178,
            0.975051999092102,
            0.22063599526882172,
            0.6079080104827881,
            -0.1896580010652542,
            0.7710239887237549
        ],
        [
            0.015343399718403816,
            0.4409700036048889,
            -0.27847498655319214,
            0.9327600002288818,
            0.16804899275302887,
            0.788864016532898,
            -0.006742659956216812,
            0.9837930202484131,
            -0.17917899787425995,
            -0.008081399835646152,
            0.17912399768829346,
            0.9837930202484131
        ]
    ],
    "ops": [
        [
            0,
            0,
            2,
            0,
            0,
            1,
            1,
            1,
            0,
            1
        ]
    ],
    "syms": [
        [
            0.0,
            0.9996070265769958,
            0.02801940031349659,
            -0.00039914698572829366,
            0.015845000743865967,
            -0.6205350160598755,
            0.5216789841651917,
            0.0
        ]
    ],
    "labels:": [
        [
            1,
            2,
            2,
            2,
            0
        ]
    ],
    "obj": 41000,
    "mat_index": 3994,
    "obbs": "N 6\n0.0153434 0.44097 -0.278475 0.999945 0.0080814 0.00674266 -0.0080814 0.179124 0.983793 0.00674266 -0.983793 0.179179 0.788864 0.168049 0.93276\n0.0157665 -0.25848 0.117247 1 0 0 0 1 0 0 0 1 0.782821 0.584553 0.900894\n-0.328504 -0.630187 0.521817 1 0 0 0 1 0 0 0 1 0.093574 0.263778 0.09118\n0.360194 -0.610882 0.521542 1 0 0 0 1 0 0 0 1 0.093966 0.302387 0.092216\n0.365354 -0.62972 -0.313253 0.932034 0.0856014 -0.352116 0.362261 -0.244156 0.89953 -0.00897018 -0.96595 -0.258571 0.0883688 0.0964409 0.282587\n-0.335386 -0.632926 -0.313835 0.793634 0.115341 -0.597362 0.607908 -0.189658 0.771024 -0.0243641 -0.975052 -0.220636 0.0986919 0.105511 0.274122\nC 5\n0 1\n1 4\n1 3\n1 5\n1 2\nS 1\n2\n2 -0.328504 -0.630187 0.521817\n3 0.360194 -0.610882 0.521542\n2\n0.015845 -0.620535 0.521679\n0.999607 0.0280194 -0.000399147\nL 6\n0\n1\n2\n2\n2\n2"
}