{
    "boxes": [
        [
            0.008519000373780727,
            -0.09359549731016159,
            0.10545799881219864,
            0.17419099807739258,
            0.7756519913673401,
            0.7102839946746826,
            0.0,
            1.0,
            0.0,
            0.0,
            0.0,
            1.0
        ],
        [
            -0.3178730010986328,
            -0.4903950095176697,
            -0.2195889949798584,
            0.6919569969177246,
            0.07002200186252594,
            0.05749500170350075,
            0.0,
            1.0,
            0.0,
            0.0,
            0.0,
            1.0
        ],
        [
            -0.3072569966316223,
            -0.48136699199676514,
            0.45023399591445923,
            0.7090349793434143,
            0.03690309822559357,
            0.09345009922981262,
            0.011545799672603607,
            0.9998679757118225,
            0.011424600146710873,
            -0.6955289840698242,
            -0.00017815599858295172,
            0.7184979915618896
        ],
        [
            0.008500499650835991,
            0.17299899458885193,
            -0.2631340026855469,
            0.015856999903917313,
            0.019720999523997307,
            0.4040609896183014,
            -7.311289778044738e-07,
            1.0,
            7.644099969184026e-05,
            2.7943900665627908e-11,
            -7.644099969184026e-05,
            1.0
        ],
        [
            -0.037737198173999786,
            0.3594000041484833,
            -0.2604820132255554,
            0.8420479893684387,
            0.05755959823727608,
            0.4758659899234772,
            0.10861100256443024,
            0.9938439726829529,
            -0.021860800683498383,
            0.004196689929813147,
            0.021532300859689713,
            0.9997590184211731
        ],
        [
            0.008500290103256702,
            0.05249220132827759,
            -0.2631340026855469,
            0.019720399752259254,
            0.015856700018048286,
            0.4040620028972626,
            -0.002801720052957535,
            0.7071040272712708,
            -0.7071040272712708,
            -0.006763869896531105,
            0.7070779800415039,
            0.7071040272712708
        ],
        [
            0.008500499650835991,
            0.23325200378894806,
            -0.2631340026855469,
            0.015856999903917313,
            0.019720999523997307,
            0.4040609896183014,
            1.3175899766793009e-06,
            1.0,
            -0.00013775599654763937,
            9.075259987945117e-11,
            0.00013775599654763937,
            1.0
        ],
        [
            -0.2610439956188202,
            0.35882899165153503,
            -0.2445639967918396,
            0.7892119884490967,
            0.04633390158414841,
            0.17192299664020538,
            0.0018575600115582347,
            0.9999859929084778,
            0.004892109893262386,
            0.25932300090789795,
            -0.005206460133194923,
            0.9657769799232483
        ],
        [
            0.008500499650835991,
            -0.007761499844491482,
            -0.2631340026855469,
            0.015856999903917313,
            0.019720999523997307,
            0.4040609896183014,
            0.0,
            1.0,
            0.0,
            0.0,
            0.0,
            1.0
        ],
        [
            0.008500499650835991,
            0.11274400353431702,
            -0.2631340026855469,
            0.015856999903917313,
            0.019720999523997307,
            0.4040609896183014,
            0.0,
            1.0,
            0.0,
            0.0,
            0.0,
            1.0
        ]
    ],
    "ops": [
        [
            0,
            0,
            0,
            1,
            2,
            1,
            0,
            2,
            0,
            0,
            1,
            1,
            0,
            0,
            2,
            1,
            0,
            0,
            1,
            2,
            1,
            1,
            1
        ]
    ],
    "syms": [
        [
            0.0,
            0.9998660087585449,
            0.012612099759280682,
            0.010446599684655666,
            0.008457750082015991,
            -0.4862790107727051,
            -0.2161789983510971,
            0.0
        ],
        [
            0.0,
            -2.3343000709469264e-12,
            1.0,
            2.4404400722488617e-10,
            0.008500499650835991,
            0.23325200378894806,
            -0.2631340026855469,
            0.0
        ],
        [
            0.0,
            0.9996619820594788,
            -0.014019600115716457,
            0.021891100332140923,
            0.008074330165982246,
            0.3550550043582916,
            -0.23867100477218628,
            0.0
        ],
        [
            0.0,
            -9.389620157784773e-13,
            1.0,
            9.816820273345073e-11,
            0.008500499650835991,
            0.203125,
            -0.2631329894065857,
            0.0
        ]
    ],
    "labels:": [
        [
            1,
            2,
            2,
            0,
            0,
            0,
            0,
            0,
            0,
            0
        ]
    ],
    "obj": 41001,
    "mat_index": 3995,
    "obbs": "N 16\n-0.0377372 0.3594 -0.260482 -0.994075 0.108677 0.0018322 0.00419669 0.0215323 0.999759 0.108611 0.993844 -0.0218608 0.475866 0.0575596 0.842048\n-0.317873 -0.490395 -0.219589 1 0 0 0 1 0 0 0 1 0.057495 0.691957 0.070022\n0.334788 -0.482163 -0.21277 1 0 0 0 1 0 0 0 1 0.057742 0.70844 0.083446\n0.327326 -0.482023 0.454995 -0.015882 0.999724 0.0172947 0.690345 -0.00154873 0.723479 0.723306 0.0234297 -0.69013 0.708362 0.0273576 0.0960502\n-0.307257 -0.481367 0.450234 0.0115458 0.999868 0.0114246 -0.695529 -0.000178156 0.718498 0.718405 -0.0162418 0.695435 0.709035 0.0369031 0.0934501\n0.008519 -0.0935955 0.105458 1 0 0 0 1 0 0 0 1 0.710284 0.174191 0.775652\n0.277192 0.351281 -0.232777 0.0109971 0.999939 0.000349816 -0.24843 0.00239331 0.968647 0.968587 -0.0107392 0.248441 0.805696 0.0672538 0.175478\n-0.261044 0.358829 -0.244564 0.965789 -0.000525348 -0.259329 0.259323 -0.00520646 0.965777 -0.00185756 -0.999986 -0.00489211 0.171923 0.0463339 0.789212\n0.0085005 -0.0077615 -0.263134 1 0 0 0 1 0 0 0 1 0.404061 0.015857 0.019721\n0.00850029 0.0524922 -0.263134 -0.00280172 0.707104 -0.707104 -0.00676387 0.707078 0.707104 0.999973 0.00676387 0.00280172 0.0197204 0.0158567 0.404062\n0.0085005 0.112744 -0.263134 1 0 0 0 1 0 0 0 1 0.404061 0.015857 0.019721\n0.0085005 0.172999 -0.263134 -2.79439e-11 7.6441e-05 -1 -7.31129e-07 1 7.6441e-05 1 7.31129e-07 2.79443e-11 0.019721 0.015857 0.404061\n0.0085005 0.233252 -0.263134 -9.07526e-11 -0.000137756 -1 1.31759e-06 1 -0.000137756 1 -1.31759e-06 9.07531e-11 0.019721 0.015857 0.404061\n0.0085005 0.293505 -0.263134 -1.48503e-12 -1.7623e-05 -1 1.68558e-07 1 -1.7623e-05 1 -1.68558e-07 1.48547e-12 0.019721 0.015859 0.404061\n0.0085005 0.353758 -0.263133 -3.2794e-11 -8.28094e-05 -1 7.92041e-07 1 -8.28094e-05 1 -7.92041e-07 3.27944e-11 0.019721 0.015857 0.404061\n0.0085005 0.414012 -0.263133 -3.2794e-11 8.28094e-05 -1 -7.92041e-07 1 8.28094e-05 1 7.92041e-07 3.27945e-11 0.019721 0.015857 0.404061\nC 68\n0 14\n0 7\n0 10\n0 15\n0 11\n0 12\n0 5\n0 8\n0 1\n0 13\n0 6\n0 9\n0 2\n1 5\n1 9\n1 8\n1 7\n2 8\n2 5\n2 9\n2 6\n3 5\n4 5\n5 9\n5 6\n5 8\n5 12\n5 11\n5 10\n5 7\n6 9\n6 14\n6 10\n6 15\n6 11\n6 12\n6 8\n6 13\n7 12\n7 11\n7 15\n7 10\n7 14\n7 9\n7 13\n7 8\n8 9\n8 10\n8 11\n8 12\n9 11\n9 10\n9 13\n9 12\n10 11\n10 12\n10 13\n10 14\n11 14\n11 13\n11 12\n11 15\n12 13\n12 14\n12 15\n13 15\n13 14\n14 15\nS 6\n2\n1 -0.317873 -0.490395 -0.219589\n2 0.334788 -0.482163 -0.21277\n2\n0.00845775 -0.486279 -0.216179\n0.999866 0.0126121 0.0104466\n2\n3 0.327326 -0.482023 0.454995\n4 -0.307257 -0.481367 0.450234\n2\n0.0100342 -0.481695 0.452614\n-0.999971 0.00103418 -0.00750139\n2\n6 0.277192 0.351281 -0.232777\n7 -0.261044 0.358829 -0.244564\n2\n0.00807433 0.355055 -0.238671\n-0.999662 0.0140196 -0.0218911\n2\n8 0.0085005 -0.0077615 -0.263134\n15 0.0085005 0.414012 -0.263133\n2\n0.0085005 0.203125 -0.263133\n-9.38962e-13 1 9.81682e-11\n2\n10 0.0085005 0.112744 -0.263134\n14 0.0085005 0.353758 -0.263133\n2\n0.0085005 0.233251 -0.263133\n-1.64312e-12 1 1.71794e-10\n2\n11 0.0085005 0.172999 -0.263134\n13 0.0085005 0.293505 -0.263134\n2\n0.0085005 0.233252 -0.263134\n-2.3343e-12 1 2.44044e-10\nL 16\n0\n2\n2\n2\n2\n1\n0\n0\n0\n0\n0\n0\n0\n0\n0\n0"
}