{
    "boxes": [
        [
            -0.0004889999981969595,
            -0.040465500205755234,
            0.1224609985947609,
            0.045802999287843704,
            0.6877020001411438,
            0.7421939969062805,
            0.0,
            1.0,
            0.0,
            0.0,
            0.0,
            1.0
        ],
        [
            -0.3365510106086731,
            -0.44051700830459595,
            0.35367798805236816,
            0.7650240063667297,
            0.050917498767375946,
            0.11185000091791153,
            0.0739113986492157,
            0.994521975517273,
            -0.07391130179166794,
            0.7071049809455872,
            1.0059999766554029e-07,
            0.7071080207824707
        ],
        [
            -0.3108389973640442,
            -0.42443200945854187,
            -0.19702599942684174,
            0.7688279747962952,
            0.10304100066423416,
            0.057618699967861176,
            0.07866449654102325,
            0.9875659942626953,
            0.13610699772834778,
            0.582722008228302,
            -0.1563279926776886,
            0.7974939942359924
        ],
        [
            -0.3048129975795746,
            -0.21182499825954437,
            0.09034200012683868,
            0.30733799934387207,
            0.534305989742279,
            0.04311029985547066,
            0.0004904239904135466,
            0.9999250173568726,
            -0.012207100167870522,
            -0.04012880101799965,
            0.012216899544000626,
            0.9991199970245361
        ],
        [
            -0.004757000133395195,
            -0.2104009985923767,
            -0.17690500617027283,
            0.3045560121536255,
            0.043108999729156494,
            0.6027979850769043,
            0.0,
            1.0,
            0.0,
            0.0,
            0.0,
            1.0
        ],
        [
            -0.00782603956758976,
            0.6930549740791321,
            -0.3081510066986084,
            0.13285699486732483,
            0.10863800346851349,
            0.8621860146522522,
            -0.0015248500276356936,
            0.9488189816474915,
            -0.31581801176071167,
            -0.002114650094881654,
            0.31581398844718933,
            0.9488189816474915
        ],
        [
            -0.32324498891830444,
            0.33622899651527405,
            -0.21965399384498596,
            0.8215649724006653,
            0.0797336995601654,
            0.06839559972286224,
            -0.0905098021030426,
            0.983115017414093,
            -0.15903900563716888,
            -0.04486770182847977,
            0.15550699830055237,
            0.9868149757385254
        ]
    ],
    "ops": [
        [
            0,
            0,
            2,
            0,
            2,
            0,
            2,
            0,
            2,
            1,
            1,
            1,
            1,
            0,
            0,
            2,
            1,
            1
        ]
    ],
    "syms": [
        [
            0.0,
            0.9999740123748779,
            0.007214630022644997,
            -1.9066599634243175e-05,
            -0.01082920003682375,
            -0.438167005777359,
            0.35367199778556824,
            0.0
        ],
        [
            0.0,
            0.999862015247345,
            -0.0163176991045475,
            -0.002977879950776696,
            -0.0020143298897892237,
            -0.4294719994068146,
            -0.1979459971189499,
            0.0
        ],
        [
            0.0,
            0.9999859929084778,
            -0.002434130059555173,
            -0.004638719838112593,
            -0.003409879980608821,
            -0.21255899965763092,
            0.08894389867782593,
            0.0
        ],
        [
            0.0,
            0.0,
            0.0,
            1.0,
            -0.004757000133395195,
            -0.2104009985923767,
            0.08389530330896378,
            0.0
        ],
        [
            0.0,
            0.9999949932098389,
            -0.003042269963771105,
            -0.00024187199596781284,
            -0.0020836899057030678,
            0.33525198698043823,
            -0.21973200142383575,
            0.0
        ]
    ],
    "labels:": [
        [
            1,
            2,
            2,
            2,
            2,
            0,
            0
        ]
    ],
    "obj": 41096,
    "mat_index": 4031,
    "obbs": "N 12\n-0.00782604 0.693055 -0.308151 -0.00152485 0.948819 -0.315818 -0.00211465 0.315814 0.948819 0.999997 0.00211465 0.00152485 0.132857 0.108638 0.862186\n-0.004757 -0.210401 -0.176905 1 0 0 0 1 0 0 0 1 0.602798 0.304556 0.043109\n-0.304813 -0.211825 0.090342 0.000490424 0.999925 -0.0122071 0.999194 -1.3514e-07 0.0401318 0.0401288 -0.0122169 -0.99912 0.307338 0.0431103 0.534306\n0.297994 -0.213293 0.0875457 -0.000682125 -0.999701 -0.0244227 0.99961 6.18095e-08 -0.0279216 0.0279133 -0.0244322 0.999312 0.310075 0.0431104 0.534186\n-0.004757 -0.210401 0.344696 1 0 0 0 1 0 0 0 1 0.602798 0.304556 0.04311\n-0.000489 -0.0404655 0.122461 1 0 0 0 1 0 0 0 1 0.742194 0.045803 0.687702\n0.319078 0.334275 -0.219809 0.0823949 0.983569 -0.16063 -0.149506 0.171553 0.973765 0.985322 -0.056218 0.161185 0.825338 0.0836958 0.0651692\n-0.323245 0.336229 -0.219654 -0.0905098 0.983115 -0.159039 -0.0448677 0.155507 0.986815 0.994884 0.0964521 0.0300352 0.821565 0.0797337 0.0683956\n-0.310839 -0.424432 -0.197026 -0.582722 0.156328 -0.797494 0.808855 0.0165783 -0.587774 -0.0786645 -0.987566 -0.136107 0.103041 0.0576187 0.768828\n0.306811 -0.434512 -0.198866 0.50305 0.167884 -0.847795 0.860164 -0.00189491 0.510014 0.0840165 -0.985805 -0.145361 0.107114 0.0528243 0.749543\n0.314893 -0.435817 0.353666 -0.703232 -0.104527 -0.703234 0.707108 4.98808e-08 -0.707106 0.0739117 -0.994522 0.0739118 0.11185 0.0509174 0.774476\n-0.336551 -0.440517 0.353678 0.0739114 0.994522 -0.0739113 0.707105 1.006e-07 0.707108 0.703235 -0.104526 -0.703232 0.765024 0.0509175 0.11185\nC 30\n0 7\n0 6\n1 3\n1 6\n1 2\n1 5\n1 9\n1 8\n1 7\n2 8\n2 5\n2 7\n2 11\n2 4\n3 10\n3 6\n3 9\n3 5\n3 4\n4 10\n4 5\n4 11\n5 9\n5 6\n5 8\n5 11\n5 10\n5 7\n6 9\n7 8\nS 5\n2\n2 -0.304813 -0.211825 0.090342\n3 0.297994 -0.213293 0.0875457\n2\n-0.00340988 -0.212559 0.0889439\n0.999986 -0.00243413 -0.00463872\n2\n1 -0.004757 -0.210401 -0.176905\n4 -0.004757 -0.210401 0.344696\n2\n-0.004757 -0.210401 0.0838953\n0 0 1\n2\n6 0.319078 0.334275 -0.219809\n7 -0.323245 0.336229 -0.219654\n2\n-0.00208369 0.335252 -0.219732\n-0.999995 0.00304227 0.000241872\n2\n8 -0.310839 -0.424432 -0.197026\n9 0.306811 -0.434512 -0.198866\n2\n-0.00201433 -0.429472 -0.197946\n0.999862 -0.0163177 -0.00297788\n2\n10 0.314893 -0.435817 0.353666\n11 -0.336551 -0.440517 0.353678\n2\n-0.0108292 -0.438167 0.353672\n-0.999974 -0.00721463 1.90666e-05\nL 12\n0\n2\n2\n2\n2\n1\n0\n0\n2\n2\n2\n2"
}