{
    "boxes": [
        [
            -0.010836999863386154,
            0.09442999958992004,
            0.06734950095415115,
            0.14437399804592133,
            0.5918390154838562,
            0.6313239932060242,
            0.0,
            1.0,
            0.0,
            0.0,
            0.0,
            1.0
        ],
        [
            -0.2953929901123047,
            -0.40386900305747986,
            0.3251279890537262,
            1.0153599977493286,
            0.05719500035047531,
            0.05512300133705139,
            0.0,
            1.0,
            0.0,
            0.0,
            0.0,
            1.0
        ],
        [
            -0.26942500472068787,
            -0.4462459981441498,
            -0.2360060065984726,
            0.9407259821891785,
            0.09396769851446152,
            0.08133330196142197,
            0.05134589970111847,
            0.9940429925918579,
            0.09613700211048126,
            0.45296698808670044,
            -0.10897299647331238,
            0.8848419785499573
        ],
        [
            -0.28386199474334717,
            -0.46695399284362793,
            0.04670200124382973,
            0.044021300971508026,
            0.5666149854660034,
            0.025459300726652145,
            -0.00015551999968010932,
            0.9999960064888,
            0.002815559972077608,
            -0.055151499807834625,
            -0.0028198501095175743,
            0.9984740018844604
        ],
        [
            -0.012591499835252762,
            -0.5308730006217957,
            -0.22722400724887848,
            0.0368879996240139,
            0.02543500065803528,
            0.537759006023407,
            0.0,
            1.0,
            0.0,
            0.0,
            0.0,
            1.0
        ],
        [
            -0.01175989955663681,
            0.3687739968299866,
            -0.20732000470161438,
            0.4660769999027252,
            0.04020930081605911,
            0.45637598633766174,
            4.975379852112383e-06,
            0.9809110164642334,
            -0.1944590061903,
            6.058539838704746e-06,
            0.1944590061903,
            0.9809110164642334
        ],
        [
            -0.013602199964225292,
            0.3173690140247345,
            -0.2364709973335266,
            0.6297820210456848,
            0.08682910352945328,
            0.530888020992279,
            -0.0044875298626720905,
            0.9876670241355896,
            -0.15650199353694916,
            -0.005254540126770735,
            0.15647800266742706,
            0.9876670241355896
        ]
    ],
    "ops": [
        [
            0,
            0,
            2,
            0,
            2,
            0,
            2,
            0,
            2,
            1,
            1,
            1,
            1,
            0,
            0,
            1,
            1
        ]
    ],
    "syms": [
        [
            0.0,
            1.0,
            -0.0,
            -0.0,
            -0.011757699772715569,
            -0.40386900305747986,
            0.3251279890537262,
            0.0
        ],
        [
            0.0,
            0.9999909996986389,
            0.004207090009003878,
            -0.00095606897957623,
            -0.011214200407266617,
            -0.44516000151634216,
            -0.23625299334526062,
            0.0
        ],
        [
            0.0,
            1.0,
            1.0122600246805015e-16,
            4.4575600099960866e-08,
            -0.00966775044798851,
            -0.46695399284362793,
            0.04670200124382973,
            0.0
        ],
        [
            0.0,
            0.003270959947258234,
            0.0,
            0.9999949932098389,
            -0.011678799986839294,
            -0.5308730006217957,
            0.051820699125528336,
            0.0
        ]
    ],
    "labels:": [
        [
            1,
            2,
            2,
            2,
            2,
            0,
            0
        ]
    ],
    "obj": 41110,
    "mat_index": 4042,
    "obbs": "N 11\n-0.0117599 0.368774 -0.20732 1 -6.05854e-06 -4.97538e-06 6.05854e-06 0.194459 0.980911 -4.97538e-06 -0.980911 0.194459 0.456376 0.0402093 0.466077\n-0.283862 -0.466954 0.046702 0.0551515 0.00281985 -0.998474 0.998478 -1.55431e-15 0.0551517 0.00015552 -0.999996 -0.00281556 0.566615 0.0254593 0.0440213\n-0.0125915 -0.530873 -0.227224 1 0 0 0 1 0 0 0 1 0.537759 0.036888 0.025435\n0.264527 -0.466954 0.046702 -0.0489479 0.00339215 -0.998796 0.998801 1.11022e-15 -0.0489482 -0.00016604 -0.999994 -0.00338808 0.566298 0.02546 0.0443442\n-0.010766 -0.530873 0.330866 1 0 0 0 1 0 0 0 1 0.54141 0.036888 0.025436\n-0.010837 0.09443 0.0673495 1 0 0 0 1 0 0 0 1 0.631324 0.144374 0.591839\n-0.0136022 0.317369 -0.236471 -0.00448753 0.987667 -0.156502 -0.00525454 0.156478 0.987667 0.999976 0.00525454 0.00448753 0.629782 0.0868291 0.530888\n0.246997 -0.444074 -0.2365 -0.0613182 0.994004 0.0905319 -0.542965 -0.109327 0.832608 0.837513 0.00189832 0.546414 0.945333 0.0963294 0.0838669\n-0.269425 -0.446246 -0.236006 0.890048 -0.00188617 -0.455864 0.452967 -0.108973 0.884842 -0.0513459 -0.994043 -0.096137 0.0813333 0.0939677 0.940726\n0.271877 -0.403869 0.325128 1 0 0 0 1 0 0 0 1 0.055124 1.01536 0.057195\n-0.295393 -0.403869 0.325128 1 0 0 0 1 0 0 0 1 0.055123 1.01536 0.057195\nC 23\n0 7\n0 5\n0 8\n0 6\n1 2\n1 10\n1 4\n1 8\n2 8\n2 3\n2 7\n3 7\n3 9\n3 4\n4 9\n4 10\n5 9\n5 6\n5 8\n5 10\n5 7\n6 7\n6 8\nS 4\n2\n1 -0.283862 -0.466954 0.046702\n3 0.264527 -0.466954 0.046702\n2\n-0.00966775 -0.466954 0.046702\n1 1.01226e-16 4.45756e-08\n2\n2 -0.0125915 -0.530873 -0.227224\n4 -0.010766 -0.530873 0.330866\n2\n-0.0116788 -0.530873 0.0518207\n0.00327096 0 0.999995\n2\n7 0.246997 -0.444074 -0.2365\n8 -0.269425 -0.446246 -0.236006\n2\n-0.0112142 -0.44516 -0.236253\n-0.999991 -0.00420709 0.000956069\n2\n9 0.271877 -0.403869 0.325128\n10 -0.295393 -0.403869 0.325128\n2\n-0.0117577 -0.403869 0.325128\n-1 0 0\nL 11\n0\n2\n2\n2\n2\n1\n0\n2\n2\n2\n2"
}