{
    "boxes": [
        [
            -0.00020500000391621143,
            -0.05529949814081192,
            0.1390639990568161,
            0.19833700358867645,
            1.4590799808502197,
            1.0503900051116943,
            0.0,
            1.0,
            0.0,
            0.0,
            0.0,
            1.0
        ],
        [
            -0.4932970106601715,
            -0.3335599899291992,
            -0.15209299325942993,
            0.15473000705242157,
            0.767087996006012,
            0.07284790277481079,
            -0.04710179939866066,
            0.7855589985847473,
            -0.6169919967651367,
            0.011680799536406994,
            0.6180679798126221,
            0.7860379815101624
        ],
        [
            -0.49272701144218445,
            -0.3331669867038727,
            0.46240100264549255,
            0.14088299870491028,
            0.7349470257759094,
            0.07033299654722214,
            0.05960509926080704,
            0.7400259971618652,
            0.6699320077896118,
            0.01130709983408451,
            -0.6715819835662842,
            0.7408440113067627
        ],
        [
            -0.46324899792671204,
            0.1569419950246811,
            -0.3365809917449951,
            0.4679909944534302,
            0.022929400205612183,
            0.019595200195908546,
            -0.11099199950695038,
            0.993815004825592,
            0.003510840004310012,
            -0.5488020181655884,
            -0.06423629820346832,
            0.8334800004959106
        ],
        [
            -0.024769499897956848,
            0.28766998648643494,
            -0.2791750133037567,
            0.23702499270439148,
            1.245270013809204,
            1.049090027809143,
            0.023253200575709343,
            0.83958500623703,
            0.5427299737930298,
            0.04546960070729256,
            -0.5432029962539673,
            0.8383690118789673
        ],
        [
            -0.02615400031208992,
            0.23296500742435455,
            -0.6891279816627502,
            0.6532790064811707,
            0.018714599311351776,
            0.03274250030517578,
            -0.04452089965343475,
            0.9412019848823547,
            -0.33489900827407837,
            0.23189400136470795,
            0.33581098914146423,
            0.9129379987716675
        ],
        [
            0.3387719988822937,
            0.1955139935016632,
            -0.529915988445282,
            0.557906985282898,
            0.019190000370144844,
            0.030879100784659386,
            0.11456800252199173,
            0.9668490290641785,
            -0.22820499539375305,
            -0.1198590025305748,
            0.24149300158023834,
            0.9629719853401184
        ],
        [
            0.2644200026988983,
            0.21097099781036377,
            -0.598239004611969,
            0.5966699719429016,
            0.0190373994410038,
            0.02363640069961548,
            0.06938549876213074,
            0.9574549794197083,
            -0.2801159918308258,
            0.022778799757361412,
            0.2791990041732788,
            0.9599630236625671
        ],
        [
            0.43061500787734985,
            0.15812699496746063,
            -0.3562740087509155,
            0.467507004737854,
            0.02084439992904663,
            0.021731900051236153,
            0.026341799646615982,
            0.9951339960098267,
            -0.09494580328464508,
            -0.2566309869289398,
            0.09852749854326248,
            0.9614740014076233
        ],
        [
            0.39505699276924133,
            0.17746800184249878,
            -0.4477809965610504,
            0.5131019949913025,
            0.019681299105286598,
            0.02223229967057705,
            0.07808999717235565,
            0.9829450249671936,
            -0.16649900376796722,
            -0.09353210031986237,
            0.17349599301815033,
            0.9803829789161682
        ],
        [
            0.1790349930524826,
            0.222788006067276,
            -0.6490569710731506,
            0.626908004283905,
            0.01928669959306717,
            0.02310810051858425,
            0.04335720092058182,
            0.9489420056343079,
            -0.31245699524879456,
            0.20227399468421936,
            0.29793599247932434,
            0.9329090118408203
        ],
        [
            0.07715389877557755,
            0.23021599650382996,
            -0.6795759797096252,
            0.6453449726104736,
            0.018966300413012505,
            0.0245898999273777,
            -0.00299041997641325,
            0.9436420202255249,
            -0.33095499873161316,
            0.21526199579238892,
            0.3238050043582916,
            0.9213100075721741
        ],
        [
            -0.2252810001373291,
            0.22230499982833862,
            -0.6390150189399719,
            0.6272580027580261,
            0.018713699653744698,
            0.030561499297618866,
            -0.1773190051317215,
            0.9471340179443359,
            -0.26738598942756653,
            0.4495919942855835,
            0.31964099407196045,
            0.8340839743614197
        ],
        [
            -0.3108789920806885,
            0.21025599539279938,
            -0.5840880274772644,
            0.5975289940834045,
            0.01874059997498989,
            0.03247600048780441,
            -0.17678600549697876,
            0.9552029967308044,
            -0.2373490035533905,
            0.5575979948043823,
            0.2959139943122864,
            0.7755759954452515
        ],
        [
            -0.38116899132728577,
            0.19460900127887726,
            -0.5126439929008484,
            0.5584750175476074,
            0.01905130036175251,
            0.023633399978280067,
            -0.19958700239658356,
            0.9662160277366638,
            -0.16307300329208374,
            0.6594939827919006,
            0.25554201006889343,
            0.7069410085678101
        ],
        [
            -0.43273401260375977,
            0.1764249950647354,
            -0.42861801385879517,
            0.5136150121688843,
            0.020154299214482307,
            0.019322799518704414,
            -0.1832139939069748,
            0.9799990057945251,
            -0.07768569886684418,
            -0.520700991153717,
            -0.029710600152611732,
            0.8532220125198364
        ]
    ],
    "ops": [
        [
            0,
            0,
            0,
            1,
            2,
            1,
            0,
            0,
            1,
            0,
            2,
            0,
            0,
            1,
            1,
            1,
            0,
            0,
            1,
            0,
            0,
            1,
            1,
            0,
            0,
            1,
            0,
            0,
            1,
            1,
            1,
            1,
            1
        ]
    ],
    "syms": [
        [
            0.0,
            0.9999549984931946,
            0.000560895015951246,
            -0.009513399563729763,
            -0.00032788398675620556,
            -0.333283007144928,
            -0.15678299963474274,
            0.0
        ],
        [
            0.0,
            0.9893789887428284,
            0.02921760082244873,
            -0.1423950046300888,
            -0.07742659747600555,
            0.23145100474357605,
            -0.6817489862442017,
            0.0
        ]
    ],
    "labels:": [
        [
            1,
            2,
            2,
            0,
            0,
            0,
            0,
            0,
            0,
            0,
            0,
            0,
            0,
            0,
            0,
            0
        ]
    ],
    "obj": 2630,
    "mat_index": 405,
    "obbs": "N 19\n-0.000205 -0.0552995 0.139064 1 0 0 0 1 0 0 0 1 1.05039 0.198337 1.45908\n0.430615 0.158127 -0.356274 -0.96615 0.000960843 -0.257978 -0.256631 0.0985275 0.961474 0.0263418 0.995134 -0.0949458 0.0217319 0.0208444 0.467507\n0.395057 0.177468 -0.447781 -0.992549 0.0609851 -0.105485 -0.0935321 0.173496 0.980383 0.07809 0.982945 -0.166499 0.0222323 0.0196813 0.513102\n0.338772 0.195514 -0.529916 -0.986158 0.0829735 -0.143553 -0.119859 0.241493 0.962972 0.114568 0.966849 -0.228205 0.0308791 0.01919 0.557907\n0.26442 0.210971 -0.598239 0.0693855 0.957455 -0.280116 0.0227788 0.279199 0.959963 0.99733 -0.0729882 -0.00243734 0.59667 0.0190374 0.0236364\n0.179035 0.222788 -0.649057 0.978369 -0.10365 -0.179028 0.202274 0.297936 0.932909 -0.0433572 -0.948942 0.312457 0.0231081 0.0192867 0.626908\n0.0771539 0.230216 -0.679576 -0.00299042 0.943642 -0.330955 0.215262 0.323805 0.92131 0.976552 -0.0684868 -0.204098 0.645345 0.0189663 0.0245899\n-0.026154 0.232965 -0.689128 -0.0445209 0.941202 -0.334899 0.231894 0.335811 0.912938 0.971722 -0.0370163 -0.23321 0.653279 0.0187146 0.0327425\n-0.128699 0.229937 -0.674369 0.938885 0.0222606 -0.343509 0.317259 0.331253 0.888605 0.133569 -0.943279 0.303946 0.0314006 0.0185998 0.645813\n-0.225281 0.222305 -0.639015 -0.177319 0.947134 -0.267386 0.449592 0.319641 0.834084 0.875457 0.0276842 -0.482502 0.627258 0.0187137 0.0305615\n-0.310879 0.210256 -0.584088 0.811068 0.00476582 -0.584933 0.557598 0.295914 0.775576 0.176786 -0.955203 0.237349 0.032476 0.0187406 0.597529\n-0.381169 0.194609 -0.512644 0.72473 0.0335505 -0.688216 0.659494 0.255542 0.706941 0.199587 -0.966216 0.163073 0.0236334 0.0190513 0.558475\n-0.432734 0.176425 -0.428618 0.520701 0.0297106 -0.853222 0.833849 0.196773 0.51573 0.183214 -0.979999 0.0776857 0.0201543 0.0193228 0.513615\n-0.463249 0.156942 -0.336581 -0.110992 0.993815 0.00351084 0.828551 0.090583 0.552538 0.548802 0.0642363 -0.83348 0.467991 0.0195952 0.0229294\n0.492641 -0.333007 -0.161473 -0.0204304 -0.639995 -0.768107 0.999787 -0.0152236 -0.0139082 -0.00279215 -0.768228 0.64017 0.754781 0.0790206 0.14601\n0.491606 -0.333396 0.46163 -0.013308 0.670397 -0.741883 0.999757 0.0219741 0.00192301 0.0175914 -0.741677 -0.670526 0.734681 0.0737468 0.142414\n-0.492727 -0.333167 0.462401 -0.0596051 -0.740026 -0.669932 0.998158 -0.0365831 -0.0483973 0.0113071 -0.671582 0.740844 0.140883 0.070333 0.734947\n-0.493297 -0.33356 -0.152093 -0.0471018 0.785559 -0.616992 0.998822 0.0298169 -0.0382881 -0.0116808 -0.618068 -0.786038 0.15473 0.0728479 0.767088\n-0.0247695 0.28767 -0.279175 0.998695 0.00518295 -0.0508068 0.0232532 0.839585 0.54273 0.0454696 -0.543203 0.838369 1.04909 0.237025 1.24527\nC 72\n0 14\n0 7\n0 16\n0 10\n0 3\n0 15\n0 17\n0 11\n0 4\n0 18\n0 12\n0 5\n0 8\n0 1\n0 13\n0 6\n0 9\n0 2\n1 3\n1 2\n1 14\n1 4\n1 18\n2 18\n2 5\n2 4\n2 3\n3 6\n3 5\n3 18\n3 4\n4 7\n4 18\n4 5\n4 6\n5 6\n5 8\n5 18\n5 7\n6 9\n6 7\n6 18\n6 8\n7 10\n7 18\n7 8\n7 9\n8 9\n8 10\n8 11\n8 18\n9 18\n9 11\n9 10\n9 12\n10 11\n10 12\n10 18\n10 13\n11 18\n11 13\n11 12\n12 13\n12 18\n13 17\n13 18\n14 18\n14 15\n15 18\n16 17\n16 18\n17 18\nS 3\n2\n8 -0.128699 0.229937 -0.674369\n7 -0.026154 0.232965 -0.689128\n2\n-0.0774266 0.231451 -0.681749\n0.989379 0.0292176 -0.142395\n2\n14 0.492641 -0.333007 -0.161473\n17 -0.493297 -0.33356 -0.152093\n2\n-0.000327884 -0.333283 -0.156783\n-0.999955 -0.000560895 0.0095134\n2\n15 0.491606 -0.333396 0.46163\n16 -0.492727 -0.333167 0.462401\n2\n-0.000560283 -0.333282 0.462016\n-1 0.000232689 0.000782936\nL 19\n1\n0\n0\n0\n0\n0\n0\n0\n0\n0\n0\n0\n0\n0\n2\n2\n2\n2\n0"
}