{
    "boxes": [
        [
            0.0044022900983691216,
            -0.11058399826288223,
            0.13418300449848175,
            0.12871000170707703,
            0.688614010810852,
            0.8119249939918518,
            0.002304930007085204,
            0.999763011932373,
            0.021626699715852737,
            -2.4926899641286582e-05,
            -0.021626699715852737,
            0.9997659921646118
        ],
        [
            -0.4191789925098419,
            0.3187139928340912,
            -0.21145999431610107,
            0.031207000836730003,
            0.04049139842391014,
            0.07351309806108475,
            0.07097160071134567,
            0.9951059818267822,
            -0.06875850260257721,
            0.7070509791374207,
            -0.0015649199485778809,
            0.707161009311676
        ],
        [
            -0.3862200081348419,
            0.1143300011754036,
            -0.20494399964809418,
            0.40998199582099915,
            0.05533500015735626,
            0.04129600152373314,
            0.0,
            1.0,
            0.0,
            0.0,
            0.0,
            1.0
        ],
        [
            -0.4349769949913025,
            0.3138209879398346,
            0.07892289757728577,
            0.07152719795703888,
            0.5658130049705505,
            0.04104670137166977,
            0.02494020015001297,
            0.998494029045105,
            0.04886920005083084,
            0.0021686400286853313,
            -0.04893830046057701,
            0.9987990260124207
        ],
        [
            -0.38615500926971436,
            -0.46476200222969055,
            -0.21410000324249268,
            0.7788289785385132,
            0.0368800014257431,
            0.021674999967217445,
            0.0,
            1.0,
            0.0,
            0.0,
            0.0,
            1.0
        ],
        [
            -0.3862990140914917,
            -0.8461779952049255,
            0.11363600194454193,
            0.03069699928164482,
            0.6731500029563904,
            0.020214000716805458,
            0.0,
            1.0,
            0.0,
            0.0,
            0.0,
            1.0
        ],
        [
            -0.38148999214172363,
            -0.5134009718894958,
            0.45486998558044434,
            0.692907989025116,
            0.04089700058102608,
            0.03291900083422661,
            0.0,
            1.0,
            0.0,
            0.0,
            0.0,
            1.0
        ],
        [
            0.03319049999117851,
            -0.13687199354171753,
            -0.199864000082016,
            0.20728699862957,
            0.16764700412750244,
            0.038857001811265945,
            0.0,
            1.0,
            0.0,
            0.0,
            0.0,
            1.0
        ],
        [
            0.0072825001552701,
            0.31914299726486206,
            -0.27159300446510315,
            0.6303279995918274,
            0.03234900161623955,
            0.6475949883460999,
            0.0,
            1.0,
            0.0,
            0.0,
            0.0,
            1.0
        ],
        [
            0.004442499950528145,
            0.3169339895248413,
            -0.2722109854221344,
            0.7229269742965698,
            0.03358599916100502,
            0.7151830196380615,
            0.0,
            1.0,
            0.0,
            0.0,
            0.0,
            1.0
        ]
    ],
    "ops": [
        [
            0,
            0,
            0,
            0,
            1,
            1,
            2,
            1,
            0,
            0,
            0,
            1,
            1,
            2,
            1,
            0,
            2,
            0,
            0,
            1,
            1,
            1
        ]
    ],
    "syms": [
        [
            0.0,
            0.9999930262565613,
            0.0019580700900405645,
            0.0030554800760000944,
            0.007785220164805651,
            0.3195500075817108,
            -0.21015499532222748,
            0.0
        ],
        [
            0.0,
            0.9999809861183167,
            -0.005606960039585829,
            -0.0025628700386732817,
            0.004512249957770109,
            -0.46695199608802795,
            -0.21510100364685059,
            0.0
        ],
        [
            0.0,
            0.9998940229415894,
            -0.009315529838204384,
            -0.011211100034415722,
            0.005497749894857407,
            -0.13661299645900726,
            -0.1995529979467392,
            0.0
        ]
    ],
    "labels:": [
        [
            1,
            3,
            3,
            3,
            2,
            2,
            2,
            0,
            0,
            0
        ]
    ],
    "obj": 41164,
    "mat_index": 4069,
    "obbs": "N 17\n0.0072825 0.319143 -0.271593 1 0 0 0 1 0 0 0 1 0.647595 0.630328 0.032349\n0.00440229 -0.110584 0.134183 0.999997 -0.00230493 -2.49269e-05 0.00230493 0.999763 0.0216267 -2.49269e-05 -0.0216267 0.999766 0.811925 0.12871 0.688614\n-0.38622 0.11433 -0.204944 1 0 0 0 1 0 0 0 1 0.041296 0.409982 0.055335\n0.399473 0.119517 -0.20875 -0.0124628 -0.999922 -0.00111086 0.978827 -0.0119729 -0.204341 0.204312 -0.003634 0.978899 0.420493 0.0498264 0.0510398\n-0.434977 0.313821 0.0789229 -0.0249402 -0.998494 -0.0488692 0.999687 -0.0248043 -0.00338591 0.00216864 -0.0489383 0.998799 0.0715272 0.0410467 0.565813\n-0.419179 0.318714 -0.21146 0.703592 -0.0988041 -0.703702 0.0709716 0.995106 -0.0687585 0.707051 -0.00156492 0.707161 0.0735131 0.031207 0.0404914\n0.443718 0.314643 0.0827907 0.019303 -0.998456 -0.0520941 0.999813 0.0193422 -0.000246871 0.0012541 -0.0520796 0.998642 0.0706905 0.0401581 0.558559\n0.43475 0.320386 -0.208851 0.86243 0.0665112 -0.501787 -0.107713 0.992739 -0.0535412 0.494583 0.100224 0.863333 0.0339178 0.0251081 0.0627587\n0.395193 -0.845083 0.112277 1 0 0 0 1 0 0 0 1 0.020163 0.032953 0.670334\n-0.386299 -0.846178 0.113636 1 0 0 0 1 0 0 0 1 0.020214 0.030697 0.67315\n-0.022195 -0.136355 -0.199243 1 0 0 0 1 0 0 0 1 0.03464 0.208357 0.166445\n0.0331905 -0.136872 -0.199864 1 0 0 0 1 0 0 0 1 0.038857 0.207287 0.167647\n-0.38149 -0.513401 0.45487 1 0 0 0 1 0 0 0 1 0.032919 0.692908 0.040897\n-0.386155 -0.464762 -0.2141 1 0 0 0 1 0 0 0 1 0.021675 0.778829 0.03688\n0.393773 -0.513927 0.45371 -0.136891 0.0197321 -0.99039 0.990583 0.000161151 -0.136915 -0.00254202 -0.999805 -0.0195684 0.0456635 0.0268561 0.695068\n0.39518 -0.469143 -0.216103 1 0 0 0 1 0 0 0 1 0.02138 0.769959 0.032841\n0.0044425 0.316934 -0.272211 1 0 0 0 1 0 0 0 1 0.715183 0.722927 0.033586\nC 44\n0 2\n0 7\n0 16\n0 10\n0 3\n0 15\n0 11\n0 4\n0 5\n0 1\n0 13\n0 6\n1 3\n1 15\n1 11\n1 2\n1 16\n1 14\n1 10\n1 13\n1 12\n2 5\n2 13\n2 16\n2 4\n3 15\n3 7\n3 6\n3 16\n4 5\n4 16\n5 16\n6 7\n6 16\n7 16\n8 14\n8 15\n9 13\n9 12\n10 11\n10 16\n11 16\n13 16\n15 16\nS 7\n2\n2 -0.38622 0.11433 -0.204944\n3 0.399473 0.119517 -0.20875\n2\n0.00662634 0.116924 -0.206847\n0.999966 0.00660217 -0.00484439\n2\n4 -0.434977 0.313821 0.0789229\n6 0.443718 0.314643 0.0827907\n2\n0.00437056 0.314232 0.0808568\n0.99999 0.000936603 0.00440167\n2\n5 -0.419179 0.318714 -0.21146\n7 0.43475 0.320386 -0.208851\n2\n0.00778522 0.31955 -0.210155\n0.999993 0.00195807 0.00305548\n2\n8 0.395193 -0.845083 0.112277\n9 -0.386299 -0.846178 0.113636\n2\n0.00444675 -0.84563 0.112956\n-0.999998 -0.00139988 0.00173898\n2\n10 -0.022195 -0.136355 -0.199243\n11 0.0331905 -0.136872 -0.199864\n2\n0.00549775 -0.136613 -0.199553\n0.999894 -0.00931553 -0.0112111\n2\n12 -0.38149 -0.513401 0.45487\n14 0.393773 -0.513927 0.45371\n2\n0.00614192 -0.513664 0.45429\n0.999999 -0.00067806 -0.0014971\n2\n13 -0.386155 -0.464762 -0.2141\n15 0.39518 -0.469143 -0.216103\n2\n0.00451225 -0.466952 -0.215101\n0.999981 -0.00560696 -0.00256287\nL 17\n0\n1\n3\n3\n3\n3\n3\n3\n2\n2\n0\n0\n2\n2\n2\n2\n0"
}