{
    "boxes": [
        [
            0.02303200028836727,
            -0.2596510052680969,
            0.22537200152873993,
            0.19600799679756165,
            0.7767760157585144,
            0.7306180000305176,
            0.0,
            1.0,
            0.0,
            0.0,
            0.0,
            1.0
        ],
        [
            -0.2961849868297577,
            -0.5859249830245972,
            0.1933860033750534,
            0.0645890012383461,
            0.6233620047569275,
            0.06157499924302101,
            0.0,
            1.0,
            0.0,
            0.0,
            0.0,
            1.0
        ],
        [
            -0.31044700741767883,
            -0.5283229947090149,
            -0.13398799300193787,
            0.49577200412750244,
            0.08439700305461884,
            0.06890919804573059,
            -0.028465399518609047,
            0.9871749877929688,
            0.15708500146865845,
            0.16868999600410461,
            -0.15015000104904175,
            0.9741659760475159
        ],
        [
            0.02315549924969673,
            -0.5846589803695679,
            0.264039009809494,
            0.04528699815273285,
            0.07184799760580063,
            0.6232489943504333,
            0.0,
            1.0,
            0.0,
            0.0,
            0.0,
            1.0
        ],
        [
            -0.31367000937461853,
            -0.5601860284805298,
            0.5296859741210938,
            0.4749790132045746,
            0.08892600238323212,
            0.04996100068092346,
            0.0,
            1.0,
            0.0,
            0.0,
            0.0,
            1.0
        ],
        [
            0.02183930017054081,
            0.23181599378585815,
            -0.1504330039024353,
            1.1360399723052979,
            0.2401449978351593,
            0.7374659776687622,
            -0.01376229990273714,
            0.9781180024147034,
            -0.20759700238704681,
            -0.016987700015306473,
            0.2073580026626587,
            0.9781180024147034
        ],
        [
            -0.32544198632240295,
            0.18243399262428284,
            0.012211100198328495,
            1.1117199659347534,
            0.5309270024299622,
            0.06638099998235703,
            -1.0191100185963364e-09,
            0.9876880049705505,
            -0.15643399953842163,
            -2.469900062251895e-09,
            0.15643399953842163,
            0.9876880049705505
        ]
    ],
    "ops": [
        [
            0,
            0,
            0,
            1,
            2,
            0,
            0,
            2,
            1,
            1,
            1,
            0,
            0,
            2,
            1,
            1
        ]
    ],
    "syms": [
        [
            0.0,
            0.9999030232429504,
            0.013639500364661217,
            0.002681189915165305,
            0.02602829970419407,
            -0.581529974937439,
            0.19425000250339508,
            0.0
        ],
        [
            0.0,
            0.9999470114707947,
            -0.010252900421619415,
            -0.0011700099566951394,
            0.022387700155377388,
            -0.563630998134613,
            0.5292930006980896,
            0.0
        ],
        [
            0.0,
            0.9999989867210388,
            -0.0005231989780440927,
            -0.0012456199619919062,
            0.016796300187706947,
            0.18225499987602234,
            0.011784800328314304,
            0.0
        ]
    ],
    "labels:": [
        [
            1,
            2,
            2,
            2,
            2,
            0,
            0
        ]
    ],
    "obj": 41178,
    "mat_index": 4077,
    "obbs": "N 11\n0.0218393 0.231816 -0.150433 -0.0137623 0.978118 -0.207597 -0.0169877 0.207358 0.978118 0.999761 0.0169877 0.0137623 1.13604 0.240145 0.737466\n0.348242 -0.577135 0.195114 1 0 0 0 1 0 0 0 1 0.062682 0.06558 0.620052\n-0.296185 -0.585925 0.193386 1 0 0 0 1 0 0 0 1 0.061575 0.064589 0.623362\n0.0231555 -0.584659 0.264039 1 0 0 0 1 0 0 0 1 0.623249 0.045287 0.071848\n0.023032 -0.259651 0.225372 1 0 0 0 1 0 0 0 1 0.730618 0.196008 0.776776\n-0.325442 0.182434 0.0122111 2.4699e-09 -0.156434 -0.987688 1 1.39294e-09 2.28007e-09 1.01911e-09 -0.987688 0.156434 0.530927 0.066381 1.11172\n0.359034 0.182076 0.0113585 -0.000846672 0.988399 -0.15188 0.999988 0.00156572 0.00461479 0.00479906 -0.151875 -0.988388 1.10743 0.086446 0.535894\n0.359997 -0.538923 -0.13061 -0.00908405 -0.986901 -0.161073 0.994987 0.00712159 -0.0997485 0.0995889 -0.161172 0.981889 0.476644 0.0584725 0.0870751\n-0.310447 -0.528323 -0.133988 0.0284654 -0.987175 -0.157085 0.985258 0.0542286 -0.162252 0.16869 -0.15015 0.974166 0.495772 0.0689092 0.084397\n-0.31367 -0.560186 0.529686 1 0 0 0 1 0 0 0 1 0.049961 0.474979 0.088926\n0.358446 -0.567077 0.5289 0.00484291 -0.999968 -0.00643996 0.999968 0.00480124 0.00647109 -0.00643996 -0.00647109 0.999958 0.461292 0.0547725 0.0839205\nC 32\n0 2\n0 7\n0 4\n0 5\n0 8\n0 1\n0 6\n1 3\n1 6\n1 10\n1 4\n1 7\n2 8\n2 5\n2 9\n2 3\n2 4\n3 10\n3 6\n3 9\n3 5\n3 4\n4 7\n4 8\n4 9\n4 10\n4 5\n4 6\n5 9\n5 8\n6 7\n6 10\nS 4\n2\n1 0.348242 -0.577135 0.195114\n2 -0.296185 -0.585925 0.193386\n2\n0.0260283 -0.58153 0.19425\n-0.999903 -0.0136395 -0.00268119\n2\n5 -0.325442 0.182434 0.0122111\n6 0.359034 0.182076 0.0113585\n2\n0.0167963 0.182255 0.0117848\n0.999999 -0.000523199 -0.00124562\n2\n7 0.359997 -0.538923 -0.13061\n8 -0.310447 -0.528323 -0.133988\n2\n0.0247748 -0.533623 -0.132299\n-0.999862 0.015808 -0.00503699\n2\n9 -0.31367 -0.560186 0.529686\n10 0.358446 -0.567077 0.5289\n2\n0.0223877 -0.563631 0.529293\n0.999947 -0.0102529 -0.00117001\nL 11\n0\n2\n2\n2\n1\n0\n0\n2\n2\n2\n2"
}