{
    "boxes": [
        [
            0.010066499933600426,
            -0.04761229828000069,
            0.09559159725904465,
            0.0922911986708641,
            0.7423350214958191,
            0.7929930090904236,
            0.0009440730209462345,
            0.9979640245437622,
            -0.06376860290765762,
            -0.05230579897761345,
            0.06373059749603271,
            0.996595025062561
        ],
        [
            -0.3950679898262024,
            0.12673500180244446,
            0.026771599426865578,
            0.4730820059776306,
            0.49815499782562256,
            0.1227089986205101,
            -0.21020300686359406,
            0.97325599193573,
            -0.0926700010895729,
            -0.22449499368667603,
            0.04420439898967743,
            0.973471999168396
        ],
        [
            -0.39861899614334106,
            -0.4101710021495819,
            0.38732099533081055,
            0.7997469902038574,
            0.051690999418497086,
            0.051691699773073196,
            0.053626399487257004,
            0.9968709945678711,
            -0.05807960033416748,
            -0.2879279851913452,
            0.07112959772348404,
            0.955007016658783
        ],
        [
            -0.3736569881439209,
            -0.3814069926738739,
            -0.2966879904270172,
            0.8634939789772034,
            0.05180040001869202,
            0.062203299254179,
            0.035528600215911865,
            0.987824022769928,
            0.15146300196647644,
            0.2946679890155792,
            -0.15517599880695343,
            0.9429159760475159
        ],
        [
            0.364888995885849,
            -0.38105300068855286,
            -0.2990509867668152,
            0.8634960055351257,
            0.06440210342407227,
            0.05167030170559883,
            -0.03745179995894432,
            0.9906110167503357,
            0.13147999346256256,
            -0.6823959946632385,
            -0.12147100269794464,
            0.7208189964294434
        ],
        [
            -0.004247310105711222,
            0.3598479926586151,
            -0.2786180078983307,
            0.4249039888381958,
            0.14535300433635712,
            0.7624009847640991,
            -1.3695300367544405e-05,
            0.9813809990882874,
            -0.19207100570201874,
            -1.66355002875207e-05,
            0.19207100570201874,
            0.9813809990882874
        ],
        [
            -0.35168999433517456,
            0.23064100742340088,
            -0.24470999836921692,
            0.6724590063095093,
            0.08055479824542999,
            0.03717759996652603,
            -0.0009852689690887928,
            0.9996100068092346,
            -0.02791230008006096,
            0.0801825001835823,
            0.02790139988064766,
            0.9963899850845337
        ]
    ],
    "ops": [
        [
            0,
            0,
            2,
            1,
            0,
            2,
            0,
            0,
            1,
            1,
            1,
            0,
            0,
            2,
            1,
            1
        ]
    ],
    "syms": [
        [
            0.0,
            0.9999809861183167,
            0.005434560123831034,
            -0.002753379987552762,
            -0.003968869801610708,
            0.1288599967956543,
            0.025694699957966805,
            0.0
        ],
        [
            0.0,
            0.9999880194664001,
            0.0005383819807320833,
            0.004874799866229296,
            -0.0036391899921000004,
            -0.40995800495147705,
            0.38924700021743774,
            0.0
        ],
        [
            0.0,
            0.9999989867210388,
            0.00010241699783364311,
            0.0009968470549210906,
            -0.00428355997428298,
            0.23067599534988403,
            -0.24436399340629578,
            0.0
        ]
    ],
    "labels:": [
        [
            1,
            3,
            2,
            2,
            2,
            0,
            0
        ]
    ],
    "obj": 41181,
    "mat_index": 4078,
    "obbs": "N 10\n-0.00424731 0.359848 -0.278618 -1.36953e-05 0.981381 -0.192071 -1.66355e-05 0.192071 0.981381 1 1.66355e-05 1.36953e-05 0.424904 0.145353 0.762401\n0.38713 0.130986 0.0246179 -0.220935 -0.973839 0.0531585 0.951558 -0.227189 -0.207178 0.213835 0.00481058 0.976858 0.463281 0.121101 0.511199\n-0.395068 0.126735 0.0267716 0.224495 -0.0442044 -0.973472 0.951534 0.225431 0.209199 0.210203 -0.973256 0.09267 0.498155 0.122709 0.473082\n0.0100665 -0.0476123 0.0955916 0.0523058 -0.0637306 -0.996595 0.000944073 0.997964 -0.0637686 0.998631 0.00239461 0.0522595 0.742335 0.0922912 0.792993\n-0.35169 0.230641 -0.24471 0.000985269 -0.99961 0.0279123 0.99678 -0.00125637 -0.0801787 0.0801825 0.0279014 0.99639 0.672459 0.0371776 0.0805548\n0.343123 0.230712 -0.244018 0.000822265 0.999457 -0.0329466 0.997423 0.001544 0.0717313 0.0717432 -0.0329207 -0.99688 0.672495 0.0365027 0.0787599\n-0.373657 -0.381407 -0.296688 0.954939 0.011131 -0.296594 0.294668 -0.155176 0.942916 -0.0355286 -0.987824 -0.151463 0.0622033 0.0518004 0.863494\n0.364889 -0.381053 -0.299051 0.682396 0.121471 -0.720819 0.730023 -0.0627255 0.680539 0.0374518 -0.990611 -0.13148 0.0644021 0.0516703 0.863496\n0.39134 -0.409745 0.391172 -0.351111 -0.0463618 -0.935186 0.935276 0.0301097 -0.352637 0.044507 -0.998471 0.0327892 0.0653959 0.0523704 0.79994\n-0.398619 -0.410171 0.387321 0.287928 -0.0711296 -0.955007 0.956149 -0.0344908 0.290841 -0.0536264 -0.996871 0.0580796 0.051691 0.0516917 0.799747\nC 23\n0 2\n0 7\n0 3\n0 4\n0 5\n0 1\n0 6\n1 3\n1 5\n1 8\n1 7\n2 9\n2 6\n2 3\n2 4\n3 7\n3 6\n3 9\n3 5\n3 8\n3 4\n4 6\n5 7\nS 3\n2\n1 0.38713 0.130986 0.0246179\n2 -0.395068 0.126735 0.0267716\n2\n-0.00396887 0.12886 0.0256947\n-0.999981 -0.00543456 0.00275338\n2\n4 -0.35169 0.230641 -0.24471\n5 0.343123 0.230712 -0.244018\n2\n-0.00428356 0.230676 -0.244364\n0.999999 0.000102417 0.000996847\n2\n8 0.39134 -0.409745 0.391172\n9 -0.398619 -0.410171 0.387321\n2\n-0.00363919 -0.409958 0.389247\n-0.999988 -0.000538382 -0.0048748\nL 10\n0\n3\n3\n1\n0\n0\n2\n2\n2\n2"
}