{
    "boxes": [
        [
            0.003712400095537305,
            -0.08460380136966705,
            0.17589299380779266,
            0.14044399559497833,
            0.7766000032424927,
            0.8202790021896362,
            -0.0003740130050573498,
            0.9999380111694336,
            -0.011142799630761147,
            -2.0838499494857388e-06,
            0.011142799630761147,
            0.9999380111694336
        ],
        [
            0.3500329852104187,
            -0.8215640187263489,
            -0.26260998845100403,
            0.05231890082359314,
            0.04935630038380623,
            0.04762279987335205,
            -0.23927000164985657,
            0.8866479992866516,
            0.3957349956035614,
            -0.5790839791297913,
            -0.4574640095233917,
            0.6748250126838684
        ],
        [
            0.0032144999131560326,
            -0.11772400140762329,
            -0.07994849979877472,
            0.05861400067806244,
            0.05027500167489052,
            0.6169090270996094,
            0.0,
            1.0,
            0.0,
            0.0,
            0.0,
            1.0
        ],
        [
            -0.3117699921131134,
            -0.45531800389289856,
            -0.1710290014743805,
            0.6766639947891235,
            0.06429199874401093,
            0.05147260054945946,
            0.07195209711790085,
            0.9698879718780518,
            0.232682004570961,
            0.05661270022392273,
            -0.23688200116157532,
            0.9698879718780518
        ],
        [
            -0.3426539897918701,
            -0.8113319873809814,
            -0.2662520110607147,
            0.06792370229959488,
            0.04958749935030937,
            0.04730150103569031,
            0.13371799886226654,
            0.9896270036697388,
            0.05251369997859001,
            -0.07173340022563934,
            -0.04318520054221153,
            0.9964889883995056
        ],
        [
            -0.31334900856018066,
            -0.46035200357437134,
            0.3510400056838989,
            0.7441419959068298,
            0.06041349843144417,
            0.04447060078382492,
            0.0871082991361618,
            0.9816539883613586,
            -0.1696069985628128,
            -0.020798100158572197,
            0.17200900614261627,
            0.9848759770393372
        ],
        [
            0.0030712599400430918,
            0.4308120012283325,
            -0.26966598629951477,
            0.4767470061779022,
            0.11806699633598328,
            0.8070650100708008,
            -0.0010546200210228562,
            0.9887300133705139,
            -0.14970499277114868,
            -0.0012263200478628278,
            0.1497039943933487,
            0.9887300133705139
        ],
        [
            -0.259768009185791,
            0.15859399735927582,
            -0.2735550105571747,
            0.6170300245285034,
            0.1684200018644333,
            0.037985701113939285,
            0.07686170190572739,
            0.9558809995651245,
            -0.28352099657058716,
            -0.0029884499963372946,
            0.2845819890499115,
            0.9586470127105713
        ]
    ],
    "ops": [
        [
            0,
            0,
            2,
            0,
            0,
            2,
            1,
            1,
            0,
            2,
            0,
            2,
            1,
            1,
            1,
            0,
            0,
            2,
            1,
            1
        ]
    ],
    "syms": [
        [
            0.0,
            0.002684619976207614,
            0.00440648989751935,
            0.999987006187439,
            0.35095301270484924,
            -0.820052981376648,
            0.08029770106077194,
            0.0
        ],
        [
            0.0,
            0.9994969964027405,
            -0.031250301748514175,
            -0.005331289954483509,
            0.005290490109473467,
            -0.4652320146560669,
            -0.17272000014781952,
            0.0
        ],
        [
            0.0,
            -0.0004325319896452129,
            -0.011417300440371037,
            0.99993497133255,
            -0.3428040146827698,
            -0.8152710199356079,
            0.07877130061388016,
            0.0
        ],
        [
            0.0,
            0.9999840259552002,
            -0.0014098499668762088,
            0.005408430006355047,
            0.0037988699041306973,
            -0.4607990086078644,
            0.35275501012802124,
            0.0
        ],
        [
            0.0,
            0.9999849796295166,
            0.0029694701079279184,
            0.004545819945633411,
            0.0038441698998212814,
            0.15937699377536774,
            -0.2723569869995117,
            0.0
        ]
    ],
    "labels:": [
        [
            1,
            2,
            2,
            2,
            2,
            2,
            0,
            0
        ]
    ],
    "obj": 41186,
    "mat_index": 4081,
    "obbs": "N 13\n0.00307126 0.430812 -0.269666 0.999999 0.00122632 0.00105462 -0.00122632 0.149704 0.98873 0.00105462 -0.98873 0.149705 0.807065 0.118067 0.476747\n0.0037124 -0.0846038 0.175893 1 0.000374013 -2.08385e-06 -0.000374013 0.999938 -0.0111428 -2.08385e-06 0.0111428 0.999938 0.820279 0.140444 0.7766\n0.0032145 -0.117724 -0.0799485 1 0 0 0 1 0 0 0 1 0.616909 0.058614 0.050275\n0.350033 -0.821564 -0.26261 -0.23927 0.886648 0.395735 -0.579084 -0.457464 0.674825 0.779366 -0.0676989 0.622901 0.0523189 0.0493563 0.0476228\n0.351874 -0.818542 0.423206 0.113646 -0.97903 0.169072 0.746973 -0.0280052 -0.664264 0.655069 0.201783 0.728126 0.0452421 0.0474193 0.0474364\n-0.342654 -0.811332 -0.266252 -0.98842 0.137016 -0.0652147 -0.0717334 -0.0431852 0.996489 0.133718 0.989627 0.0525137 0.0473015 0.0495875 0.0679237\n-0.342953 -0.819211 0.423795 -0.217732 -0.962565 0.161433 0.962565 -0.239133 -0.127606 0.161433 0.127606 0.978599 0.049021 0.0489536 0.0470521\n0.267457 0.160159 -0.271159 -0.0755941 0.95915 -0.272609 0.997124 0.0741972 -0.0154445 0.00541323 -0.272993 -0.962001 0.617171 0.0364784 0.168993\n-0.259768 0.158594 -0.273555 0.00298845 -0.284582 -0.958647 0.997037 -0.072836 0.02473 -0.0768617 -0.955881 0.283521 0.16842 0.0379857 0.61703\n0.32235 -0.475145 -0.174411 -0.108315 0.968789 0.22297 -0.044562 -0.228796 0.972454 0.993117 0.0953952 0.0679532 0.724969 0.0620987 0.059843\n-0.31177 -0.455318 -0.171029 0.0719521 0.969888 0.232682 0.0566127 -0.236882 0.969888 0.9958 -0.0566127 -0.0719521 0.676664 0.064292 0.0514726\n0.320947 -0.461246 0.35447 0.995556 0.0894423 -0.029466 0.0135672 0.173408 0.984757 0.0931885 -0.98078 0.171424 0.0481881 0.0527179 0.740731\n-0.313349 -0.460352 0.35104 0.0871083 0.981654 -0.169607 -0.0207981 0.172009 0.984876 0.995982 -0.0822633 0.0354 0.744142 0.0604135 0.0444706\nC 20\n0 1\n0 7\n0 8\n1 2\n1 12\n1 11\n1 8\n1 9\n1 7\n1 10\n2 7\n2 9\n2 8\n2 10\n3 9\n4 11\n5 10\n6 12\n7 9\n8 10\nS 5\n2\n3 0.350033 -0.821564 -0.26261\n4 0.351874 -0.818542 0.423206\n2\n0.350953 -0.820053 0.0802977\n0.00268462 0.00440649 0.999987\n2\n5 -0.342654 -0.811332 -0.266252\n6 -0.342953 -0.819211 0.423795\n2\n-0.342804 -0.815271 0.0787713\n-0.000432532 -0.0114173 0.999935\n2\n7 0.267457 0.160159 -0.271159\n8 -0.259768 0.158594 -0.273555\n2\n0.00384417 0.159377 -0.272357\n-0.999985 -0.00296947 -0.00454582\n2\n9 0.32235 -0.475145 -0.174411\n10 -0.31177 -0.455318 -0.171029\n2\n0.00529049 -0.465232 -0.17272\n-0.999497 0.0312503 0.00533129\n2\n11 0.320947 -0.461246 0.35447\n12 -0.313349 -0.460352 0.35104\n2\n0.00379887 -0.460799 0.352755\n-0.999984 0.00140985 -0.00540843\nL 13\n0\n1\n2\n2\n2\n2\n2\n0\n0\n2\n2\n2\n2"
}