{
    "boxes": [
        [
            0.017933500930666924,
            -0.12282499670982361,
            0.12863600254058838,
            0.1124420017004013,
            0.8787320256233215,
            0.9329349994659424,
            -0.005271470174193382,
            0.9999719858169556,
            -0.0053800600580871105,
            -0.05234939977526665,
            0.005096800159662962,
            0.9986159801483154
        ],
        [
            -0.4549050033092499,
            0.006356750149279833,
            0.5134099721908569,
            0.5835549831390381,
            0.09545040130615234,
            0.04193050041794777,
            -0.0646687000989914,
            0.9850119948387146,
            -0.15990599989891052,
            0.2663930058479309,
            0.17146700620651245,
            0.9484900236129761
        ],
        [
            -0.4292750060558319,
            0.37744200229644775,
            0.0735682025551796,
            0.09810200333595276,
            0.9108650088310242,
            0.09894649684429169,
            -0.5796719789505005,
            0.8040469884872437,
            0.13224899768829346,
            -0.16956600546836853,
            -0.27777299284935,
            0.945563018321991
        ],
        [
            -0.4506570100784302,
            -0.4555470049381256,
            0.5289409756660461,
            0.6334260106086731,
            0.0342940017580986,
            0.03447600081562996,
            0.0,
            1.0,
            0.0,
            0.0,
            0.0,
            1.0
        ],
        [
            -0.0017195000546053052,
            -0.30729299783706665,
            -0.36172598600387573,
            0.03407000005245209,
            0.03407000005245209,
            0.6823850274085999,
            0.0,
            1.0,
            5.648850219586166e-06,
            0.0,
            -5.648850219586166e-06,
            1.0
        ],
        [
            0.3359610140323639,
            -0.4354979991912842,
            -0.3841420114040375,
            0.6939169764518738,
            0.07333219796419144,
            0.035624999552965164,
            0.037595100700855255,
            0.9560940265655518,
            0.2906399965286255,
            0.1696780025959015,
            -0.2927300035953522,
            0.9410200119018555
        ],
        [
            -0.3350369930267334,
            0.17276600003242493,
            -0.26729899644851685,
            0.6837049722671509,
            0.14764299988746643,
            0.04765310138463974,
            0.06022519990801811,
            0.9416429996490479,
            -0.33118098974227905,
            -0.2790620028972626,
            0.3344370126724243,
            0.9001529812812805
        ],
        [
            -0.0026352601125836372,
            0.21781499683856964,
            -0.3210180103778839,
            0.7031790018081665,
            0.1430550068616867,
            0.679282009601593,
            0.0006291290046647191,
            0.960906982421875,
            -0.276868999004364,
            0.0008359969942830503,
            0.27686798572540283,
            0.960906982421875
        ],
        [
            -0.00452149985358119,
            0.5359780192375183,
            -0.3920390009880066,
            0.04260440170764923,
            0.15430699288845062,
            0.6885010004043579,
            4.378449887099123e-07,
            0.9570239782333374,
            0.290008008480072,
            -6.48833022864892e-08,
            -0.290008008480072,
            0.9570239782333374
        ]
    ],
    "ops": [
        [
            0,
            0,
            0,
            1,
            2,
            1,
            0,
            2,
            0,
            2,
            0,
            2,
            1,
            1,
            1,
            0,
            2,
            0,
            0,
            1,
            1,
            1
        ]
    ],
    "syms": [
        [
            0.0,
            0.9997140169143677,
            0.02306940034031868,
            -0.006256069988012314,
            -0.0008240040042437613,
            0.016835099086165428,
            0.5105689764022827,
            0.0
        ],
        [
            0.0,
            0.9999279975891113,
            0.012000399641692638,
            -7.071530126268044e-05,
            -0.0017059999518096447,
            -0.4501590132713318,
            0.5289090275764465,
            0.0
        ],
        [
            0.0,
            -0.006024819798767567,
            0.054404400289058685,
            0.9985010027885437,
            -0.004406750202178955,
            -0.2830269932746887,
            0.08363520354032516,
            0.0
        ],
        [
            0.0,
            0.9998189806938171,
            -0.014917200431227684,
            -0.01181820034980774,
            -0.002790960017591715,
            -0.43044400215148926,
            -0.38013699650764465,
            0.0
        ],
        [
            0.0,
            0.9999989867210388,
            0.0009522829786874354,
            0.0011368000414222479,
            -0.0016207699663937092,
            0.17308300733566284,
            -0.2669200003147125,
            0.0
        ]
    ],
    "labels:": [
        [
            1,
            3,
            3,
            2,
            2,
            2,
            0,
            0,
            0
        ]
    ],
    "obj": 41194,
    "mat_index": 4084,
    "obbs": "N 15\n-0.00263526 0.217815 -0.321018 0.999999 -0.000835997 -0.000629129 0.000835997 0.276868 0.960907 -0.000629129 -0.960907 0.276869 0.679282 0.143055 0.703179\n-0.0045215 0.535978 -0.392039 1 -4.37845e-07 -6.48833e-08 4.37845e-07 0.957024 0.290008 -6.48833e-08 -0.290008 0.957024 0.688501 0.0426044 0.154307\n0.0179335 -0.122825 0.128636 0.0523494 -0.0050968 -0.998616 -0.00527147 0.999972 -0.00538006 0.998615 0.00554582 0.052321 0.878732 0.112442 0.932935\n0.331796 0.173401 -0.266541 -0.27471 -0.328027 -0.903843 0.959805 -0.0373142 -0.278176 0.0575231 -0.943931 0.325093 0.147304 0.0475237 0.683464\n-0.335037 0.172766 -0.267299 0.0602252 0.941643 -0.331181 0.958383 0.0382083 0.282919 0.279062 -0.334437 -0.900153 0.683705 0.0476531 0.147643\n0.453257 0.0273135 0.507727 0.189088 -0.166321 -0.967772 0.979511 -0.0376122 0.197846 -0.0693059 -0.985354 0.155801 0.0994765 0.0445905 0.556053\n-0.454905 0.00635675 0.51341 0.0646687 -0.985012 0.159906 0.961693 0.0187397 -0.273489 0.266393 0.171467 0.94849 0.583555 0.0419305 0.0954504\n-0.429275 0.377442 0.0735682 0.169566 0.277773 -0.945563 -0.579672 0.804047 0.132249 0.797012 0.525691 0.297356 0.910865 0.098102 0.0989465\n0.423402 0.373661 0.0732006 0.828726 -0.473192 -0.298834 0.531414 0.832813 0.154991 0.175533 -0.28725 0.941635 0.104542 0.11279 0.911623\n-0.0017195 -0.307293 -0.361726 1 0 0 0 1 5.64885e-06 0 -5.64885e-06 1 0.682385 0.03407 0.03407\n-0.007094 -0.258761 0.528996 1 0 -0 0 -9.78385e-06 1 0 -1 -9.78385e-06 0.887094 0.034069 0.03407\n0.335961 -0.435498 -0.384142 -0.0375951 -0.956094 -0.29064 0.984782 0.0139375 -0.173233 0.169678 -0.29273 0.94102 0.693917 0.035625 0.0733322\n-0.450657 -0.455547 0.528941 1 0 0 0 1 0 0 0 1 0.034476 0.633426 0.034294\n-0.341543 -0.425389 -0.376133 0.0380763 -0.941675 -0.334363 0.996636 0.0114864 0.0811445 -0.0725711 -0.336328 0.938945 0.716399 0.0354739 0.101939\n0.447245 -0.444771 0.528878 1 0 0 0 1 0 0 0 1 0.034528 0.655032 0.034167\nC 40\n0 2\n0 7\n0 3\n0 11\n0 4\n0 8\n0 1\n0 13\n0 9\n1 3\n1 4\n1 8\n1 7\n2 8\n2 12\n2 5\n2 9\n2 13\n2 6\n2 10\n2 3\n2 14\n2 11\n2 4\n3 11\n3 9\n3 8\n4 7\n4 9\n4 13\n5 8\n5 10\n5 14\n6 7\n6 10\n6 12\n9 11\n9 13\n10 12\n10 14\nS 6\n2\n3 0.331796 0.173401 -0.266541\n4 -0.335037 0.172766 -0.267299\n2\n-0.00162077 0.173083 -0.26692\n-0.999999 -0.000952283 -0.0011368\n2\n5 0.453257 0.0273135 0.507727\n6 -0.454905 0.00635675 0.51341\n2\n-0.000824004 0.0168351 0.510569\n-0.999714 -0.0230694 0.00625607\n2\n7 -0.429275 0.377442 0.0735682\n8 0.423402 0.373661 0.0732006\n2\n-0.00293637 0.375552 0.0733844\n0.99999 -0.00443452 -0.000431132\n2\n9 -0.0017195 -0.307293 -0.361726\n10 -0.007094 -0.258761 0.528996\n2\n-0.00440675 -0.283027 0.0836352\n-0.00602482 0.0544044 0.998501\n2\n11 0.335961 -0.435498 -0.384142\n13 -0.341543 -0.425389 -0.376133\n2\n-0.00279096 -0.430444 -0.380137\n-0.999819 0.0149172 0.0118182\n2\n12 -0.450657 -0.455547 0.528941\n14 0.447245 -0.444771 0.528878\n2\n-0.001706 -0.450159 0.528909\n0.999928 0.0120004 -7.07153e-05\nL 15\n0\n0\n1\n0\n0\n3\n3\n3\n3\n2\n2\n2\n2\n2\n2"
}