{
    "boxes": [
        [
            -0.0005499999970197678,
            -0.08810699731111526,
            0.09110250324010849,
            0.23439200222492218,
            0.8544930219650269,
            0.6550459861755371,
            0.0,
            1.0,
            0.0,
            0.0,
            0.0,
            1.0
        ],
        [
            -0.26862001419067383,
            -0.5175229907035828,
            -0.20912599563598633,
            0.6958979964256287,
            0.08348940312862396,
            0.06503990292549133,
            -0.0038852300494909286,
            0.9998509883880615,
            0.01683329977095127,
            -0.17340999841690063,
            -0.0172520000487566,
            0.984699010848999
        ],
        [
            -0.25630301237106323,
            -0.5173559784889221,
            0.4565419852733612,
            0.6961349844932556,
            0.08778510242700577,
            0.08916260302066803,
            -0.009661289863288403,
            0.9998980164527893,
            0.010522199794650078,
            0.6969500184059143,
            -0.0008122880244627595,
            0.7171189785003662
        ],
        [
            0.2751759886741638,
            -0.5178700089454651,
            0.45708099007606506,
            0.6951040029525757,
            0.07750599831342697,
            0.06867299973964691,
            0.0,
            1.0,
            0.0,
            0.0,
            0.0,
            1.0
        ],
        [
            -0.0001569419982843101,
            0.38373300433158875,
            -0.25166499614715576,
            0.7911900281906128,
            0.10687600076198578,
            0.642844021320343,
            -0.0009384040022268891,
            0.9999750256538391,
            0.0070120501331985,
            -0.0009318459779024124,
            -0.007012929767370224,
            0.9999750256538391
        ]
    ],
    "ops": [
        [
            0,
            0,
            2,
            0,
            0,
            1,
            1,
            1,
            0,
            1
        ]
    ],
    "syms": [
        [
            0.0,
            0.9999930262565613,
            0.0003531039983499795,
            0.0037404499016702175,
            0.0006542659830302,
            -0.5174279808998108,
            -0.2081190049648285,
            0.0
        ]
    ],
    "labels:": [
        [
            1,
            2,
            2,
            2,
            0
        ]
    ],
    "obj": 41202,
    "mat_index": 4088,
    "obbs": "N 6\n-0.00055 -0.088107 0.0911025 1 0 0 0 1 0 0 0 1 0.655046 0.234392 0.854493\n-0.000156942 0.383733 -0.251665 -0.000938404 0.999975 0.00701205 -0.000931846 -0.00701293 0.999975 0.999999 0.000931846 0.000938404 0.79119 0.106876 0.642844\n0.269929 -0.517332 -0.207112 1 0 0 0 1 0 0 0 1 0.080271 0.696193 0.093251\n-0.26862 -0.517523 -0.209126 0.17341 0.017252 -0.984699 0.984842 0.000906732 0.173451 0.00388523 -0.999851 -0.0168333 0.0834894 0.0650399 0.695898\n-0.256303 -0.517356 0.456542 0.717055 0.0142617 -0.696871 0.69695 -0.000812288 0.717119 0.00966129 -0.999898 -0.0105222 0.0891626 0.0877851 0.696135\n0.275176 -0.51787 0.457081 1 0 0 0 1 0 0 0 1 0.068673 0.695104 0.077506\nC 7\n0 1\n0 5\n0 4\n0 3\n0 2\n1 2\n1 3\nS 1\n2\n2 0.269929 -0.517332 -0.207112\n3 -0.26862 -0.517523 -0.209126\n2\n0.000654266 -0.517428 -0.208119\n-0.999993 -0.000353104 -0.00374045\nL 6\n1\n0\n2\n2\n2\n2"
}