{
    "boxes": [
        [
            -0.0033281499054282904,
            -0.13325999677181244,
            0.21580499410629272,
            0.07132349908351898,
            0.7584949731826782,
            0.8185650110244751,
            -0.000650494999717921,
            0.9999340176582336,
            0.011464900337159634,
            3.7290399177436484e-06,
            -0.011464900337159634,
            0.9999340176582336
        ],
        [
            -0.0031948499381542206,
            -0.4918459951877594,
            0.23333700001239777,
            0.6818730235099792,
            0.21452400088310242,
            0.19536800682544708,
            -0.011039500124752522,
            0.9998980164527893,
            0.00902946013957262,
            0.6181750297546387,
            -0.00027322699315845966,
            0.7860410213470459
        ],
        [
            -0.003396000014618039,
            -0.8349019885063171,
            0.22995999455451965,
            0.04214699938893318,
            0.3412419855594635,
            0.34106600284576416,
            0.0,
            1.0,
            0.0,
            0.0,
            0.0,
            1.0
        ],
        [
            -0.003545579966157675,
            0.38062798976898193,
            -0.2749989926815033,
            1.0396599769592285,
            0.038908701390028,
            0.8043349981307983,
            -0.0030281299259513617,
            0.9666029810905457,
            -0.2562609910964966,
            -0.003935520071536303,
            0.25624799728393555,
            0.9666029810905457
        ]
    ],
    "ops": [
        [
            0,
            0,
            0,
            1,
            1,
            0,
            1
        ]
    ],
    "syms": [
        [
            0.0,
            0.0,
            0.0,
            0.0,
            0.0,
            0.0,
            0.0,
            0.0
        ]
    ],
    "labels:": [
        [
            1,
            2,
            2,
            0
        ]
    ],
    "obj": 2641,
    "mat_index": 410,
    "obbs": "N 4\n-0.00354558 0.380628 -0.274999 -0.00302813 0.966603 -0.256261 -0.00393552 0.256248 0.966603 0.999988 0.00393552 0.00302813 1.03966 0.0389087 0.804335\n-0.00332815 -0.13326 0.215805 1 0.000650495 3.72904e-06 -0.000650495 0.999934 0.0114649 3.72904e-06 -0.0114649 0.999934 0.818565 0.0713235 0.758495\n-0.00319485 -0.491846 0.233337 -0.0110395 0.999898 0.00902946 0.618175 -0.000273227 0.786041 0.785963 0.0142592 -0.618109 0.681873 0.214524 0.195368\n-0.003396 -0.834902 0.22996 1 0 0 0 1 0 0 0 1 0.341066 0.042147 0.341242\nC 4\n0 1\n0 2\n1 2\n2 3\nS 0\nL 4\n0\n1\n2\n2"
}