{
    "boxes": [
        [
            0.008771180175244808,
            -0.24132099747657776,
            0.2281389981508255,
            0.3478200137615204,
            0.7648239731788635,
            0.8072720170021057,
            0.041933901607990265,
            0.9496319890022278,
            -0.31054800748825073,
            0.006679470185190439,
            0.31054800748825073,
            0.9505339860916138
        ],
        [
            -0.4820910096168518,
            0.12293899804353714,
            0.15591900050640106,
            0.05334100127220154,
            0.8264819979667664,
            0.18632200360298157,
            0.0,
            1.0,
            0.0,
            0.0,
            0.0,
            1.0
        ],
        [
            -0.4670239984989166,
            0.0427590012550354,
            0.1556829959154129,
            0.10701800137758255,
            0.8269550204277039,
            0.05318199843168259,
            0.0,
            1.0,
            0.0,
            0.0,
            0.0,
            1.0
        ],
        [
            0.3788760006427765,
            -0.4206260144710541,
            -0.43860799074172974,
            0.2010660022497177,
            0.7013229727745056,
            0.07249350100755692,
            0.040953099727630615,
            0.9756889939308167,
            -0.21529799699783325,
            0.016436399891972542,
            0.21479099988937378,
            0.9765220284461975
        ],
        [
            -0.414682000875473,
            -0.24737800657749176,
            0.47696200013160706,
            0.6872919797897339,
            0.18439699709415436,
            0.05150299891829491,
            0.0,
            1.0,
            0.0,
            0.0,
            0.0,
            1.0
        ],
        [
            -0.2959589958190918,
            0.3314560055732727,
            -0.28116101026535034,
            1.100100040435791,
            0.057496700435876846,
            0.19592100381851196,
            -0.009886110201478004,
            0.9723550081253052,
            -0.23329800367355347,
            -0.012537900358438492,
            0.2331710010766983,
            0.9723550081253052
        ],
        [
            0.00913500040769577,
            -0.1758500039577484,
            -0.21210800111293793,
            0.18449099361896515,
            0.05136530101299286,
            0.7946360111236572,
            -0.0,
            0.9719600081443787,
            -0.23514500260353088,
            0.0,
            0.23514500260353088,
            0.9719600081443787
        ],
        [
            0.00913500040769577,
            0.7009159922599792,
            -0.424221009016037,
            0.1045060008764267,
            0.05136540159583092,
            0.7946360111236572,
            -0.0,
            0.9719600081443787,
            -0.23514799773693085,
            -0.0,
            0.23514799773693085,
            0.9719600081443787
        ]
    ],
    "ops": [
        [
            0,
            0,
            0,
            1,
            2,
            1,
            0,
            0,
            1,
            2,
            1,
            0,
            2,
            0,
            0,
            2,
            1,
            1,
            1
        ]
    ],
    "syms": [
        [
            0.0,
            1.0,
            -0.0,
            -0.00032870701397769153,
            0.007707249838858843,
            0.12293899804353714,
            0.15575799345970154,
            0.0
        ],
        [
            0.0,
            0.9997950196266174,
            -0.007236550096422434,
            -0.018936200067400932,
            0.008951240219175816,
            -0.41794899106025696,
            -0.43160098791122437,
            0.0
        ],
        [
            1.0,
            0.4007030129432678,
            0.2208566665649414,
            -0.18741333484649658,
            -0.2959589958190918,
            0.3314560055732727,
            -0.28116101026535034,
            0.25
        ],
        [
            0.0,
            -0.0009964799974113703,
            0.9781349897384644,
            -0.20796799659729004,
            0.009470250457525253,
            0.37183699011802673,
            -0.35425299406051636,
            0.0
        ]
    ],
    "labels:": [
        [
            1,
            3,
            3,
            2,
            2,
            0,
            0,
            0
        ]
    ],
    "obj": 41284,
    "mat_index": 4138,
    "obbs": "N 16\n0.497505 0.122939 0.155597 1 0 0 0 1 0 0 0 1 0.183599 0.053341 0.827126\n0.4838 0.042759 0.154428 1 0 0 0 1 0 0 0 1 0.053182 0.107018 0.829463\n-0.482091 0.122939 0.155919 1 0 0 0 1 0 0 0 1 0.186322 0.053341 0.826482\n-0.467024 0.042759 0.155683 1 0 0 0 1 0 0 0 1 0.053182 0.107018 0.826955\n0.00877118 -0.241321 0.228139 -0.00667947 -0.310548 -0.950534 0.0419339 0.949632 -0.310548 0.999098 -0.0419339 0.00667947 0.764824 0.34782 0.807272\n0.009135 0.700916 -0.424221 1 0 0 -0 0.235148 0.97196 0 -0.97196 0.235148 0.794636 0.0513654 0.104506\n0.0098055 0.042759 -0.284285 1 0 0 0 1 0 0 0 1 1.00684 0.107018 0.052981\n0.009135 -0.17585 -0.212108 1 0 0 0 0.235145 0.97196 0 -0.97196 0.235145 0.794636 0.0513653 0.184491\n0.378876 -0.420626 -0.438608 -0.0164364 -0.214791 -0.976522 0.999026 -0.0435303 -0.00724043 -0.0409531 -0.975689 0.215298 0.701323 0.0724935 0.201066\n-0.360974 -0.415271 -0.424595 0.0110074 -0.260281 -0.96547 0.998795 0.04905 -0.00183605 0.0478342 -0.964286 0.260507 0.758636 0.0689305 0.204685\n0.431457 -0.247378 0.476977 1 0 0 0 1 0 0 0 1 0.051503 0.687292 0.184365\n-0.414682 -0.247378 0.476962 1 0 0 0 1 0 0 0 1 0.051503 0.687292 0.184397\n0.314232 0.331798 -0.281243 0.999865 -0.0129076 -0.0101778 0.0129076 0.23315 0.972355 -0.0101778 -0.972355 0.233285 0.19626 0.0575867 1.10086\n0.111281 0.331741 -0.281229 1 0 0 -0 0.235142 0.971961 0 -0.971961 0.235142 0.184444 0.0529815 1.09882\n-0.0916635 0.331741 -0.281229 1 0 0 0 0.235142 0.971961 0 -0.971961 0.235142 0.184443 0.0529815 1.09882\n-0.295959 0.331456 -0.281161 -0.00988611 0.972355 -0.233298 -0.0125379 0.233171 0.972355 0.999873 0.0125379 0.00988611 1.1001 0.0574967 0.195921\nC 60\n0 7\n0 10\n0 4\n0 12\n0 1\n0 13\n0 6\n1 6\n1 10\n1 4\n1 12\n1 8\n1 7\n2 6\n2 3\n2 14\n2 7\n2 11\n2 15\n2 4\n3 15\n3 11\n3 7\n3 6\n3 9\n3 4\n4 7\n4 8\n4 12\n4 9\n4 13\n4 10\n4 14\n4 11\n4 6\n4 15\n5 13\n5 12\n5 15\n5 14\n6 14\n6 7\n6 15\n6 12\n6 13\n7 12\n7 15\n7 14\n7 9\n7 8\n7 13\n8 13\n8 12\n9 15\n9 14\n12 13\n12 14\n13 15\n13 14\n14 15\nS 6\n2\n0 0.497505 0.122939 0.155597\n2 -0.482091 0.122939 0.155919\n2\n0.00770725 0.122939 0.155758\n-1 0 0.000328707\n2\n1 0.4838 0.042759 0.154428\n3 -0.467024 0.042759 0.155683\n2\n0.008388 0.042759 0.155056\n-0.999999 0 0.00131885\n2\n6 0.0098055 0.042759 -0.284285\n5 0.009135 0.700916 -0.424221\n2\n0.00947025 0.371837 -0.354253\n-0.00099648 0.978135 -0.207968\n2\n8 0.378876 -0.420626 -0.438608\n9 -0.360974 -0.415271 -0.424595\n2\n0.00895124 -0.417949 -0.431601\n-0.999795 0.00723655 0.0189362\n2\n10 0.431457 -0.247378 0.476977\n11 -0.414682 -0.247378 0.476962\n2\n0.008388 -0.247378 0.47697\n-1 0 -1.89094e-05\n4\n12 0.314232 0.331798 -0.281243\n13 0.111281 0.331741 -0.281229\n14 -0.0916635 0.331741 -0.281229\n15 -0.295959 0.331456 -0.281161\n1\n0 0 0\n0 0 0\nL 16\n3\n3\n3\n3\n1\n0\n0\n0\n2\n2\n2\n2\n0\n0\n0\n0"
}