{
    "boxes": [
        [
            -0.010054799728095531,
            -0.08448620140552521,
            0.08994749933481216,
            0.15848800539970398,
            0.6274440288543701,
            0.7095760107040405,
            0.022055599838495255,
            0.9980779886245728,
            -0.05791740119457245,
            0.0006393140065483749,
            0.05791740119457245,
            0.998320996761322
        ],
        [
            -0.31352201104164124,
            0.03400599956512451,
            0.1051580011844635,
            0.2339179962873459,
            0.597993016242981,
            0.10232099890708923,
            0.0,
            1.0,
            0.0,
            0.0,
            0.0,
            1.0
        ],
        [
            -0.3358609974384308,
            -0.47100400924682617,
            0.11186400055885315,
            0.9474409818649292,
            0.13302800059318542,
            0.07327120006084442,
            0.007929869927465916,
            0.7143110036849976,
            -0.699783980846405,
            0.195809006690979,
            0.6851490139961243,
            0.7015910148620605
        ],
        [
            -0.33835598826408386,
            -0.8405730128288269,
            0.1245800033211708,
            0.05078599974513054,
            0.5914649963378906,
            0.05242900177836418,
            0.0,
            1.0,
            0.0,
            0.0,
            0.0,
            1.0
        ],
        [
            -0.012591499835252762,
            0.35545599460601807,
            -0.1762869954109192,
            0.8371970057487488,
            0.06360500305891037,
            0.6196810007095337,
            0.0,
            1.0,
            0.0,
            0.0,
            0.0,
            1.0
        ]
    ],
    "ops": [
        [
            0,
            0,
            2,
            1,
            0,
            0,
            1,
            2,
            1,
            0,
            1
        ]
    ],
    "syms": [
        [
            0.0,
            0.9999930262565613,
            0.0013425500364974141,
            -0.0035165499430149794,
            -0.010740700177848339,
            0.03441249951720238,
            0.104093998670578,
            0.0
        ],
        [
            0.0,
            0.9997649788856506,
            -0.021534299477934837,
            -0.002676629927009344,
            -0.009407970122992992,
            -0.47803500294685364,
            0.1109900027513504,
            0.0
        ]
    ],
    "labels:": [
        [
            1,
            3,
            2,
            2,
            0
        ]
    ],
    "obj": 41341,
    "mat_index": 4165,
    "obbs": "N 8\n-0.0125915 0.355456 -0.176287 1 0 0 0 1 0 0 0 1 0.619681 0.837197 0.063605\n0.29204 0.034819 0.103029 1 0 0 0 1 0 0 0 1 0.102262 0.232626 0.597888\n-0.313522 0.034006 0.105158 1 0 0 0 1 0 0 0 1 0.102321 0.233918 0.597993\n-0.0100548 -0.0844862 0.0899475 0.999757 -0.0220556 0.000639314 0.0220556 0.998078 -0.0579174 0.000639314 0.0579174 0.998321 0.709576 0.158488 0.627444\n-0.335861 -0.471004 0.111864 -0.195809 -0.685149 -0.701591 0.98061 -0.142588 -0.134436 -0.00792987 -0.714311 0.699784 0.133028 0.0732712 0.947441\n0.317045 -0.485067 0.110116 0.000353817 0.727112 -0.686519 0.999472 -0.0225565 -0.0233752 -0.0324818 -0.686149 -0.726736 0.932082 0.054728 0.114034\n0.316897 -0.840355 0.12018 1 0 0 0 1 0 0 0 1 0.052493 0.051223 0.582663\n-0.338356 -0.840573 0.12458 1 0 0 0 1 0 0 0 1 0.052429 0.050786 0.591465\nC 13\n0 1\n0 5\n0 4\n0 3\n0 2\n1 3\n1 5\n2 4\n2 3\n3 4\n3 5\n4 7\n5 6\nS 3\n2\n1 0.29204 0.034819 0.103029\n2 -0.313522 0.034006 0.105158\n2\n-0.0107407 0.0344125 0.104094\n-0.999993 -0.00134255 0.00351655\n2\n4 -0.335861 -0.471004 0.111864\n5 0.317045 -0.485067 0.110116\n2\n-0.00940797 -0.478035 0.11099\n0.999765 -0.0215343 -0.00267663\n2\n6 0.316897 -0.840355 0.12018\n7 -0.338356 -0.840573 0.12458\n2\n-0.010729 -0.840464 0.12238\n-0.999977 -0.000333451 0.00671481\nL 8\n0\n3\n3\n1\n2\n2\n2\n2"
}