{
    "boxes": [
        [
            -0.0182109996676445,
            -0.2031240016222,
            0.33441999554634094,
            0.23482899367809296,
            0.9045010209083557,
            1.2888000011444092,
            0.007215320132672787,
            0.9853929877281189,
            -0.17014500498771667,
            0.0006183430086821318,
            0.17014500498771667,
            0.985418975353241
        ],
        [
            -0.012368200346827507,
            -0.3510110080242157,
            0.05927180126309395,
            0.2099200040102005,
            0.09522809833288193,
            0.10888999700546265,
            0.04222739860415459,
            0.9983590245246887,
            -0.0386682003736496,
            0.5914819836616516,
            0.006211330182850361,
            0.8062940239906311
        ],
        [
            -0.02016099914908409,
            -0.45669499039649963,
            0.07136949896812439,
            0.09106200188398361,
            0.7117350101470947,
            0.7117319703102112,
            0.0,
            1.0,
            0.0,
            0.0,
            0.0,
            1.0
        ],
        [
            -0.017607999965548515,
            0.037484899163246155,
            -0.17527100443840027,
            0.7366340160369873,
            0.339913010597229,
            1.2325199842453003,
            -0.0032740600872784853,
            0.7916550040245056,
            -0.610958993434906,
            -0.006662359926849604,
            0.6109309792518616,
            0.7916550040245056
        ],
        [
            -0.013625499792397022,
            0.24441500008106232,
            -0.29317501187324524,
            1.2304199934005737,
            0.33550599217414856,
            1.283560037612915,
            0.0011478300439193845,
            0.8922529816627502,
            -0.4515349864959717,
            0.0018673200393095613,
            0.4515329897403717,
            0.8922529816627502
        ]
    ],
    "ops": [
        [
            0,
            0,
            0,
            1,
            1,
            0,
            0,
            1,
            1
        ]
    ],
    "syms": [
        [
            0.0,
            0.0,
            0.0,
            0.0,
            0.0,
            0.0,
            0.0,
            0.0
        ]
    ],
    "labels:": [
        [
            1,
            2,
            2,
            0,
            0
        ]
    ],
    "obj": 41354,
    "mat_index": 4171,
    "obbs": "N 5\n-0.017608 0.0374849 -0.175271 0.999972 0.00666236 0.00327406 -0.00666236 0.610931 0.791655 0.00327406 -0.791655 0.610959 1.23252 0.339913 0.736634\n-0.018211 -0.203124 0.33442 0.999974 -0.00721532 0.000618343 0.00721532 0.985393 -0.170145 0.000618343 0.170145 0.985419 1.2888 0.234829 0.904501\n-0.0136255 0.244415 -0.293175 0.999998 -0.00186732 -0.00114783 0.00186732 0.451533 0.892253 -0.00114783 -0.892253 0.451535 1.28356 0.335506 1.23042\n-0.0123682 -0.351011 0.0592718 0.805212 -0.0569193 -0.590249 0.591482 0.00621133 0.806294 -0.0422274 -0.998359 0.0386682 0.10889 0.0952281 0.20992\n-0.020161 -0.456695 0.0713695 1 0 0 0 1 0 0 0 1 0.711732 0.091062 0.711735\nC 10\n0 1\n0 4\n0 3\n0 2\n1 2\n1 3\n1 4\n2 4\n2 3\n3 4\nS 0\nL 5\n0\n1\n0\n2\n2"
}