{
    "boxes": [
        [
            0.03912549838423729,
            -0.11262799799442291,
            0.048312000930309296,
            0.17326000332832336,
            0.6414579749107361,
            0.7778210043907166,
            0.0,
            1.0,
            0.0,
            0.0,
            0.0,
            1.0
        ],
        [
            0.3969480097293854,
            0.01757729984819889,
            -0.17241999506950378,
            0.33342400193214417,
            0.04350600019097328,
            0.04493679851293564,
            0.18315500020980835,
            0.9726030230522156,
            0.14317099750041962,
            0.06808160245418549,
            -0.157833993434906,
            0.9851160049438477
        ],
        [
            0.47486600279808044,
            0.2213039994239807,
            0.034269899129867554,
            0.058775998651981354,
            0.426923006772995,
            0.0911794975399971,
            -0.37554699182510376,
            0.9267529845237732,
            0.009658990427851677,
            0.14684300124645233,
            0.049208398908376694,
            0.9879350066184998
        ],
        [
            -0.3603000044822693,
            0.20237399637699127,
            -0.11505699902772903,
            0.16717800498008728,
            0.12108000367879868,
            0.08777129650115967,
            -0.19767099618911743,
            0.9800609946250916,
            0.020186100155115128,
            -0.3254840075969696,
            -0.08504410088062286,
            0.9417150020599365
        ],
        [
            -0.31066998839378357,
            0.02404320053756237,
            -0.17438599467277527,
            0.32320600748062134,
            0.033588699996471405,
            0.042961400002241135,
            -0.1448419988155365,
            0.9768679738044739,
            0.15731999278068542,
            -0.5902950167655945,
            -0.21291400492191315,
            0.7786009907722473
        ],
        [
            -0.3756909966468811,
            0.025724099949002266,
            0.24343499541282654,
            0.35158300399780273,
            0.0360293984413147,
            0.050979599356651306,
            -0.1540360003709793,
            0.9831219911575317,
            -0.0987074002623558,
            0.002684169914573431,
            0.10031600296497345,
            0.9949520230293274
        ],
        [
            -0.42006900906562805,
            0.22209200263023376,
            0.2679069936275482,
            0.1596519947052002,
            0.12215100228786469,
            0.08608739823102951,
            -0.18513700366020203,
            0.9705209732055664,
            -0.1543159931898117,
            -0.3444580137729645,
            0.0829797014594078,
            0.9351270198822021
        ],
        [
            -0.21271899342536926,
            0.3004409968852997,
            0.14429999887943268,
            0.019885100424289703,
            0.8630229830741882,
            0.49051299691200256,
            -0.029503099620342255,
            0.9984869956970215,
            -0.046407099813222885,
            -0.157042995095253,
            0.04122050106525421,
            0.9867309927940369
        ],
        [
            -0.3164590001106262,
            -0.4532409906387329,
            -0.28634199500083923,
            0.7136430144309998,
            0.041547100991010666,
            0.043661098927259445,
            0.07200150191783905,
            0.9682700037956238,
            0.23930899798870087,
            -0.6989560127258301,
            -0.12217999994754791,
            0.7046509981155396
        ],
        [
            -0.3429830074310303,
            -0.8087800145149231,
            -0.38082900643348694,
            0.020665999501943588,
            0.04538099840283394,
            0.04538099840283394,
            0.0,
            1.0,
            0.0,
            0.0,
            0.0,
            1.0
        ],
        [
            -0.3727230131626129,
            -0.46729201078414917,
            0.3088589906692505,
            0.667244017124176,
            0.033188700675964355,
            0.03969759866595268,
            0.044256098568439484,
            0.9897159934043884,
            -0.13603000342845917,
            0.6161350011825562,
            0.08014310151338577,
            0.7835530042648315
        ],
        [
            -0.3904770016670227,
            -0.8087869882583618,
            0.3585210144519806,
            0.02065099962055683,
            0.04538099840283394,
            0.04538099840283394,
            0.0,
            1.0,
            0.0,
            0.0,
            0.0,
            1.0
        ],
        [
            0.04435310140252113,
            0.17595499753952026,
            -0.29948800802230835,
            0.5717160105705261,
            0.13283100724220276,
            0.5995389819145203,
            -0.0008711349801160395,
            0.9833440184593201,
            -0.18175099790096283,
            -0.0010469000553712249,
            0.18174999952316284,
            0.9833440184593201
        ]
    ],
    "ops": [
        [
            0,
            0,
            0,
            1,
            0,
            0,
            1,
            0,
            2,
            0,
            0,
            1,
            1,
            1,
            1,
            1,
            0,
            0,
            1,
            0,
            0,
            1,
            1,
            2,
            1,
            0,
            1
        ]
    ],
    "syms": [
        [
            0.0,
            0.9999899864196777,
            -0.004104970023036003,
            -0.0018275500042364001,
            0.03863630071282387,
            0.02402319945394993,
            0.2426770031452179,
            0.0
        ],
        [
            0.0,
            0.9999589920043945,
            -0.007700370159000158,
            -0.004722469951957464,
            0.042071498930454254,
            -0.45600199699401855,
            -0.28803500533103943,
            0.0
        ]
    ],
    "labels:": [
        [
            1,
            3,
            3,
            3,
            3,
            3,
            3,
            3,
            2,
            2,
            2,
            2,
            0
        ]
    ],
    "obj": 41368,
    "mat_index": 4181,
    "obbs": "N 18\n0.0443531 0.175955 -0.299488 0.999999 0.0010469 0.000871135 -0.0010469 0.18175 0.983344 0.000871135 -0.983344 0.181751 0.599539 0.132831 0.571716\n-0.420069 0.222092 0.267907 0.344458 -0.0829797 -0.935127 0.920366 0.226282 0.318941 0.185137 -0.970521 0.154316 0.122151 0.0860874 0.159652\n-0.3603 0.202374 -0.115057 0.325484 0.0850441 -0.941715 0.924655 0.17958 0.335805 0.197671 -0.980061 -0.0201861 0.12108 0.0877713 0.167178\n0.0391255 -0.112628 0.048312 1 0 0 0 1 0 0 0 1 0.777821 0.17326 0.641458\n-0.212719 0.300441 0.1443 0.157043 -0.0412205 -0.986731 -0.0295031 0.998487 -0.0464071 0.987151 0.0363996 0.155589 0.863023 0.0198851 0.490513\n-0.375691 0.0257241 0.243435 0.988062 0.152994 -0.0180911 0.00268417 0.100316 0.994952 0.154036 -0.983122 0.0987074 0.0509796 0.0360294 0.351583\n-0.31067 0.0240432 -0.174386 -0.144842 0.976868 0.15732 -0.590295 -0.212914 0.778601 0.794086 0.0199091 0.60748 0.323206 0.0335887 0.0429614\n0.396948 0.0175773 -0.17242 0.183155 0.972603 0.143171 0.0680816 -0.157834 0.985116 0.980724 -0.170681 -0.0951244 0.333424 0.043506 0.0449368\n0.452964 0.0223224 0.24192 0.128088 0.987173 -0.0953057 0.0832629 0.0850543 0.992891 0.988262 -0.135113 -0.0713004 0.358961 0.0432291 0.0503803\n0.474866 0.221304 0.0342699 0.915097 0.372434 -0.154567 -0.375547 0.926753 0.00965899 0.146843 0.0492084 0.987935 0.0911795 0.058776 0.426923\n-0.316459 -0.453241 -0.286342 0.698956 0.12218 -0.704651 0.711531 -0.218002 0.667981 -0.0720015 -0.96827 -0.239309 0.0415471 0.0436611 0.713643\n0.400602 -0.458763 -0.289728 0.0660855 -0.965717 -0.251046 0.835154 0.191214 -0.515708 0.546031 -0.175581 0.819159 0.701097 0.036381 0.0328754\n0.456425 -0.468087 0.309906 0.450045 -0.116376 -0.885391 0.892309 0.0977723 0.44071 0.0352787 -0.988381 0.147845 0.0353882 0.037457 0.665141\n-0.372723 -0.467292 0.308859 -0.0442561 -0.989716 0.13603 0.786396 -0.11849 -0.606251 0.616135 0.0801431 0.783553 0.667244 0.0396976 0.0331887\n0.472997 -0.808787 0.358521 1 0 0 0 1 0 0 0 1 0.045382 0.020651 0.045381\n-0.390477 -0.808787 0.358521 1 0 0 0 1 0 0 0 1 0.045381 0.020651 0.045381\n0.425501 -0.80878 -0.380829 1 0 0 0 1 0 0 0 1 0.045381 0.020666 0.045381\n-0.342983 -0.80878 -0.380829 1 0 0 0 1 0 0 0 1 0.045381 0.020666 0.045381\nC 36\n0 2\n0 7\n0 10\n0 3\n0 11\n0 4\n0 6\n0 9\n1 3\n1 5\n1 4\n2 6\n2 10\n2 3\n2 4\n3 11\n3 7\n3 10\n3 6\n3 13\n3 9\n3 5\n3 12\n3 8\n4 5\n4 6\n5 13\n6 10\n7 11\n7 9\n8 9\n8 12\n10 17\n11 16\n12 14\n13 15\nS 5\n2\n5 -0.375691 0.0257241 0.243435\n8 0.452964 0.0223224 0.24192\n2\n0.0386363 0.0240232 0.242677\n0.99999 -0.00410497 -0.00182755\n2\n10 -0.316459 -0.453241 -0.286342\n11 0.400602 -0.458763 -0.289728\n2\n0.0420715 -0.456002 -0.288035\n0.999959 -0.00770037 -0.00472247\n2\n12 0.456425 -0.468087 0.309906\n13 -0.372723 -0.467292 0.308859\n2\n0.0418508 -0.46769 0.309382\n-0.999999 0.000959073 -0.0012631\n2\n14 0.472997 -0.808787 0.358521\n15 -0.390477 -0.808787 0.358521\n2\n0.0412598 -0.808787 0.358521\n-1 0 0\n2\n16 0.425501 -0.80878 -0.380829\n17 -0.342983 -0.80878 -0.380829\n2\n0.0412585 -0.80878 -0.380829\n-1 0 0\nL 18\n0\n3\n3\n1\n3\n3\n3\n3\n3\n3\n2\n2\n2\n2\n2\n2\n2\n2"
}