{
    "boxes": [
        [
            -0.0011769999982789159,
            -0.07932750135660172,
            0.10441199690103531,
            0.1778469979763031,
            0.8457350134849548,
            0.8083980083465576,
            0.0,
            1.0,
            0.0,
            0.0,
            0.0,
            1.0
        ],
        [
            0.32717299461364746,
            -0.40880900621414185,
            0.4585599899291992,
            0.7571210265159607,
            0.11930599808692932,
            0.13405999541282654,
            0.0,
            1.0,
            0.0,
            0.0,
            0.0,
            1.0
        ],
        [
            -0.35942700505256653,
            -0.40669599175453186,
            0.4784660041332245,
            0.7566400170326233,
            0.06676200032234192,
            0.06676200032234192,
            0.0,
            1.0,
            0.0,
            0.0,
            0.0,
            1.0
        ],
        [
            0.31794899702072144,
            -0.29579898715019226,
            0.08366850018501282,
            0.07490730285644531,
            0.685804009437561,
            0.04264599829912186,
            0.06701160222291946,
            0.9976019859313965,
            0.017284400761127472,
            0.12910699844360352,
            -0.025847600772976875,
            0.9912940263748169
        ],
        [
            -0.29086700081825256,
            -0.3876059949398041,
            -0.28659000992774963,
            0.7975689768791199,
            0.07064300030469894,
            0.06909900158643723,
            0.0,
            1.0,
            0.0,
            0.0,
            0.0,
            1.0
        ],
        [
            -0.29879099130630493,
            0.34511399269104004,
            -0.3276270031929016,
            0.9391149878501892,
            0.08871550112962723,
            0.09287810325622559,
            -0.041648898273706436,
            0.9912859797477722,
            -0.12496799975633621,
            0.24786999821662903,
            0.13141800463199615,
            0.9598379731178284
        ],
        [
            -0.002121439902111888,
            0.6923739910125732,
            -0.36601901054382324,
            0.24207499623298645,
            0.04400650039315224,
            0.8011749982833862,
            0.005198670085519552,
            0.9933930039405823,
            -0.11464600265026093,
            0.005833060014992952,
            0.11461599916219711,
            0.9933930039405823
        ],
        [
            -0.057294100522994995,
            0.28203898668289185,
            -0.3113270103931427,
            0.6318579912185669,
            0.03468110039830208,
            0.06331899762153625,
            0.021934999153017998,
            0.990556001663208,
            -0.13534100353717804,
            -0.034866299480199814,
            0.13604900240898132,
            0.9900879859924316
        ]
    ],
    "ops": [
        [
            0,
            0,
            0,
            0,
            0,
            1,
            2,
            1,
            1,
            1,
            0,
            2,
            0,
            0,
            2,
            1,
            1,
            1
        ]
    ],
    "syms": [
        [
            0.0,
            0.9998080134391785,
            -0.0004245569871272892,
            -0.019612500444054604,
            -0.001990460092201829,
            -0.2956629991531372,
            0.0899444967508316,
            0.0
        ],
        [
            0.0,
            0.9956409931182861,
            0.09259240329265594,
            -0.01124459970742464,
            -0.00010425700020277873,
            0.37289100885391235,
            -0.33100101351737976,
            0.0
        ],
        [
            1.0,
            0.22935199737548828,
            0.18813766539096832,
            -0.20631833374500275,
            -0.1719069927930832,
            0.28219300508499146,
            -0.30953699350357056,
            0.25
        ]
    ],
    "labels:": [
        [
            1,
            2,
            2,
            2,
            2,
            0,
            0,
            0
        ]
    ],
    "obj": 41369,
    "mat_index": 4182,
    "obbs": "N 14\n-0.00212144 0.692374 -0.366019 0.999969 -0.00583306 -0.00519867 0.00583306 0.114616 0.993393 -0.00519867 -0.993393 0.114646 0.801175 0.0440065 0.242075\n-0.001177 -0.0793275 0.104412 1 0 0 0 1 0 0 0 1 0.808398 0.177847 0.845735\n0.172335 0.282166 -0.309656 -0.992987 -0.0148429 -0.117292 -0.118208 0.142764 0.982673 0.00215938 0.989645 -0.143517 0.0609554 0.0382252 0.631632\n0.0551488 0.282363 -0.309531 0.0239871 0.98955 -0.142183 -0.0930975 0.143817 0.985215 0.995368 -0.0103955 0.0955744 0.632121 0.0396498 0.0591598\n-0.0572941 0.282039 -0.311327 -0.999151 0.0169987 -0.0375212 -0.0348663 0.136049 0.990088 0.021935 0.990556 -0.135341 0.063319 0.0346811 0.631858\n-0.171907 0.282193 -0.309537 -0.992269 -0.0207602 -0.122357 -0.124073 0.143326 0.981867 -0.0028468 0.989458 -0.144794 0.0536661 0.0414903 0.631688\n0.317949 -0.295799 0.0836685 -0.0670116 -0.997602 -0.0172844 0.989364 -0.0641966 -0.13053 0.129107 -0.0258476 0.991294 0.0749073 0.042646 0.685804\n-0.32193 -0.295528 0.0962205 0.132131 -0.0245178 -0.990929 0.991227 -3.00312e-05 0.132171 -0.00327032 -0.999699 0.0242988 0.709681 0.0355312 0.0705629\n-0.359427 -0.406696 0.478466 1 0 0 0 1 0 0 0 1 0.066762 0.75664 0.066762\n-0.290867 -0.387606 -0.28659 1 0 0 0 1 0 0 0 1 0.069099 0.797569 0.070643\n0.288471 -0.391247 -0.286602 1 0 0 0 1 0 0 0 1 0.068954 0.790287 0.070666\n0.327173 -0.408809 0.45856 1 0 0 0 1 0 0 0 1 0.13406 0.757121 0.119306\n0.298582 0.400668 -0.334374 0.0340873 0.991243 -0.127575 -0.256655 0.13205 0.95744 0.965902 0.000106268 0.258909 0.826915 0.0878204 0.0860444\n-0.298791 0.345114 -0.327627 0.967898 0.0090004 -0.251184 0.24787 0.131418 0.959838 0.0416489 -0.991286 0.124968 0.0928781 0.0887155 0.939115\nC 41\n0 2\n0 3\n0 4\n0 12\n0 5\n0 13\n1 3\n1 6\n1 11\n1 2\n1 5\n1 10\n1 13\n1 4\n1 9\n1 12\n1 8\n1 7\n2 12\n2 6\n2 10\n2 3\n2 4\n3 10\n3 13\n3 5\n3 12\n3 4\n4 9\n4 13\n4 5\n5 9\n5 13\n6 10\n6 11\n6 12\n7 8\n7 9\n7 13\n9 13\n10 12\nS 4\n4\n2 0.172335 0.282166 -0.309656\n3 0.0551488 0.282363 -0.309531\n4 -0.0572941 0.282039 -0.311327\n5 -0.171907 0.282193 -0.309537\n1\n0 0 0\n0 0 0\n2\n6 0.317949 -0.295799 0.0836685\n7 -0.32193 -0.295528 0.0962205\n2\n-0.00199046 -0.295663 0.0899445\n-0.999808 0.000424557 0.0196125\n2\n9 -0.290867 -0.387606 -0.28659\n10 0.288471 -0.391247 -0.286602\n2\n-0.00119775 -0.389427 -0.286596\n0.99998 -0.00628464 -1.98499e-05\n2\n12 0.298582 0.400668 -0.334374\n13 -0.298791 0.345114 -0.327627\n2\n-0.000104257 0.372891 -0.331001\n-0.995641 -0.0925924 0.0112446\nL 14\n0\n1\n0\n0\n0\n0\n2\n2\n2\n2\n2\n2\n0\n0"
}