{
    "boxes": [
        [
            0.01859249919652939,
            0.023267999291419983,
            0.16473700106143951,
            0.027869999408721924,
            0.7463070154190063,
            0.8608850240707397,
            -9.918470435036526e-19,
            1.0,
            0.0,
            0.0,
            -0.0,
            1.0
        ],
        [
            0.002251999918371439,
            -0.4775629937648773,
            -0.05242839828133583,
            0.06238450109958649,
            0.07656790316104889,
            0.8334969878196716,
            -0.005951589904725552,
            0.8397560119628906,
            -0.5429310202598572,
            -0.0017563799628987908,
            0.5429310202598572,
            0.8397759795188904
        ],
        [
            -0.447611004114151,
            -0.3763740062713623,
            0.19328300654888153,
            0.9412440061569214,
            0.09245859831571579,
            0.07906170189380646,
            0.0588127002120018,
            0.8574069738388062,
            -0.5112680196762085,
            0.5112680196762085,
            0.414014995098114,
            0.753125011920929
        ],
        [
            0.4053710103034973,
            -0.41220399737358093,
            -0.01902260072529316,
            0.9235929846763611,
            0.08464960008859634,
            0.07432159781455994,
            -0.0007770800148136914,
            0.8584330081939697,
            0.5129259824752808,
            -0.016935300081968307,
            -0.5128629803657532,
            0.8583030104637146
        ],
        [
            0.030412999913096428,
            0.498991996049881,
            -0.2628459930419922,
            0.45265498757362366,
            0.05469169840216637,
            0.7958539724349976,
            9.366769582186407e-09,
            0.8716620206832886,
            -0.49010801315307617,
            1.6012499770567956e-08,
            0.49010801315307617,
            0.8716620206832886
        ],
        [
            -0.3964869976043701,
            0.3006010055541992,
            -0.1939059942960739,
            0.6985200047492981,
            0.09205640107393265,
            0.07835429906845093,
            0.08115930110216141,
            0.8736550211906433,
            -0.4797300100326538,
            0.5502809882164001,
            0.36203500628471375,
            0.7524110078811646
        ]
    ],
    "ops": [
        [
            0,
            0,
            0,
            0,
            1,
            2,
            1,
            1,
            0,
            0,
            2,
            1,
            1
        ]
    ],
    "syms": [
        [
            0.0,
            0.9991940259933472,
            0.000601433974225074,
            0.04013049975037575,
            -0.0013680000556632876,
            -0.37610501050949097,
            0.21120500564575195,
            0.0
        ],
        [
            0.0,
            0.9995239973068237,
            0.005461100023239851,
            0.03037320077419281,
            0.01925469934940338,
            0.30287298560142517,
            -0.1812720000743866,
            0.0
        ]
    ],
    "labels:": [
        [
            1,
            2,
            2,
            2,
            0,
            0
        ]
    ],
    "obj": 41395,
    "mat_index": 4197,
    "obbs": "N 9\n0.030413 0.498992 -0.262846 1 -1.60125e-08 -9.36677e-09 1.60125e-08 0.490108 0.871662 -9.36677e-09 -0.871662 0.490108 0.795854 0.0546917 0.452655\n0.002252 -0.477563 -0.0524284 0.999981 0.00595159 -0.00175638 -0.00595159 0.839756 -0.542931 -0.00175638 0.542931 0.839776 0.833497 0.0623845 0.0765679\n0.0185925 0.023268 0.164737 1 9.91847e-19 0 -9.91847e-19 1 0 0 -0 1 0.860885 0.02787 0.746307\n-0.396487 0.300601 -0.193906 -0.0811593 -0.873655 0.47973 0.831026 -0.325051 -0.451373 0.550281 0.362035 0.752411 0.69852 0.0783543 0.0920564\n0.434996 0.305144 -0.168639 -0.651479 -0.396373 -0.646888 0.758496 -0.322206 -0.566451 0.0160946 -0.859693 0.510557 0.0811043 0.0772478 0.722233\n0.444875 -0.375837 0.229127 -0.00328871 -0.873166 0.487412 0.775839 -0.30975 -0.549663 0.630923 0.376345 0.678455 0.902903 0.0762398 0.0982803\n-0.447611 -0.376374 0.193283 -0.0588127 -0.857407 0.511268 0.857407 -0.305688 -0.414015 0.511268 0.414015 0.753125 0.941244 0.0790617 0.0924586\n0.405371 -0.412204 -0.0190226 0.0169353 0.512863 -0.858303 0.999856 -0.00801958 0.0149364 0.00077708 -0.858433 -0.512926 0.0846496 0.0743216 0.923593\n-0.407802 -0.412109 -0.00716428 0.0178687 0.510482 -0.859703 0.999821 -0.0144399 0.0122068 -0.00618266 -0.859767 -0.510649 0.0829428 0.0743214 0.923474\nC 18\n0 4\n0 3\n1 5\n1 8\n1 7\n1 6\n2 7\n2 6\n2 8\n2 5\n2 3\n2 4\n3 8\n3 6\n4 7\n4 5\n5 7\n6 8\nS 3\n2\n3 -0.396487 0.300601 -0.193906\n4 0.434996 0.305144 -0.168639\n2\n0.0192547 0.302873 -0.181272\n0.999524 0.0054611 0.0303732\n2\n5 0.444875 -0.375837 0.229127\n6 -0.447611 -0.376374 0.193283\n2\n-0.001368 -0.376105 0.211205\n-0.999194 -0.000601434 -0.0401305\n2\n7 0.405371 -0.412204 -0.0190226\n8 -0.407802 -0.412109 -0.00716428\n2\n-0.00121526 -0.412157 -0.0130935\n-0.999894 0.000116925 0.0145813\nL 9\n0\n2\n1\n0\n0\n2\n2\n2\n2"
}