{
    "boxes": [
        [
            -0.0057470002211630344,
            -0.026241999119520187,
            0.121908999979496,
            0.2169719934463501,
            0.7996289730072021,
            0.6832119822502136,
            0.0,
            1.0,
            0.0,
            0.0,
            0.0,
            1.0
        ],
        [
            -0.3202210068702698,
            -0.3359009921550751,
            0.13330499827861786,
            0.07617700099945068,
            0.5905939936637878,
            0.04354900121688843,
            0.0,
            1.0,
            0.0,
            0.0,
            0.0,
            1.0
        ],
        [
            0.30436500906944275,
            -0.40226298570632935,
            0.4554769992828369,
            0.6305310130119324,
            0.13247500360012054,
            0.06298799812793732,
            0.0,
            1.0,
            0.0,
            0.0,
            0.0,
            1.0
        ],
        [
            -0.0044154999777674675,
            -0.34449198842048645,
            -0.21546000242233276,
            0.12586000561714172,
            0.07643300294876099,
            0.5806769728660583,
            0.0,
            1.0,
            0.0,
            0.0,
            0.0,
            1.0
        ],
        [
            0.29857200384140015,
            -0.4018999934196472,
            -0.21223799884319305,
            0.6312569975852966,
            0.10984499752521515,
            0.07457400113344193,
            0.0,
            1.0,
            0.0,
            0.0,
            0.0,
            1.0
        ],
        [
            -0.318913996219635,
            0.378713995218277,
            -0.29996898770332336,
            0.7559540271759033,
            0.09013719856739044,
            0.06940169632434845,
            -0.0055878302082419395,
            0.9830740094184875,
            -0.18312300741672516,
            0.18312300741672516,
            0.18103499710559845,
            0.9662780165672302
        ],
        [
            -0.005750299897044897,
            0.8054289817810059,
            -0.3762679994106293,
            0.17962199449539185,
            0.05844710022211075,
            0.6832789778709412,
            -0.0007761649903841317,
            0.9790400266647339,
            -0.20366500318050385,
            -0.000954242015723139,
            0.20366400480270386,
            0.9790400266647339
        ],
        [
            -0.23277999460697174,
            0.21147100627422333,
            -0.2835110127925873,
            1.0636399984359741,
            0.054912399500608444,
            0.024237999692559242,
            -1.739109967147101e-10,
            0.9876880049705505,
            -0.15643499791622162,
            4.701449896060694e-08,
            0.15643499791622162,
            0.9876880049705505
        ]
    ],
    "ops": [
        [
            0,
            0,
            0,
            1,
            2,
            0,
            0,
            2,
            1,
            1,
            1,
            0,
            2,
            0,
            0,
            2,
            1,
            1,
            1
        ]
    ],
    "syms": [
        [
            0.0,
            0.9999840259552002,
            0.0009916829876601696,
            0.00550128985196352,
            -0.00541003979742527,
            -0.3355889916419983,
            0.13503700494766235,
            0.0
        ],
        [
            0.0,
            0.9997680187225342,
            0.015227500349283218,
            -0.015213299542665482,
            -0.0008162499871104956,
            -0.4064610004425049,
            -0.2076829969882965,
            0.0
        ],
        [
            0.0,
            0.9998850226402283,
            0.014988900162279606,
            0.002430530032142997,
            -0.009981459937989712,
            0.38334500789642334,
            -0.29921799898147583,
            0.0
        ],
        [
            1.0,
            0.2616996765136719,
            0.17622582614421844,
            -0.23625916242599487,
            0.22290299832820892,
            0.21147100627422333,
            -0.2835110127925873,
            0.1428571492433548
        ]
    ],
    "labels:": [
        [
            1,
            2,
            2,
            2,
            2,
            0,
            0,
            0
        ]
    ],
    "obj": 41411,
    "mat_index": 4203,
    "obbs": "N 18\n-0.0057503 0.805429 -0.376268 -0.000776165 0.97904 -0.203665 -0.000954242 0.203664 0.97904 0.999999 0.000954242 0.000776165 0.179622 0.0584471 0.683279\n-0.005747 -0.026242 0.121909 1 0 0 0 1 0 0 0 1 0.683212 0.216972 0.799629\n-0.23278 0.211471 -0.283511 -4.70145e-08 -0.156435 -0.987688 1 -7.18292e-09 -4.64629e-08 1.73911e-10 -0.987688 0.156435 0.0549124 0.024238 1.06364\n-0.156833 0.211471 -0.283511 -4.3111e-07 -0.156435 -0.987688 1 -6.58654e-08 -4.26052e-07 1.59483e-09 -0.987688 0.156435 0.0549126 0.024238 1.06364\n-0.0808855 0.211471 -0.283511 5.04468e-07 -0.156434 -0.987688 1 7.70732e-08 4.9855e-07 -1.86579e-09 -0.987688 0.156434 0.0549121 0.024239 1.06364\n-0.0049385 0.211471 -0.283511 5.04468e-07 -0.156434 -0.987688 1 7.70732e-08 4.9855e-07 -1.86579e-09 -0.987688 0.156434 0.0549121 0.024239 1.06364\n0.0710085 0.211471 -0.283511 5.04468e-07 -0.156434 -0.987688 1 7.70732e-08 4.9855e-07 -1.86579e-09 -0.987688 0.156434 0.0549121 0.024239 1.06364\n0.146956 0.211471 -0.283511 6.78137e-07 -0.156434 -0.987688 1 1.03606e-07 6.7018e-07 -2.50804e-09 -0.987688 0.156434 0.054912 0.024239 1.06364\n0.222903 0.211471 -0.283511 3.17902e-08 -0.156434 -0.987688 1 4.85688e-09 3.14172e-08 -1.17654e-10 -0.987688 0.156434 0.0549123 0.024239 1.06364\n0.3094 -0.335277 0.136769 -0.0861185 -0.996272 0.00505919 0.996272 -0.086142 -0.00464068 0.00505919 0.00464068 0.999976 0.0738934 0.044416 0.600134\n-0.0044155 -0.344492 -0.21546 1 0 0 0 1 0 0 0 1 0.580677 0.12586 0.076433\n-0.320221 -0.335901 0.133305 1 0 0 0 1 0 0 0 1 0.043549 0.076177 0.590594\n-0.308945 -0.407647 0.464141 1 0 0 0 1 0 0 0 1 0.076815 0.619764 0.115155\n-0.300204 -0.411021 -0.203127 1 0 0 0 1 0 0 0 1 0.094297 0.613017 0.124694\n0.298572 -0.4019 -0.212238 1 0 0 0 1 0 0 0 1 0.074574 0.631257 0.109845\n0.304365 -0.402263 0.455477 1 0 0 0 1 0 0 0 1 0.062988 0.630531 0.132475\n-0.318914 0.378714 -0.299969 0.00558783 -0.983074 0.183123 0.983074 -0.0281346 -0.181035 0.183123 0.181035 0.966278 0.755954 0.0694017 0.0901372\n0.298951 0.387976 -0.298467 -0.00137693 0.984188 -0.17712 0.999479 0.00706853 0.0315071 0.0322609 -0.176985 -0.983685 0.738361 0.0753169 0.0879289\nC 76\n0 7\n0 16\n0 3\n0 17\n0 4\n0 5\n0 8\n0 6\n0 2\n1 3\n1 17\n1 15\n1 6\n1 11\n1 2\n1 16\n1 14\n1 5\n1 10\n1 13\n1 4\n1 9\n1 12\n1 8\n1 7\n2 5\n2 4\n2 13\n2 16\n2 10\n2 3\n2 11\n3 11\n3 10\n3 6\n3 16\n3 13\n3 5\n3 4\n4 7\n4 13\n4 10\n4 5\n4 16\n4 11\n4 6\n5 6\n5 13\n5 8\n5 10\n5 7\n6 9\n6 14\n6 17\n6 7\n6 10\n6 8\n7 10\n7 14\n7 8\n7 9\n7 17\n8 9\n8 14\n8 10\n8 17\n9 15\n9 14\n9 10\n10 11\n10 13\n10 14\n11 13\n11 12\n13 16\n14 17\nS 5\n7\n2 -0.23278 0.211471 -0.283511\n3 -0.156833 0.211471 -0.283511\n4 -0.0808855 0.211471 -0.283511\n5 -0.0049385 0.211471 -0.283511\n6 0.0710085 0.211471 -0.283511\n7 0.146956 0.211471 -0.283511\n8 0.222903 0.211471 -0.283511\n1\n0 0 0\n0 0 0\n2\n9 0.3094 -0.335277 0.136769\n11 -0.320221 -0.335901 0.133305\n2\n-0.00541004 -0.335589 0.135037\n-0.999984 -0.000991683 -0.00550129\n2\n12 -0.308945 -0.407647 0.464141\n15 0.304365 -0.402263 0.455477\n2\n-0.00229025 -0.404955 0.459809\n0.999862 0.00877656 -0.0141247\n2\n13 -0.300204 -0.411021 -0.203127\n14 0.298572 -0.4019 -0.212238\n2\n-0.00081625 -0.406461 -0.207683\n0.999768 0.0152275 -0.0152133\n2\n16 -0.318914 0.378714 -0.299969\n17 0.298951 0.387976 -0.298467\n2\n-0.00998146 0.383345 -0.299218\n0.999885 0.0149889 0.00243053\nL 18\n0\n1\n0\n0\n0\n0\n0\n0\n0\n2\n2\n2\n2\n2\n2\n2\n0\n0"
}