{
    "boxes": [
        [
            -0.002521499991416931,
            0.005390999838709831,
            0.13364699482917786,
            0.3111479878425598,
            0.8491190075874329,
            0.9032769799232483,
            0.0,
            1.0,
            0.0,
            0.0,
            0.0,
            1.0
        ],
        [
            -0.0025210001040250063,
            -0.1495870053768158,
            0.3884409964084625,
            0.047846999019384384,
            0.04785799980163574,
            0.8127819895744324,
            0.0,
            1.0,
            0.0,
            0.0,
            0.0,
            1.0
        ],
        [
            0.4133790135383606,
            -0.15981699526309967,
            0.010425100103020668,
            0.09919559955596924,
            0.634585976600647,
            0.06399880349636078,
            0.07896970212459564,
            0.9963350296020508,
            -0.03287310153245926,
            -0.015359199605882168,
            0.034188199788331985,
            0.999297022819519
        ],
        [
            -0.42509299516677856,
            -0.3721509873867035,
            0.41852301359176636,
            0.7547619938850403,
            0.11857599765062332,
            0.04004719853401184,
            0.00048205500934273005,
            0.9814580082893372,
            -0.1916780024766922,
            0.03640900179743767,
            0.19153399765491486,
            0.9808109998703003
        ],
        [
            0.4629260003566742,
            -0.3818419873714447,
            -0.3046790063381195,
            0.725517988204956,
            0.09970779716968536,
            0.03490389883518219,
            -3.172619926772313e-07,
            0.9878079891204834,
            0.15567700564861298,
            0.0007767690112814307,
            -0.15567700564861298,
            0.9878079891204834
        ],
        [
            -0.004742499906569719,
            -0.18403999507427216,
            -0.27272000908851624,
            0.06886900216341019,
            0.07598800212144852,
            0.8979529738426208,
            0.0,
            1.0,
            0.0,
            0.0,
            0.0,
            1.0
        ],
        [
            -0.4676330089569092,
            -0.14345000684261322,
            -0.284076988697052,
            1.1993000507354736,
            0.12410099804401398,
            0.03599710017442703,
            0.0006503469776362181,
            0.9957290291786194,
            0.09232290089130402,
            0.012256200425326824,
            -0.092323899269104,
            0.9956539869308472
        ],
        [
            -0.0025880399625748396,
            0.4373120069503784,
            -0.2627840042114258,
            0.47163400053977966,
            0.05284649878740311,
            0.8985260128974915,
            -0.0007811369723640382,
            0.9947620034217834,
            -0.10221099853515625,
            -0.0008655100245960057,
            0.10221000015735626,
            0.9947620034217834
        ],
        [
            -0.4677110016345978,
            0.23504699766635895,
            -0.24370400607585907,
            0.440093994140625,
            0.1030300036072731,
            0.034405000507831573,
            0.0,
            1.0,
            0.0,
            0.0,
            0.0,
            1.0
        ]
    ],
    "ops": [
        [
            0,
            0,
            0,
            0,
            1,
            2,
            1,
            0,
            0,
            0,
            1,
            1,
            1,
            1,
            0,
            0,
            2,
            1,
            1
        ]
    ],
    "syms": [
        [
            0.0,
            0.9998180270195007,
            0.012459900230169296,
            -0.014430600218474865,
            0.003791260067373514,
            -0.16492100059986115,
            0.016336800530552864,
            0.0
        ],
        [
            0.0,
            0.9995020031929016,
            -0.03142949938774109,
            -0.0029190799687057734,
            -0.0023849999997764826,
            0.22041499614715576,
            -0.24506300687789917,
            0.0
        ]
    ],
    "labels:": [
        [
            1,
            2,
            2,
            2,
            2,
            2,
            2,
            0,
            0
        ]
    ],
    "obj": 41413,
    "mat_index": 4204,
    "obbs": "N 12\n-0.00258804 0.437312 -0.262784 -0.000781137 0.994762 -0.102211 -0.00086551 0.10221 0.994762 0.999999 0.00086551 0.000781137 0.471634 0.0528465 0.898526\n-0.405797 -0.170025 0.0222484 -0.00572668 -0.0588922 -0.998248 0.999878 0.0141642 -0.00657166 0.0145264 -0.998164 0.0588039 0.644903 0.0928626 0.10362\n-0.0047425 -0.18404 -0.27272 1 0 0 0 1 0 0 0 1 0.897953 0.068869 0.075988\n0.413379 -0.159817 0.0104251 0.0153592 -0.0341882 -0.999297 0.996759 -0.0784093 0.0180028 -0.0789697 -0.996335 0.0328731 0.634586 0.0639988 0.0991956\n-0.002521 -0.149587 0.388441 1 0 0 0 1 0 0 0 1 0.812782 0.047847 0.047858\n-0.0025215 0.005391 0.133647 1 0 0 0 1 0 0 0 1 0.903277 0.311148 0.849119\n0.46294 0.205783 -0.246422 1 0 0 0 1 0 0 0 1 0.034869 0.499111 0.108468\n-0.467711 0.235047 -0.243704 1 0 0 0 1 0 0 0 1 0.034405 0.440094 0.10303\n-0.467633 -0.14345 -0.284077 -0.000650347 -0.995729 -0.0923229 0.999925 0.000484007 -0.0122639 0.0122562 -0.0923239 0.995654 1.1993 0.0359971 0.124101\n0.462926 -0.381842 -0.304679 3.17262e-07 -0.987808 -0.155677 1 0.000121238 -0.00076725 0.000776769 -0.155677 0.987808 0.725518 0.0349039 0.0997078\n0.419589 -0.38076 0.411921 -0.0317477 -0.186963 -0.981854 0.999495 -0.00697913 -0.0309892 -0.00105865 -0.982342 0.18709 0.131703 0.039863 0.739847\n-0.425093 -0.372151 0.418523 -0.036409 -0.191534 -0.980811 0.999337 -0.00745161 -0.0356416 -0.000482055 -0.981458 0.191678 0.118576 0.0400472 0.754762\nC 33\n0 7\n0 5\n0 8\n0 6\n0 9\n1 11\n1 2\n1 5\n1 4\n1 8\n1 7\n2 8\n2 5\n2 9\n2 6\n2 3\n2 7\n3 10\n3 6\n3 9\n3 5\n3 4\n4 10\n4 5\n4 11\n5 9\n5 6\n5 8\n5 11\n5 10\n5 7\n6 9\n7 8\nS 3\n2\n1 -0.405797 -0.170025 0.0222484\n3 0.413379 -0.159817 0.0104251\n2\n0.00379126 -0.164921 0.0163368\n0.999818 0.0124599 -0.0144306\n2\n6 0.46294 0.205783 -0.246422\n7 -0.467711 0.235047 -0.243704\n2\n-0.002385 0.220415 -0.245063\n-0.999502 0.0314295 0.00291908\n2\n10 0.419589 -0.38076 0.411921\n11 -0.425093 -0.372151 0.418523\n2\n-0.00275187 -0.376456 0.415222\n-0.999918 0.0101909 0.00781507\nL 12\n0\n2\n2\n2\n2\n1\n0\n0\n2\n2\n2\n2"
}