{
    "boxes": [
        [
            -0.0002500000118743628,
            0.009989500045776367,
            0.07405100017786026,
            0.18260499835014343,
            0.9319980144500732,
            0.8720399737358093,
            0.0,
            1.0,
            0.0,
            0.0,
            0.0,
            1.0
        ],
        [
            -0.37571200728416443,
            -0.35382598638534546,
            0.5037149786949158,
            0.8357049822807312,
            0.04844700172543526,
            0.09689400345087051,
            0.0,
            1.0,
            0.0,
            0.0,
            0.0,
            1.0
        ],
        [
            -0.3474380075931549,
            -0.33882400393486023,
            -0.39641499519348145,
            0.8784239888191223,
            0.09677419811487198,
            0.10553400218486786,
            -0.01696939952671528,
            0.9889910221099854,
            0.14699700474739075,
            0.12072300165891647,
            -0.14391599595546722,
            0.9821990132331848
        ],
        [
            -0.3593049943447113,
            -0.32657501101493835,
            0.0671909973025322,
            0.07266999781131744,
            0.8246020078659058,
            0.03633499890565872,
            0.0,
            1.0,
            0.0,
            0.0,
            0.0,
            1.0
        ],
        [
            -0.00014849999570287764,
            -0.2539049983024597,
            -0.3611229956150055,
            0.07266999781131744,
            0.03633499890565872,
            0.6193289756774902,
            0.0,
            1.0,
            0.0,
            0.0,
            0.0,
            1.0
        ],
        [
            -0.00026898301439359784,
            0.5275639891624451,
            -0.4505159854888916,
            0.31191501021385193,
            0.07229939848184586,
            0.6409389972686768,
            -0.00014497300435323268,
            0.9695209860801697,
            -0.24500900506973267,
            -0.00018616700253915042,
            0.24500900506973267,
            0.9695209860801697
        ],
        [
            -0.390175998210907,
            0.3746519982814789,
            -0.40439099073410034,
            0.630944013595581,
            0.0864052027463913,
            0.18153299391269684,
            -0.05917219817638397,
            0.9756119847297668,
            -0.21137499809265137,
            0.12134800106287003,
            0.21720600128173828,
            0.9685540199279785
        ]
    ],
    "ops": [
        [
            0,
            0,
            2,
            0,
            2,
            0,
            2,
            0,
            2,
            1,
            1,
            1,
            1,
            0,
            0,
            2,
            1,
            1
        ]
    ],
    "syms": [
        [
            0.0,
            1.0,
            -0.0,
            -0.0,
            -0.00025025001377798617,
            -0.35382598638534546,
            0.5037149786949158,
            0.0
        ],
        [
            0.0,
            0.9999939799308777,
            0.0033054999075829983,
            -0.00044179699034430087,
            -0.0001344740012427792,
            -0.3376759886741638,
            -0.3965680003166199,
            0.0
        ],
        [
            0.0,
            1.0,
            -0.0,
            -0.0,
            -0.00025049998657777905,
            -0.32657501101493835,
            0.0671909973025322,
            0.0
        ],
        [
            0.0,
            -0.00011877300130436197,
            0.0,
            1.0,
            -0.00019950000569224358,
            -0.2539049983024597,
            0.06826850026845932,
            0.0
        ],
        [
            0.0,
            0.9999489784240723,
            0.010050199925899506,
            -0.0013481799978762865,
            -0.0018593899440020323,
            0.3785549998283386,
            -0.4049150049686432,
            0.0
        ]
    ],
    "labels:": [
        [
            1,
            2,
            2,
            2,
            2,
            0,
            0
        ]
    ],
    "obj": 2659,
    "mat_index": 421,
    "obbs": "N 12\n-0.000268983 0.527564 -0.450516 -0.000144973 0.969521 -0.245009 -0.000186167 0.245009 0.969521 1 0.000186167 0.000144973 0.311915 0.0722994 0.640939\n-0.0001485 -0.253905 -0.361123 1 0 0 0 1 0 0 0 1 0.619329 0.07267 0.036335\n0.358803 -0.326575 0.067191 1 0 0 0 1 0 0 0 1 0.036335 0.07267 0.824602\n-0.0002505 -0.253905 0.49766 1 0 0 0 1 0 0 0 1 0.681773 0.07267 0.036335\n-0.359305 -0.326575 0.067191 1 0 0 0 1 0 0 0 1 0.036335 0.07267 0.824602\n-0.00025 0.0099895 0.074051 1 0 0 0 1 0 0 0 1 0.87204 0.182605 0.931998\n0.386458 0.382458 -0.405439 0.0705529 0.976603 -0.203148 -0.106394 0.209861 0.971925 0.991818 -0.0469584 0.118711 0.614319 0.081009 0.181132\n-0.390176 0.374652 -0.404391 0.990845 0.0316616 -0.131241 0.121348 0.217206 0.968554 0.0591722 -0.975612 0.211375 0.181533 0.0864052 0.630944\n-0.347438 -0.338824 -0.396415 0.992541 0.0344132 -0.116952 0.120723 -0.143916 0.982199 0.0169694 -0.988991 -0.146997 0.105534 0.0967742 0.878424\n0.347169 -0.336528 -0.396722 -0.999396 0.0291802 -0.0188518 -0.0226799 -0.136977 0.990315 0.0263153 0.990144 0.137556 0.110977 0.101349 0.884424\n0.375212 -0.353826 0.503715 1 0 0 0 1 0 0 0 1 0.096893 0.835705 0.048447\n-0.375712 -0.353826 0.503715 1 0 0 0 1 0 0 0 1 0.096894 0.835705 0.048447\nC 26\n0 7\n0 6\n1 2\n1 5\n1 4\n1 9\n1 8\n2 5\n2 9\n2 10\n2 3\n3 11\n3 10\n3 5\n3 4\n4 8\n4 5\n4 11\n5 9\n5 6\n5 8\n5 11\n5 10\n5 7\n6 9\n7 8\nS 5\n2\n2 0.358803 -0.326575 0.067191\n4 -0.359305 -0.326575 0.067191\n2\n-0.0002505 -0.326575 0.067191\n-1 0 0\n2\n1 -0.0001485 -0.253905 -0.361123\n3 -0.0002505 -0.253905 0.49766\n2\n-0.0001995 -0.253905 0.0682685\n-0.000118773 0 1\n2\n6 0.386458 0.382458 -0.405439\n7 -0.390176 0.374652 -0.404391\n2\n-0.00185939 0.378555 -0.404915\n-0.999949 -0.0100502 0.00134818\n2\n8 -0.347438 -0.338824 -0.396415\n9 0.347169 -0.336528 -0.396722\n2\n-0.000134474 -0.337676 -0.396568\n0.999994 0.0033055 -0.000441797\n2\n10 0.375212 -0.353826 0.503715\n11 -0.375712 -0.353826 0.503715\n2\n-0.00025025 -0.353826 0.503715\n-1 0 0\nL 12\n0\n2\n2\n2\n2\n1\n0\n0\n2\n2\n2\n2"
}