{
    "boxes": [
        [
            -0.0064147599041461945,
            -0.24183900654315948,
            0.2465510070323944,
            0.27326300740242004,
            1.1115399599075317,
            1.1020100116729736,
            0.0039043999277055264,
            0.9807180166244507,
            -0.1953890025615692,
            0.00038515101186931133,
            0.1953890025615692,
            0.9807260036468506
        ],
        [
            -0.5655050277709961,
            -0.01244330033659935,
            0.4189949929714203,
            0.5402929782867432,
            0.07877030223608017,
            0.12257099896669388,
            -0.03866799920797348,
            0.9666889905929565,
            -0.25301700830459595,
            -0.05004119873046875,
            0.2510150074958801,
            0.9666889905929565
        ],
        [
            -0.5720450282096863,
            0.24418200552463531,
            0.08131379634141922,
            0.06135210022330284,
            1.0214200019836426,
            0.20671400427818298,
            -0.0007701939903199673,
            0.997435986995697,
            -0.07155749946832657,
            -2.7591999241849408e-05,
            0.07155749946832657,
            0.997435986995697
        ],
        [
            -0.4894450008869171,
            -0.45933300256729126,
            -0.43495699763298035,
            0.11964499950408936,
            0.49465399980545044,
            0.05528369918465614,
            0.06495759636163712,
            0.8820170164108276,
            -0.46672001481056213,
            -0.005973279941827059,
            0.4680429995059967,
            0.8836860060691833
        ],
        [
            -0.5596330165863037,
            -0.43014198541641235,
            0.5220149755477905,
            0.3658980131149292,
            0.06033739820122719,
            0.0972668007016182,
            -0.014772400259971619,
            0.963238000869751,
            -0.2682430148124695,
            -0.019445499405264854,
            0.26794499158859253,
            0.963238000869751
        ],
        [
            -0.006222500000149012,
            0.19297200441360474,
            -0.48469799757003784,
            0.08725550025701523,
            0.026176700368523598,
            0.9214829802513123,
            -0.0,
            0.8804939985275269,
            -0.47405800223350525,
            0.0,
            0.47405800223350525,
            0.8804939985275269
        ],
        [
            -0.006222500000149012,
            -0.029827700927853584,
            -0.3647420108318329,
            0.08725550025701523,
            0.026177100837230682,
            0.9214829802513123,
            -0.0,
            0.8804929852485657,
            -0.47405898571014404,
            0.0,
            0.47405898571014404,
            0.8804929852485657
        ],
        [
            -0.4900749921798706,
            0.10650400072336197,
            -0.43990999460220337,
            0.9069740176200867,
            0.16525399684906006,
            0.05697169899940491,
            0.005376220215111971,
            0.8752350211143494,
            -0.4836669862270355,
            -0.018439799547195435,
            0.48367899656295776,
            0.8750510215759277
        ],
        [
            -0.007933000102639198,
            0.16370800137519836,
            -0.36934998631477356,
            0.8201979994773865,
            0.15182499587535858,
            0.9074519872665405,
            1.8902300169543196e-08,
            0.8804939985275269,
            -0.47405800223350525,
            3.1644898257354726e-08,
            0.47405800223350525,
            0.8804939985275269
        ],
        [
            -0.006222500000149012,
            0.4452030062675476,
            -0.6254540085792542,
            0.13088299334049225,
            0.03490220010280609,
            0.9214829802513123,
            -0.0,
            0.8804939985275269,
            -0.47405698895454407,
            0.0,
            0.47405698895454407,
            0.8804939985275269
        ]
    ],
    "ops": [
        [
            0,
            0,
            0,
            1,
            2,
            1,
            0,
            0,
            1,
            2,
            1,
            0,
            0,
            1,
            0,
            2,
            0,
            0,
            1,
            1,
            1,
            1
        ]
    ],
    "syms": [
        [
            0.0,
            0.9998660087585449,
            0.015538699924945831,
            -0.005103429779410362,
            -0.007218389771878719,
            -0.003767099929973483,
            0.416144996881485,
            0.0
        ],
        [
            0.0,
            0.9999960064888,
            -0.002295790007337928,
            0.001420699991285801,
            -0.005963440053164959,
            -0.46044299006462097,
            -0.4342699944972992,
            0.0
        ],
        [
            0.0,
            0.9999899864196777,
            0.000919073005206883,
            0.0044833701103925705,
            -0.005654110107570887,
            0.10694999992847443,
            -0.43773800134658813,
            0.0
        ]
    ],
    "labels:": [
        [
            1,
            3,
            3,
            2,
            2,
            0,
            0,
            0,
            0,
            0
        ]
    ],
    "obj": 41469,
    "mat_index": 4229,
    "obbs": "N 15\n-0.007933 0.163708 -0.36935 1 -3.16449e-08 -1.89023e-08 3.16449e-08 0.474058 0.880494 -1.89023e-08 -0.880494 0.474058 0.907452 0.151825 0.820198\n-0.00641476 -0.241839 0.246551 0.999992 -0.0039044 0.000385151 0.0039044 0.980718 -0.195389 0.000385151 0.195389 0.980726 1.10201 0.273263 1.11154\n-0.490075 0.106504 -0.43991 0.00537622 0.875235 -0.483667 0.999816 0.00421424 0.0187395 0.0184398 -0.483679 -0.875051 0.906974 0.0569717 0.165254\n0.478767 0.107395 -0.435566 0.0251256 -0.477228 -0.87842 0.999649 0.00460433 0.0260917 -0.00840717 -0.878767 0.477177 0.150399 0.0603266 0.909459\n-0.565505 -0.0124433 0.418995 0.997998 0.0500412 0.038668 -0.0500412 0.251015 0.966689 0.038668 -0.966689 0.253017 0.122571 0.0787703 0.540293\n0.551068 0.0049091 0.413296 0.0476016 0.969437 -0.240676 -0.00606172 0.241226 0.97045 0.998848 -0.044736 0.0173592 0.50482 0.0771281 0.124801\n-0.572045 0.244182 0.0813138 1 0.000770194 -2.7592e-05 -0.000770194 0.997436 -0.0715575 -2.7592e-05 0.0715575 0.997436 0.206714 0.0613521 1.02142\n0.559599 0.244182 0.0813138 -2.75922e-05 -0.0715575 -0.997436 0.0007702 0.997436 -0.0715575 1 -0.0007702 2.75922e-05 1.02142 0.0613521 0.206714\n-0.0062225 0.445203 -0.625454 1 0 0 0 0.474057 0.880494 0 -0.880494 0.474057 0.921483 0.0349022 0.130883\n-0.0062225 0.192972 -0.484698 1 0 0 0 0.474058 0.880494 0 -0.880494 0.474058 0.921483 0.0261767 0.0872555\n-0.0062225 -0.0298277 -0.364742 1 0 0 0 0.474059 0.880493 0 -0.880493 0.474059 0.921483 0.0261771 0.0872555\n-0.489445 -0.459333 -0.434957 0.00597328 -0.468043 -0.883686 0.99787 -0.0546143 0.0356715 -0.0649576 -0.882017 0.46672 0.494654 0.0552837 0.119645\n0.477518 -0.461553 -0.433583 -0.00641155 -0.49115 -0.871051 0.997038 0.0636254 -0.0432147 0.0766459 -0.868748 0.489287 0.495867 0.0565572 0.124933\n0.548369 -0.412901 0.52234 -0.000385775 0.965667 -0.259783 -0.0687444 0.259143 0.963389 0.997634 0.0182303 0.0662842 0.398668 0.0720822 0.10362\n-0.559633 -0.430142 0.522015 0.999702 0.0194455 0.0147724 -0.0194455 0.267945 0.963238 0.0147724 -0.963238 0.268243 0.0972668 0.0603374 0.365898\nC 43\n0 7\n0 10\n0 3\n0 11\n0 12\n0 8\n0 1\n0 6\n0 9\n0 2\n1 3\n1 11\n1 2\n1 14\n1 5\n1 10\n1 13\n1 4\n1 12\n2 8\n2 9\n2 6\n2 10\n2 11\n3 7\n3 10\n3 9\n3 12\n3 8\n4 14\n4 6\n5 13\n5 7\n6 9\n6 10\n6 8\n7 10\n7 9\n7 8\n8 9\n9 10\n10 11\n10 12\nS 5\n2\n2 -0.490075 0.106504 -0.43991\n3 0.478767 0.107395 -0.435566\n2\n-0.00565411 0.10695 -0.437738\n0.99999 0.000919073 0.00448337\n2\n4 -0.565505 -0.0124433 0.418995\n5 0.551068 0.0049091 0.413296\n2\n-0.00721839 -0.0037671 0.416145\n0.999866 0.0155387 -0.00510343\n2\n6 -0.572045 0.244182 0.0813138\n7 0.559599 0.244182 0.0813138\n2\n-0.006223 0.244182 0.0813138\n1 -4.77845e-10 3.83192e-11\n2\n11 -0.489445 -0.459333 -0.434957\n12 0.477518 -0.461553 -0.433583\n2\n-0.00596344 -0.460443 -0.43427\n0.999996 -0.00229579 0.0014207\n2\n13 0.548369 -0.412901 0.52234\n14 -0.559633 -0.430142 0.522015\n2\n-0.00563235 -0.421521 0.522178\n-0.999879 -0.015559 -0.000293389\nL 15\n0\n1\n0\n0\n3\n3\n3\n3\n0\n0\n0\n2\n2\n2\n2"
}