{
    "boxes": [
        [
            -0.013834499754011631,
            -0.1357010006904602,
            0.16002599895000458,
            0.2076600044965744,
            0.851436972618103,
            0.8145819902420044,
            0.00031878400477580726,
            0.9850620031356812,
            -0.17219899594783783,
            2.7653699362417683e-05,
            0.17219899594783783,
            0.9850620031356812
        ],
        [
            -0.38439300656318665,
            -0.4790259897708893,
            -0.25463399291038513,
            0.5862569808959961,
            0.05916440114378929,
            0.0672236979007721,
            0.008743329904973507,
            0.9791749715805054,
            0.2028290033340454,
            0.007117600180208683,
            -0.20289300382137299,
            0.9791749715805054
        ],
        [
            0.3324680030345917,
            -0.43243199586868286,
            0.5545790195465088,
            0.673829972743988,
            0.1796180009841919,
            0.1287810057401657,
            0.00958758033812046,
            0.9887840151786804,
            -0.14904600381851196,
            -0.6179199814796448,
            0.12304700165987015,
            0.7765529751777649
        ],
        [
            -0.3743860125541687,
            -0.4327389895915985,
            0.5379509925842285,
            0.6772819757461548,
            0.13039200007915497,
            0.178057000041008,
            0.0468905009329319,
            0.9946399927139282,
            -0.09215269982814789,
            -0.5518209934234619,
            0.10269299894571304,
            0.8276159763336182
        ],
        [
            -0.013827499933540821,
            0.24679100513458252,
            -0.24922199547290802,
            0.876583993434906,
            0.11164499819278717,
            0.8145490288734436,
            -2.0298800418316887e-09,
            0.990028977394104,
            -0.14086300134658813,
            -2.3391399928129886e-09,
            0.14086300134658813,
            0.990028977394104
        ]
    ],
    "ops": [
        [
            0,
            0,
            2,
            0,
            0,
            1,
            1,
            1,
            0,
            1
        ]
    ],
    "syms": [
        [
            0.0,
            1.0,
            9.737299677681222e-08,
            1.2343700284134229e-08,
            -0.014077800326049328,
            -0.4790259897708893,
            -0.25463399291038513,
            0.0
        ]
    ],
    "labels:": [
        [
            1,
            2,
            2,
            2,
            0
        ]
    ],
    "obj": 2672,
    "mat_index": 426,
    "obbs": "N 6\n-0.0138275 0.246791 -0.249222 -2.02988e-09 0.990029 -0.140863 -2.33914e-09 0.140863 0.990029 1 2.33914e-09 2.02988e-09 0.876584 0.111645 0.814549\n-0.0138345 -0.135701 0.160026 -2.76537e-05 -0.172199 -0.985062 0.000318784 0.985062 -0.172199 1 -0.000318784 2.76537e-05 0.851437 0.20766 0.814582\n0.332468 -0.432432 0.554579 0.61792 -0.123047 -0.776553 0.786183 0.0846532 0.612169 -0.00958758 -0.988784 0.149046 0.179618 0.128781 0.67383\n-0.374386 -0.432739 0.537951 0.0468905 0.99464 -0.0921527 -0.551821 0.102693 0.827616 0.832643 0.0120445 0.553679 0.677282 0.130392 0.178057\n0.356237 -0.479026 -0.254634 0.999936 0.00712582 0.00875344 -0.00712582 -0.202893 0.979175 0.00875344 -0.979175 -0.202829 0.067223 0.0591647 0.586257\n-0.384393 -0.479026 -0.254634 0.999936 -0.0071176 -0.00874333 0.0071176 -0.202893 0.979175 -0.00874333 -0.979175 -0.202829 0.0672237 0.0591644 0.586257\nC 7\n0 1\n0 5\n0 4\n1 2\n1 3\n1 4\n1 5\nS 1\n2\n4 0.356237 -0.479026 -0.254634\n5 -0.384393 -0.479026 -0.254634\n2\n-0.0140778 -0.479026 -0.254634\n-1 -9.7373e-08 -1.23437e-08\nL 6\n0\n1\n2\n2\n2\n2"
}