{
    "boxes": [
        [
            -0.008016499690711498,
            -0.10538300126791,
            0.08298599720001221,
            0.2309180051088333,
            0.45406201481819153,
            0.5114449858665466,
            0.0,
            1.0,
            0.0,
            0.0,
            0.0,
            1.0
        ],
        [
            -0.36477500200271606,
            0.13302600383758545,
            0.10221099853515625,
            0.6882920265197754,
            0.4347020089626312,
            0.23669500648975372,
            -0.29334700107574463,
            0.9557350277900696,
            0.02277819998562336,
            0.04494769871234894,
            -0.010011900216341019,
            0.9989389777183533
        ],
        [
            -0.001838000025600195,
            -0.4489530026912689,
            0.1472879946231842,
            0.546006977558136,
            0.2540859878063202,
            0.25343799591064453,
            0.0,
            1.0,
            0.0,
            0.0,
            0.0,
            1.0
        ],
        [
            -0.23469799757003784,
            -0.7032920122146606,
            -0.10170599818229675,
            0.053788501769304276,
            0.633650004863739,
            0.1354990005493164,
            0.02123980037868023,
            0.9985120296478271,
            -0.050233300775289536,
            0.669376015663147,
            0.023118499666452408,
            0.7425640225410461
        ],
        [
            0.008277500048279762,
            0.13761399686336517,
            -0.1898149996995926,
            0.6566939949989319,
            0.41811999678611755,
            0.9285410046577454,
            0.0,
            1.0,
            0.0,
            0.0,
            0.0,
            1.0
        ]
    ],
    "ops": [
        [
            0,
            0,
            2,
            1,
            0,
            0,
            2,
            1,
            1,
            0,
            1
        ]
    ],
    "syms": [
        [
            0.0,
            0.9999669790267944,
            0.0036242699716240168,
            0.007315219845622778,
            -0.007340210024267435,
            0.13432100415229797,
            0.10482499748468399,
            0.0
        ],
        [
            -1.0,
            -0.03247959911823273,
            0.9994720220565796,
            0.0004884279915131629,
            -0.00555256986990571,
            -0.6966320276260376,
            0.14750200510025024,
            0.25
        ]
    ],
    "labels:": [
        [
            1,
            3,
            2,
            2,
            0
        ]
    ],
    "obj": 41613,
    "mat_index": 4279,
    "obbs": "N 9\n0.0082775 0.137614 -0.189815 1 0 0 0 1 0 0 0 1 0.928541 0.656694 0.41812\n0.350095 0.135617 0.10744 0.0039487 0.00286972 -0.999988 0.951135 -0.308763 0.00286972 -0.308751 -0.951135 -0.0039487 0.399392 0.247893 0.689349\n-0.364775 0.133026 0.102211 0.293347 -0.955735 -0.0227782 0.954949 0.29406 -0.0400211 0.0449477 -0.0100119 0.998939 0.688292 0.236695 0.434702\n-0.001838 -0.448953 0.147288 1 0 0 0 1 0 0 0 1 0.253438 0.546007 0.254086\n-0.0080165 -0.105383 0.082986 1 0 0 0 1 0 0 0 1 0.511445 0.230918 0.454062\n-0.234698 -0.703292 -0.101706 -0.669376 -0.0231185 -0.742564 0.0212398 0.998512 -0.0502333 0.74262 -0.0493969 -0.667889 0.63365 0.0537885 0.135499\n0.252856 -0.688787 -0.0814208 -0.625841 -0.117732 -0.771013 -0.058891 0.992853 -0.103804 0.777724 -0.0195592 -0.628302 0.144982 0.0919884 0.633577\n0.221669 -0.688704 0.394152 -0.669572 0.0575945 -0.740511 -0.0152788 0.99571 0.0912582 0.74259 0.0724181 -0.665819 0.65477 0.109558 0.146506\n-0.262038 -0.705744 0.378985 -0.666879 -0.0678901 -0.742067 -0.0662525 0.997299 -0.0317011 0.742215 0.0280231 -0.669575 0.148074 0.0579142 0.620424\nC 19\n0 1\n0 4\n0 3\n0 2\n1 3\n1 4\n2 4\n2 3\n3 8\n3 6\n3 7\n3 4\n3 5\n5 6\n5 7\n5 8\n6 7\n6 8\n7 8\nS 2\n2\n1 0.350095 0.135617 0.10744\n2 -0.364775 0.133026 0.102211\n2\n-0.00734021 0.134321 0.104825\n-0.999967 -0.00362427 -0.00731522\n4\n7 0.221669 -0.688704 0.394152\n8 -0.262038 -0.705744 0.378985\n5 -0.234698 -0.703292 -0.101706\n6 0.252856 -0.688787 -0.0814208\n3\n-0.00555257 -0.696632 0.147502\n0.0324796 -0.999472 -0.000488428\nL 9\n0\n3\n3\n2\n1\n2\n2\n2\n2"
}