{
    "boxes": [
        [
            -0.007054170127958059,
            -0.1480419933795929,
            0.24580399692058563,
            0.048590000718832016,
            0.824226975440979,
            0.9648410081863403,
            -0.0007072010193951428,
            0.9832820296287537,
            -0.1820860058069229,
            -6.492849934147671e-05,
            0.1820860058069229,
            0.9832829833030701
        ],
        [
            -0.22277399897575378,
            -0.06582649797201157,
            0.4092029929161072,
            0.5863479971885681,
            0.8274379968643188,
            1.6719499826431274,
            -0.2513270080089569,
            0.8812400102615356,
            -0.40031298995018005,
            -0.7539780139923096,
            0.08108989894390106,
            0.6518750190734863
        ],
        [
            -0.5232179760932922,
            0.3050059974193573,
            -0.4380260109901428,
            0.05092199891805649,
            0.05101099982857704,
            0.11812999844551086,
            0.0,
            1.0,
            0.0,
            0.0,
            0.0,
            1.0
        ],
        [
            -0.45695701241493225,
            -0.022892000153660774,
            0.651416003704071,
            0.6959559917449951,
            0.06547600030899048,
            0.062247999012470245,
            0.0,
            1.0,
            0.0,
            0.0,
            0.0,
            1.0
        ],
        [
            -0.5260630249977112,
            0.3053489923477173,
            0.11177799850702286,
            0.04424300044775009,
            1.150230050086975,
            0.08508399873971939,
            0.0,
            1.0,
            0.0,
            0.0,
            0.0,
            1.0
        ],
        [
            0.5038620233535767,
            0.30136001110076904,
            -0.4384309947490692,
            0.054001498967409134,
            0.05154230073094368,
            0.13117000460624695,
            -0.0724307969212532,
            0.9407870173454285,
            -0.3311690092086792,
            -0.028407400473952293,
            0.3299599885940552,
            0.9435669779777527
        ],
        [
            -0.46355900168418884,
            -0.012881999835371971,
            -0.4322429895401001,
            0.6755239963531494,
            0.06556189805269241,
            0.07296700030565262,
            -0.00883680023252964,
            0.9995319843292236,
            0.029291700571775436,
            -0.18623000383377075,
            -0.03042539954185486,
            0.9820349812507629
        ],
        [
            -0.4612550139427185,
            -0.5202209949493408,
            -0.438060998916626,
            0.36333799362182617,
            0.0416099987924099,
            0.048705000430345535,
            0.0,
            1.0,
            0.0,
            0.0,
            0.0,
            1.0
        ],
        [
            -0.4613089859485626,
            -0.5175920128822327,
            0.664991021156311,
            0.36878201365470886,
            0.04195699840784073,
            0.048882000148296356,
            0.0,
            1.0,
            0.0,
            0.0,
            0.0,
            1.0
        ],
        [
            0.4468809962272644,
            -0.5194770097732544,
            0.6659539937973022,
            0.36482998728752136,
            0.052289001643657684,
            0.04716699942946434,
            -0.0005455799982883036,
            0.9999989867210388,
            -0.0016108299605548382,
            -0.6685119867324829,
            0.0008332519792020321,
            0.7437009811401367
        ],
        [
            -0.012798000127077103,
            -0.32238900661468506,
            -0.4374389946460724,
            0.06834100186824799,
            0.039073001593351364,
            0.9024959802627563,
            0.0,
            1.0,
            0.0,
            0.0,
            0.0,
            1.0
        ],
        [
            -0.46640899777412415,
            0.004442680161446333,
            -0.22904899716377258,
            0.494486004114151,
            0.15705600380897522,
            0.03438830003142357,
            0.001208989997394383,
            0.8455659747123718,
            -0.5338699817657471,
            -0.014399300329387188,
            0.5338299870491028,
            0.8454689979553223
        ],
        [
            -0.007052999921143055,
            0.1291549950838089,
            -0.30959299206733704,
            0.646668016910553,
            0.04189030081033707,
            0.9092370271682739,
            -6.965579814277589e-06,
            0.9780160188674927,
            -0.20852799713611603,
            -8.607319614384323e-06,
            0.20852799713611603,
            0.9780160188674927
        ],
        [
            -0.007048400118947029,
            0.12336300313472748,
            -0.3368319869041443,
            0.7012220025062561,
            0.08022519946098328,
            0.888372004032135,
            -0.00016879600298125297,
            0.9780279994010925,
            -0.20847199857234955,
            -0.00020856800256296992,
            0.20847199857234955,
            0.9780279994010925
        ]
    ],
    "ops": [
        [
            0,
            0,
            0,
            2,
            1,
            0,
            0,
            1,
            2,
            0,
            0,
            2,
            1,
            1,
            1,
            1,
            0,
            2,
            0,
            0,
            0,
            2,
            1,
            1,
            1,
            1,
            0,
            2,
            0,
            0,
            1,
            1,
            1
        ]
    ],
    "syms": [
        [
            0.0,
            0.0032195099629461765,
            0.00020037000649608672,
            0.9999949932098389,
            -0.5214430093765259,
            0.30511701107025146,
            0.11345300078392029,
            0.0
        ],
        [
            0.0,
            0.9999539852142334,
            0.009591050446033478,
            -0.00021166200167499483,
            -0.003907890059053898,
            -0.01854659989476204,
            0.6513199806213379,
            0.0
        ],
        [
            0.0,
            0.9999799728393555,
            -0.006341069936752319,
            0.0003013579989783466,
            -0.006906069815158844,
            -0.015777800232172012,
            -0.43210598826408386,
            0.0
        ],
        [
            0.0,
            0.9999840259552002,
            0.005095439963042736,
            0.0026471801102161407,
            -0.007594630122184753,
            -0.5179089903831482,
            -0.43685999512672424,
            0.0
        ],
        [
            0.0,
            0.011562500149011612,
            -0.010891499929130077,
            0.9998739957809448,
            -0.0064267502166330814,
            -0.3283909857273102,
            0.11351999640464783,
            0.0
        ],
        [
            0.0,
            0.999921977519989,
            0.010035599581897259,
            -0.007493040058761835,
            -0.007649550214409828,
            0.009046959690749645,
            -0.23248699307441711,
            0.0
        ]
    ],
    "labels:": [
        [
            1,
            3,
            3,
            3,
            3,
            3,
            3,
            2,
            2,
            2,
            2,
            0,
            0,
            0
        ]
    ],
    "obj": 41614,
    "mat_index": 4280,
    "obbs": "N 21\n-0.007053 0.129155 -0.309593 -6.96558e-06 0.978016 -0.208528 -8.60732e-06 0.208528 0.978016 1 8.60732e-06 6.96558e-06 0.646668 0.0418903 0.909237\n-0.00705417 -0.148042 0.245804 1 0.000707201 -6.49285e-05 -0.000707201 0.983282 -0.182086 -6.49285e-05 0.182086 0.983283 0.964841 0.04859 0.824227\n0.449141 -0.0142012 0.651224 0.0678435 0.0154818 -0.997576 0.997692 -0.00396568 0.0677898 -0.00290657 -0.999872 -0.0157151 0.0764162 0.0522077 0.678742\n0.449747 -0.0186735 -0.431968 1 0 0 0 1 0 0 0 1 0.05384 0.687573 0.051356\n-0.456957 -0.022892 0.651416 1 0 0 0 1 0 0 0 1 0.062248 0.695956 0.065476\n-0.463559 -0.012882 -0.432243 0.18623 0.0304254 -0.982035 0.982466 0.00322303 0.186412 0.0088368 -0.999532 -0.0292917 0.0655619 0.072967 0.675524\n0.511957 0.305349 0.111778 1 0 0 0 1 0 0 0 1 0.085084 0.044243 1.15023\n0.503862 0.30136 -0.438431 -0.0724308 0.940787 -0.331169 -0.0284074 0.32996 0.943567 0.996969 0.0777509 0.00282601 0.0540015 0.0515423 0.13117\n-0.222774 -0.0658265 0.409203 -0.60692 -0.465661 -0.644056 -0.251327 0.88124 -0.400313 0.753978 -0.0810899 -0.651875 1.67195 0.586348 0.827438\n-0.526063 0.305349 0.111778 1 0 0 0 1 0 0 0 1 0.085084 0.044243 1.15023\n-0.523218 0.305006 -0.438026 1 0 0 0 1 0 0 0 1 0.11813 0.050922 0.051011\n-0.519667 0.305227 0.664931 1 0 0 0 1 0 0 0 1 0.125234 0.05085 0.050694\n-0.012798 -0.322389 -0.437439 1 0 0 0 1 0 0 0 1 0.902496 0.068341 0.039073\n-5.55e-05 -0.334392 0.664479 1 0 0 0 1 0 0 0 1 0.903955 0.073165 0.039324\n-0.466409 0.00444268 -0.229049 0.0143993 -0.53383 -0.845469 0.999896 0.00666516 0.0128209 -0.00120899 -0.845566 0.53387 0.157056 0.0343883 0.494486\n0.45111 0.0136513 -0.235924 0.0125804 -0.535934 -0.844166 0.999921 0.00720369 0.0103282 0.000545858 -0.844229 0.535982 0.15908 0.0348213 0.509554\n-0.461255 -0.520221 -0.438061 1 0 0 0 1 0 0 0 1 0.048705 0.363338 0.04161\n0.446065 -0.515598 -0.435659 0.95599 0.0167722 -0.29292 0.29302 -0.00380481 0.956099 0.0149214 -0.999852 -0.00855194 0.0558617 0.0419086 0.372829\n0.446881 -0.519477 0.665954 0.668512 -0.000833252 -0.743701 0.743701 0.00148261 0.66851 0.00054558 -0.999999 0.00161083 0.052289 0.047167 0.36483\n-0.461309 -0.517592 0.664991 1 0 0 0 1 0 0 0 1 0.048882 0.368782 0.041957\n-0.0070484 0.123363 -0.336832 -0.000168796 0.978028 -0.208472 -0.000208568 0.208472 0.978028 1 0.000208568 0.000168796 0.701222 0.0802252 0.888372\nC 79\n0 20\n0 14\n0 7\n0 16\n0 10\n0 3\n0 15\n0 17\n0 12\n0 5\n0 8\n0 1\n0 6\n0 9\n1 3\n1 15\n1 20\n1 2\n1 14\n1 5\n1 13\n1 4\n1 19\n1 18\n1 8\n2 18\n2 8\n2 13\n2 6\n3 15\n3 7\n3 17\n3 20\n3 6\n3 12\n4 8\n4 9\n4 19\n4 13\n4 11\n5 9\n5 8\n5 12\n5 10\n5 16\n5 14\n5 20\n6 7\n6 15\n6 8\n6 20\n7 20\n7 15\n8 13\n8 9\n8 19\n8 14\n8 20\n8 16\n8 11\n8 12\n8 18\n9 11\n9 14\n9 20\n9 10\n10 14\n10 20\n12 16\n12 20\n12 17\n12 14\n12 15\n13 19\n13 18\n14 20\n15 20\n16 20\n17 20\nS 7\n2\n2 0.449141 -0.0142012 0.651224\n4 -0.456957 -0.022892 0.651416\n2\n-0.00390789 -0.0185466 0.65132\n-0.999954 -0.00959105 0.000211662\n2\n3 0.449747 -0.0186735 -0.431968\n5 -0.463559 -0.012882 -0.432243\n2\n-0.00690607 -0.0157778 -0.432106\n-0.99998 0.00634107 -0.000301358\n2\n6 0.511957 0.305349 0.111778\n9 -0.526063 0.305349 0.111778\n2\n-0.007053 0.305349 0.111778\n-1 0 0\n2\n10 -0.523218 0.305006 -0.438026\n11 -0.519667 0.305227 0.664931\n2\n-0.521443 0.305117 0.113453\n0.00321951 0.00020037 0.999995\n2\n12 -0.012798 -0.322389 -0.437439\n13 -5.55e-05 -0.334392 0.664479\n2\n-0.00642675 -0.328391 0.11352\n0.0115625 -0.0108915 0.999874\n2\n14 -0.466409 0.00444268 -0.229049\n15 0.45111 0.0136513 -0.235924\n2\n-0.00764955 0.00904696 -0.232487\n0.999922 0.0100356 -0.00749304\n2\n16 -0.461255 -0.520221 -0.438061\n17 0.446065 -0.515598 -0.435659\n2\n-0.00759463 -0.517909 -0.43686\n0.999984 0.00509544 0.00264718\nL 21\n0\n1\n3\n3\n3\n3\n3\n3\n3\n3\n3\n3\n2\n2\n0\n0\n2\n2\n2\n2\n0"
}