{
    "boxes": [
        [
            0.0027664999943226576,
            -0.07628200203180313,
            0.08547499775886536,
            0.2111620008945465,
            0.7728779911994934,
            0.8458390235900879,
            0.0,
            1.0,
            0.0,
            0.0,
            0.0,
            1.0
        ],
        [
            -0.43942299485206604,
            0.12137100100517273,
            0.22179600596427917,
            0.25842899084091187,
            0.0669260025024414,
            0.06699799746274948,
            0.0,
            1.0,
            0.0,
            0.0,
            0.0,
            1.0
        ],
        [
            0.44244900345802307,
            0.11904300004243851,
            0.22186699509620667,
            0.2587139904499054,
            0.0664943978190422,
            0.067125603556633,
            -0.01448190025985241,
            0.9998890161514282,
            -0.0034095700830221176,
            -0.42000600695610046,
            -0.0029885699041187763,
            0.9075160026550293
        ],
        [
            -0.4402639865875244,
            -0.09300900250673294,
            0.22268299758434296,
            0.17096999287605286,
            0.06913000345230103,
            0.06947699934244156,
            0.0,
            1.0,
            0.0,
            0.0,
            0.0,
            1.0
        ],
        [
            -0.41114699840545654,
            0.2870680093765259,
            0.023184800520539284,
            0.10666999965906143,
            0.6276879906654358,
            0.0611300989985466,
            -0.031987499445676804,
            0.990788996219635,
            0.13158300518989563,
            -0.13158300518989563,
            -0.13467900454998016,
            0.9821140170097351
        ],
        [
            -0.3642610013484955,
            -0.4232400059700012,
            -0.3022949993610382,
            0.6324589848518372,
            0.08779440075159073,
            0.07319369912147522,
            -0.02552489936351776,
            0.9929249882698059,
            0.1159679964184761,
            0.3154430091381073,
            -0.10207899659872055,
            0.9434379935264587
        ],
        [
            -0.3828369975090027,
            -0.6822140216827393,
            0.14303800463676453,
            0.07581699639558792,
            0.9287570118904114,
            0.07581699639558792,
            0.0,
            1.0,
            0.0,
            0.0,
            0.0,
            1.0
        ],
        [
            0.008093499578535557,
            -0.6632599830627441,
            0.10513000190258026,
            0.018953999504446983,
            0.0568620003759861,
            0.7060449719429016,
            -0.0,
            1.0,
            0.0,
            0.0,
            -0.0,
            1.0
        ],
        [
            -0.38159099221229553,
            -0.41246700286865234,
            0.43257400393486023,
            0.4636789858341217,
            0.10424800217151642,
            0.10424800217151642,
            0.0,
            1.0,
            0.0,
            0.0,
            0.0,
            1.0
        ],
        [
            0.0024189800024032593,
            0.495184987783432,
            -0.3283640146255493,
            0.8195009827613831,
            0.08967410027980804,
            0.7918999791145325,
            -0.0031100099440664053,
            0.9832360148429871,
            -0.18231000006198883,
            -0.003739649895578623,
            0.18229800462722778,
            0.9832360148429871
        ],
        [
            -0.362731009721756,
            -0.010415500029921532,
            -0.2681879997253418,
            0.22857700288295746,
            0.05873100087046623,
            0.05902000144124031,
            0.0,
            1.0,
            0.0,
            0.0,
            0.0,
            1.0
        ]
    ],
    "ops": [
        [
            0,
            0,
            0,
            0,
            0,
            1,
            2,
            1,
            1,
            1,
            0,
            0,
            1,
            2,
            0,
            0,
            2,
            1,
            1,
            1,
            0,
            0,
            2,
            1,
            1
        ]
    ],
    "syms": [
        [
            0.0,
            0.9999970197677612,
            -0.0025400801096111536,
            0.0004028189869131893,
            0.0022414999548345804,
            -0.09413299709558487,
            0.22286100685596466,
            0.0
        ],
        [
            0.0,
            0.999970018863678,
            0.007647110149264336,
            -0.0010559499496594071,
            0.0041984799318015575,
            -0.4204230010509491,
            -0.3026840090751648,
            0.0
        ],
        [
            0.0,
            0.9999279975891113,
            0.011893000453710556,
            0.0015267099952325225,
            0.0026475500781089067,
            -0.4078960120677948,
            0.4331609904766083,
            0.0
        ],
        [
            0.0,
            0.9998030066490173,
            0.01984499953687191,
            -5.060579860582948e-05,
            0.002767999889329076,
            -0.003160750027745962,
            -0.26820600032806396,
            0.0
        ]
    ],
    "labels:": [
        [
            1,
            3,
            3,
            3,
            3,
            2,
            2,
            2,
            2,
            0,
            0
        ]
    ],
    "obj": 41640,
    "mat_index": 4286,
    "obbs": "N 17\n0.00241898 0.495185 -0.328364 -0.00311001 0.983236 -0.18231 -0.00373965 0.182298 0.983236 0.999988 0.00373965 0.00311001 0.819501 0.0896741 0.7919\n0.444746 -0.095257 0.22304 1 0 0 0 1 0 0 0 1 0.069477 0.17097 0.069129\n-0.440264 -0.093009 0.222683 1 0 0 0 1 0 0 0 1 0.069477 0.17097 0.06913\n0.0027665 -0.076282 0.085475 1 0 0 0 1 0 0 0 1 0.845839 0.211162 0.772878\n0.442449 0.119043 0.221867 -0.907406 -0.0145746 -0.420003 -0.420006 -0.00298857 0.907516 -0.0144819 0.999889 -0.00340957 0.0671256 0.0664944 0.258714\n-0.439423 0.121371 0.221796 1 0 0 0 1 0 0 0 1 0.066998 0.258429 0.066926\n0.415373 0.283144 0.023492 -0.00912672 -0.991695 -0.128291 0.991126 0.00804269 -0.13268 0.13261 -0.128363 0.982821 0.105561 0.0588307 0.62734\n-0.411147 0.287068 0.0231848 0.0319875 -0.990789 -0.131583 0.990789 0.0141014 0.134679 -0.131583 -0.134679 0.982114 0.10667 0.0611301 0.627688\n0.0080935 -0.66326 0.10513 1 0 0 -0 1 0 0 -0 1 0.706045 0.018954 0.056862\n0.368267 0.004094 -0.268224 1 0 0 0 1 0 0 0 1 0.059016 0.233828 0.058649\n-0.362731 -0.0104155 -0.268188 1 0 0 0 1 0 0 0 1 0.05902 0.228577 0.058731\n0.372658 -0.417605 -0.303073 -0.00514031 0.987647 0.15661 0.847196 -0.0789009 0.525388 0.531255 0.13538 -0.836326 0.644642 0.0764782 0.0899796\n-0.364261 -0.42324 -0.302295 -0.315443 0.102079 -0.943438 0.948601 0.0606623 -0.310605 0.0255249 -0.992925 -0.115968 0.0877944 0.0731937 0.632459\n0.386886 -0.403326 0.433747 0.00185979 0.999956 -0.00917212 0.980051 2.60281e-07 0.198748 0.19874 -0.00935877 -0.980008 0.446021 0.10405 0.104045\n-0.381591 -0.412467 0.432574 1 0 0 0 1 0 0 0 1 0.104248 0.463679 0.104248\n0.388371 -0.672737 0.143038 1 0 0 0 1 0 0 0 1 0.075817 0.094771 0.928757\n-0.382837 -0.682214 0.143038 1 0 0 0 1 0 0 0 1 0.075817 0.075817 0.928757\nC 40\n0 7\n0 10\n0 3\n0 11\n0 12\n0 6\n0 9\n1 3\n1 6\n1 13\n1 4\n2 5\n2 3\n2 14\n2 7\n3 11\n3 7\n3 14\n3 10\n3 6\n3 13\n3 9\n3 5\n3 12\n3 4\n4 13\n4 6\n5 7\n5 14\n6 9\n7 10\n8 13\n8 16\n8 15\n9 11\n10 12\n11 15\n12 16\n13 15\n14 16\nS 6\n2\n1 0.444746 -0.095257 0.22304\n2 -0.440264 -0.093009 0.222683\n2\n0.0022415 -0.094133 0.222861\n-0.999997 0.00254008 -0.000402819\n2\n6 0.415373 0.283144 0.023492\n7 -0.411147 0.287068 0.0231848\n2\n0.002113 0.285106 0.0233384\n-0.999989 0.00474813 -0.000371718\n2\n9 0.368267 0.004094 -0.268224\n10 -0.362731 -0.0104155 -0.268188\n2\n0.002768 -0.00316075 -0.268206\n-0.999803 -0.019845 5.06058e-05\n2\n11 0.372658 -0.417605 -0.303073\n12 -0.364261 -0.42324 -0.302295\n2\n0.00419848 -0.420423 -0.302684\n-0.99997 -0.00764711 0.00105595\n2\n13 0.386886 -0.403326 0.433747\n14 -0.381591 -0.412467 0.432574\n2\n0.00264755 -0.407896 0.433161\n-0.999928 -0.011893 -0.00152671\n2\n15 0.388371 -0.672737 0.143038\n16 -0.382837 -0.682214 0.143038\n2\n0.0027665 -0.677476 0.143038\n-0.999925 -0.0122876 0\nL 17\n0\n3\n3\n1\n3\n3\n3\n3\n2\n0\n0\n2\n2\n2\n2\n2\n2"
}