{
    "boxes": [
        [
            -0.0036685001105070114,
            -0.00691650016233325,
            0.11262500286102295,
            0.41826701164245605,
            0.9423850178718567,
            1.0315099954605103,
            0.0,
            1.0,
            0.0,
            0.0,
            0.0,
            1.0
        ],
        [
            0.4095030128955841,
            0.3255380094051361,
            -0.03809579834342003,
            0.48810499906539917,
            0.8740910291671753,
            0.32462000846862793,
            0.43949800729751587,
            0.8969079852104187,
            -0.048969898372888565,
            0.07817739993333817,
            0.016116399317979813,
            0.9968090057373047
        ],
        [
            -0.4128020107746124,
            0.2966330051422119,
            0.04014759883284569,
            0.4490340054035187,
            0.7245380282402039,
            0.29256701469421387,
            -0.07204519957304001,
            0.9973719716072083,
            0.007709289900958538,
            0.16004300117492676,
            0.0039308201521635056,
            0.9871019721031189
        ],
        [
            -0.018686499446630478,
            -0.4779910147190094,
            0.10983200371265411,
            0.8954020142555237,
            0.19403700530529022,
            0.18604299426078796,
            0.0,
            1.0,
            0.0,
            0.0,
            0.0,
            1.0
        ],
        [
            -0.018695499747991562,
            -0.9151930212974548,
            0.10584300011396408,
            0.06581109762191772,
            0.5492749810218811,
            0.5494409799575806,
            -0.000602893007453531,
            0.9999989867210388,
            -0.0009260569931939244,
            -0.1045290008187294,
            0.0008579649729654193,
            0.9945210218429565
        ],
        [
            -0.02336280047893524,
            0.24192999303340912,
            -0.24599699676036835,
            0.8525769710540771,
            0.6244770288467407,
            1.0483100414276123,
            -0.003351669991388917,
            0.8842369914054871,
            -0.4670259952545166,
            0.08119720220565796,
            0.4657270014286041,
            0.8811950087547302
        ]
    ],
    "ops": [
        [
            0,
            0,
            0,
            1,
            1,
            0,
            0,
            1,
            1,
            0,
            1
        ]
    ],
    "syms": [
        [
            0.0,
            0.0,
            0.0,
            0.0,
            0.0,
            0.0,
            0.0,
            0.0
        ]
    ],
    "labels:": [
        [
            1,
            3,
            3,
            2,
            2,
            0
        ]
    ],
    "obj": 41642,
    "mat_index": 4288,
    "obbs": "N 6\n-0.0233628 0.24193 -0.245997 0.996692 -0.0349678 -0.0733586 0.0811972 0.465727 0.881195 0.00335167 -0.884237 0.467026 1.04831 0.624477 0.852577\n0.409503 0.325538 -0.0380958 -0.439498 -0.896908 0.0489699 0.894835 -0.441924 -0.0630348 0.0781774 0.0161164 0.996809 0.488105 0.32462 0.874091\n-0.412802 0.296633 0.0401476 -0.160043 -0.00393082 -0.987102 0.984477 0.0723498 -0.159906 0.0720452 -0.997372 -0.00770929 0.724538 0.292567 0.449034\n-0.0036685 -0.0069165 0.112625 1 0 0 0 1 0 0 0 1 1.03151 0.418267 0.942385\n-0.0186865 -0.477991 0.109832 1 0 0 0 1 0 0 0 1 0.186043 0.895402 0.194037\n-0.0186955 -0.915193 0.105843 -0.994522 -0.000696389 -0.104528 -0.000602893 0.999999 -0.000926057 0.104529 -0.000857965 -0.994521 0.549441 0.0658111 0.549275\nC 10\n0 1\n0 4\n0 3\n0 2\n1 3\n1 4\n2 4\n2 3\n3 4\n4 5\nS 0\nL 6\n0\n3\n3\n1\n2\n2"
}