{
    "boxes": [
        [
            -0.0032392400316894054,
            0.028301699087023735,
            0.07015229761600494,
            0.10728000104427338,
            0.4836849868297577,
            0.5481299757957458,
            0.001296799979172647,
            0.9990900158882141,
            0.04262629896402359,
            -2.7651500204228796e-05,
            -0.04262629896402359,
            0.9990910291671753
        ],
        [
            -0.2678540050983429,
            0.19776000082492828,
            -0.16103699803352356,
            0.2583790123462677,
            0.017972100526094437,
            0.03082519955933094,
            -0.07815229892730713,
            0.9969350099563599,
            0.0035531700123101473,
            0.026417799293994904,
            -0.0014918900560587645,
            0.9996500015258789
        ],
        [
            0.2649730145931244,
            0.19478200376033783,
            -0.15910999476909637,
            0.26469799876213074,
            0.030607299879193306,
            0.03859119862318039,
            0.06750030070543289,
            0.9975540041923523,
            0.018178600817918777,
            -0.43935298919677734,
            0.013360800221562386,
            0.8982149958610535
        ],
        [
            -0.2952370047569275,
            0.31928199529647827,
            0.03305689990520477,
            0.04712409898638725,
            0.39468300342559814,
            0.039994899183511734,
            -0.13614900410175323,
            0.9892190098762512,
            0.053928498178720474,
            0.005538220051676035,
            -0.053674500435590744,
            0.9985430240631104
        ],
        [
            -0.0024652499705553055,
            -0.46912500262260437,
            0.27639299631118774,
            0.030223099514842033,
            0.05423229932785034,
            0.5067909955978394,
            -3.427809861022979e-05,
            0.9984880089759827,
            -0.05497799813747406,
            -9.429840019947733e-07,
            0.05497799813747406,
            0.9984880089759827
        ],
        [
            -0.2671160101890564,
            -0.44142499566078186,
            -0.15768900513648987,
            0.9822490215301514,
            0.024644000455737114,
            0.013811999931931496,
            0.0,
            1.0,
            0.0,
            0.0,
            0.0,
            1.0
        ],
        [
            -0.25824201107025146,
            -0.4769049882888794,
            0.2882930040359497,
            0.9184060096740723,
            0.0357539989054203,
            0.032239001244306564,
            0.0,
            1.0,
            0.0,
            0.0,
            0.0,
            1.0
        ],
        [
            -0.2667900025844574,
            -0.9247450232505798,
            0.06462349742650986,
            0.023003000766038895,
            0.4546569883823395,
            0.014251000247895718,
            0.0,
            1.0,
            0.0,
            0.0,
            0.0,
            1.0
        ],
        [
            -0.0032854999881237745,
            0.3160319924354553,
            -0.19527100026607513,
            0.49490898847579956,
            0.022996999323368073,
            0.4825649857521057,
            0.0,
            1.0,
            0.0,
            0.0,
            0.0,
            1.0
        ],
        [
            -0.02091600000858307,
            0.012897999957203865,
            -0.14597700536251068,
            0.13888399302959442,
            0.11236300319433212,
            0.017988000065088272,
            0.0,
            1.0,
            0.0,
            0.0,
            0.0,
            1.0
        ]
    ],
    "ops": [
        [
            0,
            0,
            0,
            0,
            2,
            1,
            1,
            1,
            0,
            0,
            0,
            0,
            1,
            1,
            2,
            1,
            1,
            0,
            0,
            2,
            1,
            1
        ]
    ],
    "syms": [
        [
            0.0,
            0.9999979734420776,
            -0.0017565799644216895,
            0.0003322990087326616,
            -0.0021048500202596188,
            0.3187670111656189,
            0.03315430134534836,
            0.0
        ],
        [
            0.0,
            0.9999840259552002,
            -0.0004034999874420464,
            -0.005654680076986551,
            -0.0031797499395906925,
            -0.4415319859981537,
            -0.15918199717998505,
            0.0
        ],
        [
            0.0,
            0.9999859929084778,
            0.004936110228300095,
            0.0018334100022912025,
            -0.0031897500157356262,
            0.012985499575734138,
            -0.1459439992904663,
            0.0
        ]
    ],
    "labels:": [
        [
            1,
            3,
            3,
            3,
            2,
            2,
            2,
            2,
            0,
            0
        ]
    ],
    "obj": 41707,
    "mat_index": 4318,
    "obbs": "N 15\n-0.0032855 0.316032 -0.195271 1 0 0 0 1 0 0 0 1 0.482565 0.494909 0.022997\n-0.00323924 0.0283017 0.0701523 0.999999 -0.0012968 -2.76515e-05 0.0012968 0.99909 0.0426263 -2.76515e-05 -0.0426263 0.999091 0.54813 0.10728 0.483685\n0.264973 0.194782 -0.15911 0.0675003 0.997554 0.0181786 -0.439353 0.0133608 0.898215 0.895775 -0.0686166 0.43918 0.264698 0.0306073 0.0385912\n-0.267854 0.19776 -0.161037 0.996591 0.0782188 -0.0262202 0.0264178 -0.00149189 0.99965 0.0781523 -0.996935 -0.00355317 0.0308252 0.0179721 0.258379\n0.291027 0.318252 0.0332517 -0.00138388 -0.998561 -0.0536162 0.999998 -0.00145461 0.0012802 -0.00135635 -0.0536143 0.998561 0.0475678 0.0318694 0.394697\n-0.295237 0.319282 0.0330569 0.136149 -0.989219 -0.0539285 0.990673 0.13625 0.00182924 0.00553822 -0.0536745 0.998543 0.0471241 0.0399949 0.394683\n-0.00246525 -0.469125 0.276393 9.42984e-07 -0.054978 -0.998488 -3.42781e-05 0.998488 -0.054978 1 3.42781e-05 -9.42984e-07 0.0542323 0.0302231 0.506791\n-0.020916 0.012898 -0.145977 1 0 0 0 1 0 0 0 1 0.017988 0.138884 0.112363\n0.0145365 0.013073 -0.145911 1 0 0 0 1 0 0 0 1 0.023107 0.139228 0.112203\n0.253797 -0.471401 0.293401 1 0 0 0 1 0 0 0 1 0.029962 0.929256 0.029533\n-0.258242 -0.476905 0.288293 1 0 0 0 1 0 0 0 1 0.032239 0.918406 0.035754\n-0.267116 -0.441425 -0.157689 1 0 0 0 1 0 0 0 1 0.013812 0.982249 0.024644\n0.260757 -0.441638 -0.160674 1 0 0 0 1 0 0 0 1 0.013673 0.980741 0.01865\n0.260655 -0.924501 0.064046 -0.110273 -0.993901 0.000315513 0.993901 -0.110273 -0.000282443 0.000315513 0.000282443 1 0.0234644 0.0141401 0.456715\n-0.26679 -0.924745 0.0646235 1 0 0 0 1 0 0 0 1 0.014251 0.023003 0.454657\nC 35\n0 2\n0 7\n0 3\n0 11\n0 4\n0 12\n0 5\n0 8\n0 1\n1 3\n1 11\n1 2\n1 5\n1 10\n1 4\n1 9\n1 12\n1 8\n1 7\n2 8\n2 12\n2 7\n2 4\n3 11\n3 7\n3 5\n6 9\n6 10\n7 11\n7 8\n8 12\n9 13\n10 14\n11 14\n12 13\nS 5\n2\n4 0.291027 0.318252 0.0332517\n5 -0.295237 0.319282 0.0330569\n2\n-0.00210485 0.318767 0.0331543\n-0.999998 0.00175658 -0.000332299\n2\n7 -0.020916 0.012898 -0.145977\n8 0.0145365 0.013073 -0.145911\n2\n-0.00318975 0.0129855 -0.145944\n0.999986 0.00493611 0.00183341\n2\n9 0.253797 -0.471401 0.293401\n10 -0.258242 -0.476905 0.288293\n2\n-0.00222275 -0.474153 0.290847\n-0.999892 -0.010748 -0.00997374\n2\n11 -0.267116 -0.441425 -0.157689\n12 0.260757 -0.441638 -0.160674\n2\n-0.00317975 -0.441532 -0.159182\n0.999984 -0.0004035 -0.00565468\n2\n13 0.260655 -0.924501 0.064046\n14 -0.26679 -0.924745 0.0646235\n2\n-0.00306774 -0.924623 0.0643347\n-0.999999 -0.000462761 0.00109499\nL 15\n0\n1\n3\n3\n3\n3\n2\n0\n0\n2\n2\n2\n2\n2\n2"
}