{
    "boxes": [
        [
            0.0034125400707125664,
            -0.07279069721698761,
            0.16505099833011627,
            0.1615220010280609,
            0.7285569906234741,
            0.8121470212936401,
            -0.0022942100185900927,
            0.9977589845657349,
            -0.06686980277299881,
            -7.679260306758806e-05,
            0.06686980277299881,
            0.9977620244026184
        ],
        [
            0.40447598695755005,
            0.031186699867248535,
            0.18046900629997253,
            0.5234270095825195,
            0.3763200044631958,
            0.2705569863319397,
            0.2973960041999817,
            0.9521030187606812,
            -0.07109919935464859,
            -0.07659299671649933,
            0.09802020341157913,
            0.9922329783439636
        ],
        [
            -0.34109699726104736,
            -0.174903005361557,
            0.07862299680709839,
            0.04301900044083595,
            0.0772780030965805,
            0.26753899455070496,
            0.0,
            1.0,
            0.0,
            0.0,
            0.0,
            1.0
        ],
        [
            -0.4729839861392975,
            0.027157699689269066,
            0.12866799533367157,
            0.4067170023918152,
            0.13066600263118744,
            0.10237699747085571,
            -0.0260343998670578,
            0.9784910082817078,
            0.2046390026807785,
            0.06416290253400803,
            -0.20264999568462372,
            0.9771469831466675
        ],
        [
            -0.47350698709487915,
            0.22802099585533142,
            0.16645200550556183,
            0.06851989775896072,
            0.3858189880847931,
            0.159620001912117,
            -0.01749360002577305,
            0.9987450242042542,
            -0.04693859815597534,
            -0.00041081898962147534,
            0.04693859815597534,
            0.9988980293273926
        ],
        [
            -0.008491059765219688,
            -0.6779490113258362,
            -0.4454120099544525,
            0.11331400275230408,
            0.11727699637413025,
            0.09330520033836365,
            -0.11205500364303589,
            0.9935510158538818,
            0.017338700592517853,
            0.40506500005722046,
            0.029736999422311783,
            0.9138039946556091
        ],
        [
            0.00599351990967989,
            -0.5474219918251038,
            -0.19418999552726746,
            0.10847099870443344,
            0.5530999898910522,
            0.05949379876255989,
            -0.0008968400070443749,
            0.9127780199050903,
            -0.4084559977054596,
            0.0016624099807813764,
            0.4084570109844208,
            0.912775993347168
        ],
        [
            0.021900499239563942,
            -0.30873098969459534,
            0.3330039978027344,
            0.12167900055646896,
            0.11725100129842758,
            0.0943249985575676,
            0.0,
            1.0,
            0.0,
            0.0,
            0.0,
            1.0
        ],
        [
            -0.2389490008354187,
            -0.1787859946489334,
            0.31785300374031067,
            0.06147199869155884,
            0.15542399883270264,
            0.3106440007686615,
            0.0,
            1.0,
            0.0,
            0.0,
            0.0,
            1.0
        ],
        [
            0.010773000307381153,
            -0.4524489939212799,
            0.11562000215053558,
            0.4802750051021576,
            0.1737080067396164,
            0.16750800609588623,
            0.0,
            1.0,
            0.0,
            0.0,
            0.0,
            1.0
        ],
        [
            0.006606730166822672,
            0.15069200098514557,
            -0.2631480097770691,
            0.8930330276489258,
            0.2612450122833252,
            0.2574720084667206,
            0.0011830499861389399,
            0.9945769906044006,
            -0.10399200022220612,
            0.0013131899759173393,
            0.10399100184440613,
            0.9945769906044006
        ],
        [
            0.007540999911725521,
            0.35295701026916504,
            -0.20532099902629852,
            0.9477660059928894,
            0.2691580057144165,
            0.8034960031509399,
            0.0,
            1.0,
            0.0,
            0.0,
            0.0,
            1.0
        ],
        [
            0.0048417700454592705,
            0.3494099974632263,
            -0.294405996799469,
            0.882423996925354,
            0.2904540002346039,
            0.7407360076904297,
            -0.007385389879345894,
            0.9879369735717773,
            -0.15467800199985504,
            -0.0086313895881176,
            0.15461400151252747,
            0.9879369735717773
        ]
    ],
    "ops": [
        [
            0,
            0,
            0,
            2,
            1,
            0,
            0,
            2,
            1,
            1,
            1,
            0,
            0,
            1,
            2,
            0,
            0,
            0,
            1,
            1,
            1,
            1,
            0,
            0,
            0,
            1,
            1,
            1
        ]
    ],
    "syms": [
        [
            0.0,
            0.9999970197677612,
            0.001902570016682148,
            0.0016645699506625533,
            0.001332749961875379,
            -0.1742510050535202,
            0.07919300347566605,
            0.0
        ],
        [
            0.0,
            0.9999960064888,
            0.0027164900675415993,
            -0.00013692700304090977,
            0.0017787800170481205,
            0.229312002658844,
            0.16638700664043427,
            0.0
        ],
        [
            -1.0,
            -0.001993719954043627,
            0.9999679923057556,
            -0.007808669935911894,
            -0.007326220162212849,
            -0.6750530004501343,
            0.09734009951353073,
            0.20000000298023224
        ]
    ],
    "labels:": [
        [
            1,
            3,
            3,
            3,
            3,
            2,
            2,
            2,
            2,
            2,
            0,
            0,
            0
        ]
    ],
    "obj": 41725,
    "mat_index": 4327,
    "obbs": "N 23\n0.007541 0.352957 -0.205321 1 0 0 0 1 0 0 0 1 0.803496 0.947766 0.269158\n-0.511092 -0.67536 -0.071723 0.933622 -0.000800702 -0.358259 -0.101183 0.958696 -0.265825 0.343675 0.28443 0.894979 0.0887921 0.102175 0.13863\n-0.00849106 -0.677949 -0.445412 0.907395 0.109419 -0.405785 -0.112055 0.993551 0.0173387 0.405065 0.029737 0.913804 0.0933052 0.113314 0.117277\n0.50623 -0.679392 -0.0795895 0.933873 -0.0629074 -0.352029 -0.00920343 0.979852 -0.199514 0.357487 0.189561 0.914478 0.09121 0.105134 0.115714\n0.311827 -0.666165 0.523261 0.905298 0.0486114 -0.421986 -0.30103 0.774318 -0.556609 0.299694 0.630927 0.715622 0.0911327 0.113821 0.136672\n-0.335105 -0.676398 0.560165 -0.498361 -0.037158 -0.866173 -0.0880398 0.996085 0.00792346 0.862488 0.0802064 -0.499682 0.0895637 0.112034 0.118154\n-0.238949 -0.178786 0.317853 1 0 0 0 1 0 0 0 1 0.310644 0.061472 0.155424\n0.404476 0.0311867 0.180469 0.076593 -0.0980202 -0.992233 0.951677 -0.28964 0.102075 -0.297396 -0.952103 0.0710992 0.37632 0.270557 0.523427\n-0.472984 0.0271577 0.128668 0.0260344 -0.978491 -0.204639 0.9976 0.0385696 -0.057507 0.0641629 -0.20265 0.977147 0.406717 0.102377 0.130666\n-0.281071 -0.537572 0.014741 0.866041 0.406022 0.29175 -0.259598 -0.133536 0.95644 0.427295 -0.904054 -0.0102451 0.563896 0.0536661 0.100548\n0.00599352 -0.547422 -0.19419 -0.00089684 0.912778 -0.408456 0.999998 0.000139595 -0.00188373 -0.00166241 -0.408457 -0.912776 0.108471 0.0594938 0.5531\n0.290806 -0.546287 0.015838 -0.86091 0.422766 0.283024 0.276327 -0.0785331 0.95785 0.427173 0.90283 -0.0492119 0.556097 0.0535492 0.105536\n0.181423 -0.527621 0.352877 -0.271632 -0.940092 -0.206016 0.786916 -0.0937156 -0.609903 0.554058 -0.327786 0.765229 0.117821 0.0511496 0.525505\n-0.187852 -0.538776 0.355975 -0.216874 0.91613 0.337153 0.812885 -0.021761 0.582018 0.540541 0.400291 -0.739989 0.0907204 0.0688178 0.54253\n0.00484177 0.34941 -0.294406 0.999935 0.00863139 0.00738539 -0.00863139 0.154614 0.987937 0.00738539 -0.987937 0.154678 0.740736 0.290454 0.882424\n0.00660673 0.150692 -0.263148 0.999998 -0.00131319 -0.00118305 0.00131319 0.103991 0.994577 -0.00118305 -0.994577 0.103992 0.257472 0.261245 0.893033\n0.343763 -0.1736 0.079763 1 0 0 0 1 0 0 0 1 0.265968 0.045663 0.079422\n-0.341097 -0.174903 0.078623 1 0 0 0 1 0 0 0 1 0.267539 0.043019 0.077278\n0.010773 -0.452449 0.11562 1 0 0 0 1 0 0 0 1 0.167508 0.480275 0.173708\n0.477065 0.230603 0.166322 0.999992 -0.00398195 9.61913e-05 0.00398195 0.998826 -0.0482853 9.61913e-05 0.0482853 0.998834 0.159588 0.0624474 0.385778\n-0.473507 0.228021 0.166452 0.999847 0.0174936 -0.000410819 -0.0174936 0.998745 -0.0469386 -0.000410819 0.0469386 0.998898 0.15962 0.0685199 0.385819\n0.00341254 -0.0727907 0.165051 0.999997 0.00229421 -7.67926e-05 -0.00229421 0.997759 -0.0668698 -7.67926e-05 0.0668698 0.997762 0.812147 0.161522 0.728557\n0.0219005 -0.308731 0.333004 1 0 0 0 1 0 0 0 1 0.094325 0.121679 0.117251\nC 84\n0 20\n0 14\n0 7\n0 16\n0 21\n0 15\n0 17\n0 18\n0 8\n0 19\n1 9\n2 10\n3 11\n4 12\n5 13\n6 9\n6 21\n6 17\n6 22\n6 18\n6 12\n6 8\n6 13\n7 21\n7 12\n7 16\n7 11\n7 15\n7 19\n7 14\n7 18\n7 22\n8 14\n8 20\n8 21\n8 17\n9 22\n9 18\n9 15\n9 11\n9 17\n9 10\n9 13\n9 12\n10 11\n10 15\n10 12\n10 18\n10 22\n10 13\n11 16\n11 22\n11 18\n11 13\n11 12\n11 15\n12 16\n12 13\n12 18\n12 22\n13 22\n13 17\n13 18\n14 17\n14 18\n14 19\n14 15\n14 20\n14 16\n14 21\n15 18\n15 17\n15 21\n15 16\n16 21\n16 22\n16 18\n17 18\n17 21\n18 22\n18 21\n19 21\n20 21\n21 22\nS 4\n5\n3 0.50623 -0.679392 -0.0795895\n2 -0.00849106 -0.677949 -0.445412\n1 -0.511092 -0.67536 -0.071723\n5 -0.335105 -0.676398 0.560165\n4 0.311827 -0.666165 0.523261\n3\n-0.00732622 -0.675053 0.0973401\n0.00199372 -0.999968 0.00780867\n5\n12 0.181423 -0.527621 0.352877\n13 -0.187852 -0.538776 0.355975\n9 -0.281071 -0.537572 0.014741\n10 0.00599352 -0.547422 -0.19419\n11 0.290806 -0.546287 0.015838\n3\n0.00185983 -0.539535 0.109048\n-0.00224477 -0.99966 0.0259929\n2\n16 0.343763 -0.1736 0.079763\n17 -0.341097 -0.174903 0.078623\n2\n0.00133275 -0.174251 0.079193\n-0.999997 -0.00190257 -0.00166457\n2\n19 0.477065 0.230603 0.166322\n20 -0.473507 0.228021 0.166452\n2\n0.00177878 0.229312 0.166387\n-0.999996 -0.00271649 0.000136927\nL 23\n0\n2\n2\n2\n2\n2\n2\n3\n3\n2\n2\n2\n2\n2\n0\n0\n3\n3\n2\n3\n3\n1\n2"
}