{
    "boxes": [
        [
            0.00381176988594234,
            -0.23855799436569214,
            0.36353400349617004,
            0.1075420007109642,
            0.7073249816894531,
            1.0746300220489502,
            -0.004949280060827732,
            0.9807379841804504,
            -0.19526299834251404,
            -0.00048790499567985535,
            0.19526299834251404,
            0.9807509779930115
        ],
        [
            -0.5079010128974915,
            -0.3891650140285492,
            0.2982710003852844,
            0.3199149966239929,
            0.7918739914894104,
            0.04950910061597824,
            0.006614290177822113,
            0.9516040086746216,
            0.30725499987602234,
            -0.00020240999583620578,
            -0.30726099014282227,
            0.9516249895095825
        ],
        [
            -0.5081319808959961,
            -0.6350759863853455,
            0.15613000094890594,
            0.046877000480890274,
            0.8586519956588745,
            0.047148000448942184,
            0.0,
            1.0,
            0.0,
            0.0,
            0.0,
            1.0
        ],
        [
            0.0037671800237149,
            0.1544169932603836,
            -0.22493599355220795,
            1.1416399478912354,
            0.19325299561023712,
            1.0740699768066406,
            -0.0003881969896610826,
            0.9290080070495605,
            -0.3700590133666992,
            -0.0005724949878640473,
            0.3700590133666992,
            0.9290080070495605
        ]
    ],
    "ops": [
        [
            0,
            0,
            0,
            1,
            2,
            1,
            0,
            1
        ]
    ],
    "syms": [
        [
            0.0,
            0.9999409914016724,
            -0.009430189616978168,
            -0.005466369912028313,
            0.004120850004255772,
            -0.393994003534317,
            0.29547199606895447,
            0.0
        ]
    ],
    "labels:": [
        [
            1,
            2,
            2,
            0
        ]
    ],
    "obj": 41738,
    "mat_index": 4335,
    "obbs": "N 6\n0.00376718 0.154417 -0.224936 -0.000388197 0.929008 -0.370059 -0.000572495 0.370059 0.929008 1 0.000572495 0.000388197 1.14164 0.193253 1.07407\n0.00381177 -0.238558 0.363534 0.999988 0.00494928 -0.000487905 -0.00494928 0.980738 -0.195263 -0.000487905 0.195263 0.980751 1.07463 0.107542 0.707325\n-0.507901 -0.389165 0.298271 -0.00661429 -0.951604 -0.307255 0.999978 -0.00635652 -0.0018397 -0.00020241 -0.307261 0.951625 0.319915 0.0495091 0.791874\n0.516143 -0.398822 0.292673 0.00362069 0.259686 -0.965686 0.999944 -0.0105467 0.000912971 -0.00994773 -0.965635 -0.25971 0.793592 0.0515396 0.318928\n0.515499 -0.641869 0.153487 0.999985 0.00547345 -1.63361e-05 -0.00547345 0.999967 -0.00596913 -1.63361e-05 0.00596913 0.999982 0.0476167 0.0373812 0.853472\n-0.508132 -0.635076 0.15613 1 0 0 0 1 0 0 0 1 0.047148 0.046877 0.858652\nC 9\n0 1\n0 5\n0 4\n0 3\n0 2\n1 2\n1 3\n2 5\n3 4\nS 2\n2\n2 -0.507901 -0.389165 0.298271\n3 0.516143 -0.398822 0.292673\n2\n0.00412085 -0.393994 0.295472\n0.999941 -0.00943019 -0.00546637\n2\n4 0.515499 -0.641869 0.153487\n5 -0.508132 -0.635076 0.15613\n2\n0.0036834 -0.638472 0.154808\n-0.999975 0.00663666 0.00258206\nL 6\n0\n1\n2\n2\n2\n2"
}