{
    "boxes": [
        [
            -0.0028830000665038824,
            -0.04051410034298897,
            0.06737849861383438,
            0.09064610302448273,
            0.9427099823951721,
            0.8813539743423462,
            -1.32134996277955e-08,
            0.9986299872398376,
            -0.05233599990606308,
            -3.46007000828763e-10,
            0.05233599990606308,
            0.9986299872398376
        ],
        [
            -0.0005370000144466758,
            -0.8072689771652222,
            -0.2522970139980316,
            0.019683999940752983,
            0.35616999864578247,
            0.9040820002555847,
            0.0,
            1.0,
            0.0,
            0.0,
            0.0,
            1.0
        ],
        [
            -0.43975600600242615,
            -0.43612998723983765,
            0.4438549876213074,
            0.7267529964447021,
            0.036688998341560364,
            0.028984999284148216,
            0.0,
            1.0,
            0.0,
            0.0,
            0.0,
            1.0
        ],
        [
            -0.4443579912185669,
            -0.799377977848053,
            0.17805300652980804,
            0.03494400158524513,
            0.5328270196914673,
            0.019778000190854073,
            0.0,
            1.0,
            0.0,
            0.0,
            0.0,
            1.0
        ],
        [
            -0.0042949700728058815,
            0.41867199540138245,
            -0.25920501351356506,
            0.24957700073719025,
            0.4524320065975189,
            0.842814028263092,
            7.842550076020416e-07,
            0.9890490174293518,
            0.14758700132369995,
            -5.8191698570908557e-08,
            -0.14758700132369995,
            0.9890490174293518
        ],
        [
            0.0001997179933823645,
            0.4686509966850281,
            -0.2799980044364929,
            0.02798669971525669,
            0.37449899315834045,
            0.8572620153427124,
            -0.0007785449852235615,
            0.9357789754867554,
            0.3525879979133606,
            0.00014180599828250706,
            -0.3525879979133606,
            0.9357789754867554
        ],
        [
            0.0030147801153361797,
            -0.1120000034570694,
            -0.24724100530147552,
            0.023159600794315338,
            0.02009049989283085,
            0.7978919744491577,
            -0.004978360142558813,
            0.9850299954414368,
            0.1723099946975708,
            0.0004321449960116297,
            -0.1723099946975708,
            0.9850429892539978
        ],
        [
            -0.42002201080322266,
            0.1434060037136078,
            -0.1839980036020279,
            0.5465279817581177,
            0.029434800148010254,
            0.051038000732660294,
            -0.03624650090932846,
            0.9649779796600342,
            0.25981399416923523,
            0.012346100062131882,
            -0.25953298807144165,
            0.9656550288200378
        ]
    ],
    "ops": [
        [
            0,
            0,
            0,
            0,
            1,
            2,
            1,
            1,
            0,
            0,
            1,
            0,
            0,
            2,
            1,
            1,
            1
        ]
    ],
    "syms": [
        [
            0.0,
            0.9999930262565613,
            -0.003804829902946949,
            -0.00017833299352787435,
            -0.0009749999735504389,
            -0.43779999017715454,
            0.44377601146698,
            0.0
        ],
        [
            0.0,
            0.999987006187439,
            0.004663180094212294,
            0.002092819893732667,
            0.001302629942074418,
            0.1453700065612793,
            -0.18311600387096405,
            0.0
        ]
    ],
    "labels:": [
        [
            1,
            2,
            2,
            2,
            0,
            0,
            0,
            0
        ]
    ],
    "obj": 41764,
    "mat_index": 4357,
    "obbs": "N 11\n-0.00429497 0.418672 -0.259205 1 -7.84255e-07 -5.81917e-08 7.84255e-07 0.989049 0.147587 -5.81917e-08 -0.147587 0.989049 0.842814 0.249577 0.452432\n0.000199718 0.468651 -0.279998 1 0.000778545 0.000141806 -0.000778545 0.935779 0.352588 0.000141806 -0.352588 0.935779 0.857262 0.0279867 0.374499\n-0.002883 -0.0405141 0.0673785 1 1.32135e-08 -3.46007e-10 -1.32135e-08 0.99863 -0.052336 -3.46007e-10 0.052336 0.99863 0.881354 0.0906461 0.94271\n0.422627 0.147335 -0.182234 0.999425 -0.0206655 -0.026893 0.0206655 -0.257687 0.966007 -0.026893 -0.966007 -0.257112 0.0430131 0.0267273 0.546661\n-0.420022 0.143406 -0.183998 0.999267 0.0382093 -0.00250655 0.0123461 -0.259533 0.965655 0.0362465 -0.964978 -0.259814 0.051038 0.0294348 0.546528\n0.00301478 -0.112 -0.247241 -0.000432145 0.17231 -0.985043 -0.00497836 0.98503 0.17231 0.999988 0.00497836 0.000432145 0.0200905 0.0231596 0.797892\n0.437806 -0.439469 0.443698 1 0 0 0 1 0 0 0 1 0.028165 0.729611 0.03639\n-0.439756 -0.43613 0.443855 1 0 0 0 1 0 0 0 1 0.028985 0.726753 0.036689\n-0.444358 -0.799378 0.178053 1 0 0 0 1 0 0 0 1 0.019778 0.034944 0.532827\n0.441521 -0.801291 0.172903 1 0 0 0 1 0 0 0 1 0.02073 0.031194 0.524628\n-0.000537 -0.807269 -0.252297 1 0 0 0 1 0 0 0 1 0.904082 0.019684 0.35617\nC 16\n0 1\n0 4\n0 3\n1 3\n1 4\n2 7\n2 6\n2 5\n2 3\n2 4\n3 5\n4 5\n6 9\n7 8\n8 10\n9 10\nS 3\n2\n3 0.422627 0.147335 -0.182234\n4 -0.420022 0.143406 -0.183998\n2\n0.00130263 0.14537 -0.183116\n-0.999987 -0.00466318 -0.00209282\n2\n6 0.437806 -0.439469 0.443698\n7 -0.439756 -0.43613 0.443855\n2\n-0.000975 -0.4378 0.443776\n-0.999993 0.00380483 0.000178333\n2\n8 -0.444358 -0.799378 0.178053\n9 0.441521 -0.801291 0.172903\n2\n-0.0014185 -0.800334 0.175478\n0.999981 -0.0021594 -0.00581276\nL 11\n0\n0\n1\n0\n0\n0\n2\n2\n2\n2\n2"
}