{
    "boxes": [
        [
            0.00979200005531311,
            0.14440900087356567,
            0.05075249820947647,
            0.1022460013628006,
            0.7248610258102417,
            0.6557679772377014,
            0.0,
            1.0,
            0.0,
            0.0,
            0.0,
            1.0
        ],
        [
            -0.33621299266815186,
            -0.3625659942626953,
            0.39561501145362854,
            0.9506329894065857,
            0.0547000989317894,
            0.04641449823975563,
            0.07677090167999268,
            0.9959909915924072,
            -0.04592350125312805,
            0.13420499861240387,
            0.0353178009390831,
            0.9903240203857422
        ],
        [
            0.008713499642908573,
            -0.4812430143356323,
            -0.31015899777412415,
            0.047344498336315155,
            0.03503359854221344,
            0.7282530069351196,
            -0.0,
            0.9993399977684021,
            0.03633499890565872,
            0.0,
            -0.03633499890565872,
            0.9993399977684021
        ],
        [
            -0.3358219861984253,
            -0.36036598682403564,
            -0.3010129928588867,
            0.9538400173187256,
            0.05942469835281372,
            0.05057090148329735,
            0.06866999715566635,
            0.9973430037498474,
            0.02431670017540455,
            0.01596049964427948,
            -0.025469399988651276,
            0.9995480179786682
        ],
        [
            0.3526510000228882,
            -0.36400699615478516,
            0.39396899938583374,
            0.9481199979782104,
            0.06546130031347275,
            0.05716659873723984,
            -0.07612369954586029,
            0.9959790110588074,
            -0.0472291000187397,
            0.5077990293502808,
            0.07948829978704453,
            0.8578010201454163
        ],
        [
            -0.35993900895118713,
            -0.6599169969558716,
            0.048279501497745514,
            0.05583000183105469,
            0.6847389936447144,
            0.04216200113296509,
            0.0,
            1.0,
            0.0,
            0.0,
            0.0,
            1.0
        ],
        [
            0.009441999718546867,
            0.4513910114765167,
            -0.22782400250434875,
            0.2788659930229187,
            0.029360100626945496,
            0.6610779762268066,
            1.731989968112302e-10,
            0.971347987651825,
            -0.23766200244426727,
            2.2068499805349973e-10,
            0.23766200244426727,
            0.971347987651825
        ],
        [
            0.011285999789834023,
            0.45916399359703064,
            -0.2739270031452179,
            0.12604500353336334,
            0.04158899933099747,
            0.5400620102882385,
            0.0,
            1.0,
            0.0,
            0.0,
            0.0,
            1.0
        ],
        [
            -0.2731730043888092,
            0.4129070043563843,
            -0.2588300108909607,
            0.22732600569725037,
            0.08577849715948105,
            0.04578400030732155,
            0.11102999746799469,
            0.9932559728622437,
            0.03340340033173561,
            0.013148799538612366,
            -0.03507639840245247,
            0.9992979764938354
        ],
        [
            -0.2878350019454956,
            0.2357729971408844,
            -0.24522699415683746,
            0.17276500165462494,
            0.13650399446487427,
            0.04201820120215416,
            0.09468620270490646,
            0.9942870140075684,
            -0.0492791011929512,
            0.001897490001283586,
            0.04932120069861412,
            0.9987810254096985
        ]
    ],
    "ops": [
        [
            0,
            0,
            0,
            2,
            1,
            0,
            2,
            0,
            0,
            2,
            1,
            1,
            1,
            1,
            0,
            0,
            1,
            0,
            0,
            1,
            2,
            1,
            1
        ]
    ],
    "syms": [
        [
            0.0,
            0.0,
            -0.0008030480239540339,
            1.0,
            0.008713499642908573,
            -0.48153001070022583,
            0.046939000487327576,
            0.0
        ],
        [
            0.0,
            0.9999690055847168,
            -0.005780150182545185,
            0.005395149812102318,
            0.009226050227880478,
            -0.36236101388931274,
            -0.2991519868373871,
            0.0
        ],
        [
            0.0,
            0.9999930262565613,
            -3.05284011119511e-05,
            0.003779419930651784,
            0.008567750453948975,
            -0.659928023815155,
            0.04967230185866356,
            0.0
        ],
        [
            0.0,
            0.9999210238456726,
            0.012459199875593185,
            0.001512920018285513,
            0.00881526991724968,
            0.41642001271247864,
            -0.2584039866924286,
            0.0
        ]
    ],
    "labels:": [
        [
            1,
            2,
            2,
            2,
            2,
            2,
            0,
            0,
            0,
            0
        ]
    ],
    "obj": 41802,
    "mat_index": 4374,
    "obbs": "N 15\n0.009442 0.451391 -0.227824 1 -2.20685e-10 -1.73199e-10 2.20685e-10 0.237662 0.971348 -1.73199e-10 -0.971348 0.237662 0.661078 0.0293601 0.278866\n0.009792 0.144409 0.0507525 1 0 0 0 1 0 0 0 1 0.655768 0.102246 0.724861\n0.0087135 -0.481243 -0.310159 1 0 -0 0 -0.036335 0.99934 0 -0.99934 -0.036335 0.728253 0.0350336 0.0473445\n0.377074 -0.65994 0.051065 1 0 0 0 1 0 0 0 1 0.042787 0.056049 0.690562\n0.0087135 -0.481817 0.404037 1 0 0 0 0.0173756 0.999849 0 -0.999849 0.0173756 0.728253 0.0351734 0.0516661\n-0.359939 -0.659917 0.0482795 1 0 0 0 1 0 0 0 1 0.042162 0.05583 0.684739\n-0.273173 0.412907 -0.25883 -0.11103 -0.993256 -0.0334034 0.99373 -0.110512 -0.0169546 0.0131488 -0.0350764 0.999298 0.227326 0.045784 0.0857785\n0.011286 0.459164 -0.273927 1 0 0 0 1 0 0 0 1 0.540062 0.126045 0.041589\n0.290803 0.419934 -0.257977 0.0911707 -0.995439 -0.0280969 0.992099 0.0932342 -0.0839405 0.0861772 -0.020222 0.996075 0.213552 0.0463716 0.0887879\n0.354274 -0.364355 -0.29729 -0.0767838 0.996714 0.0257965 -0.174828 -0.0389312 0.983829 0.9816 0.0710322 0.177243 0.945983 0.0684672 0.0499026\n0.352651 -0.364007 0.393969 -0.0761237 0.995979 -0.0472291 0.507799 0.0794883 0.857801 0.858106 0.0413161 -0.511808 0.94812 0.0654613 0.0571666\n-0.336213 -0.362566 0.395615 0.0767709 0.995991 -0.0459235 0.134205 0.0353178 0.990324 0.987975 -0.0821912 -0.130955 0.950633 0.0547001 0.0464145\n-0.335822 -0.360366 -0.301013 0.06867 0.997343 0.0243167 0.0159605 -0.0254694 0.999548 0.997512 -0.0682509 -0.0176671 0.95384 0.0594247 0.0505709\n0.304459 0.241414 -0.236766 0.107413 -0.994159 -0.0105293 0.994159 0.107289 0.0117275 -0.0105293 -0.0117275 0.999876 0.173692 0.0447027 0.144307\n-0.287835 0.235773 -0.245227 0.0946862 0.994287 -0.0492791 0.995505 -0.0946643 0.00278339 -0.00189749 -0.0493212 -0.998781 0.172765 0.0420182 0.136504\nC 39\n0 14\n0 7\n0 12\n0 8\n0 1\n0 13\n0 6\n0 9\n1 6\n1 11\n1 14\n1 10\n1 13\n1 9\n1 12\n1 8\n1 7\n2 12\n2 5\n2 9\n2 3\n3 10\n3 9\n3 4\n4 10\n4 5\n4 11\n5 12\n5 11\n6 14\n6 7\n6 12\n7 14\n7 8\n7 13\n8 13\n8 9\n9 13\n12 14\nS 5\n2\n3 0.377074 -0.65994 0.051065\n5 -0.359939 -0.659917 0.0482795\n2\n0.00856775 -0.659928 0.0496723\n-0.999993 3.05284e-05 -0.00377942\n2\n2 0.0087135 -0.481243 -0.310159\n4 0.0087135 -0.481817 0.404037\n2\n0.0087135 -0.48153 0.046939\n0 -0.000803048 1\n2\n6 -0.273173 0.412907 -0.25883\n8 0.290803 0.419934 -0.257977\n2\n0.00881527 0.41642 -0.258404\n0.999921 0.0124592 0.00151292\n2\n9 0.354274 -0.364355 -0.29729\n12 -0.335822 -0.360366 -0.301013\n2\n0.00922605 -0.362361 -0.299152\n-0.999969 0.00578015 -0.00539515\n2\n13 0.304459 0.241414 -0.236766\n14 -0.287835 0.235773 -0.245227\n2\n0.00831198 0.238593 -0.240997\n-0.999853 -0.00952305 -0.0142826\nL 15\n0\n1\n2\n2\n2\n2\n0\n0\n0\n2\n2\n2\n2\n0\n0"
}