{
    "boxes": [
        [
            0.001928579993546009,
            -0.2948459982872009,
            0.20653800666332245,
            0.08089140057563782,
            0.5218030214309692,
            0.6591050028800964,
            -0.000495242013130337,
            0.9974049925804138,
            -0.07199490070343018,
            -1.785059976100456e-05,
            0.07199490070343018,
            0.9974049925804138
        ],
        [
            -0.2987479865550995,
            -0.5521169900894165,
            0.44043099880218506,
            0.5632889866828918,
            0.04102199897170067,
            0.056352999061346054,
            0.0,
            1.0,
            0.0,
            0.0,
            0.0,
            1.0
        ],
        [
            0.30711498856544495,
            -0.41906100511550903,
            0.09040609747171402,
            0.056583698838949203,
            0.3714640140533447,
            0.05804390087723732,
            0.049362000077962875,
            0.7526729702949524,
            -0.6565420031547546,
            0.01849070005118847,
            0.6565420031547546,
            0.7540630102157593
        ],
        [
            -0.29915499687194824,
            -0.5789369940757751,
            -0.06379690021276474,
            0.5163559913635254,
            0.1014460027217865,
            0.060159701853990555,
            -0.002541220048442483,
            0.9966250061988831,
            0.08205349743366241,
            -0.029712699353694916,
            -0.08209279924631119,
            0.9961820244789124
        ],
        [
            0.002204179996624589,
            0.22744199633598328,
            -0.13471899926662445,
            1.1421300172805786,
            0.08928290009498596,
            0.6587839722633362,
            0.000520611007232219,
            0.9891909956932068,
            -0.14663200080394745,
            0.0006034719990566373,
            0.14663200080394745,
            0.9891909956932068
        ]
    ],
    "ops": [
        [
            0,
            0,
            0,
            0,
            1,
            1,
            2,
            1,
            0,
            1
        ]
    ],
    "syms": [
        [
            0.0,
            0.9999549984931946,
            0.0019709200132638216,
            -0.009329830296337605,
            0.0018594999564811587,
            -0.5515239834785461,
            0.4376260042190552,
            0.0
        ]
    ],
    "labels:": [
        [
            1,
            2,
            2,
            2,
            0
        ]
    ],
    "obj": 41833,
    "mat_index": 4386,
    "obbs": "N 8\n0.00220418 0.227442 -0.134719 1 -0.000603472 -0.000520611 0.000603472 0.146632 0.989191 -0.000520611 -0.989191 0.146632 0.658784 0.0892829 1.14213\n0.307115 -0.419061 0.0904061 -0.0184907 -0.656542 -0.754063 0.049362 0.752673 -0.656542 0.99861 -0.049362 0.0184907 0.371464 0.0565837 0.0580439\n-0.301689 -0.411096 0.101911 -0.00903684 -0.618243 -0.785935 0.0260993 0.785553 -0.618243 0.999619 -0.0260993 0.00903684 0.398747 0.0606808 0.0543374\n0.00192858 -0.294846 0.206538 1 0.000495242 -1.78506e-05 -0.000495242 0.997405 -0.0719949 -1.78506e-05 0.0719949 0.997405 0.659105 0.0808914 0.521803\n-0.299155 -0.578937 -0.0637969 0.00254122 -0.996625 -0.0820535 0.999555 9.34897e-05 0.029821 -0.0297127 -0.0820928 0.996182 0.516356 0.0601597 0.101446\n0.302207 -0.574066 -0.0696406 0.00164529 -0.996314 -0.085768 0.996314 -0.00572298 0.0855926 -0.085768 -0.0855926 0.992632 0.524732 0.0643697 0.0938792\n0.302468 -0.550932 0.434821 1 0 0 0 1 0 0 0 1 0.056763 0.565837 0.050735\n-0.298748 -0.552117 0.440431 1 0 0 0 1 0 0 0 1 0.056353 0.563289 0.041022\nC 15\n0 1\n0 5\n0 4\n0 3\n0 2\n1 3\n1 5\n1 6\n2 7\n2 4\n2 3\n3 6\n3 7\n3 4\n3 5\nS 3\n2\n1 0.307115 -0.419061 0.0904061\n2 -0.301689 -0.411096 0.101911\n2\n0.00271326 -0.415078 0.0961584\n-0.999736 0.0130802 0.018892\n2\n4 -0.299155 -0.578937 -0.0637969\n5 0.302207 -0.574066 -0.0696406\n2\n0.001526 -0.576501 -0.0667188\n0.99992 0.00809957 -0.00971675\n2\n6 0.302468 -0.550932 0.434821\n7 -0.298748 -0.552117 0.440431\n2\n0.0018595 -0.551524 0.437626\n-0.999955 -0.00197092 0.00932983\nL 8\n0\n2\n2\n1\n2\n2\n2\n2"
}