{
    "boxes": [
        [
            8.749999688006938e-05,
            -0.04411249980330467,
            0.06588900089263916,
            0.21480700373649597,
            0.7122880220413208,
            0.6686570048332214,
            0.0,
            1.0,
            0.0,
            0.0,
            0.0,
            1.0
        ],
        [
            -0.18288199603557587,
            -0.34713301062583923,
            -0.29503199458122253,
            0.6929550170898438,
            0.07584159821271896,
            0.14569400250911713,
            0.007798780221492052,
            0.9928539991378784,
            0.11907900124788284,
            -0.03953389823436737,
            -0.11868300288915634,
            0.9921450018882751
        ],
        [
            -0.2716450095176697,
            -0.3540189862251282,
            0.32813799381256104,
            0.6676949858665466,
            0.12519299983978271,
            0.06259600073099136,
            0.0,
            1.0,
            0.0,
            0.0,
            0.0,
            1.0
        ],
        [
            -0.18385599553585052,
            0.46065500378608704,
            -0.2995690107345581,
            0.9663950204849243,
            0.08767840266227722,
            0.15157200396060944,
            0.016407599672675133,
            0.9939810037612915,
            -0.10831999778747559,
            -0.04008229821920395,
            0.10890199989080429,
            0.9932439923286438
        ],
        [
            0.005584499798715115,
            0.5226370096206665,
            -0.3200030028820038,
            0.07717899978160858,
            0.0507499985396862,
            0.2443549931049347,
            0.0,
            1.0,
            0.0,
            0.0,
            0.0,
            1.0
        ]
    ],
    "ops": [
        [
            0,
            0,
            0,
            1,
            2,
            1,
            0,
            2,
            0,
            2,
            1,
            1
        ]
    ],
    "syms": [
        [
            0.0,
            0.9999060034751892,
            0.013590100221335888,
            0.0019026900408789515,
            0.0024869400076568127,
            -0.3446139991283417,
            -0.29467999935150146,
            0.0
        ],
        [
            0.0,
            0.9999740123748779,
            0.007266390137374401,
            -4.9220298024010845e-06,
            -0.0009342440171167254,
            0.4619840085506439,
            -0.2995690107345581,
            0.0
        ],
        [
            1.0,
            -0.003183166729286313,
            0.0715373307466507,
            0.18660633265972137,
            -0.004860000219196081,
            0.3576419949531555,
            -0.29868000745773315,
            0.25
        ]
    ],
    "labels:": [
        [
            1,
            2,
            2,
            0,
            0
        ]
    ],
    "obj": 41892,
    "mat_index": 4417,
    "obbs": "N 11\n0.187856 -0.342095 -0.294327 -0.0292177 0.992705 0.116977 0.0205773 -0.116405 0.992989 0.999361 0.0314199 -0.0170261 0.704749 0.0726642 0.147885\n-0.182882 -0.347133 -0.295032 0.00779878 0.992854 0.119079 -0.0395339 -0.118683 0.992145 0.999188 -0.0124452 0.0383258 0.692955 0.0758416 0.145694\n0.270857 -0.354019 0.328138 1 0 0 0 1 0 0 0 1 0.062597 0.667695 0.125193\n-0.271645 -0.354019 0.328138 1 0 0 0 1 0 0 0 1 0.062596 0.667695 0.125193\n8.75e-05 -0.0441125 0.065889 1 0 0 0 1 0 0 0 1 0.668657 0.214807 0.712288\n-0.183856 0.460655 -0.299569 -0.999062 0.011955 -0.0416279 -0.0400823 0.108902 0.993244 0.0164076 0.993981 -0.10832 0.151572 0.0876784 0.966395\n0.181987 0.463314 -0.29957 -0.0261141 0.993964 -0.106558 0.029212 0.107308 0.993797 0.999232 0.0228393 -0.0318379 0.962096 0.0838117 0.162954\n-0.0050305 0.858314 -0.336221 1 0 0 0 1 0 0 0 1 0.241711 0.087562 0.046969\n-0.000386 0.688038 -0.335217 1 0 0 0 1 0 0 0 1 0.250332 0.088978 0.047816\n0.0055845 0.522637 -0.320003 1 0 0 0 1 0 0 0 1 0.244355 0.077179 0.05075\n-0.00486 0.357642 -0.29868 1 0 0 0 1 0 0 0 1 0.241392 0.074467 0.051474\nC 23\n0 4\n0 5\n0 1\n0 6\n1 6\n1 5\n1 4\n2 4\n3 4\n4 5\n4 6\n5 9\n5 6\n5 8\n5 10\n5 7\n6 9\n6 7\n6 10\n6 8\n7 8\n8 9\n9 10\nS 4\n2\n0 0.187856 -0.342095 -0.294327\n1 -0.182882 -0.347133 -0.295032\n2\n0.00248694 -0.344614 -0.29468\n-0.999906 -0.0135901 -0.00190269\n2\n2 0.270857 -0.354019 0.328138\n3 -0.271645 -0.354019 0.328138\n2\n-0.00039375 -0.354019 0.328138\n-1 0 0\n2\n5 -0.183856 0.460655 -0.299569\n6 0.181987 0.463314 -0.29957\n2\n-0.000934244 0.461984 -0.299569\n0.999974 0.00726639 -4.92203e-06\n4\n7 -0.0050305 0.858314 -0.336221\n8 -0.000386 0.688038 -0.335217\n9 0.0055845 0.522637 -0.320003\n10 -0.00486 0.357642 -0.29868\n1\n0 0 0\n0 0 0\nL 11\n2\n2\n2\n2\n1\n0\n0\n0\n0\n0\n0"
}