{
    "boxes": [
        [
            -0.006333999801427126,
            0.031067000702023506,
            0.06888899952173233,
            0.12752999365329742,
            0.9037299752235413,
            1.0797899961471558,
            0.0,
            1.0,
            0.0,
            0.0,
            0.0,
            1.0
        ],
        [
            -0.5162839889526367,
            0.4813930094242096,
            -0.004907770082354546,
            0.13604600727558136,
            0.8233039975166321,
            0.061451300978660583,
            -0.018114399164915085,
            0.9785209894180298,
            0.20534999668598175,
            0.006526079960167408,
            -0.20526400208473206,
            0.9786850214004517
        ],
        [
            -0.5198630094528198,
            0.20916900038719177,
            0.2601749897003174,
            0.4384489953517914,
            0.06563059985637665,
            0.05082809925079346,
            0.01108659990131855,
            0.9673399925231934,
            0.2532399892807007,
            -0.15389299392700195,
            -0.24858799576759338,
            0.956305980682373
        ],
        [
            -0.017873499542474747,
            -0.09737350046634674,
            0.5117610096931458,
            0.08042500168085098,
            0.04920300096273422,
            1.0140199661254883,
            0.0,
            1.0,
            0.0,
            0.0,
            0.0,
            1.0
        ],
        [
            -0.5127540230751038,
            -0.2960749864578247,
            0.5125499963760376,
            0.8537089824676514,
            0.08178400248289108,
            0.08178400248289108,
            0.0,
            1.0,
            0.0,
            0.0,
            0.0,
            1.0
        ],
        [
            0.5002610087394714,
            -0.2961600124835968,
            0.5109059810638428,
            0.853859007358551,
            0.08161509782075882,
            0.08161550015211105,
            0.0004096660122741014,
            0.9999920129776001,
            -0.0038521699607372284,
            -0.45076099038124084,
            0.0036232799757272005,
            0.8926380276679993
        ],
        [
            0.0010755000403150916,
            -0.373414009809494,
            -0.3634980022907257,
            0.08042600005865097,
            0.04920399934053421,
            1.0140199661254883,
            0.0,
            1.0,
            0.0,
            0.0,
            0.0,
            1.0
        ],
        [
            -0.5104780197143555,
            -0.4402259886264801,
            0.07153850048780441,
            0.08042600005865097,
            0.8929849863052368,
            0.04920399934053421,
            0.0,
            1.0,
            0.0,
            0.0,
            0.0,
            1.0
        ],
        [
            -0.5143259763717651,
            -0.3140850067138672,
            -0.35961100459098816,
            0.8161600232124329,
            0.0824190005660057,
            0.08224999904632568,
            0.0,
            1.0,
            0.0,
            0.0,
            0.0,
            1.0
        ],
        [
            -0.5135890245437622,
            -0.06116599962115288,
            -0.3595939874649048,
            1.3219499588012695,
            0.078964002430439,
            0.07910700142383575,
            0.0,
            1.0,
            0.0,
            0.0,
            0.0,
            1.0
        ],
        [
            -0.011773799546062946,
            0.3982119858264923,
            -0.4200820028781891,
            0.6830480098724365,
            0.04699090123176575,
            0.23870299756526947,
            -0.0048385001718997955,
            0.974636971950531,
            -0.22373999655246735,
            -0.006074999924749136,
            0.22371000051498413,
            0.974636971950531
        ],
        [
            -0.010065699927508831,
            0.6699590086936951,
            -0.44668498635292053,
            0.0485788993537426,
            0.21336400508880615,
            1.0447900295257568,
            -0.005586179904639721,
            0.788677990436554,
            0.6147810220718384,
            0.0019200099632143974,
            -0.6147810220718384,
            0.7886959910392761
        ]
    ],
    "ops": [
        [
            0,
            0,
            0,
            1,
            2,
            1,
            0,
            0,
            1,
            0,
            0,
            0,
            0,
            1,
            2,
            1,
            1,
            1,
            1,
            0,
            2,
            0,
            0,
            1,
            1,
            1
        ]
    ],
    "syms": [
        [
            0.0,
            0.9999690055847168,
            0.007751349825412035,
            0.0016863200580701232,
            -0.012628800235688686,
            0.48529699444770813,
            -0.004058420192450285,
            0.0
        ],
        [
            0.0,
            1.0,
            -0.0,
            -0.0,
            -0.006333999801427126,
            -0.4402259886264801,
            0.07153850048780441,
            0.0
        ],
        [
            0.0,
            1.0,
            -0.0009622430079616606,
            -2.4672899598954245e-06,
            -0.006959749851375818,
            -0.0616534985601902,
            -0.35959500074386597,
            0.0
        ]
    ],
    "labels:": [
        [
            1,
            3,
            3,
            2,
            2,
            2,
            2,
            2,
            2,
            0,
            0,
            0
        ]
    ],
    "obj": 41949,
    "mat_index": 4457,
    "obbs": "N 17\n-0.0117738 0.398212 -0.420082 -0.0048385 0.974637 -0.22374 -0.006075 0.22371 0.974637 0.99997 0.006075 0.0048385 0.683048 0.0469909 0.238703\n-0.0100657 0.669959 -0.446685 0.999983 0.00558618 0.00192001 -0.00558618 0.788678 0.614781 0.00192001 -0.614781 0.788696 1.04479 0.0485789 0.213364\n-0.006334 0.031067 0.068889 1 0 0 0 1 0 0 0 1 1.07979 0.12753 0.90373\n-0.513589 -0.061166 -0.359594 1 0 0 0 1 0 0 0 1 0.079107 1.32195 0.078964\n0.499669 -0.062141 -0.359596 1 0 0 0 1 0 0 0 1 0.079932 1.32003 0.078917\n0.491026 0.489201 -0.00320907 0.0084172 0.254429 -0.967055 0.998786 -0.0490791 -0.00421918 -0.0485356 -0.965845 -0.254534 0.817669 0.0766669 0.140911\n-0.516284 0.481393 -0.00490777 -0.00652608 0.205264 -0.978685 0.999815 0.0190685 -0.00266766 0.0181144 -0.978521 -0.20535 0.823304 0.0614513 0.136046\n0.508519 0.209844 0.256951 -0.0142199 -0.976805 -0.213659 0.993482 -0.037972 0.10748 -0.1131 -0.210738 0.970978 0.437022 0.0498136 0.0669383\n-0.519863 0.209169 0.260175 -0.0110866 -0.96734 -0.25324 0.988025 -0.0495742 0.146111 -0.153893 -0.248588 0.956306 0.438449 0.0508281 0.0656306\n0.49781 -0.440226 0.0715385 1 0 0 0 1 0 0 0 1 0.049204 0.080426 0.892985\n-0.510478 -0.440226 0.0715385 1 0 0 0 1 0 0 0 1 0.049204 0.080426 0.892985\n0.0010755 -0.373414 -0.363498 1 0 0 0 1 0 0 0 1 1.01402 0.080426 0.049204\n-0.0178735 -0.0973735 0.511761 1 0 0 0 1 0 0 0 1 1.01402 0.080425 0.049203\n-0.512754 -0.296075 0.51255 1 0 0 0 1 0 0 0 1 0.081784 0.853709 0.081784\n-0.514326 -0.314085 -0.359611 1 0 0 0 1 0 0 0 1 0.08225 0.81616 0.082419\n0.499287 -0.250321 -0.359611 1 0 0 0 1 0 0 0 1 0.08238 0.94367 0.082374\n0.500261 -0.29616 0.510906 0.450761 -0.00362328 -0.892638 0.892645 0.00137072 0.450759 -0.000409666 -0.999992 0.00385217 0.0816151 0.0816155 0.853859\nC 41\n0 2\n0 1\n1 3\n1 6\n1 5\n1 4\n2 8\n2 12\n2 5\n2 13\n2 16\n2 6\n2 3\n2 14\n2 7\n2 15\n2 4\n3 11\n3 14\n3 10\n3 6\n4 9\n4 5\n4 11\n4 15\n5 16\n5 7\n6 8\n6 13\n7 16\n8 13\n9 15\n9 11\n9 16\n10 11\n10 13\n10 14\n11 14\n11 15\n12 16\n12 13\nS 5\n2\n3 -0.513589 -0.061166 -0.359594\n4 0.499669 -0.062141 -0.359596\n2\n-0.00695975 -0.0616535 -0.359595\n1 -0.000962243 -2.46729e-06\n2\n5 0.491026 0.489201 -0.00320907\n6 -0.516284 0.481393 -0.00490777\n2\n-0.0126288 0.485297 -0.00405842\n-0.999969 -0.00775135 -0.00168632\n2\n7 0.508519 0.209844 0.256951\n8 -0.519863 0.209169 0.260175\n2\n-0.00567186 0.209506 0.258563\n-0.999995 -0.000656547 0.00313469\n2\n9 0.49781 -0.440226 0.0715385\n10 -0.510478 -0.440226 0.0715385\n2\n-0.006334 -0.440226 0.0715385\n-1 0 0\n2\n14 -0.514326 -0.314085 -0.359611\n15 0.499287 -0.250321 -0.359611\n2\n-0.0075195 -0.282203 -0.359611\n0.998027 0.0627835 4.92312e-07\nL 17\n0\n0\n1\n0\n0\n3\n3\n3\n3\n2\n2\n2\n2\n2\n2\n2\n2"
}