{
    "boxes": [
        [
            -0.002736999886110425,
            -0.262347012758255,
            0.1464959979057312,
            0.34353500604629517,
            0.8952059745788574,
            0.9946140050888062,
            0.0,
            1.0,
            0.0,
            0.0,
            0.0,
            1.0
        ],
        [
            -0.4020540118217468,
            0.21310199797153473,
            0.033515699207782745,
            1.3692100048065186,
            0.6945109963417053,
            0.13557499647140503,
            0.0026874500326812267,
            0.9861310124397278,
            -0.16594399511814117,
            0.010188699699938297,
            0.16590900719165802,
            0.9860879778862
        ],
        [
            -0.38370200991630554,
            -0.5580080151557922,
            -0.18762199580669403,
            0.27748599648475647,
            0.1058960035443306,
            0.12029000371694565,
            0.23508000373840332,
            0.9661120176315308,
            0.1066100001335144,
            -0.3361549973487854,
            -0.02210409939289093,
            0.9415469765663147
        ],
        [
            -0.40515100955963135,
            -0.5575770139694214,
            0.48025500774383545,
            0.2469249963760376,
            0.09839800000190735,
            0.09542500227689743,
            0.0,
            1.0,
            0.0,
            0.0,
            0.0,
            1.0
        ],
        [
            -0.00271551008336246,
            0.21881599724292755,
            -0.24543100595474243,
            1.3194799423217773,
            0.19332900643348694,
            0.929893970489502,
            -3.332249980303459e-05,
            0.9611750245094299,
            -0.2759400010108948,
            -4.4234999222680926e-05,
            0.2759400010108948,
            0.9611750245094299
        ],
        [
            -0.002736999886110425,
            0.17713099718093872,
            -0.3581230044364929,
            1.256469964981079,
            0.09967110306024551,
            0.8546580076217651,
            -0.0,
            0.9848520159721375,
            -0.1733970046043396,
            0.0,
            0.1733970046043396,
            0.9848520159721375
        ]
    ],
    "ops": [
        [
            0,
            0,
            2,
            1,
            0,
            0,
            1,
            2,
            1,
            0,
            0,
            1,
            1
        ]
    ],
    "syms": [
        [
            0.0,
            0.9999909996986389,
            -0.001714330050162971,
            -0.0038084799889475107,
            -0.002719460055232048,
            0.21241700649261475,
            0.03199480101466179,
            0.0
        ],
        [
            0.0,
            0.9999780058860779,
            6.626459799008444e-05,
            0.006583009846508503,
            -0.0018545199418440461,
            -0.5579829812049866,
            -0.1851090043783188,
            0.0
        ]
    ],
    "labels:": [
        [
            1,
            3,
            2,
            2,
            0,
            0
        ]
    ],
    "obj": 41988,
    "mat_index": 4480,
    "obbs": "N 9\n-0.00271551 0.218816 -0.245431 -3.33225e-05 0.961175 -0.27594 -4.4235e-05 0.27594 0.961175 1 4.4235e-05 3.33225e-05 1.31948 0.193329 0.929894\n0.396615 0.211732 0.030474 -0.00288277 0.989136 -0.146978 0.999944 0.00434103 0.00960186 0.0101356 -0.146942 -0.989093 1.36075 0.135576 0.712606\n-0.402054 0.213102 0.0335157 0.00268745 0.986131 -0.165944 0.999944 -0.00434082 -0.00960156 -0.0101887 -0.165909 -0.986088 1.36921 0.135575 0.694511\n-0.002737 -0.262347 0.146496 1 0 0 0 1 0 0 0 1 0.994614 0.343535 0.895206\n-0.002737 0.177131 -0.358123 1 0 0 0 0.173397 0.984852 0 -0.984852 0.173397 0.854658 0.0996711 1.25647\n-0.383702 -0.558008 -0.187622 0.336155 0.0221041 -0.941547 0.911996 -0.257176 0.319567 -0.23508 -0.966112 -0.10661 0.105896 0.12029 0.277486\n0.379993 -0.557957 -0.182595 0.250941 -0.966017 -0.0619619 0.911249 0.25734 -0.32156 0.326577 0.0242299 0.94486 0.277232 0.120315 0.10612\n0.399678 -0.557577 0.480255 1 0 0 0 1 0 0 0 1 0.095425 0.246925 0.098398\n-0.405151 -0.557577 0.480255 1 0 0 0 1 0 0 0 1 0.095425 0.246925 0.098398\nC 21\n0 1\n0 6\n0 5\n0 4\n0 3\n0 2\n1 3\n1 4\n1 6\n1 7\n2 8\n2 4\n2 3\n2 5\n3 5\n3 7\n3 8\n3 6\n3 4\n4 6\n4 5\nS 3\n2\n1 0.396615 0.211732 0.030474\n2 -0.402054 0.213102 0.0335157\n2\n-0.00271946 0.212417 0.0319948\n-0.999991 0.00171433 0.00380848\n2\n5 -0.383702 -0.558008 -0.187622\n6 0.379993 -0.557957 -0.182595\n2\n-0.00185452 -0.557983 -0.185109\n0.999978 6.62646e-05 0.00658301\n2\n7 0.399678 -0.557577 0.480255\n8 -0.405151 -0.557577 0.480255\n2\n-0.002737 -0.557577 0.480255\n-1 0 0\nL 9\n0\n3\n3\n1\n0\n2\n2\n2\n2"
}