{
    "boxes": [
        [
            0.010402999818325043,
            -0.08227050304412842,
            0.09761500358581543,
            0.15826299786567688,
            0.8336640000343323,
            0.911001980304718,
            0.0,
            1.0,
            0.0,
            0.0,
            0.0,
            1.0
        ],
        [
            0.0028490000404417515,
            -0.8095679879188538,
            -0.30365800857543945,
            0.0410740002989769,
            0.09017100185155869,
            0.72816002368927,
            0.0,
            1.0,
            0.0,
            0.0,
            0.0,
            1.0
        ],
        [
            -0.3732610046863556,
            -0.48600199818611145,
            0.4707239866256714,
            0.6839320063591003,
            0.07821650058031082,
            0.12049499899148941,
            -0.05316900089383125,
            0.9982020258903503,
            0.027660900726914406,
            0.49342799186706543,
            0.0021800000686198473,
            0.8697839975357056
        ],
        [
            0.2882950007915497,
            -0.8100029826164246,
            0.0683474987745285,
            0.044819798320531845,
            0.7451930046081543,
            0.11530900001525879,
            -0.022777199745178223,
            0.9997100234031677,
            -0.007878430187702179,
            -0.20794600248336792,
            0.002970620058476925,
            0.9781360030174255
        ],
        [
            0.010402999818325043,
            0.4869070053100586,
            -0.3256640136241913,
            0.39730900526046753,
            0.08182209730148315,
            0.9115300178527832,
            0.0011836700141429901,
            0.9766240119934082,
            -0.21495099365711212,
            0.0014725199434906244,
            0.21494999527931213,
            0.9766240119934082
        ],
        [
            -0.3877739906311035,
            0.24797199666500092,
            -0.35749301314353943,
            0.6609209775924683,
            0.06044049933552742,
            0.04880410060286522,
            0.008329490199685097,
            0.9879699945449829,
            -0.15442299842834473,
            -0.42161399126052856,
            0.14350099861621857,
            0.8953490257263184
        ]
    ],
    "ops": [
        [
            0,
            0,
            0,
            0,
            1,
            2,
            1,
            1,
            0,
            0,
            2,
            1,
            1
        ]
    ],
    "syms": [
        [
            0.0,
            0.999987006187439,
            0.005130569916218519,
            -0.00046030900557525456,
            0.0064841401763260365,
            -0.48405399918556213,
            0.47054898738861084,
            0.0
        ],
        [
            0.0,
            0.999987006187439,
            -0.004805949982255697,
            0.0018761600367724895,
            0.006724810227751732,
            0.24607600271701813,
            -0.3567520081996918,
            0.0
        ]
    ],
    "labels:": [
        [
            1,
            2,
            2,
            2,
            0,
            0
        ]
    ],
    "obj": 41996,
    "mat_index": 4484,
    "obbs": "N 9\n0.010403 0.486907 -0.325664 0.999998 -0.00147252 -0.00118367 0.00147252 0.21495 0.976624 -0.00118367 -0.976624 0.214951 0.91153 0.0818221 0.397309\n0.010403 -0.0822705 0.097615 1 0 0 0 1 0 0 0 1 0.911002 0.158263 0.833664\n0.401224 0.24418 -0.356012 0.00180836 -0.989204 0.146536 0.877132 -0.0688047 -0.475296 0.480247 0.129391 0.867537 0.668667 0.0508743 0.0609827\n-0.387774 0.247972 -0.357493 0.421614 -0.143501 -0.895349 0.906737 0.0576491 0.417737 -0.00832949 -0.98797 0.154423 0.0604405 0.0488041 0.660921\n0.38623 -0.482105 0.470374 0.149964 0.986806 0.0610344 -0.496331 0.0217493 0.867861 0.855083 -0.160441 0.493044 0.730695 0.0805368 0.166997\n-0.373261 -0.486002 0.470724 0.86816 0.0598942 -0.492657 0.493428 0.00218 0.869784 0.053169 -0.998202 -0.0276609 0.120495 0.0782165 0.683932\n0.288295 -0.810003 0.0683475 -0.977875 -0.0239175 -0.207817 -0.0227772 0.99971 -0.00787843 0.207946 -0.00297062 -0.978136 0.115309 0.0448198 0.745193\n0.002849 -0.809568 -0.303658 1 0 0 0 1 0 0 0 1 0.72816 0.041074 0.090171\n-0.26888 -0.809197 0.093219 1 0 0 0 1 0 0 0 1 0.206829 0.041594 0.756946\nC 10\n0 3\n0 2\n1 2\n1 3\n1 4\n1 5\n4 6\n5 8\n6 7\n7 8\nS 3\n2\n2 0.401224 0.24418 -0.356012\n3 -0.387774 0.247972 -0.357493\n2\n0.00672481 0.246076 -0.356752\n-0.999987 0.00480595 -0.00187616\n2\n4 0.38623 -0.482105 0.470374\n5 -0.373261 -0.486002 0.470724\n2\n0.00648414 -0.484054 0.470549\n-0.999987 -0.00513057 0.000460309\n2\n6 0.288295 -0.810003 0.0683475\n8 -0.26888 -0.809197 0.093219\n2\n0.00970701 -0.8096 0.0807833\n-0.999004 0.00144588 0.044594\nL 9\n0\n1\n0\n0\n2\n2\n2\n2\n2"
}