{
    "boxes": [
        [
            0.00803350005298853,
            -0.2059980034828186,
            0.04096800088882446,
            0.7628710269927979,
            1.0322099924087524,
            0.9921470284461975,
            0.0,
            1.0,
            0.0,
            0.0,
            0.0,
            1.0
        ],
        [
            0.45137500762939453,
            0.2414270043373108,
            0.1408340036869049,
            0.4007070064544678,
            0.7793369889259338,
            0.10546399652957916,
            0.0,
            1.0,
            0.0,
            0.0,
            0.0,
            1.0
        ],
        [
            -0.40766000747680664,
            -0.6308209896087646,
            -0.43686598539352417,
            0.20206399261951447,
            0.0927622988820076,
            0.09262999892234802,
            -3.471230058949004e-07,
            0.9781479835510254,
            0.20791199803352356,
            1.639379973994437e-07,
            -0.20791199803352356,
            0.9781479835510254
        ],
        [
            -0.40766000747680664,
            -0.6277430057525635,
            0.4806180000305176,
            0.20127800107002258,
            0.09262999892234802,
            0.09262999892234802,
            0.0,
            1.0,
            0.0,
            0.0,
            0.0,
            1.0
        ],
        [
            0.007925059646368027,
            0.40360701084136963,
            -0.31012699007987976,
            0.8212509751319885,
            0.28716200590133667,
            0.9930459856987,
            -0.0011189900105819106,
            0.9689509868621826,
            -0.24724799394607544,
            -0.0014403800014406443,
            0.24724699556827545,
            0.9689509868621826
        ]
    ],
    "ops": [
        [
            0,
            0,
            2,
            1,
            0,
            0,
            1,
            2,
            1,
            0,
            1
        ]
    ],
    "syms": [
        [
            0.0,
            0.9997640252113342,
            0.014682600274682045,
            -0.01601569913327694,
            0.009646750055253506,
            0.23494000732898712,
            0.1479099988937378,
            0.0
        ],
        [
            0.0,
            1.0,
            -5.5131298831723186e-11,
            -1.3463100426158725e-11,
            0.006651999894529581,
            -0.6308209896087646,
            -0.43686598539352417,
            0.0
        ]
    ],
    "labels:": [
        [
            1,
            3,
            2,
            2,
            0
        ]
    ],
    "obj": 42018,
    "mat_index": 4498,
    "obbs": "N 8\n0.00792506 0.403607 -0.310127 -0.00111899 0.968951 -0.247248 -0.00144038 0.247247 0.968951 0.999998 0.00144038 0.00111899 0.821251 0.287162 0.993046\n0.451375 0.241427 0.140834 1 0 0 0 1 0 0 0 1 0.105464 0.400707 0.779337\n-0.432082 0.228453 0.154986 1 0 0 0 1 0 0 0 1 0.111917 0.42666 0.751032\n0.0080335 -0.205998 0.040968 1 0 0 0 1 0 0 0 1 0.992147 0.762871 1.03221\n-0.40766 -0.630821 -0.436866 3.47123e-07 -0.978148 -0.207912 1 3.73622e-07 -8.8185e-08 1.63938e-07 -0.207912 0.978148 0.202064 0.09263 0.0927623\n0.420964 -0.630821 -0.436866 6.5977e-07 -0.978148 -0.207912 1 6.92545e-07 -8.48462e-08 2.2698e-07 -0.207912 0.978148 0.202064 0.09263 0.0927623\n0.420964 -0.627743 0.480618 1 0 0 0 1 0 0 0 1 0.09263 0.201278 0.09263\n-0.40766 -0.627743 0.480618 1 0 0 0 1 0 0 0 1 0.09263 0.201278 0.09263\nC 9\n0 1\n0 3\n0 2\n1 3\n2 3\n3 6\n3 7\n3 4\n3 5\nS 3\n2\n1 0.451375 0.241427 0.140834\n2 -0.432082 0.228453 0.154986\n2\n0.00964675 0.23494 0.14791\n-0.999764 -0.0146826 0.0160157\n2\n4 -0.40766 -0.630821 -0.436866\n5 0.420964 -0.630821 -0.436866\n2\n0.006652 -0.630821 -0.436866\n1 -5.51313e-11 -1.34631e-11\n2\n6 0.420964 -0.627743 0.480618\n7 -0.40766 -0.627743 0.480618\n2\n0.006652 -0.627743 0.480618\n-1 0 0\nL 8\n0\n3\n3\n1\n2\n2\n2\n2"
}