{
    "boxes": [
        [
            -0.021561000496149063,
            -0.12692800164222717,
            0.2191859930753708,
            0.2974269986152649,
            0.9540339708328247,
            0.8869280219078064,
            0.0,
            1.0,
            0.0,
            0.0,
            0.0,
            1.0
        ],
        [
            -0.5107079744338989,
            -0.10216300189495087,
            0.10485299676656723,
            0.47487500309944153,
            1.0942200422286987,
            0.2226639986038208,
            -0.06179400160908699,
            0.9980869889259338,
            -0.0020635100081562996,
            -0.05350759997963905,
            -0.001248289947398007,
            0.9985669851303101
        ],
        [
            -0.49254199862480164,
            -0.45446598529815674,
            -0.34213000535964966,
            0.33263099193573,
            0.1121319979429245,
            0.1056400015950203,
            0.0,
            1.0,
            0.0,
            0.0,
            0.0,
            1.0
        ],
        [
            -0.5656999945640564,
            -0.4468480050563812,
            0.5413960218429565,
            0.3472900092601776,
            0.12157800048589706,
            0.12711699306964874,
            0.0,
            1.0,
            0.0,
            0.0,
            0.0,
            1.0
        ],
        [
            0.020804300904273987,
            0.191212996840477,
            -0.323635995388031,
            0.9677039980888367,
            0.2536669969558716,
            0.9563279747962952,
            0.01750819943845272,
            0.9986680150032043,
            -0.04854249954223633,
            -0.09148850291967392,
            0.04994640126824379,
            0.9945530295372009
        ]
    ],
    "ops": [
        [
            0,
            0,
            2,
            1,
            0,
            0,
            1,
            2,
            1,
            0,
            1
        ]
    ],
    "syms": [
        [
            0.0,
            0.9958919882774353,
            -0.0007022389909252524,
            0.09054580330848694,
            -0.02764130011200905,
            -0.10250400006771088,
            0.14877299964427948,
            0.0
        ],
        [
            0.0,
            0.9957810044288635,
            0.00070676498580724,
            0.09175799787044525,
            0.016081200912594795,
            -0.4541049897670746,
            -0.29526200890541077,
            0.0
        ]
    ],
    "labels:": [
        [
            1,
            3,
            2,
            2,
            0
        ]
    ],
    "obj": 42073,
    "mat_index": 4533,
    "obbs": "N 8\n0.0208043 0.191213 -0.323636 -0.995652 0.0129718 -0.0922411 -0.0914885 0.0499464 0.994553 0.0175082 0.998668 -0.0485425 0.956328 0.253667 0.967704\n0.455426 -0.102845 0.192693 0.128302 -0.0277669 -0.991346 0.991424 -0.021459 0.128913 -0.0248528 -0.999384 0.0247755 1.088 0.246925 0.489874\n-0.510708 -0.102163 0.104853 0.0535076 0.00124829 -0.998567 0.996654 0.0618159 0.0534824 0.061794 -0.998087 0.00206351 1.09422 0.222664 0.474875\n-0.021561 -0.126928 0.219186 1 0 0 0 1 0 0 0 1 0.886928 0.297427 0.954034\n-0.492542 -0.454466 -0.34213 1 0 0 0 1 0 0 0 1 0.10564 0.332631 0.112132\n0.524705 -0.453744 -0.248394 1 0 0 0 1 0 0 0 1 0.095171 0.333579 0.110222\n0.453817 -0.448302 0.627776 1 0 0 0 1 0 0 0 1 0.116333 0.344313 0.122626\n-0.5657 -0.446848 0.541396 1 0 0 0 1 0 0 0 1 0.127117 0.34729 0.121578\nC 15\n0 1\n0 5\n0 4\n0 3\n0 2\n1 3\n1 5\n1 6\n2 7\n2 4\n2 3\n3 6\n3 7\n3 4\n3 5\nS 3\n2\n1 0.455426 -0.102845 0.192693\n2 -0.510708 -0.102163 0.104853\n2\n-0.0276413 -0.102504 0.148773\n-0.995892 0.000702239 -0.0905458\n2\n4 -0.492542 -0.454466 -0.34213\n5 0.524705 -0.453744 -0.248394\n2\n0.0160812 -0.454105 -0.295262\n0.995781 0.000706765 0.091758\n2\n6 0.453817 -0.448302 0.627776\n7 -0.5657 -0.446848 0.541396\n2\n-0.0559415 -0.447575 0.584586\n-0.996429 0.00142156 -0.0844237\nL 8\n0\n3\n3\n1\n2\n2\n2\n2"
}