{
    "boxes": [
        [
            -0.010771100409328938,
            -0.12024000287055969,
            0.2490909993648529,
            0.15950800478458405,
            0.7658219933509827,
            0.8216300010681152,
            -0.00053462601499632,
            0.9826369881629944,
            -0.1855359971523285,
            -5.0030601414619014e-05,
            0.1855359971523285,
            0.9826369881629944
        ],
        [
            -0.468982994556427,
            0.1816750019788742,
            -0.2783629894256592,
            0.2397329956293106,
            0.07862140238285065,
            0.10345499962568283,
            -0.002059730002656579,
            0.7579280138015747,
            -0.6523339748382568,
            -0.004490309860557318,
            0.652321994304657,
            0.7579280138015747
        ],
        [
            -0.4702180027961731,
            0.0556332990527153,
            0.17645800113677979,
            0.11804399639368057,
            0.7539719939231873,
            0.11202099919319153,
            -0.07676319777965546,
            0.9883909821510315,
            0.1311129927635193,
            0.0050617000088095665,
            -0.1311129927635193,
            0.9913550019264221
        ],
        [
            -0.010777500458061695,
            -0.61980801820755,
            -0.30336400866508484,
            0.02812799997627735,
            0.08882299810647964,
            0.8156970143318176,
            -0.0,
            1.0,
            0.0,
            0.0,
            0.0,
            1.0
        ],
        [
            -0.010777500458061695,
            -0.2396879941225052,
            0.5103939771652222,
            0.08882170170545578,
            0.02812729962170124,
            0.8156970143318176,
            -0.0,
            0.9957249760627747,
            0.09236469864845276,
            -0.0,
            -0.09236469864845276,
            0.9957249760627747
        ],
        [
            -0.46852999925613403,
            -0.31264498829841614,
            0.4961479902267456,
            0.5999739766120911,
            0.0556504987180233,
            0.10513199865818024,
            0.004567109979689121,
            0.9942160248756409,
            0.10729800164699554,
            0.004100699909031391,
            -0.1073170006275177,
            0.9942160248756409
        ],
        [
            -0.4688819944858551,
            -0.6051980257034302,
            0.04797950014472008,
            0.06332899630069733,
            0.8463410139083862,
            0.10353299975395203,
            0.0,
            1.0,
            0.0,
            0.0,
            0.0,
            1.0
        ],
        [
            -0.010776500217616558,
            0.3224479854106903,
            -0.272134006023407,
            0.9867920279502869,
            0.2213670015335083,
            0.8240129947662354,
            0.0023341099731624126,
            0.891273021697998,
            -0.45346200466156006,
            0.0038063700776547194,
            0.4534519910812378,
            0.891273021697998
        ],
        [
            -0.38555800914764404,
            0.26594600081443787,
            -0.3292180001735687,
            1.0842599868774414,
            0.14887100458145142,
            0.07153689861297607,
            0.0007128079887479544,
            0.9271060228347778,
            -0.3747999966144562,
            0.01925479993224144,
            0.3747180104255676,
            0.9269390106201172
        ]
    ],
    "ops": [
        [
            0,
            0,
            0,
            1,
            2,
            1,
            0,
            0,
            0,
            0,
            1,
            2,
            1,
            1,
            1,
            0,
            0,
            2,
            1,
            1
        ]
    ],
    "syms": [
        [
            0.0,
            0.9999939799308777,
            -0.001990620046854019,
            0.002997450064867735,
            -0.010554200038313866,
            0.18076199293136597,
            -0.2769879996776581,
            0.0
        ],
        [
            0.0,
            0.9999930262565613,
            0.0011618100106716156,
            -0.00351771991699934,
            -0.010447699576616287,
            -0.3121120035648346,
            0.49453601241111755,
            0.0
        ],
        [
            0.0,
            0.9999589920043945,
            0.008179300464689732,
            0.0038070399314165115,
            -0.010824000462889671,
            0.2690120041370392,
            -0.3277910053730011,
            0.0
        ]
    ],
    "labels:": [
        [
            1,
            3,
            3,
            2,
            2,
            2,
            2,
            0,
            0
        ]
    ],
    "obj": 42082,
    "mat_index": 4539,
    "obbs": "N 14\n-0.0107765 0.322448 -0.272134 0.99999 -0.00380637 -0.00233411 0.00380637 0.453452 0.891273 -0.00233411 -0.891273 0.453462 0.824013 0.221367 0.986792\n0.447875 0.17985 -0.275614 -0.0202713 0.749054 -0.662199 -0.0449504 0.660983 0.749054 0.998784 0.0449504 0.0202713 0.247982 0.0837394 0.106666\n-0.468983 0.181675 -0.278363 -0.00205973 0.757928 -0.652334 -0.00449031 0.652322 0.757928 0.999988 0.00449031 0.00205973 0.239733 0.0786214 0.103455\n-0.0107711 -0.12024 0.249091 1 0.000534626 -5.00306e-05 -0.000534626 0.982637 -0.185536 -5.00306e-05 0.185536 0.982637 0.82163 0.159508 0.765822\n-0.385558 0.265946 -0.329218 0.000712808 0.927106 -0.3748 0.999814 -0.00787743 -0.0175842 -0.0192548 -0.374718 -0.926939 1.08426 0.0715369 0.148871\n0.36391 0.272077 -0.326364 -0.0334475 -0.387497 -0.921264 0.999439 -0.0115769 -0.0314163 0.00150838 -0.921798 0.387667 0.154337 0.0735521 1.07383\n-0.0107775 -0.239688 0.510394 1 0 0 -0 -0.0923647 0.995725 0 -0.995725 -0.0923647 0.815697 0.0281273 0.0888217\n0.447724 0.0607932 0.175065 0.999666 -0.0257827 -0.0016794 0.0257827 0.991218 0.129702 -0.0016794 -0.129702 0.991552 0.105569 0.103622 0.758888\n-0.470218 0.0556333 0.176458 -0.0050617 0.131113 -0.991355 -0.0767632 0.988391 0.131113 0.997037 0.0767632 0.0050617 0.753972 0.118044 0.112021\n0.447635 -0.31158 0.492925 0.999519 -0.0207655 -0.0230202 0.0207655 -0.102932 0.994472 -0.0230202 -0.994472 -0.102451 0.117189 0.0619167 0.594094\n-0.46853 -0.312645 0.496148 0.999981 -0.0041007 -0.00456711 0.0041007 -0.107317 0.994216 -0.00456711 -0.994216 -0.107298 0.105132 0.0556505 0.599974\n0.447481 -0.609021 0.050758 1 0 0 0 1 0 0 0 1 0.103533 0.055684 0.851898\n-0.468882 -0.605198 0.0479795 1 0 0 0 1 0 0 0 1 0.103533 0.063329 0.846341\n-0.0107775 -0.619808 -0.303364 1 0 -0 -0 1 0 0 0 1 0.815697 0.028128 0.088823\nC 32\n0 2\n0 7\n0 3\n0 4\n0 5\n0 8\n0 1\n1 3\n1 5\n1 7\n2 8\n2 3\n2 4\n3 7\n3 10\n3 6\n3 9\n3 5\n3 8\n3 4\n4 8\n5 7\n6 9\n6 7\n6 10\n6 8\n7 9\n8 10\n9 11\n10 12\n11 13\n12 13\nS 5\n2\n1 0.447875 0.17985 -0.275614\n2 -0.468983 0.181675 -0.278363\n2\n-0.0105542 0.180762 -0.276988\n-0.999994 0.00199062 -0.00299745\n2\n4 -0.385558 0.265946 -0.329218\n5 0.36391 0.272077 -0.326364\n2\n-0.010824 0.269012 -0.327791\n0.999959 0.0081793 0.00380704\n2\n7 0.447724 0.0607932 0.175065\n8 -0.470218 0.0556333 0.176458\n2\n-0.0112471 0.0582132 0.175762\n-0.999983 -0.00562103 0.00151766\n2\n9 0.447635 -0.31158 0.492925\n10 -0.46853 -0.312645 0.496148\n2\n-0.0104477 -0.312112 0.494536\n-0.999993 -0.00116181 0.00351772\n2\n11 0.447481 -0.609021 0.050758\n12 -0.468882 -0.605198 0.0479795\n2\n-0.010701 -0.60711 0.0493688\n-0.999987 0.00417133 -0.00303206\nL 14\n0\n3\n3\n1\n0\n0\n2\n3\n3\n2\n2\n2\n2\n2"
}