{
    "boxes": [
        [
            0.00031888901139609516,
            0.26889699697494507,
            0.04453910142183304,
            0.12270300090312958,
            0.6926550269126892,
            0.6925470232963562,
            0.004056510049849749,
            0.9999650120735168,
            0.0072920601814985275,
            0.587768018245697,
            -0.008283760398626328,
            0.808987021446228
        ],
        [
            -0.01734679937362671,
            -0.15274199843406677,
            0.031444698572158813,
            0.9469950199127197,
            0.2474839985370636,
            0.23692399263381958,
            -0.06391999870538712,
            0.9969249963760376,
            -0.04532939940690994,
            0.3675220012664795,
            0.06574580073356628,
            0.9276880025863647
        ],
        [
            -0.19669699668884277,
            -0.574383020401001,
            -0.1662759929895401,
            0.14558300375938416,
            0.4554949998855591,
            0.17703400552272797,
            -0.08994869887828827,
            0.9959250092506409,
            0.006491960026323795,
            0.6666359901428223,
            0.0553629994392395,
            0.7433249950408936
        ],
        [
            0.014809999614953995,
            0.3121050000190735,
            -0.3370699882507324,
            0.10436700284481049,
            0.08034499734640121,
            0.17357799410820007,
            0.0,
            1.0,
            0.0,
            0.0,
            0.0,
            1.0
        ],
        [
            0.011382199823856354,
            0.7567999958992004,
            -0.3347269892692566,
            0.3762210011482239,
            0.03715230152010918,
            0.375916987657547,
            -0.6182060241699219,
            0.7853990197181702,
            -0.031130200251936913,
            -0.03907589986920357,
            0.008846770040690899,
            0.9991970062255859
        ],
        [
            0.015977999195456505,
            0.5519530177116394,
            -0.35476401448249817,
            0.45610499382019043,
            0.044895000755786896,
            0.10418800264596939,
            0.0,
            1.0,
            0.0,
            0.0,
            0.0,
            1.0
        ]
    ],
    "ops": [
        [
            0,
            0,
            0,
            2,
            1,
            1,
            0,
            0,
            0,
            1,
            1,
            1
        ]
    ],
    "syms": [
        [
            -1.0,
            -0.01659500040113926,
            0.999862015247345,
            0.00043209700379520655,
            0.0005302689969539642,
            -0.5709850192070007,
            0.04702160134911537,
            0.25
        ]
    ],
    "labels:": [
        [
            1,
            2,
            2,
            0,
            0,
            0
        ]
    ],
    "obj": 42118,
    "mat_index": 4560,
    "obbs": "N 9\n0.0113822 0.7568 -0.334727 -0.618206 0.785399 -0.0311302 -0.0390759 0.00884677 0.999197 0.785044 0.618926 0.0252211 0.376221 0.0371523 0.375917\n-0.0173468 -0.152742 0.0314447 0.06392 -0.996925 0.0453294 0.927815 0.0426382 -0.370595 0.367522 0.0657458 0.927688 0.946995 0.236924 0.247484\n0.015978 0.551953 -0.354764 1 0 0 0 1 0 0 0 1 0.104188 0.456105 0.044895\n0.19734 -0.567416 -0.151356 0.669783 -0.0324471 -0.741848 -0.0401252 0.996004 -0.0797907 0.741472 0.0832092 0.665804 0.474102 0.150106 0.201393\n0.198309 -0.568011 0.259315 -0.670576 -0.030311 -0.741221 0.0947778 0.987476 -0.126126 0.735761 -0.154828 -0.659305 0.458933 0.153521 0.188772\n-0.196831 -0.57413 0.246404 -0.706442 -0.0224787 -0.707414 -0.0591188 0.997877 0.0273291 0.705298 0.0611279 -0.706271 0.184837 0.145656 0.475845\n-0.196697 -0.574383 -0.166276 -0.666636 -0.055363 -0.743325 -0.0899487 0.995925 0.00649196 0.739937 0.0711889 -0.668899 0.455495 0.145583 0.177034\n0.000318889 0.268897 0.0445391 -0.587768 0.00828376 -0.808987 0.00405651 0.999965 0.00729206 0.809019 0.00100438 -0.587782 0.692655 0.122703 0.692547\n0.01481 0.312105 -0.33707 1 0 0 0 1 0 0 0 1 0.173578 0.104367 0.080345\nC 19\n0 7\n0 8\n0 2\n1 2\n1 3\n1 4\n1 5\n1 8\n1 6\n1 7\n2 7\n2 8\n3 6\n3 4\n3 5\n4 6\n4 5\n5 6\n7 8\nS 1\n4\n5 -0.196831 -0.57413 0.246404\n6 -0.196697 -0.574383 -0.166276\n3 0.19734 -0.567416 -0.151356\n4 0.198309 -0.568011 0.259315\n3\n0.000530269 -0.570985 0.0470216\n0.016595 -0.999862 -0.000432097\nL 9\n0\n2\n0\n2\n2\n2\n2\n1\n0"
}