{
    "boxes": [
        [
            0.015910999849438667,
            -0.13737499713897705,
            0.12321799993515015,
            0.3115819990634918,
            0.9779589772224426,
            0.9682559967041016,
            0.0,
            1.0,
            0.0,
            0.0,
            0.0,
            1.0
        ],
        [
            -0.45156198740005493,
            0.2790130078792572,
            0.07888329774141312,
            0.08107119798660278,
            0.9462429881095886,
            0.10854899883270264,
            -0.19822299480438232,
            0.9707689881324768,
            -0.13533499836921692,
            -0.013612199574708939,
            0.13533499836921692,
            0.9907060265541077
        ],
        [
            -0.4559459984302521,
            0.1291780024766922,
            0.5482209920883179,
            0.4490880072116852,
            0.076671302318573,
            0.11160100251436234,
            0.0016535200411453843,
            0.9962959885597229,
            -0.0859764963388443,
            -0.11209800094366074,
            0.08561939746141434,
            0.9900019764900208
        ],
        [
            -0.43462899327278137,
            -0.3873150050640106,
            -0.3781310021877289,
            0.6710000038146973,
            0.07815200090408325,
            0.06452199816703796,
            0.0,
            1.0,
            0.0,
            0.0,
            0.0,
            1.0
        ],
        [
            -0.45380699634552,
            -0.39877599477767944,
            0.5599420070648193,
            0.6481289863586426,
            0.08206599950790405,
            0.10944700241088867,
            0.0,
            1.0,
            0.0,
            0.0,
            0.0,
            1.0
        ],
        [
            0.00410450017079711,
            0.2299250066280365,
            -0.3876039981842041,
            0.7749369740486145,
            0.1671990007162094,
            0.8280090093612671,
            -3.583989993671821e-09,
            0.9880579710006714,
            -0.15408200025558472,
            -4.186210045276084e-09,
            0.15408200025558472,
            0.9880579710006714
        ],
        [
            -0.43450799584388733,
            0.20624800026416779,
            -0.4107300043106079,
            0.7937210202217102,
            0.07702910155057907,
            0.0821039006114006,
            0.020729299634695053,
            0.9936959743499756,
            -0.11017599701881409,
            -0.09374599903821945,
            0.11164599657058716,
            0.9893159866333008
        ]
    ],
    "ops": [
        [
            0,
            0,
            0,
            1,
            2,
            1,
            0,
            0,
            1,
            2,
            1,
            0,
            0,
            2,
            1,
            1
        ]
    ],
    "syms": [
        [
            0.0,
            0.9999970197677612,
            0.002099720062687993,
            0.0015722200041636825,
            -0.0005816029733978212,
            0.2799600064754486,
            0.07959239929914474,
            0.0
        ],
        [
            0.0,
            0.9999589920043945,
            -0.00905974954366684,
            0.0006684610270895064,
            -0.0019362500170245767,
            -0.39123499393463135,
            -0.3778420090675354,
            0.0
        ],
        [
            0.0,
            0.9980159997940063,
            0.06274750083684921,
            -0.005219679791480303,
            -0.000922064995393157,
            0.23350900411605835,
            -0.4129979908466339,
            0.0
        ]
    ],
    "labels:": [
        [
            1,
            3,
            3,
            2,
            2,
            0,
            0
        ]
    ],
    "obj": 2731,
    "mat_index": 458,
    "obbs": "N 12\n0.0041045 0.229925 -0.387604 -3.58399e-09 0.988058 -0.154082 -4.18621e-09 0.154082 0.988058 1 4.18621e-09 3.58399e-09 0.774937 0.167199 0.828009\n0.015911 -0.137375 0.123218 1 0 0 0 1 0 0 0 1 0.968256 0.311582 0.977959\n-0.434508 0.206248 -0.41073 0.0207293 0.993696 -0.110176 -0.093746 0.111646 0.989316 0.99538 -0.0101793 0.0954693 0.793721 0.0770291 0.0821039\n0.432663 0.260769 -0.415265 -0.00498988 0.994297 -0.106528 -0.00555297 0.1065 0.994297 0.999972 0.00555297 0.00498988 0.684016 0.0749781 0.0636666\n0.450399 0.280907 0.0803014 -0.00745062 -0.145757 -0.989292 0.101421 0.984108 -0.145757 0.994816 -0.101421 0.00745062 0.935456 0.0711262 0.107516\n-0.451562 0.279013 0.0788833 0.980062 0.198223 -0.0136122 -0.198223 0.970769 -0.135335 -0.0136122 0.135335 0.990706 0.108549 0.0810712 0.946243\n0.45107 0.0998062 0.547878 0.999344 -0.0271285 -0.0240016 0.0271285 0.121489 0.992222 -0.0240016 -0.992222 0.122146 0.116075 0.0751592 0.51226\n-0.455946 0.129178 0.548221 -0.993696 -0.00800084 -0.111825 -0.112098 0.0856194 0.990002 0.00165352 0.996296 -0.0859765 0.111601 0.0766713 0.449088\n-0.434629 -0.387315 -0.378131 1 0 0 0 1 0 0 0 1 0.064522 0.671 0.078152\n0.430756 -0.395155 -0.377553 1 0 0 0 1 0 0 0 1 0.064555 0.655321 0.076983\n0.447984 -0.394309 0.555884 1 0 0 0 1 0 0 0 1 0.113766 0.657063 0.090182\n-0.453807 -0.398776 0.559942 1 0 0 0 1 0 0 0 1 0.109447 0.648129 0.082066\nC 27\n0 3\n0 4\n0 5\n0 8\n0 1\n0 9\n0 2\n1 3\n1 6\n1 11\n1 2\n1 5\n1 10\n1 4\n1 9\n1 8\n1 7\n2 8\n2 5\n3 9\n3 4\n4 9\n4 6\n5 8\n5 7\n6 10\n7 11\nS 5\n2\n2 -0.434508 0.206248 -0.41073\n3 0.432663 0.260769 -0.415265\n2\n-0.000922065 0.233509 -0.412998\n0.998016 0.0627475 -0.00521968\n2\n4 0.450399 0.280907 0.0803014\n5 -0.451562 0.279013 0.0788833\n2\n-0.000581603 0.27996 0.0795924\n-0.999997 -0.00209972 -0.00157222\n2\n6 0.45107 0.0998062 0.547878\n7 -0.455946 0.129178 0.548221\n2\n-0.00243767 0.114492 0.54805\n-0.999476 0.0323664 0.000378393\n2\n8 -0.434629 -0.387315 -0.378131\n9 0.430756 -0.395155 -0.377553\n2\n-0.00193625 -0.391235 -0.377842\n0.999959 -0.00905975 0.000668461\n2\n10 0.447984 -0.394309 0.555884\n11 -0.453807 -0.398776 0.559942\n2\n-0.00291175 -0.396543 0.557913\n-0.999978 -0.00495336 0.00449983\nL 12\n0\n1\n0\n0\n3\n3\n3\n3\n2\n2\n2\n2"
}