{
    "boxes": [
        [
            0.000875885016284883,
            -0.15475499629974365,
            0.11982700228691101,
            0.2252810001373291,
            0.8287820219993591,
            0.8154240250587463,
            -5.592260094999801e-06,
            0.9999250173568726,
            0.012260000221431255,
            3.4281999461427404e-08,
            -0.012260000221431255,
            0.9999250173568726
        ],
        [
            -0.4340690076351166,
            0.18372200429439545,
            0.06842249631881714,
            0.028893999755382538,
            0.6835029721260071,
            0.09198299795389175,
            0.0,
            1.0,
            0.0,
            0.0,
            0.0,
            1.0
        ],
        [
            -0.40894201397895813,
            -0.025896500796079636,
            0.31766098737716675,
            0.4072670042514801,
            0.08667159825563431,
            0.06407880038022995,
            0.014376799575984478,
            0.9956870079040527,
            -0.09165869653224945,
            -0.06345070153474808,
            0.09239190071821213,
            0.9936990141868591
        ],
        [
            -0.3917919993400574,
            -0.47778600454330444,
            0.5184659957885742,
            0.48465800285339355,
            0.11285799741744995,
            0.10595700144767761,
            0.14237800240516663,
            0.9855769872665405,
            -0.0914715975522995,
            0.46487200260162354,
            0.015004299581050873,
            0.885250985622406
        ],
        [
            0.36701399087905884,
            -0.4717920124530792,
            -0.27987900376319885,
            0.4804939925670624,
            0.08831919729709625,
            0.05567200109362602,
            -0.0019563199020922184,
            0.9925469756126404,
            0.12184300273656845,
            -0.01733260042965412,
            -0.12185899913311005,
            0.9923959970474243
        ],
        [
            -0.3675149977207184,
            -0.47228899598121643,
            -0.2879430055618286,
            0.47755101323127747,
            0.08486989885568619,
            0.06583379954099655,
            0.006677609868347645,
            0.9922609925270081,
            0.12398699671030045,
            -0.36935898661613464,
            -0.11277399957180023,
            0.922419011592865
        ],
        [
            0.001089500030502677,
            0.31108200550079346,
            -0.278331995010376,
            0.9020659923553467,
            0.17728999257087708,
            0.7980769872665405,
            -2.0512800347205484e-09,
            0.9852709770202637,
            -0.17100100219249725,
            -2.437960056056454e-09,
            0.17100100219249725,
            0.9852709770202637
        ]
    ],
    "ops": [
        [
            0,
            0,
            0,
            1,
            2,
            1,
            0,
            2,
            0,
            0,
            1,
            1,
            1,
            0,
            1
        ]
    ],
    "syms": [
        [
            0.0,
            1.0,
            -0.0,
            -0.0,
            0.0008924999856390059,
            0.18372200429439545,
            0.06842249631881714,
            0.0
        ],
        [
            0.0,
            0.9999960064888,
            0.00258697010576725,
            -0.001422279980033636,
            -0.0005050449981354177,
            -0.4767740070819855,
            0.5179100036621094,
            0.0
        ]
    ],
    "labels:": [
        [
            1,
            3,
            3,
            2,
            2,
            2,
            0
        ]
    ],
    "obj": 42160,
    "mat_index": 4587,
    "obbs": "N 10\n0.0010895 0.311082 -0.278332 1 2.43796e-09 2.05128e-09 -2.43796e-09 0.171001 0.985271 2.05128e-09 -0.985271 0.171001 0.798077 0.17729 0.902066\n0.435855 0.183722 0.0684225 1 0 0 0 1 0 0 0 1 0.091983 0.028894 0.683503\n-0.434069 0.183722 0.0684225 1 0 0 0 1 0 0 0 1 0.091983 0.028894 0.683503\n0.000875885 -0.154755 0.119827 1 5.59226e-06 3.4282e-08 -5.59226e-06 0.999925 0.01226 3.4282e-08 -0.01226 0.999925 0.815424 0.225281 0.828782\n0.390782 -0.475762 0.517353 -0.111997 0.990999 -0.0733288 -0.28147 0.0391338 0.958772 0.953012 0.12802 0.274554 0.488717 0.111941 0.10236\n-0.391792 -0.477786 0.518466 0.873855 -0.168562 -0.456031 0.464872 0.0150043 0.885251 -0.142378 -0.985577 0.0914716 0.105957 0.112858 0.484658\n0.367014 -0.471792 -0.279879 0.00195632 -0.992547 -0.121843 0.999848 -0.000170419 0.0174419 -0.0173326 -0.121859 0.992396 0.480494 0.055672 0.0883192\n-0.367515 -0.472289 -0.287943 0.369359 0.112774 -0.922419 0.929263 -0.0519552 0.365748 -0.00667761 -0.992261 -0.123987 0.0848699 0.0658338 0.477551\n0.411609 -0.0260204 0.31802 -0.101083 -0.101611 -0.989675 0.994824 2.05333e-05 -0.101611 0.010345 -0.994824 0.101083 0.0856046 0.0619328 0.407982\n-0.408942 -0.0258965 0.317661 0.0143768 0.995687 -0.0916587 0.997881 -0.00847038 0.0645054 0.0634507 -0.0923919 -0.993699 0.407267 0.0640788 0.0866716\nC 17\n0 1\n0 7\n0 6\n0 3\n0 2\n1 3\n1 8\n2 9\n2 3\n3 8\n3 9\n3 6\n3 7\n3 4\n3 5\n4 8\n5 9\nS 3\n2\n1 0.435855 0.183722 0.0684225\n2 -0.434069 0.183722 0.0684225\n2\n0.0008925 0.183722 0.0684225\n-1 0 0\n2\n4 0.390782 -0.475762 0.517353\n5 -0.391792 -0.477786 0.518466\n2\n-0.000505045 -0.476774 0.51791\n-0.999996 -0.00258697 0.00142228\n2\n8 0.411609 -0.0260204 0.31802\n9 -0.408942 -0.0258965 0.317661\n2\n0.00133374 -0.0259585 0.31784\n-1 0.000150968 -0.000437867\nL 10\n0\n3\n3\n1\n2\n2\n2\n2\n3\n3"
}