{
    "boxes": [
        [
            -0.05501290038228035,
            -0.12516500055789948,
            0.24746499955654144,
            0.04073220118880272,
            0.8270750045776367,
            0.9278429746627808,
            -0.0030561599414795637,
            0.9999909996986389,
            0.002845210023224354,
            -0.20790599286556244,
            -0.0034184399992227554,
            0.9781429767608643
        ],
        [
            -0.5101490020751953,
            -0.42454099655151367,
            0.1868010014295578,
            0.050233300775289536,
            0.929623007774353,
            0.0577998012304306,
            0.07392919808626175,
            0.7571579813957214,
            -0.6490349769592285,
            -0.0770459994673729,
            0.653207004070282,
            0.7532489895820618
        ],
        [
            -0.47794899344444275,
            -0.42216500639915466,
            0.11888100206851959,
            0.06831619888544083,
            0.9251970052719116,
            0.06530609726905823,
            -0.19642800092697144,
            0.7509469985961914,
            0.6304720044136047,
            -0.13414700329303741,
            -0.6575340032577515,
            0.7413859963417053
        ],
        [
            -0.3400929868221283,
            0.2541700005531311,
            -0.39326798915863037,
            0.833948016166687,
            0.08535300195217133,
            0.04149480164051056,
            0.06864649802446365,
            0.9285200238227844,
            -0.3648819923400879,
            -0.1818539947271347,
            0.3712629973888397,
            0.9105449914932251
        ],
        [
            0.05434130132198334,
            0.24750299751758575,
            -0.3114610016345978,
            0.8352950215339661,
            0.06120910122990608,
            0.8118950128555298,
            0.0917091965675354,
            0.9202899932861328,
            -0.3803369998931885,
            -0.1756259948015213,
            0.3909069895744324,
            0.9035189747810364
        ],
        [
            0.06763900071382523,
            0.6374369859695435,
            -0.4494450092315674,
            0.03178339824080467,
            0.022485699504613876,
            0.7852410078048706,
            -0.11201799660921097,
            0.7341489791870117,
            0.6696850061416626,
            -0.13994500041007996,
            -0.6788650155067444,
            0.72080397605896
        ]
    ],
    "ops": [
        [
            0,
            0,
            0,
            1,
            2,
            1,
            0,
            2,
            0,
            0,
            1,
            1,
            1
        ]
    ],
    "syms": [
        [
            0.0,
            0.9800350069999695,
            0.011519099585711956,
            0.19849200546741486,
            -0.08192189782857895,
            -0.4195080101490021,
            0.2735320031642914,
            0.0
        ],
        [
            0.0,
            0.9814320206642151,
            0.0006990419933572412,
            0.19180899858474731,
            0.04719119891524315,
            0.25444599986076355,
            -0.317577987909317,
            0.0
        ]
    ],
    "labels:": [
        [
            1,
            2,
            2,
            0,
            0,
            0
        ]
    ],
    "obj": 42170,
    "mat_index": 4595,
    "obbs": "N 9\n0.0543413 0.247503 -0.311461 -0.980176 0.0160639 -0.197477 -0.175626 0.390907 0.903519 0.0917092 0.92029 -0.380337 0.811895 0.0612091 0.835295\n0.067639 0.637437 -0.449445 -0.983803 0.0129765 -0.178785 -0.139945 -0.678865 0.720804 -0.112018 0.734149 0.669685 0.785241 0.0224857 0.0317834\n-0.0550129 -0.125165 0.247465 -0.978144 -0.00239782 -0.207915 -0.00305616 0.999991 0.00284521 0.207906 0.00341844 -0.978143 0.927843 0.0407322 0.827075\n0.434475 0.254722 -0.241888 0.130362 -0.365803 -0.921517 0.988688 -0.0215676 0.148426 -0.0741697 -0.930442 0.358854 0.0873058 0.037848 0.833696\n-0.340093 0.25417 -0.393268 0.0686465 0.92852 -0.364882 0.980927 0.00384931 0.194341 0.181854 -0.371263 -0.910545 0.833948 0.0414948 0.085353\n0.346305 -0.414474 0.360263 0.109063 -0.653827 -0.748742 -0.0121539 0.752302 -0.658706 0.99396 0.0809409 0.074102 0.959605 0.0386124 0.0592897\n0.383475 -0.414118 0.274198 0.137751 0.659324 -0.739132 -0.186242 0.750177 0.634467 0.972799 0.0502588 0.226131 0.951048 0.0471632 0.0515212\n-0.477949 -0.422165 0.118881 0.134147 0.657534 -0.741386 -0.196428 0.750947 0.630472 0.971298 0.0610527 0.229895 0.925197 0.0683162 0.0653061\n-0.510149 -0.424541 0.186801 -0.994283 0.00568159 -0.106627 0.0739292 0.757158 -0.649035 0.077046 -0.653207 -0.753249 0.0577998 0.0502333 0.929623\nC 18\n0 1\n0 7\n0 6\n0 4\n0 3\n0 2\n1 3\n1 4\n2 7\n2 6\n2 8\n2 4\n2 3\n2 5\n3 6\n4 7\n5 6\n7 8\nS 3\n2\n3 0.434475 0.254722 -0.241888\n4 -0.340093 0.25417 -0.393268\n2\n0.0471912 0.254446 -0.317578\n-0.981432 -0.000699042 -0.191809\n2\n5 0.346305 -0.414474 0.360263\n8 -0.510149 -0.424541 0.186801\n2\n-0.0819219 -0.419508 0.273532\n-0.980035 -0.0115191 -0.198492\n2\n6 0.383475 -0.414118 0.274198\n7 -0.477949 -0.422165 0.118881\n2\n-0.047237 -0.418142 0.196539\n-0.98409 -0.00919216 -0.177434\nL 9\n0\n0\n1\n0\n0\n2\n2\n2\n2"
}