{
    "boxes": [
        [
            0.005880500189960003,
            -0.19657500088214874,
            0.10544700175523758,
            0.720649003982544,
            0.9352220296859741,
            0.9841189980506897,
            0.0,
            1.0,
            0.0,
            0.0,
            0.0,
            1.0
        ],
        [
            -0.4714750051498413,
            0.22552500665187836,
            0.07234250009059906,
            0.4164679944515228,
            0.891897976398468,
            0.1596750020980835,
            -0.30254000425338745,
            0.9530550241470337,
            -0.01245499961078167,
            0.01245499961078167,
            0.017019299790263176,
            0.9997779726982117
        ],
        [
            -0.4350369870662689,
            -0.6392940282821655,
            0.4421919882297516,
            0.26189500093460083,
            0.06899599730968475,
            0.06186100095510483,
            0.0,
            1.0,
            0.0,
            0.0,
            0.0,
            1.0
        ],
        [
            0.45063498616218567,
            -0.6392210125923157,
            -0.28521499037742615,
            0.26275700330734253,
            0.0933649018406868,
            0.07341189682483673,
            0.01695300079882145,
            0.9998350143432617,
            0.006582750007510185,
            0.09624820202589035,
            -0.008185010403394699,
            0.9953240156173706
        ],
        [
            0.0054923598654568195,
            0.41968899965286255,
            -0.3294210135936737,
            0.7895569801330566,
            0.14883500337600708,
            1.0001100301742554,
            0.0025432100519537926,
            0.9973019957542419,
            -0.07336840033531189,
            0.002737170085310936,
            0.07336139678955078,
            0.9973019957542419
        ]
    ],
    "ops": [
        [
            0,
            0,
            2,
            1,
            0,
            0,
            1,
            2,
            1,
            0,
            1
        ]
    ],
    "syms": [
        [
            0.0,
            0.9999809861183167,
            0.005219929851591587,
            0.003374459920451045,
            0.0007069379789754748,
            0.22798900306224823,
            0.07393590360879898,
            0.0
        ],
        [
            0.0,
            0.9999880194664001,
            0.0016446600202471018,
            0.0046060699969530106,
            0.008666249923408031,
            -0.6385650038719177,
            0.44423601031303406,
            0.0
        ]
    ],
    "labels:": [
        [
            1,
            3,
            2,
            2,
            0
        ]
    ],
    "obj": 42174,
    "mat_index": 4598,
    "obbs": "N 8\n0.00549236 0.419689 -0.329421 0.999993 -0.00273717 -0.00254321 0.00273717 0.0733614 0.997302 -0.00254321 -0.997302 0.0733684 1.00011 0.148835 0.789557\n0.472889 0.230454 0.0755293 0.0195183 0.0143126 -0.999707 0.9536 -0.300735 0.0143126 -0.300442 -0.9536 -0.0195183 0.908218 0.179654 0.418873\n-0.471475 0.225525 0.0723425 0.30254 -0.953055 0.012455 0.953055 0.302318 -0.0170193 0.012455 0.0170193 0.999778 0.416468 0.159675 0.891898\n0.0058805 -0.196575 0.105447 1 0 0 0 1 0 0 0 1 0.984119 0.720649 0.935222\n-0.435037 -0.639294 0.442192 1 0 0 0 1 0 0 0 1 0.061861 0.261895 0.068996\n0.450635 -0.639221 -0.285215 -0.016953 -0.999835 -0.00658275 0.995213 -0.0162401 -0.096371 0.0962482 -0.00818501 0.995324 0.262757 0.0734119 0.0933649\n0.452369 -0.637835 0.446279 1 0 0 0 1 0 0 0 1 0.072668 0.264754 0.078655\n-0.445271 -0.629525 -0.275435 1 0 0 0 1 0 0 0 1 0.080777 0.281232 0.084784\nC 9\n0 1\n0 3\n0 2\n1 3\n2 3\n3 6\n3 7\n3 4\n3 5\nS 3\n2\n1 0.472889 0.230454 0.0755293\n2 -0.471475 0.225525 0.0723425\n2\n0.000706938 0.227989 0.0739359\n-0.999981 -0.00521993 -0.00337446\n2\n4 -0.435037 -0.639294 0.442192\n6 0.452369 -0.637835 0.446279\n2\n0.00866625 -0.638565 0.444236\n0.999988 0.00164466 0.00460607\n2\n5 0.450635 -0.639221 -0.285215\n7 -0.445271 -0.629525 -0.275435\n2\n0.00268243 -0.634373 -0.280325\n-0.999882 0.0108212 0.0109151\nL 8\n0\n3\n3\n1\n2\n2\n2\n2"
}