{
    "boxes": [
        [
            0.0012659099884331226,
            -0.15100699663162231,
            0.13168799877166748,
            0.12710100412368774,
            0.8231520056724548,
            0.6978740096092224,
            -0.009435289539396763,
            0.9998409748077393,
            -0.015110200271010399,
            0.05226239934563637,
            0.015583300031721592,
            0.9985120296478271
        ],
        [
            -0.26698800921440125,
            -0.5073480010032654,
            0.3517580032348633,
            0.7318329811096191,
            0.09629499912261963,
            0.03255400061607361,
            0.0,
            1.0,
            0.0,
            0.0,
            0.0,
            1.0
        ],
        [
            -0.23323500156402588,
            -0.541176974773407,
            -0.2481449991464615,
            0.6777459979057312,
            0.055298201739788055,
            0.06154640018939972,
            0.034421298652887344,
            0.9886109828948975,
            0.1465039998292923,
            -0.10587400197982788,
            -0.14215900003910065,
            0.9841650128364563
        ],
        [
            -0.19862300157546997,
            -0.0167153999209404,
            -0.19706200063228607,
            0.40490099787712097,
            0.04807249829173088,
            0.08055879920721054,
            0.1605670005083084,
            0.9855049848556519,
            0.054760001599788666,
            -0.0457351990044117,
            -0.04799159988760948,
            0.9977999925613403
        ],
        [
            -0.006966730114072561,
            0.44815000891685486,
            -0.1909320056438446,
            0.7144830226898193,
            0.07972370088100433,
            0.5192810297012329,
            -0.052307698875665665,
            0.9946720004081726,
            -0.0888369008898735,
            3.0936898838263005e-05,
            0.088960200548172,
            0.9960349798202515
        ],
        [
            -0.006888569798320532,
            0.4450019896030426,
            -0.20048800110816956,
            0.8065990209579468,
            0.07157430052757263,
            0.6012319922447205,
            -0.05231110006570816,
            0.9955909848213196,
            -0.07785549759864807,
            2.6861300284508616e-05,
            0.0779637023806572,
            0.9969559907913208
        ]
    ],
    "ops": [
        [
            0,
            0,
            0,
            1,
            2,
            1,
            0,
            2,
            0,
            0,
            1,
            1,
            1
        ]
    ],
    "syms": [
        [
            0.0,
            1.0,
            -0.0,
            -0.0,
            0.0007609999738633633,
            -0.5073480010032654,
            0.3517580032348633,
            0.0
        ],
        [
            0.0,
            0.999737024307251,
            0.022811900824308395,
            -0.0025283400900661945,
            -0.007902540266513824,
            -0.012363499961793423,
            -0.19754399359226227,
            0.0
        ]
    ],
    "labels:": [
        [
            1,
            2,
            2,
            0,
            0,
            0
        ]
    ],
    "obj": 42197,
    "mat_index": 4615,
    "obbs": "N 9\n-0.00696673 0.44815 -0.190932 0.998631 0.0520976 -0.00468408 3.09369e-05 0.0889602 0.996035 0.0523077 -0.994672 0.0888369 0.519281 0.0797237 0.714483\n0.00126591 -0.151007 0.131688 0.998589 0.00863155 -0.0524012 -0.00943529 0.999841 -0.0151102 0.0522624 0.0155833 0.998512 0.697874 0.127101 0.823152\n-0.198623 -0.0167154 -0.197062 -0.985965 0.162719 -0.0373663 -0.0457352 -0.0479916 0.9978 0.160567 0.985505 0.05476 0.0805588 0.0480725 0.404901\n0.182818 -0.00801171 -0.198027 0.987489 0.148599 0.0527585 -0.0445936 -0.0577538 0.997334 0.15125 -0.98721 -0.0504047 0.081367 0.0495668 0.387607\n0.26851 -0.507348 0.351758 1 0 0 0 1 0 0 0 1 0.032554 0.731833 0.096295\n0.22153 -0.5336 -0.247508 -0.997651 -0.0128282 -0.067287 -0.0645176 -0.154038 0.985956 -0.0230128 0.987982 0.152849 0.0642619 0.0609115 0.691995\n-0.233235 -0.541177 -0.248145 -0.993784 0.0493872 -0.0997746 -0.105874 -0.142159 0.984165 0.0344213 0.988611 0.146504 0.0615464 0.0552982 0.677746\n-0.266988 -0.507348 0.351758 1 0 0 0 1 0 0 0 1 0.032554 0.731833 0.096295\n-0.00688857 0.445002 -0.200488 0.998631 0.0521498 -0.00410511 2.68613e-05 0.0779637 0.996956 0.0523111 -0.995591 0.0778555 0.601232 0.0715743 0.806599\nC 18\n0 1\n0 3\n0 8\n0 2\n1 2\n1 3\n1 4\n1 5\n1 8\n1 6\n1 7\n2 6\n2 8\n2 3\n3 8\n3 5\n5 8\n6 8\nS 3\n2\n2 -0.198623 -0.0167154 -0.197062\n3 0.182818 -0.00801171 -0.198027\n2\n-0.00790254 -0.0123635 -0.197544\n0.999737 0.0228119 -0.00252834\n2\n4 0.26851 -0.507348 0.351758\n7 -0.266988 -0.507348 0.351758\n2\n0.000761 -0.507348 0.351758\n-1 0 0\n2\n5 0.22153 -0.5336 -0.247508\n6 -0.233235 -0.541177 -0.248145\n2\n-0.00585243 -0.537388 -0.247827\n-0.99986 -0.0166592 -0.00140217\nL 9\n0\n1\n0\n0\n2\n2\n2\n2\n0"
}