{
    "boxes": [
        [
            -0.001312499982304871,
            -0.09009449928998947,
            0.12679800391197205,
            0.22779899835586548,
            0.7631970047950745,
            0.7173069715499878,
            0.0,
            1.0,
            0.0,
            0.0,
            0.0,
            1.0
        ],
        [
            0.3455600142478943,
            0.09613289684057236,
            0.08242090046405792,
            0.14544300734996796,
            0.5574470162391663,
            0.10029499977827072,
            -0.13369600474834442,
            0.9806399941444397,
            -0.14307700097560883,
            -0.009657920338213444,
            0.14307700097560883,
            0.9896640181541443
        ],
        [
            -0.3420340120792389,
            0.1067809984087944,
            0.08872979879379272,
            0.12370400130748749,
            0.5407750010490417,
            0.10102900117635727,
            -0.15286700427532196,
            0.9815120100975037,
            -0.11518099904060364,
            -0.008885820396244526,
            0.11518099904060364,
            0.9933050274848938
        ],
        [
            -0.3077310025691986,
            -0.4090549945831299,
            0.5493299961090088,
            0.5370699763298035,
            0.10047399997711182,
            0.06654900312423706,
            -2.0284800607383148e-16,
            0.9135450124740601,
            -0.40673699975013733,
            -9.03136968609077e-17,
            0.40673699975013733,
            0.9135450124740601
        ],
        [
            -0.3458879888057709,
            -0.3255159854888916,
            -0.24667300283908844,
            0.7474179863929749,
            0.11737500131130219,
            0.07534919679164886,
            -0.004131440073251724,
            0.9492989778518677,
            0.3143480122089386,
            -0.05934400111436844,
            -0.3140299916267395,
            0.9475569725036621
        ],
        [
            -0.005937300156801939,
            0.25860899686813354,
            -0.2505379915237427,
            0.6729789972305298,
            0.2036760002374649,
            0.8199449777603149,
            0.014307900331914425,
            0.9462400078773499,
            -0.3231489956378937,
            0.020002499222755432,
            0.32284700870513916,
            0.9462400078773499
        ]
    ],
    "ops": [
        [
            0,
            0,
            0,
            1,
            1,
            0,
            0,
            1,
            2,
            1,
            0,
            1
        ]
    ],
    "syms": [
        [
            0.0,
            1.0,
            0.0,
            0.0,
            -0.0005432500038295984,
            -0.4090549945831299,
            0.5493299961090088,
            0.0
        ]
    ],
    "labels:": [
        [
            1,
            3,
            3,
            2,
            2,
            0
        ]
    ],
    "obj": 42223,
    "mat_index": 4634,
    "obbs": "N 8\n-0.0059373 0.258609 -0.250538 0.999698 -0.0200025 -0.0143079 0.0200025 0.322847 0.94624 -0.0143079 -0.94624 0.323149 0.819945 0.203676 0.672979\n0.34556 0.0961329 0.0824209 0.990975 0.133696 -0.00965792 -0.133696 0.98064 -0.143077 -0.00965792 0.143077 0.989664 0.100295 0.145443 0.557447\n-0.342034 0.106781 0.0887298 0.988207 0.152867 -0.00888582 -0.152867 0.981512 -0.115181 -0.00888582 0.115181 0.993305 0.101029 0.123704 0.540775\n-0.0013125 -0.0900945 0.126798 1 0 0 0 1 0 0 0 1 0.717307 0.227799 0.763197\n-0.307731 -0.409055 0.54933 9.03137e-17 -0.406737 -0.913545 1 2.22045e-16 0 2.02848e-16 -0.913545 0.406737 0.100474 0.066549 0.53707\n0.306645 -0.409055 0.54933 9.03137e-17 -0.406737 -0.913545 1 2.22045e-16 0 2.02848e-16 -0.913545 0.406737 0.100474 0.066548 0.53707\n0.342089 -0.329325 -0.250257 -0.000102995 -0.952465 -0.304649 0.99465 -0.0315682 0.0983594 -0.103301 -0.303009 0.947372 0.736557 0.0785093 0.123017\n-0.345888 -0.325516 -0.246673 0.00413144 -0.949299 -0.314348 0.998229 -0.0147399 0.0576326 -0.059344 -0.31403 0.947557 0.747418 0.0753492 0.117375\nC 14\n0 1\n0 7\n0 6\n0 3\n0 2\n1 3\n1 5\n1 6\n2 7\n2 3\n3 6\n3 7\n3 4\n3 5\nS 2\n2\n4 -0.307731 -0.409055 0.54933\n5 0.306645 -0.409055 0.54933\n2\n-0.00054325 -0.409055 0.54933\n1 0 0\n2\n6 0.342089 -0.329325 -0.250257\n7 -0.345888 -0.325516 -0.246673\n2\n-0.00189919 -0.32742 -0.248465\n-0.999971 0.00553637 0.0052091\nL 8\n0\n3\n3\n1\n2\n2\n2\n2"
}