{
    "boxes": [
        [
            -0.003012849949300289,
            -0.037060000002384186,
            0.1678590029478073,
            0.07737600058317184,
            0.8113340139389038,
            0.827003002166748,
            2.6565799761177807e-19,
            1.0,
            2.2204500197172533e-16,
            -0.05233599990606308,
            -2.2172600142285548e-16,
            0.9986299872398376
        ],
        [
            0.018155500292778015,
            -0.37848100066185,
            0.19019700586795807,
            0.6054660081863403,
            0.24948599934577942,
            0.23183099925518036,
            0.0,
            1.0,
            0.0,
            0.0,
            0.0,
            1.0
        ],
        [
            -0.118709996342659,
            -0.658968985080719,
            -0.12031900137662888,
            0.0444910004734993,
            0.46469199657440186,
            0.12735499441623688,
            -3.5089300693008933e-16,
            1.0,
            2.2204500197172533e-16,
            0.40673699975013733,
            -6.012689845864253e-17,
            0.9135450124740601
        ],
        [
            -0.00891099963337183,
            0.5407789945602417,
            -0.2745389938354492,
            0.8145130276679993,
            0.09672000259160995,
            0.7737579941749573,
            0.0,
            1.0,
            0.0,
            0.0,
            0.0,
            1.0
        ],
        [
            0.005621499847620726,
            0.21751199662685394,
            -0.1450279951095581,
            0.7114670276641846,
            0.487419992685318,
            0.2907809913158417,
            0.0,
            1.0,
            0.0,
            0.0,
            0.0,
            1.0
        ]
    ],
    "ops": [
        [
            0,
            0,
            0,
            2,
            1,
            1,
            0,
            0,
            1,
            1
        ]
    ],
    "syms": [
        [
            -1.0,
            2.159680071050412e-17,
            1.0,
            -1.8514300577296687e-16,
            0.017865300178527832,
            -0.6589679718017578,
            0.19277900457382202,
            0.1666666716337204
        ]
    ],
    "labels:": [
        [
            1,
            2,
            2,
            0,
            0
        ]
    ],
    "obj": 42268,
    "mat_index": 4662,
    "obbs": "N 10\n-0.008911 0.540779 -0.274539 1 0 0 0 1 0 0 0 1 0.773758 0.814513 0.09672\n0.0181555 -0.378481 0.190197 1 0 0 0 1 0 0 0 1 0.231831 0.605466 0.249486\n-0.00301285 -0.03706 0.167859 0.052336 2.21726e-16 -0.99863 2.65658e-19 1 2.22045e-16 0.99863 -1.18862e-17 0.052336 0.811334 0.077376 0.827003\n0.0056215 0.217512 -0.145028 1 0 0 0 1 0 0 0 1 0.290781 0.711467 0.48742\n-0.11871 -0.658969 -0.120319 -0.406737 6.01269e-17 -0.913545 -3.50893e-16 1 2.22045e-16 0.913545 4.1087e-16 -0.406737 0.464692 0.044491 0.127355\n0.223951 -0.658969 -0.0815801 -0.809017 6.26308e-16 -0.587785 4.51509e-16 1 4.44089e-16 0.587785 9.38852e-17 -0.809017 0.134625 0.044491 0.466583\n0.356965 -0.658969 0.231783 -0.994522 0 -0.104528 0 1 0 0.104528 0 -0.994522 0.466173 0.044491 0.133013\n0.149882 -0.658968 0.504634 0.913545 3.95535e-16 -0.406737 -3.34106e-16 1 2.22045e-16 0.406737 -6.69547e-17 0.913545 0.136236 0.044491 0.466988\n-0.184907 -0.658968 0.463056 -0.809017 6.2367e-16 -0.587785 4.48249e-16 1 4.44089e-16 0.587785 9.58018e-17 -0.809017 0.128974 0.044491 0.465122\n-0.319989 -0.658969 0.159099 -0.994522 0 -0.104528 0 1 0 0.104528 0 -0.994522 0.466174 0.044491 0.133012\nC 26\n0 3\n0 2\n1 3\n1 6\n1 2\n1 5\n1 4\n1 9\n1 8\n1 7\n2 3\n4 7\n4 8\n4 9\n4 5\n4 6\n5 9\n5 6\n5 8\n5 7\n6 9\n6 7\n6 8\n7 9\n7 8\n8 9\nS 1\n6\n7 0.149882 -0.658968 0.504634\n8 -0.184907 -0.658968 0.463056\n9 -0.319989 -0.658969 0.159099\n4 -0.11871 -0.658969 -0.120319\n5 0.223951 -0.658969 -0.0815801\n6 0.356965 -0.658969 0.231783\n3\n0.0178653 -0.658968 0.192779\n-2.15968e-17 -1 1.85143e-16\nL 10\n0\n2\n1\n0\n2\n2\n2\n2\n2\n2"
}