{
    "boxes": [
        [
            0.011800000444054604,
            -0.17628200352191925,
            0.1226859986782074,
            0.2455810010433197,
            0.8432009816169739,
            0.7736480236053467,
            0.0,
            1.0,
            0.0,
            0.0,
            0.0,
            1.0
        ],
        [
            -0.427606999874115,
            -0.03354649990797043,
            -0.22888599336147308,
            0.45168301463127136,
            0.14222100377082825,
            0.1071690022945404,
            0.0,
            1.0,
            0.0,
            0.0,
            0.0,
            1.0
        ],
        [
            -0.4262680113315582,
            -0.025088999420404434,
            0.4727480113506317,
            0.4315899908542633,
            0.1422239989042282,
            0.1071690022945404,
            0.0,
            1.0,
            0.0,
            0.0,
            0.0,
            1.0
        ],
        [
            -0.42111000418663025,
            0.23349200189113617,
            0.07676199823617935,
            0.1054069995880127,
            0.9815419912338257,
            0.14037500321865082,
            0.0,
            1.0,
            0.0,
            0.0,
            0.0,
            1.0
        ],
        [
            -0.427606999874115,
            -0.4390929937362671,
            -0.22878900170326233,
            0.5640980005264282,
            0.1420239955186844,
            0.1071690022945404,
            0.0,
            1.0,
            0.0,
            0.0,
            0.0,
            1.0
        ],
        [
            -0.4262680113315582,
            -0.44894298911094666,
            0.4727489948272705,
            0.547573983669281,
            0.1422249972820282,
            0.1071690022945404,
            0.0,
            1.0,
            0.0,
            0.0,
            0.0,
            1.0
        ],
        [
            0.021124999970197678,
            0.7265660166740417,
            -0.4303640127182007,
            0.10531900078058243,
            0.14032399654388428,
            0.7011020183563232,
            -0.0,
            0.9655609726905823,
            -0.26017799973487854,
            0.0,
            0.26017799973487854,
            0.9655609726905823
        ],
        [
            0.30074599385261536,
            0.32370901107788086,
            -0.33605799078941345,
            0.7723349928855896,
            0.10530800372362137,
            0.14662900567054749,
            0.012215499766170979,
            0.9773200154304504,
            -0.21141499280929565,
            0.015138999558985233,
            0.2112250030040741,
            0.9773200154304504
        ]
    ],
    "ops": [
        [
            0,
            0,
            0,
            0,
            1,
            1,
            2,
            1,
            0,
            0,
            1,
            2,
            1,
            0,
            0,
            2,
            1,
            1
        ]
    ],
    "syms": [
        [
            0.0,
            0.9999759793281555,
            -0.0068641300313174725,
            -6.265489901124965e-06,
            0.011295200325548649,
            -0.036559298634529114,
            -0.22888900339603424,
            0.0
        ],
        [
            0.0,
            0.9998940229415894,
            -0.01453080028295517,
            -4.556350177153945e-06,
            0.011295200325548649,
            -0.44547098875045776,
            -0.2287909984588623,
            0.0
        ],
        [
            1.0,
            0.3352625072002411,
            0.24663574993610382,
            -0.24490949511528015,
            -0.26007598638534546,
            0.32756298780441284,
            -0.3289240002632141,
            0.20000000298023224
        ]
    ],
    "labels:": [
        [
            1,
            3,
            3,
            3,
            2,
            2,
            0,
            0
        ]
    ],
    "obj": 42297,
    "mat_index": 4679,
    "obbs": "N 17\n0.0118 -0.176282 0.122686 1 0 0 0 1 0 0 0 1 0.773648 0.245581 0.843201\n0.300746 0.323709 -0.336058 0.999811 -0.015139 -0.0122155 0.015139 0.211225 0.97732 -0.0122155 -0.97732 0.211415 0.146629 0.105308 0.772335\n0.160541 0.324672 -0.334275 0.999811 -0.0151388 -0.0122152 0.0151388 0.211225 0.97732 -0.0122152 -0.97732 0.211415 0.146629 0.105309 0.772336\n0.020335 0.325636 -0.332491 0.999811 -0.0151402 -0.0122164 0.0151402 0.211225 0.97732 -0.0122164 -0.97732 0.211415 0.14663 0.105309 0.772335\n-0.119871 0.326599 -0.330708 0.999811 -0.0151385 -0.012215 0.0151385 0.211225 0.97732 -0.012215 -0.97732 0.211415 0.146628 0.105309 0.772336\n-0.260076 0.327563 -0.328924 0.999811 -0.0151386 -0.0122151 0.0151386 0.211225 0.97732 -0.0122151 -0.97732 0.211415 0.146628 0.105308 0.772335\n0.021125 0.726566 -0.430364 1 0 -0 -0 0.965561 -0.260178 0 0.260178 0.965561 0.701102 0.105319 0.140324\n0.445748 -0.0213455 0.474284 1 0 0 0 1 0 0 0 1 0.107169 0.436613 0.142225\n0.450197 -0.039572 -0.228892 1 0 0 0 1 0 0 0 1 0.10717 0.466754 0.142224\n-0.426268 -0.025089 0.472748 1 0 0 0 1 0 0 0 1 0.107169 0.43159 0.142224\n-0.427607 -0.0335465 -0.228886 1 0 0 0 1 0 0 0 1 0.107169 0.451683 0.142221\n0.451385 0.243377 0.086203 1 0 0 0 1 0 0 0 1 0.140374 0.105407 0.981542\n-0.42111 0.233492 0.076762 1 0 0 0 1 0 0 0 1 0.140375 0.105407 0.981542\n0.450197 -0.45185 -0.228793 1 0 0 0 1 0 0 0 1 0.10717 0.535563 0.142024\n-0.427607 -0.439093 -0.228789 1 0 0 0 1 0 0 0 1 0.107169 0.564098 0.142024\n0.445748 -0.427938 0.47449 1 0 0 0 1 0 0 0 1 0.107169 0.577075 0.141815\n-0.426268 -0.448943 0.472749 1 0 0 0 1 0 0 0 1 0.107169 0.547574 0.142225\nC 47\n0 14\n0 2\n0 7\n0 16\n0 10\n0 3\n0 15\n0 11\n0 4\n0 12\n0 5\n0 8\n0 1\n0 13\n0 9\n1 3\n1 6\n1 11\n1 2\n1 13\n1 8\n2 8\n2 13\n2 6\n2 3\n2 11\n2 4\n3 6\n3 5\n3 4\n4 12\n4 10\n4 5\n4 14\n4 6\n5 6\n5 12\n5 10\n5 14\n7 11\n7 15\n8 13\n8 11\n9 16\n9 12\n10 12\n10 14\nS 6\n5\n1 0.300746 0.323709 -0.336058\n2 0.160541 0.324672 -0.334275\n3 0.020335 0.325636 -0.332491\n4 -0.119871 0.326599 -0.330708\n5 -0.260076 0.327563 -0.328924\n1\n0 0 0\n0 0 0\n2\n7 0.445748 -0.0213455 0.474284\n9 -0.426268 -0.025089 0.472748\n2\n0.0097405 -0.0232173 0.473516\n-0.999989 -0.00429288 -0.00176199\n2\n8 0.450197 -0.039572 -0.228892\n10 -0.427607 -0.0335465 -0.228886\n2\n0.0112952 -0.0365593 -0.228889\n-0.999976 0.00686413 6.26549e-06\n2\n11 0.451385 0.243377 0.086203\n12 -0.42111 0.233492 0.076762\n2\n0.0151373 0.238435 0.0814825\n-0.999877 -0.0113282 -0.0108194\n2\n13 0.450197 -0.45185 -0.228793\n14 -0.427607 -0.439093 -0.228789\n2\n0.0112952 -0.445471 -0.228791\n-0.999894 0.0145308 4.55635e-06\n2\n15 0.445748 -0.427938 0.47449\n16 -0.426268 -0.448943 0.472749\n2\n0.0097405 -0.438441 0.473619\n-0.999708 -0.0240803 -0.00199594\nL 17\n1\n0\n0\n0\n0\n0\n0\n3\n3\n3\n3\n3\n3\n2\n2\n2\n2"
}