{
    "boxes": [
        [
            -0.001509330002591014,
            -0.10481899976730347,
            0.1678519994020462,
            0.15747199952602386,
            0.7222999930381775,
            0.8306419849395752,
            -0.015499300323426723,
            0.9997109770774841,
            -0.018372299149632454,
            0.05218749865889549,
            0.019158300012350082,
            0.9984539747238159
        ],
        [
            0.4180999994277954,
            0.10744400322437286,
            0.13550600409507751,
            0.3823620080947876,
            0.6460689902305603,
            0.12754100561141968,
            0.3003000020980835,
            0.9535279870033264,
            0.024589400738477707,
            0.012053599581122398,
            -0.029570799320936203,
            0.9994900226593018
        ],
        [
            -0.27265599370002747,
            -0.4851279854774475,
            -0.18071599304676056,
            0.7073789834976196,
            0.09482719749212265,
            0.09763409942388535,
            0.2188050001859665,
            0.920868992805481,
            0.32268500328063965,
            0.28869500756263733,
            -0.3769870102405548,
            0.8800770044326782
        ],
        [
            0.26469099521636963,
            -0.4917390048503876,
            -0.19381499290466309,
            0.6850259900093079,
            0.08443780243396759,
            0.0767367035150528,
            -0.21626600623130798,
            0.9166579842567444,
            0.33610600233078003,
            0.38394200801849365,
            -0.23666900396347046,
            0.8925110101699829
        ],
        [
            0.3007810115814209,
            -0.4752329885959625,
            0.3885430097579956,
            0.6923059821128845,
            0.08476279675960541,
            0.12482599914073944,
            -0.17898499965667725,
            0.9778069853782654,
            -0.1088929995894432,
            -0.6288430094718933,
            -0.028577199205756187,
            0.777006983757019
        ],
        [
            -0.010275499895215034,
            0.19187699258327484,
            -0.22634099423885345,
            0.7178959846496582,
            0.2509259879589081,
            1.0644899606704712,
            0.014387999661266804,
            0.9723880290985107,
            -0.23292499780654907,
            0.0182390995323658,
            0.23265600204467773,
            0.9723880290985107
        ]
    ],
    "ops": [
        [
            0,
            0,
            2,
            1,
            0,
            2,
            0,
            0,
            1,
            1,
            1,
            0,
            1
        ]
    ],
    "syms": [
        [
            0.0,
            0.9998739957809448,
            0.005459620151668787,
            -0.014908299781382084,
            -0.013482400216162205,
            0.10508699715137482,
            0.14194099605083466,
            0.0
        ],
        [
            0.0,
            -0.08653590083122253,
            0.007187330164015293,
            0.996222972869873,
            -0.29790401458740234,
            -0.4830310046672821,
            0.10994800180196762,
            0.0
        ]
    ],
    "labels:": [
        [
            1,
            3,
            2,
            2,
            2,
            0
        ]
    ],
    "obj": 423,
    "mat_index": 4681,
    "obbs": "N 8\n-0.0102755 0.191877 -0.226341 0.99973 -0.0182391 -0.014388 0.0182391 0.232656 0.972388 -0.014388 -0.972388 0.232925 1.06449 0.250926 0.717896\n0.4181 0.107444 0.135506 -0.3003 -0.953528 -0.0245894 0.953769 -0.29985 -0.0203735 0.0120536 -0.0295708 0.99949 0.382362 0.127541 0.646069\n-0.445065 0.102731 0.148376 0.299399 -0.95387 -0.0221816 0.95387 0.298697 0.0302004 -0.0221816 -0.0302004 0.999298 0.384969 0.111535 0.672281\n-0.00150933 -0.104819 0.167852 0.998517 0.0145165 -0.0524693 -0.0154993 0.999711 -0.0183723 0.0521875 0.0191583 0.998454 0.830642 0.157472 0.7223\n-0.272656 -0.485128 -0.180716 0.932084 -0.0994077 -0.348336 0.288695 -0.376987 0.880077 -0.218805 -0.920869 -0.322685 0.0976341 0.0948272 0.707379\n0.264691 -0.491739 -0.193815 0.216266 -0.916658 -0.336106 0.897673 0.322065 -0.300761 0.383942 -0.236669 0.892511 0.685026 0.0767367 0.0844378\n0.300781 -0.475233 0.388543 -0.178985 0.977807 -0.108893 -0.628843 -0.0285772 0.777007 0.756651 0.207549 0.620002 0.692306 0.0847628 0.124826\n-0.323152 -0.480934 0.400612 0.28692 -0.190234 -0.938876 0.93292 -0.167108 0.318959 -0.21757 -0.967412 0.129526 0.0957219 0.073252 0.679412\nC 15\n0 1\n0 5\n0 4\n0 3\n0 2\n1 3\n1 5\n1 6\n2 7\n2 4\n2 3\n3 6\n3 7\n3 4\n3 5\nS 2\n2\n1 0.4181 0.107444 0.135506\n2 -0.445065 0.102731 0.148376\n2\n-0.0134824 0.105087 0.141941\n-0.999874 -0.00545962 0.0149083\n2\n4 -0.272656 -0.485128 -0.180716\n7 -0.323152 -0.480934 0.400612\n2\n-0.297904 -0.483031 0.109948\n-0.0865359 0.00718733 0.996223\nL 8\n0\n3\n3\n1\n2\n2\n2\n2"
}