{
    "boxes": [
        [
            -0.4452120065689087,
            -0.20923399925231934,
            0.6013010144233704,
            0.5656149983406067,
            0.15657900273799896,
            0.1502159982919693,
            0.0,
            1.0,
            0.0,
            0.0,
            0.0,
            1.0
        ],
        [
            -0.4574680030345917,
            -0.2605539858341217,
            0.18171000480651855,
            0.22957099974155426,
            0.8255550265312195,
            0.0922916978597641,
            -0.041633401066064835,
            0.9948449730873108,
            -0.09247150272130966,
            -0.01654979959130287,
            0.09185239672660828,
            0.9956349730491638
        ],
        [
            -0.45278701186180115,
            -0.0886261984705925,
            0.17841200530529022,
            0.09912639856338501,
            0.8142279982566833,
            0.06261269748210907,
            -0.006025109905749559,
            0.9935489892959595,
            -0.1132420003414154,
            0.008185000158846378,
            0.11328999698162079,
            0.9935280084609985
        ],
        [
            -0.43342000246047974,
            -0.17598499357700348,
            -0.26194098591804504,
            0.6305860280990601,
            0.13812899589538574,
            0.20359499752521515,
            -0.09485969692468643,
            0.9954869747161865,
            -0.002730129985138774,
            0.062390901148319244,
            0.008682279847562313,
            0.998013973236084
        ],
        [
            -0.020563500002026558,
            -0.1344829946756363,
            -0.28099098801612854,
            0.10612300038337708,
            0.05222500115633011,
            0.7421910166740417,
            0.0,
            1.0,
            0.0,
            0.0,
            0.0,
            1.0
        ],
        [
            -0.006945000030100346,
            -0.3090980052947998,
            -0.28053998947143555,
            0.21013499796390533,
            0.0628810003399849,
            0.7474780082702637,
            0.0,
            1.0,
            0.0,
            0.0,
            0.0,
            1.0
        ],
        [
            -0.4802420139312744,
            0.1764719933271408,
            0.06561660021543503,
            0.11602400243282318,
            1.320889949798584,
            0.16064800322055817,
            0.0,
            0.9905089735984802,
            -0.13744500279426575,
            0.0,
            0.13744500279426575,
            0.9905089735984802
        ],
        [
            -0.4595710039138794,
            0.21562400460243225,
            0.1762309968471527,
            0.018681300804018974,
            0.9687340259552002,
            0.05351400002837181,
            8.323700128439403e-17,
            0.995294988155365,
            -0.09689469635486603,
            4.042119806455714e-18,
            0.09689469635486603,
            0.995294988155365
        ],
        [
            -0.4813559949398041,
            0.11185800284147263,
            0.6321489810943604,
            0.21539700031280518,
            0.09488499909639359,
            0.13845400512218475,
            0.0,
            1.0,
            0.0,
            0.0,
            0.0,
            1.0
        ],
        [
            -0.3605470061302185,
            0.3294309973716736,
            -0.45537498593330383,
            0.8873469829559326,
            0.04788240045309067,
            0.1013989970088005,
            0.02149680070579052,
            0.9050920009613037,
            -0.4246729910373688,
            -0.048561301082372665,
            0.4252150058746338,
            0.9037889838218689
        ],
        [
            -0.021208899095654488,
            0.614408016204834,
            -0.6035370230674744,
            0.1694830060005188,
            0.0777679979801178,
            0.6362680196762085,
            -0.012792300432920456,
            0.9069929718971252,
            -0.4209499955177307,
            -0.020037200301885605,
            0.42066800594329834,
            0.9069929718971252
        ]
    ],
    "ops": [
        [
            0,
            0,
            0,
            1,
            1,
            2,
            0,
            2,
            0,
            0,
            2,
            1,
            1,
            1,
            0,
            0,
            0,
            1,
            1,
            2,
            1,
            0,
            2,
            0,
            2,
            1,
            1
        ]
    ],
    "syms": [
        [
            0.0,
            0.9998840093612671,
            0.004694350063800812,
            0.014482500031590462,
            -0.022146299481391907,
            -0.2072480022907257,
            0.607429027557373,
            0.0
        ],
        [
            0.0,
            0.9996839761734009,
            -0.0025954600423574448,
            0.025022899731993675,
            -0.01600709930062294,
            -0.17706899344921112,
            -0.25149300694465637,
            0.0
        ],
        [
            0.0,
            -0.024108299985527992,
            0.12513600289821625,
            0.9918469786643982,
            -0.01805179938673973,
            -0.25144699215888977,
            0.17640599608421326,
            0.0
        ],
        [
            0.0,
            1.0,
            1.2102099700926064e-16,
            -1.5127599810739203e-17,
            -0.021550800651311874,
            0.1764719933271408,
            0.06561660021543503,
            0.0
        ],
        [
            0.0,
            0.9999939799308777,
            -0.0019474499858915806,
            -0.0027278598863631487,
            -0.02502479963004589,
            0.3287769854068756,
            -0.45629000663757324,
            0.0
        ],
        [
            1.0,
            -0.014682366512715816,
            0.16868636012077332,
            -0.13160300254821777,
            -0.021751999855041504,
            0.03611629828810692,
            -0.33278200030326843,
            0.25
        ]
    ],
    "labels:": [
        [
            2,
            2,
            2,
            2,
            2,
            2,
            3,
            3,
            3,
            0,
            0
        ]
    ],
    "obj": 42307,
    "mat_index": 4685,
    "obbs": "N 23\n-0.459571 0.215624 0.176231 1 -8.3237e-17 4.04212e-18 8.3237e-17 0.995295 -0.0968947 4.04212e-18 0.0968947 0.995295 0.053514 0.0186813 0.968734\n0.415072 0.21559 0.176536 1 0 -0 -0 0.99541 -0.0956981 0 0.0956981 0.99541 0.0546 0.0199122 0.970411\n0.310498 0.328124 -0.457206 0.99902 0.0245652 -0.0368128 0.022726 0.429012 0.903013 0.0379758 -0.902965 0.428033 0.127807 0.0492243 0.887537\n-0.360547 0.329431 -0.455375 -0.998589 -0.00119407 -0.0530932 -0.0485613 0.425215 0.903789 0.0214968 0.905092 -0.424673 0.101399 0.0478824 0.887347\n-0.0212089 0.614408 -0.603537 -0.0127923 0.906993 -0.42095 -0.0200372 0.420668 0.906993 0.999717 0.0200372 0.0127923 0.169483 0.077768 0.636268\n-0.0212496 0.414233 -0.511685 -7.79194e-05 0.893339 -0.449383 -0.000126419 0.449383 0.893339 1 0.000126419 7.79194e-05 0.122791 0.0731203 0.630788\n-0.0229741 0.226527 -0.422273 0.999982 0.00502554 0.00322264 -0.00502554 0.417217 0.908793 0.00322264 -0.908793 0.417235 0.627447 0.0727744 0.122532\n-0.021752 0.0361163 -0.332782 0.999997 0.00210198 0.00129511 -0.00210198 0.449669 0.893193 0.00129511 -0.893193 0.449672 0.620768 0.0726164 0.122849\n-0.0291585 -0.193797 0.633352 1 0 0 0 1 0 0 0 1 0.791293 0.256867 0.081431\n0.410658 -0.265207 0.182333 0.0175568 -0.143873 -0.98944 0.999299 0.0352458 0.0126067 0.0330598 -0.988968 0.144391 0.819294 0.0790726 0.204201\n0.413371 -0.0920008 0.191623 -0.00697291 -0.153563 -0.988114 0.998069 -0.06206 0.00260159 -0.0617219 -0.986188 0.153699 0.791113 0.0568979 0.118785\n-0.006945 -0.309098 -0.28054 1 0 0 0 1 0 0 0 1 0.747478 0.210135 0.062881\n-0.0205635 -0.134483 -0.280991 1 0 0 0 1 0 0 0 1 0.742191 0.106123 0.052225\n-0.452787 -0.0886262 0.178412 -0.00602511 0.993549 -0.113242 0.999948 0.00505923 -0.00881478 -0.008185 -0.11329 -0.993528 0.0991264 0.0626127 0.814228\n-0.457468 -0.260554 0.18171 -0.0416334 0.994845 -0.0924715 0.998996 0.0429821 0.0126404 0.0165498 -0.0918524 -0.995635 0.229571 0.0922917 0.825555\n-0.481356 0.111858 0.632149 1 0 0 0 1 0 0 0 1 0.138454 0.215397 0.094885\n0.436743 0.123449 0.632148 1 0 0 0 1 0 0 0 1 0.138223 0.192654 0.094886\n-0.480242 0.176472 0.0656166 1 0 0 0 0.990509 -0.137445 0 0.137445 0.990509 0.160648 0.116024 1.32089\n0.43714 0.176472 0.0656166 1 0 0 0 0.990509 -0.137445 0 0.137445 0.990509 0.160649 0.116024 1.32089\n-0.445212 -0.209234 0.601301 1 0 0 0 1 0 0 0 1 0.150216 0.565615 0.156579\n0.400919 -0.205262 0.613557 1 0 0 0 1 0 0 0 1 0.151291 0.57356 0.132068\n0.401405 -0.178153 -0.241044 0.0753448 0.997105 -0.0102459 -0.0826658 0.0164856 0.996441 0.993725 -0.0742297 0.0836686 0.627987 0.18392 0.163524\n-0.43342 -0.175985 -0.261941 0.993534 0.094501 -0.0629329 0.0623909 0.00868228 0.998014 0.0948597 -0.995487 0.00273013 0.203595 0.138129 0.630586\nC 104\n0 7\n0 17\n0 15\n0 22\n0 12\n0 19\n0 6\n0 3\n0 13\n1 6\n1 12\n1 21\n1 16\n1 10\n1 20\n1 18\n1 7\n1 2\n2 5\n2 6\n2 11\n2 18\n2 12\n2 7\n2 4\n2 9\n2 10\n2 21\n3 7\n3 12\n3 11\n3 17\n3 6\n3 5\n3 22\n3 4\n3 14\n3 13\n4 5\n5 18\n5 17\n5 6\n6 7\n6 17\n6 18\n6 21\n6 22\n7 12\n7 22\n7 21\n7 18\n7 17\n7 11\n7 14\n7 13\n7 10\n7 9\n8 15\n8 9\n8 13\n8 19\n8 10\n8 16\n8 14\n8 20\n9 21\n9 16\n9 20\n9 11\n9 12\n9 10\n10 18\n10 20\n10 16\n10 11\n10 21\n10 12\n11 22\n11 21\n11 14\n11 13\n11 12\n12 17\n12 22\n12 13\n12 18\n12 14\n12 21\n13 17\n13 19\n13 22\n13 15\n13 14\n14 15\n14 22\n14 19\n15 19\n15 17\n16 20\n16 18\n17 22\n17 19\n18 20\n18 21\nS 10\n2\n0 -0.459571 0.215624 0.176231\n1 0.415072 0.21559 0.176536\n2\n-0.0222495 0.215607 0.176383\n1 -3.96403e-05 0.000348399\n2\n2 0.310498 0.328124 -0.457206\n3 -0.360547 0.329431 -0.455375\n2\n-0.0250248 0.328777 -0.45629\n-0.999994 0.00194745 0.00272786\n4\n4 -0.0212089 0.614408 -0.603537\n5 -0.0212496 0.414233 -0.511685\n6 -0.0229741 0.226527 -0.422273\n7 -0.021752 0.0361163 -0.332782\n1\n0 0 0\n0 0 0\n2\n9 0.410658 -0.265207 0.182333\n14 -0.457468 -0.260554 0.18171\n2\n-0.0234048 -0.26288 0.182022\n-0.999985 0.00535911 -0.000717629\n2\n10 0.413371 -0.0920008 0.191623\n13 -0.452787 -0.0886262 0.178412\n2\n-0.0197082 -0.0903135 0.185017\n-0.999876 0.00389555 -0.0152494\n2\n8 -0.0291585 -0.193797 0.633352\n11 -0.006945 -0.309098 -0.28054\n2\n-0.0180518 -0.251447 0.176406\n0.0241083 -0.125136 -0.991847\n2\n15 -0.481356 0.111858 0.632149\n16 0.436743 0.123449 0.632148\n2\n-0.0223067 0.117654 0.632148\n0.99992 0.0126235 -5.4456e-07\n2\n17 -0.480242 0.176472 0.0656166\n18 0.43714 0.176472 0.0656166\n2\n-0.0215508 0.176472 0.0656166\n1 1.21021e-16 -1.51276e-17\n2\n19 -0.445212 -0.209234 0.601301\n20 0.400919 -0.205262 0.613557\n2\n-0.0221463 -0.207248 0.607429\n0.999884 0.00469435 0.0144825\n2\n21 0.401405 -0.178153 -0.241044\n22 -0.43342 -0.175985 -0.261941\n2\n-0.0160071 -0.177069 -0.251493\n-0.999684 0.00259546 -0.0250229\nL 23\n3\n3\n0\n0\n0\n0\n0\n0\n2\n2\n2\n2\n2\n2\n2\n3\n3\n3\n3\n2\n2\n2\n2"
}