{
    "boxes": [
        [
            0.004891000222414732,
            -0.22504299879074097,
            0.18586699664592743,
            0.3874579966068268,
            1.0118000507354736,
            1.1318800449371338,
            0.0,
            1.0,
            0.0,
            0.0,
            0.0,
            1.0
        ],
        [
            -0.6152769923210144,
            0.0002685000072233379,
            0.11294399946928024,
            0.8325989842414856,
            1.1576499938964844,
            0.10845799744129181,
            0.0,
            1.0,
            0.0,
            0.0,
            0.0,
            1.0
        ],
        [
            0.004891000222414732,
            -0.5889700055122375,
            0.08647400140762329,
            0.3403950035572052,
            0.10036599636077881,
            0.10036599636077881,
            0.0,
            1.0,
            0.0,
            0.0,
            0.0,
            1.0
        ],
        [
            -0.1546510010957718,
            -0.7440710067749023,
            -0.13311700522899628,
            0.05775190144777298,
            0.5463550090789795,
            0.0363834984600544,
            -0.030756499618291855,
            0.9986299872398376,
            -0.04234309867024422,
            0.5869789719581604,
            0.0523344986140728,
            0.8079090118408203
        ],
        [
            0.004891000222414732,
            0.14203399419784546,
            -0.3136439919471741,
            1.1216100454330444,
            0.28086599707603455,
            1.1318800449371338,
            0.0,
            1.0,
            0.0,
            0.0,
            0.0,
            1.0
        ]
    ],
    "ops": [
        [
            0,
            0,
            2,
            1,
            0,
            0,
            2,
            1,
            1,
            0,
            1
        ]
    ],
    "syms": [
        [
            0.0,
            1.0,
            -0.0,
            -0.0,
            0.004891000222414732,
            0.0002685000072233379,
            0.11294399946928024,
            0.0
        ],
        [
            -1.0,
            5.684349844159442e-07,
            1.0,
            2.0003299141535535e-06,
            0.004890750162303448,
            -0.7440710067749023,
            0.08647409826517105,
            0.20000000298023224
        ]
    ],
    "labels:": [
        [
            1,
            3,
            2,
            2,
            0
        ]
    ],
    "obj": 42337,
    "mat_index": 4707,
    "obbs": "N 10\n0.004891 0.142034 -0.313644 1 0 0 0 1 0 0 0 1 1.13188 1.12161 0.280866\n0.625059 0.0002685 0.112944 1 0 0 0 1 0 0 0 1 0.108458 0.832599 1.15765\n-0.615277 0.0002685 0.112944 1 0 0 0 1 0 0 0 1 0.108458 0.832599 1.15765\n0.004891 -0.58897 0.086474 1 0 0 0 1 0 0 0 1 0.100366 0.340395 0.100366\n0.004891 -0.225043 0.185867 1 0 0 0 1 0 0 0 1 1.13188 0.387458 1.0118\n0.164433 -0.744072 -0.133117 0.0307638 0.99863 -0.0423402 0.809017 -1.54496e-06 0.587785 0.586979 -0.0523365 -0.807909 0.0577518 0.036383 0.546356\n0.263035 -0.744071 0.17035 0.0497698 0.99863 0.0161821 -0.309018 -1.02815e-05 0.951056 0.949753 -0.0523345 0.308594 0.057752 0.0363833 0.546355\n-0.154651 -0.744071 -0.133117 -0.586979 -0.0523345 -0.807909 0.809018 -6.08041e-06 -0.587784 0.0307565 -0.99863 0.0423431 0.546355 0.0363835 0.0577519\n-0.253253 -0.744071 0.17035 0.949753 0.0523352 -0.308595 0.309018 9.09396e-06 0.951056 0.0497766 -0.99863 -0.0161639 0.546356 0.0363831 0.057752\n0.0048905 -0.744072 0.357903 2.2174e-16 -0.99863 -0.052336 1 2.22045e-16 0 1.16209e-17 -0.052336 0.99863 0.0577517 0.036383 0.546354\nC 21\n0 1\n0 2\n0 4\n0 3\n1 4\n2 4\n3 8\n3 9\n3 6\n3 7\n3 5\n5 9\n5 6\n5 7\n5 8\n6 9\n6 7\n6 8\n7 9\n7 8\n8 9\nS 2\n2\n1 0.625059 0.0002685 0.112944\n2 -0.615277 0.0002685 0.112944\n2\n0.004891 0.0002685 0.112944\n-1 0 0\n5\n9 0.0048905 -0.744072 0.357903\n6 0.263035 -0.744071 0.17035\n5 0.164433 -0.744072 -0.133117\n7 -0.154651 -0.744071 -0.133117\n8 -0.253253 -0.744071 0.17035\n3\n0.00489075 -0.744071 0.0864741\n5.68435e-07 1 2.00033e-06\nL 10\n0\n3\n3\n2\n1\n2\n2\n2\n2\n2"
}