{
    "boxes": [
        [
            0.012034500017762184,
            -0.17675000429153442,
            0.25551098585128784,
            0.481563001871109,
            0.8614720106124878,
            1.3321900367736816,
            0.0,
            1.0,
            0.0,
            0.0,
            0.0,
            1.0
        ],
        [
            -0.46935299038887024,
            -0.5633479952812195,
            0.5465660095214844,
            0.31553998589515686,
            0.18029999732971191,
            0.19788900017738342,
            0.0,
            1.0,
            0.0,
            0.0,
            0.0,
            1.0
        ],
        [
            -0.40702301263809204,
            -0.5372179746627808,
            -0.24828200042247772,
            0.40281400084495544,
            0.15336400270462036,
            0.20231600105762482,
            0.4695949852466583,
            0.8424869775772095,
            0.2640010118484497,
            0.445811003446579,
            -0.4843730032444,
            0.7527520060539246
        ],
        [
            0.38750898838043213,
            -0.5463209748268127,
            -0.2893170118331909,
            0.38044100999832153,
            0.13316699862480164,
            0.2346539944410324,
            -0.06636430323123932,
            0.8669459819793701,
            0.4939649999141693,
            -0.48026901483535767,
            -0.4616900086402893,
            0.7457770109176636
        ],
        [
            0.027305299416184425,
            0.3380509912967682,
            -0.22676800191402435,
            1.015030026435852,
            0.3778989911079407,
            1.3293999433517456,
            -0.04964720085263252,
            0.8575649857521057,
            -0.5119739770889282,
            0.004743149969726801,
            0.512802004814148,
            0.858493983745575
        ],
        [
            0.024651899933815002,
            0.15848299860954285,
            -0.19833700358867645,
            1.2952699661254883,
            0.7636550068855286,
            1.3748300075531006,
            -0.04099389910697937,
            0.9441230297088623,
            -0.32703500986099243,
            0.015952400863170624,
            0.32788699865341187,
            0.9445819854736328
        ]
    ],
    "ops": [
        [
            0,
            0,
            2,
            0,
            0,
            1,
            1,
            1,
            0,
            0,
            1,
            1
        ]
    ],
    "syms": [
        [
            0.0,
            1.0,
            -0.000630619004368782,
            0.0006491519743576646,
            0.016279999166727066,
            -0.5636540055274963,
            0.5468810200691223,
            0.0
        ]
    ],
    "labels:": [
        [
            1,
            2,
            2,
            2,
            0,
            0
        ]
    ],
    "obj": 42390,
    "mat_index": 4738,
    "obbs": "N 7\n0.0273053 0.338051 -0.226768 0.998756 0.0401934 -0.0295268 0.00474315 0.512802 0.858494 0.0496472 -0.857565 0.511974 1.3294 0.377899 1.01503\n0.0120345 -0.17675 0.255511 1 0 0 0 1 0 0 0 1 1.33219 0.481563 0.861472\n0.0246519 0.158483 -0.198337 -0.0409939 0.944123 -0.327035 0.0159524 0.327887 0.944582 0.999032 0.0335051 -0.0285024 1.29527 0.763655 1.37483\n-0.407023 -0.537218 -0.248282 0.762058 -0.235794 -0.603049 0.445811 -0.484373 0.752752 -0.469595 -0.842487 -0.264001 0.202316 0.153364 0.402814\n0.387509 -0.546321 -0.289317 -0.874607 0.187743 -0.447007 -0.480269 -0.46169 0.745777 -0.0663643 0.866946 0.493965 0.234654 0.133167 0.380441\n0.501914 -0.56396 0.547196 1 0 0 0 1 0 0 0 1 0.168383 0.314475 0.181645\n-0.469353 -0.563348 0.546566 1 0 0 0 1 0 0 0 1 0.197889 0.31554 0.1803\nC 13\n0 1\n0 4\n0 3\n0 2\n1 2\n1 3\n1 4\n1 5\n1 6\n2 6\n2 4\n2 3\n2 5\nS 1\n2\n5 0.501914 -0.56396 0.547196\n6 -0.469353 -0.563348 0.546566\n2\n0.01628 -0.563654 0.546881\n-1 0.000630619 -0.000649152\nL 7\n0\n1\n0\n2\n2\n2\n2"
}