{
    "boxes": [
        [
            -0.012563000433146954,
            -0.3041189908981323,
            0.12895800173282623,
            0.41162699460983276,
            0.8411650061607361,
            0.7958279848098755,
            0.0,
            1.0,
            0.0,
            0.0,
            0.0,
            1.0
        ],
        [
            0.34066998958587646,
            -0.09366949647665024,
            0.22501499950885773,
            0.3984600007534027,
            0.6668779850006104,
            0.1439560055732727,
            0.14785699546337128,
            0.9872959852218628,
            0.05818149819970131,
            -0.013612000271677971,
            -0.05679110065102577,
            0.9982929825782776
        ],
        [
            -0.32652100920677185,
            -0.5583040118217468,
            0.4669190049171448,
            0.10378800332546234,
            0.08612039685249329,
            0.08611919730901718,
            6.761339932381816e-07,
            1.0,
            -1.1653700312308501e-05,
            0.15643399953842163,
            1.1404499673517421e-05,
            0.9876880049705505
        ],
        [
            -0.32651999592781067,
            -0.5583040118217468,
            -0.2025109976530075,
            0.10378699749708176,
            0.08659400045871735,
            0.08659499883651733,
            0.0,
            1.0,
            0.0,
            0.0,
            0.0,
            1.0
        ],
        [
            -0.012554500252008438,
            0.29137200117111206,
            -0.1579499989748001,
            1.1571199893951416,
            0.4132080078125,
            0.8649349808692932,
            0.0,
            1.0,
            0.0,
            0.0,
            0.0,
            1.0
        ]
    ],
    "ops": [
        [
            0,
            0,
            2,
            1,
            0,
            0,
            1,
            2,
            1,
            0,
            1
        ]
    ],
    "syms": [
        [
            0.0,
            0.9997529983520508,
            -0.01683169975876808,
            -0.014488300308585167,
            -0.014294699765741825,
            -0.08769340068101883,
            0.2301589995622635,
            0.0
        ],
        [
            0.0,
            0.9999979734420776,
            -1.926219965753262e-07,
            -0.0021128500811755657,
            -0.01256330031901598,
            -0.5583040118217468,
            0.4662559926509857,
            0.0
        ]
    ],
    "labels:": [
        [
            1,
            3,
            2,
            2,
            0
        ]
    ],
    "obj": 42401,
    "mat_index": 4742,
    "obbs": "N 8\n-0.0125545 0.291372 -0.15795 1 0 0 0 1 0 0 0 1 0.864935 1.15712 0.413208\n0.34067 -0.0936695 0.225015 -0.147857 -0.987296 -0.0581815 0.988915 -0.148397 0.00504215 -0.013612 -0.0567911 0.998293 0.39846 0.143956 0.666878\n-0.36926 -0.0817172 0.235304 0.142441 -0.989316 -0.0310514 0.989385 0.143223 -0.0245957 0.0287802 -0.0272184 0.999215 0.448286 0.156041 0.636141\n-0.012563 -0.304119 0.128958 1 0 0 0 1 0 0 0 1 0.795828 0.411627 0.841165\n0.301394 -0.558304 0.465592 1 0 0 0 1 0 0 0 1 0.086594 0.103787 0.086595\n-0.32652 -0.558304 -0.202511 1 0 0 0 1 0 0 0 1 0.086595 0.103787 0.086594\n0.301394 -0.558304 -0.203837 1 0 0 0 1 0 0 0 1 0.086594 0.103787 0.086594\n-0.326521 -0.558304 0.466919 0.987688 -2.49085e-06 -0.156434 6.76134e-07 1 -1.16537e-05 0.156434 1.14045e-05 0.987688 0.0861192 0.103788 0.0861204\nC 15\n0 1\n0 6\n0 5\n0 3\n0 2\n1 3\n1 4\n1 6\n2 7\n2 5\n2 3\n3 6\n3 7\n3 4\n3 5\nS 3\n2\n1 0.34067 -0.0936695 0.225015\n2 -0.36926 -0.0817172 0.235304\n2\n-0.0142947 -0.0876934 0.230159\n-0.999753 0.0168317 0.0144883\n2\n4 0.301394 -0.558304 0.465592\n7 -0.326521 -0.558304 0.466919\n2\n-0.0125633 -0.558304 0.466256\n-0.999998 1.92622e-07 0.00211285\n2\n5 -0.32652 -0.558304 -0.202511\n6 0.301394 -0.558304 -0.203837\n2\n-0.0125632 -0.558304 -0.203174\n0.999998 0 -0.00211175\nL 8\n0\n3\n3\n1\n2\n2\n2\n2"
}