{
    "boxes": [
        [
            0.007498589809983969,
            -0.04420100152492523,
            0.14256200194358826,
            0.11645899713039398,
            0.6862729787826538,
            0.811968982219696,
            0.0028776200488209724,
            0.9944469928741455,
            0.10519599914550781,
            -0.00015177800378296524,
            -0.10519599914550781,
            0.9944519996643066
        ],
        [
            0.01126800011843443,
            -0.43715599179267883,
            0.06292849779129028,
            0.5094879865646362,
            0.1521349996328354,
            0.13386599719524384,
            0.0,
            1.0,
            0.0,
            0.0,
            0.0,
            1.0
        ],
        [
            0.036045998334884644,
            -0.6604660153388977,
            -0.4657779932022095,
            0.1026260033249855,
            0.06674370169639587,
            0.10262700170278549,
            0.11361200362443924,
            0.9935250282287598,
            -0.0010387899819761515,
            0.009142899885773659,
            7.138870050660273e-11,
            0.9999579787254333
        ],
        [
            0.00581286009401083,
            -0.5501760244369507,
            -0.23087100684642792,
            0.10728400200605392,
            0.5277119874954224,
            0.06584479659795761,
            -0.03246859833598137,
            0.9750609993934631,
            -0.21954800188541412,
            0.005292430054396391,
            0.21982799470424652,
            0.9755240082740784
        ],
        [
            -0.35310500860214233,
            -0.12188900262117386,
            -0.08408690243959427,
            0.12900400161743164,
            0.4244379997253418,
            0.07727090269327164,
            -0.02405250072479248,
            0.9889580011367798,
            0.14622999727725983,
            0.014252100139856339,
            -0.14591899514198303,
            0.9891939759254456
        ],
        [
            0.00725936982780695,
            0.45186200737953186,
            -0.22527599334716797,
            0.9132099747657776,
            0.15449300408363342,
            0.7844259738922119,
            0.009594609960913658,
            0.9874169826507568,
            -0.1578489989042282,
            0.011249599978327751,
            0.15773999691009521,
            0.9874169826507568
        ],
        [
            0.00571131007745862,
            0.42271000146865845,
            -0.2550559937953949,
            0.9551479816436768,
            0.1620209962129593,
            0.7880210280418396,
            0.006976109929382801,
            0.995274007320404,
            -0.09685450047254562,
            0.00768772978335619,
            0.09680060297250748,
            0.995274007320404
        ]
    ],
    "ops": [
        [
            0,
            0,
            0,
            0,
            1,
            2,
            1,
            1,
            0,
            2,
            0,
            0,
            1,
            1,
            1
        ]
    ],
    "syms": [
        [
            -1.0,
            2.574170139268972e-07,
            1.0,
            4.5267100290402595e-07,
            0.04097810015082359,
            -0.6604660153388977,
            0.07132919877767563,
            0.20000000298023224
        ],
        [
            0.0,
            0.99993497133255,
            0.005375300068408251,
            -0.010068199597299099,
            0.004542130045592785,
            -0.11996600031852722,
            -0.08768799901008606,
            0.0
        ]
    ],
    "labels:": [
        [
            1,
            2,
            2,
            2,
            0,
            0,
            0
        ]
    ],
    "obj": 42406,
    "mat_index": 4746,
    "obbs": "N 16\n0.00725937 0.451862 -0.225276 0.999891 -0.0112496 -0.00959461 0.0112496 0.15774 0.987417 -0.00959461 -0.987417 0.157849 0.784426 0.154493 0.91321\n-0.471365 -0.660466 -0.0899561 -0.993481 0.113636 0.00910275 0.0091621 1.89641e-10 0.999958 0.113631 0.993522 -0.00104114 0.102626 0.0667414 0.102625\n0.036046 -0.660466 -0.465778 -0.993483 0.113617 0.00908369 0.0091429 7.13887e-11 0.999958 0.113612 0.993525 -0.00103879 0.102627 0.0667437 0.102626\n0.550275 -0.660467 -0.0993361 -0.622117 0.782903 0.00572439 0.00920107 -4.34319e-13 0.999958 0.78287 0.622143 -0.00720355 0.102625 0.066741 0.102625\n0.360672 -0.660466 0.50296 -0.993478 0.113661 0.00912752 0.00918705 2.1438e-10 0.999958 0.113656 0.99352 -0.00104421 0.102625 0.0667406 0.102625\n-0.270736 -0.660467 0.508757 -0.62214 0.782885 0.00570632 0.00917169 1.18477e-10 0.999958 0.782852 0.622166 -0.00718038 0.102625 0.0667412 0.102625\n0.011268 -0.437156 0.0629285 1 0 0 0 1 0 0 0 1 0.133866 0.509488 0.152135\n0.00581286 -0.550176 -0.230871 -0.0324686 0.975061 -0.219548 0.999459 0.030512 -0.012298 -0.00529243 -0.219828 -0.975524 0.107284 0.0658448 0.527712\n0.290162 -0.550409 -0.029396 0.923949 -0.218333 -0.314084 0.319135 -0.0126829 0.947624 -0.210882 -0.975792 0.0579597 0.52976 0.0687643 0.106109\n0.181399 -0.55566 0.315301 -0.167092 -0.980683 -0.101692 0.791393 -0.0718902 -0.607065 0.588028 -0.181914 0.788118 0.112432 0.0757665 0.530828\n-0.166373 -0.551137 0.31893 -0.17713 0.974927 0.134689 0.804007 0.0644113 0.591121 0.567625 0.212997 -0.795258 0.106142 0.0692743 0.535602\n-0.276454 -0.551416 -0.0225798 -0.928762 -0.212241 -0.3039 -0.313219 0.0109191 0.949618 -0.19823 0.977156 -0.0766194 0.538192 0.0850228 0.106934\n0.00749859 -0.044201 0.142562 0.999996 -0.00287762 -0.000151778 0.00287762 0.994447 0.105196 -0.000151778 -0.105196 0.994452 0.811969 0.116459 0.686273\n0.362189 -0.118044 -0.0912891 0.0027932 0.152069 -0.988366 0.998934 -0.0459748 -0.00425058 -0.0460863 -0.9873 -0.152036 0.427625 0.0780855 0.136336\n-0.353105 -0.121889 -0.0840869 0.0240525 -0.988958 -0.14623 0.999609 0.0258767 -0.0105851 0.0142521 -0.145919 0.989194 0.129004 0.0772709 0.424438\n0.00571131 0.42271 -0.255056 0.999946 -0.00768773 -0.00697611 0.00768773 0.0968006 0.995274 -0.00697611 -0.995274 0.0968545 0.788021 0.162021 0.955148\nC 33\n0 14\n0 15\n0 12\n0 13\n0 6\n1 11\n2 7\n3 8\n4 9\n5 10\n6 9\n6 7\n6 10\n6 15\n6 11\n6 12\n6 8\n6 13\n7 11\n7 10\n7 9\n7 8\n8 9\n8 10\n8 11\n9 11\n9 10\n10 11\n12 13\n12 14\n12 15\n13 15\n14 15\nS 3\n5\n3 0.550275 -0.660467 -0.0993361\n2 0.036046 -0.660466 -0.465778\n1 -0.471365 -0.660466 -0.0899561\n5 -0.270736 -0.660467 0.508757\n4 0.360672 -0.660466 0.50296\n3\n0.0409781 -0.660466 0.0713292\n-2.57417e-07 -1 -4.52671e-07\n5\n9 0.181399 -0.55566 0.315301\n8 0.290162 -0.550409 -0.029396\n7 0.00581286 -0.550176 -0.230871\n11 -0.276454 -0.551416 -0.0225798\n10 -0.166373 -0.551137 0.31893\n3\n0.0069093 -0.551759 0.0702767\n-0.00246021 -0.999977 -0.00625916\n2\n13 0.362189 -0.118044 -0.0912891\n14 -0.353105 -0.121889 -0.0840869\n2\n0.00454213 -0.119966 -0.087688\n-0.999935 -0.0053753 0.0100682\nL 16\n0\n2\n2\n2\n2\n2\n2\n2\n2\n2\n2\n2\n1\n0\n0\n0"
}