{
    "boxes": [
        [
            -0.008333000354468822,
            -0.27133798599243164,
            0.10446099936962128,
            0.4622940123081207,
            0.8569520115852356,
            0.8948079943656921,
            0.0,
            1.0,
            0.0,
            0.0,
            0.0,
            1.0
        ],
        [
            -0.40257999300956726,
            0.24955399334430695,
            -0.16228599846363068,
            0.09904210269451141,
            0.34172898530960083,
            0.03766709938645363,
            0.19507500529289246,
            0.7443299889564514,
            -0.6386849880218506,
            -0.2426230013370514,
            0.6675779819488525,
            0.703898012638092
        ],
        [
            -0.39597100019454956,
            -0.02115740068256855,
            -0.17216500639915466,
            0.33635398745536804,
            0.09902189671993256,
            0.03645730018615723,
            0.20384900271892548,
            0.7514489889144897,
            -0.6275110244750977,
            -0.24811600148677826,
            0.6596980094909668,
            0.7093920111656189
        ],
        [
            -0.45128801465034485,
            0.36278098821640015,
            -0.018589500337839127,
            0.062178000807762146,
            0.3522990047931671,
            0.1249689981341362,
            0.0,
            1.0,
            0.0,
            0.0,
            0.0,
            1.0
        ],
        [
            -0.37017199397087097,
            -0.443574994802475,
            0.4510129988193512,
            0.6738539934158325,
            0.07023359835147858,
            0.058359600603580475,
            -2.452019998600008e-06,
            0.992887020111084,
            -0.11906400322914124,
            -2.7636299364530714e-06,
            0.11906400322914124,
            0.992887020111084
        ],
        [
            -0.008216500282287598,
            -0.2186020016670227,
            -0.2904129922389984,
            0.1934330016374588,
            0.03501499816775322,
            0.7484729886054993,
            0.0,
            1.0,
            0.0,
            0.0,
            0.0,
            1.0
        ],
        [
            -0.3699429929256439,
            -0.44738999009132385,
            -0.3320330083370209,
            0.6831719875335693,
            0.0863289013504982,
            0.06690029799938202,
            -0.00999531988054514,
            0.9721009731292725,
            0.2343509942293167,
            0.03336780145764351,
            -0.23390799760818481,
            0.9716860055923462
        ],
        [
            -0.00821600016206503,
            0.11682499945163727,
            -0.27162599563598633,
            0.04668699949979782,
            0.05903699994087219,
            0.7281180024147034,
            0.0,
            1.0,
            0.0,
            0.0,
            0.0,
            1.0
        ],
        [
            -0.37017199397087097,
            0.1236950010061264,
            -0.2596440017223358,
            0.5182260274887085,
            0.07188600301742554,
            0.05987799912691116,
            0.0,
            1.0,
            0.0,
            0.0,
            0.0,
            1.0
        ],
        [
            -0.008216500282287598,
            0.02310200035572052,
            -0.27292099595069885,
            0.04668600112199783,
            0.05644899979233742,
            0.7278169989585876,
            0.0,
            1.0,
            0.0,
            0.0,
            0.0,
            1.0
        ],
        [
            -0.008315999992191792,
            0.470784991979599,
            -0.25265300273895264,
            0.17177699506282806,
            0.18294399976730347,
            0.8279640078544617,
            0.0,
            1.0,
            0.0,
            0.0,
            0.0,
            1.0
        ],
        [
            -0.002259999979287386,
            0.37320300936698914,
            -0.25724801421165466,
            0.08302400261163712,
            0.2361070066690445,
            0.9173280000686646,
            0.0,
            1.0,
            0.0,
            0.0,
            0.0,
            1.0
        ]
    ],
    "ops": [
        [
            0,
            0,
            0,
            0,
            1,
            1,
            2,
            1,
            0,
            2,
            0,
            0,
            2,
            1,
            1,
            1,
            0,
            0,
            2,
            1,
            0,
            2,
            0,
            0,
            1,
            1,
            1,
            1
        ]
    ],
    "syms": [
        [
            0.0,
            0.9999859929084778,
            0.0029814299196004868,
            -0.004297059960663319,
            -0.007038670126348734,
            0.25073298811912537,
            -0.1639859974384308,
            0.0
        ],
        [
            0.0,
            0.9999970197677612,
            -0.00028705300064757466,
            -0.002518109977245331,
            -0.008216500282287598,
            -0.44367900490760803,
            0.45010098814964294,
            0.0
        ],
        [
            0.0,
            0.9997900128364563,
            -0.020427700132131577,
            -0.001602289965376258,
            -0.007961589843034744,
            -0.4547860026359558,
            -0.3326129913330078,
            0.0
        ],
        [
            0.0,
            0.9994620084762573,
            -0.03257429972290993,
            -0.003828539978712797,
            -0.0082182502374053,
            0.11189799755811691,
            -0.261029988527298,
            0.0
        ],
        [
            0.0,
            4.965580046700779e-06,
            0.9999930262565613,
            0.003726670052856207,
            -0.00821600016206503,
            0.12379500269889832,
            -0.2725450098514557,
            0.0
        ]
    ],
    "labels:": [
        [
            1,
            3,
            3,
            3,
            2,
            2,
            2,
            0,
            0,
            0,
            0,
            0
        ]
    ],
    "obj": 42419,
    "mat_index": 4754,
    "obbs": "N 19\n-0.008316 0.470785 -0.252653 1 0 0 0 1 0 0 0 1 0.827964 0.171777 0.182944\n-0.00226 0.373203 -0.257248 1 0 0 0 1 0 0 0 1 0.917328 0.083024 0.236107\n-0.008333 -0.271338 0.104461 1 0 0 0 1 0 0 0 1 0.894808 0.462294 0.856952\n-0.370172 0.123695 -0.259644 1 0 0 0 1 0 0 0 1 0.059878 0.518226 0.071886\n0.353735 0.100102 -0.262417 1 0 0 0 1 0 0 0 1 0.059893 0.565241 0.077764\n-0.0082165 0.023102 -0.272921 1 0 0 0 1 0 0 0 1 0.727817 0.046686 0.056449\n-0.008216 0.116825 -0.271626 1 0 0 0 1 0 0 0 1 0.728118 0.046687 0.059037\n-0.0082155 0.224487 -0.27217 1 0 0 0 1 0 0 0 1 0.727991 0.046686 0.05795\n0.384238 -0.0156299 -0.177183 -0.235933 0.765956 -0.598036 0.92712 -0.00697812 -0.374699 -0.291176 -0.642855 -0.708487 0.329275 0.0377218 0.0993457\n-0.395971 -0.0211574 -0.172165 0.203849 0.751449 -0.627511 0.94704 0.0110866 0.320925 0.248116 -0.659698 -0.709392 0.336354 0.0364573 0.0990219\n0.433069 0.369436 -0.0156698 0.985762 -0.062724 -0.156013 0.0613778 0.998024 -0.0134363 0.156547 0.0036693 0.987664 0.105148 0.078974 0.350996\n0.388503 0.251913 -0.165686 -0.276483 -0.647714 -0.709947 0.924429 0.0226554 -0.380681 0.262657 -0.761547 0.592501 0.350597 0.03924 0.0985195\n-0.451288 0.362781 -0.0185895 1 0 0 0 1 0 0 0 1 0.124969 0.062178 0.352299\n-0.40258 0.249554 -0.162286 0.195075 0.74433 -0.638685 0.950305 0.017647 0.31082 0.242623 -0.667578 -0.703898 0.0990421 0.0376671 0.341729\n-0.0082165 -0.218602 -0.290413 1 0 0 0 1 0 0 0 1 0.748473 0.193433 0.035015\n-0.369943 -0.44739 -0.332033 -0.00999532 0.972101 0.234351 0.0333678 -0.233908 0.971686 0.999393 0.0175321 -0.0300988 0.683172 0.0863289 0.0669003\n0.35402 -0.462182 -0.333194 -0.0192887 0.97023 0.241417 0.025856 -0.240897 0.970206 0.99948 0.0249561 -0.0204396 0.653597 0.0820651 0.0725713\n0.353739 -0.443783 0.44919 1 -2.41246e-06 -2.13979e-06 2.41246e-06 0.119368 0.99285 -2.13979e-06 -0.99285 0.119368 0.0583594 0.0738393 0.675037\n-0.370172 -0.443575 0.451013 -2.45202e-06 0.992887 -0.119064 -2.76363e-06 0.119064 0.992887 1 2.76363e-06 2.45202e-06 0.673854 0.0702336 0.0583596\nC 90\n0 7\n0 10\n0 4\n0 1\n0 11\n0 8\n0 12\n0 3\n0 13\n1 6\n1 11\n1 12\n1 10\n1 3\n1 4\n1 9\n1 7\n1 13\n1 8\n2 5\n2 6\n2 17\n2 11\n2 18\n2 7\n2 8\n2 13\n2 3\n2 14\n2 4\n2 9\n2 16\n2 15\n3 7\n3 12\n3 6\n3 5\n3 15\n3 9\n3 14\n3 13\n4 10\n4 5\n4 16\n4 11\n4 6\n4 8\n4 7\n4 14\n5 8\n5 11\n5 14\n5 7\n5 13\n5 16\n5 9\n5 6\n5 15\n6 9\n6 7\n6 10\n6 13\n6 16\n6 14\n6 11\n6 15\n6 8\n6 12\n7 12\n7 8\n7 11\n7 13\n7 10\n7 9\n8 10\n8 16\n8 14\n8 11\n9 14\n9 13\n9 12\n9 15\n10 11\n11 16\n11 14\n12 13\n13 15\n13 14\n14 15\n14 16\nS 7\n2\n3 -0.370172 0.123695 -0.259644\n4 0.353735 0.100102 -0.262417\n2\n-0.00821825 0.111898 -0.26103\n0.999462 -0.0325743 -0.00382854\n2\n5 -0.0082165 0.023102 -0.272921\n7 -0.0082155 0.224487 -0.27217\n2\n-0.008216 0.123795 -0.272545\n4.96558e-06 0.999993 0.00372667\n2\n8 0.384238 -0.0156299 -0.177183\n9 -0.395971 -0.0211574 -0.172165\n2\n-0.00586657 -0.0183936 -0.174674\n-0.999954 -0.00708428 0.00643126\n2\n10 0.433069 0.369436 -0.0156698\n12 -0.451288 0.362781 -0.0185895\n2\n-0.00910953 0.366109 -0.0171297\n-0.999966 -0.00752533 -0.00330133\n2\n11 0.388503 0.251913 -0.165686\n13 -0.40258 0.249554 -0.162286\n2\n-0.00703867 0.250733 -0.163986\n-0.999986 -0.00298143 0.00429706\n2\n15 -0.369943 -0.44739 -0.332033\n16 0.35402 -0.462182 -0.333194\n2\n-0.00796159 -0.454786 -0.332613\n0.99979 -0.0204277 -0.00160229\n2\n17 0.353739 -0.443783 0.44919\n18 -0.370172 -0.443575 0.451013\n2\n-0.0082165 -0.443679 0.450101\n-0.999997 0.000287053 0.00251811\nL 19\n0\n0\n1\n0\n0\n0\n0\n0\n3\n3\n3\n3\n3\n3\n2\n2\n2\n2\n2"
}