{
    "boxes": [
        [
            0.014996999874711037,
            -0.17110499739646912,
            0.15988700091838837,
            0.37415799498558044,
            0.7585960030555725,
            0.7728819847106934,
            0.0,
            1.0,
            0.0,
            0.0,
            0.0,
            1.0
        ],
        [
            -0.32780200242996216,
            -0.5116360187530518,
            0.4987109899520874,
            0.5523279905319214,
            0.08094900101423264,
            0.08186300098896027,
            0.0,
            1.0,
            0.0,
            0.0,
            0.0,
            1.0
        ],
        [
            0.3103080093860626,
            -0.5523750185966492,
            -0.22480399906635284,
            0.50074702501297,
            0.10714200139045715,
            0.1007699966430664,
            0.012547800317406654,
            0.9690139889717102,
            0.24668799340724945,
            -0.46755000948905945,
            -0.21239100396633148,
            0.8580719828605652
        ],
        [
            -0.27540498971939087,
            -0.5606639981269836,
            -0.22882899641990662,
            0.48351699113845825,
            0.08334379643201828,
            0.08870430290699005,
            -0.0334273986518383,
            0.9668440222740173,
            0.2531690001487732,
            0.015003000386059284,
            -0.2527959942817688,
            0.967402994632721
        ],
        [
            0.015075299888849258,
            0.36929699778556824,
            -0.24085299670696259,
            0.7850430011749268,
            0.14388999342918396,
            0.6679390072822571,
            0.0032917698845267296,
            0.9686520099639893,
            -0.2484010010957718,
            0.004242400173097849,
            0.24838599562644958,
            0.9686520099639893
        ]
    ],
    "ops": [
        [
            0,
            0,
            2,
            0,
            0,
            1,
            1,
            1,
            0,
            1
        ]
    ],
    "syms": [
        [
            0.0,
            0.999908983707428,
            0.011672000400722027,
            0.006820139940828085,
            0.015487699769437313,
            -0.5076289772987366,
            0.5010520219802856,
            0.0
        ]
    ],
    "labels:": [
        [
            1,
            2,
            2,
            2,
            0
        ]
    ],
    "obj": 42424,
    "mat_index": 4757,
    "obbs": "N 6\n0.0150753 0.369297 -0.240853 0.999986 -0.0042424 -0.00329177 0.0042424 0.248386 0.968652 -0.00329177 -0.968652 0.248401 0.667939 0.14389 0.785043\n0.014997 -0.171105 0.159887 1 0 0 0 1 0 0 0 1 0.772882 0.374158 0.758596\n0.310308 -0.552375 -0.224804 0.0125478 0.969014 0.246688 -0.46755 -0.212391 0.858072 0.883878 -0.126106 0.450397 0.500747 0.107142 0.10077\n0.358778 -0.503621 0.503394 1 0 0 0 1 0 0 0 1 0.079588 0.568357 0.071583\n-0.327802 -0.511636 0.498711 1 0 0 0 1 0 0 0 1 0.081863 0.552328 0.080949\n-0.275405 -0.560664 -0.228829 -0.015003 0.252796 -0.967403 0.999329 0.036136 -0.00605523 0.0334274 -0.966844 -0.253169 0.0833438 0.0887043 0.483517\nC 5\n0 1\n1 4\n1 3\n1 5\n1 2\nS 1\n2\n3 0.358778 -0.503621 0.503394\n4 -0.327802 -0.511636 0.498711\n2\n0.0154877 -0.507629 0.501052\n-0.999909 -0.011672 -0.00682014\nL 6\n0\n1\n2\n2\n2\n2"
}