{
    "boxes": [
        [
            -0.002814499894157052,
            -0.07405800372362137,
            0.0959014967083931,
            0.3183560073375702,
            1.0048099756240845,
            1.0228400230407715,
            0.0,
            1.0,
            0.0,
            0.0,
            0.0,
            1.0
        ],
        [
            -0.5131490230560303,
            0.23639999330043793,
            0.1970359981060028,
            0.42507100105285645,
            0.6919209957122803,
            0.13107800483703613,
            -0.27507299184799194,
            0.9612839818000793,
            0.016367599368095398,
            0.050389401614665985,
            -0.002586140064522624,
            0.9987260103225708
        ],
        [
            -0.019283000379800797,
            -0.4843370020389557,
            0.1194320023059845,
            0.4999629855155945,
            0.16545400023460388,
            0.17554199695587158,
            0.0,
            1.0,
            0.0,
            0.0,
            0.0,
            1.0
        ],
        [
            0.21517300605773926,
            -0.7508800029754639,
            -0.11064700037240982,
            0.042564600706100464,
            0.07588300108909607,
            0.5008329749107361,
            0.10191100090742111,
            0.9861990213394165,
            -0.1304820030927658,
            0.7081429958343506,
            0.020202500745654106,
            0.705780029296875
        ],
        [
            0.008557889610528946,
            0.26234298944473267,
            -0.2185399979352951,
            0.6685389876365662,
            0.5439910292625427,
            1.218000054359436,
            -0.03909140080213547,
            0.9745810031890869,
            -0.22059999406337738,
            -0.04888090118765831,
            0.21863900125026703,
            0.9745810031890869
        ]
    ],
    "ops": [
        [
            0,
            0,
            2,
            1,
            0,
            0,
            2,
            1,
            1,
            0,
            1
        ]
    ],
    "syms": [
        [
            0.0,
            0.9949960112571716,
            -0.09393029659986496,
            0.03406279906630516,
            -0.018193600699305534,
            0.1896750032901764,
            0.21398000419139862,
            0.0
        ],
        [
            -1.0,
            0.0007314740214496851,
            1.0,
            0.0005715989973396063,
            -0.01266430038958788,
            -0.7510920166969299,
            0.11847200244665146,
            0.25
        ]
    ],
    "labels:": [
        [
            1,
            3,
            2,
            2,
            0
        ]
    ],
    "obj": 42451,
    "mat_index": 4770,
    "obbs": "N 9\n0.00855789 0.262343 -0.21854 0.998039 0.0488809 0.0390914 -0.0488809 0.218639 0.974581 0.0390914 -0.974581 0.2206 1.218 0.543991 0.668539\n0.476762 0.14295 0.230924 -0.284165 -0.921052 -0.266296 0.950978 -0.306115 0.0439846 -0.122029 -0.240743 0.962887 0.465057 0.125275 0.682688\n-0.513149 0.2364 0.197036 0.275073 -0.961284 -0.0163676 0.960102 0.275548 -0.0477271 0.0503894 -0.00258614 0.998726 0.425071 0.131078 0.691921\n-0.019283 -0.484337 0.119432 1 0 0 0 1 0 0 0 1 0.175542 0.499963 0.165454\n-0.0028145 -0.074058 0.0959015 1 0 0 0 1 0 0 0 1 1.02284 0.318356 1.00481\n-0.240498 -0.750807 0.344914 0.696282 0.170776 -0.697156 -0.12584 0.985284 0.115674 0.706651 0.00718835 0.707526 0.515652 0.0471816 0.0840284\n0.207896 -0.75163 0.341678 -0.695825 0.16289 -0.699496 0.137565 0.986136 0.0927959 0.704914 -0.0316568 -0.708586 0.523516 0.0458442 0.0810414\n0.215173 -0.75088 -0.110647 0.698675 -0.164327 -0.696311 0.101911 0.986199 -0.130482 0.708143 0.0202025 0.70578 0.500833 0.0425646 0.075883\n-0.233229 -0.751054 -0.102058 0.703973 0.0436277 -0.708885 -0.142672 0.986452 -0.0809734 0.695749 0.158141 0.70066 0.0796116 0.045176 0.528488\nC 16\n0 1\n0 2\n0 4\n0 3\n1 4\n2 4\n3 8\n3 6\n3 7\n3 5\n5 6\n5 7\n5 8\n6 7\n6 8\n7 8\nS 2\n2\n1 0.476762 0.14295 0.230924\n2 -0.513149 0.2364 0.197036\n2\n-0.0181936 0.189675 0.21398\n-0.994996 0.0939303 -0.0340628\n4\n7 0.215173 -0.75088 -0.110647\n8 -0.233229 -0.751054 -0.102058\n5 -0.240498 -0.750807 0.344914\n6 0.207896 -0.75163 0.341678\n3\n-0.0126643 -0.751092 0.118472\n0.000731474 1 0.000571599\nL 9\n0\n3\n3\n2\n1\n2\n2\n2\n2"
}