{
    "boxes": [
        [
            0.0014324999647215009,
            -0.0558754988014698,
            0.12409400194883347,
            0.08068700134754181,
            0.6858389973640442,
            0.6922950148582458,
            0.0,
            1.0,
            0.0,
            0.0,
            0.0,
            1.0
        ],
        [
            -0.312389999628067,
            -0.4731299877166748,
            -0.23932500183582306,
            0.7725440263748169,
            0.0992543026804924,
            0.061105500906705856,
            -0.012725300155580044,
            0.9830290079116821,
            0.18300600349903107,
            -0.02534089982509613,
            -0.18327899277210236,
            0.9827340245246887
        ],
        [
            -0.3051779866218567,
            -0.47143399715423584,
            0.42747798562049866,
            0.7504310011863708,
            0.07261800020933151,
            0.07261800020933151,
            0.0,
            1.0,
            0.0,
            0.0,
            0.0,
            1.0
        ],
        [
            0.0014220599550753832,
            0.32393598556518555,
            -0.23533199727535248,
            0.5728939771652222,
            0.017913900315761566,
            0.5664250254631042,
            -3.773330172407441e-05,
            0.9827659726142883,
            -0.18485400080680847,
            -4.549240111373365e-05,
            0.18485400080680847,
            0.9827659726142883
        ],
        [
            0.001430870033800602,
            0.3031049966812134,
            -0.27198800444602966,
            0.8161259889602661,
            0.11011400073766708,
            0.6793860197067261,
            -5.724729817302432e-06,
            0.969107985496521,
            -0.24663500487804413,
            -7.364139946730575e-06,
            0.24663500487804413,
            0.969107985496521
        ]
    ],
    "ops": [
        [
            0,
            0,
            0,
            1,
            2,
            1,
            0,
            0,
            1,
            1
        ]
    ],
    "syms": [
        [
            0.0,
            1.0,
            -3.88668013329152e-07,
            2.9940599688416114e-06,
            0.0017242799513041973,
            -0.4731299877166748,
            -0.23932400345802307,
            0.0
        ]
    ],
    "labels:": [
        [
            1,
            2,
            2,
            0,
            0
        ]
    ],
    "obj": 42471,
    "mat_index": 4786,
    "obbs": "N 7\n0.00142206 0.323936 -0.235332 -3.77333e-05 0.982766 -0.184854 -4.54924e-05 0.184854 0.982766 1 4.54924e-05 3.77333e-05 0.572894 0.0179139 0.566425\n0.0014325 -0.0558755 0.124094 1 0 0 0 1 0 0 0 1 0.692295 0.080687 0.685839\n0.00143087 0.303105 -0.271988 -5.72473e-06 0.969108 -0.246635 -7.36414e-06 0.246635 0.969108 1 7.36414e-06 5.72473e-06 0.816126 0.110114 0.679386\n0.315839 -0.47313 -0.239323 0.0127244 -0.983031 -0.182995 0.999598 0.00786954 0.0272319 -0.0253297 -0.183268 0.982737 0.772544 0.0611045 0.0992493\n0.308043 -0.471434 0.427478 1 0 0 0 1 0 0 0 1 0.072618 0.750431 0.072618\n-0.305178 -0.471434 0.427478 1 0 0 0 1 0 0 0 1 0.072618 0.750431 0.072618\n-0.31239 -0.47313 -0.239325 0.0127253 -0.983029 -0.183006 0.999598 0.00786805 0.0272431 -0.0253409 -0.183279 0.982734 0.772544 0.0611055 0.0992543\nC 11\n0 1\n0 6\n0 3\n0 2\n1 2\n1 3\n1 4\n1 5\n1 6\n2 6\n2 3\nS 2\n2\n3 0.315839 -0.47313 -0.239323\n6 -0.31239 -0.47313 -0.239325\n2\n0.00172428 -0.47313 -0.239324\n-1 3.88668e-07 -2.99406e-06\n2\n4 0.308043 -0.471434 0.427478\n5 -0.305178 -0.471434 0.427478\n2\n0.0014325 -0.471434 0.427478\n-1 0 0\nL 7\n0\n1\n0\n2\n2\n2\n2"
}