{
    "boxes": [
        [
            0.04034150019288063,
            -0.18247400224208832,
            0.24594399333000183,
            0.25603899359703064,
            0.8873010277748108,
            0.9310950040817261,
            0.0,
            1.0,
            0.0,
            0.0,
            0.0,
            1.0
        ],
        [
            0.46455100178718567,
            0.0026973600033670664,
            0.24834300577640533,
            0.12038800120353699,
            0.6859260201454163,
            0.041315801441669464,
            0.07869429886341095,
            0.9893580079078674,
            0.12238100171089172,
            0.07115630060434341,
            -0.12802299857139587,
            0.9892150163650513
        ],
        [
            0.48980799317359924,
            -0.3788590133190155,
            0.6310759782791138,
            0.2976909875869751,
            0.05691530182957649,
            0.04473840072751045,
            -0.05089319869875908,
            0.9696699976921082,
            -0.23905999958515167,
            0.23905999958515167,
            0.24424000084400177,
            0.9397860169410706
        ],
        [
            0.41645899415016174,
            -0.2724800109863281,
            -0.5008329749107361,
            0.649262011051178,
            0.06357409805059433,
            0.025327399373054504,
            0.02363399975001812,
            0.9603220224380493,
            0.27789199352264404,
            0.08037559688091278,
            -0.27889499068260193,
            0.9569519758224487
        ],
        [
            0.014997100457549095,
            0.18782499432563782,
            -0.03768220171332359,
            0.9077349901199341,
            0.6082689762115479,
            0.9125869870185852,
            -0.019933199509978294,
            0.9738630056381226,
            -0.2262600064277649,
            0.10659199953079224,
            0.22708499431610107,
            0.9680240154266357
        ],
        [
            0.4081760048866272,
            0.27110499143600464,
            -0.47994598746299744,
            0.5356600284576416,
            0.2610209882259369,
            0.05370989814400673,
            -0.012524300254881382,
            0.9655510187149048,
            -0.25991299748420715,
            0.052318401634693146,
            0.2602109909057617,
            0.9641330242156982
        ],
        [
            0.423893004655838,
            -0.08910460025072098,
            -0.09350910037755966,
            0.477539986371994,
            0.98853600025177,
            0.07141830027103424,
            0.05907860025763512,
            0.7957479953765869,
            0.6027399897575378,
            0.058684300631284714,
            -0.6055189967155457,
            0.7936639785766602
        ]
    ],
    "ops": [
        [
            0,
            0,
            2,
            1,
            0,
            0,
            1,
            2,
            1,
            0,
            0,
            0,
            1,
            2,
            1,
            1
        ]
    ],
    "syms": [
        [
            0.0,
            0.9990869760513306,
            -0.013214600272476673,
            -0.04063510149717331,
            0.03175240010023117,
            0.008421850390732288,
            0.26594600081443787,
            0.0
        ],
        [
            0.0,
            0.9968559741973877,
            0.00012325099669396877,
            -0.07922960072755814,
            0.06116639822721481,
            -0.3789120018482208,
            0.6651440262794495,
            0.0
        ],
        [
            0.0,
            0.9974089860916138,
            -0.0005353990127332509,
            -0.07194309681653976,
            -0.015422799624502659,
            0.2713319957256317,
            -0.4493919909000397,
            0.0
        ]
    ],
    "labels:": [
        [
            1,
            3,
            2,
            2,
            0,
            0,
            0
        ]
    ],
    "obj": 42502,
    "mat_index": 4804,
    "obbs": "N 12\n0.0149971 0.187825 -0.0376822 0.994103 -0.00482162 -0.108332 0.106592 0.227085 0.968024 0.0199332 -0.973863 0.22626 0.912587 0.608269 0.907735\n0.464551 0.00269736 0.248343 -0.0711563 0.128023 -0.989215 0.994356 -0.0691374 -0.0804738 -0.0786943 -0.989358 -0.122381 0.685926 0.0413158 0.120388\n-0.401046 0.0141463 0.283549 0.152123 -0.976044 -0.15555 0.984584 0.1634 -0.0624122 0.0863341 -0.143658 0.985854 0.113871 0.0498025 0.709424\n0.0403415 -0.182474 0.245944 1 0 0 0 1 0 0 0 1 0.931095 0.256039 0.887301\n-0.439022 0.271559 -0.418837 -0.118905 -0.118854 -0.985766 0.992883 -0.00754093 -0.118854 0.00669275 -0.992883 0.118905 0.261249 0.0786285 0.56543\n0.408176 0.271105 -0.479946 -0.0125243 0.965551 -0.259913 0.998552 -0.00152312 -0.053775 -0.0523184 -0.260211 -0.964133 0.53566 0.0537099 0.261021\n0.423893 -0.0891046 -0.0935091 -0.0586843 0.605519 -0.793664 0.996527 -0.0115172 -0.082471 -0.0590786 -0.795748 -0.60274 0.988536 0.0714183 0.47754\n-0.401712 -0.0839511 -0.0373581 -0.0653053 0.613866 -0.786705 0.997312 0.0138948 -0.0719459 -0.033234 -0.789288 -0.613123 0.987541 0.0884901 0.480405\n0.489808 -0.378859 0.631076 0.0508932 -0.96967 0.23906 0.96967 -0.00932102 -0.24424 0.23906 0.24424 0.939786 0.297691 0.0447384 0.0569153\n-0.367475 -0.378965 0.699212 0.183278 -0.283255 -0.941369 0.982739 0.0282708 0.182826 -0.0251731 -0.958628 0.283547 0.0610569 0.0469541 0.297578\n0.416459 -0.27248 -0.500833 -0.023634 -0.960322 -0.277892 0.996484 -0.000280942 -0.0837778 0.0803756 -0.278895 0.956952 0.649262 0.0253274 0.0635741\n-0.46286 -0.271215 -0.440809 -0.0170612 -0.961289 -0.275013 0.996151 0.00730841 -0.0873451 0.0859738 -0.275445 0.957465 0.649232 0.0268515 0.0505213\nC 34\n0 2\n0 7\n0 10\n0 3\n0 11\n0 4\n0 5\n0 1\n0 6\n0 9\n1 3\n1 6\n1 5\n1 8\n2 9\n2 3\n2 7\n2 4\n3 11\n3 7\n3 10\n3 6\n3 9\n3 5\n3 8\n3 4\n4 7\n4 11\n5 6\n5 10\n6 10\n6 8\n7 11\n7 9\nS 5\n2\n1 0.464551 0.00269736 0.248343\n2 -0.401046 0.0141463 0.283549\n2\n0.0317524 0.00842185 0.265946\n-0.999087 0.0132146 0.0406351\n2\n4 -0.439022 0.271559 -0.418837\n5 0.408176 0.271105 -0.479946\n2\n-0.0154228 0.271332 -0.449392\n0.997409 -0.000535399 -0.0719431\n2\n7 -0.401712 -0.0839511 -0.0373581\n6 0.423893 -0.0891046 -0.0935091\n2\n0.0110905 -0.0865278 -0.0654336\n0.997676 -0.00622751 -0.0678538\n2\n8 0.489808 -0.378859 0.631076\n9 -0.367475 -0.378965 0.699212\n2\n0.0611664 -0.378912 0.665144\n-0.996856 -0.000123251 0.0792296\n2\n10 0.416459 -0.27248 -0.500833\n11 -0.46286 -0.271215 -0.440809\n2\n-0.0232004 -0.271848 -0.470821\n-0.997677 0.00143621 0.0681029\nL 12\n0\n3\n3\n1\n0\n0\n0\n0\n2\n2\n2\n2"
}