{
    "boxes": [
        [
            0.011175800114870071,
            -0.05105049908161163,
            0.22251400351524353,
            0.10202699899673462,
            0.6401450037956238,
            0.6731939911842346,
            -0.004860199987888336,
            0.9977899789810181,
            -0.06626550108194351,
            -0.00016121000226121396,
            0.06626550108194351,
            0.9978020191192627
        ],
        [
            -0.33513298630714417,
            -0.39962899684906006,
            -0.1660899966955185,
            0.8208969831466675,
            0.09349220246076584,
            0.09606830030679703,
            -0.012842999771237373,
            0.9643509984016418,
            0.26431599259376526,
            -0.44980499148368835,
            -0.24165399372577667,
            0.8598129749298096
        ],
        [
            -0.2898530066013336,
            -0.4277389943599701,
            0.5026599764823914,
            0.7309200167655945,
            0.07575099915266037,
            0.056115999817848206,
            0.0,
            1.0,
            0.0,
            0.0,
            0.0,
            1.0
        ],
        [
            0.01435170043259859,
            0.2778170108795166,
            -0.2066439986228943,
            0.8337699770927429,
            0.19840900599956512,
            0.7697200179100037,
            -0.0008664879715070128,
            0.9527220129966736,
            -0.3038429915904999,
            -0.001185829984024167,
            0.3038420081138611,
            0.9527220129966736
        ]
    ],
    "ops": [
        [
            0,
            0,
            0,
            1,
            2,
            1,
            0,
            1
        ]
    ],
    "syms": [
        [
            0.0,
            0.9999240040779114,
            -0.0033545501064509153,
            0.011825400404632092,
            0.016266100108623505,
            -0.4008069932460785,
            -0.1619340032339096,
            0.0
        ]
    ],
    "labels:": [
        [
            1,
            2,
            2,
            0
        ]
    ],
    "obj": 42508,
    "mat_index": 4808,
    "obbs": "N 6\n0.0143517 0.277817 -0.206644 0.999999 0.00118583 0.000866488 -0.00118583 0.303842 0.952722 0.000866488 -0.952722 0.303843 0.76972 0.198409 0.83377\n0.0111758 -0.0510505 0.222514 0.999988 0.0048602 -0.00016121 -0.0048602 0.99779 -0.0662655 -0.00016121 0.0662655 0.997802 0.673194 0.102027 0.640145\n0.367666 -0.401986 -0.157779 0.00917362 -0.973162 -0.22994 0.85101 0.128342 -0.509224 0.525069 -0.19101 0.829348 0.81892 0.0924928 0.089878\n0.31908 -0.427338 0.502663 1 0 0 0 1 0 0 0 1 0.056117 0.731724 0.075743\n-0.289853 -0.427739 0.50266 1 0 0 0 1 0 0 0 1 0.056116 0.73092 0.075751\n-0.335133 -0.399629 -0.16609 0.449805 0.241654 -0.859813 0.893035 -0.107848 0.436873 0.012843 -0.964351 -0.264316 0.0934922 0.0960683 0.820897\nC 7\n0 1\n0 5\n0 2\n1 2\n1 3\n1 4\n1 5\nS 2\n2\n2 0.367666 -0.401986 -0.157779\n5 -0.335133 -0.399629 -0.16609\n2\n0.0162661 -0.400807 -0.161934\n-0.999924 0.00335455 -0.0118254\n2\n3 0.31908 -0.427338 0.502663\n4 -0.289853 -0.427739 0.50266\n2\n0.0146137 -0.427538 0.502661\n-1 -0.000658528 -6.56886e-06\nL 6\n0\n1\n2\n2\n2\n2"
}