{
    "boxes": [
        [
            0.006519999820739031,
            -0.1124109998345375,
            0.0859294980764389,
            0.1582230031490326,
            0.8324810266494751,
            0.9231340289115906,
            0.0,
            1.0,
            0.0,
            0.0,
            0.0,
            1.0
        ],
        [
            -0.40227198600769043,
            0.1314609944820404,
            0.13526499271392822,
            0.39195701479911804,
            0.8075090050697327,
            0.0491533987224102,
            0.007516209967434406,
            0.9994109869003296,
            0.033472899347543716,
            -0.0852677971124649,
            -0.03271140158176422,
            0.9958209991455078
        ],
        [
            0.415446013212204,
            0.1343259960412979,
            0.14504200220108032,
            0.3771030008792877,
            0.7855119705200195,
            0.05307459831237793,
            0.017886100336909294,
            0.999770998954773,
            0.011780699715018272,
            0.0909980982542038,
            -0.013361499644815922,
            0.995760977268219
        ],
        [
            -0.42574501037597656,
            -0.4694179892539978,
            0.39656999707221985,
            0.6626620292663574,
            0.15444399416446686,
            0.05256669968366623,
            0.003925759810954332,
            0.9982979893684387,
            0.05818549916148186,
            -0.05818549916148186,
            -0.0578593984246254,
            0.9966279864311218
        ],
        [
            -0.3694790005683899,
            -0.4767810106277466,
            -0.25208500027656555,
            0.6716300249099731,
            0.11128699779510498,
            0.0500451996922493,
            -0.007179240230470896,
            0.9862110018730164,
            0.16533899307250977,
            -0.11361800134181976,
            -0.16507700085639954,
            0.9797149896621704
        ],
        [
            -0.36652299761772156,
            0.27071601152420044,
            -0.2809549868106842,
            0.9352269768714905,
            0.16175399720668793,
            0.05178539827466011,
            0.014088500291109085,
            0.9774140119552612,
            -0.21086299419403076,
            -0.04695909842848778,
            0.21129800379276276,
            0.9762930274009705
        ],
        [
            0.008632180280983448,
            0.2533159852027893,
            -0.3239069879055023,
            0.12608100473880768,
            0.06514699757099152,
            0.7073180079460144,
            8.575279935030267e-05,
            0.9957020282745361,
            -0.09261500090360641,
            9.409929771209136e-05,
            0.09261500090360641,
            0.9957020282745361
        ],
        [
            0.0014690000098198652,
            0.620281994342804,
            -0.3548319935798645,
            0.1746699959039688,
            0.07145310193300247,
            0.7035160064697266,
            1.547929961986938e-08,
            0.9613100290298462,
            -0.27546799182891846,
            2.0537999745329216e-08,
            0.27546799182891846,
            0.9613100290298462
        ]
    ],
    "ops": [
        [
            0,
            0,
            0,
            1,
            1,
            0,
            0,
            1,
            2,
            1,
            0,
            2,
            0,
            0,
            1,
            1,
            1
        ]
    ],
    "syms": [
        [
            0.0,
            0.9999169707298279,
            -0.01257460005581379,
            -0.0028350299689918756,
            0.0059815398417413235,
            -0.4748480021953583,
            0.3953459858894348,
            0.0
        ],
        [
            0.0,
            0.9999780058860779,
            0.006261719856411219,
            -0.002403350081294775,
            0.001641539973206818,
            0.27302199602127075,
            -0.2818399965763092,
            0.0
        ]
    ],
    "labels:": [
        [
            1,
            3,
            3,
            2,
            2,
            0,
            0,
            0
        ]
    ],
    "obj": 42528,
    "mat_index": 4821,
    "obbs": "N 11\n0.00863218 0.253316 -0.323907 1 -9.40993e-05 -8.57528e-05 9.40993e-05 0.092615 0.995702 -8.57528e-05 -0.995702 0.092615 0.707318 0.065147 0.126081\n0.001469 0.620282 -0.354832 1 -2.0538e-08 -1.54793e-08 2.0538e-08 0.275468 0.96131 -1.54793e-08 -0.96131 0.275468 0.703516 0.0714531 0.17467\n-0.402272 0.131461 0.135265 0.00751621 0.999411 0.0334729 0.99633 -0.010339 0.0849717 0.0852678 0.0327114 -0.995821 0.391957 0.0491534 0.807509\n0.00652 -0.112411 0.0859295 1 0 0 0 1 0 0 0 1 0.923134 0.158223 0.832481\n-0.366523 0.270716 -0.280955 0.0469591 -0.211298 -0.976293 0.998797 -0.0038526 0.0488754 -0.0140885 -0.977414 0.210863 0.161754 0.0517854 0.935227\n0.369806 0.275327 -0.282725 -0.104394 -0.261988 -0.959408 0.994172 -0.00140882 -0.107792 0.0268887 -0.96507 0.260608 0.191579 0.0703982 0.922837\n0.415446 0.134326 0.145042 -0.0178861 -0.999771 -0.0117807 0.99569 -0.0167382 -0.0912162 0.0909981 -0.0133615 0.995761 0.377103 0.0530746 0.785512\n0.437708 -0.480277 0.394122 0.000720671 -0.997117 -0.0758823 0.996662 0.00691072 -0.0813434 0.0816333 -0.0755704 0.993793 0.640349 0.0511819 0.152355\n0.377896 -0.476968 -0.249623 -0.112358 0.148247 -0.982547 0.993606 0.00572623 -0.112759 -0.0110899 -0.988934 -0.147943 0.120842 0.0587341 0.669271\n-0.369479 -0.476781 -0.252085 0.00717924 -0.986211 -0.165339 0.993499 -0.0117518 0.113236 -0.113618 -0.165077 0.979715 0.67163 0.0500452 0.111287\n-0.425745 -0.469418 0.39657 -0.00392576 -0.998298 -0.0581855 0.998298 -0.00729808 0.0578594 -0.0581855 -0.0578594 0.996628 0.662662 0.0525667 0.154444\nC 26\n0 2\n0 3\n0 4\n0 5\n0 1\n0 6\n1 6\n1 2\n1 5\n1 4\n2 9\n2 10\n2 3\n2 4\n3 7\n3 10\n3 6\n3 9\n3 5\n3 8\n3 4\n4 9\n5 6\n5 8\n6 7\n6 8\nS 3\n2\n4 -0.366523 0.270716 -0.280955\n5 0.369806 0.275327 -0.282725\n2\n0.00164154 0.273022 -0.28184\n0.999978 0.00626172 -0.00240335\n2\n7 0.437708 -0.480277 0.394122\n10 -0.425745 -0.469418 0.39657\n2\n0.00598154 -0.474848 0.395346\n-0.999917 0.0125746 0.00283503\n2\n8 0.377896 -0.476968 -0.249623\n9 -0.369479 -0.476781 -0.252085\n2\n0.00420817 -0.476874 -0.250854\n-0.999995 0.000250819 -0.00329456\nL 11\n0\n0\n3\n1\n0\n0\n3\n2\n2\n2\n2"
}