{
    "boxes": [
        [
            0.003034499939531088,
            -0.10514499992132187,
            0.13081300258636475,
            0.17150700092315674,
            0.8842920064926147,
            0.7856450080871582,
            0.0,
            1.0,
            0.0,
            0.0,
            0.0,
            1.0
        ],
        [
            -0.3389439880847931,
            0.1504569947719574,
            0.19130000472068787,
            0.42719000577926636,
            0.8901249766349792,
            0.14790800213813782,
            -0.12247899919748306,
            0.8958200216293335,
            0.42720600962638855,
            -0.03462649881839752,
            -0.4340420067310333,
            0.9002270102500916
        ],
        [
            0.3475959897041321,
            -0.4652400016784668,
            0.4898050129413605,
            0.6085439920425415,
            0.09922599792480469,
            0.09926699846982956,
            0.0,
            1.0,
            0.0,
            0.0,
            0.0,
            1.0
        ],
        [
            -0.32433000206947327,
            -0.4671739935874939,
            -0.2975200116634369,
            0.6157289743423462,
            0.08518829941749573,
            0.0620948001742363,
            0.0003284559934400022,
            0.9841200113296509,
            0.17750300467014313,
            0.08514410257339478,
            -0.17688600718975067,
            0.980542004108429
        ],
        [
            0.0005759010091423988,
            0.2055860012769699,
            -0.3200789988040924,
            0.7920169830322266,
            0.1357640027999878,
            0.6364830136299133,
            0.006270790006965399,
            0.9846199750900269,
            -0.17459900677204132,
            0.007480409927666187,
            0.17455099523067474,
            0.9846199750900269
        ],
        [
            -0.30804601311683655,
            0.1782499998807907,
            -0.31952500343322754,
            0.7941579818725586,
            0.1250150054693222,
            0.1490280032157898,
            -0.03599970042705536,
            0.9750139713287354,
            -0.2192070037126541,
            0.08585689961910248,
            0.22155599296092987,
            0.971360981464386
        ]
    ],
    "ops": [
        [
            0,
            0,
            2,
            1,
            0,
            0,
            1,
            2,
            1,
            0,
            0,
            2,
            1,
            1
        ]
    ],
    "syms": [
        [
            0.0,
            0.9999750256538391,
            -0.006556939799338579,
            0.0025832699611783028,
            0.006367510184645653,
            0.14819300174713135,
            0.19219200313091278,
            0.0
        ],
        [
            0.0,
            0.9998490214347839,
            0.011076600290834904,
            -0.01340010017156601,
            0.008937999606132507,
            -0.4689919948577881,
            0.49434399604797363,
            0.0
        ],
        [
            0.0,
            0.9995200037956238,
            0.019011199474334717,
            0.024452900514006615,
            0.006012650206685066,
            0.1842239946126938,
            -0.3118410110473633,
            0.0
        ]
    ],
    "labels:": [
        [
            1,
            3,
            2,
            2,
            0,
            0
        ]
    ],
    "obj": 42537,
    "mat_index": 4828,
    "obbs": "N 10\n0.000575901 0.205586 -0.320079 0.999952 -0.00748041 -0.00627079 0.00748041 0.174551 0.98462 -0.00627079 -0.98462 0.174599 0.636483 0.135764 0.792017\n0.351679 0.145929 0.193084 -0.177257 -0.900037 -0.398138 0.983815 -0.151266 -0.0960557 0.0262289 -0.408721 0.912282 0.424499 0.140421 0.86099\n-0.338944 0.150457 0.1913 0.122479 -0.89582 -0.427206 0.991867 0.0954659 0.08418 -0.0346265 -0.434042 0.900227 0.42719 0.147908 0.890125\n0.0030345 -0.105145 0.130813 1 0 0 0 1 0 0 0 1 0.785645 0.171507 0.884292\n0.320071 0.190197 -0.304158 -0.988995 0.0114841 -0.147503 -0.140653 0.236237 0.961462 0.0458871 0.971628 -0.232022 0.140439 0.140946 0.774833\n-0.308046 0.17825 -0.319525 0.995657 0.0161483 -0.0916876 0.0858569 0.221556 0.971361 0.0359997 -0.975014 0.219207 0.149028 0.125015 0.794158\n0.347596 -0.46524 0.489805 1 0 0 0 1 0 0 0 1 0.099267 0.608544 0.099226\n0.327819 -0.470711 -0.301103 -0.0398253 0.168566 -0.984885 0.999195 0.00204886 -0.0400533 -0.00473375 -0.985688 -0.168512 0.0757731 0.0617882 0.607483\n-0.32972 -0.472743 0.498883 1 0 0 0 1 0 0 0 1 0.123659 0.593579 0.081249\n-0.32433 -0.467174 -0.29752 -0.0851441 0.176886 -0.980542 0.996369 0.0147913 -0.0838501 -0.000328456 -0.98412 -0.177503 0.0851883 0.0620948 0.615729\nC 23\n0 7\n0 3\n0 4\n0 5\n0 1\n0 9\n0 2\n1 3\n1 6\n1 4\n1 7\n2 8\n2 5\n2 9\n2 3\n3 7\n3 6\n3 9\n3 5\n3 8\n3 4\n4 7\n5 9\nS 4\n2\n1 0.351679 0.145929 0.193084\n2 -0.338944 0.150457 0.1913\n2\n0.00636751 0.148193 0.192192\n-0.999975 0.00655694 -0.00258327\n2\n4 0.320071 0.190197 -0.304158\n5 -0.308046 0.17825 -0.319525\n2\n0.00601265 0.184224 -0.311841\n-0.99952 -0.0190112 -0.0244529\n2\n6 0.347596 -0.46524 0.489805\n8 -0.32972 -0.472743 0.498883\n2\n0.008938 -0.468992 0.494344\n-0.999849 -0.0110766 0.0134001\n2\n7 0.327819 -0.470711 -0.301103\n9 -0.32433 -0.467174 -0.29752\n2\n0.00174429 -0.468942 -0.299311\n-0.99997 0.005424 0.00549349\nL 10\n0\n3\n3\n1\n0\n0\n2\n2\n2\n2"
}