{
    "boxes": [
        [
            -0.025384999811649323,
            -0.18049399554729462,
            0.13618800044059753,
            0.09855499863624573,
            0.9159209728240967,
            0.8232839703559875,
            0.0,
            1.0,
            0.0,
            0.0,
            0.0,
            1.0
        ],
        [
            -0.2820509970188141,
            -0.3248099982738495,
            0.11563699692487717,
            0.0614158995449543,
            0.45295798778533936,
            0.04760599881410599,
            0.4840500056743622,
            0.8716149926185608,
            0.07735200226306915,
            -0.10408300161361694,
            -0.030420100316405296,
            0.9941030144691467
        ],
        [
            -0.24931000173091888,
            -0.5012480020523071,
            -0.14837899804115295,
            0.59517902135849,
            0.09789200127124786,
            0.09920600056648254,
            0.0,
            1.0,
            0.0,
            0.0,
            0.0,
            1.0
        ],
        [
            0.279556006193161,
            -0.29523301124572754,
            0.12142100185155869,
            0.06062199920415878,
            0.5787439942359924,
            0.07110100239515305,
            0.0,
            1.0,
            0.0,
            0.0,
            0.0,
            1.0
        ],
        [
            0.29773300886154175,
            -0.4999009966850281,
            -0.19496400654315948,
            0.5973719954490662,
            0.07462140172719955,
            0.10552699863910675,
            0.0026125600561499596,
            0.9999340176582336,
            0.011173300445079803,
            -0.25362399220466614,
            -0.0101453997194767,
            0.9672499895095825
        ],
        [
            0.027731899172067642,
            -0.3192709982395172,
            -0.16667300462722778,
            0.047692298889160156,
            0.06366760283708572,
            0.5189499855041504,
            -0.04181290045380592,
            0.8786100149154663,
            -0.4757060110569,
            0.04171380028128624,
            0.47724199295043945,
            0.8777809739112854
        ],
        [
            -0.3100070059299469,
            -0.5002710223197937,
            0.3781520128250122,
            0.5968250036239624,
            0.11063200235366821,
            0.0797090008854866,
            0.0,
            1.0,
            0.0,
            0.0,
            0.0,
            1.0
        ],
        [
            0.0066965301521122456,
            0.44203999638557434,
            -0.24935099482536316,
            0.938385009765625,
            0.08282289654016495,
            0.8211680054664612,
            0.06914149969816208,
            0.9976069927215576,
            0.00047612699563615024,
            -0.03554230183362961,
            0.0019863799680024385,
            0.9993659853935242
        ],
        [
            0.08037690073251724,
            -0.06885260343551636,
            -0.22790999710559845,
            0.14984799921512604,
            0.054413698613643646,
            0.11433099955320358,
            -0.01664239913225174,
            0.9984809756278992,
            -0.052524201571941376,
            -0.07261940091848373,
            0.05118570104241371,
            0.9960449934005737
        ],
        [
            -0.2589170038700104,
            -0.044458698481321335,
            -0.253246009349823,
            0.2187879979610443,
            0.0562531016767025,
            0.2895579934120178,
            -0.3436180055141449,
            0.9355239868164062,
            -0.08198869973421097,
            -0.039677198976278305,
            0.07276439666748047,
            0.9965599775314331
        ],
        [
            0.23903900384902954,
            -0.06790369749069214,
            -0.24098500609397888,
            0.1632169932126999,
            0.06279200315475464,
            0.11146300286054611,
            -0.14363500475883484,
            0.9892029762268066,
            0.029078800231218338,
            0.06367339938879013,
            -0.020085100084543228,
            0.9977689981460571
        ]
    ],
    "ops": [
        [
            0,
            0,
            0,
            1,
            0,
            0,
            1,
            0,
            2,
            0,
            2,
            1,
            1,
            1,
            1,
            0,
            0,
            1,
            0,
            0,
            2,
            1,
            1,
            1
        ]
    ],
    "syms": [
        [
            0.0,
            -0.08745410293340683,
            -0.030590100213885307,
            0.9956989884376526,
            0.0028108300175517797,
            -0.32798799872398376,
            0.1170630007982254,
            0.0
        ],
        [
            0.0,
            0.9952219724655151,
            -0.00588882016018033,
            0.09745819866657257,
            -0.012775500304996967,
            -0.5020290017127991,
            0.4072589874267578,
            0.0
        ],
        [
            0.0,
            0.9996269941329956,
            0.024217000231146812,
            -0.012655399739742279,
            0.07464560121297836,
            -0.07188630104064941,
            -0.23890399932861328,
            0.0
        ]
    ],
    "labels:": [
        [
            1,
            2,
            2,
            2,
            2,
            2,
            2,
            0,
            0,
            0,
            0
        ]
    ],
    "obj": 42544,
    "mat_index": 4834,
    "obbs": "N 14\n0.00669653 0.44204 -0.249351 -0.996974 0.0691146 -0.0355946 -0.0355423 0.00198638 0.999366 0.0691415 0.997607 0.000476127 0.821168 0.0828229 0.938385\n0.279556 -0.295233 0.121421 1 0 0 0 1 0 0 0 1 0.071101 0.060622 0.578744\n-0.0221102 -0.336705 0.400799 -0.991495 -0.0116028 -0.129624 -0.0907907 -0.651941 0.752815 -0.0932419 0.758181 0.645343 0.53862 0.0531973 0.0700267\n0.0277319 -0.319271 -0.166673 0.998254 0.016859 -0.056605 -0.0418129 0.87861 -0.475706 0.0417138 0.477242 0.877781 0.51895 0.0476923 0.0636676\n-0.282051 -0.32481 0.115637 0.104083 0.0304201 -0.994103 0.868828 -0.489247 0.0759952 -0.48405 -0.871615 -0.077352 0.452958 0.047606 0.0614159\n-0.025385 -0.180494 0.136188 1 0 0 0 1 0 0 0 1 0.823284 0.098555 0.915921\n0.239039 -0.0679037 -0.240985 0.98758 0.145166 -0.0601011 0.0636734 -0.0200851 0.997769 0.143635 -0.989203 -0.0290788 0.111463 0.062792 0.163217\n0.0803769 -0.0688526 -0.22791 -0.0166424 0.998481 -0.0525242 -0.0726194 0.0511857 0.996045 0.997221 0.0203909 0.0716572 0.149848 0.0544137 0.114331\n-0.0897477 -0.0758689 -0.236823 -0.986952 0.142461 -0.0750432 -0.0659656 0.0674135 0.995542 0.146885 0.987502 -0.0571364 0.133423 0.0434481 0.194159\n-0.258917 -0.0444587 -0.253246 0.938271 0.345689 0.0121158 -0.0396772 0.0727644 0.99656 0.343618 -0.935524 0.0819887 0.289558 0.0562531 0.218788\n-0.24931 -0.501248 -0.148379 1 0 0 0 1 0 0 0 1 0.099206 0.595179 0.097892\n0.297733 -0.499901 -0.194964 -0.967299 0.0053608 -0.253581 -0.253624 -0.0101454 0.96725 0.00261256 0.999934 0.0111733 0.105527 0.0746214 0.597372\n0.284457 -0.503788 0.436365 1 0 0 0 1 0 0 0 1 0.116889 0.590102 0.116929\n-0.310007 -0.500271 0.378152 1 0 0 0 1 0 0 0 1 0.079709 0.596825 0.110632\nC 51\n0 7\n0 10\n0 3\n0 11\n0 5\n0 8\n0 1\n0 6\n0 9\n1 3\n1 6\n1 11\n1 2\n1 5\n1 12\n1 7\n2 12\n2 5\n2 13\n2 4\n3 11\n3 7\n3 10\n3 6\n3 9\n3 5\n3 8\n3 4\n4 8\n4 9\n4 13\n4 10\n4 5\n5 9\n5 6\n5 13\n5 8\n5 12\n5 11\n5 10\n5 7\n6 7\n6 11\n6 8\n7 11\n7 10\n7 8\n7 9\n8 9\n8 10\n9 10\nS 3\n2\n2 -0.0221102 -0.336705 0.400799\n3 0.0277319 -0.319271 -0.166673\n2\n0.00281083 -0.327988 0.117063\n0.0874541 0.0305901 -0.995699\n2\n8 -0.0897477 -0.0758689 -0.236823\n6 0.239039 -0.0679037 -0.240985\n2\n0.0746456 -0.0718863 -0.238904\n0.999627 0.024217 -0.0126554\n2\n12 0.284457 -0.503788 0.436365\n13 -0.310007 -0.500271 0.378152\n2\n-0.0127755 -0.502029 0.407259\n-0.995222 0.00588882 -0.0974582\nL 14\n0\n2\n2\n2\n2\n1\n0\n0\n0\n0\n2\n2\n2\n2"
}