{
    "boxes": [
        [
            -0.007948500104248524,
            -0.14693599939346313,
            0.08201249688863754,
            0.18991300463676453,
            0.8238329887390137,
            0.7115210294723511,
            0.0,
            1.0,
            0.0,
            0.0,
            0.0,
            1.0
        ],
        [
            -0.3857420086860657,
            0.26465100049972534,
            0.10060200095176697,
            0.06774900108575821,
            0.7210879921913147,
            0.11759799718856812,
            7.411060209960851e-08,
            1.0,
            6.671640306876725e-08,
            -0.05233599990606308,
            -6.274630237612655e-08,
            0.9986299872398376
        ],
        [
            -0.39863499999046326,
            0.02092299982905388,
            0.36550500988960266,
            0.4226430058479309,
            0.12637299299240112,
            0.06642100214958191,
            -0.0,
            0.9377800226211548,
            -0.3472299873828888,
            0.0,
            0.3472299873828888,
            0.9377800226211548
        ],
        [
            -0.39863499999046326,
            0.27195799350738525,
            0.1433670073747635,
            0.0564580000936985,
            0.2255530059337616,
            0.06974200159311295,
            0.0,
            1.0,
            0.0,
            0.0,
            0.0,
            1.0
        ],
        [
            -0.2277809977531433,
            -0.513338029384613,
            -0.21353499591350555,
            0.6704379916191101,
            0.07087170332670212,
            0.070871502161026,
            1.3309299902175553e-05,
            1.0,
            1.3510099961422384e-05,
            -0.7070930004119873,
            -1.423940005906843e-07,
            0.7071200013160706
        ],
        [
            -0.3964090049266815,
            -0.5133389830589294,
            0.4041779935359955,
            0.6704369783401489,
            0.07087100297212601,
            0.07087100297212601,
            0.0,
            1.0,
            0.0,
            0.0,
            0.0,
            1.0
        ],
        [
            -0.19124799966812134,
            -0.08799850195646286,
            -0.2610499858856201,
            0.3049750030040741,
            0.03320999816060066,
            0.05977899953722954,
            0.0,
            1.0,
            0.0,
            0.0,
            0.0,
            1.0
        ],
        [
            -0.009656500071287155,
            0.3471440076828003,
            -0.2532930076122284,
            0.5967029929161072,
            0.09132800251245499,
            0.5103669762611389,
            0.05233599990606308,
            0.9986299872398376,
            -2.218449963170549e-16,
            2.0068499742799616e-18,
            2.2204500197172533e-16,
            1.0
        ],
        [
            -0.009656500071287155,
            0.347012996673584,
            -0.24914099276065826,
            0.7306259870529175,
            0.09963099658489227,
            0.6442790031433105,
            0.0,
            1.0,
            0.0,
            0.0,
            0.0,
            1.0
        ]
    ],
    "ops": [
        [
            0,
            0,
            0,
            0,
            1,
            1,
            2,
            1,
            0,
            0,
            1,
            2,
            1,
            0,
            2,
            0,
            0,
            1,
            1,
            1
        ]
    ],
    "syms": [
        [
            0.0,
            1.0,
            -5.009319985183579e-14,
            -7.355819931809148e-16,
            -0.008414249867200851,
            0.26465100049972534,
            0.10060200095176697,
            0.0
        ],
        [
            0.0,
            1.0,
            -2.8178600810146656e-15,
            4.6238600242502065e-14,
            -0.011084100231528282,
            -0.513338029384613,
            -0.21353499591350555,
            0.0
        ],
        [
            0.0,
            1.0,
            -0.0,
            -0.0,
            -0.009656249545514584,
            -0.08799850195646286,
            -0.2610499858856201,
            0.0
        ]
    ],
    "labels:": [
        [
            1,
            3,
            3,
            3,
            2,
            2,
            0,
            0,
            0
        ]
    ],
    "obj": 42545,
    "mat_index": 4835,
    "obbs": "N 15\n-0.0096565 0.347144 -0.253293 0.052336 0.99863 -2.21845e-16 2.00685e-18 2.22045e-16 1 0.99863 -0.052336 9.61682e-18 0.596703 0.091328 0.510367\n-0.0079485 -0.146936 0.0820125 1 0 0 0 1 0 0 0 1 0.711521 0.189913 0.823833\n0.381807 0.020923 0.365505 1 0 0 -0 0.34723 0.93778 0 -0.93778 0.34723 0.066421 0.126373 0.422643\n-0.398635 0.020923 0.365505 1 0 0 0 0.34723 0.93778 0 -0.93778 0.34723 0.066421 0.126373 0.422643\n0.380146 0.271128 0.165673 1 0 0 0 1 0 0 0 1 0.073062 0.058118 0.225553\n0.368914 0.264651 0.100602 0.99863 7.75005e-08 -0.052336 -7.41104e-08 1 6.67164e-08 0.052336 -6.27463e-08 0.99863 0.117599 0.067749 0.721088\n-0.398635 0.271958 0.143367 1 0 0 0 1 0 0 0 1 0.069742 0.056458 0.225553\n-0.385742 0.264651 0.100602 0.052336 6.27463e-08 -0.99863 7.41106e-08 1 6.67164e-08 0.99863 -7.75007e-08 0.052336 0.721088 0.067749 0.117598\n0.171935 -0.0879985 -0.26105 1 0 0 0 1 0 0 0 1 0.059778 0.304975 0.03321\n-0.191248 -0.0879985 -0.26105 1 0 0 0 1 0 0 0 1 0.059779 0.304975 0.03321\n-0.227781 -0.513338 -0.213535 1.33093e-05 1 1.35101e-05 -0.707093 -1.42394e-07 0.70712 0.70712 -1.89642e-05 0.707093 0.670438 0.0708717 0.0708715\n0.205613 -0.513338 -0.213535 -0.70712 1.89642e-05 -0.707093 -0.707093 -1.42394e-07 0.70712 1.33093e-05 1 1.35101e-05 0.0708715 0.0708717 0.670438\n0.379582 -0.513339 0.404178 1 0 0 0 1 0 0 0 1 0.070871 0.670437 0.070871\n-0.396409 -0.513339 0.404178 1 0 0 0 1 0 0 0 1 0.070871 0.670437 0.070871\n-0.0096565 0.347013 -0.249141 1 0 0 0 1 0 0 0 1 0.644279 0.730626 0.099631\nC 36\n0 14\n0 7\n0 10\n0 11\n0 5\n0 8\n0 1\n0 9\n1 3\n1 11\n1 2\n1 14\n1 10\n1 13\n1 9\n1 12\n1 8\n2 12\n2 5\n2 4\n3 7\n3 6\n3 13\n4 5\n5 8\n5 14\n6 14\n6 7\n7 14\n7 9\n8 14\n8 11\n9 14\n9 10\n10 14\n11 14\nS 6\n2\n2 0.381807 0.020923 0.365505\n3 -0.398635 0.020923 0.365505\n2\n-0.008414 0.020923 0.365505\n-1 0 0\n2\n4 0.380146 0.271128 0.165673\n6 -0.398635 0.271958 0.143367\n2\n-0.0092445 0.271543 0.15452\n-0.99959 0.00106533 -0.0286292\n2\n5 0.368914 0.264651 0.100602\n7 -0.385742 0.264651 0.100602\n2\n-0.00841425 0.264651 0.100602\n-1 5.00932e-14 7.35582e-16\n2\n8 0.171935 -0.0879985 -0.26105\n9 -0.191248 -0.0879985 -0.26105\n2\n-0.00965625 -0.0879985 -0.26105\n-1 0 0\n2\n10 -0.227781 -0.513338 -0.213535\n11 0.205613 -0.513338 -0.213535\n2\n-0.0110841 -0.513338 -0.213535\n1 -2.81786e-15 4.62386e-14\n2\n12 0.379582 -0.513339 0.404178\n13 -0.396409 -0.513339 0.404178\n2\n-0.008414 -0.513339 0.404178\n-1 0 0\nL 15\n0\n1\n3\n3\n3\n3\n3\n3\n0\n0\n2\n2\n2\n2\n0"
}