{
    "boxes": [
        [
            -0.012417499907314777,
            -0.08485040068626404,
            0.1891150027513504,
            0.3885349929332733,
            0.7483800053596497,
            0.8695799708366394,
            -0.02078939974308014,
            0.9882439970970154,
            0.15146400034427643,
            -0.1548359990119934,
            -0.15285100042819977,
            0.9760439991950989
        ],
        [
            -0.33869999647140503,
            0.17445099353790283,
            -0.18014700710773468,
            0.11817300319671631,
            0.3369239866733551,
            0.10119699686765671,
            0.35185399651527405,
            0.8377770185470581,
            -0.4175260066986084,
            -0.4724009931087494,
            0.5440070033073425,
            0.693464994430542
        ],
        [
            -0.3550029993057251,
            0.16100700199604034,
            -0.1988389939069748,
            0.10072200000286102,
            0.23909099400043488,
            0.05004819855093956,
            0.24937699735164642,
            0.843288004398346,
            -0.4761039912700653,
            -0.2795009911060333,
            0.533390998840332,
            0.7983570098876953
        ],
        [
            -0.40373900532722473,
            0.2948850095272064,
            -0.008021789602935314,
            0.0875094011425972,
            0.41721001267433167,
            0.13856999576091766,
            0.0772835984826088,
            0.9934859871864319,
            -0.08373849838972092,
            -0.20411300659179688,
            0.0979766994714737,
            0.9740319848060608
        ],
        [
            -0.3817949891090393,
            0.24035899341106415,
            -0.11551900207996368,
            0.02185479924082756,
            0.1467670053243637,
            0.08389080315828323,
            0.008041920140385628,
            0.9981060028076172,
            -0.060996100306510925,
            -0.35812699794769287,
            0.059826698154211044,
            0.9317539930343628
        ],
        [
            -0.005923499818891287,
            -0.5241280198097229,
            0.07039300352334976,
            0.5054330229759216,
            0.09306000173091888,
            0.0933149978518486,
            0.0,
            1.0,
            0.0,
            0.0,
            0.0,
            1.0
        ],
        [
            -0.28347399830818176,
            -0.1871190071105957,
            0.13777700066566467,
            0.04815879836678505,
            0.04862689971923828,
            0.25960299372673035,
            0.04345269873738289,
            0.9605929851531982,
            -0.2745400071144104,
            -0.1503089964389801,
            0.2779569923877716,
            0.948760986328125
        ],
        [
            0.027089999988675117,
            -0.6449549794197083,
            -0.21087199449539185,
            0.11764000356197357,
            0.6008620262145996,
            0.04493249952793121,
            0.03771980106830597,
            0.9805390238761902,
            -0.19266700744628906,
            -0.11164099723100662,
            0.1957319974899292,
            0.9742820262908936
        ],
        [
            0.07597920298576355,
            -0.7408049702644348,
            -0.4961940050125122,
            0.10968399792909622,
            0.06689739972352982,
            0.08833619952201843,
            -0.3798780143260956,
            0.8722079992294312,
            0.30813300609588623,
            0.629010021686554,
            -0.0006822290015406907,
            0.7773969769477844
        ],
        [
            -0.21492899954319,
            0.04022049903869629,
            -0.24429400265216827,
            0.39446699619293213,
            0.059486400336027145,
            0.10875000059604645,
            -0.11261100322008133,
            0.9934729933738708,
            -0.01818530075252056,
            -0.21709300577640533,
            -0.006739850156009197,
            0.9761279821395874
        ],
        [
            0.04762490093708038,
            0.38393399119377136,
            -0.2480420023202896,
            1.0475399494171143,
            0.20461000502109528,
            0.8857129812240601,
            0.013898500241339207,
            0.9798269867897034,
            -0.19936500489711761,
            -0.11096400022506714,
            0.19966399669647217,
            0.9735609889030457
        ],
        [
            0.047359101474285126,
            0.11207800358533859,
            -0.232341006398201,
            0.15934400260448456,
            0.069752998650074,
            0.49580100178718567,
            -0.0009467159979976714,
            0.9999510049819946,
            0.009840980172157288,
            -0.15583600103855133,
            -0.009868280030786991,
            0.9877340197563171
        ]
    ],
    "ops": [
        [
            0,
            0,
            0,
            1,
            0,
            0,
            1,
            1,
            2,
            1,
            0,
            0,
            1,
            0,
            0,
            1,
            2,
            1,
            1,
            0,
            2,
            0,
            0,
            1,
            1,
            1
        ]
    ],
    "syms": [
        [
            0.0,
            0.9872720241546631,
            -0.005513329990208149,
            0.1589449942111969,
            0.0275385994464159,
            0.17240600287914276,
            -0.12118399888277054,
            0.0
        ],
        [
            -1.0,
            0.03745400160551071,
            0.998511016368866,
            -0.039649300277233124,
            -0.006576620042324066,
            -0.6308469772338867,
            0.07164590060710907,
            0.20000000298023224
        ],
        [
            0.0,
            0.9876819849014282,
            4.639240160031477e-06,
            0.15647700428962708,
            0.040845099836587906,
            0.040221698582172394,
            -0.20377199351787567,
            0.0
        ]
    ],
    "labels:": [
        [
            1,
            3,
            3,
            3,
            3,
            2,
            2,
            2,
            2,
            0,
            0,
            0
        ]
    ],
    "obj": 2780,
    "mat_index": 486,
    "obbs": "N 25\n0.0476249 0.383934 -0.248042 -0.993727 -0.00859137 -0.111501 -0.110964 0.199664 0.973561 0.0138985 0.979827 -0.199365 0.885713 0.20461 1.04754\n-0.0059235 -0.524128 0.070393 1 0 0 0 1 0 0 0 1 0.093315 0.505433 0.09306\n-0.3387 0.174451 -0.180147 0.351854 0.837777 -0.417526 0.808107 -0.0467592 0.587178 0.472401 -0.544007 -0.693465 0.118173 0.101197 0.336924\n0.393778 0.170361 -0.062222 -0.371432 0.845771 -0.383027 0.89235 0.21126 -0.398848 -0.256416 -0.489939 -0.833193 0.122537 0.11155 0.337281\n-0.0124175 -0.0848504 0.189115 0.154836 0.152851 -0.976044 -0.0207894 0.988244 0.151464 0.987721 -0.00316078 0.156194 0.74838 0.388535 0.86958\n-0.355003 0.161007 -0.198839 0.249377 0.843288 -0.476104 0.927195 -0.0660207 0.368715 0.279501 -0.533391 -0.798357 0.100722 0.0500482 0.239091\n0.408644 0.158339 -0.0815138 0.014145 -0.535703 -0.844288 0.999897 0.0097144 0.0105882 0.00252964 -0.844351 0.535785 0.232692 0.0446601 0.100846\n-0.403739 0.294885 -0.00802179 -0.975892 0.0581846 -0.210356 0.0772836 0.993486 -0.0837385 0.204113 -0.0979767 -0.974032 0.13857 0.0875094 0.41721\n-0.381795 0.240359 -0.115519 0.358127 -0.0598267 -0.931754 0.00804192 0.998106 -0.0609961 0.933638 0.0143513 0.35793 0.146767 0.0218548 0.0838908\n0.402748 0.294884 0.119725 -0.993132 -0.058177 -0.101507 -0.0476165 0.993486 -0.103525 0.106869 -0.0979811 -0.989434 0.13858 0.0875094 0.417209\n0.412255 0.238643 0.0105135 0.998277 -0.0280655 -0.0515356 0.025118 0.99806 -0.0569762 0.0530347 0.0555835 0.997045 0.0840356 0.0260989 0.146452\n0.271677 -0.645797 0.0139803 0.960269 -0.199327 -0.195327 0.199327 1.12624e-06 0.979933 -0.195327 -0.979933 0.0397325 0.601067 0.0437822 0.117223\n0.02709 -0.644955 -0.210872 0.0377198 0.980539 -0.192667 0.993032 -0.0152402 0.116851 0.111641 -0.195732 -0.974282 0.11764 0.0449325 0.600862\n-0.267859 -0.621154 -0.0492337 -0.103052 0.993568 -0.0469356 -0.414724 -2.92855e-05 0.909947 0.904093 0.113237 0.41206 0.118896 0.043782 0.593999\n-0.200243 -0.621106 0.282996 -0.0757704 0.99359 0.0838912 0.737387 -0.000798912 0.67547 0.671207 0.113041 -0.7326 0.118916 0.0438083 0.593978\n0.136452 -0.621224 0.321359 -0.48911 0.113448 -0.864813 0.870477 0.000801601 -0.492209 -0.055147 -0.993544 -0.0991462 0.594022 0.0438089 0.11891\n0.549306 -0.740942 -0.0621823 -0.907643 -0.00832201 -0.419661 -0.362345 -0.489135 0.793381 -0.211873 0.872169 0.440944 0.0677062 0.0883378 0.11\n-0.51775 -0.741042 -0.182916 0.959092 -0.0145605 -0.28272 0.239777 -0.489132 0.838604 -0.150498 -0.872088 -0.465632 0.0682691 0.0883348 0.110195\n-0.371893 -0.740919 0.502549 -0.195248 0.872181 -0.448528 0.361089 0.489133 0.793954 0.911862 -0.00694072 -0.410437 0.109947 0.0883355 0.0675647\n0.29815 -0.746103 0.557649 1 0 0 0 1 0 0 0 1 0.093642 0.095899 0.073584\n0.0759792 -0.740805 -0.496194 -0.62901 0.000682229 -0.777397 0.678262 0.489135 -0.548368 0.379878 -0.872208 -0.308133 0.0668974 0.0883362 0.109684\n0.0473591 0.112078 -0.232341 -0.987783 0.000598472 -0.155837 -0.155836 -0.00986828 0.987734 -0.000946716 0.999951 0.00984098 0.495801 0.069753 0.159344\n0.296619 0.0402229 -0.16325 -0.98906 0.113788 -0.0938751 -0.095255 -0.00673952 0.99543 0.112635 0.993482 0.0175047 0.108754 0.0594865 0.394467\n-0.214929 0.0402205 -0.244294 -0.969634 -0.113871 -0.216435 -0.217093 -0.00673985 0.976128 -0.112611 0.993473 -0.0181853 0.10875 0.0594864 0.394467\n-0.283474 -0.187119 0.137777 0.0434527 0.960593 -0.27454 -0.150309 0.277957 0.948761 0.987684 3.96141e-05 0.156464 0.0481588 0.0486269 0.259603\nC 78\n0 2\n0 7\n0 10\n0 3\n0 21\n0 24\n0 4\n0 22\n0 5\n0 8\n0 23\n0 1\n0 6\n0 9\n1 15\n1 11\n1 14\n1 24\n1 13\n1 4\n1 12\n2 8\n2 5\n2 23\n2 7\n2 21\n2 4\n3 21\n3 10\n3 6\n3 9\n3 22\n3 4\n4 7\n4 8\n4 22\n4 9\n4 23\n4 24\n4 10\n4 5\n4 21\n4 6\n5 23\n5 8\n5 21\n5 7\n6 9\n6 21\n6 10\n6 22\n7 21\n7 23\n7 8\n8 23\n8 21\n9 22\n9 21\n9 10\n10 21\n10 22\n11 16\n11 14\n11 13\n11 12\n11 15\n12 20\n12 13\n12 14\n12 15\n13 17\n13 15\n13 14\n14 18\n14 15\n15 19\n21 23\n21 22\nS 7\n2\n2 -0.3387 0.174451 -0.180147\n3 0.393778 0.170361 -0.062222\n2\n0.0275386 0.172406 -0.121184\n0.987272 -0.00551333 0.158945\n2\n5 -0.355003 0.161007 -0.198839\n6 0.408644 0.158339 -0.0815138\n2\n0.0268201 0.159673 -0.140176\n0.988397 -0.0034534 0.151855\n2\n7 -0.403739 0.294885 -0.00802179\n9 0.402748 0.294884 0.119725\n2\n-0.000495583 0.294884 0.0558518\n0.987686 -6.75483e-07 0.156449\n2\n8 -0.381795 0.240359 -0.115519\n10 0.412255 0.238643 0.0105135\n2\n0.0152297 0.239501 -0.0525027\n0.987635 -0.0021343 0.156758\n5\n13 -0.267859 -0.621154 -0.0492337\n12 0.02709 -0.644955 -0.210872\n11 0.271677 -0.645797 0.0139803\n15 0.136452 -0.621224 0.321359\n14 -0.200243 -0.621106 0.282996\n3\n-0.00657662 -0.630847 0.0716459\n0.037454 0.998511 -0.0396493\n5\n17 -0.51775 -0.741042 -0.182916\n20 0.0759792 -0.740805 -0.496194\n16 0.549306 -0.740942 -0.0621823\n19 0.29815 -0.746103 0.557649\n18 -0.371893 -0.740919 0.502549\n3\n0.00675818 -0.741962 0.0637811\n0.0103668 0.999946 -0.0011696\n2\n23 -0.214929 0.0402205 -0.244294\n22 0.296619 0.0402229 -0.16325\n2\n0.0408451 0.0402217 -0.203772\n0.987682 4.63924e-06 0.156477\nL 25\n0\n2\n3\n3\n1\n3\n3\n3\n3\n3\n3\n2\n2\n2\n2\n2\n2\n2\n2\n2\n2\n0\n0\n0\n2"
}