{
    "boxes": [
        [
            0.0011470000026747584,
            -0.15022100508213043,
            0.26522499322891235,
            0.2962700128555298,
            0.7705060243606567,
            0.6907780170440674,
            0.0,
            1.0,
            0.0,
            0.0,
            0.0,
            1.0
        ],
        [
            0.007584999781101942,
            -0.4557799994945526,
            0.21930499374866486,
            0.3279690146446228,
            0.08090399950742722,
            0.08090399950742722,
            0.0,
            1.0,
            0.0,
            0.0,
            0.0,
            1.0
        ],
        [
            0.13326500356197357,
            -0.6547489762306213,
            -0.16749699413776398,
            0.08746449649333954,
            0.08746539801359177,
            0.06997519731521606,
            -5.549559773498913e-06,
            1.0,
            -4.123519829590805e-06,
            -0.30902299284935,
            2.2067499685363146e-06,
            0.9510539770126343
        ],
        [
            0.0839432030916214,
            -0.5494740009307861,
            -0.015699999406933784,
            0.09478989988565445,
            0.4471000134944916,
            0.056851498782634735,
            0.06423109769821167,
            0.9781469702720642,
            -0.1977439969778061,
            -0.3022649884223938,
            0.20791499316692352,
            0.9302729964256287
        ],
        [
            0.015567200258374214,
            0.3588640093803406,
            -0.24140100181102753,
            1.125939965248108,
            0.28917399048805237,
            0.7881709933280945,
            -0.004842409864068031,
            0.9285659790039062,
            -0.37113600969314575,
            -0.007150200195610523,
            0.37109899520874023,
            0.9285659790039062
        ]
    ],
    "ops": [
        [
            0,
            0,
            0,
            0,
            1,
            2,
            1,
            1,
            0,
            1
        ]
    ],
    "syms": [
        [
            -1.0,
            -4.652710161590079e-11,
            1.0,
            -1.6961300419726655e-10,
            0.007585589773952961,
            -0.6547489762306213,
            0.21930299699306488,
            0.20000000298023224
        ]
    ],
    "labels:": [
        [
            1,
            2,
            2,
            2,
            0
        ]
    ],
    "obj": 42597,
    "mat_index": 4863,
    "obbs": "N 13\n0.0155672 0.358864 -0.241401 -0.00484241 0.928566 -0.371136 -0.0071502 0.371099 0.928566 0.999963 0.0071502 0.00484241 1.12594 0.289174 0.788171\n0.007585 -0.45578 0.219305 1 0 0 0 1 0 0 0 1 0.080904 0.327969 0.080904\n0.133264 -0.654749 0.606102 0.951034 -7.39225e-05 -0.309087 0.309087 -2.20867e-06 0.951034 -7.09855e-05 -1 2.0748e-05 0.0699822 0.0874679 0.0874692\n-0.321446 -0.654749 0.458359 -0.587773 1.5382e-05 -0.809026 0.809026 2.19682e-06 -0.587773 -7.26381e-06 -1 -1.37356e-05 0.069976 0.0874643 0.0874651\n-0.321446 -0.654749 -0.0197526 0.587767 -2.2067e-05 -0.80903 0.80903 2.20188e-06 0.587767 -1.11889e-05 -1 1.91471e-05 0.0699758 0.0874641 0.0874655\n0.133265 -0.654749 -0.167497 -0.951054 -6.5522e-06 -0.309023 -0.309023 2.20675e-06 0.951054 -5.54956e-06 1 -4.12352e-06 0.0699752 0.0874654 0.0874645\n0.414291 -0.654749 0.219303 -2.19579e-06 -1 2.06934e-17 1 -2.19579e-06 -2.06933e-17 2.06934e-17 2.06933e-17 1 0.087464 0.087463 0.069971\n0.001147 -0.150221 0.265225 1 0 0 0 1 0 0 0 1 0.690778 0.29627 0.770506\n0.254683 -0.549472 0.219303 -0.978148 0.207909 -4.43308e-07 -2.84628e-06 -1.12586e-05 1 0.207909 0.978148 1.16044e-05 0.447097 0.056852 0.0947901\n0.0839438 -0.549474 0.454308 -0.0642276 -0.978147 -0.197746 0.951058 2.25704e-05 -0.309013 0.302265 -0.207915 0.930273 0.0947896 0.0568518 0.447099\n-0.19232 -0.549471 0.364544 0.791338 0.207902 -0.574944 0.587793 -3.34505e-05 0.809011 0.168176 -0.97815 -0.12223 0.447098 0.0568533 0.0947905\n-0.19232 -0.549475 0.0740635 -0.791336 -0.20792 -0.574941 -0.587792 3.15904e-05 0.809012 -0.168192 0.978146 -0.122239 0.447099 0.0568509 0.0947904\n0.0839432 -0.549474 -0.0157 0.302265 -0.207915 -0.930273 0.951057 1.87947e-05 0.309014 -0.0642311 -0.978147 0.197744 0.4471 0.0568515 0.0947899\nC 23\n0 7\n0 1\n1 11\n1 10\n1 9\n1 12\n1 8\n1 7\n2 9\n3 10\n4 11\n5 12\n6 8\n8 9\n8 10\n8 11\n8 12\n9 11\n9 10\n9 12\n10 11\n10 12\n11 12\nS 2\n5\n4 -0.321446 -0.654749 -0.0197526\n3 -0.321446 -0.654749 0.458359\n2 0.133264 -0.654749 0.606102\n6 0.414291 -0.654749 0.219303\n5 0.133265 -0.654749 -0.167497\n3\n0.00758559 -0.654749 0.219303\n4.65271e-11 -1 1.69613e-10\n5\n11 -0.19232 -0.549475 0.0740635\n12 0.0839432 -0.549474 -0.0157\n8 0.254683 -0.549472 0.219303\n9 0.0839438 -0.549474 0.454308\n10 -0.19232 -0.549471 0.364544\n3\n0.00758602 -0.549473 0.219304\n-8.97653e-07 -1 2.402e-06\nL 13\n0\n2\n2\n2\n2\n2\n2\n1\n2\n2\n2\n2\n2"
}