{
    "boxes": [
        [
            -5.354520180844702e-05,
            -0.04990540072321892,
            0.17488299310207367,
            0.10914500057697296,
            0.7837740182876587,
            0.8120650053024292,
            -0.00047662199358455837,
            0.996973991394043,
            -0.07773769646883011,
            -1.8553799236542545e-05,
            0.07773769646883011,
            0.996973991394043
        ],
        [
            -0.41245800256729126,
            -0.7647119760513306,
            0.11776699870824814,
            0.027540000155568123,
            0.7604359984397888,
            0.03012399934232235,
            0.0,
            1.0,
            0.0,
            0.0,
            0.0,
            1.0
        ],
        [
            0.006219999864697456,
            -0.2872619926929474,
            0.42593199014663696,
            0.020011000335216522,
            0.016131000593304634,
            0.7455919981002808,
            0.0,
            1.0,
            0.0,
            0.0,
            0.0,
            1.0
        ],
        [
            0.3905090093612671,
            -0.3877510130405426,
            0.43907400965690613,
            0.7783030271530151,
            0.038410499691963196,
            0.04553160071372986,
            -0.001038230024278164,
            0.9823169708251953,
            -0.18722499907016754,
            0.08423860371112823,
            0.1866450011730194,
            0.9788089990615845
        ],
        [
            0.4228479862213135,
            -0.38759899139404297,
            -0.2354709953069687,
            0.7589640021324158,
            0.027279799804091454,
            0.02788420021533966,
            -0.007498960010707378,
            0.996882975101471,
            0.07853519916534424,
            -0.5956680178642273,
            -0.067535899579525,
            0.8003870248794556
        ],
        [
            -0.417726993560791,
            -0.7744439840316772,
            -0.19621099531650543,
            0.018841000273823738,
            0.08883199840784073,
            0.024872999638319016,
            0.0,
            1.0,
            0.0,
            0.0,
            0.0,
            1.0
        ],
        [
            -0.417726993560791,
            -0.7744439840316772,
            0.4238390028476715,
            0.018841000273823738,
            0.08883299678564072,
            0.024872999638319016,
            0.0,
            1.0,
            0.0,
            0.0,
            0.0,
            1.0
        ],
        [
            -0.4188460111618042,
            -0.40914300084114075,
            -0.2346159964799881,
            0.7265139818191528,
            0.03318709880113602,
            0.037387099117040634,
            0.017948100343346596,
            0.9950690269470215,
            0.09754569828510284,
            -0.4888780117034912,
            -0.07636959850788116,
            0.8690029978752136
        ],
        [
            0.003338499926030636,
            0.33371299505233765,
            -0.2690649926662445,
            0.4701260030269623,
            0.13233500719070435,
            0.8241289854049683,
            1.1969000013323239e-08,
            0.9784449934959412,
            -0.20650899410247803,
            1.4758899880007448e-08,
            0.20650899410247803,
            0.9784449934959412
        ],
        [
            -0.4131140112876892,
            0.17032599449157715,
            -0.20264999568462372,
            0.4536679983139038,
            0.05204860121011734,
            0.03162449970841408,
            0.0003481800085864961,
            0.9999729990959167,
            -0.007340829819440842,
            -0.09722600132226944,
            0.007339899893850088,
            0.995235025882721
        ]
    ],
    "ops": [
        [
            0,
            0,
            2,
            0,
            0,
            1,
            1,
            0,
            0,
            2,
            1,
            0,
            2,
            0,
            2,
            1,
            1,
            1,
            1,
            0,
            0,
            2,
            1,
            1
        ]
    ],
    "syms": [
        [
            0.0,
            1.0,
            -0.0004713720118161291,
            -0.0001530900044599548,
            0.0006980000180192292,
            -0.7649070024490356,
            0.11770399659872055,
            0.0
        ],
        [
            0.0,
            1.0,
            -0.0,
            -0.0,
            0.003338499926030636,
            -0.7744439840316772,
            -0.19621099531650543,
            0.0
        ],
        [
            0.0,
            1.0,
            -0.0,
            -0.0,
            0.003338499926030636,
            -0.7744439840316772,
            0.4238390028476715,
            0.0
        ],
        [
            0.0,
            0.04815300181508064,
            0.03195450082421303,
            0.9983289837837219,
            -0.4027000069618225,
            -0.3984279930591583,
            0.10014700144529343,
            0.0
        ],
        [
            0.0,
            0.9999849796295166,
            0.005023620091378689,
            0.0020286499056965113,
            0.0023658499121665955,
            0.17241300642490387,
            -0.20180700719356537,
            0.0
        ]
    ],
    "labels:": [
        [
            1,
            2,
            2,
            2,
            2,
            2,
            2,
            2,
            0,
            0
        ]
    ],
    "obj": 42599,
    "mat_index": 4865,
    "obbs": "N 15\n0.0033385 0.333713 -0.269065 1 -1.47589e-08 -1.1969e-08 1.47589e-08 0.206509 0.978445 -1.1969e-08 -0.978445 0.206509 0.824129 0.132335 0.470126\n-5.35452e-05 -0.0499054 0.174883 1 0.000476622 -1.85538e-05 -0.000476622 0.996974 -0.0777377 -1.85538e-05 0.0777377 0.996974 0.812065 0.109145 0.783774\n0.417846 0.1745 -0.200964 -0.147495 -0.0432039 -0.988119 0.989062 -0.00547144 -0.147397 0.000961674 -0.999051 0.0435384 0.0520338 0.0357152 0.446048\n-0.413114 0.170326 -0.20265 0.00034818 0.999973 -0.00734083 0.995262 0.000367198 0.0972259 0.097226 -0.0073399 -0.995235 0.453668 0.0316245 0.0520486\n0.00622 -0.287262 0.425932 1 0 0 0 1 0 0 0 1 0.745592 0.020011 0.016131\n0.424404 -0.774444 0.423839 1 0 0 0 1 0 0 0 1 0.024873 0.018841 0.088833\n0.424404 -0.774444 -0.196211 1 0 0 0 1 0 0 0 1 0.024873 0.018841 0.088832\n-0.417727 -0.774444 -0.196211 1 0 0 0 1 0 0 0 1 0.024873 0.018841 0.088832\n-0.417727 -0.774444 0.423839 1 0 0 0 1 0 0 0 1 0.024873 0.018841 0.088833\n0.422848 -0.387599 -0.235471 -0.00749896 0.996883 0.0785352 -0.595668 -0.0675359 0.800387 0.803196 -0.0407788 0.594318 0.758964 0.0272798 0.0278842\n-0.418846 -0.409143 -0.234616 0.0179481 0.995069 0.0975457 -0.488878 -0.0763696 0.869003 0.872167 -0.063285 0.485097 0.726514 0.0331871 0.0373871\n-0.386553 -0.387713 0.43491 -0.593928 -0.104133 -0.79775 0.804107 -0.108529 -0.584494 -0.0257139 -0.988624 0.148193 0.0600757 0.0341915 0.78888\n0.390509 -0.387751 0.439074 -0.0842386 -0.186645 -0.978809 0.996445 -0.0147553 -0.0829428 0.00103823 -0.982317 0.187225 0.0384105 0.0455316 0.778303\n0.413854 -0.765101 0.11764 1 0 0 0 1 0 0 0 1 0.040762 0.026173 0.777481\n-0.412458 -0.764712 0.117767 1 0 0 0 1 0 0 0 1 0.030124 0.02754 0.760436\nC 28\n0 10\n0 3\n0 1\n0 9\n0 2\n1 3\n1 11\n1 2\n1 10\n1 4\n1 9\n1 12\n2 9\n3 10\n4 12\n4 11\n5 13\n5 12\n6 9\n6 13\n7 10\n7 14\n8 14\n8 11\n9 13\n10 14\n11 14\n12 13\nS 5\n2\n2 0.417846 0.1745 -0.200964\n3 -0.413114 0.170326 -0.20265\n2\n0.00236585 0.172413 -0.201807\n-0.999985 -0.00502362 -0.00202865\n2\n5 0.424404 -0.774444 0.423839\n8 -0.417727 -0.774444 0.423839\n2\n0.0033385 -0.774444 0.423839\n-1 0 0\n2\n6 0.424404 -0.774444 -0.196211\n7 -0.417727 -0.774444 -0.196211\n2\n0.0033385 -0.774444 -0.196211\n-1 0 0\n2\n10 -0.418846 -0.409143 -0.234616\n11 -0.386553 -0.387713 0.43491\n2\n-0.4027 -0.398428 0.100147\n0.048153 0.0319545 0.998329\n2\n13 0.413854 -0.765101 0.11764\n14 -0.412458 -0.764712 0.117767\n2\n0.000698 -0.764907 0.117704\n-1 0.000471372 0.00015309\nL 15\n0\n1\n0\n0\n2\n2\n2\n2\n2\n2\n2\n2\n2\n2\n2"
}