{
    "boxes": [
        [
            -0.0037239999510347843,
            -0.11202000081539154,
            0.07969769835472107,
            0.06327620148658752,
            0.909421980381012,
            0.8318960070610046,
            8.206039736613491e-10,
            0.9958029985427856,
            -0.09152349829673767,
            3.763120023925204e-11,
            0.09152349829673767,
            0.9958029985427856
        ],
        [
            -0.4626159965991974,
            0.09674850106239319,
            0.5254449844360352,
            0.3606629967689514,
            0.057974498718976974,
            0.06567449867725372,
            -0.2187879979610443,
            0.975288987159729,
            -0.03070100024342537,
            -0.1694750040769577,
            -0.006995739880949259,
            0.985509991645813
        ],
        [
            -0.495263010263443,
            0.26096799969673157,
            0.09476350247859955,
            0.062105000019073486,
            0.8401389718055725,
            0.07304000109434128,
            0.0,
            1.0,
            0.0,
            0.0,
            0.0,
            1.0
        ],
        [
            -0.44059398770332336,
            -0.13741399347782135,
            -0.39450299739837646,
            1.1607199907302856,
            0.16677899658679962,
            0.058128200471401215,
            0.004117299802601337,
            0.9856789708137512,
            0.1685830056667328,
            -0.013129999861121178,
            -0.16851699352264404,
            0.9856110215187073
        ],
        [
            -0.003724500071257353,
            -0.23316699266433716,
            0.5438650250434875,
            0.060441598296165466,
            0.04960620030760765,
            0.786998987197876,
            -4.452159974022152e-09,
            0.9780150055885315,
            -0.2085369974374771,
            -4.693789801279991e-10,
            0.2085369974374771,
            0.9780150055885315
        ],
        [
            -0.436583012342453,
            -0.22029900550842285,
            0.541500985622406,
            0.9699249863624573,
            0.06014860048890114,
            0.09301549941301346,
            -0.06882470101118088,
            0.9962009787559509,
            -0.05335120111703873,
            0.03784859925508499,
            0.056046899408102036,
            0.9977099895477295
        ],
        [
            -0.003724500071257353,
            0.410519003868103,
            -0.3769780099391937,
            0.06748870015144348,
            0.02914999984204769,
            0.8500750064849854,
            -2.1029900043600946e-09,
            0.9622740149497986,
            -0.27208301424980164,
            -2.7800599600169562e-09,
            0.27208301424980164,
            0.9622740149497986
        ],
        [
            -0.005709039978682995,
            0.5282080173492432,
            -0.48899900913238525,
            0.0655289962887764,
            0.04527910053730011,
            0.8972659707069397,
            -0.001782850013114512,
            0.9882349967956543,
            0.15293000638484955,
            -0.001528169959783554,
            -0.1529330015182495,
            0.9882349967956543
        ],
        [
            -0.44732800126075745,
            0.3407680094242096,
            -0.3607960045337677,
            0.4676310122013092,
            0.09622350335121155,
            0.07438019663095474,
            -0.01588360033929348,
            0.901898980140686,
            -0.43165600299835205,
            0.38738200068473816,
            0.40354400873184204,
            0.8289070129394531
        ]
    ],
    "ops": [
        [
            0,
            0,
            0,
            1,
            2,
            1,
            0,
            2,
            0,
            0,
            2,
            1,
            1,
            1,
            0,
            2,
            0,
            0,
            2,
            1,
            1,
            1
        ]
    ],
    "syms": [
        [
            0.0,
            0.999925971031189,
            -0.012187800370156765,
            0.0004943209933117032,
            -0.0034393800888210535,
            0.09115169942378998,
            0.5256720185279846,
            0.0
        ],
        [
            0.0,
            0.9999989867210388,
            -0.00017690499953459948,
            0.001541019999422133,
            -0.003311699954792857,
            -0.13749200105667114,
            -0.39382898807525635,
            0.0
        ],
        [
            0.0,
            1.0,
            1.4568299775419291e-05,
            -0.0004237079992890358,
            -0.0036583999171853065,
            -0.22029300034046173,
            0.5413179993629456,
            0.0
        ],
        [
            1.0,
            -0.0018624999793246388,
            0.30923399329185486,
            -0.22038500010967255,
            -0.003724500071257353,
            0.410519003868103,
            -0.3769780099391937,
            0.3333333432674408
        ],
        [
            0.0,
            0.9999639987945557,
            0.00739429984241724,
            -0.004166849888861179,
            -0.0055807000026106834,
            0.34403398633003235,
            -0.3626370131969452,
            0.0
        ]
    ],
    "labels:": [
        [
            1,
            3,
            3,
            2,
            2,
            2,
            0,
            0,
            0
        ]
    ],
    "obj": 42601,
    "mat_index": 4866,
    "obbs": "N 16\n-0.00570904 0.528208 -0.488999 0.999997 0.00152817 0.00178285 -0.00152817 -0.152933 0.988235 0.00178285 -0.988235 -0.15293 0.897266 0.0452791 0.065529\n-0.003724 -0.11202 0.0796977 1 -8.20604e-10 3.76312e-11 8.20604e-10 0.995803 -0.0915235 3.76312e-11 0.0915235 0.995803 0.831896 0.0632762 0.909422\n0.436166 0.347301 -0.364478 0.022568 0.875469 -0.482747 0.991178 0.0434847 0.125197 0.130598 -0.481313 -0.866765 0.46662 0.0692026 0.095483\n-0.447328 0.340768 -0.360796 -0.387382 -0.403544 -0.828907 0.921782 -0.15405 -0.355789 0.0158836 -0.901899 0.431656 0.0962235 0.0743802 0.467631\n-0.003724 0.20257 -0.313186 -2.32911e-09 0.946388 -0.323031 -3.25605e-09 0.323031 0.946388 1 3.25605e-09 2.32911e-09 0.0677874 0.030304 0.841418\n-0.003724 0.306533 -0.345107 -1.69444e-09 0.929951 -0.367684 -2.49202e-09 0.367684 0.929951 1 2.49202e-09 1.69444e-09 0.0689445 0.0331338 0.836704\n-0.0037245 0.410519 -0.376978 -2.10299e-09 0.962274 -0.272083 -2.78006e-09 0.272083 0.962274 1 2.78006e-09 2.10299e-09 0.0674887 0.02915 0.850075\n0.455737 0.0855549 0.525899 -0.186866 -0.982381 -0.00287394 0.90876 -0.171749 -0.380339 0.373144 -0.073684 0.924843 0.380619 0.0645273 0.055993\n-0.462616 0.0967485 0.525445 0.960942 0.22082 0.166818 -0.169475 -0.00699574 0.98551 0.218788 -0.975289 0.030701 0.0656745 0.0579745 0.360663\n0.487791 0.260628 0.09624 1 0 0 0 1 0 0 0 1 0.072983 0.062177 0.843034\n-0.495263 0.260968 0.0947635 1 0 0 0 1 0 0 0 1 0.07304 0.062105 0.840139\n-0.0037245 -0.233167 0.543865 1 4.45216e-09 -4.69379e-10 -4.45216e-09 0.978015 -0.208537 -4.69379e-10 0.208537 0.978015 0.786999 0.0604416 0.0496062\n-0.436583 -0.220299 0.541501 0.996911 0.0666478 -0.0415623 0.0378486 0.0560469 0.99771 0.0688247 -0.996201 0.0533512 0.0930155 0.0601486 0.969925\n-0.440594 -0.137414 -0.394503 -0.0041173 -0.985679 -0.168583 0.999905 -0.00627156 0.0122481 -0.01313 -0.168517 0.985611 1.16072 0.0581282 0.166779\n0.433971 -0.137569 -0.393155 0.000710137 -0.986218 -0.165448 0.999958 -0.000811893 0.00913166 -0.00914014 -0.165447 0.986176 1.16088 0.0587951 0.165791\n0.429266 -0.220287 0.541135 0.0989254 0.99388 -0.0491661 -0.00591944 0.0499953 0.998732 0.995077 -0.0985089 0.010829 0.969934 0.0585386 0.0993048\nC 52\n0 14\n0 2\n0 3\n0 5\n0 13\n0 6\n1 3\n1 15\n1 11\n1 2\n1 14\n1 13\n1 12\n1 8\n1 7\n2 5\n2 9\n2 6\n2 14\n2 4\n3 10\n3 6\n3 13\n3 5\n3 4\n4 9\n4 13\n4 10\n4 5\n4 14\n4 6\n5 9\n5 6\n5 13\n5 10\n5 14\n6 9\n6 14\n6 10\n6 13\n7 11\n7 15\n7 9\n8 10\n8 11\n8 12\n9 15\n9 14\n10 12\n10 13\n11 12\n11 15\nS 6\n2\n2 0.436166 0.347301 -0.364478\n3 -0.447328 0.340768 -0.360796\n2\n-0.0055807 0.344034 -0.362637\n-0.999964 -0.0073943 0.00416685\n3\n4 -0.003724 0.20257 -0.313186\n5 -0.003724 0.306533 -0.345107\n6 -0.0037245 0.410519 -0.376978\n1\n0 0 0\n0 0 0\n2\n7 0.455737 0.0855549 0.525899\n8 -0.462616 0.0967485 0.525445\n2\n-0.00343938 0.0911517 0.525672\n-0.999926 0.0121878 -0.000494321\n2\n9 0.487791 0.260628 0.09624\n10 -0.495263 0.260968 0.0947635\n2\n-0.00373625 0.260798 0.0955018\n-0.999999 0.000345861 -0.00150195\n2\n12 -0.436583 -0.220299 0.541501\n15 0.429266 -0.220287 0.541135\n2\n-0.0036584 -0.220293 0.541318\n1 1.45683e-05 -0.000423708\n2\n13 -0.440594 -0.137414 -0.394503\n14 0.433971 -0.137569 -0.393155\n2\n-0.0033117 -0.137492 -0.393829\n0.999999 -0.000176905 0.00154102\nL 16\n0\n1\n0\n0\n0\n0\n0\n3\n3\n3\n3\n2\n2\n2\n2\n2"
}