{
    "boxes": [
        [
            0.007290500216186047,
            -0.11055900156497955,
            0.15791499614715576,
            0.0908920019865036,
            0.8607879877090454,
            0.9155970215797424,
            0.0,
            1.0,
            0.0,
            0.0,
            0.0,
            1.0
        ],
        [
            -0.44327300786972046,
            0.19356800615787506,
            0.19492900371551514,
            0.3320469856262207,
            1.1379799842834473,
            0.09742510318756104,
            0.030031299218535423,
            0.9025220274925232,
            0.4295949935913086,
            0.015018099918961525,
            -0.43014800548553467,
            0.9026340246200562
        ],
        [
            0.010150999762117863,
            -0.6960089802742004,
            -0.3645569980144501,
            0.07480199635028839,
            0.07901299744844437,
            0.9413840174674988,
            0.0,
            1.0,
            0.0,
            0.0,
            0.0,
            1.0
        ],
        [
            -0.44807499647140503,
            -0.43700098991394043,
            0.5823420286178589,
            0.5810419917106628,
            0.08595000207424164,
            0.08250609785318375,
            0.017523199319839478,
            0.9953489899635315,
            0.09472949802875519,
            -0.07927709817886353,
            -0.09306260198354721,
            0.9924989938735962
        ],
        [
            -0.44101598858833313,
            -0.6935179829597473,
            0.09822600334882736,
            0.07955700159072876,
            0.9571220278739929,
            0.0882750004529953,
            0.0,
            1.0,
            0.0,
            0.0,
            0.0,
            1.0
        ],
        [
            0.007309520151466131,
            0.2670469880104065,
            -0.2591690123081207,
            0.7685099840164185,
            0.13522200286388397,
            0.9164299964904785,
            0.0013486299430951476,
            0.99583500623703,
            -0.09116549789905548,
            0.001477729994803667,
            0.0911635011434555,
            0.99583500623703
        ],
        [
            0.004176499787718058,
            0.30987000465393066,
            -0.362746000289917,
            0.07507000118494034,
            0.0826290026307106,
            0.9372050166130066,
            0.0,
            1.0,
            0.0,
            0.0,
            0.0,
            1.0
        ]
    ],
    "ops": [
        [
            0,
            0,
            2,
            1,
            0,
            0,
            0,
            1,
            2,
            1,
            1,
            0,
            0,
            1,
            1
        ]
    ],
    "syms": [
        [
            0.0,
            0.9998679757118225,
            -0.0142924003303051,
            -0.007746879942715168,
            0.008215770125389099,
            0.18711400032043457,
            0.19143100082874298,
            0.0
        ],
        [
            0.0,
            0.999966025352478,
            -0.007655430119484663,
            -0.0030168599914759398,
            0.007265789899975061,
            -0.44048699736595154,
            0.580968976020813,
            0.0
        ]
    ],
    "labels:": [
        [
            1,
            3,
            2,
            2,
            2,
            0,
            0
        ]
    ],
    "obj": 42617,
    "mat_index": 4878,
    "obbs": "N 10\n0.00730952 0.267047 -0.259169 0.999998 -0.00147773 -0.00134863 0.00147773 0.0911635 0.995835 -0.00134863 -0.995835 0.0911655 0.91643 0.135222 0.76851\n0.459704 0.18066 0.187933 0.0044391 -0.90865 -0.417534 0.999929 -0.000572324 0.0118765 -0.0110305 -0.417558 0.908584 0.358439 0.0908129 1.14858\n-0.443273 0.193568 0.194929 -0.0300313 -0.902522 -0.429595 0.999436 -0.0206556 -0.0264721 0.0150181 -0.430148 0.902634 0.332047 0.0974251 1.13798\n0.0072905 -0.110559 0.157915 1 0 0 0 1 0 0 0 1 0.915597 0.090892 0.860788\n0.0041765 0.30987 -0.362746 1 0 0 0 1 0 0 0 1 0.937205 0.07507 0.082629\n0.462607 -0.443973 0.579595 -0.00989056 0.995703 0.0920744 -0.00901776 -0.092164 0.995703 0.99991 0.00901776 0.00989056 0.542244 0.09063 0.0791243\n-0.448075 -0.437001 0.582342 0.0175232 0.995349 0.0947295 -0.0792771 -0.0930626 0.992499 0.996699 -0.0249016 0.0772776 0.581042 0.08595 0.0825061\n0.455742 -0.693738 0.09772 1 0 0 0 1 0 0 0 1 0.088511 0.080115 0.961198\n0.010151 -0.696009 -0.364557 1 0 0 0 1 0 0 0 1 0.941384 0.074802 0.079013\n-0.441016 -0.693518 0.098226 1 0 0 0 1 0 0 0 1 0.088275 0.079557 0.957122\nC 16\n0 1\n0 4\n0 3\n0 2\n1 3\n1 4\n1 5\n2 6\n2 4\n2 3\n3 6\n3 5\n5 7\n6 9\n7 8\n8 9\nS 3\n2\n1 0.459704 0.18066 0.187933\n2 -0.443273 0.193568 0.194929\n2\n0.00821577 0.187114 0.191431\n-0.999868 0.0142924 0.00774688\n2\n5 0.462607 -0.443973 0.579595\n6 -0.448075 -0.437001 0.582342\n2\n0.00726579 -0.440487 0.580969\n-0.999966 0.00765543 0.00301686\n2\n7 0.455742 -0.693738 0.09772\n9 -0.441016 -0.693518 0.098226\n2\n0.007363 -0.693628 0.097973\n-1 0.000245328 0.000564255\nL 10\n0\n3\n3\n1\n0\n2\n2\n2\n2\n2"
}