{
    "boxes": [
        [
            -0.0007179999956861138,
            -0.17635799944400787,
            0.15929900109767914,
            0.17420899868011475,
            0.6924890279769897,
            0.705623984336853,
            0.0,
            1.0,
            0.0,
            0.0,
            0.0,
            1.0
        ],
        [
            -0.32319900393486023,
            -0.5200470089912415,
            -0.10685300081968307,
            0.5900769829750061,
            0.07295399904251099,
            0.06066099926829338,
            0.0,
            1.0,
            0.0,
            0.0,
            0.0,
            1.0
        ],
        [
            0.3262079954147339,
            -0.4398930072784424,
            0.16076500713825226,
            0.0649539977312088,
            0.5249419808387756,
            0.05112599954009056,
            0.0,
            1.0,
            0.0,
            0.0,
            0.0,
            1.0
        ],
        [
            0.32494300603866577,
            -0.5110880136489868,
            0.44305700063705444,
            0.6083539724349976,
            0.08484199643135071,
            0.05430300161242485,
            0.0,
            1.0,
            0.0,
            0.0,
            0.0,
            1.0
        ],
        [
            0.3192499876022339,
            0.35861098766326904,
            -0.19845299422740936,
            1.055690050125122,
            0.07644639909267426,
            0.0759940966963768,
            -0.008845729753375053,
            0.9903380274772644,
            -0.13839499652385712,
            0.1695770025253296,
            0.13788199424743652,
            0.9758239984512329
        ],
        [
            -0.014281700365245342,
            0.7532489895820618,
            -0.273391991853714,
            0.23683999478816986,
            0.09798140078783035,
            0.6295570135116577,
            -0.004012749996036291,
            0.9890050292015076,
            -0.14782899618148804,
            -0.004657079931348562,
            0.14780999720096588,
            0.9890050292015076
        ],
        [
            -0.002926900051534176,
            0.25509899854660034,
            -0.21411000192165375,
            0.8284350037574768,
            0.07405179738998413,
            0.3357760012149811,
            0.004253579769283533,
            0.9914039969444275,
            -0.1307699978351593,
            -0.054843299090862274,
            0.13080599904060364,
            0.9898899793624878
        ]
    ],
    "ops": [
        [
            0,
            0,
            0,
            0,
            1,
            1,
            2,
            1,
            0,
            2,
            0,
            0,
            1,
            1,
            1
        ]
    ],
    "syms": [
        [
            0.0,
            0.9998940229415894,
            0.014120900072157383,
            0.0034892898984253407,
            -0.004185750149190426,
            -0.5155419707298279,
            -0.1057400032877922,
            0.0
        ],
        [
            0.0,
            0.9999189972877502,
            -0.0006357399979606271,
            -0.012698899954557419,
            6.0012600442860276e-05,
            0.358814001083374,
            -0.19439899921417236,
            0.0
        ]
    ],
    "labels:": [
        [
            1,
            2,
            2,
            2,
            0,
            0,
            0
        ]
    ],
    "obj": 42643,
    "mat_index": 4894,
    "obbs": "N 11\n-0.0142817 0.753249 -0.273392 -0.00401275 0.989005 -0.147829 -0.00465708 0.14781 0.989005 0.999981 0.00465708 0.00401275 0.23684 0.0979814 0.629557\n-0.000718 -0.176358 0.159299 1 0 0 0 1 0 0 0 1 0.705624 0.174209 0.692489\n-0.0029269 0.255099 -0.21411 -0.998486 -0.0029613 -0.0549282 -0.0548433 0.130806 0.98989 0.00425358 0.991404 -0.13077 0.335776 0.0740518 0.828435\n0.326208 -0.439893 0.160765 1 0 0 0 1 0 0 0 1 0.051126 0.064954 0.524942\n-0.327786 -0.43992 0.176611 1 0 0 0 1 0 0 0 1 0.05141 0.065105 0.523221\n0.324943 -0.511088 0.443057 1 0 0 0 1 0 0 0 1 0.054303 0.608354 0.084842\n0.314828 -0.511037 -0.104627 1 0 0 0 1 0 0 0 1 0.074532 0.608098 0.080993\n-0.323199 -0.520047 -0.106853 1 0 0 0 1 0 0 0 1 0.060661 0.590077 0.072954\n-0.323322 -0.520298 0.451835 1 0 0 0 1 0 0 0 1 0.060417 0.589576 0.067684\n0.31925 0.358611 -0.198453 0.985477 -0.0148368 -0.169158 0.169577 0.137882 0.975824 0.00884573 -0.990338 0.138395 0.0759941 0.0764464 1.05569\n-0.31913 0.359017 -0.190345 -0.0176834 0.988885 -0.147625 -0.0811258 0.145742 0.985991 0.996547 0.0294118 0.0776469 1.05759 0.0617509 0.0893349\nC 24\n0 10\n0 9\n0 2\n1 3\n1 6\n1 2\n1 5\n1 10\n1 4\n1 9\n1 8\n1 7\n2 9\n2 6\n2 10\n2 7\n3 6\n3 9\n3 5\n4 7\n4 8\n4 10\n6 9\n7 10\nS 4\n2\n3 0.326208 -0.439893 0.160765\n4 -0.327786 -0.43992 0.176611\n2\n-0.000789 -0.439907 0.168688\n-0.999707 -4.2037e-05 0.0242217\n2\n5 0.324943 -0.511088 0.443057\n8 -0.323322 -0.520298 0.451835\n2\n0.0008105 -0.515693 0.447446\n-0.999807 -0.0142044 0.0135382\n2\n6 0.314828 -0.511037 -0.104627\n7 -0.323199 -0.520047 -0.106853\n2\n-0.00418575 -0.515542 -0.10574\n-0.999894 -0.0141209 -0.00348929\n2\n9 0.31925 0.358611 -0.198453\n10 -0.31913 0.359017 -0.190345\n2\n6.00126e-05 0.358814 -0.194399\n-0.999919 0.00063574 0.0126989\nL 11\n0\n1\n0\n2\n2\n2\n2\n2\n2\n0\n0"
}