{
    "boxes": [
        [
            0.004347589798271656,
            -0.14713099598884583,
            0.17499299347400665,
            0.11571899801492691,
            0.6312429904937744,
            0.6825439929962158,
            -0.00010292200022377074,
            0.9990479946136475,
            -0.04362409934401512,
            -2.2459998945123516e-06,
            0.04362409934401512,
            0.9990479946136475
        ],
        [
            -0.2366030067205429,
            -0.49843400716781616,
            -0.20491600036621094,
            0.6442319750785828,
            0.07317189872264862,
            0.08086559921503067,
            0.008906889706850052,
            0.9895809888839722,
            0.14370299875736237,
            -0.03759849816560745,
            -0.14327600598335266,
            0.988968014717102
        ],
        [
            -0.30028098821640015,
            -0.46064499020576477,
            0.45137399435043335,
            0.7125800251960754,
            0.06477399915456772,
            0.06777399778366089,
            0.0,
            1.0,
            0.0,
            0.0,
            0.0,
            1.0
        ],
        [
            0.004269230179488659,
            0.3176029920578003,
            -0.22957399487495422,
            1.090649962425232,
            0.06863240152597427,
            0.5559830069541931,
            -0.0002619379956740886,
            0.9812290072441101,
            -0.19284600019454956,
            -0.00031842998578213155,
            0.19284600019454956,
            0.9812290072441101
        ],
        [
            0.004283709917217493,
            0.31470000743865967,
            -0.24647699296474457,
            1.0908399820327759,
            0.08898960053920746,
            0.5572900176048279,
            -0.0015120500465855002,
            0.9831339716911316,
            -0.18288299441337585,
            -0.0018192599527537823,
            0.1828799992799759,
            0.9831339716911316
        ]
    ],
    "ops": [
        [
            0,
            0,
            0,
            1,
            2,
            1,
            0,
            0,
            1,
            1
        ]
    ],
    "syms": [
        [
            0.0,
            0.9999920129776001,
            -0.0039927298203110695,
            -0.0005550310015678406,
            0.007582149934023619,
            -0.4994089901447296,
            -0.20505200326442719,
            0.0
        ]
    ],
    "labels:": [
        [
            1,
            2,
            2,
            0,
            0
        ]
    ],
    "obj": 42655,
    "mat_index": 4901,
    "obbs": "N 7\n0.00426923 0.317603 -0.229574 1 0.00031843 0.000261938 -0.00031843 0.192846 0.981229 0.000261938 -0.981229 0.192846 0.555983 0.0686324 1.09065\n0.00434759 -0.147131 0.174993 1 0.000102922 -2.246e-06 -0.000102922 0.999048 -0.0436241 -2.246e-06 0.0436241 0.999048 0.682544 0.115719 0.631243\n0.00428371 0.3147 -0.246477 -0.00151205 0.983134 -0.182883 -0.00181926 0.18288 0.983134 0.999997 0.00181926 0.00151205 1.09084 0.0889896 0.55729\n0.251767 -0.500384 -0.205187 0.993781 0.0497583 -0.0996181 0.105608 -0.137488 0.984857 0.0353085 -0.989253 -0.141888 0.0866924 0.0755294 0.640154\n-0.236603 -0.498434 -0.204916 -0.999253 0.0142117 -0.0359306 -0.0375985 -0.143276 0.988968 0.00890689 0.989581 0.143703 0.0808656 0.0731719 0.644232\n-0.300281 -0.460645 0.451374 1 0 0 0 1 0 0 0 1 0.067774 0.71258 0.064774\n0.30896 -0.460645 0.451374 1 0 0 0 1 0 0 0 1 0.067774 0.71258 0.064774\nC 11\n0 1\n0 4\n0 3\n0 2\n1 2\n1 3\n1 4\n1 5\n1 6\n2 4\n2 3\nS 2\n2\n3 0.251767 -0.500384 -0.205187\n4 -0.236603 -0.498434 -0.204916\n2\n0.00758215 -0.499409 -0.205052\n-0.999992 0.00399273 0.000555031\n2\n5 -0.300281 -0.460645 0.451374\n6 0.30896 -0.460645 0.451374\n2\n0.0043395 -0.460645 0.451374\n1 0 0\nL 7\n0\n1\n0\n2\n2\n2\n2"
}