{
    "boxes": [
        [
            -0.006095469929277897,
            -0.15516400337219238,
            0.13022400438785553,
            0.09318140149116516,
            0.9236310124397278,
            0.645160973072052,
            0.0010965600376948714,
            0.9999979734420776,
            -0.0014505400322377682,
            7.952990017656703e-07,
            0.0014505400322377682,
            0.9999989867210388
        ],
        [
            -0.30618301033973694,
            0.0657150000333786,
            0.5640169978141785,
            0.4094879925251007,
            0.05583199858665466,
            0.04491699859499931,
            0.0,
            1.0,
            0.0,
            0.0,
            0.0,
            1.0
        ],
        [
            -0.30941200256347656,
            0.2573769986629486,
            0.17841699719429016,
            0.055667001754045486,
            1.104889988899231,
            0.041749998927116394,
            0.0,
            1.0,
            0.0,
            0.0,
            0.0,
            1.0
        ],
        [
            -0.30776700377464294,
            -0.4687480032444,
            -0.2968359887599945,
            0.602645993232727,
            0.06747899949550629,
            0.04175199940800667,
            0.0,
            1.0,
            0.0,
            0.0,
            0.0,
            1.0
        ],
        [
            -0.2994379997253418,
            -0.4656679928302765,
            0.5670890212059021,
            0.6091660261154175,
            0.049644000828266144,
            0.058403998613357544,
            0.0,
            1.0,
            0.0,
            0.0,
            0.0,
            1.0
        ],
        [
            -0.006341500207781792,
            0.6153370141983032,
            -0.4268510043621063,
            0.06453000009059906,
            0.03881499916315079,
            0.6440250277519226,
            0.0,
            1.0,
            0.0,
            0.0,
            0.0,
            1.0
        ],
        [
            -0.1884700059890747,
            0.28164198994636536,
            -0.36951300501823425,
            0.6540849804878235,
            0.0139164999127388,
            0.05928400158882141,
            -0.0,
            0.988756000995636,
            -0.14953599870204926,
            -0.0,
            0.14953599870204926,
            0.988756000995636
        ],
        [
            -0.29238998889923096,
            -0.10659600049257278,
            -0.3167319893836975,
            0.0929315984249115,
            0.04083869978785515,
            0.0742477998137474,
            -0.020704900845885277,
            0.9976419806480408,
            -0.06543319672346115,
            -0.022102300077676773,
            0.06497450172901154,
            0.9976419806480408
        ],
        [
            -0.29642900824546814,
            0.25401100516319275,
            -0.3725059926509857,
            0.6913599967956543,
            0.03378460183739662,
            0.08202320337295532,
            -0.02715129964053631,
            0.9886329770088196,
            -0.14788000285625458,
            -0.03150109946727753,
            0.14701500535011292,
            0.9886329770088196
        ]
    ],
    "ops": [
        [
            0,
            0,
            0,
            1,
            2,
            1,
            0,
            0,
            1,
            2,
            1,
            0,
            2,
            0,
            2,
            1,
            0,
            0,
            1,
            2,
            1,
            1
        ]
    ],
    "syms": [
        [
            0.0,
            0.9992650151252747,
            0.03705969825387001,
            -0.009779060259461403,
            -0.006144249811768532,
            0.07684250175952911,
            0.5610809922218323,
            0.0
        ],
        [
            0.0,
            0.9999729990959167,
            0.006953449919819832,
            -0.0024033200461417437,
            -0.006731340195983648,
            -0.4666549861431122,
            -0.29755899310112,
            0.0
        ],
        [
            0.0,
            -0.0016288800397887826,
            0.988798975944519,
            -0.1492449939250946,
            -0.00579079007729888,
            0.281031996011734,
            -0.3763920068740845,
            0.0
        ],
        [
            1.0,
            0.22813133895397186,
            0.1877613365650177,
            0.2463420033454895,
            0.16530799865722656,
            0.28164198994636536,
            -0.36951300501823425,
            0.25
        ],
        [
            0.0,
            0.9998660087585449,
            0.016360100358724594,
            -0.0005635200068354607,
            -0.005898030009120703,
            -0.10190899670124054,
            -0.3168930113315582,
            0.0
        ]
    ],
    "labels:": [
        [
            1,
            3,
            3,
            2,
            2,
            0,
            0,
            0,
            0
        ]
    ],
    "obj": 42663,
    "mat_index": 4903,
    "obbs": "N 19\n-0.00524008 -0.0532737 -0.325934 0.999999 -0.000765624 -0.000697314 0.000765624 0.0931842 0.995649 -0.000697314 -0.995649 0.0931848 0.530787 0.0341112 0.0804933\n-0.0063415 0.615337 -0.426851 1 0 0 0 1 0 0 0 1 0.644025 0.06453 0.038815\n-0.00609547 -0.155164 0.130224 0.999999 -0.00109656 7.95299e-07 0.00109656 0.999998 -0.00145054 7.95299e-07 0.00145054 0.999999 0.645161 0.0931814 0.923631\n-0.18847 0.281642 -0.369513 1 0 0 -0 0.149536 0.988756 0 -0.988756 0.149536 0.059284 0.0139165 0.654085\n-0.068398 0.281642 -0.369513 1 0 0 0 0.149536 0.988756 0 -0.988756 0.149536 0.058046 0.0139165 0.654085\n0.0488175 0.281642 -0.369513 1 0 0 0 0.149536 0.988756 0 -0.988756 0.149536 0.058387 0.0139165 0.654085\n0.165308 0.281642 -0.369513 1 0 0 0 0.149536 0.988756 0 -0.988756 0.149536 0.057861 0.0139165 0.654085\n0.293894 0.08797 0.558145 1 0 0 0 1 0 0 0 1 0.045122 0.431766 0.045739\n-0.306183 0.065715 0.564017 1 0 0 0 1 0 0 0 1 0.044917 0.409488 0.055832\n0.296044 0.287632 0.171638 1 0 0 0 1 0 0 0 1 0.055667 0.055666 1.10489\n-0.309412 0.257377 0.178417 1 0 0 0 1 0 0 0 1 0.04175 0.055667 1.10489\n0.280594 -0.0972211 -0.317055 -0.178918 0.973575 -0.141915 -0.0263149 0.139456 0.989879 0.983512 0.180842 0.000668317 0.063069 0.0372336 0.0837106\n-0.29239 -0.106596 -0.316732 0.999541 0.0221023 0.0207049 -0.0221023 0.0649745 0.997642 0.0207049 -0.997642 0.0654332 0.0742478 0.0408387 0.0929316\n0.294304 -0.464561 -0.298283 0.0172155 -0.999605 -0.0221975 0.999369 0.0178929 -0.0306898 0.0310749 -0.0216552 0.999282 0.611291 0.054125 0.0774346\n0.295704 -0.468383 0.561706 1 0 0 0 1 0 0 0 1 0.041087 0.603468 0.041618\n-0.299438 -0.465668 0.567089 1 0 0 0 1 0 0 0 1 0.058404 0.609166 0.049644\n-0.307767 -0.468748 -0.296836 1 0 0 0 1 0 0 0 1 0.041752 0.602646 0.067479\n0.280437 0.258766 -0.373449 -0.00958108 0.987376 -0.158105 -0.0725545 0.157009 0.984928 0.997318 0.0209079 0.0701342 0.705811 0.0394998 0.0790792\n-0.296429 0.254011 -0.372506 -0.0271513 0.988633 -0.14788 -0.0315011 0.147015 0.988633 0.999135 0.0315011 0.0271513 0.69136 0.0337846 0.0820232\nC 65\n0 2\n0 16\n0 10\n0 3\n0 17\n0 11\n0 4\n0 18\n0 12\n0 5\n0 13\n0 6\n1 3\n1 17\n1 6\n1 5\n1 4\n1 18\n2 18\n2 8\n2 12\n2 5\n2 13\n2 16\n2 6\n2 3\n2 14\n2 17\n2 7\n2 11\n2 15\n2 4\n3 10\n3 16\n3 5\n3 12\n3 18\n3 4\n4 18\n4 12\n4 10\n4 5\n4 16\n4 6\n5 9\n5 6\n5 13\n5 11\n5 17\n6 9\n6 17\n6 11\n6 13\n7 14\n7 9\n8 10\n8 15\n9 17\n10 18\n11 13\n11 17\n12 16\n12 18\n13 17\n16 18\nS 8\n2\n0 -0.00524008 -0.0532737 -0.325934\n1 -0.0063415 0.615337 -0.426851\n2\n-0.00579079 0.281032 -0.376392\n-0.00162888 0.988799 -0.149245\n4\n3 -0.18847 0.281642 -0.369513\n4 -0.068398 0.281642 -0.369513\n5 0.0488175 0.281642 -0.369513\n6 0.165308 0.281642 -0.369513\n1\n0 0 0\n0 0 0\n2\n7 0.293894 0.08797 0.558145\n8 -0.306183 0.065715 0.564017\n2\n-0.00614425 0.0768425 0.561081\n-0.999265 -0.0370597 0.00977906\n2\n9 0.296044 0.287632 0.171638\n10 -0.309412 0.257377 0.178417\n2\n-0.00668375 0.272505 0.175028\n-0.998691 -0.0499043 0.0111819\n2\n11 0.280594 -0.0972211 -0.317055\n12 -0.29239 -0.106596 -0.316732\n2\n-0.00589803 -0.101909 -0.316893\n-0.999866 -0.0163601 0.00056352\n2\n13 0.294304 -0.464561 -0.298283\n16 -0.307767 -0.468748 -0.296836\n2\n-0.00673134 -0.466655 -0.297559\n-0.999973 -0.00695345 0.00240332\n2\n14 0.295704 -0.468383 0.561706\n15 -0.299438 -0.465668 0.567089\n2\n-0.00186725 -0.467025 0.564397\n-0.999949 0.00456171 0.00904444\n2\n17 0.280437 0.258766 -0.373449\n18 -0.296429 0.254011 -0.372506\n2\n-0.00799609 0.256388 -0.372977\n-0.999965 -0.0082432 0.00163404\nL 19\n0\n0\n1\n0\n0\n0\n0\n3\n3\n3\n3\n0\n0\n2\n2\n2\n2\n0\n0"
}