{
    "boxes": [
        [
            -0.0035650699865072966,
            -0.07206480205059052,
            0.165569007396698,
            0.2556439936161041,
            1.0170300006866455,
            0.9791120290756226,
            -0.0033219000324606895,
            0.9855480194091797,
            -0.16936199367046356,
            -0.0002833490143530071,
            0.16936199367046356,
            0.9855539798736572
        ],
        [
            -0.45120400190353394,
            -0.38361600041389465,
            -0.3683840036392212,
            0.4409930109977722,
            0.08892709761857986,
            0.08899729698896408,
            -0.0023139100521802902,
            0.8809189796447754,
            0.4732609987258911,
            0.09254329651594162,
            -0.4710429906845093,
            0.8772420287132263
        ],
        [
            -0.45085999369621277,
            -0.3426629900932312,
            0.6017439961433411,
            0.4866810142993927,
            0.08593550324440002,
            0.08531609922647476,
            0.00023862600210122764,
            0.9896349906921387,
            -0.14360900223255157,
            -0.060189999639987946,
            0.14336299896240234,
            0.9878379702568054
        ],
        [
            0.4571300148963928,
            -0.3431360125541687,
            0.6081889867782593,
            0.48488399386405945,
            0.10034800320863724,
            0.09953329712152481,
            -0.03898109868168831,
            0.9847549796104431,
            -0.1695210039615631,
            -0.6082000136375427,
            0.1112229973077774,
            0.7859529852867126
        ],
        [
            -0.009390110149979591,
            0.19761799275875092,
            -0.30471399426460266,
            0.6106370091438293,
            0.1457889974117279,
            0.9664419889450073,
            -0.007566620130091906,
            0.9033229947090149,
            -0.4288940131664276,
            -0.011968200094997883,
            0.4287930130958557,
            0.9033229947090149
        ],
        [
            -0.0033003499265760183,
            0.1302350014448166,
            -0.3492580056190491,
            0.6744760274887085,
            0.1232369989156723,
            0.9789369702339172,
            0.00016107800183817744,
            0.9623119831085205,
            -0.2719469964504242,
            0.00021290700533427298,
            0.2719469964504242,
            0.9623119831085205
        ]
    ],
    "ops": [
        [
            0,
            0,
            2,
            0,
            0,
            1,
            1,
            1,
            0,
            0,
            1,
            1
        ]
    ],
    "syms": [
        [
            0.0,
            0.9999470114707947,
            0.0027697000186890364,
            0.00990683026611805,
            -0.0030010200571268797,
            -0.38237500190734863,
            -0.36394399404525757,
            0.0
        ]
    ],
    "labels:": [
        [
            1,
            2,
            2,
            2,
            0,
            0
        ]
    ],
    "obj": 42688,
    "mat_index": 4916,
    "obbs": "N 7\n-0.00939011 0.197618 -0.304714 0.9999 0.0119682 0.00756662 -0.0119682 0.428793 0.903323 0.00756662 -0.903323 0.428894 0.966442 0.145789 0.610637\n-0.00356507 -0.0720648 0.165569 0.999994 0.0033219 -0.000283349 -0.0033219 0.985548 -0.169362 -0.000283349 0.169362 0.985554 0.979112 0.255644 1.01703\n-0.00330035 0.130235 -0.349258 1 -0.000212907 -0.000161078 0.000212907 0.271947 0.962312 -0.000161078 -0.962312 0.271947 0.978937 0.123237 0.674476\n-0.45086 -0.342663 0.601744 -0.998187 -0.00840809 -0.0596003 -0.06019 0.143363 0.987838 0.000238626 0.989635 -0.143609 0.0853161 0.0859355 0.486681\n0.45713 -0.343136 0.608189 -0.792826 -0.13374 -0.594592 -0.6082 0.111223 0.785953 -0.0389811 0.984755 -0.169521 0.0995333 0.100348 0.484884\n0.445202 -0.381134 -0.359503 0.0156153 0.890958 0.453817 -0.215347 -0.440224 0.871682 0.976413 -0.111339 0.184991 0.452823 0.0942154 0.0935742\n-0.451204 -0.383616 -0.368384 0.995706 0.045827 -0.0804332 0.0925433 -0.471043 0.877242 0.00231391 -0.880919 -0.473261 0.0889973 0.0889271 0.440993\nC 11\n0 1\n0 6\n0 5\n0 2\n1 2\n1 3\n1 4\n1 5\n1 6\n2 6\n2 5\nS 1\n2\n5 0.445202 -0.381134 -0.359503\n6 -0.451204 -0.383616 -0.368384\n2\n-0.00300102 -0.382375 -0.363944\n-0.999947 -0.0027697 -0.00990683\nL 7\n0\n1\n0\n2\n2\n2\n2"
}