{
    "boxes": [
        [
            0.002154499990865588,
            -0.015502000227570534,
            0.1464020013809204,
            0.21470199525356293,
            0.7029539942741394,
            0.741254985332489,
            0.0,
            1.0,
            0.0,
            0.0,
            0.0,
            1.0
        ],
        [
            -0.34927898645401,
            -0.36469998955726624,
            -0.20286500453948975,
            0.8895589709281921,
            0.19349999725818634,
            0.1342560052871704,
            0.14071400463581085,
            0.9482870101928711,
            0.2845200002193451,
            -0.01883319951593876,
            -0.28476300835609436,
            0.9584130048751831
        ],
        [
            -0.3470830023288727,
            -0.37806299328804016,
            0.4924600124359131,
            0.7728400230407715,
            0.06262730062007904,
            0.13658200204372406,
            0.11716499924659729,
            0.9905779957771301,
            -0.07090090215206146,
            -0.6292529702186584,
            0.12928099930286407,
            0.7663729786872864
        ],
        [
            0.00512058986350894,
            0.34517499804496765,
            -0.24643899500370026,
            0.7704560160636902,
            0.17247000336647034,
            0.7441200017929077,
            -0.0019697099924087524,
            0.942313015460968,
            -0.3347269892692566,
            -0.0027899600099772215,
            0.33472099900245667,
            0.942313015460968
        ]
    ],
    "ops": [
        [
            0,
            0,
            0,
            1,
            2,
            1,
            0,
            1
        ]
    ],
    "syms": [
        [
            0.0,
            0.9998819828033447,
            0.01146559976041317,
            -0.010227099992334843,
            0.007900089956820011,
            -0.3606039881706238,
            -0.2065179944038391,
            0.0
        ]
    ],
    "labels:": [
        [
            1,
            2,
            2,
            0
        ]
    ],
    "obj": 42692,
    "mat_index": 4919,
    "obbs": "N 6\n0.00512059 0.345175 -0.246439 -0.00196971 0.942313 -0.334727 -0.00278996 0.334721 0.942313 0.999994 0.00278996 0.00196971 0.770456 0.17247 0.74412\n0.0021545 -0.015502 0.146402 1 0 0 0 1 0 0 0 1 0.741255 0.214702 0.702954\n0.365079 -0.356508 -0.210172 0.157781 -0.944435 -0.288354 0.972083 0.0971966 0.213559 -0.173666 -0.313999 0.933405 0.902245 0.109086 0.203275\n0.344726 -0.38482 0.500247 -0.0754614 0.992482 -0.0963585 0.671155 0.122022 0.731205 0.737466 -0.00949371 -0.675318 0.760251 0.0647165 0.135832\n-0.347083 -0.378063 0.49246 0.117165 0.990578 -0.0709009 -0.629253 0.129281 0.766373 0.768318 -0.0451774 0.638471 0.77284 0.0626273 0.136582\n-0.349279 -0.3647 -0.202865 -0.140714 -0.948287 -0.28452 0.989871 -0.14022 -0.0222109 -0.0188332 -0.284763 0.958413 0.889559 0.134256 0.1935\nC 7\n0 1\n0 5\n0 2\n1 2\n1 3\n1 4\n1 5\nS 2\n2\n2 0.365079 -0.356508 -0.210172\n5 -0.349279 -0.3647 -0.202865\n2\n0.00790009 -0.360604 -0.206518\n-0.999882 -0.0114656 0.0102271\n2\n3 0.344726 -0.38482 0.500247\n4 -0.347083 -0.378063 0.49246\n2\n-0.00117832 -0.381441 0.496354\n-0.999889 0.00976543 -0.011255\nL 6\n0\n1\n2\n2\n2\n2"
}