{
    "boxes": [
        [
            -0.01765649951994419,
            -0.05074889957904816,
            0.18558500707149506,
            0.16221100091934204,
            0.8649539947509766,
            0.9452379941940308,
            -0.0007086260011419654,
            0.9995650053024292,
            0.02947710081934929,
            1.0446399755892344e-05,
            -0.02947710081934929,
            0.9995650053024292
        ],
        [
            -0.5506839752197266,
            0.3088330030441284,
            -0.03487290069460869,
            0.10383699834346771,
            0.5254189968109131,
            0.18959200382232666,
            -0.07648289948701859,
            0.996969997882843,
            -0.014163799583911896,
            -0.15651200711727142,
            0.002024899935349822,
            0.9876739978790283
        ],
        [
            -0.37426599860191345,
            -0.13331300020217896,
            0.03619660064578056,
            0.076842300593853,
            0.22707700729370117,
            0.0860925018787384,
            0.3287540078163147,
            0.8192390203475952,
            -0.4698610007762909,
            -0.4841729998588562,
            0.5733619928359985,
            0.6609330177307129
        ],
        [
            -0.5355010032653809,
            0.10277699679136276,
            0.14978499710559845,
            0.43556299805641174,
            0.05683460086584091,
            0.11022800207138062,
            -0.14072999358177185,
            0.9149670004844666,
            0.37819400429725647,
            -0.1613440066576004,
            -0.39808401465415955,
            0.9030489921569824
        ],
        [
            -0.017642000690102577,
            -0.4520359933376312,
            0.1208140030503273,
            0.5241109728813171,
            0.09620299935340881,
            0.09620200097560883,
            0.0,
            1.0,
            0.0,
            0.0,
            0.0,
            1.0
        ],
        [
            -0.017584899440407753,
            -0.6845030188560486,
            -0.5241320133209229,
            0.11576899886131287,
            0.12441399693489075,
            0.09774339944124222,
            0.0004230639897286892,
            0.9663559794425964,
            -0.25720900297164917,
            -0.0016116900369524956,
            0.25720900297164917,
            0.9663540124893188
        ],
        [
            -0.01783820055425167,
            -0.49600300192832947,
            -0.207519993185997,
            0.14959299564361572,
            0.6505579948425293,
            0.10586100071668625,
            0.03571330010890961,
            0.9554669857025146,
            -0.292930006980896,
            -0.006087670102715492,
            0.2933200001716614,
            0.9559950232505798
        ],
        [
            0.3951900005340576,
            0.2553519904613495,
            -0.3158699870109558,
            1.110610008239746,
            0.2835330069065094,
            0.11704099923372269,
            -0.004702580161392689,
            0.9239580035209656,
            -0.38246598839759827,
            0.02612150087952614,
            0.38245299458503723,
            0.9236059784889221
        ],
        [
            -0.01976490020751953,
            0.3812350034713745,
            -0.3150799870491028,
            0.8908360004425049,
            0.15166200697422028,
            0.9421520233154297,
            -0.004502320196479559,
            0.9505670070648193,
            -0.31048598885536194,
            -0.00620693014934659,
            0.3104569911956787,
            0.9505670070648193
        ],
        [
            -0.017642000690102577,
            0.3008750081062317,
            -0.31118300557136536,
            0.10922899842262268,
            0.11371000111103058,
            0.836027979850769,
            -5.381620038491519e-09,
            0.9412850141525269,
            -0.33761200308799744,
            -7.647540378741269e-09,
            0.33761200308799744,
            0.9412850141525269
        ]
    ],
    "ops": [
        [
            0,
            0,
            0,
            0,
            1,
            1,
            2,
            1,
            0,
            0,
            0,
            1,
            2,
            1,
            1,
            0,
            2,
            0,
            0,
            1,
            1,
            1
        ]
    ],
    "syms": [
        [
            0.0,
            0.9999920129776001,
            0.002687609987333417,
            -0.002821180038154125,
            -0.01792149990797043,
            0.3102650046348572,
            -0.036375898867845535,
            0.0
        ],
        [
            -1.0,
            -8.165799954440445e-06,
            1.0,
            2.3133099603001028e-05,
            -0.01764499954879284,
            -0.6845170259475708,
            0.08679790049791336,
            0.20000000298023224
        ],
        [
            0.0,
            0.9998239874839783,
            -0.009439350105822086,
            -0.016186200082302094,
            -0.016687799245119095,
            0.2592410147190094,
            -0.3092019855976105,
            0.0
        ]
    ],
    "labels:": [
        [
            1,
            3,
            3,
            3,
            2,
            2,
            2,
            0,
            0,
            0
        ]
    ],
    "obj": 42701,
    "mat_index": 4920,
    "obbs": "N 22\n-0.0197649 0.381235 -0.31508 0.999971 0.00620693 0.00450232 -0.00620693 0.310457 0.950567 0.00450232 -0.950567 0.310486 0.942152 0.151662 0.890836\n-0.0175849 -0.684503 -0.524132 0.000423064 0.966356 -0.257209 0.999999 5.71228e-06 0.00166629 0.00161169 -0.257209 -0.966354 0.115769 0.0977434 0.124414\n0.563322 -0.68452 -0.101961 -0.000608923 -0.259417 -0.965765 1 -4.21628e-05 -0.000619183 0.000119907 -0.965765 0.259417 0.124497 0.0977493 0.11565\n0.341428 -0.684506 0.581019 1.78227e-07 -0.258818 -0.965926 1 -1.49455e-06 5.84976e-07 -1.59502e-06 -0.965926 0.258818 0.124459 0.0977422 0.115668\n-0.376785 -0.684551 0.581059 -0.00053339 0.96537 -0.260883 0.999998 -2.51357e-05 -0.00213757 -0.0020701 -0.260883 -0.965368 0.115604 0.0977476 0.124583\n-0.598605 -0.684505 -0.101996 0.000264211 0.966139 -0.258022 1 -5.31615e-05 0.000824927 0.000783278 -0.258022 -0.966139 0.115719 0.0977523 0.124438\n0.338982 -0.133313 0.0361966 -0.484171 -0.573361 -0.660935 -0.328762 0.819239 -0.469854 0.81086 -0.0101988 -0.585151 0.227077 0.076842 0.0860925\n-0.374266 -0.133313 0.0361966 0.484173 -0.573362 -0.660933 0.328754 0.819239 -0.469861 0.810862 0.01021 0.585148 0.227077 0.0768423 0.0860925\n-0.0176565 -0.0507489 0.185585 1 0.000708626 1.04464e-05 -0.000708626 0.999565 0.0294771 1.04464e-05 -0.0294771 0.999565 0.945238 0.162211 0.864954\n-0.428566 0.263129 -0.302534 0.00696208 -0.348707 -0.937206 0.999917 -0.00776327 0.0103164 -0.0108732 -0.9372 0.348624 0.29179 0.118465 1.10979\n0.39519 0.255352 -0.31587 -0.0261215 -0.382453 -0.923606 0.999648 -0.00564725 -0.0259337 0.00470258 -0.923958 0.382466 0.283533 0.117041 1.11061\n0.514841 0.311697 -0.037879 -0.157155 -0.0168152 -0.987431 0.0855231 0.995867 -0.0305703 0.983864 -0.0892524 -0.155067 0.518456 0.104331 0.190384\n-0.550684 0.308833 -0.0348729 0.156512 -0.0020249 -0.987674 -0.0764829 0.99697 -0.0141638 0.98471 0.077757 0.155883 0.525419 0.103837 0.189592\n0.498417 0.107034 0.140322 0.975811 -0.0691956 -0.207375 0.164766 -0.390661 0.905669 -0.143682 -0.91793 -0.36981 0.111867 0.0760546 0.436583\n-0.535501 0.102777 0.149785 -0.976813 -0.0660662 -0.203647 -0.161344 -0.398084 0.903049 -0.14073 0.914967 0.378194 0.110228 0.0568346 0.435563\n-0.0178382 -0.496003 -0.20752 0.00608767 -0.29332 -0.955995 0.999344 -0.0323585 0.016292 -0.0357133 -0.955467 0.29293 0.650558 0.105861 0.149593\n0.295782 -0.490552 0.0205369 0.912961 -0.271667 -0.304465 0.321652 0.0200052 0.946647 -0.251082 -0.962183 0.105646 0.651969 0.114578 0.152417\n0.172637 -0.485175 0.392731 -0.573797 0.246016 -0.781174 0.800855 -0.0311053 -0.59805 -0.171429 -0.968766 -0.179175 0.644827 0.0941699 0.157308\n-0.21056 -0.488505 0.390477 0.574426 0.271266 -0.772301 0.801344 0.00610622 0.598173 0.16698 -0.962485 -0.21387 0.646923 0.114366 0.147404\n-0.327378 -0.48907 0.0142845 -0.246955 0.962566 -0.111716 -0.319613 0.0279255 0.947137 0.914801 0.269606 0.300752 0.151939 0.105134 0.654364\n-0.017642 0.300875 -0.311183 -5.38162e-09 0.941285 -0.337612 -7.64754e-09 0.337612 0.941285 1 7.64754e-09 5.38162e-09 0.109229 0.11371 0.836028\n-0.017642 -0.452036 0.120814 1 0 0 0 1 0 0 0 1 0.096202 0.524111 0.096203\nC 59\n0 20\n0 14\n0 7\n0 10\n0 11\n0 12\n0 8\n0 13\n0 6\n0 9\n1 15\n2 16\n3 17\n4 18\n5 19\n6 21\n6 10\n6 8\n6 13\n6 16\n7 21\n7 19\n7 14\n7 9\n7 8\n8 13\n8 9\n8 14\n8 10\n8 20\n8 11\n8 12\n9 14\n9 20\n9 19\n9 12\n10 11\n10 13\n10 16\n10 20\n11 13\n11 20\n12 20\n12 14\n15 16\n15 19\n15 18\n15 17\n15 21\n16 21\n16 17\n16 18\n16 19\n17 19\n17 18\n17 21\n18 19\n18 21\n19 21\nS 6\n5\n3 0.341428 -0.684506 0.581019\n2 0.563322 -0.68452 -0.101961\n1 -0.0175849 -0.684503 -0.524132\n5 -0.598605 -0.684505 -0.101996\n4 -0.376785 -0.684551 0.581059\n3\n-0.017645 -0.684517 0.0867979\n8.1658e-06 -1 -2.31331e-05\n2\n6 0.338982 -0.133313 0.0361966\n7 -0.374266 -0.133313 0.0361966\n2\n-0.0176419 -0.133313 0.0361966\n-1 2.54007e-07 2.62255e-08\n2\n9 -0.428566 0.263129 -0.302534\n10 0.39519 0.255352 -0.31587\n2\n-0.0166878 0.259241 -0.309202\n0.999824 -0.00943935 -0.0161862\n2\n11 0.514841 0.311697 -0.037879\n12 -0.550684 0.308833 -0.0348729\n2\n-0.0179215 0.310265 -0.0363759\n-0.999992 -0.00268761 0.00282118\n2\n13 0.498417 0.107034 0.140322\n14 -0.535501 0.102777 0.149785\n2\n-0.0185424 0.104905 0.145053\n-0.99995 -0.00411648 0.00915228\n5\n18 -0.21056 -0.488505 0.390477\n19 -0.327378 -0.48907 0.0142845\n15 -0.0178382 -0.496003 -0.20752\n16 0.295782 -0.490552 0.0205369\n17 0.172637 -0.485175 0.392731\n3\n-0.0174713 -0.489861 0.122102\n0.0005977 -0.999911 0.0133058\nL 22\n0\n2\n2\n2\n2\n2\n3\n3\n1\n0\n0\n3\n3\n3\n3\n2\n2\n2\n2\n2\n0\n2"
}