{
    "boxes": [
        [
            -0.006626000162214041,
            -0.09006950259208679,
            0.22508199512958527,
            0.12566299736499786,
            0.5955470204353333,
            0.8075360059738159,
            0.0,
            1.0,
            0.0,
            0.0,
            0.0,
            1.0
        ],
        [
            -0.004058000165969133,
            -0.6222389936447144,
            -0.09906250238418579,
            0.02950190007686615,
            0.05900660157203674,
            0.6431699991226196,
            0.0,
            0.7071070075035095,
            -0.7071070075035095,
            0.0,
            0.7071070075035095,
            0.7071070075035095
        ],
        [
            -0.004058000165969133,
            -0.20082899928092957,
            0.3223479986190796,
            0.029504699632525444,
            0.05900660157203674,
            0.6431699991226196,
            0.0,
            0.7071070075035095,
            -0.7071070075035095,
            0.0,
            0.7071070075035095,
            0.7071070075035095
        ],
        [
            -0.38707101345062256,
            -0.41577500104904175,
            0.11851800233125687,
            0.8946229815483093,
            0.12699800729751587,
            0.05417399853467941,
            -0.0010562899988144636,
            0.8397060036659241,
            -0.5430399775505066,
            0.058474101126194,
            0.5421630144119263,
            0.8382359743118286
        ],
        [
            -0.3449380099773407,
            -0.4202829897403717,
            0.09773249924182892,
            1.0111600160598755,
            0.059008099138736725,
            0.038589999079704285,
            -1.570090049532623e-16,
            0.7071070075035095,
            0.7071070075035095,
            1.570090049532623e-16,
            -0.7071070075035095,
            0.7071070075035095
        ],
        [
            -0.004057500045746565,
            0.5377690196037292,
            -0.30438798666000366,
            0.6541069746017456,
            0.054039500653743744,
            0.7203490138053894,
            -0.0,
            0.9404240250587463,
            -0.3400050103664398,
            0.0,
            0.3400050103664398,
            0.9404240250587463
        ],
        [
            -0.3868499994277954,
            0.38366299867630005,
            -0.2696540057659149,
            0.9693049788475037,
            0.10496199876070023,
            0.052263401448726654,
            0.0010995500488206744,
            0.9365519881248474,
            -0.35052698850631714,
            0.04690859839320183,
            0.3500930070877075,
            0.9355400204658508
        ]
    ],
    "ops": [
        [
            0,
            0,
            2,
            0,
            0,
            0,
            1,
            2,
            1,
            1,
            1,
            0,
            0,
            2,
            1,
            1
        ]
    ],
    "syms": [
        [
            0.0,
            1.5309999525925377e-06,
            0.0898481011390686,
            0.9959549903869629,
            -0.004057750105857849,
            -0.6075680255889893,
            0.06356900185346603,
            0.0
        ],
        [
            0.0,
            0.9999030232429504,
            0.012634100392460823,
            0.005809199996292591,
            -0.0041945199482142925,
            -0.41093799471855164,
            0.12074299901723862,
            0.0
        ],
        [
            0.0,
            0.9999369978904724,
            0.008576580323278904,
            -0.007285790052264929,
            -0.004187630023807287,
            0.3869450092315674,
            -0.2724429965019226,
            0.0
        ]
    ],
    "labels:": [
        [
            1,
            2,
            2,
            2,
            2,
            0,
            0
        ]
    ],
    "obj": 42708,
    "mat_index": 4925,
    "obbs": "N 11\n-0.0040575 0.537769 -0.304388 1 0 0 0 0.340005 0.940424 0 -0.940424 0.340005 0.720349 0.0540395 0.654107\n-0.004058 -0.200829 0.322348 1 0 0 0 0.707107 -0.707107 0 0.707107 0.707107 0.64317 0.0295047 0.0590066\n-0.0040575 -0.592897 0.2262 1 0 0 -0 0.657391 0.753549 0 -0.753549 0.657391 0.720349 0.0295038 0.0590082\n-0.004058 -0.622239 -0.0990625 1 0 0 0 0.707107 -0.707107 0 0.707107 0.707107 0.64317 0.0295019 0.0590066\n-0.006626 -0.0900695 0.225082 1 0 0 0 1 0 0 0 1 0.807536 0.125663 0.595547\n-0.38685 0.383663 -0.269654 -0.0469086 -0.350093 -0.93554 0.998899 -0.0174714 -0.0435474 -0.00109955 -0.936552 0.350527 0.104962 0.0522634 0.969305\n0.378475 0.390227 -0.275231 0.00199533 0.944374 -0.328866 0.999739 -0.00936314 -0.0208215 -0.0227426 -0.328739 -0.944147 0.953409 0.0506433 0.0933628\n0.378682 -0.4061 0.122967 -0.0150324 -0.511006 -0.859445 0.999887 -0.00792904 -0.0127745 -0.000286749 -0.85954 0.511068 0.142694 0.0493674 0.901266\n-0.387071 -0.415775 0.118518 -0.0584741 -0.542163 -0.838236 0.998288 -0.0308683 -0.0496737 0.00105629 -0.839706 0.54304 0.126998 0.054174 0.894623\n0.336823 -0.420283 0.0977325 1.57009e-16 -0.707107 -0.707107 1 2.22045e-16 0 1.57009e-16 -0.707107 0.707107 1.01116 0.038591 0.0590081\n-0.344938 -0.420283 0.0977325 1.57009e-16 -0.707107 -0.707107 1 2.22045e-16 0 1.57009e-16 -0.707107 0.707107 1.01116 0.03859 0.0590081\nC 25\n0 5\n0 6\n1 10\n1 4\n1 9\n1 8\n1 7\n2 8\n2 9\n2 10\n2 7\n3 7\n3 10\n3 9\n3 8\n4 7\n4 8\n4 9\n4 10\n4 5\n4 6\n5 8\n6 7\n7 9\n8 10\nS 4\n2\n2 -0.0040575 -0.592897 0.2262\n3 -0.004058 -0.622239 -0.0990625\n2\n-0.00405775 -0.607568 0.063569\n-1.531e-06 -0.0898481 -0.995955\n2\n5 -0.38685 0.383663 -0.269654\n6 0.378475 0.390227 -0.275231\n2\n-0.00418763 0.386945 -0.272443\n0.999937 0.00857658 -0.00728579\n2\n7 0.378682 -0.4061 0.122967\n8 -0.387071 -0.415775 0.118518\n2\n-0.00419452 -0.410938 0.120743\n-0.999903 -0.0126341 -0.0058092\n2\n9 0.336823 -0.420283 0.0977325\n10 -0.344938 -0.420283 0.0977325\n2\n-0.00405775 -0.420283 0.0977325\n-1 0 2.03558e-17\nL 11\n0\n2\n2\n2\n1\n0\n0\n2\n2\n2\n2"
}