{
    "boxes": [
        [
            0.004424000158905983,
            -0.01772800087928772,
            0.013411999680101871,
            0.05244800075888634,
            0.6725959777832031,
            0.7579100131988525,
            0.0,
            1.0,
            0.0,
            0.0,
            0.0,
            1.0
        ],
        [
            -0.3548069894313812,
            0.26426899433135986,
            0.13099099695682526,
            0.044529400765895844,
            0.32973000407218933,
            0.04330340027809143,
            -0.09684120118618011,
            0.9939849972724915,
            0.0511511005461216,
            0.006263310089707375,
            -0.05078300088644028,
            0.9986900091171265
        ],
        [
            0.33655500411987305,
            0.26231300830841064,
            0.012355799786746502,
            0.0434890016913414,
            0.4951770007610321,
            0.09241220355033875,
            0.010338500142097473,
            0.9998660087585449,
            -0.012662599794566631,
            0.258868008852005,
            0.009555329568684101,
            0.9658650159835815
        ],
        [
            -0.3555600047111511,
            0.11882899701595306,
            0.3303309977054596,
            0.289667010307312,
            0.07095179706811905,
            0.04100789874792099,
            0.015176299959421158,
            0.9863439798355103,
            -0.164000004529953,
            0.01016869954764843,
            0.16385899484157562,
            0.9864310026168823
        ],
        [
            0.004379149992018938,
            -0.8816149830818176,
            -0.008237039670348167,
            0.06365589797496796,
            0.6301829814910889,
            0.7585440278053284,
            0.00011855999764520675,
            0.9999930262565613,
            -0.003665369935333729,
            2.1728399701714807e-07,
            0.003665369935333729,
            0.9999930262565613
        ],
        [
            0.36847200989723206,
            -0.45830801129341125,
            0.3155840039253235,
            0.8637239933013916,
            0.09333399683237076,
            0.030486000701785088,
            0.0,
            1.0,
            0.0,
            0.0,
            0.0,
            1.0
        ],
        [
            0.26104700565338135,
            0.2888149917125702,
            -0.20342299342155457,
            0.598675012588501,
            0.033844999969005585,
            0.03180500119924545,
            0.0,
            1.0,
            0.0,
            0.0,
            0.0,
            1.0
        ],
        [
            -0.036479201167821884,
            0.4630649983882904,
            -0.2396640032529831,
            0.2554379999637604,
            0.17054399847984314,
            0.5876539945602417,
            0.008292119950056076,
            0.9999340176582336,
            0.007950450293719769,
            0.11183200031518936,
            -0.008828169666230679,
            0.9936879873275757
        ],
        [
            -0.07844559848308563,
            0.2667190134525299,
            -0.208624005317688,
            0.030692199245095253,
            0.20336900651454926,
            0.6526719927787781,
            -0.0007490389980375767,
            0.9999989867210388,
            0.001041530049405992,
            0.30901700258255005,
            -0.0007590919849462807,
            0.9510560035705566
        ]
    ],
    "ops": [
        [
            0,
            0,
            0,
            0,
            2,
            1,
            1,
            1,
            0,
            0,
            2,
            1,
            1,
            0,
            2,
            0,
            0,
            1,
            1,
            1
        ]
    ],
    "syms": [
        [
            0.0,
            0.9999579787254333,
            -0.0003480300074443221,
            -0.009197699837386608,
            0.0029149299953132868,
            0.11870399862527847,
            0.32703399658203125,
            0.0
        ],
        [
            0.0,
            0.9997320175170898,
            -0.01874849945306778,
            -0.013606100343167782,
            0.0049264999106526375,
            -0.45149001479148865,
            0.3205319941043854,
            0.0
        ],
        [
            0.0,
            0.9912009835243225,
            0.0,
            -0.1323619931936264,
            -0.023780999705195427,
            0.2888149917125702,
            -0.16538800299167633,
            0.0
        ]
    ],
    "labels:": [
        [
            1,
            3,
            3,
            3,
            2,
            2,
            0,
            0,
            0
        ]
    ],
    "obj": 2787,
    "mat_index": 493,
    "obbs": "N 12\n-0.0364792 0.463065 -0.239664 0.993693 -0.00735067 -0.111898 0.111832 -0.00882817 0.993688 -0.00829212 -0.999934 -0.00795045 0.587654 0.170544 0.255438\n0.004424 -0.017728 0.013412 1 0 0 0 1 0 0 0 1 0.75791 0.052448 0.672596\n-0.308609 0.288815 -0.127354 1 0 0 0 1 0 0 0 1 0.034681 0.598675 0.032567\n0.261047 0.288815 -0.203423 1 0 0 0 1 0 0 0 1 0.031805 0.598675 0.033845\n0.336555 0.262313 0.0123558 0.965857 -0.0132636 -0.258735 0.0103385 0.999866 -0.0126626 0.258868 0.00955533 0.965865 0.0924122 0.043489 0.495177\n-0.354807 0.264269 0.130991 0.0968412 -0.993985 -0.0511511 0.99528 0.0970347 -0.00130775 0.00626331 -0.050783 0.99869 0.0445294 0.0433034 0.32973\n0.36139 0.118579 0.323737 -0.00202486 0.969322 -0.245787 0.999893 0.00551666 0.0135189 0.0144601 -0.245733 -0.96923 0.332429 0.0447748 0.0856529\n-0.35556 0.118829 0.330331 0.0151763 0.986344 -0.164 0.999833 -0.0166381 -0.0075431 -0.0101687 -0.163859 -0.986431 0.289667 0.0410079 0.0709518\n-0.0784456 0.266719 -0.208624 0.951056 0.00103423 -0.309016 -0.000749039 0.999999 0.00104153 0.309017 -0.000759092 0.951056 0.652672 0.0306922 0.203369\n0.368472 -0.458308 0.315584 1 0 0 0 1 0 0 0 1 0.030486 0.863724 0.093334\n-0.358619 -0.444673 0.32548 1 0 0 0 1 0 0 0 1 0.032532 0.867113 0.073503\n0.00437915 -0.881615 -0.00823704 1 -0.00011856 2.17284e-07 0.00011856 0.999993 -0.00366537 2.17284e-07 0.00366537 0.999993 0.758544 0.0636559 0.630183\nC 27\n0 3\n0 4\n0 5\n0 8\n0 2\n1 3\n1 6\n1 2\n1 5\n1 10\n1 4\n1 9\n1 8\n1 7\n2 8\n2 5\n3 8\n3 4\n4 8\n4 6\n5 8\n5 10\n5 7\n6 9\n7 10\n9 11\n10 11\nS 3\n2\n2 -0.308609 0.288815 -0.127354\n3 0.261047 0.288815 -0.203423\n2\n-0.023781 0.288815 -0.165388\n0.991201 0 -0.132362\n2\n6 0.36139 0.118579 0.323737\n7 -0.35556 0.118829 0.330331\n2\n0.00291493 0.118704 0.327034\n-0.999958 0.00034803 0.0091977\n2\n9 0.368472 -0.458308 0.315584\n10 -0.358619 -0.444673 0.32548\n2\n0.0049265 -0.45149 0.320532\n-0.999732 0.0187485 0.0136061\nL 12\n0\n1\n0\n0\n3\n3\n3\n3\n0\n2\n2\n2"
}