{
    "boxes": [
        [
            0.3607749938964844,
            -0.15765899419784546,
            0.1617790013551712,
            0.35555198788642883,
            0.9538260102272034,
            0.8816189765930176,
            -0.33873000741004944,
            0.9408680200576782,
            -0.005468870047479868,
            0.04828890040516853,
            0.02318909950554371,
            0.9985640048980713
        ],
        [
            -0.3307560086250305,
            -0.165119007229805,
            0.1339309960603714,
            0.32110199332237244,
            0.9745190143585205,
            0.8459740281105042,
            0.3806670010089874,
            0.9239609837532043,
            -0.03725089877843857,
            0.007370320148766041,
            0.03725089877843857,
            0.9992790222167969
        ],
        [
            0.685804009437561,
            0.30512699484825134,
            0.10388399660587311,
            0.6860309839248657,
            1.0311100482940674,
            0.2311909943819046,
            0.0,
            1.0,
            0.0,
            0.0,
            0.0,
            1.0
        ],
        [
            0.008578499779105186,
            -0.3864389955997467,
            0.1677519977092743,
            0.47453099489212036,
            0.7876899838447571,
            0.8649010062217712,
            0.0,
            1.0,
            0.0,
            0.0,
            0.0,
            1.0
        ],
        [
            0.009135499596595764,
            0.3223850131034851,
            -0.4068939983844757,
            0.6541939973831177,
            0.3596799969673157,
            1.5492899417877197,
            0.0,
            1.0,
            0.0,
            0.0,
            0.0,
            1.0
        ]
    ],
    "ops": [
        [
            0,
            0,
            1,
            0,
            2,
            1,
            0,
            1,
            0,
            1
        ]
    ],
    "syms": [
        [
            0.0,
            0.9997379779815674,
            0.01296900026500225,
            -0.01885570026934147,
            0.0021440000273287296,
            0.29625898599624634,
            0.11677800118923187,
            0.0
        ]
    ],
    "labels:": [
        [
            1,
            1,
            3,
            2,
            0
        ]
    ],
    "obj": 42752,
    "mat_index": 4957,
    "obbs": "N 6\n0.0091355 0.322385 -0.406894 1 0 0 0 1 0 0 0 1 1.54929 0.654194 0.35968\n0.685804 0.305127 0.103884 1 0 0 0 1 0 0 0 1 0.231191 0.686031 1.03111\n-0.681516 0.28739 0.129672 0.0101541 -0.998296 -0.0574645 0.999938 0.00987216 0.00518802 -0.00461188 -0.0575136 0.998334 0.689456 0.203352 0.998013\n0.360775 -0.157659 0.161779 0.939644 0.337979 -0.0532883 -0.33873 0.940868 -0.00546887 0.0482889 0.0231891 0.998564 0.881619 0.355552 0.953826\n-0.330756 -0.165119 0.133931 0.924683 -0.380667 0.00737032 0.380667 0.923961 -0.0372509 0.00737032 0.0372509 0.999279 0.845974 0.321102 0.974519\n0.0085785 -0.386439 0.167752 1 0 0 0 1 0 0 0 1 0.864901 0.474531 0.78769\nC 12\n0 1\n0 5\n0 4\n0 3\n0 2\n1 3\n1 5\n2 4\n2 5\n3 4\n3 5\n4 5\nS 1\n2\n1 0.685804 0.305127 0.103884\n2 -0.681516 0.28739 0.129672\n2\n0.002144 0.296259 0.116778\n-0.999738 -0.012969 0.0188557\nL 6\n0\n3\n3\n1\n1\n2"
}