{
    "boxes": [
        [
            0.006739499978721142,
            -0.07512249797582626,
            0.12037400156259537,
            0.06506899744272232,
            0.6796759963035583,
            0.6871089935302734,
            0.0,
            1.0,
            0.0,
            0.0,
            0.0,
            1.0
        ],
        [
            0.31530100107192993,
            -0.4662489891052246,
            -0.14402300119400024,
            0.7736750245094299,
            0.03208469972014427,
            0.03452049940824509,
            -0.20719300210475922,
            0.949836015701294,
            0.23426899313926697,
            0.628836989402771,
            -0.05413610115647316,
            0.7756509780883789
        ],
        [
            -0.3188140094280243,
            -0.4628340005874634,
            0.3940260112285614,
            0.7579039931297302,
            0.04978819936513901,
            0.03269769996404648,
            0.1609240025281906,
            0.9793379902839661,
            -0.12247999757528305,
            0.5914160013198853,
            0.0036654500290751457,
            0.8063589930534363
        ],
        [
            -0.30382299423217773,
            -0.4725619852542877,
            -0.14598999917507172,
            0.7736949920654297,
            0.031766198575496674,
            0.052005600184202194,
            0.2308489978313446,
            0.9466059803962708,
            0.2250470072031021,
            0.3975819945335388,
            -0.30287501215934753,
            0.8661379814147949
        ],
        [
            0.006389809772372246,
            0.25561198592185974,
            -0.19018900394439697,
            0.6408640146255493,
            0.12269099801778793,
            0.6925380229949951,
            -0.008540729992091656,
            0.9959869980812073,
            -0.0890858992934227,
            -0.009338379837572575,
            0.08900579810142517,
            0.9959869980812073
        ]
    ],
    "ops": [
        [
            0,
            0,
            2,
            0,
            0,
            1,
            1,
            1,
            0,
            1
        ]
    ],
    "syms": [
        [
            0.0,
            0.027469299733638763,
            0.016858000308275223,
            0.9994800090789795,
            0.3226819932460785,
            -0.46171900629997253,
            0.12456700205802917,
            0.0
        ]
    ],
    "labels:": [
        [
            1,
            2,
            2,
            2,
            0
        ]
    ],
    "obj": 2800,
    "mat_index": 500,
    "obbs": "N 6\n0.00638981 0.255612 -0.190189 -0.00854073 0.995987 -0.0890859 -0.00933838 0.0890058 0.995987 0.99992 0.00933838 0.00854073 0.640864 0.122691 0.692538\n0.0067395 -0.0751225 0.120374 1 0 0 0 1 0 0 0 1 0.687109 0.065069 0.679676\n-0.318814 -0.462834 0.394026 -0.160924 -0.979338 0.12248 0.790146 -0.202199 -0.578606 0.591416 0.00366545 0.806359 0.757904 0.0326977 0.0497882\n0.330064 -0.457189 0.393156 0.190008 -0.974052 0.122962 0.734145 0.0578066 -0.676527 0.651865 0.218817 0.726079 0.757965 0.032354 0.0514325\n0.315301 -0.466249 -0.144023 0.749424 0.308026 -0.586075 0.628837 -0.0541361 0.775651 0.207193 -0.949836 -0.234269 0.0345205 0.0320847 0.773675\n-0.303823 -0.472562 -0.14599 0.888053 -0.110472 -0.446272 0.397582 -0.302875 0.866138 -0.230849 -0.946606 -0.225047 0.0520056 0.0317662 0.773695\nC 7\n0 1\n0 5\n0 4\n1 2\n1 3\n1 4\n1 5\nS 1\n2\n3 0.330064 -0.457189 0.393156\n4 0.315301 -0.466249 -0.144023\n2\n0.322682 -0.461719 0.124567\n-0.0274693 -0.016858 -0.99948\nL 6\n0\n1\n2\n2\n2\n2"
}