{
    "boxes": [
        [
            0.011351999826729298,
            -0.08634199947118759,
            0.11327700316905975,
            0.2707679867744446,
            0.8203330039978027,
            0.8484079837799072,
            0.0,
            1.0,
            0.0,
            0.0,
            0.0,
            1.0
        ],
        [
            -0.36733299493789673,
            -0.4961250126361847,
            -0.3101870119571686,
            0.6134629845619202,
            0.08423110097646713,
            0.0735023021697998,
            -0.02167779952287674,
            0.9758689999580383,
            0.21727900207042694,
            0.06660889834165573,
            -0.21543699502944946,
            0.9742429852485657
        ],
        [
            -0.3677229881286621,
            -0.3841879963874817,
            0.47831499576568604,
            0.8123049736022949,
            0.05415400117635727,
            0.05415299907326698,
            0.0,
            1.0,
            0.0,
            0.0,
            0.0,
            1.0
        ],
        [
            -0.3677229881286621,
            -0.03983749821782112,
            -0.25641199946403503,
            0.34939101338386536,
            0.0666939988732338,
            0.05689699947834015,
            0.0,
            1.0,
            0.0,
            0.0,
            0.0,
            1.0
        ],
        [
            -0.36799201369285583,
            0.4648419916629791,
            -0.3057219982147217,
            0.6907479763031006,
            0.08796270191669464,
            0.07088270038366318,
            0.019933100789785385,
            0.9804019927978516,
            -0.1959950029850006,
            -0.03955009952187538,
            0.19665299355983734,
            0.9796749949455261
        ],
        [
            0.011351999826729298,
            0.6540340185165405,
            -0.4119960069656372,
            0.2741749882698059,
            0.11254899948835373,
            0.8123040199279785,
            1.1662200094519903e-08,
            0.956404983997345,
            -0.292044997215271,
            1.575489960714549e-08,
            0.292044997215271,
            0.956404983997345
        ]
    ],
    "ops": [
        [
            0,
            0,
            0,
            1,
            2,
            1,
            0,
            2,
            0,
            2,
            0,
            2,
            1,
            1,
            1
        ]
    ],
    "syms": [
        [
            0.0,
            0.9999970197677612,
            0.0022354701068252325,
            -0.00022725500457454473,
            0.011281600221991539,
            -0.4952790141105652,
            -0.3102729916572571,
            0.0
        ],
        [
            0.0,
            0.999737024307251,
            0.02292739972472191,
            0.0004476819885894656,
            0.011351999826729298,
            -0.031144000589847565,
            -0.2562420070171356,
            0.0
        ],
        [
            0.0,
            0.9998729825019836,
            0.015815099701285362,
            -0.0017937199445441365,
            0.011121399700641632,
            0.4708380103111267,
            -0.3064019978046417,
            0.0
        ],
        [
            0.0,
            -2.01757011097925e-09,
            0.9728140234947205,
            -0.23158900439739227,
            0.011351999826729298,
            0.4630739986896515,
            -0.3665359914302826,
            0.0
        ]
    ],
    "labels:": [
        [
            1,
            2,
            2,
            0,
            0,
            0
        ]
    ],
    "obj": 42821,
    "mat_index": 5005,
    "obbs": "N 11\n0.389896 -0.494432 -0.310359 -0.989433 0.00956032 -0.144674 -0.14334 -0.214585 0.96613 -0.0218085 0.976658 0.213688 0.0723486 0.0884429 0.61639\n-0.367333 -0.496125 -0.310187 0.997544 0.0355922 -0.0603313 0.0666089 -0.215437 0.974243 0.0216778 -0.975869 -0.217279 0.0735023 0.0842311 0.613463\n0.390427 -0.384188 0.478315 1 0 0 0 1 0 0 0 1 0.054153 0.812305 0.054154\n-0.367723 -0.384188 0.478315 1 0 0 0 1 0 0 0 1 0.054153 0.812305 0.054154\n0.011352 -0.086342 0.113277 1 0 0 0 1 0 0 0 1 0.848408 0.270768 0.820333\n0.390235 0.476835 -0.307082 0.992712 -0.0179628 -0.119162 0.120372 0.194849 0.973419 0.00573333 -0.980669 0.195591 0.0649279 0.089314 0.666524\n-0.367992 0.464842 -0.305722 -0.999019 0.0117763 -0.0426949 -0.0395501 0.196653 0.979675 0.0199331 0.980402 -0.195995 0.0708827 0.0879627 0.690748\n0.011352 0.272114 -0.321076 1 0 0 0 0.101056 0.994881 0 -0.994881 0.101056 0.812304 0.103254 0.270769\n0.011352 0.654034 -0.411996 1 -1.57549e-08 -1.16622e-08 1.57549e-08 0.292045 0.956405 -1.16622e-08 -0.956405 0.292045 0.812304 0.112549 0.274175\n-0.367723 -0.0398375 -0.256412 1 0 0 0 1 0 0 0 1 0.056897 0.349391 0.066694\n0.390428 -0.0224505 -0.256073 1 0 0 0 1 0 0 0 1 0.056897 0.366907 0.065267\nC 20\n0 10\n0 4\n1 4\n1 9\n2 4\n3 4\n4 10\n4 7\n4 9\n4 6\n4 5\n5 10\n5 7\n5 8\n6 9\n6 7\n6 8\n7 8\n7 10\n7 9\nS 5\n2\n0 0.389896 -0.494432 -0.310359\n1 -0.367333 -0.496125 -0.310187\n2\n0.0112816 -0.495279 -0.310273\n-0.999997 -0.00223547 0.000227255\n2\n2 0.390427 -0.384188 0.478315\n3 -0.367723 -0.384188 0.478315\n2\n0.011352 -0.384188 0.478315\n-1 0 0\n2\n5 0.390235 0.476835 -0.307082\n6 -0.367992 0.464842 -0.305722\n2\n0.0111214 0.470838 -0.306402\n-0.999873 -0.0158151 0.00179372\n2\n7 0.011352 0.272114 -0.321076\n8 0.011352 0.654034 -0.411996\n2\n0.011352 0.463074 -0.366536\n-2.01757e-09 0.972814 -0.231589\n2\n9 -0.367723 -0.0398375 -0.256412\n10 0.390428 -0.0224505 -0.256073\n2\n0.011352 -0.031144 -0.256242\n0.999737 0.0229274 0.000447682\nL 11\n2\n2\n2\n2\n1\n0\n0\n0\n0\n0\n0"
}