{
    "boxes": [
        [
            -0.004998879972845316,
            -0.11037199944257736,
            0.18312600255012512,
            0.11264000087976456,
            0.7624040246009827,
            0.8435720205307007,
            0.0074797398410737514,
            0.9999459981918335,
            0.007202180102467537,
            -2.693590067792684e-05,
            -0.007202180102467537,
            0.9999740123748779
        ],
        [
            -0.45176300406455994,
            0.14854200184345245,
            0.07990700006484985,
            0.5240769982337952,
            0.8691440224647522,
            0.15066899359226227,
            -0.3350600004196167,
            0.9421939849853516,
            -0.0022276099771261215,
            -0.06760759651660919,
            -0.021684100851416588,
            0.9974759817123413
        ],
        [
            -0.047938499599695206,
            -0.4051060080528259,
            0.30343198776245117,
            0.020945699885487556,
            0.014670800417661667,
            0.4520510137081146,
            -0.5109590291976929,
            0.8558160066604614,
            -0.08062539994716644,
            0.10363399982452393,
            0.15443900227546692,
            0.9825519919395447
        ],
        [
            -0.19569100439548492,
            -0.3969770073890686,
            0.08079680055379868,
            0.0158184003084898,
            0.4477219879627228,
            0.013895600102841854,
            -0.06800059974193573,
            0.8521680235862732,
            -0.5188310146331787,
            0.17211000621318817,
            0.5222579836845398,
            0.8352389931678772
        ],
        [
            -0.1972540020942688,
            -0.4046129882335663,
            0.15633100271224976,
            0.01895979978144169,
            0.44686099886894226,
            0.014146200381219387,
            0.28625500202178955,
            0.7952250242233276,
            0.5344859957695007,
            -0.17154499888420105,
            -0.5062800049781799,
            0.845134973526001
        ],
        [
            -0.26643800735473633,
            -0.552590012550354,
            -0.13720199465751648,
            0.6939659714698792,
            0.04495079815387726,
            0.04492130130529404,
            0.3172549903392792,
            0.8954330086708069,
            0.3123280107975006,
            0.4305019974708557,
            -0.4294370114803314,
            0.7938839793205261
        ],
        [
            -0.2671459913253784,
            -0.5524399876594543,
            0.375900000333786,
            0.693947970867157,
            0.044684600085020065,
            0.047067198902368546,
            0.33267900347709656,
            0.8923230171203613,
            -0.3050979971885681,
            -0.3359839916229248,
            0.41444799304008484,
            0.8457819819450378
        ],
        [
            -0.04607899859547615,
            -0.3958750069141388,
            -0.06688480079174042,
            0.022338800132274628,
            0.013155899941921234,
            0.45157599449157715,
            -0.5406820178031921,
            0.8412060141563416,
            0.005978640168905258,
            -0.143435999751091,
            -0.09919130057096481,
            0.9846760034561157
        ],
        [
            0.17969900369644165,
            -0.40437498688697815,
            0.08211780339479446,
            0.025566300377249718,
            0.44846001267433167,
            0.014311499893665314,
            -0.07297629863023758,
            0.8301640152931213,
            -0.5527229905128479,
            -0.17565399408340454,
            0.5348389744758606,
            0.8264939785003662
        ],
        [
            0.01548799965530634,
            0.29875901341438293,
            -0.3064509928226471,
            0.8984220027923584,
            0.23796799778938293,
            1.016010046005249,
            0.010352199897170067,
            0.924938976764679,
            -0.37997400760650635,
            0.015443200245499611,
            0.3798010051250458,
            0.924938976764679
        ]
    ],
    "ops": [
        [
            0,
            0,
            2,
            1,
            0,
            2,
            0,
            0,
            1,
            1,
            0,
            0,
            1,
            2,
            0,
            2,
            0,
            2,
            1,
            1,
            1,
            1,
            0,
            1
        ]
    ],
    "syms": [
        [
            0.0,
            0.9999070167541504,
            -0.0061013298109173775,
            0.012182099744677544,
            0.004246249794960022,
            0.14575999975204468,
            0.08546259999275208,
            0.0
        ],
        [
            0.0,
            0.9941139817237854,
            0.10622099786996841,
            0.02132830023765564,
            -0.01001019962131977,
            -0.4010539948940277,
            0.3042460083961487,
            0.0
        ],
        [
            0.0,
            0.9999989867210388,
            -7.978980283951387e-05,
            -0.001711340039037168,
            -0.009563599713146687,
            -0.5526109933853149,
            -0.1376419961452484,
            0.0
        ],
        [
            0.0,
            0.9922890067100525,
            -0.11731699854135513,
            0.03997959941625595,
            -0.008644159883260727,
            -0.4003010094165802,
            -0.06537649780511856,
            0.0
        ],
        [
            0.0,
            -0.02430889941751957,
            0.09485770016908646,
            0.9951940178871155,
            0.17876900732517242,
            -0.4007459878921509,
            0.12019599974155426,
            0.0
        ]
    ],
    "labels:": [
        [
            1,
            3,
            2,
            2,
            2,
            2,
            2,
            2,
            2,
            0
        ]
    ],
    "obj": 42841,
    "mat_index": 5015,
    "obbs": "N 16\n0.015488 0.298759 -0.306451 0.999827 -0.0154432 -0.0103522 0.0154432 0.379801 0.924939 -0.0103522 -0.924939 0.379974 1.01601 0.237968 0.898422\n0.460256 0.142977 0.0910183 -0.359024 -0.933224 0.013925 0.929812 -0.358926 -0.0813711 0.0809355 -0.0162666 0.996587 0.539461 0.13086 0.857796\n-0.451763 0.148542 0.079907 0.0676076 0.0216841 -0.997476 0.939768 0.334365 0.070965 0.33506 -0.942194 0.00222761 0.869144 0.150669 0.524077\n-0.00499888 -0.110372 0.183126 0.999972 -0.00747974 -2.69359e-05 0.00747974 0.999946 0.00720218 -2.69359e-05 -0.00720218 0.999974 0.843572 0.11264 0.762404\n-0.266438 -0.55259 -0.137202 0.844995 -0.117406 -0.521727 0.430502 -0.429437 0.793884 -0.317255 -0.895433 -0.312328 0.0449213 0.0449508 0.693966\n0.247311 -0.552631 -0.138082 -0.810927 -0.0617375 -0.581882 -0.502015 -0.437496 0.746041 -0.30063 0.897098 0.323784 0.0459208 0.0447753 0.693861\n0.248297 -0.552596 0.376372 -0.315167 0.895561 -0.314071 0.290187 0.406025 0.866565 0.903583 0.181974 -0.387846 0.69396 0.0445688 0.0447773\n-0.267146 -0.55244 0.3759 0.332679 0.892323 -0.305098 -0.335984 0.414448 0.845782 0.881158 -0.178866 0.437684 0.693948 0.0446846 0.0470672\n0.0287907 -0.404727 -0.0638682 0.530283 0.819125 0.218711 0.0268384 -0.274057 0.961339 0.847396 -0.503912 -0.167312 0.0158999 0.0155632 0.450862\n-0.046079 -0.395875 -0.0668848 0.828908 0.531539 0.17429 -0.143436 -0.0991913 0.984676 0.540682 -0.841206 -0.00597864 0.451576 0.0131559 0.0223388\n0.027918 -0.397001 0.305059 -0.830715 0.528693 -0.174345 -0.115743 0.142309 0.983032 0.544533 0.836799 -0.0570256 0.452088 0.0146444 0.0234218\n-0.0479385 -0.405106 0.303432 0.853335 0.493688 -0.167603 0.103634 0.154439 0.982552 0.510959 -0.855816 0.0806254 0.452051 0.0146708 0.0209457\n0.177839 -0.397116 0.158274 -0.00220595 -0.859682 -0.510825 0.984936 0.0864562 -0.149753 0.172904 -0.503461 0.846541 0.0178731 0.013557 0.447253\n0.179699 -0.404375 0.0821178 -0.0729763 0.830164 -0.552723 0.981743 0.157402 0.106791 0.175654 -0.534839 -0.826494 0.0255663 0.0143115 0.44846\n-0.195691 -0.396977 0.0807968 -0.17211 -0.522258 -0.835239 0.982728 -0.0324991 -0.18218 0.0680006 -0.852168 0.518831 0.447722 0.0138956 0.0158184\n-0.197254 -0.404613 0.156331 0.171545 0.50628 -0.845135 0.942672 -0.333613 -0.00850819 -0.286255 -0.795225 -0.534486 0.446861 0.0141462 0.0189598\nC 66\n0 2\n0 3\n0 15\n0 4\n0 12\n0 5\n0 8\n0 1\n0 9\n1 3\n1 6\n1 5\n1 9\n1 12\n2 15\n2 10\n2 3\n2 14\n2 7\n2 4\n3 15\n3 9\n3 5\n3 12\n3 8\n3 4\n4 7\n4 8\n4 9\n4 5\n4 14\n4 15\n5 9\n5 6\n5 13\n5 8\n5 12\n6 7\n6 10\n6 11\n6 12\n6 13\n7 11\n7 15\n7 10\n7 14\n8 13\n8 9\n8 14\n8 15\n8 12\n9 15\n9 14\n9 13\n9 12\n10 11\n10 15\n10 12\n10 13\n10 14\n11 14\n11 13\n11 12\n11 15\n12 13\n14 15\nS 6\n2\n1 0.460256 0.142977 0.0910183\n2 -0.451763 0.148542 0.079907\n2\n0.00424625 0.14576 0.0854626\n-0.999907 0.00610133 -0.0121821\n2\n4 -0.266438 -0.55259 -0.137202\n5 0.247311 -0.552631 -0.138082\n2\n-0.0095636 -0.552611 -0.137642\n0.999999 -7.97898e-05 -0.00171134\n2\n6 0.248297 -0.552596 0.376372\n7 -0.267146 -0.55244 0.3759\n2\n-0.00942461 -0.552518 0.376136\n-1 0.00030396 -0.000916068\n2\n8 0.0287907 -0.404727 -0.0638682\n9 -0.046079 -0.395875 -0.0668848\n2\n-0.00864416 -0.400301 -0.0653765\n-0.992289 0.117317 -0.0399796\n2\n10 0.027918 -0.397001 0.305059\n11 -0.0479385 -0.405106 0.303432\n2\n-0.0100102 -0.401054 0.304246\n-0.994114 -0.106221 -0.0213283\n2\n12 0.177839 -0.397116 0.158274\n13 0.179699 -0.404375 0.0821178\n2\n0.178769 -0.400746 0.120196\n0.0243089 -0.0948577 -0.995194\nL 16\n0\n3\n3\n1\n2\n2\n2\n2\n2\n2\n2\n2\n2\n2\n2\n2"
}