{
    "boxes": [
        [
            -0.0036993499379605055,
            0.010343300178647041,
            0.192330002784729,
            0.25877299904823303,
            0.6787649989128113,
            0.7815219759941101,
            -0.002477840054780245,
            0.9994699954986572,
            0.032459601759910583,
            4.0225499105872586e-05,
            -0.032459601759910583,
            0.999472975730896
        ],
        [
            -0.37571999430656433,
            -0.3238059878349304,
            -0.2529430091381073,
            0.9807230234146118,
            0.040036801248788834,
            0.07311650365591049,
            0.037621401250362396,
            0.9624000191688538,
            0.2690179944038391,
            -0.6242809891700745,
            -0.18757499754428864,
            0.7583460211753845
        ],
        [
            -0.3688589930534363,
            -0.4225510060787201,
            0.4678950011730194,
            0.7428420186042786,
            0.07073059678077698,
            0.05112779885530472,
            0.012081500142812729,
            0.9985780119895935,
            -0.05193160101771355,
            -0.40664300322532654,
            0.052353400737047195,
            0.912086009979248
        ],
        [
            -0.0035303300246596336,
            0.23512600362300873,
            -0.22574500739574432,
            0.6948720216751099,
            0.13116300106048584,
            0.7738010287284851,
            4.241840088070603e-06,
            0.9636880159378052,
            -0.2670300006866455,
            5.577050160354702e-06,
            0.2670300006866455,
            0.9636880159378052
        ],
        [
            -0.3610369861125946,
            0.08170469850301743,
            -0.13088099658489227,
            0.13867899775505066,
            0.04726269841194153,
            0.05723879858851433,
            -0.4654980003833771,
            0.8087350130081177,
            -0.35952600836753845,
            0.30980798602104187,
            0.5294169783592224,
            0.7897700071334839
        ]
    ],
    "ops": [
        [
            0,
            0,
            0,
            1,
            2,
            1,
            0,
            0,
            2,
            1,
            1
        ]
    ],
    "syms": [
        [
            0.0,
            1.0,
            9.236599726136774e-05,
            -0.0003874769899994135,
            -0.0034511699341237545,
            -0.32377099990844727,
            -0.25308701395988464,
            0.0
        ],
        [
            0.0,
            1.0,
            -8.472589797747787e-06,
            -1.816609983507078e-05,
            -0.0035111699253320694,
            0.0817015990614891,
            -0.13088800013065338,
            0.0
        ]
    ],
    "labels:": [
        [
            1,
            2,
            2,
            0,
            0
        ]
    ],
    "obj": 42854,
    "mat_index": 5022,
    "obbs": "N 8\n-0.00353033 0.235126 -0.225745 1 -5.57705e-06 -4.24184e-06 5.57705e-06 0.26703 0.963688 -4.24184e-06 -0.963688 0.26703 0.773801 0.131163 0.694872\n-0.00369935 0.0103433 0.19233 0.999997 0.00247784 4.02255e-05 -0.00247784 0.99947 0.0324596 4.02255e-05 -0.0324596 0.999473 0.781522 0.258773 0.678765\n-0.361037 0.0817047 -0.130881 -0.465498 0.808735 -0.359526 0.309808 0.529417 0.78977 0.829054 0.256253 -0.496995 0.138679 0.0472627 0.0572388\n0.354014 0.0816986 -0.130894 0.464196 0.809641 -0.359171 -0.311822 0.528928 0.789305 0.829029 -0.254394 0.49799 0.138696 0.0472059 0.0571717\n-0.37572 -0.323806 -0.252943 0.0376214 0.9624 0.269018 -0.624281 -0.187575 0.758346 0.780294 -0.196473 0.593751 0.980723 0.0400368 0.0731165\n0.368818 -0.323737 -0.253231 -0.037972 0.962214 0.269634 0.623801 -0.187971 0.758643 0.78066 0.197005 -0.593093 0.980708 0.0400647 0.0731553\n0.361239 -0.422094 0.473302 0.0178269 -0.997808 0.0637297 0.90812 -0.01051 -0.418579 0.418331 0.0653362 0.905942 0.743398 0.0561745 0.0705666\n-0.368859 -0.422551 0.467895 0.406643 -0.0523534 -0.912086 0.913507 0.0100983 0.406698 -0.0120815 -0.998578 0.0519316 0.0707306 0.0511278 0.742842\nC 13\n0 1\n0 5\n0 4\n0 3\n0 2\n1 2\n1 3\n1 4\n1 5\n1 6\n1 7\n2 4\n3 5\nS 3\n2\n2 -0.361037 0.0817047 -0.130881\n3 0.354014 0.0816986 -0.130894\n2\n-0.00351117 0.0817016 -0.130888\n1 -8.47259e-06 -1.81661e-05\n2\n4 -0.37572 -0.323806 -0.252943\n5 0.368818 -0.323737 -0.253231\n2\n-0.00345117 -0.323771 -0.253087\n1 9.2366e-05 -0.000387477\n2\n6 0.361239 -0.422094 0.473302\n7 -0.368859 -0.422551 0.467895\n2\n-0.0038101 -0.422322 0.470599\n-0.999972 -0.000625883 -0.00740588\nL 8\n0\n1\n0\n0\n2\n2\n2\n2"
}