{
    "boxes": [
        [
            -0.012651500292122364,
            -0.17157399654388428,
            0.18320399522781372,
            0.40755000710487366,
            1.2662800550460815,
            1.031499981880188,
            -0.0,
            0.9837790131568909,
            -0.1793850064277649,
            0.0,
            0.1793850064277649,
            0.9837790131568909
        ],
        [
            -0.5427500009536743,
            0.39201998710632324,
            0.1024480015039444,
            0.0988783985376358,
            0.6362919807434082,
            0.06921699643135071,
            0.0,
            0.971418023109436,
            -0.23737399280071259,
            0.0,
            0.23737399280071259,
            0.971418023109436
        ],
        [
            -0.5396109819412231,
            0.2614389955997467,
            -0.033695198595523834,
            0.09880740195512772,
            0.9771000146865845,
            0.06583999842405319,
            0.11217000335454941,
            0.9534549713134766,
            -0.27989500761032104,
            0.004533390048891306,
            0.28117799758911133,
            0.9596449732780457
        ],
        [
            -0.4726890027523041,
            -0.5003470182418823,
            -0.3398520052433014,
            0.3262070119380951,
            0.1099810004234314,
            0.10129299759864807,
            -0.0,
            0.8421769738197327,
            0.5392019748687744,
            0.0,
            -0.5392019748687744,
            0.8421769738197327
        ],
        [
            -0.5455650091171265,
            -0.11118599772453308,
            0.5873849987983704,
            1.0512499809265137,
            0.2436320036649704,
            0.04872480034828186,
            0.00338141992688179,
            0.9951080083847046,
            -0.09873189777135849,
            -0.005501629784703255,
            0.09874950349330902,
            0.9950969815254211
        ],
        [
            -0.009274999611079693,
            0.2373650074005127,
            -0.4445970058441162,
            0.9209830164909363,
            0.32188698649406433,
            1.024749994277954,
            -0.0,
            0.871612012386322,
            -0.49019700288772583,
            0.0,
            0.49019700288772583,
            0.871612012386322
        ],
        [
            -0.001346500008367002,
            0.1065170019865036,
            -0.4628469944000244,
            0.0507970005273819,
            0.06272300332784653,
            1.0757100582122803,
            0.0,
            1.0,
            0.0,
            0.0,
            0.0,
            1.0
        ]
    ],
    "ops": [
        [
            0,
            0,
            0,
            1,
            2,
            1,
            0,
            0,
            1,
            2,
            1,
            0,
            0,
            1,
            1
        ]
    ],
    "syms": [
        [
            0.0,
            0.9999669790267944,
            3.69466010852193e-06,
            -0.008104979991912842,
            -0.0019280000124126673,
            0.3920220136642456,
            0.09806410223245621,
            0.0
        ],
        [
            0.0,
            0.9999719858169556,
            -5.509980027795791e-08,
            -0.007465079892426729,
            -0.024660499766469002,
            -0.5003470182418823,
            -0.3431969881057739,
            0.0
        ]
    ],
    "labels:": [
        [
            1,
            3,
            3,
            2,
            2,
            0,
            0
        ]
    ],
    "obj": 42859,
    "mat_index": 5025,
    "obbs": "N 11\n-0.009275 0.237365 -0.444597 1 0 0 0 0.490197 0.871612 0 -0.871612 0.490197 1.02475 0.321887 0.920983\n0.538895 0.392024 0.0936806 1 0 -0 -0 0.971418 -0.237374 0 0.237374 0.971418 0.069217 0.0988784 0.636292\n0.536349 0.261159 -0.0412671 -0.185078 0.936679 -0.297286 0.982693 0.178805 -0.0484103 0.00781125 -0.3011 -0.95356 0.0859911 0.0685105 0.956937\n-0.54275 0.39202 0.102448 1 0 0 0 0.971418 -0.237374 0 0.237374 0.971418 0.069217 0.0988784 0.636292\n-0.539611 0.261439 -0.0336952 0.11217 0.953455 -0.279895 0.993679 -0.108912 0.0272173 -0.00453339 -0.281178 -0.959645 0.0988074 0.06584 0.9771\n-0.0126515 -0.171574 0.183204 1 0 -0 -0 0.983779 -0.179385 0 0.179385 0.983779 1.0315 0.40755 1.26628\n-0.0013465 0.106517 -0.462847 1 0 0 0 1 0 0 0 1 1.07571 0.050797 0.062723\n-0.472689 -0.500347 -0.339852 1 0 -0 0 -0.539202 0.842177 0 -0.842177 -0.539202 0.101293 0.109981 0.326207\n0.423369 -0.500347 -0.346542 1 0 -0 0 -0.539204 0.842176 0 -0.842176 -0.539204 0.101293 0.109981 0.326208\n0.541852 -0.103914 0.588196 0.00415793 -0.151877 -0.988391 0.999986 -0.00263979 0.00461234 -0.00330965 -0.988396 0.151864 0.266417 0.0483525 1.05671\n-0.545565 -0.111186 0.587385 0.00338142 0.995108 -0.0987319 0.999979 -0.00282166 0.00580863 0.00550163 -0.0987495 -0.995097 1.05125 0.0487248 0.243632\nC 23\n0 7\n0 3\n0 4\n0 5\n0 8\n0 1\n0 6\n0 2\n1 2\n1 9\n2 5\n2 9\n2 6\n3 10\n3 4\n4 10\n4 5\n4 6\n5 9\n5 6\n5 8\n5 10\n5 7\nS 4\n2\n1 0.538895 0.392024 0.0936806\n3 -0.54275 0.39202 0.102448\n2\n-0.001928 0.392022 0.0980641\n-0.999967 -3.69466e-06 0.00810498\n2\n2 0.536349 0.261159 -0.0412671\n4 -0.539611 0.261439 -0.0336952\n2\n-0.00163066 0.261299 -0.0374811\n-0.999975 0.000260557 0.00703713\n2\n7 -0.472689 -0.500347 -0.339852\n8 0.423369 -0.500347 -0.346542\n2\n-0.0246605 -0.500347 -0.343197\n0.999972 -5.50998e-08 -0.00746508\n2\n9 0.541852 -0.103914 0.588196\n10 -0.545565 -0.111186 0.587385\n2\n-0.00185622 -0.10755 0.58779\n-0.999977 -0.00668696 -0.000746518\nL 11\n0\n3\n3\n3\n3\n1\n0\n2\n2\n2\n2"
}