{
    "boxes": [
        [
            0.00822949968278408,
            -0.09940250217914581,
            0.14627699553966522,
            0.13802500069141388,
            0.6745799779891968,
            0.7462069988250732,
            0.0,
            1.0,
            0.0,
            0.0,
            0.0,
            1.0
        ],
        [
            -0.40537700057029724,
            -0.45346900820732117,
            -0.2353619933128357,
            0.7291749715805054,
            0.028637299314141273,
            0.06538250297307968,
            0.1419689953327179,
            0.9526240229606628,
            0.26898500323295593,
            -0.2935279905796051,
            -0.21900099515914917,
            0.9305269718170166
        ],
        [
            0.3869880139827728,
            -0.45516398549079895,
            0.45072799921035767,
            0.7152619957923889,
            0.028238900005817413,
            0.054040901362895966,
            -0.08187860250473022,
            0.9871060252189636,
            -0.13753899931907654,
            -0.43136700987815857,
            0.08930639922618866,
            0.8977450132369995
        ],
        [
            -0.37988099455833435,
            -0.45988398790359497,
            0.4525130093097687,
            0.7042719721794128,
            0.03649270161986351,
            0.03981630131602287,
            0.08797129988670349,
            0.9871870279312134,
            -0.13312500715255737,
            -0.0790707990527153,
            0.14014199376106262,
            0.986968994140625
        ],
        [
            0.008291170001029968,
            0.2522299885749817,
            -0.1953520029783249,
            0.6859869956970215,
            0.16608700156211853,
            0.747855007648468,
            0.001778139965608716,
            0.9881970286369324,
            -0.15318000316619873,
            0.0020749999675899744,
            0.15317699313163757,
            0.9881970286369324
        ]
    ],
    "ops": [
        [
            0,
            0,
            2,
            0,
            0,
            1,
            1,
            1,
            0,
            1
        ]
    ],
    "syms": [
        [
            0.0,
            0.9999899864196777,
            -0.003920599818229675,
            -0.002017569961026311,
            0.008350850082933903,
            -0.4550909996032715,
            -0.23619699478149414,
            0.0
        ]
    ],
    "labels:": [
        [
            1,
            2,
            2,
            2,
            0
        ]
    ],
    "obj": 42862,
    "mat_index": 5027,
    "obbs": "N 6\n0.00829117 0.25223 -0.195352 0.999996 -0.002075 -0.00177814 0.002075 0.153177 0.988197 -0.00177814 -0.988197 0.15318 0.747855 0.166087 0.685987\n0.0082295 -0.0994025 0.146277 1 0 0 0 1 0 0 0 1 0.746207 0.138025 0.67458\n0.386988 -0.455164 0.450728 -0.0818786 0.987106 -0.137539 -0.431367 0.0893064 0.897745 0.898453 0.132836 0.418493 0.715262 0.0282389 0.0540409\n-0.379881 -0.459884 0.452513 -0.99298 0.0762986 -0.0903862 -0.0790708 0.140142 0.986969 0.0879713 0.987187 -0.133125 0.0398163 0.0364927 0.704272\n-0.405377 -0.453469 -0.235362 -0.94535 0.211061 -0.24853 -0.293528 -0.219001 0.930527 0.141969 0.952624 0.268985 0.0653825 0.0286373 0.729175\n0.422079 -0.456713 -0.237032 -0.126392 0.956263 0.263792 0.22536 -0.231291 0.946423 0.966042 0.179069 -0.18627 0.722045 0.0287236 0.0514247\nC 7\n0 1\n0 5\n0 4\n1 2\n1 3\n1 4\n1 5\nS 1\n2\n4 -0.405377 -0.453469 -0.235362\n5 0.422079 -0.456713 -0.237032\n2\n0.00835085 -0.455091 -0.236197\n0.99999 -0.0039206 -0.00201757\nL 6\n0\n1\n2\n2\n2\n2"
}