{
    "boxes": [
        [
            -0.022964999079704285,
            -0.2156040072441101,
            0.2886219918727875,
            0.3149850070476532,
            1.0762200355529785,
            1.0032800436019897,
            -0.012137199752032757,
            0.9880779981613159,
            -0.1534769982099533,
            -0.0009369800100103021,
            0.1534769982099533,
            0.988152027130127
        ],
        [
            -0.4064500033855438,
            -0.13170300424098969,
            0.6402779817581177,
            0.4248969852924347,
            0.13456499576568604,
            0.12296699732542038,
            -0.011342399753630161,
            0.9816280007362366,
            -0.19046799838542938,
            -0.07713410258293152,
            0.1890539973974228,
            0.9789329767227173
        ],
        [
            -0.41900599002838135,
            0.08166220039129257,
            0.11723200231790543,
            0.0780130997300148,
            0.9669089913368225,
            0.09232039749622345,
            0.04528050124645233,
            0.9973430037498474,
            0.057071298360824585,
            -0.0012938299914821982,
            -0.057071298360824585,
            0.9983689785003662
        ],
        [
            0.015773000195622444,
            -0.6386799812316895,
            -0.3153649866580963,
            0.05471000075340271,
            0.09736599773168564,
            0.9474499821662903,
            0.0,
            1.0,
            0.0,
            0.0,
            0.0,
            1.0
        ],
        [
            -0.41610899567604065,
            -0.4824259877204895,
            0.640483021736145,
            0.35341399908065796,
            0.10009299963712692,
            0.09475599974393845,
            0.0,
            1.0,
            0.0,
            0.0,
            0.0,
            1.0
        ],
        [
            -0.4122219979763031,
            -0.6302850246429443,
            0.15914300084114075,
            0.0715010017156601,
            1.043869972229004,
            0.10252899676561356,
            0.0,
            1.0,
            0.0,
            0.0,
            0.0,
            1.0
        ],
        [
            -0.0014568900223821402,
            0.27524200081825256,
            -0.305076003074646,
            1.0998899936676025,
            0.2740289866924286,
            0.9757170081138611,
            -0.001160869956947863,
            0.9620630145072937,
            -0.2728259861469269,
            -0.0015358499949797988,
            0.2728239893913269,
            0.9620630145072937
        ]
    ],
    "ops": [
        [
            0,
            0,
            0,
            1,
            2,
            1,
            0,
            0,
            0,
            1,
            2,
            1,
            1,
            0,
            1
        ]
    ],
    "syms": [
        [
            0.0,
            0.9999920129776001,
            -0.003888749983161688,
            0.0005537859979085624,
            0.0113001000136137,
            -0.13332800567150116,
            0.6405090093612671,
            0.0
        ],
        [
            0.0,
            0.9998900294303894,
            0.006078499834984541,
            0.013516100123524666,
            0.013184799812734127,
            -0.4798159897327423,
            0.6462860107421875,
            0.0
        ]
    ],
    "labels:": [
        [
            1,
            3,
            3,
            2,
            2,
            2,
            0
        ]
    ],
    "obj": 42876,
    "mat_index": 5037,
    "obbs": "N 11\n-0.00145689 0.275242 -0.305076 0.999998 0.00153585 0.00116087 -0.00153585 0.272824 0.962063 0.00116087 -0.962063 0.272826 0.975717 0.274029 1.09989\n-0.022965 -0.215604 0.288622 0.999926 0.0121372 -0.00093698 -0.0121372 0.988078 -0.153477 -0.00093698 0.153477 0.988152 1.00328 0.314985 1.07622\n0.42905 -0.134952 0.640741 0.999861 -0.0120884 -0.0115178 0.0120884 0.0482408 0.998763 -0.0115178 -0.998763 0.0483802 0.12526 0.107091 0.370496\n-0.40645 -0.131703 0.640278 -0.996956 -0.025795 -0.0735727 -0.0771341 0.189054 0.978933 -0.0113424 0.981628 -0.190468 0.122967 0.134565 0.424897\n0.445371 0.0653431 0.134085 1 -0.000313335 -1.0612e-05 0.000313335 0.997709 0.0676579 -1.0612e-05 -0.0676579 0.997709 0.0890002 0.0981336 1.00314\n-0.419006 0.0816622 0.117232 0.998973 -0.0452805 -0.00129383 0.0452805 0.997343 0.0570713 -0.00129383 -0.0570713 0.998369 0.0923204 0.0780131 0.966909\n-0.416109 -0.482426 0.640483 1 0 0 0 1 0 0 0 1 0.094756 0.353414 0.100093\n0.442478 -0.477206 0.652089 1 0 0 0 1 0 0 0 1 0.094759 0.346107 0.076881\n0.441429 -0.619003 0.163179 1 0 0 0 1 0 0 0 1 0.096858 0.094065 1.05406\n0.015773 -0.63868 -0.315365 1 0 0 0 1 0 0 0 1 0.94745 0.05471 0.097366\n-0.412222 -0.630285 0.159143 1 0 0 0 1 0 0 0 1 0.102529 0.071501 1.04387\nC 21\n0 1\n0 5\n0 4\n1 2\n1 3\n1 4\n1 5\n1 8\n1 6\n1 9\n1 10\n1 7\n2 7\n2 4\n3 5\n3 10\n3 6\n6 10\n7 8\n8 9\n9 10\nS 4\n2\n2 0.42905 -0.134952 0.640741\n3 -0.40645 -0.131703 0.640278\n2\n0.0113001 -0.133328 0.640509\n-0.999992 0.00388875 -0.000553786\n2\n4 0.445371 0.0653431 0.134085\n5 -0.419006 0.0816622 0.117232\n2\n0.0131823 0.0735027 0.125659\n-0.999632 0.0188727 -0.0194901\n2\n6 -0.416109 -0.482426 0.640483\n7 0.442478 -0.477206 0.652089\n2\n0.0131848 -0.479816 0.646286\n0.99989 0.0060785 0.0135161\n2\n8 0.441429 -0.619003 0.163179\n10 -0.412222 -0.630285 0.159143\n2\n0.0146033 -0.624644 0.161161\n-0.999902 -0.0132149 -0.00472804\nL 11\n0\n1\n3\n3\n3\n3\n2\n2\n2\n2\n2"
}