{
    "boxes": [
        [
            0.0013584999833256006,
            -0.23767100274562836,
            0.1355160027742386,
            0.3857559859752655,
            0.8508819937705994,
            0.9087330102920532,
            0.0,
            1.0,
            0.0,
            0.0,
            0.0,
            1.0
        ],
        [
            -0.4081079959869385,
            0.07827270030975342,
            0.43823298811912537,
            0.29528599977493286,
            0.11073499917984009,
            0.09741900116205215,
            0.016970699653029442,
            0.8448460102081299,
            -0.5347399711608887,
            -0.15859900414943695,
            0.5303210020065308,
            0.832830011844635
        ],
        [
            0.41202300786972046,
            0.07370620220899582,
            0.4423390030860901,
            0.3012480139732361,
            0.11553200334310532,
            0.10011599957942963,
            -0.008948540315032005,
            0.8175989985466003,
            -0.5757179856300354,
            -0.21658499538898468,
            0.5604900121688843,
            0.7993389964103699
        ],
        [
            -0.3938499987125397,
            0.20865799486637115,
            0.029425999149680138,
            0.05960400030016899,
            0.7482420206069946,
            0.11317099630832672,
            0.0,
            1.0,
            0.0,
            0.0,
            0.0,
            1.0
        ],
        [
            -0.2696309983730316,
            -0.5733090043067932,
            -0.27011001110076904,
            0.3633570075035095,
            0.09928180277347565,
            0.044881001114845276,
            -2.144789992843845e-16,
            0.9659259915351868,
            0.25881901383399963,
            5.746939876108116e-17,
            -0.25881901383399963,
            0.9659259915351868
        ],
        [
            -0.409061998128891,
            -0.37760698795318604,
            0.5184890031814575,
            0.7258870005607605,
            0.08808600157499313,
            0.08274800330400467,
            0.0,
            1.0,
            0.0,
            0.0,
            0.0,
            1.0
        ],
        [
            0.00038208800833672285,
            0.35898101329803467,
            -0.3398819863796234,
            0.9520289897918701,
            0.13716399669647217,
            0.8573039770126343,
            0.002192819956690073,
            0.9686279892921448,
            -0.24850499629974365,
            0.002826400101184845,
            0.24849900603294373,
            0.9686279892921448
        ]
    ],
    "ops": [
        [
            0,
            0,
            0,
            0,
            2,
            1,
            1,
            1,
            0,
            0,
            1,
            2,
            1,
            0,
            1
        ]
    ],
    "syms": [
        [
            0.0,
            1.0,
            0.00010247700265608728,
            5.7564400776755065e-05,
            0.0013589999871328473,
            0.20869900286197662,
            0.029448699206113815,
            0.0
        ],
        [
            0.0,
            1.0,
            -0.0,
            -0.0,
            0.0013584999833256006,
            -0.5733090043067932,
            -0.27011001110076904,
            0.0
        ]
    ],
    "labels:": [
        [
            1,
            3,
            3,
            3,
            2,
            2,
            0
        ]
    ],
    "obj": 42895,
    "mat_index": 5051,
    "obbs": "N 10\n0.000382088 0.358981 -0.339882 0.999994 -0.0028264 -0.00219282 0.0028264 0.248499 0.968628 -0.00219282 -0.968628 0.248505 0.857304 0.137164 0.952029\n0.412023 0.0737062 0.442339 -0.976223 -0.131845 -0.172064 -0.216585 0.56049 0.799339 -0.00894854 0.817599 -0.575718 0.100116 0.115532 0.301248\n-0.408108 0.0782727 0.438233 0.0169707 0.844846 -0.53474 -0.158599 0.530321 0.83283 0.987197 0.0706754 0.142991 0.295286 0.110735 0.097419\n0.0013585 -0.237671 0.135516 1 0 0 0 1 0 0 0 1 0.908733 0.385756 0.850882\n0.272348 -0.573309 -0.27011 2.14479e-16 -0.965926 -0.258819 1 2.22045e-16 0 5.74694e-17 -0.258819 0.965926 0.363357 0.044881 0.0992818\n-0.269631 -0.573309 -0.27011 -5.74694e-17 0.258819 -0.965926 1 2.22045e-16 0 2.14479e-16 -0.965926 -0.258819 0.0992818 0.044881 0.363357\n0.41178 -0.379317 0.518489 1 0 0 0 1 0 0 0 1 0.082748 0.722473 0.088087\n-0.409062 -0.377607 0.518489 1 0 0 0 1 0 0 0 1 0.082748 0.725887 0.088086\n0.396568 0.208739 0.0294715 1 0 0 0 1 0 0 0 1 0.113171 0.059766 0.748329\n-0.39385 0.208658 0.029426 1 0 0 0 1 0 0 0 1 0.113171 0.059604 0.748242\nC 17\n0 9\n0 3\n0 8\n1 3\n1 8\n1 6\n2 7\n2 9\n2 3\n3 8\n3 9\n3 6\n3 7\n3 4\n3 5\n6 8\n7 9\nS 3\n2\n4 0.272348 -0.573309 -0.27011\n5 -0.269631 -0.573309 -0.27011\n2\n0.0013585 -0.573309 -0.27011\n-1 0 0\n2\n6 0.41178 -0.379317 0.518489\n7 -0.409062 -0.377607 0.518489\n2\n0.001359 -0.378462 0.518489\n-0.999998 0.002082 6.09129e-07\n2\n8 0.396568 0.208739 0.0294715\n9 -0.39385 0.208658 0.029426\n2\n0.001359 0.208699 0.0294487\n-1 -0.000102477 -5.75644e-05\nL 10\n0\n3\n3\n1\n2\n2\n2\n2\n3\n3"
}