{
    "boxes": [
        [
            0.008575890213251114,
            -0.13788799941539764,
            0.28581199049949646,
            0.2227330058813095,
            0.8130339980125427,
            1.0924299955368042,
            -0.002434960100799799,
            0.9509130120277405,
            -0.3094489872455597,
            -0.00038622799911536276,
            0.3094489872455597,
            0.9509159922599792
        ],
        [
            -0.5022180080413818,
            -0.45060598850250244,
            0.34663501381874084,
            0.10823699831962585,
            0.693560004234314,
            0.087220698595047,
            -0.2757349908351898,
            0.9198529720306396,
            0.278999000787735,
            -0.010247699916362762,
            -0.2930470108985901,
            0.956043004989624
        ],
        [
            0.5180969834327698,
            -0.45779699087142944,
            0.35043200850486755,
            0.1034189984202385,
            0.6813499927520752,
            0.098477803170681,
            -0.5885390043258667,
            0.7692509889602661,
            0.24874499440193176,
            -0.001772689982317388,
            -0.30890199542045593,
            0.951092004776001
        ],
        [
            -0.501347005367279,
            -0.4500589966773987,
            -0.21989299356937408,
            0.08824440091848373,
            0.5304999947547913,
            0.07632829993963242,
            0.02387239970266819,
            0.9095100164413452,
            -0.4149959981441498,
            0.005188220180571079,
            0.4149959981441498,
            0.9098079800605774
        ],
        [
            -0.5002210140228271,
            0.16946600377559662,
            -0.29595300555229187,
            0.7787730097770691,
            0.08406639844179153,
            0.07742620259523392,
            0.0017641399754211307,
            0.909919023513794,
            -0.41478100419044495,
            0.0840219035744667,
            0.41317999362945557,
            0.9067649841308594
        ],
        [
            0.008813000284135342,
            0.5609449744224548,
            -0.4296709895133972,
            0.08329000324010849,
            0.024886000901460648,
            1.0907800197601318,
            0.0,
            1.0,
            0.0,
            0.0,
            0.0,
            1.0
        ],
        [
            -0.36812299489974976,
            0.19662900269031525,
            -0.26702800393104553,
            0.8847110271453857,
            0.043519001454114914,
            0.05035699903964996,
            -0.0,
            0.9154700040817261,
            -0.40238600969314575,
            0.0,
            0.40238600969314575,
            0.9154700040817261
        ]
    ],
    "ops": [
        [
            0,
            0,
            0,
            0,
            2,
            1,
            1,
            1,
            0,
            2,
            0,
            0,
            2,
            1,
            1,
            1
        ]
    ],
    "syms": [
        [
            0.0,
            0.999966025352478,
            0.004651249852031469,
            0.006805269978940487,
            0.008062249980866909,
            -0.4476900100708008,
            -0.21642599999904633,
            0.0
        ],
        [
            0.0,
            0.9999589920043945,
            0.008975150063633919,
            -0.0015018000267446041,
            0.010304300114512444,
            0.1740490049123764,
            -0.2967190146446228,
            0.0
        ],
        [
            1.0,
            0.42344215512275696,
            0.1685391366481781,
            -0.2288811355829239,
            -0.36812299489974976,
            0.19662900269031525,
            -0.26702800393104553,
            0.125
        ]
    ],
    "labels:": [
        [
            1,
            2,
            2,
            2,
            0,
            0,
            0
        ]
    ],
    "obj": 42911,
    "mat_index": 5060,
    "obbs": "N 16\n0.008813 0.560945 -0.429671 1 0 0 0 1 0 0 0 1 1.09078 0.08329 0.024886\n0.00857589 -0.137888 0.285812 0.999997 0.00243496 -0.000386228 -0.00243496 0.950913 -0.309449 -0.000386228 0.309449 0.950916 1.09243 0.222733 0.813034\n0.387234 0.196629 -0.267028 1 0 0 -0 0.402386 0.91547 0 -0.91547 0.402386 0.050357 0.043519 0.884711\n0.279327 0.196629 -0.267028 1 0 0 0 0.402386 0.91547 0 -0.91547 0.402386 0.050357 0.043519 0.884711\n0.171419 0.196629 -0.267028 1 0 0 0 0.402386 0.91547 0 -0.91547 0.402386 0.050357 0.043519 0.884711\n0.06351 0.196629 -0.267028 1 0 0 0 0.402386 0.91547 0 -0.91547 0.402386 0.050358 0.043519 0.884711\n-0.0443985 0.196629 -0.267028 1 0 0 0 0.402386 0.91547 0 -0.91547 0.402386 0.050357 0.043519 0.884711\n-0.152307 0.196629 -0.267028 1 0 0 0 0.402386 0.91547 0 -0.91547 0.402386 0.050357 0.043519 0.884711\n-0.260215 0.196629 -0.267028 1 0 0 0 0.402386 0.91547 0 -0.91547 0.402386 0.050357 0.043519 0.884711\n-0.368123 0.196629 -0.267028 1 0 0 0 0.402386 0.91547 0 -0.91547 0.402386 0.050357 0.043519 0.884711\n-0.501347 -0.450059 -0.219893 -0.00518822 -0.414996 -0.909808 0.0238724 0.90951 -0.414996 0.999702 -0.0238724 0.00518822 0.5305 0.0882444 0.0763283\n0.517471 -0.44532 -0.21296 -0.0160217 -0.397702 -0.917375 0.0771177 0.914268 -0.397702 0.996893 -0.0771177 0.0160217 0.547632 0.0966902 0.0832513\n0.518097 -0.457797 0.350432 -0.808467 -0.559314 -0.183164 -0.588539 0.769251 0.248745 0.00177269 0.308902 -0.951092 0.0984778 0.103419 0.68135\n-0.502218 -0.450606 0.346635 0.0102477 0.293047 -0.956043 -0.275735 0.919853 0.278999 0.961179 0.260755 0.0902297 0.69356 0.108237 0.0872207\n0.52083 0.178631 -0.297486 -0.95959 -0.0924182 -0.265794 -0.280338 0.396074 0.874378 0.0244657 0.913556 -0.405977 0.0956879 0.0950935 0.786409\n-0.500221 0.169466 -0.295953 0.996462 -0.0364504 -0.0757243 0.0840219 0.41318 0.906765 -0.00176414 -0.909919 0.414781 0.0774262 0.0840664 0.778773\nC 55\n0 14\n0 7\n0 3\n0 15\n0 4\n0 5\n0 8\n0 6\n0 9\n0 2\n1 3\n1 15\n1 6\n1 11\n1 2\n1 14\n1 5\n1 10\n1 13\n1 4\n1 9\n1 12\n1 8\n1 7\n2 12\n2 4\n2 3\n2 14\n2 11\n3 11\n3 14\n3 5\n3 12\n3 4\n4 5\n4 6\n5 6\n5 7\n6 7\n6 8\n7 8\n7 9\n8 13\n8 9\n8 10\n8 15\n9 15\n9 10\n9 13\n10 15\n10 13\n11 14\n11 12\n12 14\n13 15\nS 3\n8\n2 0.387234 0.196629 -0.267028\n3 0.279327 0.196629 -0.267028\n4 0.171419 0.196629 -0.267028\n5 0.06351 0.196629 -0.267028\n6 -0.0443985 0.196629 -0.267028\n7 -0.152307 0.196629 -0.267028\n8 -0.260215 0.196629 -0.267028\n9 -0.368123 0.196629 -0.267028\n1\n0 0 0\n0 0 0\n2\n10 -0.501347 -0.450059 -0.219893\n11 0.517471 -0.44532 -0.21296\n2\n0.00806225 -0.44769 -0.216426\n0.999966 0.00465125 0.00680527\n2\n14 0.52083 0.178631 -0.297486\n15 -0.500221 0.169466 -0.295953\n2\n0.0103043 0.174049 -0.296719\n-0.999959 -0.00897515 0.0015018\nL 16\n0\n1\n0\n0\n0\n0\n0\n0\n0\n0\n2\n2\n2\n2\n0\n0"
}