{
    "boxes": [
        [
            -0.009157910011708736,
            -0.19841499626636505,
            0.32864901423454285,
            0.11805400252342224,
            0.6238489747047424,
            0.8139449954032898,
            0.0017376500181853771,
            0.9466189742088318,
            -0.32234901189804077,
            0.00028774599195457995,
            0.32234901189804077,
            0.9466210007667542
        ],
        [
            -0.37971800565719604,
            0.08017870038747787,
            0.17332200706005096,
            0.060478098690509796,
            0.7649890184402466,
            0.07392019778490067,
            -0.014751099981367588,
            0.9958199858665466,
            -0.09013769775629044,
            -0.0006662079831585288,
            0.09013769775629044,
            0.9959290027618408
        ],
        [
            -0.3793550133705139,
            0.015815600752830505,
            0.5708789825439453,
            0.23803600668907166,
            0.06627579778432846,
            0.07714760303497314,
            0.02003530040383339,
            0.9491980075836182,
            -0.31404098868370056,
            -0.04473640024662018,
            0.31463998556137085,
            0.9481559991836548
        ],
        [
            -0.3899010121822357,
            -0.47455498576164246,
            -0.06697919964790344,
            0.4413430094718933,
            0.06892439723014832,
            0.08222880214452744,
            0.03848160058259964,
            0.9021090269088745,
            0.4297890067100525,
            -0.008757160045206547,
            -0.4297870099544525,
            0.9028880000114441
        ],
        [
            -0.39285600185394287,
            -0.40984898805618286,
            0.5003229975700378,
            0.5659390091896057,
            0.15929000079631805,
            0.08282999694347382,
            0.0625486969947815,
            0.9439049959182739,
            -0.32423898577690125,
            0.08809210360050201,
            0.3183850049972534,
            0.9438589811325073
        ],
        [
            -0.009081399999558926,
            0.15520499646663666,
            -0.2513130009174347,
            1.1136300563812256,
            0.19616900384426117,
            0.6772220134735107,
            0.00030192200210876763,
            0.8749889731407166,
            -0.484142005443573,
            0.0005121140275150537,
            0.484142005443573,
            0.8749889731407166
        ],
        [
            0.36095499992370605,
            0.15049299597740173,
            -0.25483399629592896,
            1.1057000160217285,
            0.15135900676250458,
            0.08503299951553345,
            -0.011634199880063534,
            0.8889319896697998,
            -0.45789098739624023,
            -0.0010041199857369065,
            0.45791101455688477,
            0.8889970183372498
        ]
    ],
    "ops": [
        [
            0,
            0,
            0,
            1,
            2,
            1,
            0,
            0,
            1,
            2,
            1,
            0,
            0,
            2,
            1,
            1
        ]
    ],
    "syms": [
        [
            0.0,
            0.9999290108680725,
            -0.002907840069383383,
            0.011568199843168259,
            -0.009351789951324463,
            0.07910169661045074,
            0.177606001496315,
            0.0
        ],
        [
            0.0,
            0.9999679923057556,
            -0.004111739806830883,
            -0.0068918499164283276,
            -0.00918698962777853,
            -0.4761210083961487,
            -0.0696031004190445,
            0.0
        ],
        [
            0.0,
            0.9999319911003113,
            -0.0031680099200457335,
            -0.01121820043772459,
            -0.009323740378022194,
            0.15166699886322021,
            -0.25067999958992004,
            0.0
        ]
    ],
    "labels:": [
        [
            1,
            3,
            3,
            2,
            2,
            0,
            0
        ]
    ],
    "obj": 42945,
    "mat_index": 5077,
    "obbs": "N 12\n-0.0090814 0.155205 -0.251313 1 -0.000512114 -0.000301922 0.000512114 0.484142 0.874989 -0.000301922 -0.874989 0.484142 0.677222 0.196169 1.11363\n-0.00915791 -0.198415 0.328649 0.999998 -0.00173765 0.000287746 0.00173765 0.946619 -0.322349 0.000287746 0.322349 0.946621 0.813945 0.118054 0.623849\n0.360955 0.150493 -0.254834 0.00100412 -0.457911 -0.888997 0.999932 0.0108025 -0.00443482 0.0116342 -0.888932 0.457891 0.151359 0.085033 1.1057\n-0.379603 0.15284 -0.246526 -0.0232165 -0.472455 -0.881049 0.99973 -0.0102248 -0.0208609 0.000847316 -0.881295 0.472565 0.162431 0.0761114 1.10834\n0.361014 0.0780247 0.181891 0.999745 0.0225707 -0.00104075 -0.0225707 0.995502 -0.0920137 -0.00104075 0.0920137 0.995757 0.0743078 0.0639014 0.748574\n-0.379718 0.0801787 0.173322 0.999891 0.0147511 -0.000666208 -0.0147511 0.99582 -0.0901377 -0.000666208 0.0901377 0.995929 0.0739202 0.0604781 0.764989\n0.361047 0.00642302 0.579069 -0.0150542 0.971089 -0.238242 -0.0191911 0.237944 0.971089 0.999702 0.0191911 0.0150542 0.232579 0.0617088 0.0758768\n-0.379355 0.0158156 0.570879 -0.998798 0.0049476 -0.0487676 -0.0447364 0.31464 0.948156 0.0200353 0.949198 -0.314041 0.0771476 0.0662758 0.238036\n0.371527 -0.477686 -0.072227 -0.996374 -0.0192605 -0.0828742 -0.0663974 -0.433049 0.898921 -0.0532023 0.901164 0.4302 0.0785942 0.064636 0.432195\n0.370483 -0.409863 0.50446 -0.0665058 -0.341195 -0.937637 0.995283 0.0438348 -0.0865455 0.07063 -0.93897 0.33667 0.158974 0.0865242 0.566201\n-0.392856 -0.409849 0.500323 0.0625487 0.943905 -0.324239 0.994147 -0.0876001 -0.063236 -0.0880921 -0.318385 -0.943859 0.565939 0.08283 0.15929\n-0.389901 -0.474555 -0.0669792 0.0384816 0.902109 0.429789 -0.00875716 -0.429787 0.902888 0.999221 -0.0385083 -0.008639 0.441343 0.0689244 0.0822288\nC 27\n0 2\n0 3\n0 11\n0 4\n0 5\n0 8\n0 1\n1 3\n1 6\n1 11\n1 2\n1 5\n1 10\n1 4\n1 9\n1 8\n1 7\n2 8\n2 4\n3 11\n3 5\n4 9\n4 6\n5 10\n5 7\n6 9\n7 10\nS 5\n2\n2 0.360955 0.150493 -0.254834\n3 -0.379603 0.15284 -0.246526\n2\n-0.00932374 0.151667 -0.25068\n-0.999932 0.00316801 0.0112182\n2\n4 0.361014 0.0780247 0.181891\n5 -0.379718 0.0801787 0.173322\n2\n-0.00935179 0.0791017 0.177606\n-0.999929 0.00290784 -0.0115682\n2\n6 0.361047 0.00642302 0.579069\n7 -0.379355 0.0158156 0.570879\n2\n-0.00915418 0.0111193 0.574974\n-0.999858 0.012684 -0.0110592\n2\n8 0.371527 -0.477686 -0.072227\n11 -0.389901 -0.474555 -0.0669792\n2\n-0.00918699 -0.476121 -0.0696031\n-0.999968 0.00411174 0.00689185\n2\n9 0.370483 -0.409863 0.50446\n10 -0.392856 -0.409849 0.500323\n2\n-0.0111865 -0.409856 0.502391\n-0.999985 1.89675e-05 -0.00541994\nL 12\n0\n1\n0\n0\n3\n3\n3\n3\n2\n2\n2\n2"
}