{
    "boxes": [
        [
            -0.003643499920144677,
            -0.181877002120018,
            0.4273129999637604,
            0.1518319994211197,
            0.5504230260848999,
            1.1688599586486816,
            0.0,
            1.0,
            0.0,
            0.0,
            0.0,
            1.0
        ],
        [
            -0.5610690116882324,
            -0.3753649890422821,
            -0.062191400676965714,
            0.6401169896125793,
            0.03754059970378876,
            0.07248370349407196,
            0.03534730151295662,
            0.7124289870262146,
            0.7008540034294128,
            -0.007127730175852776,
            -0.7010939717292786,
            0.7130330204963684
        ],
        [
            0.5685290098190308,
            -0.3825739920139313,
            -0.07151179760694504,
            0.624110996723175,
            0.023736899718642235,
            0.1090259999036789,
            0.07411330193281174,
            0.7158610224723816,
            0.6942989826202393,
            0.009227500297129154,
            -0.6966760158538818,
            0.7173269987106323
        ],
        [
            -0.013642599806189537,
            -0.5809929966926575,
            -0.2650200128555298,
            0.06379479914903641,
            0.022749299183487892,
            1.0892000198364258,
            -0.0031442600302398205,
            0.8255910277366638,
            0.5642600059509277,
            -0.0016594900516793132,
            -0.56426602602005,
            0.8255910277366638
        ],
        [
            -0.5195749998092651,
            0.25175800919532776,
            -0.1469620019197464,
            1.1203500032424927,
            0.15128099918365479,
            0.09146379679441452,
            0.056159600615501404,
            0.758679986000061,
            -0.6490380167961121,
            0.07876289635896683,
            0.6446719765663147,
            0.7603909969329834
        ],
        [
            -0.0014329199912026525,
            0.2053849995136261,
            -0.19600999355316162,
            1.1332099437713623,
            0.30073100328445435,
            1.0756100416183472,
            0.006884499918669462,
            0.7757369875907898,
            -0.6310189962387085,
            0.014473799616098404,
            0.6308910250663757,
            0.7757369875907898
        ],
        [
            -0.0025798899587243795,
            0.6686239838600159,
            -0.513450026512146,
            0.05402280017733574,
            0.14937099814414978,
            0.966795027256012,
            0.0001738949940772727,
            0.9330490231513977,
            -0.3597489893436432,
            3.2362699130317196e-05,
            0.3597489893436432,
            0.9330490231513977
        ]
    ],
    "ops": [
        [
            0,
            0,
            0,
            0,
            1,
            1,
            2,
            1,
            0,
            2,
            0,
            0,
            1,
            1,
            1
        ]
    ],
    "syms": [
        [
            0.0,
            -0.019868500530719757,
            -0.05274629965424538,
            0.9984099864959717,
            -0.5659819841384888,
            -0.38840699195861816,
            0.18466900289058685,
            0.0
        ],
        [
            0.0,
            0.9999930262565613,
            -0.0037074799183756113,
            -0.00034624800900928676,
            0.0019375099800527096,
            0.24982500076293945,
            -0.14714199304580688,
            0.0
        ]
    ],
    "labels:": [
        [
            1,
            2,
            2,
            2,
            0,
            0,
            0
        ]
    ],
    "obj": 42964,
    "mat_index": 5087,
    "obbs": "N 11\n-0.00143292 0.205385 -0.19601 0.999872 -0.0144738 -0.0068845 0.0144738 0.630891 0.775737 -0.0068845 -0.775737 0.631019 1.07561 0.300731 1.13321\n-0.00257989 0.668624 -0.51345 -3.23627e-05 -0.359749 -0.933049 0.000173895 0.933049 -0.359749 1 -0.000173895 3.23627e-05 0.149371 0.0540228 0.966795\n-0.0036435 -0.181877 0.427313 1 0 0 0 1 0 0 0 1 1.16886 0.151832 0.550423\n0.52345 0.247891 -0.147323 -0.0530984 0.764368 -0.64259 0.998375 0.0539716 -0.0182977 0.0206955 -0.642518 -0.765991 1.11636 0.0672544 0.140777\n-0.519575 0.251758 -0.146962 0.0561596 0.75868 -0.649038 0.99531 -0.0938234 -0.0235514 -0.0787629 -0.644672 -0.760391 1.12035 0.0914638 0.151281\n0.568529 -0.382574 -0.0715118 0.0741133 0.715861 0.694299 0.0092275 -0.696676 0.717327 0.997207 -0.0467568 -0.0582386 0.624111 0.0237369 0.109026\n0.562738 -0.386646 0.430994 0.999998 0.0017233 0.000918274 -0.0017233 0.557707 0.830036 0.000918274 -0.830036 0.557709 0.0755925 0.0355393 0.513378\n-0.570894 -0.401449 0.431529 0.999773 -0.0187831 -0.0100374 0.0187831 0.555558 0.831266 -0.0100374 -0.831266 0.555784 0.0673997 0.0193172 0.488375\n-0.561069 -0.375365 -0.0621914 -0.99935 0.0301993 0.0197038 -0.00712773 -0.701094 0.713033 0.0353473 0.712429 0.700854 0.0724837 0.0375406 0.640117\n-0.0136426 -0.580993 -0.26502 -0.00314426 0.825591 0.56426 -0.00165949 -0.564266 0.825591 0.999994 0.00165949 0.00314426 0.0637948 0.0227493 1.0892\n-0.000628527 -0.581664 0.5527 -0.000189799 0.848111 -0.529818 -0.000342359 0.529818 0.848111 1 0.000342359 0.000189799 0.0537234 0.0183531 1.11947\nC 26\n0 2\n0 7\n0 3\n0 4\n0 5\n0 8\n0 1\n0 6\n1 3\n1 4\n2 8\n2 5\n2 6\n2 3\n2 7\n2 4\n3 6\n3 5\n4 7\n4 8\n5 9\n5 6\n6 10\n7 10\n7 8\n8 9\nS 4\n2\n3 0.52345 0.247891 -0.147323\n4 -0.519575 0.251758 -0.146962\n2\n0.00193751 0.249825 -0.147142\n-0.999993 0.00370748 0.000346248\n2\n5 0.568529 -0.382574 -0.0715118\n6 0.562738 -0.386646 0.430994\n2\n0.565633 -0.38461 0.179741\n-0.0115223 -0.00810199 0.999901\n2\n7 -0.570894 -0.401449 0.431529\n8 -0.561069 -0.375365 -0.0621914\n2\n-0.565982 -0.388407 0.184669\n0.0198685 0.0527463 -0.99841\n2\n9 -0.0136426 -0.580993 -0.26502\n10 -0.000628527 -0.581664 0.5527\n2\n-0.00713554 -0.581329 0.14384\n0.015913 -0.000820132 0.999873\nL 11\n0\n0\n1\n0\n0\n2\n2\n2\n2\n2\n2"
}