{
    "boxes": [
        [
            -0.004079060163348913,
            -0.14768800139427185,
            0.23542100191116333,
            0.15323199331760406,
            1.036180019378662,
            1.1595100164413452,
            0.002036350080743432,
            0.9894790053367615,
            -0.14466099441051483,
            0.00014806899707764387,
            0.14466099441051483,
            0.9894809722900391
        ],
        [
            0.5634070038795471,
            -0.3395949900150299,
            -0.3027079999446869,
            0.3812130093574524,
            0.02715500071644783,
            0.02245200052857399,
            0.0,
            1.0,
            0.0,
            0.0,
            0.0,
            1.0
        ],
        [
            -0.5750970244407654,
            -0.3536210060119629,
            -0.29850998520851135,
            0.36401599645614624,
            0.021088600158691406,
            0.02280919998884201,
            0.007422409951686859,
            0.9997599720954895,
            -0.02060299925506115,
            -0.5705090165138245,
            0.02115510031580925,
            0.8210189938545227
        ],
        [
            -0.5746440291404724,
            -0.37950998544692993,
            -0.08989120274782181,
            0.2918910086154938,
            0.046932000666856766,
            0.021746400743722916,
            0.004139279946684837,
            0.9914029836654663,
            0.13078099489212036,
            0.07841269671916962,
            -0.1307010054588318,
            0.988315999507904
        ],
        [
            -0.5750409960746765,
            -0.560467004776001,
            -0.19461500644683838,
            0.09310989826917648,
            0.21310900151729584,
            0.01783120073378086,
            0.01164930034428835,
            0.9986249804496765,
            -0.0511137992143631,
            -0.0006149520049802959,
            0.05112440139055252,
            0.998691976070404
        ],
        [
            -0.5752300024032593,
            -0.550544023513794,
            0.543366014957428,
            0.1117129996418953,
            0.21554400026798248,
            0.017652999609708786,
            0.0,
            1.0,
            0.0,
            0.0,
            0.0,
            1.0
        ],
        [
            -0.565438985824585,
            -0.3302049934864044,
            0.6413480043411255,
            0.36334800720214844,
            0.023964500054717064,
            0.05753060057759285,
            0.12843899428844452,
            0.9917060136795044,
            -0.004715830087661743,
            0.024150200188159943,
            0.0016261000419035554,
            0.9997069835662842
        ],
        [
            -0.5745800137519836,
            -0.3463039994239807,
            0.43520599603652954,
            0.3274500072002411,
            0.0628298968076706,
            0.018217699602246284,
            -0.0027064699679613113,
            0.9803720116615295,
            -0.1971379965543747,
            0.04157080128788948,
            0.19707900285720825,
            0.9795060157775879
        ],
        [
            -0.0010649999603629112,
            0.47887200117111206,
            -0.46758100390434265,
            0.0312579981982708,
            0.020459000021219254,
            1.1330499649047852,
            0.0,
            1.0,
            0.0,
            0.0,
            0.0,
            1.0
        ],
        [
            -0.004519320093095303,
            -0.06366010010242462,
            -0.3248389959335327,
            0.016812700778245926,
            0.01761529967188835,
            1.1397500038146973,
            -8.997519762488082e-05,
            0.9686959981918335,
            -0.24824899435043335,
            -1.13456999315531e-05,
            0.24824899435043335,
            0.9686959981918335
        ],
        [
            -0.006390190217643976,
            0.2157900035381317,
            -0.3355410099029541,
            0.806879997253418,
            0.08880040049552917,
            1.1355799436569214,
            0.0009257930214516819,
            0.9668970108032227,
            -0.2551650106906891,
            0.001201809966005385,
            0.2551639974117279,
            0.9668970108032227
        ],
        [
            -0.004077809862792492,
            0.2115119993686676,
            -0.37076500058174133,
            0.8450760245323181,
            0.10660800337791443,
            1.1584199666976929,
            0.0017860699445009232,
            0.9615089893341064,
            -0.2747670114040375,
            0.0023679600562900305,
            0.27476298809051514,
            0.9615089893341064
        ]
    ],
    "ops": [
        [
            0,
            0,
            0,
            0,
            0,
            1,
            2,
            1,
            1,
            0,
            0,
            0,
            1,
            1,
            2,
            1,
            1,
            0,
            0,
            0,
            0,
            1,
            1,
            1,
            1
        ]
    ],
    "syms": [
        [
            0.0,
            0.9999489784240723,
            -0.00934887956827879,
            -0.003820480080321431,
            -0.004027409944683313,
            -0.38484400510787964,
            -0.0920713022351265,
            0.0
        ],
        [
            0.0,
            0.9999979734420776,
            0.0016798799624666572,
            -0.0007530350121669471,
            -0.004209250211715698,
            -0.5495849847793579,
            0.5429360270500183,
            0.0
        ]
    ],
    "labels:": [
        [
            1,
            2,
            2,
            2,
            2,
            2,
            2,
            2,
            0,
            0,
            0,
            0
        ]
    ],
    "obj": 2814,
    "mat_index": 509,
    "obbs": "N 17\n-0.00639019 0.21579 -0.335541 0.999999 -0.00120181 -0.000925793 0.00120181 0.255164 0.966897 -0.000925793 -0.966897 0.255165 1.13558 0.0888004 0.80688\n-0.00407906 -0.147688 0.235421 -0.000148069 -0.144661 -0.989481 0.00203635 0.989479 -0.144661 0.999998 -0.00203635 0.000148069 1.03618 0.153232 1.15951\n-0.00407781 0.211512 -0.370765 0.999996 -0.00236796 -0.00178607 0.00236796 0.274763 0.961509 -0.00178607 -0.961509 0.274767 1.15842 0.106608 0.845076\n-0.00451932 -0.0636601 -0.324839 1 8.99752e-05 -1.13457e-05 -8.99752e-05 0.968696 -0.248249 -1.13457e-05 0.248249 0.968696 1.13975 0.0168127 0.0176153\n-0.001065 0.478872 -0.467581 1 0 0 0 1 0 0 0 1 1.13305 0.031258 0.020459\n-0.565439 -0.330205 0.641348 -0.991423 0.128516 0.023741 0.0241502 0.0016261 0.999707 0.128439 0.991706 -0.00471583 0.0575306 0.0239645 0.363348\n-0.57458 -0.346304 0.435206 -0.0415708 -0.197079 -0.979506 0.999132 -0.00554419 -0.0412883 0.00270647 -0.980372 0.197138 0.0628299 0.0182177 0.32745\n-0.574644 -0.37951 -0.0898912 -0.0784127 0.130701 -0.988316 0.996912 0.00616394 -0.0782796 -0.00413928 -0.991403 -0.130781 0.046932 0.0217464 0.291891\n-0.575097 -0.353621 -0.29851 0.570509 -0.0211551 -0.821019 0.821258 0.00566028 0.570529 -0.00742241 -0.99976 0.020603 0.0210886 0.0228092 0.364016\n0.563407 -0.339595 -0.302708 1 0 0 0 1 0 0 0 1 0.022452 0.381213 0.027155\n0.566589 -0.390179 -0.0942515 -0.00569181 -0.985748 -0.168133 0.9999 -0.00778195 0.0117752 -0.0129158 -0.168049 0.985694 0.294844 0.0186929 0.0467834\n0.565599 -0.33837 0.430353 -2.08673e-05 0.978496 -0.206267 0.999999 0.000375801 0.00168157 0.00172293 -0.206267 -0.978494 0.333188 0.018273 0.0630098\n0.555237 -0.314762 0.645038 0.988396 0.129202 -0.0798704 0.079787 0.00582975 0.996795 0.129253 -0.991601 -0.00454653 0.0571407 0.0250623 0.370174\n0.566812 -0.548626 0.542506 1 0 0 0 1 0 0 0 1 0.017654 0.11623 0.217234\n0.566738 -0.557763 -0.197161 1 0 0 0 1 0 0 0 1 0.017544 0.098587 0.212923\n-0.575041 -0.560467 -0.194615 0.000614952 -0.0511244 -0.998692 0.999932 -0.0116027 0.00120967 -0.0116493 -0.998625 0.0511138 0.213109 0.0178312 0.0931099\n-0.57523 -0.550544 0.543366 1 0 0 0 1 0 0 0 1 0.017653 0.111713 0.215544\nC 40\n0 2\n0 7\n0 10\n0 3\n0 4\n0 8\n0 1\n0 9\n1 3\n1 15\n1 6\n1 11\n1 2\n1 14\n1 5\n1 10\n1 9\n1 12\n1 8\n1 7\n2 8\n2 9\n2 10\n2 3\n2 7\n2 4\n3 9\n3 8\n5 6\n5 16\n6 16\n7 15\n7 8\n8 15\n9 14\n9 10\n10 14\n11 13\n11 12\n12 13\nS 5\n2\n5 -0.565439 -0.330205 0.641348\n12 0.555237 -0.314762 0.645038\n2\n-0.00510092 -0.322483 0.643193\n0.9999 0.0137792 0.00329216\n2\n6 -0.57458 -0.346304 0.435206\n11 0.565599 -0.33837 0.430353\n2\n-0.00449034 -0.342337 0.432779\n0.999967 0.00695757 -0.00425618\n2\n7 -0.574644 -0.37951 -0.0898912\n10 0.566589 -0.390179 -0.0942515\n2\n-0.00402741 -0.384844 -0.0920713\n0.999949 -0.00934888 -0.00382048\n2\n13 0.566812 -0.548626 0.542506\n16 -0.57523 -0.550544 0.543366\n2\n-0.00420925 -0.549585 0.542936\n-0.999998 -0.00167988 0.000753035\n2\n14 0.566738 -0.557763 -0.197161\n15 -0.575041 -0.560467 -0.194615\n2\n-0.00415145 -0.559115 -0.195888\n-0.999995 -0.00236747 0.00223013\nL 17\n0\n1\n0\n0\n0\n2\n2\n2\n2\n2\n2\n2\n2\n2\n2\n2\n2"
}