{
    "boxes": [
        [
            0.002790499944239855,
            -0.04012100026011467,
            0.11848799884319305,
            0.16078400611877441,
            0.8402500152587891,
            0.785768985748291,
            0.0,
            1.0,
            0.0,
            0.0,
            0.0,
            1.0
        ],
        [
            0.0023070001043379307,
            -0.5088279843330383,
            0.08758299797773361,
            0.0652099996805191,
            0.04800200089812279,
            0.6932399868965149,
            0.0,
            1.0,
            0.0,
            0.0,
            0.0,
            1.0
        ],
        [
            -0.34870800375938416,
            -0.3649680018424988,
            -0.2994830012321472,
            0.6041169762611389,
            0.081147700548172,
            0.0855690985918045,
            0.0027670799754559994,
            0.9890509843826294,
            0.14755000174045563,
            0.09251780062913895,
            -0.1471710056066513,
            0.9847750067710876
        ],
        [
            -0.361176997423172,
            -0.5088279843330383,
            0.08388199657201767,
            0.0652099996805191,
            0.7512840032577515,
            0.05587000027298927,
            0.0,
            1.0,
            0.0,
            0.0,
            0.0,
            1.0
        ],
        [
            -0.3486959934234619,
            -0.32917898893356323,
            0.49721598625183105,
            0.6717290282249451,
            0.07810799777507782,
            0.07810799777507782,
            0.0,
            1.0,
            0.0,
            0.0,
            0.0,
            1.0
        ],
        [
            0.002790499944239855,
            0.7316219806671143,
            -0.3366619944572449,
            0.23432500660419464,
            0.03905469924211502,
            0.6248649954795837,
            -0.0,
            0.9933729767799377,
            -0.11493699997663498,
            -0.0,
            0.11493699997663498,
            0.9933729767799377
        ],
        [
            -0.34892600774765015,
            0.36221200227737427,
            -0.31509700417518616,
            0.9809749722480774,
            0.08554530143737793,
            0.09029310196638107,
            -0.00964279007166624,
            0.9931600093841553,
            -0.11636000126600266,
            -0.010837900452315807,
            0.11625500023365021,
            0.9931600093841553
        ]
    ],
    "ops": [
        [
            0,
            0,
            0,
            0,
            0,
            1,
            1,
            2,
            1,
            1,
            0,
            2,
            0,
            2,
            1,
            1
        ]
    ],
    "syms": [
        [
            0.0,
            0.9999269843101501,
            0.012118699960410595,
            -6.282050162553787e-05,
            0.0029747800435870886,
            -0.3607049882411957,
            -0.29950499534606934,
            0.0
        ],
        [
            0.0,
            0.0,
            0.9934160113334656,
            -0.11456499993801117,
            0.002790499944239855,
            0.5958330035209656,
            -0.3210020065307617,
            0.0
        ],
        [
            0.0,
            0.9998819828033447,
            0.015329699963331223,
            0.00014137200196273625,
            0.0025489700492471457,
            0.3676010072231293,
            -0.3150469958782196,
            0.0
        ]
    ],
    "labels:": [
        [
            1,
            2,
            2,
            2,
            2,
            0,
            0
        ]
    ],
    "obj": 43004,
    "mat_index": 5115,
    "obbs": "N 12\n0.0027905 0.460044 -0.305342 1 0 0 0 0.114937 0.993373 0 -0.993373 0.114937 0.624865 0.0390548 0.234324\n0.0027905 0.731622 -0.336662 1 0 0 -0 0.114937 0.993373 0 -0.993373 0.114937 0.624865 0.0390547 0.234325\n0.366769 -0.508829 0.083973 1 0 0 0 1 0 0 0 1 0.055848 0.065209 0.751102\n0.002307 -0.508828 0.087583 1 0 0 0 1 0 0 0 1 0.69324 0.06521 0.048002\n-0.361177 -0.508828 0.083882 1 0 0 0 1 0 0 0 1 0.05587 0.06521 0.751284\n0.0027905 -0.040121 0.118488 1 0 0 0 1 0 0 0 1 0.785769 0.160784 0.84025\n0.354024 0.37299 -0.314997 -0.00908377 0.992809 -0.119361 -0.0102408 0.119267 0.992809 0.999906 0.0102408 0.00908377 0.959498 0.0855824 0.0895795\n-0.348926 0.362212 -0.315097 -0.00964279 0.99316 -0.11636 -0.0108379 0.116255 0.99316 0.999895 0.0108379 0.00964279 0.980975 0.0855453 0.0902931\n-0.348696 -0.329179 0.497216 1 0 0 0 1 0 0 0 1 0.078108 0.671729 0.078108\n0.354277 -0.329179 0.497216 1 0 0 0 1 0 0 0 1 0.078108 0.671729 0.078108\n0.354658 -0.356443 -0.299527 0.999576 -0.0189634 -0.0221148 0.0189634 -0.152718 0.988088 -0.0221148 -0.988088 -0.152294 0.0935151 0.0821876 0.62107\n-0.348708 -0.364968 -0.299483 0.995707 0.010926 -0.091912 0.0925178 -0.147171 0.984775 -0.00276708 -0.989051 -0.14755 0.0855691 0.0811477 0.604117\nC 19\n0 1\n0 7\n0 6\n1 6\n1 7\n2 9\n2 10\n2 3\n3 4\n4 8\n4 11\n5 9\n5 10\n5 6\n5 8\n5 11\n5 7\n6 10\n7 11\nS 5\n2\n0 0.0027905 0.460044 -0.305342\n1 0.0027905 0.731622 -0.336662\n2\n0.0027905 0.595833 -0.321002\n0 0.993416 -0.114565\n2\n2 0.366769 -0.508829 0.083973\n4 -0.361177 -0.508828 0.083882\n2\n0.002796 -0.508828 0.0839275\n-1 6.86864e-07 -0.000125009\n2\n6 0.354024 0.37299 -0.314997\n7 -0.348926 0.362212 -0.315097\n2\n0.00254897 0.367601 -0.315047\n-0.999882 -0.0153297 -0.000141372\n2\n8 -0.348696 -0.329179 0.497216\n9 0.354277 -0.329179 0.497216\n2\n0.0027905 -0.329179 0.497216\n1 0 0\n2\n10 0.354658 -0.356443 -0.299527\n11 -0.348708 -0.364968 -0.299483\n2\n0.00297478 -0.360705 -0.299505\n-0.999927 -0.0121187 6.28205e-05\nL 12\n0\n0\n2\n2\n2\n1\n0\n0\n2\n2\n2\n2"
}