{
    "boxes": [
        [
            0.011548100039362907,
            -0.020441299304366112,
            0.1524219959974289,
            0.19134999811649323,
            0.8483260273933411,
            0.8066880106925964,
            -0.008021749556064606,
            0.9996650218963623,
            0.024613700807094574,
            9.873889939626679e-05,
            -0.024613700807094574,
            0.9996970295906067
        ],
        [
            -0.3632650077342987,
            -0.4086749851703644,
            0.5262470245361328,
            0.674347996711731,
            0.09837699681520462,
            0.05587400123476982,
            0.0,
            1.0,
            0.0,
            0.0,
            0.0,
            1.0
        ],
        [
            0.37439900636672974,
            -0.3841949999332428,
            0.5175870060920715,
            0.7238559722900391,
            0.11568400263786316,
            0.08962470293045044,
            -0.015492199920117855,
            0.9998800158500671,
            0.00021485799516085535,
            -0.00021485799516085535,
            -0.00021821299742441624,
            1.0
        ],
        [
            -0.36942198872566223,
            -0.6962670087814331,
            0.15542200207710266,
            0.09916699677705765,
            0.678384006023407,
            0.0435589998960495,
            0.0,
            1.0,
            0.0,
            0.0,
            0.0,
            1.0
        ],
        [
            -0.3652209937572479,
            -0.39686399698257446,
            -0.2177789956331253,
            0.6979719996452332,
            0.10303200036287308,
            0.051961999386548996,
            0.0,
            1.0,
            0.0,
            0.0,
            0.0,
            1.0
        ],
        [
            -0.2440589964389801,
            0.3577730059623718,
            -0.27886098623275757,
            0.6920620203018188,
            0.05061199888586998,
            0.053958598524332047,
            0.016220400109887123,
            0.9763150215148926,
            -0.2157450020313263,
            0.08522109687328339,
            0.2136390060186386,
            0.9731889963150024
        ],
        [
            -0.11846999824047089,
            0.3577679991722107,
            -0.27886098623275757,
            0.6920610070228577,
            0.05061189830303192,
            0.053957801312208176,
            0.016219299286603928,
            0.9763150215148926,
            -0.2157450020313263,
            0.08521980047225952,
            0.2136390060186386,
            0.9731889963150024
        ],
        [
            -0.3701219856739044,
            0.38339200615882874,
            -0.2917320132255554,
            0.9193059802055359,
            0.12616799771785736,
            0.053403500467538834,
            0.00798145029693842,
            0.9864000082015991,
            -0.16416899859905243,
            0.061517998576164246,
            0.1633789986371994,
            0.9846429824829102
        ],
        [
            0.012873100116848946,
            0.41077300906181335,
            -0.2885519862174988,
            0.7984570264816284,
            0.0781031996011734,
            0.7261450290679932,
            -0.0033535698894411325,
            0.9862499833106995,
            -0.16522599756717682,
            -0.003962100017815828,
            0.1652120053768158,
            0.9862499833106995
        ],
        [
            0.014823099598288536,
            0.36018800735473633,
            -0.2758469879627228,
            0.6939640045166016,
            0.0646648034453392,
            0.06466809660196304,
            -0.006148780230432749,
            0.9734200239181519,
            -0.2289460003376007,
            -0.3093090057373047,
            0.21587100625038147,
            0.9261360168457031
        ]
    ],
    "ops": [
        [
            0,
            0,
            0,
            0,
            0,
            1,
            2,
            1,
            1,
            1,
            0,
            0,
            1,
            2,
            0,
            2,
            0,
            0,
            1,
            1,
            1,
            1
        ]
    ],
    "syms": [
        [
            0.0,
            0.9999989867210388,
            0.00039299300988204777,
            -0.0014735599979758263,
            0.01162749994546175,
            -0.6961169838905334,
            0.15486100316047668,
            0.0
        ],
        [
            0.0,
            0.9999849796295166,
            -0.0037426201160997152,
            0.00393815990537405,
            0.01297760009765625,
            0.356810986995697,
            -0.2778480052947998,
            0.0
        ],
        [
            0.0,
            0.9980999827384949,
            0.06086469814181328,
            -0.009628159925341606,
            0.004455709829926491,
            0.4062339961528778,
            -0.2953450083732605,
            0.0
        ]
    ],
    "labels:": [
        [
            1,
            2,
            2,
            2,
            2,
            0,
            0,
            0,
            0,
            0
        ]
    ],
    "obj": 43019,
    "mat_index": 5127,
    "obbs": "N 15\n0.0128731 0.410773 -0.288552 0.999987 0.0039621 0.00335357 -0.0039621 0.165212 0.98625 0.00335357 -0.98625 0.165226 0.726145 0.0781032 0.798457\n0.0115481 -0.0204413 0.152422 0.999968 0.00802175 9.87389e-05 -0.00802175 0.999665 0.0246137 9.87389e-05 -0.0246137 0.999697 0.806688 0.19135 0.848326\n0.270015 0.355849 -0.276836 0.0246244 0.973942 -0.225459 -0.356033 0.219283 0.908381 0.934149 0.0579023 0.352155 0.686031 0.0692078 0.0577207\n0.146911 0.357414 -0.273465 0.99966 -0.0205319 -0.0160643 0.0205319 0.240359 0.970467 -0.0160643 -0.970467 0.240699 0.0562899 0.0727787 0.686809\n0.0148231 0.360188 -0.275847 -0.00614878 0.97342 -0.228946 0.950942 0.0765096 0.29976 0.309309 -0.215871 -0.926136 0.693964 0.0646681 0.0646648\n-0.11847 0.357768 -0.278861 0.99623 -0.0341703 -0.0797363 0.0852198 0.213639 0.973189 -0.0162193 -0.976315 0.215745 0.0539578 0.0506119 0.692061\n-0.244059 0.357773 -0.278861 0.99623 -0.0341716 -0.0797373 0.0852211 0.213639 0.973189 -0.0162204 -0.976315 0.215745 0.0539586 0.050612 0.692062\n0.392678 -0.695967 0.154299 1 0 0 0 1 0 0 0 1 0.043559 0.099768 0.680364\n-0.369422 -0.696267 0.155422 1 0 0 0 1 0 0 0 1 0.043559 0.099167 0.678384\n0.374399 -0.384195 0.517587 0.0154922 -0.99988 -0.000214858 0.99988 0.0154922 0.000218213 -0.000214858 -0.000218213 1 0.723856 0.0896247 0.115684\n-0.363265 -0.408675 0.526247 1 0 0 0 1 0 0 0 1 0.055874 0.674348 0.098377\n0.380155 -0.405024 -0.217826 1 0 0 0 1 0 0 0 1 0.068605 0.681654 0.102938\n-0.365221 -0.396864 -0.217779 1 0 0 0 1 0 0 0 1 0.051962 0.697972 0.103032\n-0.370122 0.383392 -0.291732 0.00798145 0.9864 -0.164169 0.998074 -0.0179583 -0.0593774 -0.061518 -0.163379 -0.984643 0.919306 0.0534035 0.126168\n0.379033 0.429076 -0.298958 -0.00814473 0.98708 -0.160022 0.999964 0.00765733 -0.00366229 -0.00238963 -0.160046 -0.987107 0.826673 0.077147 0.12676\nC 42\n0 14\n0 3\n0 11\n0 4\n0 12\n0 5\n0 1\n0 13\n0 6\n0 2\n1 3\n1 6\n1 11\n1 2\n1 14\n1 5\n1 10\n1 13\n1 4\n1 9\n1 12\n2 4\n2 3\n2 14\n2 11\n3 11\n3 14\n3 5\n3 4\n4 5\n4 6\n5 6\n5 13\n5 12\n6 12\n6 13\n7 11\n7 9\n8 10\n8 12\n11 14\n12 13\nS 5\n2\n6 -0.244059 0.357773 -0.278861\n2 0.270015 0.355849 -0.276836\n2\n0.0129776 0.356811 -0.277848\n0.999985 -0.00374262 0.00393816\n2\n5 -0.11847 0.357768 -0.278861\n3 0.146911 0.357414 -0.273465\n2\n0.0142201 0.357591 -0.276163\n0.999793 -0.00133352 0.0203258\n2\n7 0.392678 -0.695967 0.154299\n8 -0.369422 -0.696267 0.155422\n2\n0.0116275 -0.696117 0.154861\n-0.999999 -0.000392993 0.00147356\n2\n11 0.380155 -0.405024 -0.217826\n12 -0.365221 -0.396864 -0.217779\n2\n0.00746675 -0.400944 -0.217803\n-0.99994 0.0109468 6.30517e-05\n2\n13 -0.370122 0.383392 -0.291732\n14 0.379033 0.429076 -0.298958\n2\n0.00445571 0.406234 -0.295345\n0.9981 0.0608647 -0.00962816\nL 15\n0\n1\n0\n0\n0\n0\n0\n2\n2\n2\n2\n2\n2\n0\n0"
}