{
    "boxes": [
        [
            0.003977030050009489,
            -0.06202090159058571,
            0.06511200219392776,
            0.1148580014705658,
            0.9393879771232605,
            0.8825380206108093,
            8.76457997947e-05,
            0.9988110065460205,
            -0.048753999173641205,
            2.137810042768251e-06,
            0.048753999173641205,
            0.9988110065460205
        ],
        [
            0.005875499919056892,
            -0.8152809739112854,
            -0.2586610019207001,
            0.019607000052928925,
            0.3452169895172119,
            0.8961809873580933,
            0.0,
            1.0,
            0.0,
            0.0,
            0.0,
            1.0
        ],
        [
            -0.4308370053768158,
            -0.44756901264190674,
            0.4415070116519928,
            0.7280340194702148,
            0.0328029990196228,
            0.03420399874448776,
            0.0,
            1.0,
            0.0,
            0.0,
            0.0,
            1.0
        ],
        [
            -0.4332540035247803,
            -0.8015909790992737,
            0.16589200496673584,
            0.046480000019073486,
            0.5499160289764404,
            0.029364999383687973,
            0.0,
            1.0,
            0.0,
            0.0,
            0.0,
            1.0
        ],
        [
            -0.4140489995479584,
            0.140051007270813,
            -0.18229900300502777,
            0.5418170094490051,
            0.02669209986925125,
            0.03559179976582527,
            0.0007187440060079098,
            0.9657040238380432,
            0.2596449851989746,
            -0.03958459943532944,
            -0.2594139873981476,
            0.9649549722671509
        ],
        [
            0.0003079980087932199,
            0.40550699830055237,
            -0.26072800159454346,
            0.24870100617408752,
            0.45034098625183105,
            0.8396300077438354,
            -9.296389907831326e-05,
            0.9886869788169861,
            0.14999200403690338,
            7.01156977811479e-06,
            -0.14999200403690338,
            0.9886869788169861
        ],
        [
            0.005082489922642708,
            0.45223599672317505,
            -0.28271499276161194,
            0.03567970171570778,
            0.37323400378227234,
            0.8534029722213745,
            -0.0014956099912524223,
            0.936149001121521,
            0.3515999913215637,
            0.00027159901219420135,
            -0.3515999913215637,
            0.9361500144004822
        ]
    ],
    "ops": [
        [
            0,
            0,
            0,
            0,
            1,
            2,
            1,
            1,
            0,
            2,
            0,
            0,
            1,
            1,
            1
        ]
    ],
    "syms": [
        [
            0.0,
            0.999983012676239,
            0.005156429950147867,
            0.0027221099007874727,
            0.005947770085185766,
            -0.44531700015068054,
            0.4426960051059723,
            0.0
        ],
        [
            0.0,
            0.9999979734420776,
            -0.0019547799602150917,
            5.440899985842407e-05,
            0.005052399821579456,
            0.13923199474811554,
            -0.18227599561214447,
            0.0
        ]
    ],
    "labels:": [
        [
            1,
            2,
            2,
            2,
            0,
            0,
            0
        ]
    ],
    "obj": 43030,
    "mat_index": 5135,
    "obbs": "N 10\n0.000307998 0.405507 -0.260728 1 9.29639e-05 7.01157e-06 -9.29639e-05 0.988687 0.149992 7.01157e-06 -0.149992 0.988687 0.83963 0.248701 0.450341\n0.00508249 0.452236 -0.282715 0.999999 0.00149561 0.000271599 -0.00149561 0.936149 0.3516 0.000271599 -0.3516 0.93615 0.853403 0.0356797 0.373234\n0.00397703 -0.0620209 0.065112 1 -8.76458e-05 2.13781e-06 8.76458e-05 0.998811 -0.048754 2.13781e-06 0.048754 0.998811 0.882538 0.114858 0.939388\n0.424154 0.138413 -0.182254 -0.995083 0.00430253 -0.0989513 -0.0966952 -0.258519 0.961155 -0.0214454 0.965997 0.257664 0.0283114 0.0273989 0.531548\n-0.414049 0.140051 -0.182299 -0.999216 0.0109715 -0.0380405 -0.0395846 -0.259414 0.964955 0.000718744 0.965704 0.259645 0.0355918 0.0266921 0.541817\n0.442733 -0.443064 0.443885 0.272969 0.0146853 -0.961911 0.96202 -0.00157839 0.272976 0.00249045 -0.999891 -0.0145584 0.0350904 0.0266762 0.72011\n-0.430837 -0.447569 0.441507 1 0 0 0 1 0 0 0 1 0.034204 0.728034 0.032803\n0.443167 -0.807165 0.170871 1 0 0 0 1 0 0 0 1 0.023202 0.035577 0.54506\n-0.433254 -0.801591 0.165892 1 0 0 0 1 0 0 0 1 0.029365 0.04648 0.549916\n0.0058755 -0.815281 -0.258661 1 0 0 0 1 0 0 0 1 0.896181 0.019607 0.345217\nC 13\n0 1\n0 4\n0 3\n1 3\n1 4\n2 6\n2 5\n2 3\n2 4\n5 7\n6 8\n7 9\n8 9\nS 3\n2\n3 0.424154 0.138413 -0.182254\n4 -0.414049 0.140051 -0.182299\n2\n0.0050524 0.139232 -0.182276\n-0.999998 0.00195478 -5.4409e-05\n2\n5 0.442733 -0.443064 0.443885\n6 -0.430837 -0.447569 0.441507\n2\n0.00594777 -0.445317 0.442696\n-0.999983 -0.00515643 -0.00272211\n2\n7 0.443167 -0.807165 0.170871\n8 -0.433254 -0.801591 0.165892\n2\n0.00495675 -0.804378 0.168382\n-0.999964 0.00635916 -0.00568086\nL 10\n0\n0\n1\n0\n0\n2\n2\n2\n2\n2"
}