{
    "boxes": [
        [
            -0.007870499975979328,
            -0.1933020055294037,
            0.10160399973392487,
            0.43077099323272705,
            1.2713899612426758,
            1.357640027999878,
            0.0,
            1.0,
            0.0,
            0.0,
            0.0,
            1.0
        ],
        [
            -0.5703330039978027,
            0.035954900085926056,
            0.01532750017940998,
            0.9725220203399658,
            0.7237200140953064,
            0.3321099877357483,
            0.026712199673056602,
            0.9995909929275513,
            0.01017029955983162,
            -0.21220600605010986,
            -0.004271829966455698,
            0.9772160053253174
        ],
        [
            -0.4497010111808777,
            -0.5437780022621155,
            -0.28206101059913635,
            0.3603290021419525,
            0.13249100744724274,
            0.15365199744701385,
            0.0,
            1.0,
            0.0,
            0.0,
            0.0,
            1.0
        ],
        [
            -0.6640390157699585,
            -0.5444459915161133,
            0.2594259977340698,
            0.36004701256752014,
            0.09287840127944946,
            0.09271690249443054,
            0.07599549740552902,
            0.9967479705810547,
            0.026805300265550613,
            -0.3808090090751648,
            0.0041679497808218,
            0.9246439933776855
        ],
        [
            0.0016850000247359276,
            0.06989149749279022,
            -0.3587070107460022,
            0.9022790193557739,
            0.39097198843955994,
            1.1403000354766846,
            0.0,
            1.0,
            0.0,
            0.0,
            0.0,
            1.0
        ]
    ],
    "ops": [
        [
            0,
            0,
            2,
            1,
            0,
            0,
            1,
            2,
            1,
            0,
            1
        ]
    ],
    "syms": [
        [
            0.0,
            0.9983749985694885,
            0.026474399492144585,
            0.05045830085873604,
            -0.007295680232346058,
            0.05088530108332634,
            0.04378360137343407,
            0.0
        ],
        [
            0.0,
            0.9999930262565613,
            0.002823770046234131,
            -0.0022877200972288847,
            -0.022968800738453865,
            -0.5425729751586914,
            -0.2830379903316498,
            0.0
        ]
    ],
    "labels:": [
        [
            1,
            3,
            2,
            2,
            0
        ]
    ],
    "obj": 43034,
    "mat_index": 5139,
    "obbs": "N 8\n0.001685 0.0698915 -0.358707 1 0 0 0 1 0 0 0 1 1.1403 0.902279 0.390972\n0.555742 0.0658157 0.0722398 -0.0153219 -0.999831 0.0101187 0.997982 -0.0159156 -0.0614711 0.0616217 0.00915647 0.998058 0.915969 0.285687 0.914164\n-0.570333 0.0359549 0.0153275 0.0267122 0.999591 0.0101703 0.97686 -0.0282618 0.212005 0.212206 0.00427183 -0.977216 0.972522 0.33211 0.72372\n-0.0078705 -0.193302 0.101604 1 0 0 0 1 0 0 0 1 1.35764 0.430771 1.27139\n-0.449701 -0.543778 -0.282061 1 0 0 0 1 0 0 0 1 0.153652 0.360329 0.132491\n0.403763 -0.541368 -0.284014 1 0 0 0 1 0 0 0 1 0.156519 0.364675 0.128242\n0.546274 -0.543613 0.418621 1 0 0 0 1 0 0 0 1 0.121304 0.359617 0.101145\n-0.664039 -0.544446 0.259426 0.0759955 0.996748 0.0268053 -0.380809 0.00416795 0.924644 0.921525 -0.0804765 0.379887 0.360047 0.0928784 0.0927169\nC 15\n0 1\n0 5\n0 4\n0 3\n0 2\n1 3\n1 5\n1 6\n2 7\n2 4\n2 3\n3 6\n3 7\n3 4\n3 5\nS 3\n2\n1 0.555742 0.0658157 0.0722398\n2 -0.570333 0.0359549 0.0153275\n2\n-0.00729568 0.0508853 0.0437836\n-0.998375 -0.0264744 -0.0504583\n2\n4 -0.449701 -0.543778 -0.282061\n5 0.403763 -0.541368 -0.284014\n2\n-0.0229688 -0.542573 -0.283038\n0.999993 0.00282377 -0.00228772\n2\n6 0.546274 -0.543613 0.418621\n7 -0.664039 -0.544446 0.259426\n2\n-0.0588825 -0.54403 0.339024\n-0.99146 -0.000681606 -0.13041\nL 8\n0\n3\n3\n1\n2\n2\n2\n2"
}