{
    "boxes": [
        [
            0.005725889932364225,
            0.03173249959945679,
            0.17514899373054504,
            0.06161089986562729,
            0.8505070209503174,
            0.8317819833755493,
            0.0009434440289624035,
            0.9996539950370789,
            -0.026302700862288475,
            1.2409699593263213e-05,
            0.026302700862288475,
            0.9996539950370789
        ],
        [
            -0.400642991065979,
            -0.4166640043258667,
            -0.05494270101189613,
            0.09547030180692673,
            0.6169970035552979,
            0.10032200068235397,
            -0.20871800184249878,
            0.9719229936599731,
            -0.10864199697971344,
            0.03969629853963852,
            0.11941699683666229,
            0.9920499920845032
        ],
        [
            -0.45211899280548096,
            -0.3349519968032837,
            -0.295960009098053,
            0.8299599885940552,
            0.1350490003824234,
            0.08904380351305008,
            -0.018931899219751358,
            0.9218400120735168,
            0.3871079981327057,
            -0.08205729722976685,
            -0.3873029947280884,
            0.9182929992675781
        ],
        [
            0.002172699896618724,
            -0.39107999205589294,
            0.23308199644088745,
            0.07006219774484634,
            0.06464549899101257,
            0.7857639789581299,
            0.0013786000199615955,
            0.9916669726371765,
            -0.12882100045681,
            0.0015692600281909108,
            0.12881900370121002,
            0.9916669726371765
        ],
        [
            -0.3608030080795288,
            -0.3683969974517822,
            0.333050012588501,
            0.8931229710578918,
            0.23025600612163544,
            0.059324000030756,
            -0.03139499947428703,
            0.8782870173454285,
            -0.47710201144218445,
            -0.30802100896835327,
            0.44560301303863525,
            0.8405719995498657
        ],
        [
            0.003658219939097762,
            0.47715499997138977,
            -0.21156999468803406,
            0.5984240174293518,
            0.21314799785614014,
            0.8190439939498901,
            0.023715399205684662,
            0.9872909784317017,
            -0.15714199841022491,
            0.02777929976582527,
            0.1564749926328659,
            0.9872909784317017
        ],
        [
            -0.43277400732040405,
            0.2297469973564148,
            -0.1535249948501587,
            0.3616890013217926,
            0.11059100180864334,
            0.05185350030660629,
            0.059654299169778824,
            0.996944010257721,
            0.050429899245500565,
            0.048132799565792084,
            -0.05333390086889267,
            0.9974160194396973
        ]
    ],
    "ops": [
        [
            0,
            0,
            0,
            1,
            2,
            0,
            0,
            2,
            1,
            1,
            1,
            0,
            0,
            2,
            1,
            1
        ]
    ],
    "syms": [
        [
            0.0,
            0.9999970197677612,
            -0.0018128900555893779,
            0.0014151900541037321,
            0.002694650087505579,
            -0.41739600896835327,
            -0.054371900856494904,
            0.0
        ],
        [
            0.0,
            0.9999989867210388,
            0.00013101300282869488,
            0.0010036500170826912,
            0.006013869773596525,
            -0.36834898591041565,
            0.33341801166534424,
            0.0
        ],
        [
            0.0,
            0.9996569752693176,
            0.025423100218176842,
            0.006330879870802164,
            0.003878090064972639,
            0.2408519983291626,
            -0.1507589966058731,
            0.0
        ]
    ],
    "labels:": [
        [
            1,
            2,
            2,
            2,
            2,
            0,
            0
        ]
    ],
    "obj": 2825,
    "mat_index": 517,
    "obbs": "N 11\n0.00365822 0.477155 -0.21157 0.999333 -0.0277793 -0.0237154 0.0277793 0.156475 0.987291 -0.0237154 -0.987291 0.157142 0.819044 0.213148 0.598424\n0.406032 -0.418127 -0.0538011 0.052511 -0.115718 -0.991893 -0.00301569 0.993241 -0.116035 0.998616 0.00908435 0.0518071 0.619904 0.0807659 0.0900578\n0.0021727 -0.39108 0.233082 0.999998 -0.00156926 -0.0013786 0.00156926 0.128819 0.991667 -0.0013786 -0.991667 0.128821 0.785764 0.0646455 0.0700622\n-0.400643 -0.416664 -0.0549427 0.97717 0.202746 -0.0635062 -0.208718 0.971923 -0.108642 0.0396963 0.119417 0.99205 0.100322 0.0954703 0.616997\n0.00572589 0.0317325 0.175149 1 -0.000943444 1.24097e-05 0.000943444 0.999654 -0.0263027 1.24097e-05 0.0263027 0.999654 0.831782 0.0616109 0.850507\n0.44053 0.251957 -0.147994 0.0594172 -0.998227 -0.00355617 0.996883 0.0595217 -0.051775 0.0518949 -0.000468755 0.998652 0.324819 0.0515925 0.108488\n-0.432774 0.229747 -0.153525 -0.0596543 -0.996944 -0.0504299 0.997058 -0.0570728 -0.0511673 0.0481328 -0.0533339 0.997416 0.361689 0.0518535 0.110591\n0.460264 -0.317332 -0.276776 0.0110547 -0.941456 -0.336955 0.99953 0.0200403 -0.0232005 0.0285949 -0.33654 0.941235 0.878437 0.0883625 0.122577\n-0.452119 -0.334952 -0.29596 -0.996448 0.01438 -0.0829761 -0.0820573 -0.387303 0.918293 -0.0189319 0.92184 0.387108 0.0890438 0.135049 0.82996\n-0.360803 -0.368397 0.33305 0.308021 -0.445603 -0.840572 0.950861 0.173347 0.256541 0.031395 -0.878287 0.477102 0.230256 0.059324 0.893123\n0.372831 -0.368301 0.333786 0.0303325 0.876745 -0.479998 0.950862 -0.173347 -0.256541 -0.308127 -0.44863 -0.838922 0.893145 0.059323 0.231711\nC 27\n0 7\n0 10\n0 4\n0 5\n0 8\n0 6\n0 9\n1 2\n1 10\n1 7\n2 9\n2 10\n2 3\n3 9\n3 8\n4 7\n4 8\n4 9\n4 10\n4 5\n4 6\n5 10\n5 7\n6 9\n6 8\n7 10\n8 9\nS 4\n2\n1 0.406032 -0.418127 -0.0538011\n3 -0.400643 -0.416664 -0.0549427\n2\n0.00269465 -0.417396 -0.0543719\n-0.999997 0.00181289 -0.00141519\n2\n5 0.44053 0.251957 -0.147994\n6 -0.432774 0.229747 -0.153525\n2\n0.00387809 0.240852 -0.150759\n-0.999657 -0.0254231 -0.00633088\n2\n7 0.460264 -0.317332 -0.276776\n8 -0.452119 -0.334952 -0.29596\n2\n0.00407237 -0.326142 -0.286368\n-0.999593 -0.0193038 -0.0210176\n2\n9 -0.360803 -0.368397 0.33305\n10 0.372831 -0.368301 0.333786\n2\n0.00601387 -0.368349 0.333418\n0.999999 0.000131013 0.00100365\nL 11\n0\n2\n2\n2\n1\n0\n0\n2\n2\n2\n2"
}