{
    "boxes": [
        [
            -0.01056899968534708,
            -0.0740823969244957,
            0.26726099848747253,
            0.19642899930477142,
            0.7495219707489014,
            1.1377700567245483,
            0.0029326400253921747,
            0.9840710163116455,
            -0.1777539998292923,
            0.00026273701223544776,
            0.1777539998292923,
            0.9840750098228455
        ],
        [
            -0.5537409782409668,
            0.1615079939365387,
            0.07464689761400223,
            0.038929399102926254,
            0.6711400151252747,
            0.05206679925322533,
            -0.0016594099579378963,
            0.9643449783325195,
            -0.26464200019836426,
            -0.00022355999681167305,
            0.26464200019836426,
            0.9643470048904419
        ],
        [
            -0.5530049800872803,
            0.0452904999256134,
            0.40825900435447693,
            0.38188499212265015,
            0.05002899840474129,
            0.053353000432252884,
            0.0,
            1.0,
            0.0,
            0.0,
            0.0,
            1.0
        ],
        [
            -0.011157999746501446,
            -0.3798139989376068,
            -0.2239290028810501,
            0.08158610016107559,
            0.012798800133168697,
            1.0343999862670898,
            -0.00021846899471711367,
            0.7722650170326233,
            0.6353009939193726,
            -0.00010317099804524332,
            -0.6353009939193726,
            0.7722650170326233
        ],
        [
            -0.5475469827651978,
            -0.43955498933792114,
            -0.2662700116634369,
            0.5422139763832092,
            0.05554160103201866,
            0.06792090088129044,
            -0.012667999602854252,
            0.7769330143928528,
            0.6294559836387634,
            -0.030998000875115395,
            -0.6295089721679688,
            0.7763749957084656
        ],
        [
            -0.5516120195388794,
            -0.4407239854335785,
            0.2864939868450165,
            0.054795801639556885,
            0.8671219944953918,
            0.0650537982583046,
            0.05961320176720619,
            0.8642600178718567,
            0.49950000643730164,
            -0.015972400084137917,
            -0.49950000643730164,
            0.8661670088768005
        ],
        [
            -0.010808000341057777,
            0.18469999730587006,
            -0.2679069936275482,
            0.7555810213088989,
            0.17092500627040863,
            1.0167800188064575,
            0.004019489977508783,
            0.9054279923439026,
            -0.42448100447654724,
            0.006323600187897682,
            0.4244529902935028,
            0.9054279923439026
        ],
        [
            -0.010802799835801125,
            0.04882660135626793,
            -0.27785301208496094,
            0.01374529954046011,
            0.10724599659442902,
            1.137760043144226,
            -0.0001934260071720928,
            0.9181050062179565,
            -0.39633798599243164,
            -3.996759915025905e-05,
            0.39633798599243164,
            0.9181050062179565
        ]
    ],
    "ops": [
        [
            0,
            0,
            0,
            1,
            2,
            1,
            0,
            0,
            0,
            1,
            2,
            1,
            1,
            0,
            0,
            1,
            1
        ]
    ],
    "syms": [
        [
            0.0,
            0.9999970197677612,
            0.002485459903255105,
            -2.679530098248506e-06,
            -0.01065909955650568,
            0.1628579944372177,
            0.07464549690485,
            0.0
        ],
        [
            0.0,
            0.9999909996986389,
            0.002161880023777485,
            0.003529150038957596,
            -0.010705700144171715,
            -0.4383940100669861,
            -0.2643750011920929,
            0.0
        ]
    ],
    "labels:": [
        [
            1,
            3,
            3,
            2,
            2,
            2,
            0,
            0
        ]
    ],
    "obj": 2827,
    "mat_index": 519,
    "obbs": "N 12\n-0.010808 0.1847 -0.267907 0.999972 -0.0063236 -0.00401949 0.0063236 0.424453 0.905428 -0.00401949 -0.905428 0.424481 1.01678 0.170925 0.755581\n-0.010569 -0.0740824 0.267261 -0.000262737 -0.177754 -0.984075 0.00293264 0.984071 -0.177754 0.999996 -0.00293264 0.000262737 0.749522 0.196429 1.13777\n0.532423 0.164207 0.074644 -0.00386167 -0.272746 -0.962078 0.0277745 0.961685 -0.272746 0.999607 -0.0277745 0.00386167 0.652718 0.0334012 0.0543717\n-0.553741 0.161508 0.0746469 0.999999 0.00165941 -0.00022356 -0.00165941 0.964345 -0.264642 -0.00022356 0.264642 0.964347 0.0520668 0.0389294 0.67114\n0.532478 0.0528506 0.409368 0.999758 -0.0158616 -0.0152585 0.0158616 0.0386146 0.999128 -0.0152585 -0.999128 0.0388568 0.0573374 0.0449228 0.3849\n-0.553005 0.0452905 0.408259 1 0 0 0 1 0 0 0 1 0.053353 0.381885 0.050029\n-0.011158 -0.379814 -0.223929 1 0.000103171 0.000218469 -0.000103171 -0.635301 0.772265 0.000218469 -0.772265 -0.635301 1.0344 0.0127988 0.0815861\n-0.0108028 0.0488266 -0.277853 1 0.000193426 -3.99676e-05 -0.000193426 0.918105 -0.396338 -3.99676e-05 0.396338 0.918105 1.13776 0.0137453 0.107246\n0.526136 -0.437234 -0.26248 0.0192728 0.771819 0.63555 -0.040368 -0.634549 0.771828 0.998999 -0.0405312 0.0189272 0.55099 0.0555987 0.0701437\n0.528154 -0.435667 0.29084 0.99774 0.0648753 0.0175 -0.0648753 0.862235 0.502336 0.0175 -0.502336 0.864495 0.0693557 0.0413315 0.864624\n-0.551612 -0.440724 0.286494 0.998094 -0.0596132 -0.0159724 0.0596132 0.86426 0.4995 -0.0159724 -0.4995 0.866167 0.0650538 0.0547958 0.867122\n-0.547547 -0.439555 -0.26627 -0.012668 0.776933 0.629456 -0.030998 -0.629509 0.776375 0.999439 -0.00967678 0.032058 0.542214 0.0555416 0.0679209\nC 29\n0 2\n0 7\n0 10\n0 3\n0 11\n0 8\n0 1\n0 6\n0 9\n1 3\n1 6\n1 11\n1 2\n1 5\n1 10\n1 4\n1 9\n1 8\n1 7\n2 7\n2 4\n3 7\n3 5\n6 9\n6 10\n6 11\n6 8\n8 9\n10 11\nS 4\n2\n2 0.532423 0.164207 0.074644\n3 -0.553741 0.161508 0.0746469\n2\n-0.0106591 0.162858 0.0746455\n-0.999997 -0.00248546 2.67953e-06\n2\n4 0.532478 0.0528506 0.409368\n5 -0.553005 0.0452905 0.408259\n2\n-0.0102635 0.0490705 0.408814\n-0.999975 -0.00696453 -0.00102151\n2\n8 0.526136 -0.437234 -0.26248\n11 -0.547547 -0.439555 -0.26627\n2\n-0.0107057 -0.438394 -0.264375\n-0.999991 -0.00216188 -0.00352915\n2\n9 0.528154 -0.435667 0.29084\n10 -0.551612 -0.440724 0.286494\n2\n-0.0117288 -0.438195 0.288667\n-0.999981 -0.00468318 -0.00402469\nL 12\n0\n1\n3\n3\n3\n3\n2\n0\n2\n2\n2\n2"
}