{
    "boxes": [
        [
            0.008634500205516815,
            -0.008465499617159367,
            0.10605199635028839,
            0.13164100050926208,
            0.813389003276825,
            0.7715529799461365,
            0.0,
            1.0,
            0.0,
            0.0,
            0.0,
            1.0
        ],
        [
            -0.33228400349617004,
            -0.33711498975753784,
            0.42699500918388367,
            0.7571030259132385,
            0.08793579787015915,
            0.08971499651670456,
            -0.0,
            0.9992250204086304,
            0.03936830163002014,
            -0.0,
            -0.03936830163002014,
            0.9992250204086304
        ],
        [
            -0.35919898748397827,
            -0.2526110112667084,
            0.07017549872398376,
            0.057711001485586166,
            0.6456990242004395,
            0.035886000841856,
            0.0,
            1.0,
            0.0,
            0.0,
            0.0,
            1.0
        ],
        [
            -0.35543298721313477,
            -0.3890269994735718,
            -0.315530002117157,
            0.6870309710502625,
            0.10633999854326248,
            0.09096260368824005,
            0.0280774999409914,
            0.974399983882904,
            0.2230599969625473,
            -0.36283400654792786,
            -0.19799399375915527,
            0.9105769991874695
        ],
        [
            0.008634500205516815,
            0.762274980545044,
            -0.4226990044116974,
            0.09021160006523132,
            0.03429640084505081,
            0.6638950109481812,
            -0.0,
            0.9525319933891296,
            -0.3044390082359314,
            -0.0,
            0.3044390082359314,
            0.9525319933891296
        ],
        [
            -0.3502790033817291,
            0.5413720011711121,
            -0.37423399090766907,
            0.543425977230072,
            0.08391860127449036,
            0.05773799866437912,
            -0.0007598830270580947,
            0.9557979702949524,
            -0.29402199387550354,
            -0.016740599647164345,
            0.2939690053462982,
            0.9556679725646973
        ],
        [
            0.008634500205516815,
            0.5723080039024353,
            -0.36221998929977417,
            0.05129300057888031,
            0.052216000854969025,
            0.6638950109481812,
            0.0,
            1.0,
            0.0,
            0.0,
            0.0,
            1.0
        ],
        [
            -0.3502280116081238,
            0.12010800093412399,
            -0.2693819999694824,
            0.39543500542640686,
            0.13844500482082367,
            0.05650300160050392,
            0.0,
            1.0,
            0.0,
            0.0,
            0.0,
            1.0
        ]
    ],
    "ops": [
        [
            0,
            0,
            0,
            0,
            1,
            1,
            2,
            1,
            0,
            0,
            2,
            1,
            0,
            2,
            0,
            2,
            1,
            1,
            1
        ]
    ],
    "syms": [
        [
            0.0,
            1.0,
            3.2565600437378227e-16,
            4.0707000546722784e-16,
            0.008634500205516815,
            -0.33711498975753784,
            0.42699500918388367,
            0.0
        ],
        [
            0.0,
            0.9999819993972778,
            0.005927669815719128,
            0.001220720005221665,
            0.00846789963543415,
            0.5434989929199219,
            -0.3737959861755371,
            0.0
        ],
        [
            1.0,
            0.004317250102758408,
            0.4058364927768707,
            -0.21921299397945404,
            0.008634500205516815,
            0.5723080039024353,
            -0.36221998929977417,
            0.3333333432674408
        ],
        [
            0.0,
            0.9999319911003113,
            0.006044189911335707,
            0.009995019994676113,
            0.008488990366458893,
            0.12227600067853928,
            -0.2657969892024994,
            0.0
        ]
    ],
    "labels:": [
        [
            1,
            2,
            2,
            2,
            0,
            0,
            0,
            0
        ]
    ],
    "obj": 43148,
    "mat_index": 5194,
    "obbs": "N 15\n0.0086345 0.762275 -0.422699 1 0 0 -0 0.304439 0.952532 0 -0.952532 0.304439 0.663895 0.0342964 0.0902116\n0.0086345 -0.0084655 0.106052 1 0 0 0 1 0 0 0 1 0.771553 0.131641 0.813389\n-0.350279 0.541372 -0.374234 0.0167406 -0.293969 -0.955668 0.99986 0.00564829 0.0157772 0.000759883 -0.955798 0.294022 0.0839186 0.057738 0.543426\n0.367215 0.545626 -0.373358 -0.0146275 0.958048 -0.286233 0.999563 0.00665556 -0.0288045 -0.0256911 -0.286529 -0.957727 0.536102 0.0654352 0.0841202\n0.0086345 0.332943 -0.286014 1 0 0 0 1 0 0 0 1 0.663895 0.051292 0.052216\n0.0086345 0.452626 -0.324117 1 0 0 0 1 0 0 0 1 0.663895 0.051292 0.052216\n0.0086345 0.572308 -0.36222 1 0 0 0 1 0 0 0 1 0.663895 0.051293 0.052216\n-0.359199 -0.252611 0.0701755 1 0 0 0 1 0 0 0 1 0.035886 0.057711 0.645699\n0.376468 -0.252611 0.0701755 1 0 0 0 1 0 0 0 1 0.035886 0.057711 0.645699\n0.367205 0.124444 -0.262211 0.00366239 0.988764 -0.14944 0.998217 0.00528754 0.0594484 0.0595706 -0.149392 -0.986982 0.407025 0.0623255 0.123049\n-0.350228 0.120108 -0.269382 1 0 0 0 1 0 0 0 1 0.056503 0.395435 0.138445\n0.367793 -0.374227 -0.32 -0.000117543 -0.968443 -0.249236 0.98453 0.0435585 -0.169717 0.175218 -0.2454 0.953456 0.715043 0.0702715 0.0978573\n-0.355433 -0.389027 -0.31553 0.362834 0.197994 -0.910577 0.931431 -0.1065 0.347986 -0.0280775 -0.9744 -0.22306 0.10634 0.0909626 0.687031\n0.349554 -0.337115 0.426995 1 0 -0 0 -0.0393683 0.999225 0 -0.999225 -0.0393683 0.089715 0.0879358 0.757103\n-0.332284 -0.337115 0.426995 1 0 0 -0 -0.0393683 0.999225 0 -0.999225 -0.0393683 0.089715 0.0879358 0.757103\nC 38\n0 2\n0 3\n0 6\n1 3\n1 11\n1 2\n1 14\n1 10\n1 13\n1 9\n1 12\n1 8\n1 7\n2 5\n2 6\n2 10\n2 4\n3 6\n3 9\n3 5\n3 4\n4 9\n4 10\n4 5\n4 6\n5 9\n5 6\n5 10\n6 9\n6 10\n7 12\n7 10\n7 14\n8 13\n8 9\n8 11\n9 11\n10 12\nS 6\n2\n2 -0.350279 0.541372 -0.374234\n3 0.367215 0.545626 -0.373358\n2\n0.0084679 0.543499 -0.373796\n0.999982 0.00592767 0.00122072\n3\n4 0.0086345 0.332943 -0.286014\n5 0.0086345 0.452626 -0.324117\n6 0.0086345 0.572308 -0.36222\n1\n0 0 0\n0 0 0\n2\n7 -0.359199 -0.252611 0.0701755\n8 0.376468 -0.252611 0.0701755\n2\n0.0086345 -0.252611 0.0701755\n1 0 0\n2\n9 0.367205 0.124444 -0.262211\n10 -0.350228 0.120108 -0.269382\n2\n0.00848899 0.122276 -0.265797\n-0.999932 -0.00604419 -0.00999502\n2\n11 0.367793 -0.374227 -0.32\n12 -0.355433 -0.389027 -0.31553\n2\n0.00617979 -0.381627 -0.317765\n-0.999772 -0.0204597 0.00617912\n2\n13 0.349554 -0.337115 0.426995\n14 -0.332284 -0.337115 0.426995\n2\n0.0086345 -0.337115 0.426995\n-1 -3.25656e-16 -4.0707e-16\nL 15\n0\n1\n0\n0\n0\n0\n0\n2\n2\n0\n0\n2\n2\n2\n2"
}