{
    "boxes": [
        [
            0.003937500063329935,
            -0.04858100041747093,
            0.07640449702739716,
            0.08406399935483932,
            0.8826709985733032,
            0.9247030019760132,
            0.0,
            1.0,
            0.0,
            0.0,
            0.0,
            1.0
        ],
        [
            -0.373106986284256,
            -0.4271090030670166,
            -0.24589300155639648,
            0.7188320159912109,
            0.06377290189266205,
            0.06278970092535019,
            0.1720999926328659,
            0.9697650074958801,
            0.17302200198173523,
            0.08874250203371048,
            -0.19019100069999695,
            0.977728009223938
        ],
        [
            -0.3731060028076172,
            -0.4271090030670166,
            0.4323279857635498,
            0.7191290259361267,
            0.06729239970445633,
            0.06275010108947754,
            0.1713709980249405,
            0.97120600938797,
            -0.16550500690937042,
            -0.09665259718894958,
            0.18375299870967865,
            0.9782090187072754
        ],
        [
            0.003936000168323517,
            0.45066899061203003,
            -0.20147599279880524,
            0.2521910071372986,
            0.39652198553085327,
            0.9247000217437744,
            0.0,
            1.0,
            0.0,
            0.0,
            0.0,
            1.0
        ],
        [
            0.003937489818781614,
            0.15902400016784668,
            -0.3184430003166199,
            0.33698099851608276,
            0.04805130138993263,
            0.042243000119924545,
            0.004207090009003878,
            0.9877939820289612,
            -0.15570999681949615,
            0.15570999681949615,
            0.15316499769687653,
            0.9758560061454773
        ],
        [
            -0.41032901406288147,
            0.16327400505542755,
            -0.1855420023202896,
            0.34684398770332336,
            0.04565830156207085,
            0.042338501662015915,
            -0.08799859881401062,
            0.9893450140953064,
            -0.11598700284957886,
            -0.17027199268341064,
            0.09978500008583069,
            0.9803320169448853
        ],
        [
            -0.21042600274085999,
            0.1581059992313385,
            -0.27880001068115234,
            0.33698099851608276,
            0.04805640131235123,
            0.04224289953708649,
            0.004209150094538927,
            0.9877960085868835,
            -0.15569600462913513,
            0.15569600462913513,
            0.1531510055065155,
            0.9758610129356384
        ]
    ],
    "ops": [
        [
            0,
            0,
            0,
            1,
            2,
            1,
            0,
            0,
            1,
            0,
            0,
            1,
            2,
            1,
            1
        ]
    ],
    "syms": [
        [
            0.0,
            1.0,
            -6.813309738618045e-08,
            1.7273800168027265e-08,
            0.00393760995939374,
            -0.4271090030670166,
            -0.2458920031785965,
            0.0
        ],
        [
            0.0,
            0.9999809861183167,
            0.0052726599387824535,
            -0.0031266999430954456,
            0.002741769887506962,
            0.1654520034790039,
            -0.186832994222641,
            0.0
        ]
    ],
    "labels:": [
        [
            1,
            2,
            2,
            0,
            0,
            0,
            0
        ]
    ],
    "obj": 43171,
    "mat_index": 5206,
    "obbs": "N 11\n0.003936 0.450669 -0.201476 1 0 0 0 1 0 0 0 1 0.9247 0.252191 0.396522\n0.0039375 -0.048581 0.0764045 1 0 0 0 1 0 0 0 1 0.924703 0.084064 0.882671\n-0.410329 0.163274 -0.185542 -0.0879986 0.989345 -0.115987 0.98146 0.106017 0.159676 0.170272 -0.099785 -0.980332 0.346844 0.0423385 0.0456583\n-0.210426 0.158106 -0.2788 -0.155696 -0.153151 -0.975861 0.987796 -0.0283487 -0.153151 -0.00420915 -0.987796 0.155696 0.0480564 0.0422429 0.336981\n0.00393749 0.159024 -0.318443 -0.15571 -0.153165 -0.975856 0.987794 -0.0283512 -0.153165 -0.00420709 -0.987794 0.15571 0.0480513 0.042243 0.336981\n0.218301 0.158106 -0.2788 -0.155693 -0.153148 -0.975861 0.987797 -0.0283482 -0.153148 -0.00420956 -0.987797 0.155693 0.0480574 0.0422429 0.336981\n0.415812 0.16763 -0.188125 -0.158432 -0.0966903 -0.982624 0.98348 -0.103709 -0.148365 -0.0875613 -0.989897 0.111524 0.0473293 0.0422154 0.347034\n-0.373107 -0.427109 -0.245893 -0.1721 -0.969765 -0.173022 0.981074 -0.152912 -0.118791 0.0887425 -0.190191 0.977728 0.718832 0.0627897 0.0637729\n0.380982 -0.427109 -0.245892 0.276361 0.202338 -0.939513 0.946163 0.114138 0.302898 0.168522 -0.972642 -0.159902 0.0720546 0.0630348 0.719482\n0.380982 -0.42711 0.432328 -0.310439 -0.243706 -0.918823 0.933419 0.104753 -0.343155 0.179879 -0.964175 0.194961 0.0810599 0.0629202 0.720107\n-0.373106 -0.427109 0.432328 0.171371 0.971206 -0.165505 0.980454 -0.15164 0.125359 0.0966526 -0.183753 -0.978209 0.719129 0.0627501 0.0672924\nC 22\n0 3\n0 4\n0 5\n0 6\n0 2\n1 3\n1 6\n1 2\n1 5\n1 10\n1 4\n1 9\n1 8\n1 7\n2 3\n2 7\n3 7\n3 4\n4 5\n5 6\n5 8\n6 8\nS 4\n2\n2 -0.410329 0.163274 -0.185542\n6 0.415812 0.16763 -0.188125\n2\n0.00274177 0.165452 -0.186833\n0.999981 0.00527266 -0.0031267\n2\n3 -0.210426 0.158106 -0.2788\n5 0.218301 0.158106 -0.2788\n2\n0.0039375 0.158106 -0.2788\n1 0 0\n2\n7 -0.373107 -0.427109 -0.245893\n8 0.380982 -0.427109 -0.245892\n2\n0.00393761 -0.427109 -0.245892\n1 -6.81331e-08 1.72738e-08\n2\n9 0.380982 -0.42711 0.432328\n10 -0.373106 -0.427109 0.432328\n2\n0.00393763 -0.427109 0.432328\n-1 6.61581e-07 -3.03526e-07\nL 11\n0\n1\n0\n0\n0\n0\n0\n2\n2\n2\n2"
}