{
    "boxes": [
        [
            -0.001379229943268001,
            -0.21668800711631775,
            0.25218600034713745,
            0.05850980058312416,
            0.7565500140190125,
            1.1685999631881714,
            0.0038436800241470337,
            0.9923319816589355,
            -0.12354099750518799,
            -0.05209759995341301,
            0.12357299774885178,
            0.9909669756889343
        ],
        [
            -0.47002699971199036,
            -0.12046000361442566,
            0.3380739986896515,
            0.13162200152873993,
            0.03488919883966446,
            0.14731499552726746,
            -0.021964499726891518,
            0.9957029819488525,
            -0.08996430039405823,
            -0.024032099172472954,
            0.08943410217761993,
            0.9957029819488525
        ],
        [
            -0.4865500032901764,
            -0.06606969982385635,
            0.2452169954776764,
            0.01658800058066845,
            0.6290519833564758,
            0.22150999307632446,
            0.002310599898919463,
            0.9940080046653748,
            -0.10928499698638916,
            -0.05220939964056015,
            0.10925599932670593,
            0.9926419854164124
        ],
        [
            -0.46127399802207947,
            -0.1545410007238388,
            0.05200539901852608,
            0.1307779997587204,
            0.0340844988822937,
            0.14654600620269775,
            0.021573299542069435,
            0.9955229759216309,
            -0.09202399849891663,
            -0.03376609832048416,
            0.09271849691867828,
            0.9951199889183044
        ],
        [
            0.01763799972832203,
            -0.5307040214538574,
            0.07925800234079361,
            0.6087819933891296,
            0.6610479950904846,
            0.6620659828186035,
            0.0,
            1.0,
            0.0,
            0.0,
            0.0,
            1.0
        ],
        [
            0.01194129977375269,
            0.2492769956588745,
            -0.2659029960632324,
            1.126389980316162,
            0.09121470153331757,
            1.034440040588379,
            0.031303100287914276,
            0.9512190222740173,
            -0.3069249987602234,
            -0.028917599469423294,
            0.3078089952468872,
            0.9510089755058289
        ]
    ],
    "ops": [
        [
            0,
            0,
            0,
            0,
            1,
            1,
            2,
            1,
            0,
            1,
            0,
            1
        ]
    ],
    "syms": [
        [
            0.0,
            0.9995120167732239,
            8.697449811734259e-05,
            0.031242400407791138,
            -0.006965649779886007,
            -0.12042000144720078,
            0.3525480031967163,
            0.0
        ]
    ],
    "labels:": [
        [
            1,
            3,
            3,
            3,
            2,
            0
        ]
    ],
    "obj": 43220,
    "mat_index": 5234,
    "obbs": "N 9\n0.0119413 0.249277 -0.265903 -0.999092 0.020894 -0.0371423 -0.0289176 0.307809 0.951009 0.0313031 0.951219 -0.306925 1.03444 0.0912147 1.12639\n0.47136 -0.0658989 0.27501 -0.998599 -0.0111319 -0.0517306 -0.00546454 0.994089 -0.108432 0.0526319 -0.107997 -0.992757 0.221764 0.0178576 0.629132\n-0.48655 -0.0660697 0.245217 -0.998633 -0.00341211 -0.0521489 0.0023106 0.994008 -0.109285 0.0522094 -0.109256 -0.992642 0.22151 0.016588 0.629052\n-0.00137923 -0.216688 0.252186 -0.998635 -0.00262724 -0.052173 0.00384368 0.992332 -0.123541 0.0520976 -0.123573 -0.990967 1.1686 0.0585098 0.75655\n0.017638 -0.530704 0.079258 1 0 0 0 1 0 0 0 1 0.662066 0.608782 0.661048\n0.464638 -0.154559 0.0807822 -0.999154 0.0157472 -0.0379825 -0.0363831 0.0917438 0.995118 0.0191549 0.995658 -0.0910932 0.146254 0.034522 0.130436\n0.456096 -0.12038 0.367022 0.999929 0.00880896 0.00801676 -0.00880896 0.093918 0.995541 0.00801676 -0.995541 0.0939889 0.145703 0.0367898 0.129677\n-0.470027 -0.12046 0.338074 -0.0219645 0.995703 -0.0899643 -0.0240321 0.0894341 0.995703 0.99947 0.0240321 0.0219645 0.131622 0.0348892 0.147315\n-0.461274 -0.154541 0.0520054 -0.999197 0.0183608 -0.0356151 -0.0337661 0.0927185 0.99512 0.0215733 0.995523 -0.092024 0.146546 0.0340845 0.130778\nC 23\n0 2\n0 3\n0 4\n0 5\n0 8\n0 1\n1 3\n1 6\n1 5\n1 4\n2 8\n2 3\n2 7\n2 4\n3 7\n3 6\n3 5\n3 8\n3 4\n4 7\n4 8\n4 5\n4 6\nS 3\n2\n1 0.47136 -0.0658989 0.27501\n2 -0.48655 -0.0660697 0.245217\n2\n-0.00759504 -0.0659843 0.260114\n-0.999517 -0.000178131 -0.0310872\n2\n5 0.464638 -0.154559 0.0807822\n8 -0.461274 -0.154541 0.0520054\n2\n0.00168198 -0.15455 0.0663938\n-0.999517 1.91955e-05 -0.0310644\n2\n6 0.456096 -0.12038 0.367022\n7 -0.470027 -0.12046 0.338074\n2\n-0.00696565 -0.12042 0.352548\n-0.999512 -8.69745e-05 -0.0312424\nL 9\n0\n3\n3\n1\n2\n3\n3\n3\n3"
}