{
    "boxes": [
        [
            -0.0052642300724983215,
            0.009197009727358818,
            0.09050240367650986,
            0.17155000567436218,
            0.7246950268745422,
            0.7989209890365601,
            0.016735900193452835,
            0.9995880126953125,
            0.02332489937543869,
            -0.00019522100046742707,
            -0.02332489937543869,
            0.9997280240058899
        ],
        [
            -0.34988901019096375,
            -0.39772000908851624,
            0.39065301418304443,
            0.6872410178184509,
            0.08860199898481369,
            0.06856299936771393,
            0.0,
            1.0,
            0.0,
            0.0,
            0.0,
            1.0
        ],
        [
            0.3353939950466156,
            -0.3990989923477173,
            -0.2772339880466461,
            0.6843100190162659,
            0.09604199975728989,
            0.08056899905204773,
            0.0,
            1.0,
            0.0,
            0.0,
            0.0,
            1.0
        ],
        [
            -0.36403998732566833,
            -0.37540099024772644,
            0.05417200177907944,
            0.052845001220703125,
            0.6089540123939514,
            0.030542999505996704,
            0.0,
            1.0,
            0.0,
            0.0,
            0.0,
            1.0
        ],
        [
            0.007774500176310539,
            -0.4570139944553375,
            -0.2927680015563965,
            0.08559499680995941,
            0.030626999214291573,
            0.6229410171508789,
            0.0,
            1.0,
            0.0,
            0.0,
            0.0,
            1.0
        ],
        [
            -0.017678000032901764,
            0.7685779929161072,
            -0.37941399216651917,
            0.10817600041627884,
            0.05377500131726265,
            0.6500539779663086,
            0.0,
            1.0,
            0.0,
            0.0,
            0.0,
            1.0
        ],
        [
            -0.08888579905033112,
            0.4752810001373291,
            -0.34185999631881714,
            0.5484179854393005,
            0.03249720111489296,
            0.0770857036113739,
            0.014194699935615063,
            0.9929590225219727,
            -0.11760900169610977,
            -0.042948801070451736,
            0.11811800301074982,
            0.9920700192451477
        ],
        [
            -0.00775077985599637,
            0.1780329942703247,
            -0.3051210045814514,
            0.09929370135068893,
            0.05048510059714317,
            0.6661880016326904,
            -0.0026339800097048283,
            0.9940670132637024,
            -0.10873299837112427,
            -0.0029377799946814775,
            0.10872600227594376,
            0.9940670132637024
        ],
        [
            0.3343510031700134,
            0.39392998814582825,
            -0.34312498569488525,
            0.9415169954299927,
            0.09354609996080399,
            0.10079299658536911,
            -0.016860999166965485,
            0.9909170269966125,
            -0.13341699540615082,
            -0.07902780175209045,
            0.13169799745082855,
            0.9881349802017212
        ]
    ],
    "ops": [
        [
            0,
            0,
            2,
            0,
            2,
            0,
            2,
            0,
            2,
            1,
            1,
            1,
            1,
            0,
            0,
            2,
            1,
            0,
            0,
            2,
            1,
            1,
            1
        ]
    ],
    "syms": [
        [
            0.0,
            0.9999589920043945,
            0.008127659559249878,
            0.0040911901742219925,
            -0.007215999998152256,
            -0.3949339985847473,
            0.3920550048351288,
            0.0
        ],
        [
            0.0,
            0.999904990196228,
            -0.010393699631094933,
            -0.009035970084369183,
            0.00012749999586958438,
            -0.39561399817466736,
            -0.27420398592948914,
            0.0
        ],
        [
            0.0,
            0.9999399781227112,
            0.006517570000141859,
            0.008858240209519863,
            -0.006841400172561407,
            -0.373073011636734,
            0.05733630061149597,
            0.0
        ],
        [
            0.0,
            -0.02068530023097992,
            -1.2898700333607849e-05,
            0.9997860193252563,
            0.0005579999997280538,
            -0.45701900124549866,
            0.05602850019931793,
            0.0
        ],
        [
            1.0,
            0.11028040200471878,
            0.23215550184249878,
            -0.16885100305080414,
            0.06583750247955322,
            0.46979600191116333,
            -0.3397809863090515,
            0.3333333432674408
        ],
        [
            0.0,
            0.9997469782829285,
            -0.010240900330245495,
            -0.020013300701975822,
            -0.012298200279474258,
            0.3974800109863281,
            -0.3361850082874298,
            0.0
        ]
    ],
    "labels:": [
        [
            1,
            2,
            2,
            2,
            2,
            0,
            0,
            0,
            0
        ]
    ],
    "obj": 43270,
    "mat_index": 5254,
    "obbs": "N 16\n-0.017678 0.768578 -0.379414 1 0 0 0 1 0 0 0 1 0.650054 0.108176 0.053775\n-0.00526423 0.00919701 0.0905024 0.000195221 0.0233249 -0.999728 0.0167359 0.999588 0.0233249 0.99986 -0.0167359 -0.000195221 0.724695 0.17155 0.798921\n-0.0888858 0.475281 -0.34186 -0.998976 0.00903098 -0.0443231 -0.0429488 0.118118 0.99207 0.0141947 0.992959 -0.117609 0.0770857 0.0324972 0.548418\n-0.0135359 0.469047 -0.339274 -0.0180847 0.993364 -0.113586 -0.0202667 0.113217 0.993364 0.999631 0.0202667 0.0180847 0.536387 0.029544 0.0689109\n0.0658375 0.469796 -0.339781 0.999804 -0.0148056 -0.0131738 0.0148056 0.116135 0.993123 -0.0131738 -0.993123 0.116331 0.0815164 0.0293603 0.537802\n-0.00775078 0.178033 -0.305121 0.999992 0.00293778 0.00263398 -0.00293778 0.108726 0.994067 0.00263398 -0.994067 0.108733 0.666188 0.0504851 0.0992937\n-0.0066585 -0.457024 0.404826 1 0 0 0 1 0 0 0 1 0.642627 0.085421 0.028485\n0.0077745 -0.457014 -0.292768 1 0 0 0 1 0 0 0 1 0.622941 0.085595 0.030627\n0.350358 -0.370745 0.0605007 0.000874923 0.000864003 -0.999999 0.999921 -0.0125584 0.000864003 -0.0125576 -0.999921 -0.000874923 0.620091 0.0327127 0.0620473\n-0.36404 -0.375401 0.054172 1 0 0 0 1 0 0 0 1 0.030543 0.052845 0.608954\n-0.335139 -0.392129 -0.271174 1 0 0 0 1 0 0 0 1 0.098063 0.698194 0.106857\n-0.349889 -0.39772 0.390653 1 0 0 0 1 0 0 0 1 0.068563 0.687241 0.088602\n0.335458 -0.392149 0.393457 1 0 0 0 1 0 0 0 1 0.080449 0.698216 0.08309\n0.335394 -0.399099 -0.277234 1 0 0 0 1 0 0 0 1 0.080569 0.68431 0.096042\n0.334351 0.39393 -0.343125 -0.016861 0.990917 -0.133417 -0.0790278 0.131698 0.988135 0.99673 0.0272046 0.0760895 0.941517 0.0935461 0.100793\n-0.358948 0.401031 -0.329246 -0.00779628 0.994573 -0.10375 0.999968 0.00792088 0.000789021 0.00160653 -0.10374 -0.994603 0.935416 0.0714982 0.0884466\nC 41\n0 14\n0 2\n0 3\n0 15\n0 4\n1 3\n1 15\n1 11\n1 2\n1 14\n1 5\n1 10\n1 13\n1 4\n1 12\n2 5\n2 3\n2 15\n2 4\n3 5\n3 4\n4 5\n4 14\n5 13\n5 15\n5 10\n5 14\n6 9\n6 11\n6 12\n6 8\n7 10\n7 8\n7 9\n7 13\n8 13\n8 12\n9 11\n9 10\n10 15\n13 14\nS 6\n3\n2 -0.0888858 0.475281 -0.34186\n3 -0.0135359 0.469047 -0.339274\n4 0.0658375 0.469796 -0.339781\n1\n0 0 0\n0 0 0\n2\n8 0.350358 -0.370745 0.0605007\n9 -0.36404 -0.375401 0.054172\n2\n-0.0068414 -0.373073 0.0573363\n-0.99994 -0.00651757 -0.00885824\n2\n6 -0.0066585 -0.457024 0.404826\n7 0.0077745 -0.457014 -0.292768\n2\n0.000558 -0.457019 0.0560285\n0.0206853 1.28987e-05 -0.999786\n2\n10 -0.335139 -0.392129 -0.271174\n13 0.335394 -0.399099 -0.277234\n2\n0.0001275 -0.395614 -0.274204\n0.999905 -0.0103937 -0.00903597\n2\n11 -0.349889 -0.39772 0.390653\n12 0.335458 -0.392149 0.393457\n2\n-0.007216 -0.394934 0.392055\n0.999959 0.00812766 0.00409119\n2\n14 0.334351 0.39393 -0.343125\n15 -0.358948 0.401031 -0.329246\n2\n-0.0122982 0.39748 -0.336185\n-0.999747 0.0102409 0.0200133\nL 16\n0\n1\n0\n0\n0\n0\n2\n2\n2\n2\n2\n2\n2\n2\n0\n0"
}