{
    "boxes": [
        [
            -0.0006339999963529408,
            -0.13182899355888367,
            0.06474550068378448,
            0.5913940072059631,
            0.9319990277290344,
            0.9279620051383972,
            0.0,
            1.0,
            0.0,
            0.0,
            0.0,
            1.0
        ],
        [
            -0.48298099637031555,
            -0.10614299774169922,
            0.5078110098838806,
            0.869513988494873,
            0.11821199953556061,
            0.12811000645160675,
            0.011973399668931961,
            0.9983639717102051,
            -0.05590499937534332,
            0.177606999874115,
            0.05289660021662712,
            0.982679009437561
        ],
        [
            -0.4869999885559082,
            -0.01522540021687746,
            0.1314840018749237,
            1.2797900438308716,
            0.7571430206298828,
            0.13749699294567108,
            -0.0007857820019125938,
            0.9989680051803589,
            -0.04542030021548271,
            0.04542030021548271,
            0.04540909826755524,
            0.9979349970817566
        ],
        [
            -0.5256680250167847,
            0.47086501121520996,
            0.2132830023765564,
            0.13719899952411652,
            0.755545973777771,
            0.0563368983566761,
            -0.040024399757385254,
            0.9304929971694946,
            0.36411601305007935,
            0.06780309975147247,
            -0.36103901267051697,
            0.9300820231437683
        ],
        [
            -0.5244960188865662,
            -0.6214079856872559,
            0.5305699706077576,
            0.2819119989871979,
            0.0969190001487732,
            0.04669199883937836,
            0.0,
            1.0,
            0.0,
            0.0,
            0.0,
            1.0
        ],
        [
            0.5691570043563843,
            -0.7368109822273254,
            -0.20190800726413727,
            0.10571999847888947,
            0.03382899984717369,
            0.03382899984717369,
            0.0,
            1.0,
            0.0,
            0.0,
            0.0,
            1.0
        ],
        [
            -0.5739529728889465,
            -0.7368469834327698,
            -0.20163500308990479,
            0.10591500252485275,
            0.0337848998606205,
            0.03378390148282051,
            -0.005846209824085236,
            0.9999690055847168,
            0.005183400120586157,
            0.6633039712905884,
            -1.1841400464618346e-06,
            0.7483500242233276
        ],
        [
            0.015598200261592865,
            0.41431498527526855,
            -0.30671000480651855,
            0.6697750091552734,
            0.32844600081443787,
            1.045930027961731,
            0.0029220099095255136,
            0.960211992263794,
            -0.27925899624824524,
            -0.06581100076436996,
            0.27883899211883545,
            0.958079993724823
        ],
        [
            -0.0022319599520415068,
            0.6687819957733154,
            -0.3156470060348511,
            0.1309169977903366,
            0.5121920108795166,
            1.160539984703064,
            -0.005699600093066692,
            0.9285789728164673,
            0.3710919916629791,
            0.0010966999689117074,
            -0.3710919916629791,
            0.928596019744873
        ],
        [
            -0.00163308996707201,
            0.31120800971984863,
            -0.30687400698661804,
            0.9133579730987549,
            0.3406270146369934,
            1.0786900520324707,
            -0.02258789911866188,
            0.9925490021705627,
            -0.11973399668931961,
            0.03358139842748642,
            0.12045100331306458,
            0.9921510219573975
        ],
        [
            0.009405259974300861,
            -0.34043198823928833,
            -0.2826780080795288,
            0.9085270166397095,
            0.3665190041065216,
            1.1378400325775146,
            0.02456440031528473,
            0.9913259744644165,
            0.1291079968214035,
            -0.0244143009185791,
            -0.12851400673389435,
            0.9914069771766663
        ]
    ],
    "ops": [
        [
            0,
            0,
            0,
            0,
            1,
            1,
            2,
            1,
            0,
            2,
            0,
            0,
            1,
            1,
            1,
            0,
            0,
            1,
            0,
            0,
            1,
            1,
            1
        ]
    ],
    "syms": [
        [
            0.0,
            0.9999799728393555,
            0.003001319942995906,
            -0.00565289007499814,
            -0.0066031599417328835,
            -0.10471300035715103,
            0.5051180124282837,
            0.0
        ],
        [
            0.0,
            0.9998030066490173,
            -0.010971499606966972,
            0.0165180005133152,
            -0.002693749964237213,
            -0.6271340250968933,
            0.5391899943351746,
            0.0
        ]
    ],
    "labels:": [
        [
            1,
            3,
            3,
            3,
            2,
            2,
            2,
            0,
            0,
            0,
            0
        ]
    ],
    "obj": 43319,
    "mat_index": 5271,
    "obbs": "N 15\n0.0155982 0.414315 -0.30671 -0.997828 -0.0155788 -0.0640072 -0.065811 0.278839 0.95808 0.00292201 0.960212 -0.279259 1.04593 0.328446 0.669775\n-0.00223196 0.668782 -0.315647 0.999983 0.0056996 0.0010967 -0.0056996 0.928579 0.371092 0.0010967 -0.371092 0.928596 1.16054 0.130917 0.512192\n0.48223 -0.0550702 0.167144 0.0777326 0.025485 -0.996648 0.996971 0.000438836 0.077769 0.00241931 -0.999675 -0.0253737 0.798321 0.156074 1.24931\n-0.487 -0.0152254 0.131484 0.000785782 -0.998968 0.0454203 0.998968 -0.00127884 -0.0454091 0.0454203 0.0454091 0.997935 1.27979 0.137497 0.757143\n-0.000634 -0.131829 0.0647455 1 0 0 0 1 0 0 0 1 0.927962 0.591394 0.931999\n0.522955 0.465667 0.206662 -0.0497858 -0.930493 -0.362911 0.995801 -0.0741941 0.0536228 -0.0768215 -0.358718 0.93028 0.148931 0.056068 0.747106\n-0.525668 0.470865 0.213283 0.0400244 -0.930493 -0.364116 0.996896 0.0619142 -0.0486399 0.0678031 -0.361039 0.930082 0.137199 0.0563369 0.755546\n0.469775 -0.103284 0.502425 0.037979 -0.99908 0.0199411 0.991029 0.0350991 -0.128957 0.128138 0.0246599 0.99145 0.874877 0.117637 0.14416\n-0.482981 -0.106143 0.507811 0.984029 -0.0216951 -0.176683 0.177607 0.0528966 0.982679 -0.0119734 -0.998364 0.055905 0.12811 0.118212 0.869514\n-0.00163309 0.311208 -0.306874 0.999181 0.0183898 -0.0360519 0.0335814 0.120451 0.992151 0.0225879 -0.992549 0.119734 1.07869 0.340627 0.913358\n0.519108 -0.63286 0.547811 0.00703679 -0.999613 0.0269121 0.971987 0.000514573 -0.235036 0.234931 0.027812 0.971614 0.259712 0.0487544 0.0673303\n-0.524496 -0.621408 0.53057 1 0 0 0 1 0 0 0 1 0.046692 0.281912 0.096919\n0.569157 -0.736811 -0.201908 1 0 0 0 1 0 0 0 1 0.033829 0.10572 0.033829\n-0.573953 -0.736847 -0.201635 -0.00584621 0.999969 0.0051834 0.663304 -1.18414e-06 0.74835 0.748327 0.00781318 -0.663284 0.105915 0.0337849 0.0337839\n0.00940526 -0.340432 -0.282678 -0.9994 0.0275054 -0.0210457 -0.0244143 -0.128514 0.991407 0.0245644 0.991326 0.129108 1.13784 0.366519 0.908527\nC 44\n0 14\n0 2\n0 3\n0 4\n0 5\n0 1\n0 6\n0 9\n1 3\n1 6\n1 2\n1 5\n1 9\n2 12\n2 5\n2 9\n2 10\n2 14\n2 7\n2 4\n3 11\n3 14\n3 6\n3 13\n3 9\n3 8\n3 4\n4 7\n4 8\n4 9\n4 10\n4 5\n4 14\n4 11\n4 6\n5 9\n5 7\n6 9\n6 8\n7 10\n8 11\n9 14\n12 14\n13 14\nS 4\n2\n2 0.48223 -0.0550702 0.167144\n3 -0.487 -0.0152254 0.131484\n2\n-0.00238494 -0.0351478 0.149314\n-0.998482 0.0410473 -0.0367361\n2\n5 0.522955 0.465667 0.206662\n6 -0.525668 0.470865 0.213283\n2\n-0.00135652 0.468266 0.209972\n-0.999968 0.00495665 0.00631316\n2\n7 0.469775 -0.103284 0.502425\n8 -0.482981 -0.106143 0.507811\n2\n-0.00660316 -0.104713 0.505118\n-0.99998 -0.00300132 0.00565289\n2\n10 0.519108 -0.63286 0.547811\n11 -0.524496 -0.621408 0.53057\n2\n-0.00269375 -0.627134 0.53919\n-0.999803 0.0109715 -0.016518\nL 15\n0\n0\n3\n3\n1\n3\n3\n3\n3\n0\n2\n2\n2\n2\n0"
}