{
    "boxes": [
        [
            -0.005886000115424395,
            -0.04073899984359741,
            0.11722099781036377,
            0.28031399846076965,
            0.8608239889144897,
            0.7802159786224365,
            0.0,
            1.0,
            0.0,
            0.0,
            0.0,
            1.0
        ],
        [
            -0.4301050007343292,
            0.2493869960308075,
            0.07994359731674194,
            0.09934180229902267,
            0.4060249924659729,
            0.1271129995584488,
            0.2939769923686981,
            0.947763979434967,
            -0.12377499788999557,
            0.018681399524211884,
            0.12377499788999557,
            0.9921339750289917
        ],
        [
            0.41116300225257874,
            0.25411099195480347,
            0.08187799900770187,
            0.10620299726724625,
            0.4015679955482483,
            0.1231359988451004,
            0.0,
            1.0,
            0.0,
            0.0,
            0.0,
            1.0
        ],
        [
            -0.322966992855072,
            -0.13921800255775452,
            0.09578479826450348,
            0.11868300288915634,
            0.0470305010676384,
            0.3167720139026642,
            0.3212609887123108,
            0.9347149729728699,
            0.15198199450969696,
            0.010948799550533295,
            -0.16414499282836914,
            0.9863749742507935
        ],
        [
            0.4142940044403076,
            0.1025950014591217,
            0.12211599946022034,
            0.3202419877052307,
            0.09777809679508209,
            0.10089199990034103,
            0.0007338700233958662,
            0.9745500087738037,
            0.2241699993610382,
            -0.04109150171279907,
            -0.22395099699497223,
            0.9737340211868286
        ],
        [
            -0.005953500047326088,
            -0.7580850124359131,
            -0.45975199341773987,
            0.11436700075864792,
            0.09233599901199341,
            0.08740299940109253,
            0.0,
            1.0,
            0.0,
            0.0,
            0.0,
            1.0
        ],
        [
            -0.005249499808996916,
            -0.6589329838752747,
            -0.2648960053920746,
            0.09319800138473511,
            0.49702900648117065,
            0.1045209988951683,
            0.0,
            1.0,
            0.0,
            0.0,
            0.0,
            1.0
        ],
        [
            -0.0059529999271035194,
            -0.5012480020523071,
            0.0270990002900362,
            0.5561230182647705,
            0.11623799800872803,
            0.11623799800872803,
            0.0,
            1.0,
            0.0,
            0.0,
            0.0,
            1.0
        ],
        [
            -0.007348599843680859,
            -0.2299560010433197,
            0.19236400723457336,
            0.0687984973192215,
            0.09455359727144241,
            0.09466840326786041,
            -0.09940960258245468,
            0.9681490063667297,
            -0.22979600727558136,
            -0.5516390204429626,
            0.13858099281787872,
            0.8224899768829346
        ],
        [
            -0.23426400125026703,
            -0.2223290055990219,
            -0.02885190024971962,
            0.09832560271024704,
            0.0856660008430481,
            0.34163200855255127,
            0.19706299901008606,
            0.8819810152053833,
            -0.42810600996017456,
            -0.2685779929161072,
            0.46852999925613403,
            0.8416320085525513
        ],
        [
            -0.005716499872505665,
            0.3394480049610138,
            -0.2214599996805191,
            0.8021950125694275,
            0.2807599902153015,
            0.7830790281295776,
            0.0,
            1.0,
            0.0,
            0.0,
            0.0,
            1.0
        ]
    ],
    "ops": [
        [
            0,
            0,
            0,
            0,
            0,
            1,
            2,
            1,
            1,
            1,
            0,
            0,
            1,
            2,
            0,
            0,
            0,
            1,
            1,
            1,
            1,
            0,
            1
        ]
    ],
    "syms": [
        [
            0.0,
            0.9999989867210388,
            0.0009163939976133406,
            -0.0006568899843841791,
            -0.005769450217485428,
            -0.13892699778079987,
            0.09557650238275528,
            0.0
        ],
        [
            -1.0,
            -0.005061599891632795,
            0.999987006187439,
            0.0011227299692109227,
            -0.00601550005376339,
            -0.7563779950141907,
            0.054249901324510574,
            0.20000000298023224
        ]
    ],
    "labels:": [
        [
            1,
            3,
            3,
            3,
            3,
            2,
            2,
            2,
            2,
            2,
            0
        ]
    ],
    "obj": 43386,
    "mat_index": 5299,
    "obbs": "N 21\n-0.0057165 0.339448 -0.22146 1 0 0 0 1 0 0 0 1 0.783079 0.802195 0.28076\n0.296077 -0.75727 0.468881 1 0 0 0 1 0 0 0 1 0.087403 0.114659 0.09373\n0.482279 -0.751111 -0.105007 1 0 0 0 1 0 0 0 1 0.086667 0.128154 0.092897\n-0.0059535 -0.758085 -0.459752 1 0 0 0 1 0 0 0 1 0.087403 0.114367 0.092336\n-0.494465 -0.757597 -0.102967 1 0 0 0 1 0 0 0 1 0.087565 0.114147 0.091747\n-0.308015 -0.757828 0.470094 1 0 0 0 1 0 0 0 1 0.086845 0.114712 0.091343\n0.311428 -0.138637 0.0953681 0.935503 0.348447 0.0584789 0.00453792 -0.177349 0.984138 0.353291 -0.920398 -0.167491 0.318246 0.0456922 0.118764\n-0.322967 -0.139218 0.0957848 0.321261 0.934715 0.151982 0.0109488 -0.164145 0.986375 0.946927 -0.31522 -0.0629673 0.118683 0.0470305 0.316772\n-0.005886 -0.040739 0.117221 1 0 0 0 1 0 0 0 1 0.780216 0.280314 0.860824\n-0.0073486 -0.229956 0.192364 0.551639 -0.138581 -0.82249 -0.0994096 0.968149 -0.229796 0.828138 0.208528 0.520292 0.0945536 0.0687985 0.0946684\n0.414294 0.102595 0.122116 -0.999155 0.00992608 -0.0398814 -0.0410915 -0.223951 0.973734 0.00073387 0.97455 0.22417 0.100892 0.0977781 0.320242\n-0.427995 0.0976222 0.131748 0.995266 0.00645334 -0.0969714 0.0967396 -0.161295 0.982154 -0.00930279 -0.986885 -0.161155 0.101459 0.111827 0.313615\n0.411163 0.254111 0.081878 1 0 0 0 1 0 0 0 1 0.123136 0.106203 0.401568\n-0.430105 0.249387 0.0799436 0.95563 -0.293977 0.0186814 0.293977 0.947764 -0.123775 0.0186814 0.123775 0.992134 0.127113 0.0993418 0.406025\n0.161652 -0.682213 0.260983 -0.577188 0.145226 -0.803594 0.144962 0.986652 0.0741877 0.803641 -0.0736707 -0.590536 0.505789 0.11371 0.100999\n0.269365 -0.681975 -0.0605263 0.941667 -0.144955 -0.30373 0.128842 0.989008 -0.0725479 0.310907 0.0291827 0.949992 0.504236 0.113362 0.103943\n-0.0052495 -0.658933 -0.264896 1 0 0 0 1 0 0 0 1 0.104521 0.093198 0.497029\n-0.276864 -0.68093 -0.0638187 0.281908 0.252266 -0.925684 -0.210368 0.95759 0.196895 0.936095 0.139228 0.323021 0.104514 0.11567 0.51002\n-0.1768 -0.681937 0.26059 -0.807778 -0.0234783 -0.589019 -0.104984 0.988962 0.104555 0.580063 0.146295 -0.801327 0.0976592 0.114166 0.502541\n-0.234264 -0.222329 -0.0288519 -0.942885 0.0508748 -0.329211 -0.268578 0.46853 0.841632 0.197063 0.881981 -0.428106 0.341632 0.085666 0.0983256\n-0.005953 -0.501248 0.027099 1 0 0 0 1 0 0 0 1 0.116238 0.556123 0.116238\nC 53\n0 20\n0 7\n0 10\n0 11\n0 12\n0 8\n0 19\n0 13\n0 6\n1 14\n2 15\n3 16\n4 17\n5 18\n6 9\n6 10\n6 12\n6 19\n6 8\n6 20\n7 11\n7 20\n7 19\n7 9\n7 13\n7 8\n8 13\n8 9\n8 19\n8 10\n8 11\n8 12\n9 20\n9 19\n10 12\n11 19\n11 13\n14 17\n14 18\n14 15\n14 20\n14 16\n15 20\n15 16\n15 18\n15 17\n16 17\n16 18\n16 20\n17 20\n17 18\n18 20\n19 20\nS 4\n5\n3 -0.0059535 -0.758085 -0.459752\n2 0.482279 -0.751111 -0.105007\n1 0.296077 -0.75727 0.468881\n5 -0.308015 -0.757828 0.470094\n4 -0.494465 -0.757597 -0.102967\n3\n-0.0060155 -0.756378 0.0542499\n-0.0050616 0.999987 0.00112273\n2\n6 0.311428 -0.138637 0.0953681\n7 -0.322967 -0.139218 0.0957848\n2\n-0.00576945 -0.138927 0.0955765\n-0.999999 -0.000916394 0.00065689\n2\n10 0.414294 0.102595 0.122116\n11 -0.427995 0.0976222 0.131748\n2\n-0.00685091 0.100109 0.126932\n-0.999917 -0.00590341 0.011435\n5\n17 -0.276864 -0.68093 -0.0638187\n18 -0.1768 -0.681937 0.26059\n14 0.161652 -0.682213 0.260983\n15 0.269365 -0.681975 -0.0605263\n16 -0.0052495 -0.658933 -0.264896\n3\n-0.00557937 -0.677197 0.0264664\n0.00135364 0.999475 0.0323706\nL 21\n0\n2\n2\n2\n2\n2\n3\n3\n1\n2\n3\n3\n3\n3\n2\n2\n2\n2\n2\n2\n2"
}