{
    "boxes": [
        [
            0.01580820046365261,
            -0.09010230004787445,
            -0.25883498787879944,
            0.14601700007915497,
            0.7391870021820068,
            0.8468689918518066,
            0.0024416300002485514,
            0.9874699711799622,
            -0.15779000520706177,
            0.00019384600454941392,
            0.15779000520706177,
            0.9874730110168457
        ],
        [
            -0.001186499954201281,
            -0.04651699960231781,
            0.5811319947242737,
            0.11308000236749649,
            0.5533620119094849,
            0.8395490050315857,
            0.0,
            1.0,
            0.0,
            0.0,
            0.0,
            1.0
        ],
        [
            -0.40116098523139954,
            -0.38339298963546753,
            -0.5845280289649963,
            0.07292100042104721,
            0.15673500299453735,
            0.013244000263512135,
            0.0,
            1.0,
            0.0,
            0.0,
            0.0,
            1.0
        ],
        [
            -0.40104201436042786,
            -0.2600739896297455,
            -0.5086309909820557,
            0.20425300300121307,
            0.027309099212288857,
            0.013245999813079834,
            -0.0009273099713027477,
            0.9939969778060913,
            0.10940200090408325,
            -0.004832160193473101,
            -0.10940500348806381,
            0.9939860105514526
        ],
        [
            -0.40103399753570557,
            -0.2459380030632019,
            -0.6580520272254944,
            0.21675999462604523,
            0.014801999554038048,
            0.012047999538481236,
            0.0,
            1.0,
            0.0,
            0.0,
            0.0,
            1.0
        ],
        [
            -0.4011180102825165,
            -0.3764069974422455,
            -0.03947250172495842,
            0.08505629748106003,
            0.1588679999113083,
            0.013245499692857265,
            0.0019221899565309286,
            0.9945070147514343,
            -0.10464999824762344,
            0.00032455899054184556,
            0.10464899986982346,
            0.9945089817047119
        ],
        [
            -0.39803698658943176,
            -0.2158229947090149,
            0.028643900528550148,
            0.23454399406909943,
            0.014560299925506115,
            0.02603200078010559,
            0.07655180245637894,
            0.9970560073852539,
            0.004278909880667925,
            -0.08026950061321259,
            0.001885229954496026,
            0.996770977973938
        ],
        [
            -0.4011029899120331,
            -0.23232099413871765,
            -0.12372100353240967,
            0.24514099955558777,
            0.04093420132994652,
            0.012708200141787529,
            -0.0034593699965626,
            0.9887920022010803,
            -0.1492609977722168,
            -0.007893179543316364,
            0.1492300033569336,
            0.9887710213661194
        ],
        [
            -0.41726401448249817,
            -0.3704020082950592,
            0.4364039897918701,
            0.0865475982427597,
            0.15854999423027039,
            0.01441279985010624,
            0.0010616800282150507,
            0.9973070025444031,
            -0.07333319634199142,
            0.021133799105882645,
            0.073294498026371,
            0.9970859885215759
        ],
        [
            -0.4159950017929077,
            -0.20332899689674377,
            0.5159720182418823,
            0.2736720144748688,
            0.04366780072450638,
            0.015727700665593147,
            0.010893899947404861,
            0.9938089847564697,
            0.11056199669837952,
            0.04495789855718613,
            -0.110944002866745,
            0.992808997631073
        ],
        [
            -0.4147930145263672,
            -0.2069540023803711,
            0.36020898818969727,
            0.26975300908088684,
            0.015052299946546555,
            0.03240229934453964,
            0.0906720981001854,
            0.9958699941635132,
            0.0045932200737297535,
            -0.01386720035225153,
            -0.0033492199145257473,
            0.9998980164527893
        ],
        [
            -0.3365829885005951,
            -0.37039899826049805,
            0.8022180199623108,
            0.08671499788761139,
            0.013155999593436718,
            0.1582760065793991,
            0.0,
            1.0,
            0.0,
            0.0,
            0.0,
            1.0
        ],
        [
            -0.2577109932899475,
            -0.21641500294208527,
            0.8019779920578003,
            0.2532390058040619,
            0.013429800048470497,
            0.02902269922196865,
            0.042494699358940125,
            0.9990929961204529,
            0.0028478000313043594,
            -0.06207739934325218,
            -0.00020453000615816563,
            0.998071014881134
        ],
        [
            -0.41008201241493225,
            -0.21498799324035645,
            0.7979360222816467,
            0.2551870048046112,
            0.029249699786305428,
            0.01496569998562336,
            0.003515389980748296,
            0.9980000257492065,
            -0.06310989707708359,
            0.06310989707708359,
            0.06276299804449081,
            0.9960309863090515
        ],
        [
            0.01560670044273138,
            0.1750909984111786,
            -0.6839529871940613,
            0.5981019735336304,
            0.06561239808797836,
            0.8284459710121155,
            0.001738609978929162,
            0.9669259786605835,
            -0.25505000352859497,
            0.0022566700354218483,
            0.255046010017395,
            0.9669259786605835
        ],
        [
            0.015910999849438667,
            0.16176000237464905,
            -0.7164000272750854,
            0.6403390169143677,
            0.07220479846000671,
            0.8473920226097107,
            0.003904979908838868,
            0.9618080258369446,
            -0.27369698882102966,
            0.00517117977142334,
            0.2736760079860687,
            0.9618080258369446
        ]
    ],
    "ops": [
        [
            0,
            0,
            1,
            0,
            0,
            0,
            1,
            1,
            0,
            0,
            0,
            1,
            1,
            1,
            0,
            0,
            0,
            1,
            1,
            0,
            0,
            0,
            1,
            1,
            1,
            1,
            2,
            1,
            0,
            0,
            1,
            1
        ]
    ],
    "syms": [
        [
            0.0,
            0.9999960064888,
            0.0018734500044956803,
            -0.0020535499788820744,
            0.015623199753463268,
            -0.3826119899749756,
            -0.5853829979896545,
            0.0
        ]
    ],
    "labels:": [
        [
            1,
            1,
            2,
            2,
            2,
            2,
            2,
            2,
            2,
            2,
            2,
            2,
            2,
            2,
            0,
            0
        ]
    ],
    "obj": 2856,
    "mat_index": 531,
    "obbs": "N 28\n0.0156067 0.175091 -0.683953 0.999996 -0.00225667 -0.00173861 0.00225667 0.255046 0.966926 -0.00173861 -0.966926 0.25505 0.828446 0.0656124 0.598102\n0.0158082 -0.0901023 -0.258835 0.999997 -0.00244163 0.000193846 0.00244163 0.98747 -0.15779 0.000193846 0.15779 0.987473 0.846869 0.146017 0.739187\n-0.0011865 -0.046517 0.581132 1 0 0 0 1 0 0 0 1 0.839549 0.11308 0.553362\n0.015911 0.16176 -0.7164 0.999979 -0.00517118 -0.00390498 0.00517118 0.273676 0.961808 -0.00390498 -0.961808 0.273697 0.847392 0.0722048 0.640339\n0.429141 -0.225035 0.0294873 0.996907 0.0710454 -0.0335906 0.033608 0.000950576 0.999435 0.0710372 -0.997473 -0.00144006 0.0272895 0.0124121 0.248559\n0.432247 -0.22991 -0.123121 0.0079145 0.990847 -0.134756 0.99975 -0.00502508 0.0217685 0.0208921 -0.134895 -0.99064 0.221128 0.0132744 0.034275\n0.432653 -0.255244 -0.508385 0.00132235 -0.99242 -0.122887 0.999829 -0.000956222 0.0184812 -0.0184586 -0.12289 0.992249 0.195472 0.0132584 0.0277274\n0.432369 -0.237031 -0.659903 1 0 0 0 1 0 0 0 1 0.011967 0.226683 0.015955\n-0.401034 -0.245938 -0.658052 1 0 0 0 1 0 0 0 1 0.012048 0.21676 0.014802\n-0.401042 -0.260074 -0.508631 0.00092731 -0.993997 -0.109402 0.999988 0.000393086 0.00490461 -0.00483216 -0.109405 0.993986 0.204253 0.013246 0.0273091\n-0.401103 -0.232321 -0.123721 0.00789318 -0.14923 -0.988771 0.999963 0.00459867 0.00728847 0.00345937 -0.988792 0.149261 0.0409342 0.0127082 0.245141\n-0.398037 -0.215823 0.0286439 -0.993829 0.0766481 -0.0801775 -0.0802695 0.00188523 0.996771 0.0765518 0.997056 0.00427891 0.026032 0.0145603 0.234544\n0.264352 -0.23002 0.80164 -0.0524976 0.998586 0.00841687 0.155612 -0.000145311 0.987818 0.986422 0.0531678 -0.155384 0.275974 0.014011 0.0216052\n0.410347 -0.213876 0.795577 -0.0169645 -0.0690658 -0.997468 0.999853 -0.00353332 -0.0167605 -0.0023668 -0.997606 0.0691156 0.0353309 0.0162288 0.279377\n0.412298 -0.22181 0.511628 -0.0458999 0.0586133 -0.997225 0.998938 -0.00132198 -0.0460564 -0.00401783 -0.99828 -0.0584904 0.0297072 0.0131668 0.275895\n0.40846 -0.210989 0.360003 0.998735 0.0502446 -0.00182519 0.00209337 -0.00528539 0.999984 0.0502342 -0.998723 -0.00538389 0.0260613 0.0130853 0.25612\n-0.414793 -0.206954 0.360209 -0.995784 0.0907266 -0.0135062 -0.0138672 -0.00334922 0.999898 0.0906721 0.99587 0.00459322 0.0324023 0.0150523 0.269753\n-0.415995 -0.203329 0.515972 -0.0108939 -0.993809 -0.110562 0.998929 -0.0058449 -0.0458882 0.0449579 -0.110944 0.992809 0.273672 0.0157277 0.0436678\n-0.410082 -0.214988 0.797936 -0.0631099 -0.062763 -0.996031 0.998 -0.00748429 -0.062763 -0.00351539 -0.998 0.0631099 0.0292497 0.0149657 0.255187\n-0.257711 -0.216415 0.801978 -0.997166 0.0425895 -0.0620124 -0.0620774 -0.00020453 0.998071 0.0424947 0.999093 0.0028478 0.0290227 0.0134298 0.253239\n0.432407 -0.381831 -0.586239 0.00168769 -0.998707 -0.0508106 0.999997 0.00176772 -0.00153007 0.00161791 -0.0508078 0.998707 0.0759339 0.013181 0.156679\n0.432513 -0.374812 -0.0445385 1 0 0 0 1 0 0 0 1 0.013264 0.089287 0.159467\n-0.401118 -0.376407 -0.0394725 0.00192219 0.994507 -0.10465 0.999998 -0.0019456 -0.000121621 -0.000324559 -0.104649 -0.994509 0.0850563 0.0132455 0.158868\n-0.401161 -0.383393 -0.584528 1 0 0 0 1 0 0 0 1 0.013244 0.072921 0.156735\n0.412205 -0.374234 0.431305 -0.00911742 -0.998834 -0.0473993 0.999948 -0.00889513 -0.00489848 0.00447115 -0.0474415 0.998864 0.0787607 0.0133312 0.157991\n-0.417264 -0.370402 0.436404 0.00106168 0.997307 -0.0733332 0.999776 -0.0026084 -0.0209991 -0.0211338 -0.0732945 -0.997086 0.0865476 0.0144128 0.15855\n-0.336583 -0.370399 0.802218 1 0 0 0 1 0 0 0 1 0.158276 0.086715 0.013156\n0.341399 -0.379787 0.802358 0.998628 0.0523625 0.000556773 -2.92349e-05 -0.0100749 0.999949 0.0523654 -0.998577 -0.0100596 0.155267 0.0132038 0.0678386\nC 68\n0 20\n0 7\n0 3\n0 8\n0 23\n0 1\n0 6\n0 9\n1 21\n1 3\n1 15\n1 6\n1 11\n1 20\n1 2\n1 16\n1 5\n1 10\n1 23\n1 4\n1 9\n1 22\n1 8\n1 7\n2 18\n2 12\n2 26\n2 19\n2 13\n2 15\n2 27\n2 16\n2 24\n2 14\n2 17\n2 25\n3 7\n3 20\n3 6\n3 23\n3 9\n3 8\n4 5\n4 21\n5 21\n6 7\n6 20\n7 20\n8 23\n8 9\n9 23\n10 11\n10 22\n11 22\n12 27\n12 13\n13 14\n13 27\n14 24\n14 15\n15 24\n16 17\n16 25\n17 25\n17 18\n18 26\n18 19\n19 26\nS 12\n2\n4 0.429141 -0.225035 0.0294873\n11 -0.398037 -0.215823 0.0286439\n2\n0.0155521 -0.220429 0.0290656\n-0.999937 0.0111353 -0.00101956\n2\n5 0.432247 -0.22991 -0.123121\n10 -0.401103 -0.232321 -0.123721\n2\n0.0155719 -0.231116 -0.123421\n-0.999996 -0.00289267 -0.000719028\n2\n6 0.432653 -0.255244 -0.508385\n9 -0.401042 -0.260074 -0.508631\n2\n0.0158054 -0.257659 -0.508508\n-0.999983 -0.00579412 -0.000295482\n2\n7 0.432369 -0.237031 -0.659903\n8 -0.401034 -0.245938 -0.658052\n2\n0.0156677 -0.241484 -0.658978\n-0.99994 -0.0106875 0.00222148\n2\n12 0.264352 -0.23002 0.80164\n19 -0.257711 -0.216415 0.801978\n2\n0.00332079 -0.223217 0.801809\n-0.99966 0.026051 0.000647136\n2\n13 0.410347 -0.213876 0.795577\n18 -0.410082 -0.214988 0.797936\n2\n0.000132671 -0.214432 0.796757\n-0.999995 -0.00135537 0.00287528\n2\n14 0.412298 -0.22181 0.511628\n17 -0.415995 -0.203329 0.515972\n2\n-0.00184892 -0.212569 0.5138\n-0.999737 0.0223056 0.00524373\n2\n15 0.40846 -0.210989 0.360003\n16 -0.414793 -0.206954 0.360209\n2\n-0.00316644 -0.208972 0.360106\n-0.999988 0.00490064 0.000251085\n2\n20 0.432407 -0.381831 -0.586239\n23 -0.401161 -0.383393 -0.584528\n2\n0.0156232 -0.382612 -0.585383\n-0.999996 -0.00187345 0.00205355\n2\n21 0.432513 -0.374812 -0.0445385\n22 -0.401118 -0.376407 -0.0394725\n2\n0.0156973 -0.375609 -0.0420055\n-0.99998 -0.00191447 0.00607692\n2\n24 0.412205 -0.374234 0.431305\n25 -0.417264 -0.370402 0.436404\n2\n-0.00252917 -0.372318 0.433854\n-0.99997 0.00461965 0.00614718\n2\n26 -0.336583 -0.370399 0.802218\n27 0.341399 -0.379787 0.802358\n2\n0.00240809 -0.375093 0.802288\n0.999904 -0.0138452 0.000206595\nL 28\n0\n1\n1\n0\n2\n2\n2\n2\n2\n2\n2\n2\n2\n2\n2\n2\n2\n2\n2\n2\n2\n2\n2\n2\n2\n2\n2\n2"
}