{
    "boxes": [
        [
            0.004406999796628952,
            0.05672600120306015,
            0.12915199995040894,
            0.12687399983406067,
            0.8206419944763184,
            0.9115740060806274,
            0.0,
            1.0,
            0.0,
            0.0,
            0.0,
            1.0
        ],
        [
            -0.44091999530792236,
            0.31291699409484863,
            -0.03483809903264046,
            0.7341470122337341,
            0.16321000456809998,
            0.03941980004310608,
            -0.3382200002670288,
            0.7106040120124817,
            0.6169679760932922,
            -0.2262440025806427,
            -0.6977750062942505,
            0.6796489953994751
        ],
        [
            -0.16505099833011627,
            0.0009006439941003919,
            -0.08199100196361542,
            0.03852739930152893,
            0.020258300006389618,
            0.42441999912261963,
            -0.12207800149917603,
            0.9809010028839111,
            0.15142400562763214,
            -0.617031991481781,
            -0.1945050060749054,
            0.7625219821929932
        ],
        [
            -0.4985319972038269,
            0.47556400299072266,
            0.08766350150108337,
            0.0817435011267662,
            0.5112090110778809,
            0.13064199686050415,
            0.4483340084552765,
            0.8821600079536438,
            -0.1441890001296997,
            -0.28803199529647827,
            0.29528000950813293,
            0.9109600186347961
        ],
        [
            0.17079199850559235,
            -0.0004079449863638729,
            -0.07711649686098099,
            0.03378140181303024,
            0.024246999993920326,
            0.4086819887161255,
            -0.07119099795818329,
            0.9931470155715942,
            -0.09268850088119507,
            0.6251469850540161,
            0.11683399975299835,
            0.7717130184173584
        ],
        [
            0.4497239887714386,
            0.3083899915218353,
            -0.03603050112724304,
            0.7425360083580017,
            0.16617700457572937,
            0.0470770001411438,
            0.3406769931316376,
            0.7166079878807068,
            0.608614981174469,
            0.1966640055179596,
            -0.6873340010643005,
            0.699209988117218
        ],
        [
            -0.21265600621700287,
            -0.023067200556397438,
            0.09713680297136307,
            0.02462800033390522,
            0.11980599910020828,
            0.3195140063762665,
            -0.002413660055026412,
            0.9999920129776001,
            0.0032530101016163826,
            0.35837098956108093,
            -0.002171969972550869,
            0.9335770010948181
        ],
        [
            -0.02346850000321865,
            -0.30270901322364807,
            0.09348200261592865,
            0.6158999800682068,
            0.11274000257253647,
            0.15414099395275116,
            0.0,
            1.0,
            0.0,
            0.0,
            0.0,
            1.0
        ],
        [
            -0.1373009979724884,
            -0.5626429915428162,
            -0.1062759980559349,
            0.24349799752235413,
            0.6286560297012329,
            0.023755399510264397,
            -0.32012999057769775,
            0.8386710286140442,
            -0.4406229853630066,
            0.4929580092430115,
            0.544638991355896,
            0.6784989833831787
        ],
        [
            -0.28860801458358765,
            -0.7844799757003784,
            -0.3392780125141144,
            0.11877500265836716,
            0.11877399682998657,
            0.08907999843358994,
            0.0,
            1.0,
            0.0,
            0.0,
            0.0,
            1.0
        ],
        [
            0.003797949990257621,
            0.4125089943408966,
            -0.3471420109272003,
            0.7566540241241455,
            0.14721299707889557,
            0.9838719964027405,
            0.001884110039100051,
            0.9948329925537109,
            -0.10151199996471405,
            0.0020861499942839146,
            0.1015079990029335,
            0.9948329925537109
        ]
    ],
    "ops": [
        [
            0,
            0,
            0,
            1,
            0,
            2,
            0,
            0,
            1,
            1,
            1,
            1,
            0,
            0,
            1,
            0,
            0,
            1,
            2,
            1,
            1,
            0,
            1
        ]
    ],
    "syms": [
        [
            0.0,
            1.0,
            1.933230038275724e-07,
            -1.713290060934014e-07,
            0.005934169981628656,
            0.47556400299072266,
            0.08766339719295502,
            0.0
        ],
        [
            -1.0,
            -6.615860002057161e-07,
            1.0,
            9.249869776795094e-07,
            0.0022823100443929434,
            -0.5626440048217773,
            0.08584350347518921,
            0.20000000298023224
        ]
    ],
    "labels:": [
        [
            1,
            3,
            3,
            3,
            3,
            3,
            2,
            2,
            2,
            2,
            0
        ]
    ],
    "obj": 43470,
    "mat_index": 5328,
    "obbs": "N 20\n0.00379795 0.412509 -0.347142 0.999996 -0.00208615 -0.00188411 0.00208615 0.101508 0.994833 -0.00188411 -0.994833 0.101512 0.983872 0.147213 0.756654\n0.170792 -0.000407945 -0.0771165 -0.625147 -0.116834 -0.771713 -0.071191 0.993147 -0.0926885 0.777253 -0.00300502 -0.629181 0.024247 0.0337814 0.408682\n-0.44092 0.312917 -0.0348381 0.226244 0.697775 -0.679649 0.913466 0.0902855 0.396772 0.33822 -0.710604 -0.616968 0.16321 0.0394198 0.734147\n0.449724 0.30839 -0.0360305 -0.340677 -0.716608 -0.608615 0.919382 -0.118513 -0.37509 0.196664 -0.687334 0.69921 0.742536 0.047077 0.166177\n-0.165051 0.000900644 -0.081991 -0.777411 0.000346473 -0.628992 -0.617032 -0.194505 0.762522 -0.122078 0.980901 0.151424 0.42442 0.0202583 0.0385274\n0.004407 0.056726 0.129152 1 0 0 0 1 0 0 0 1 0.911574 0.126874 0.820642\n-0.137301 -0.562643 -0.106276 0.32013 -0.838671 0.440623 0.809017 -7.0729e-07 -0.587785 0.492958 0.544639 0.678499 0.243498 0.0237554 0.628656\n0.141865 -0.562643 -0.106276 0.492958 -0.544639 -0.678499 0.809017 3.03784e-07 0.587785 -0.320131 -0.838671 0.440622 0.628656 0.0237557 0.243498\n0.228132 -0.562644 0.159226 -0.797623 0.544639 -0.259163 -0.309017 2.89035e-08 0.951057 0.517983 0.838671 0.168303 0.628656 0.0237553 0.243499\n0.0022825 -0.562644 0.323316 3.54558e-08 -0.838671 -0.544639 1 3.29735e-08 1.43249e-08 5.94483e-09 -0.544639 0.838671 0.243498 0.023755 0.628656\n-0.223568 -0.562644 0.159227 -0.517983 0.838671 0.168303 0.309017 -3.49393e-09 0.951057 0.797623 0.544639 -0.259163 0.243499 0.0237553 0.628656\n0.5104 0.475564 0.0876634 0.846188 0.366884 -0.386474 -0.448335 0.88216 -0.144189 0.288031 0.295281 0.91096 0.130641 0.0817434 0.511209\n-0.498532 0.475564 0.0876635 0.288032 -0.29528 -0.91096 0.448334 0.88216 -0.144189 0.846188 -0.366884 0.386474 0.511209 0.0817435 0.130642\n-0.468388 -0.78448 0.214029 1 0 0 0 1 0 0 0 1 0.089081 0.118775 0.118774\n-0.288608 -0.78448 -0.339278 1 0 0 0 1 0 0 0 1 0.08908 0.118775 0.118774\n0.293173 -0.78448 -0.339278 1 0 0 0 1 0 0 0 1 0.08908 0.118775 0.118774\n0.472953 -0.78448 0.214029 1 0 0 0 1 0 0 0 1 0.08908 0.118775 0.118774\n0.0022825 -0.78448 0.555991 1 0 0 0 1 0 0 0 1 0.089081 0.118775 0.118775\n-0.212656 -0.0230672 0.0971368 -0.358371 0.00217197 -0.933577 -0.00241366 0.999992 0.00325301 0.933576 0.00341912 -0.358362 0.119806 0.024628 0.319514\n-0.0234685 -0.302709 0.093482 1 0 0 0 1 0 0 0 1 0.154141 0.6159 0.11274\nC 47\n0 2\n0 3\n0 11\n0 4\n0 18\n0 12\n0 5\n0 1\n1 3\n1 5\n1 4\n1 19\n1 18\n2 18\n2 12\n2 5\n2 4\n3 11\n3 5\n4 18\n4 19\n4 5\n5 19\n5 12\n5 18\n5 11\n6 9\n6 14\n6 7\n6 10\n6 19\n6 8\n7 15\n7 19\n7 10\n7 9\n7 8\n8 9\n8 19\n8 10\n8 16\n9 17\n9 10\n9 19\n10 13\n10 19\n18 19\nS 3\n5\n8 0.228132 -0.562644 0.159226\n7 0.141865 -0.562643 -0.106276\n6 -0.137301 -0.562643 -0.106276\n10 -0.223568 -0.562644 0.159227\n9 0.0022825 -0.562644 0.323316\n3\n0.00228231 -0.562644 0.0858435\n6.61586e-07 -1 -9.24987e-07\n2\n11 0.5104 0.475564 0.0876634\n12 -0.498532 0.475564 0.0876635\n2\n0.00593417 0.475564 0.0876634\n-1 -1.93323e-07 1.71329e-07\n5\n16 0.472953 -0.78448 0.214029\n17 0.0022825 -0.78448 0.555991\n13 -0.468388 -0.78448 0.214029\n14 -0.288608 -0.78448 -0.339278\n15 0.293173 -0.78448 -0.339278\n3\n0.0022824 -0.78448 0.0610987\n0 -1 0\nL 20\n0\n3\n3\n3\n3\n1\n2\n2\n2\n2\n2\n3\n3\n2\n2\n2\n2\n2\n2\n2"
}