{
    "boxes": [
        [
            0.01448570005595684,
            -0.038291800767183304,
            0.13857099413871765,
            0.1877949982881546,
            0.5794690251350403,
            0.9131119847297668,
            -0.0034111100248992443,
            0.9962000250816345,
            0.0870283991098404,
            0.000148713996168226,
            -0.0870283991098404,
            0.9962059855461121
        ],
        [
            -0.22425200045108795,
            -0.09942790120840073,
            0.3147130012512207,
            0.05887040123343468,
            0.0682741031050682,
            0.48846501111984253,
            0.20333699882030487,
            0.9790390133857727,
            0.011694200336933136,
            -0.001201519975438714,
            -0.011694200336933136,
            0.9999309778213501
        ],
        [
            -0.28333398699760437,
            -0.03420870006084442,
            0.17410199344158173,
            0.24943000078201294,
            0.3499099910259247,
            0.6061850190162659,
            0.6442549824714661,
            0.7647449970245361,
            0.010026300325989723,
            -0.0036602800246328115,
            -0.010026300325989723,
            0.9999430179595947
        ],
        [
            -0.2222680002450943,
            -0.09831059724092484,
            0.03361330181360245,
            0.06153630092740059,
            0.06785579770803452,
            0.48500901460647583,
            0.20517000555992126,
            0.978725016117096,
            -0.001715820049867034,
            0.00017790999845601618,
            0.001715820049867034,
            0.9999989867210388
        ],
        [
            -0.37623101472854614,
            -0.3625670075416565,
            0.4825649857521057,
            0.6198409795761108,
            0.07673510164022446,
            0.1082639992237091,
            0.022148599848151207,
            0.9507020115852356,
            -0.30931198596954346,
            -0.11349400132894516,
            0.30977898836135864,
            0.9440100193023682
        ],
        [
            -0.3764129877090454,
            -0.3170120120048523,
            -0.16259700059890747,
            0.6537359952926636,
            0.05916120111942291,
            0.09940449893474579,
            0.009579479694366455,
            0.9817109704017639,
            0.19013699889183044,
            0.007901839911937714,
            -0.19021500647068024,
            0.9817109704017639
        ],
        [
            -0.3762359917163849,
            -0.6508989930152893,
            0.17887499928474426,
            0.05156699940562248,
            0.8076120018959045,
            0.09412699937820435,
            0.0,
            1.0,
            0.0,
            0.0,
            0.0,
            1.0
        ],
        [
            0.015253299847245216,
            0.42041999101638794,
            -0.2961210012435913,
            0.9219260215759277,
            0.12505899369716644,
            0.8412560224533081,
            0.0025423599872738123,
            0.9361900091171265,
            -0.351485013961792,
            0.0036701199132949114,
            0.3514750003814697,
            0.9361900091171265
        ]
    ],
    "ops": [
        [
            0,
            0,
            0,
            0,
            1,
            1,
            2,
            1,
            0,
            0,
            0,
            1,
            1,
            2,
            1,
            0,
            1
        ]
    ],
    "syms": [
        [
            0.0,
            0.9999809861183167,
            0.006059419829398394,
            0.001112750032916665,
            0.018179699778556824,
            -0.09795890003442764,
            0.3149830102920532,
            0.0
        ],
        [
            0.0,
            0.999904990196228,
            0.010344699956476688,
            -0.009070750325918198,
            0.014543700031936169,
            -0.35852399468421936,
            0.47901999950408936,
            0.0
        ]
    ],
    "labels:": [
        [
            1,
            3,
            3,
            3,
            2,
            2,
            2,
            0
        ]
    ],
    "obj": 43520,
    "mat_index": 5347,
    "obbs": "N 14\n0.0152533 0.42042 -0.296121 0.99999 -0.00367012 -0.00254236 0.00367012 0.351475 0.93619 -0.00254236 -0.93619 0.351485 0.841256 0.125059 0.921926\n0.311601 -0.0328813 0.174242 0.760722 0.649065 0.00417651 -0.649065 0.760649 0.0113292 0.00417651 -0.0113292 0.999927 0.606062 0.250746 0.350332\n-0.283334 -0.0342087 0.174102 0.00366028 0.0100263 -0.999943 0.644255 0.764745 0.0100263 0.764802 -0.644255 -0.00366028 0.34991 0.24943 0.606185\n0.261534 -0.0915854 0.0338921 0.00237466 -0.0208634 -0.99978 -0.224703 0.974204 -0.0208634 0.974424 0.224703 -0.00237466 0.069631 0.070701 0.508491\n0.260611 -0.0964899 0.315253 0.00407639 -0.0370386 -0.999306 -0.217406 0.975378 -0.0370386 0.976073 0.217406 -0.00407639 0.0706852 0.0620052 0.50452\n-0.224252 -0.0994279 0.314713 0.00120152 0.0116942 -0.999931 0.203337 0.979039 0.0116942 0.979108 -0.203337 -0.00120152 0.0682741 0.0588704 0.488465\n-0.222268 -0.0983106 0.0336133 0.978726 -0.20517 0.00017791 0.20517 0.978725 -0.00171582 0.00017791 0.00171582 0.999999 0.485009 0.0615363 0.0678558\n0.0144857 -0.0382918 0.138571 0.999994 0.00341111 0.000148714 -0.00341111 0.9962 0.0870284 0.000148714 -0.0870284 0.996206 0.913112 0.187795 0.579469\n-0.376413 -0.317012 -0.162597 0.999923 -0.00790184 -0.00957948 0.00790184 -0.190215 0.981711 -0.00957948 -0.981711 -0.190137 0.0994045 0.0591612 0.653736\n-0.376231 -0.362567 0.482565 0.0221486 0.950702 -0.309312 -0.113494 0.309779 0.94401 0.993292 0.0141968 0.114761 0.619841 0.0767351 0.108264\n0.405318 -0.354482 0.475475 -0.0176179 0.946931 -0.320953 0.0484488 0.321434 0.945692 0.99867 0.0011113 -0.0515406 0.62048 0.0769606 0.105117\n0.405228 -0.313676 -0.160375 -0.999442 0.0279057 -0.0183303 -0.0234385 -0.195432 0.980437 0.0237775 0.98032 0.195977 0.108262 0.0602262 0.668773\n0.405075 -0.650514 0.174835 1 -0.000573873 -1.13129e-06 0.000573873 0.999992 0.00394263 -1.13129e-06 -0.00394263 0.999992 0.094043 0.0547609 0.799035\n-0.376236 -0.650899 0.178875 1 0 0 0 1 0 0 0 1 0.094127 0.051567 0.807612\nC 44\n0 2\n0 7\n0 3\n0 11\n0 8\n0 1\n0 6\n1 3\n1 6\n1 11\n1 2\n1 5\n1 10\n1 4\n1 7\n2 8\n2 5\n2 9\n2 6\n2 3\n2 7\n2 4\n3 11\n3 7\n3 6\n3 5\n3 4\n4 7\n4 10\n4 5\n4 6\n5 9\n5 6\n5 7\n6 7\n6 8\n7 11\n7 10\n7 8\n7 9\n8 13\n9 13\n10 12\n11 12\nS 6\n2\n1 0.311601 -0.0328813 0.174242\n2 -0.283334 -0.0342087 0.174102\n2\n0.0141332 -0.033545 0.174172\n-0.999997 -0.0022311 -0.000235165\n2\n3 0.261534 -0.0915854 0.0338921\n6 -0.222268 -0.0983106 0.0336133\n2\n0.0196329 -0.094948 0.0337527\n-0.999903 -0.0138995 -0.000576259\n2\n4 0.260611 -0.0964899 0.315253\n5 -0.224252 -0.0994279 0.314713\n2\n0.0181797 -0.0979589 0.314983\n-0.999981 -0.00605942 -0.00111275\n2\n8 -0.376413 -0.317012 -0.162597\n11 0.405228 -0.313676 -0.160375\n2\n0.0144073 -0.315344 -0.161486\n0.999987 0.00426753 0.00284253\n2\n9 -0.376231 -0.362567 0.482565\n10 0.405318 -0.354482 0.475475\n2\n0.0145437 -0.358524 0.47902\n0.999905 0.0103447 -0.00907075\n2\n12 0.405075 -0.650514 0.174835\n13 -0.376236 -0.650899 0.178875\n2\n0.0144199 -0.650707 0.176855\n-0.999987 -0.000493442 0.00517111\nL 14\n0\n3\n3\n3\n3\n3\n3\n1\n2\n2\n2\n2\n2\n2"
}