{
    "boxes": [
        [
            -0.0007414229912683368,
            -0.12950199842453003,
            0.15649500489234924,
            0.14018499851226807,
            0.7425910234451294,
            0.742579996585846,
            -0.002824010094627738,
            0.9997180104255676,
            -0.023569799959659576,
            -3.328539969515987e-05,
            0.023569799959659576,
            0.9997220039367676
        ],
        [
            -0.3996469974517822,
            0.04964450001716614,
            0.37123799324035645,
            0.412541002035141,
            0.09291359782218933,
            0.0737588033080101,
            0.022832300513982773,
            0.9488189816474915,
            -0.3149940073490143,
            -0.040911801159381866,
            0.3156990110874176,
            0.9479770064353943
        ],
        [
            -0.3999060094356537,
            0.20110200345516205,
            0.02568499930202961,
            0.09604600071907043,
            0.5893579721450806,
            0.06419699639081955,
            0.0,
            1.0,
            0.0,
            0.0,
            0.0,
            1.0
        ],
        [
            -0.3999060094356537,
            -0.4811829924583435,
            0.4214180111885071,
            0.7290830016136169,
            0.06436000019311905,
            0.06419699639081955,
            0.0,
            1.0,
            0.0,
            0.0,
            0.0,
            1.0
        ],
        [
            -0.24346500635147095,
            -0.503836989402771,
            -0.2421340048313141,
            0.7111480236053467,
            0.06237909942865372,
            0.06397850066423416,
            0.1115730032324791,
            0.9798790216445923,
            0.16549600660800934,
            0.05006390064954758,
            -0.17186599969863892,
            0.9838470220565796
        ],
        [
            -0.0008135000243782997,
            -0.2683579921722412,
            -0.21759900450706482,
            0.06204869970679283,
            0.024572499096393585,
            0.3871710002422333,
            -7.946789892798733e-09,
            0.9879429936408997,
            0.15481700003147125,
            -6.798460017165553e-09,
            -0.15481700003147125,
            0.9879429936408997
        ],
        [
            0.2510029971599579,
            -0.49904799461364746,
            -0.23803000152111053,
            0.7204530239105225,
            0.07475399971008301,
            0.07419899851083755,
            -0.14842399954795837,
            0.9759309887886047,
            0.1597760021686554,
            0.2774119973182678,
            -0.11399000138044357,
            0.9539650082588196
        ],
        [
            0.0011335000162944198,
            0.2518779933452606,
            -0.2886910140514374,
            0.8455420136451721,
            0.12695099413394928,
            0.8886709809303284,
            1.799870005925186e-05,
            0.9813309907913208,
            -0.19232599437236786,
            2.186860001529567e-05,
            0.19232599437236786,
            0.9813309907913208
        ]
    ],
    "ops": [
        [
            0,
            0,
            0,
            1,
            2,
            1,
            0,
            2,
            0,
            0,
            0,
            1,
            1,
            1,
            1,
            0,
            1
        ]
    ],
    "syms": [
        [
            0.0,
            0.9999729990959167,
            0.007230029907077551,
            -0.0014169299975037575,
            -0.000730380997993052,
            0.05252870172262192,
            0.37067198753356934,
            0.0
        ],
        [
            0.0,
            0.9999430179595947,
            0.010573400184512138,
            -0.001548420055769384,
            -0.0008135000243782997,
            -0.47696301341056824,
            0.42080000042915344,
            0.0
        ]
    ],
    "labels:": [
        [
            1,
            3,
            3,
            2,
            2,
            2,
            2,
            0
        ]
    ],
    "obj": 43521,
    "mat_index": 5348,
    "obbs": "N 11\n0.0011335 0.251878 -0.288691 1 -2.18686e-05 -1.79987e-05 2.18686e-05 0.192326 0.981331 -1.79987e-05 -0.981331 0.192326 0.888671 0.126951 0.845542\n-0.000741423 -0.129502 0.156495 0.999996 0.00282401 -3.32854e-05 -0.00282401 0.999718 -0.0235698 -3.32854e-05 0.0235698 0.999722 0.74258 0.140185 0.742591\n-0.399647 0.0496445 0.371238 -0.998902 0.00875755 -0.046026 -0.0409118 0.315699 0.947977 0.0228323 0.948819 -0.314994 0.0737588 0.0929136 0.412541\n0.398186 0.055413 0.370107 0.999261 -0.0312004 -0.0224438 0.0312004 0.317508 0.947742 -0.0224438 -0.947742 0.318247 0.0732934 0.0904694 0.382226\n-0.399906 0.201102 0.025685 1 0 0 0 1 0 0 0 1 0.064197 0.096046 0.589358\n0.397819 0.202189 0.0336422 -0.00492367 -0.0988999 -0.995085 0.0990786 0.990153 -0.0988999 0.995067 -0.0990786 0.00492367 0.602714 0.0832057 0.069467\n-0.0008135 -0.268358 -0.217599 -7.94679e-09 0.987943 0.154817 -6.79846e-09 -0.154817 0.987943 1 6.79846e-09 7.94679e-09 0.0620487 0.0245725 0.387171\n0.251003 -0.499048 -0.23803 0.949217 0.185915 -0.253816 0.277412 -0.11399 0.953965 0.148424 -0.975931 -0.159776 0.074199 0.074754 0.720453\n-0.243465 -0.503837 -0.242134 0.111573 0.979879 0.165496 0.0500639 -0.171866 0.983847 0.992494 -0.101486 -0.0682323 0.711148 0.0623791 0.0639785\n0.39828 -0.472743 0.420182 1 0 0 0 1 0 0 0 1 0.064197 0.745963 0.065272\n-0.399906 -0.481183 0.421418 1 0 0 0 1 0 0 0 1 0.064197 0.729083 0.06436\nC 21\n0 1\n0 7\n0 6\n0 5\n0 4\n0 8\n1 2\n1 3\n1 4\n1 5\n1 8\n1 6\n1 9\n1 10\n1 7\n2 10\n2 4\n3 5\n3 9\n6 7\n6 8\nS 3\n2\n2 -0.399647 0.0496445 0.371238\n3 0.398186 0.055413 0.370107\n2\n-0.000730381 0.0525287 0.370672\n0.999973 0.00723003 -0.00141693\n2\n4 -0.399906 0.201102 0.025685\n5 0.397819 0.202189 0.0336422\n2\n-0.00104367 0.201645 0.0296636\n0.999949 0.00136198 0.00997435\n2\n9 0.39828 -0.472743 0.420182\n10 -0.399906 -0.481183 0.421418\n2\n-0.0008135 -0.476963 0.4208\n-0.999943 -0.0105734 0.00154842\nL 11\n0\n1\n3\n3\n3\n3\n2\n2\n2\n2\n2"
}