{
    "boxes": [
        [
            -0.004187299869954586,
            0.08047469705343246,
            0.11272499710321426,
            0.3964250087738037,
            0.8173480033874512,
            0.9582809805870056,
            -0.002591530093923211,
            0.9999160170555115,
            0.012680199928581715,
            1.6431200492661446e-05,
            -0.012680199928581715,
            0.9999200105667114
        ],
        [
            -0.0032964700367301702,
            -0.4421809911727905,
            0.11076100170612335,
            0.5673890113830566,
            1.2161400318145752,
            0.9709929823875427,
            -0.02295920066535473,
            0.8548039793968201,
            -0.5184440016746521,
            -0.006417409982532263,
            0.5184440016746521,
            0.8550879955291748
        ],
        [
            -0.006513500120490789,
            0.5199699997901917,
            -0.3125639855861664,
            0.7826740145683289,
            0.17183299362659454,
            0.9561110138893127,
            -0.008861609734594822,
            0.965686023235321,
            -0.2595599889755249,
            -0.011557400226593018,
            0.25945401191711426,
            0.965686023235321
        ]
    ],
    "ops": [
        [
            0,
            0,
            1,
            0,
            1
        ]
    ],
    "syms": [
        [
            0.0,
            0.0,
            0.0,
            0.0,
            0.0,
            0.0,
            0.0,
            0.0
        ]
    ],
    "labels:": [
        [
            1,
            2,
            0
        ]
    ],
    "obj": 43543,
    "mat_index": 5359,
    "obbs": "N 3\n-0.0065135 0.51997 -0.312564 0.999894 0.0115574 0.00886161 -0.0115574 0.259454 0.965686 0.00886161 -0.965686 0.25956 0.956111 0.171833 0.782674\n-0.00329647 -0.442181 0.110761 0.999716 0.0229592 -0.00641741 -0.0229592 0.854804 -0.518444 -0.00641741 0.518444 0.855088 0.970993 0.567389 1.21614\n-0.0041873 0.0804747 0.112725 0.999997 0.00259153 1.64312e-05 -0.00259153 0.999916 0.0126802 1.64312e-05 -0.0126802 0.99992 0.958281 0.396425 0.817348\nC 2\n0 2\n1 2\nS 0\nL 3\n0\n2\n1"
}