{
    "boxes": [
        [
            -0.01596049964427948,
            -0.15965500473976135,
            0.14665000140666962,
            0.26321399211883545,
            0.7622780203819275,
            0.9120979905128479,
            -0.0014961600536480546,
            0.9969159960746765,
            -0.07845939695835114,
            -5.878469892195426e-05,
            0.07845939695835114,
            0.9969170093536377
        ],
        [
            -0.5037569999694824,
            0.18253199756145477,
            0.15251800417900085,
            0.31679099798202515,
            0.8066830039024353,
            0.12426800280809402,
            -0.004356049932539463,
            0.9256629943847656,
            0.3783229887485504,
            -0.02141360007226467,
            -0.3783259987831116,
            0.9254249930381775
        ],
        [
            -0.5028790235519409,
            -0.7410110235214233,
            -0.23408600687980652,
            0.02072400040924549,
            0.10362199693918228,
            0.10362199693918228,
            -0.0,
            1.0,
            0.0,
            0.0,
            -0.0,
            1.0
        ],
        [
            -0.5029230117797852,
            -0.4711320102214813,
            -0.25700700283050537,
            0.5702250003814697,
            0.03400779888033867,
            0.11234000325202942,
            0.009565839543938637,
            0.9859240055084229,
            0.16692200303077698,
            0.008082110434770584,
            -0.16700099408626556,
            0.9859240055084229
        ],
        [
            -0.5028790235519409,
            -0.7410110235214233,
            0.47828298807144165,
            0.02072400040924549,
            0.10362199693918228,
            0.10362199693918228,
            -0.0,
            1.0,
            -1.1102199806005023e-16,
            0.0,
            1.1102199806005023e-16,
            1.0
        ],
        [
            -0.5030649900436401,
            -0.41832900047302246,
            0.49988898634910583,
            0.6730449795722961,
            0.03184200078248978,
            0.11518000066280365,
            -0.012560799717903137,
            0.9902039766311646,
            -0.13906000554561615,
            -0.014446699991822243,
            0.13887600600719452,
            0.9902039766311646
        ],
        [
            -0.5061650276184082,
            0.21678400039672852,
            -0.29919999837875366,
            0.840982973575592,
            0.1233069971203804,
            0.12744000554084778,
            0.023338399827480316,
            0.951807975769043,
            -0.3058069944381714,
            -0.11144199967384338,
            0.3064599931240082,
            0.9453369975090027
        ],
        [
            -0.01585499942302704,
            0.6166459918022156,
            -0.494363009929657,
            0.0673540011048317,
            0.06735300272703171,
            1.0776699781417847,
            0.0,
            1.0,
            0.0,
            0.0,
            0.0,
            1.0
        ],
        [
            -0.3785339891910553,
            0.2498130053281784,
            -0.3448159992694855,
            0.7318289875984192,
            0.04335319995880127,
            0.0763775035738945,
            0.015860600396990776,
            0.9527930021286011,
            -0.30320701003074646,
            -0.04990589991211891,
            0.30362099409103394,
            0.9514849781990051
        ]
    ],
    "ops": [
        [
            0,
            0,
            2,
            1,
            0,
            0,
            1,
            0,
            0,
            1,
            1,
            2,
            1,
            0,
            2,
            0,
            0,
            2,
            1,
            1,
            1
        ]
    ],
    "syms": [
        [
            0.0,
            0.9999619722366333,
            0.004470699932426214,
            -0.007481880020350218,
            -0.01638150028884411,
            0.18471099436283112,
            0.14887100458145142,
            0.0
        ],
        [
            0.0,
            1.0,
            0.0,
            0.0,
            -0.01585499942302704,
            -0.7410110235214233,
            -0.23408600687980652,
            0.0
        ],
        [
            0.0,
            0.9998530149459839,
            0.008892030455172062,
            0.014675499871373177,
            -0.017091000452637672,
            0.22113299369812012,
            -0.2920210063457489,
            0.0
        ],
        [
            1.0,
            0.42802685499191284,
            0.21367114782333374,
            -0.2959715723991394,
            -0.3785339891910553,
            0.2498130053281784,
            -0.3448159992694855,
            0.125
        ]
    ],
    "labels:": [
        [
            1,
            3,
            2,
            2,
            2,
            2,
            0,
            0,
            0
        ]
    ],
    "obj": 43586,
    "mat_index": 5372,
    "obbs": "N 22\n-0.015855 0.616646 -0.494363 1 0 0 0 1 0 0 0 1 1.07767 0.067354 0.067353\n0.470994 0.18689 0.145224 0.0158265 -0.930762 -0.365284 0.999873 0.0140444 0.0075351 -0.00188317 -0.365357 0.930866 0.309243 0.112605 0.804737\n-0.503757 0.182532 0.152518 0.00435605 -0.925663 -0.378323 0.999761 -0.00407005 0.0214698 -0.0214136 -0.378326 0.925425 0.316791 0.124268 0.806683\n-0.0159605 -0.159655 0.14665 0.999999 0.00149616 -5.87847e-05 -0.00149616 0.996916 -0.0784594 -5.87847e-05 0.0784594 0.996917 0.912098 0.263214 0.762278\n0.242983 0.249784 -0.344852 -0.0207933 0.952539 -0.303707 -0.0284455 0.303086 0.952539 0.999379 0.0284455 0.0207933 0.73242 0.0427571 0.0786068\n0.139101 0.254857 -0.346642 -0.997765 -0.0168573 -0.0646534 -0.0667248 0.301631 0.951087 0.00346867 0.953276 -0.302081 0.0672268 0.0445171 0.720813\n0.0355654 0.252279 -0.345724 -0.998028 -0.0125508 -0.061505 -0.0624202 0.302083 0.951236 0.00664081 0.953199 -0.302271 0.070282 0.0442569 0.726436\n-0.0678785 0.252539 -0.346219 -0.0195987 0.953316 -0.301337 -0.0267421 0.300788 0.953316 0.99945 0.0267421 0.0195987 0.725654 0.0435927 0.0779573\n-0.170815 0.25492 -0.346381 -0.0118994 0.952432 -0.30452 -0.0878364 0.302369 0.949135 0.996064 0.0380421 0.0800602 0.721529 0.0449604 0.0696554\n-0.274995 0.252569 -0.345873 -0.998738 0.00302603 -0.0501233 -0.0468683 0.302113 0.952119 0.0180241 0.953267 -0.30159 0.0782792 0.0438186 0.726173\n-0.378534 0.249813 -0.344816 -0.998628 -4.06766e-05 -0.0523656 -0.0499059 0.303621 0.951485 0.0158606 0.952793 -0.303207 0.0763775 0.0433532 0.731829\n0.34645 0.252993 -0.341911 -0.0152859 0.9526 -0.30384 -0.0209167 0.303505 0.9526 0.999664 0.0209167 0.0152859 0.727804 0.049899 0.0746886\n-0.502879 -0.741011 -0.234086 1 0 0 -0 1 0 0 -0 1 0.103622 0.020724 0.103622\n0.471169 -0.741011 -0.234086 1 0 0 0 1 0 0 0 1 0.103622 0.020724 0.103622\n-0.502879 -0.741011 0.478283 1 0 -0 -0 1 -1.11022e-16 0 1.11022e-16 1 0.103622 0.020724 0.103622\n0.471169 -0.741011 0.478283 1 0 -0 -0 1 -1.11022e-16 0 1.11022e-16 1 0.103622 0.020724 0.103622\n0.471262 -0.45738 -0.255954 -0.00125427 0.986079 0.166273 -0.00106048 -0.166274 0.986079 0.999999 0.00106048 0.00125427 0.597165 0.0356079 0.107782\n0.471132 -0.415832 0.500071 1 -0.000307629 -0.000267771 0.000307629 0.137881 0.990449 -0.000267771 -0.990449 0.137881 0.107275 0.0313604 0.677292\n-0.503065 -0.418329 0.499889 -0.0125608 0.990204 -0.13906 -0.0144467 0.138876 0.990204 0.999817 0.0144467 0.0125608 0.673045 0.031842 0.11518\n-0.502923 -0.471132 -0.257007 0.999922 -0.00808211 -0.00956584 0.00808211 -0.167001 0.985924 -0.00956584 -0.985924 -0.166922 0.11234 0.0340078 0.570225\n-0.506165 0.216784 -0.2992 0.0233384 0.951808 -0.305807 -0.111442 0.30646 0.945337 0.993497 0.0120171 0.113224 0.840983 0.123307 0.12744\n0.471983 0.225483 -0.284843 0.999865 -0.013367 -0.00960034 0.013367 0.319321 0.947552 -0.00960034 -0.947552 0.319456 0.114744 0.158832 0.833554\nC 69\n0 20\n0 7\n0 10\n0 21\n0 11\n0 4\n0 5\n0 8\n0 6\n0 9\n1 21\n1 3\n1 17\n1 11\n1 4\n2 18\n2 8\n2 9\n2 20\n2 10\n2 3\n3 11\n3 21\n3 7\n3 17\n3 10\n3 20\n3 6\n3 16\n3 9\n3 19\n3 5\n3 8\n3 18\n3 4\n4 7\n4 5\n4 21\n4 16\n4 11\n4 6\n5 6\n5 8\n5 11\n5 21\n5 7\n6 9\n6 7\n6 11\n6 8\n7 10\n7 8\n7 9\n8 9\n8 10\n8 20\n9 20\n9 10\n9 19\n10 19\n10 20\n11 16\n11 21\n12 19\n13 16\n14 18\n15 17\n16 21\n19 20\nS 7\n2\n1 0.470994 0.18689 0.145224\n2 -0.503757 0.182532 0.152518\n2\n-0.0163815 0.184711 0.148871\n-0.999962 -0.0044707 0.00748188\n8\n11 0.34645 0.252993 -0.341911\n4 0.242983 0.249784 -0.344852\n5 0.139101 0.254857 -0.346642\n6 0.0355654 0.252279 -0.345724\n7 -0.0678785 0.252539 -0.346219\n8 -0.170815 0.25492 -0.346381\n9 -0.274995 0.252569 -0.345873\n10 -0.378534 0.249813 -0.344816\n1\n0 0 0\n0 0 0\n2\n12 -0.502879 -0.741011 -0.234086\n13 0.471169 -0.741011 -0.234086\n2\n-0.015855 -0.741011 -0.234086\n1 0 0\n2\n14 -0.502879 -0.741011 0.478283\n15 0.471169 -0.741011 0.478283\n2\n-0.015855 -0.741011 0.478283\n1 0 0\n2\n16 0.471262 -0.45738 -0.255954\n19 -0.502923 -0.471132 -0.257007\n2\n-0.0158304 -0.464256 -0.256481\n-0.9999 -0.0141151 -0.00108143\n2\n17 0.471132 -0.415832 0.500071\n18 -0.503065 -0.418329 0.499889\n2\n-0.0159662 -0.417081 0.49998\n-0.999997 -0.00256371 -0.000186448\n2\n20 -0.506165 0.216784 -0.2992\n21 0.471983 0.225483 -0.284843\n2\n-0.017091 0.221133 -0.292021\n0.999853 0.00889203 0.0146755\nL 22\n0\n3\n3\n1\n0\n0\n0\n0\n0\n0\n0\n0\n2\n2\n2\n2\n2\n2\n2\n2\n0\n0"
}