{
    "boxes": [
        [
            0.006043999921530485,
            -0.05967099964618683,
            0.11312799900770187,
            0.4904560148715973,
            1.2816799879074097,
            1.045490026473999,
            0.0,
            1.0,
            0.0,
            0.0,
            0.0,
            1.0
        ],
        [
            -0.4850749969482422,
            0.04479600116610527,
            0.3794800043106079,
            0.11725199967622757,
            0.6849679946899414,
            0.054910000413656235,
            0.0,
            1.0,
            0.0,
            0.0,
            0.0,
            1.0
        ],
        [
            0.48130500316619873,
            0.22554700076580048,
            0.13904400169849396,
            1.0303499698638916,
            1.1100599765777588,
            0.12384100258350372,
            0.0,
            1.0,
            0.0,
            0.0,
            0.0,
            1.0
        ],
        [
            -0.4850749969482422,
            -0.1334719955921173,
            0.7051479816436768,
            0.3575490117073059,
            0.07819899916648865,
            0.054910000413656235,
            0.0,
            1.0,
            0.0,
            0.0,
            0.0,
            1.0
        ],
        [
            -0.4850749969482422,
            -0.37569499015808105,
            0.7159460186958313,
            0.1828240007162094,
            0.056582000106573105,
            0.054910000413656235,
            0.0,
            1.0,
            0.0,
            0.0,
            0.0,
            1.0
        ],
        [
            -0.47623300552368164,
            -0.38723498582839966,
            -0.3711540102958679,
            0.19116300344467163,
            0.08545079827308655,
            0.05265900120139122,
            -2.1117700015819122e-16,
            0.9510570168495178,
            0.30901700258255005,
            6.861559795822911e-17,
            -0.30901700258255005,
            0.9510570168495178
        ],
        [
            0.006810000166296959,
            0.3782149851322174,
            -0.3528989851474762,
            0.5167449712753296,
            0.22169600427150726,
            0.7850800156593323,
            -1.5308599943253398e-09,
            0.9871649742126465,
            -0.1597049981355667,
            -1.7984199685017188e-09,
            0.1597049981355667,
            0.9871649742126465
        ],
        [
            0.005688000004738569,
            0.7577670216560364,
            -0.4185999929904938,
            0.0706389993429184,
            0.2232999950647354,
            1.036520004272461,
            0.0,
            1.0,
            0.0,
            0.0,
            0.0,
            1.0
        ],
        [
            0.003929500002413988,
            0.22578999400138855,
            0.06395649909973145,
            1.030750036239624,
            1.2249799966812134,
            1.065690040588379,
            0.0,
            1.0,
            0.0,
            0.0,
            0.0,
            1.0
        ],
        [
            0.49598801136016846,
            0.412432998418808,
            -0.20033499598503113,
            0.802299976348877,
            0.16601300239562988,
            0.057159099727869034,
            0.002298479899764061,
            0.8886659741401672,
            -0.45854899287223816,
            0.006927980110049248,
            0.45852500200271606,
            0.8886550068855286
        ]
    ],
    "ops": [
        [
            0,
            0,
            0,
            0,
            1,
            1,
            2,
            1,
            0,
            0,
            1,
            2,
            1,
            0,
            0,
            1,
            0,
            0,
            2,
            1,
            1,
            1
        ]
    ],
    "syms": [
        [
            0.0,
            0.9999020099639893,
            -0.013260300271213055,
            -0.004422740079462528,
            0.005960289854556322,
            0.03828410059213638,
            0.3773080110549927,
            0.0
        ],
        [
            0.0,
            1.0,
            2.547049916756805e-06,
            -2.037639887930709e-06,
            0.005688500124961138,
            -0.37569400668144226,
            0.7159450054168701,
            0.0
        ],
        [
            0.0,
            0.9992110133171082,
            0.03041829913854599,
            -0.02552969940006733,
            0.005559499841183424,
            0.39750298857688904,
            -0.18780499696731567,
            0.0
        ]
    ],
    "labels:": [
        [
            1,
            3,
            3,
            3,
            2,
            2,
            0,
            0,
            0,
            0
        ]
    ],
    "obj": 43587,
    "mat_index": 5373,
    "obbs": "N 16\n0.00681 0.378215 -0.352899 1 1.79842e-09 1.53086e-09 -1.79842e-09 0.159705 0.987165 1.53086e-09 -0.987165 0.159705 0.78508 0.221696 0.516745\n0.005688 0.757767 -0.4186 1 0 0 0 1 0 0 0 1 1.03652 0.070639 0.2233\n0.006044 -0.059671 0.113128 1 0 0 0 1 0 0 0 1 1.04549 0.490456 1.28168\n0.495988 0.412433 -0.200335 -0.00692798 -0.458525 -0.888655 0.999973 -0.00521938 -0.00510275 -0.00229848 -0.888666 0.458549 0.166013 0.0571591 0.8023\n-0.484869 0.382574 -0.175274 -0.00697765 0.863709 -0.503943 0.999975 0.00540039 -0.00459003 -0.00124296 -0.503963 -0.863725 0.847373 0.0602684 0.180932\n0.481305 0.225547 0.139044 1 0 0 0 1 0 0 0 1 0.123841 1.03035 1.11006\n-0.484964 0.224533 0.149809 1 0 0 0 1 0 0 0 1 0.09377 1.02836 1.08848\n0.496452 -0.128545 0.715877 1 0 0 0 1 0 0 0 1 0.05491 0.33945 0.056497\n-0.485075 -0.133472 0.705148 1 0 0 0 1 0 0 0 1 0.05491 0.357549 0.078199\n0.496996 0.0317721 0.375136 0.041331 -0.993911 -0.102144 0.999123 0.0418046 -0.00249923 0.00675411 -0.101951 0.994766 0.100892 0.0606632 0.732738\n-0.485075 0.044796 0.37948 1 0 0 0 1 0 0 0 1 0.05491 0.117252 0.684968\n0.0039295 0.22579 0.0639565 1 0 0 0 1 0 0 0 1 1.06569 1.03075 1.22498\n0.496452 -0.375692 0.715944 1 0 0 0 1 0 0 0 1 0.05491 0.182829 0.056582\n-0.485075 -0.375695 0.715946 1 0 0 0 1 0 0 0 1 0.05491 0.182824 0.056582\n-0.476233 -0.387235 -0.371154 2.11177e-16 -0.951057 -0.309017 1 2.22045e-16 0 6.86156e-17 -0.309017 0.951057 0.191163 0.052659 0.0854508\n0.486695 -0.384959 -0.378129 1 0 0 0 1 0 0 0 1 0.05485 0.16054 0.124584\nC 55\n0 2\n0 3\n0 11\n0 4\n0 5\n0 1\n0 6\n0 9\n1 3\n1 6\n1 11\n1 5\n1 4\n2 8\n2 12\n2 5\n2 9\n2 13\n2 15\n2 6\n2 10\n2 3\n2 14\n2 7\n2 11\n2 4\n3 11\n3 9\n3 5\n4 10\n4 11\n4 6\n5 9\n5 12\n5 11\n5 15\n5 7\n6 14\n6 10\n6 11\n6 8\n6 13\n7 12\n7 11\n7 9\n8 13\n8 10\n8 11\n9 11\n9 12\n10 11\n11 14\n11 13\n11 12\n11 15\nS 6\n2\n3 0.495988 0.412433 -0.200335\n4 -0.484869 0.382574 -0.175274\n2\n0.0055595 0.397503 -0.187805\n-0.999211 -0.0304183 0.0255297\n2\n5 0.481305 0.225547 0.139044\n6 -0.484964 0.224533 0.149809\n2\n-0.00182925 0.22504 0.144427\n-0.999937 -0.00104985 0.0111411\n2\n7 0.496452 -0.128545 0.715877\n8 -0.485075 -0.133472 0.705148\n2\n0.0056885 -0.131008 0.710512\n-0.999928 -0.00501886 -0.0109301\n2\n9 0.496996 0.0317721 0.375136\n10 -0.485075 0.044796 0.37948\n2\n0.00596029 0.0382841 0.377308\n-0.999902 0.0132603 0.00442274\n2\n12 0.496452 -0.375692 0.715944\n13 -0.485075 -0.375695 0.715946\n2\n0.0056885 -0.375694 0.715945\n-1 -2.54705e-06 2.03764e-06\n2\n14 -0.476233 -0.387235 -0.371154\n15 0.486695 -0.384959 -0.378129\n2\n0.00523075 -0.386097 -0.374641\n0.999971 0.00236356 -0.00724366\nL 16\n0\n0\n1\n0\n0\n3\n3\n3\n3\n3\n3\n0\n2\n2\n2\n2"
}