{
    "boxes": [
        [
            0.011348599568009377,
            -0.039257898926734924,
            0.1490669995546341,
            0.09959050267934799,
            0.6824010014533997,
            0.7963929772377014,
            -0.0002379159996053204,
            0.9998970031738281,
            -0.014317899942398071,
            -1.7033099766194937e-06,
            0.014317899942398071,
            0.9998970031738281
        ],
        [
            -0.3788279891014099,
            0.196710005402565,
            -0.0692560002207756,
            0.09533389657735825,
            0.41352999210357666,
            0.11879699677228928,
            0.5562940239906311,
            0.8080430030822754,
            -0.19391599297523499,
            -0.36274999380111694,
            0.4460830092430115,
            0.8181819915771484
        ],
        [
            -0.42430898547172546,
            0.29627299308776855,
            0.08027199655771255,
            0.05720800161361694,
            0.36933401226997375,
            0.10261200368404388,
            0.0,
            1.0,
            0.0,
            0.0,
            0.0,
            1.0
        ],
        [
            0.011348499916493893,
            -0.4655509889125824,
            0.03534400090575218,
            0.4987039864063263,
            0.11286000162363052,
            0.11286100000143051,
            0.0,
            1.0,
            0.0,
            0.0,
            0.0,
            1.0
        ],
        [
            -0.22745999693870544,
            -0.19334299862384796,
            0.27674299478530884,
            0.08686050027608871,
            0.1462939977645874,
            0.20640699565410614,
            0.00251417001709342,
            0.9754160046577454,
            0.2203570008277893,
            0.05205570161342621,
            -0.2201869934797287,
            0.9740679860115051
        ],
        [
            -0.07718019932508469,
            -0.5611420273780823,
            -0.2387080043554306,
            0.0848534032702446,
            0.5407189726829529,
            0.045364998281002045,
            -0.0697098970413208,
            0.9530249834060669,
            -0.29476198554039,
            0.29476198554039,
            0.30196499824523926,
            0.9066050052642822
        ],
        [
            -0.14844000339508057,
            -0.6815860271453857,
            -0.47281599044799805,
            0.10649999976158142,
            0.08261249959468842,
            0.08344150334596634,
            0.0208491999655962,
            0.921517014503479,
            0.38777801394462585,
            0.1522430032491684,
            -0.38626500964164734,
            0.9097369909286499
        ],
        [
            0.01796730048954487,
            0.4366750121116638,
            -0.21290799975395203,
            0.9732049703598022,
            0.16295799612998962,
            0.7433270215988159,
            -0.008969060145318508,
            0.9837999939918518,
            -0.1790439933538437,
            -0.010748200118541718,
            0.17894600331783295,
            0.9837999939918518
        ],
        [
            0.02314949966967106,
            0.884473979473114,
            -0.29844000935554504,
            0.05630899965763092,
            0.07890500128269196,
            0.6747609972953796,
            0.0,
            1.0,
            0.0,
            0.0,
            0.0,
            1.0
        ],
        [
            -0.27480098605155945,
            0.4090009927749634,
            -0.20023499429225922,
            0.9900370240211487,
            0.1370690017938614,
            0.12874500453472137,
            -0.05138999968767166,
            0.9950270056724548,
            -0.08532919734716415,
            -0.4569830000400543,
            0.05254270136356354,
            0.8879219889640808
        ],
        [
            -0.2580530047416687,
            -0.12337499856948853,
            -0.0008429029840044677,
            0.06447269767522812,
            0.44947901368141174,
            0.08455459773540497,
            -0.021603899076581,
            0.9755070209503174,
            0.2189050018787384,
            0.002393919974565506,
            -0.2189050018787384,
            0.9757429957389832
        ]
    ],
    "ops": [
        [
            0,
            0,
            0,
            1,
            2,
            1,
            0,
            0,
            2,
            1,
            0,
            0,
            1,
            2,
            1,
            1,
            0,
            0,
            1,
            0,
            0,
            1,
            2,
            1,
            1
        ]
    ],
    "syms": [
        [
            0.0,
            1.0,
            -1.5086800431163283e-07,
            -1.291460023367108e-07,
            0.011349000036716461,
            0.196710005402565,
            -0.06925609707832336,
            0.0
        ],
        [
            0.0,
            1.0,
            5.219650120125152e-05,
            1.4116800230112858e-05,
            0.01135099958628416,
            -0.19333100318908691,
            0.27674600481987,
            0.0
        ],
        [
            -1.0,
            0.0012722599785774946,
            0.9999989867210388,
            -1.0230600082650199e-06,
            0.011451699770987034,
            -0.5620329976081848,
            0.03534410148859024,
            0.20000000298023224
        ],
        [
            0.0,
            0.9999290108680725,
            -0.011684600263834,
            -0.002375609939917922,
            0.010622300207614899,
            0.40566501021385193,
            -0.20091299712657928,
            0.0
        ]
    ],
    "labels:": [
        [
            1,
            3,
            3,
            2,
            2,
            2,
            2,
            0,
            0,
            0,
            0
        ]
    ],
    "obj": 43600,
    "mat_index": 5384,
    "obbs": "N 24\n0.0179673 0.436675 -0.212908 0.999902 0.0107482 0.00896906 -0.0107482 0.178946 0.9838 0.00896906 -0.9838 0.179044 0.743327 0.162958 0.973205\n0.0231495 0.884474 -0.29844 1 0 0 0 1 0 0 0 1 0.674761 0.056309 0.078905\n0.0113485 -0.465551 0.035344 1 0 0 0 1 0 0 0 1 0.112861 0.498704 0.11286\n0.401526 0.19671 -0.0692561 0.747629 0.384808 -0.541271 -0.556295 0.808043 -0.193915 0.36275 0.446082 0.818183 0.118797 0.0953339 0.41353\n-0.378828 0.19671 -0.069256 0.36275 -0.446083 -0.818182 0.556294 0.808043 -0.193916 0.747629 -0.384807 0.541271 0.41353 0.0953339 0.118797\n0.0113486 -0.0392579 0.149067 1 0.000237916 -1.70331e-06 -0.000237916 0.999897 -0.0143179 -1.70331e-06 0.0143179 0.999897 0.796393 0.0995905 0.682401\n0.296045 0.40233 -0.201591 -0.0371039 -0.993727 0.105497 0.853217 -0.0864613 -0.51434 0.520235 0.0709278 0.851073 1.00352 0.130219 0.146343\n-0.274801 0.409001 -0.200235 0.456983 -0.0525427 -0.887922 0.88799 0.0846244 0.45201 0.05139 -0.995027 0.0853292 0.137069 0.128745 0.990037\n0.250162 -0.193318 0.27675 0.0520761 0.219144 -0.974302 -0.00234269 0.97565 0.219322 0.99864 -0.00913896 0.0513214 0.146274 0.0868604 0.206415\n-0.22746 -0.193343 0.276743 0.998641 0.00902187 -0.0513296 0.00251417 0.975416 0.220357 0.0520557 -0.220187 0.974068 0.206407 0.0868605 0.146294\n0.447007 0.296273 0.080272 1 0 0 0 1 0 0 0 1 0.102612 0.057208 0.369334\n-0.424309 0.296273 0.080272 1 0 0 0 1 0 0 0 1 0.102612 0.057208 0.369334\n-0.275972 -0.562627 0.035344 0.951057 0.309017 1.08173e-07 3.79542e-07 -1.51817e-06 1 0.309017 -0.951057 -1.56115e-06 0.540966 0.04503 0.0841438\n-0.0771802 -0.561142 -0.238708 0.0697099 -0.953025 0.294762 0.953025 -0.023685 -0.301965 0.294762 0.301965 0.906605 0.0848534 0.045365 0.540719\n0.243795 -0.562629 -0.133539 0.76942 -0.30902 -0.559016 0.587788 1.13193e-05 0.809015 -0.249996 -0.951056 0.181647 0.540967 0.04503 0.0841438\n0.243796 -0.562627 0.204227 -0.769422 0.309014 -0.559018 -0.587788 -1.1365e-05 0.809015 0.24999 0.951058 0.181643 0.540966 0.04503 0.084144\n-0.0771803 -0.561142 0.309396 0.0697123 -0.953025 -0.294762 0.953025 -0.0236829 0.301966 -0.294762 -0.301966 0.906605 0.0848534 0.0453648 0.54072\n-0.522628 -0.681919 0.0300274 0.161867 0.0385484 -0.986059 0.275875 0.957627 0.0827233 0.947466 -0.285419 0.144374 0.0834093 0.105518 0.0831105\n-0.14844 -0.681586 -0.472816 0.988123 0.0400692 -0.148348 0.0208492 0.921517 0.387778 0.152243 -0.386265 0.909737 0.0834415 0.1065 0.0826125\n0.444647 -0.681662 -0.273234 -0.447343 -0.030796 -0.893832 -0.409227 0.895698 0.173949 0.795247 0.443595 -0.413286 0.0834313 0.106961 0.0830619\n0.438966 -0.681661 0.352232 0.712408 -0.0369989 -0.700789 -0.273 0.905337 -0.325325 0.646487 0.423079 0.634869 0.0834126 0.106917 0.0829773\n-0.158264 -0.681482 0.540506 0.417242 -0.367194 -0.831311 0.193119 0.929672 -0.313713 0.888039 -0.0296477 0.45881 0.082604 0.106088 0.0834346\n0.280677 -0.126318 0.00410642 -0.00323698 0.213153 -0.977014 -0.0300164 0.976558 0.213153 0.999544 0.0300164 0.00323698 0.438347 0.0628249 0.0849163\n-0.258053 -0.123375 -0.000842903 -0.00239392 0.218905 -0.975743 -0.0216039 0.975507 0.218905 0.999764 0.0216039 0.00239392 0.449479 0.0644727 0.0845546\nC 60\n0 7\n0 10\n0 3\n0 11\n0 4\n0 22\n0 5\n0 23\n0 1\n0 6\n0 2\n1 6\n1 7\n2 8\n2 22\n2 12\n2 5\n2 9\n2 23\n2 13\n2 16\n2 6\n2 14\n2 7\n2 15\n3 10\n3 6\n3 5\n3 22\n4 7\n4 23\n4 5\n4 11\n5 9\n5 6\n5 23\n5 8\n5 22\n5 7\n6 10\n6 22\n7 11\n7 23\n8 22\n9 23\n12 16\n12 13\n12 17\n12 14\n12 15\n13 16\n13 15\n13 14\n13 18\n14 19\n14 15\n14 16\n15 20\n15 16\n16 21\nS 7\n2\n3 0.401526 0.19671 -0.0692561\n4 -0.378828 0.19671 -0.069256\n2\n0.011349 0.19671 -0.0692561\n-1 1.50868e-07 1.29146e-07\n2\n6 0.296045 0.40233 -0.201591\n7 -0.274801 0.409001 -0.200235\n2\n0.0106223 0.405665 -0.200913\n-0.999929 0.0116846 0.00237561\n2\n8 0.250162 -0.193318 0.27675\n9 -0.22746 -0.193343 0.276743\n2\n0.011351 -0.193331 0.276746\n-1 -5.21965e-05 -1.41168e-05\n2\n10 0.447007 0.296273 0.080272\n11 -0.424309 0.296273 0.080272\n2\n0.011349 0.296273 0.080272\n-1 0 0\n5\n15 0.243796 -0.562627 0.204227\n16 -0.0771803 -0.561142 0.309396\n12 -0.275972 -0.562627 0.035344\n13 -0.0771802 -0.561142 -0.238708\n14 0.243795 -0.562629 -0.133539\n3\n0.0114517 -0.562033 0.0353441\n-0.00127226 -0.999999 1.02306e-06\n5\n19 0.444647 -0.681662 -0.273234\n18 -0.14844 -0.681586 -0.472816\n17 -0.522628 -0.681919 0.0300274\n21 -0.158264 -0.681482 0.540506\n20 0.438966 -0.681661 0.352232\n3\n0.0108561 -0.681662 0.0353432\n0.000133364 -1 7.58952e-05\n2\n22 0.280677 -0.126318 0.00410642\n23 -0.258053 -0.123375 -0.000842903\n2\n0.0113119 -0.124847 0.00163176\n-0.999943 0.00546323 -0.00918648\nL 24\n0\n0\n2\n3\n3\n1\n0\n0\n2\n2\n3\n3\n2\n2\n2\n2\n2\n2\n2\n2\n2\n2\n0\n0"
}