{
    "boxes": [
        [
            -0.0009694999898783863,
            -0.19537100195884705,
            0.20269300043582916,
            0.25426700711250305,
            0.9157999753952026,
            0.7599830031394958,
            0.0,
            1.0,
            0.0,
            0.0,
            0.0,
            1.0
        ],
        [
            -0.32662200927734375,
            -0.4950360059738159,
            -0.23964999616146088,
            0.4487909972667694,
            0.11646699905395508,
            0.11026400327682495,
            -0.032392699271440506,
            0.953698992729187,
            0.2990129888057709,
            0.1368360072374344,
            -0.2921209931373596,
            0.9465420246124268
        ],
        [
            -0.3301770091056824,
            -0.49459800124168396,
            0.6141160130500793,
            0.4211359918117523,
            0.08388499915599823,
            0.0919559970498085,
            0.0,
            1.0,
            0.0,
            0.0,
            0.0,
            1.0
        ],
        [
            -0.0009314990020357072,
            0.3056409955024719,
            -0.25356701016426086,
            0.9564849734306335,
            0.11866900324821472,
            0.7545409798622131,
            2.3058200682157803e-08,
            0.9924889802932739,
            -0.12233199924230576,
            2.6074799208686272e-08,
            0.12233199924230576,
            0.9924889802932739
        ]
    ],
    "ops": [
        [
            0,
            0,
            0,
            1,
            2,
            1,
            0,
            1
        ]
    ],
    "syms": [
        [
            0.0,
            0.9999849796295166,
            0.0015506800264120102,
            -0.005212320014834404,
            0.00035046201082877815,
            -0.49452900886535645,
            -0.24135400354862213,
            0.0
        ]
    ],
    "labels:": [
        [
            1,
            2,
            2,
            0
        ]
    ],
    "obj": 43616,
    "mat_index": 5396,
    "obbs": "N 6\n-0.000931499 0.305641 -0.253567 1 -2.60748e-08 -2.30582e-08 2.60748e-08 0.122332 0.992489 -2.30582e-08 -0.992489 0.122332 0.754541 0.118669 0.956485\n-0.0009695 -0.195371 0.202693 1 0 0 0 1 0 0 0 1 0.759983 0.254267 0.9158\n0.327323 -0.494022 -0.243059 -0.00301608 -0.953551 -0.301218 0.9989 -0.016967 0.0437098 -0.0467902 -0.300755 0.952553 0.44813 0.0923254 0.117674\n-0.326622 -0.495036 -0.23965 0.0323927 -0.953699 -0.299013 0.990064 0.071577 -0.121038 0.136836 -0.292121 0.946542 0.448791 0.110264 0.116467\n0.327758 -0.49775 0.614003 1 0 0 0 1 0 0 0 1 0.091729 0.414931 0.083657\n-0.330177 -0.494598 0.614116 1 0 0 0 1 0 0 0 1 0.091956 0.421136 0.083885\nC 7\n0 1\n0 3\n0 2\n1 2\n1 3\n1 4\n1 5\nS 2\n2\n2 0.327323 -0.494022 -0.243059\n3 -0.326622 -0.495036 -0.23965\n2\n0.000350462 -0.494529 -0.241354\n-0.999985 -0.00155068 0.00521232\n2\n4 0.327758 -0.49775 0.614003\n5 -0.330177 -0.494598 0.614116\n2\n-0.00120975 -0.496174 0.614059\n-0.999989 0.00479146 0.000173268\nL 6\n0\n1\n2\n2\n2\n2"
}