{
    "boxes": [
        [
            0.00829899962991476,
            -0.05131850019097328,
            0.07587949931621552,
            0.1971530020236969,
            0.9475910067558289,
            0.7955260276794434,
            0.0,
            1.0,
            0.0,
            0.0,
            0.0,
            1.0
        ],
        [
            -0.28386300802230835,
            -0.4481140077114105,
            -0.31723999977111816,
            0.7556250095367432,
            0.0911789983510971,
            0.05167200043797493,
            0.0,
            1.0,
            0.0,
            0.0,
            0.0,
            1.0
        ],
        [
            -0.33679699897766113,
            -0.45741501450538635,
            0.4198809862136841,
            0.7425270080566406,
            0.16058200597763062,
            0.0718144029378891,
            0.01226659957319498,
            0.9998850226402283,
            -0.008938039653003216,
            -0.6963459849357605,
            0.014956999570131302,
            0.7175509929656982
        ],
        [
            -0.2919920086860657,
            0.0696675032377243,
            -0.3465549945831299,
            0.29617398977279663,
            0.03499070182442665,
            0.05897359922528267,
            -0.024564599618315697,
            0.9911730289459229,
            -0.13028299808502197,
            0.1506730020046234,
            0.13250400125980377,
            0.9796630144119263
        ],
        [
            -0.005429000128060579,
            0.4975929856300354,
            -0.374206006526947,
            0.6862120032310486,
            0.013311600312590599,
            0.5988039970397949,
            1.8952900360247327e-10,
            0.991989016532898,
            -0.12632499635219574,
            2.1519500070787956e-10,
            0.12632499635219574,
            0.991989016532898
        ],
        [
            -0.005429000128060579,
            0.49480101466178894,
            -0.39596399664878845,
            0.7979140281677246,
            0.03801630064845085,
            0.710722029209137,
            3.6380300993954506e-09,
            0.9919030070304871,
            -0.12699800729751587,
            4.133520192795004e-09,
            0.12699800729751587,
            0.9919030070304871
        ]
    ],
    "ops": [
        [
            0,
            0,
            0,
            1,
            2,
            1,
            0,
            2,
            0,
            0,
            1,
            1,
            1
        ]
    ],
    "syms": [
        [
            0.0,
            0.9999960064888,
            -0.0026343800127506256,
            0.0003988159878645092,
            -0.010554799810051918,
            -0.44883498549461365,
            -0.31713199615478516,
            0.0
        ],
        [
            0.0,
            0.9998189806938171,
            -0.01888589933514595,
            0.002428160049021244,
            -0.010392599739134312,
            0.06434830278158188,
            -0.3458710014820099,
            0.0
        ]
    ],
    "labels:": [
        [
            1,
            2,
            2,
            0,
            0,
            0
        ]
    ],
    "obj": 43635,
    "mat_index": 5413,
    "obbs": "N 9\n-0.005429 0.497593 -0.374206 1 -2.15195e-10 -1.89529e-10 2.15195e-10 0.126325 0.991989 -1.89529e-10 -0.991989 0.126325 0.598804 0.0133116 0.686212\n0.008299 -0.0513185 0.0758795 1 0 0 0 1 0 0 0 1 0.795526 0.197153 0.947591\n0.271207 0.0590291 -0.345187 0.0472692 0.991708 -0.119503 0.0532395 0.116965 0.991708 0.997462 -0.0532395 -0.0472692 0.280015 0.0323455 0.0514273\n-0.291992 0.0696675 -0.346555 0.988278 0.00443501 -0.152598 0.150673 0.132504 0.979663 0.0245646 -0.991173 0.130283 0.0589736 0.0349907 0.296174\n-0.283863 -0.448114 -0.31724 1 0 0 0 1 0 0 0 1 0.051672 0.755625 0.091179\n0.262753 -0.449555 -0.317022 1 0 0 0 1 0 0 0 1 0.051671 0.755105 0.091179\n0.350066 -0.45727 0.424503 -0.644909 -0.0203939 -0.763987 0.76415 -0.000304812 -0.645039 0.012922 -0.999792 0.0157806 0.163463 0.0803728 0.743081\n-0.336797 -0.457415 0.419881 0.696346 -0.014957 -0.717551 0.717602 -0.00257796 0.696449 -0.0122666 -0.999885 0.00893804 0.160582 0.0718144 0.742527\n-0.005429 0.494801 -0.395964 1 -4.13352e-09 -3.63803e-09 4.13352e-09 0.126998 0.991903 -3.63803e-09 -0.991903 0.126998 0.710722 0.0380163 0.797914\nC 19\n0 1\n0 5\n0 4\n0 3\n0 8\n0 2\n1 2\n1 3\n1 4\n1 5\n1 8\n1 6\n1 7\n2 8\n2 5\n3 8\n3 4\n4 8\n5 8\nS 3\n2\n2 0.271207 0.0590291 -0.345187\n3 -0.291992 0.0696675 -0.346555\n2\n-0.0103926 0.0643483 -0.345871\n-0.999819 0.0188859 -0.00242816\n2\n4 -0.283863 -0.448114 -0.31724\n5 0.262753 -0.449555 -0.317022\n2\n-0.0105548 -0.448835 -0.317132\n0.999996 -0.00263438 0.000398816\n2\n6 0.350066 -0.45727 0.424503\n7 -0.336797 -0.457415 0.419881\n2\n0.00663461 -0.457342 0.422192\n-0.999977 -0.000211475 -0.00672789\nL 9\n0\n1\n0\n0\n2\n2\n2\n2\n0"
}