{
    "boxes": [
        [
            -0.004025499802082777,
            -0.23493100702762604,
            0.14339099824428558,
            0.35796499252319336,
            1.013010025024414,
            0.9430069923400879,
            2.0022399738195418e-08,
            0.9909719824790955,
            -0.13406799733638763,
            1.3482700511602275e-09,
            0.13406799733638763,
            0.9909719824790955
        ],
        [
            -0.45263999700546265,
            -0.08010400086641312,
            -0.3143639862537384,
            0.3942039906978607,
            0.09334400296211243,
            0.09334400296211243,
            0.0,
            1.0,
            0.0,
            0.0,
            0.0,
            1.0
        ],
        [
            -0.45263999700546265,
            0.006816000211983919,
            0.6194869875907898,
            0.4773559868335724,
            0.0934860035777092,
            0.0934860035777092,
            0.0,
            1.0,
            0.0,
            0.0,
            0.0,
            1.0
        ],
        [
            -0.4871169924736023,
            0.13157199323177338,
            0.06168520078063011,
            0.1489039957523346,
            1.3783799409866333,
            0.2007330060005188,
            0.13945400714874268,
            0.9747639894485474,
            -0.17431999742984772,
            0.012310200370848179,
            0.17431999742984772,
            0.984611988067627
        ],
        [
            -0.45263999700546265,
            -0.41010600328445435,
            0.6194869875907898,
            0.3813430070877075,
            0.0934860035777092,
            0.0934860035777092,
            0.0,
            1.0,
            0.0,
            0.0,
            0.0,
            1.0
        ],
        [
            -0.45263999700546265,
            -0.4270859956741333,
            -0.3143639862537384,
            0.3472430109977722,
            0.09334400296211243,
            0.09334400296211243,
            0.0,
            1.0,
            0.0,
            0.0,
            0.0,
            1.0
        ],
        [
            -0.00395515002310276,
            0.3100219964981079,
            -0.31014901399612427,
            0.8317360281944275,
            0.19029399752616882,
            0.7826619744300842,
            0.004766529891639948,
            0.9848799705505371,
            -0.17317000031471252,
            0.005677659995853901,
            0.17314200103282928,
            0.9848799705505371
        ],
        [
            -0.004025499802082777,
            0.6514859795570374,
            -0.4600850045681,
            0.1571190059185028,
            0.07032699882984161,
            0.7049670219421387,
            5.315270001915451e-08,
            0.9884600043296814,
            -0.15147900581359863,
            6.191879720063298e-08,
            0.15147900581359863,
            0.9884600043296814
        ],
        [
            -0.004025499802082777,
            0.41626399755477905,
            -0.4189220070838928,
            0.10384699702262878,
            0.07224679738283157,
            0.7049670219421387,
            5.556839965947802e-08,
            0.9920409917831421,
            -0.1259170025587082,
            6.306739663841654e-08,
            0.1259170025587082,
            0.9920409917831421
        ],
        [
            -0.004025499802082777,
            0.20813700556755066,
            -0.3822230100631714,
            0.10559699684381485,
            0.07500520348548889,
            0.7049670219421387,
            5.1550600232985744e-08,
            0.9685479998588562,
            -0.2488279938697815,
            6.64683028617219e-08,
            0.2488279938697815,
            0.9685479998588562
        ],
        [
            -0.3565090000629425,
            0.33475300669670105,
            -0.3847140073776245,
            0.9063850045204163,
            0.04119990020990372,
            0.07324299961328506,
            -0.0,
            0.9848080277442932,
            -0.17364799976348877,
            -0.0,
            0.17364799976348877,
            0.9848080277442932
        ],
        [
            -0.4297809898853302,
            0.06020350009202957,
            -0.3756380081176758,
            0.04358299821615219,
            0.0435819998383522,
            0.16708600521087646,
            0.0,
            1.0,
            0.0,
            0.0,
            0.0,
            1.0
        ],
        [
            -0.004025499802082777,
            1.049230013450142e-05,
            -0.34552499651908875,
            0.1013220027089119,
            0.06838169693946838,
            0.7049670219421387,
            5.73904017642235e-08,
            0.9831799864768982,
            -0.18264199793338776,
            6.903349714093565e-08,
            0.18264199793338776,
            0.9831799864768982
        ],
        [
            -0.34620898962020874,
            -0.06421949714422226,
            -0.3143649995326996,
            0.0424249991774559,
            0.0424249991774559,
            0.16708600521087646,
            0.0,
            1.0,
            0.0,
            0.0,
            0.0,
            1.0
        ]
    ],
    "ops": [
        [
            0,
            0,
            0,
            0,
            1,
            1,
            2,
            1,
            0,
            0,
            1,
            2,
            1,
            0,
            0,
            1,
            0,
            0,
            1,
            1,
            0,
            0,
            1,
            2,
            0,
            0,
            2,
            1,
            1,
            1,
            1
        ]
    ],
    "syms": [
        [
            0.0,
            0.9999970197677612,
            -0.002309320028871298,
            0.0,
            -0.004025000147521496,
            -0.08113999664783478,
            -0.3143639862537384,
            0.0
        ],
        [
            0.0,
            0.999987006187439,
            0.005190909840166569,
            0.0,
            -0.004025000147521496,
            -0.40777701139450073,
            0.6194869875907898,
            0.0
        ],
        [
            0.0,
            1.0,
            -7.874300180828734e-17,
            0.0,
            -0.00402525020763278,
            0.33475300669670105,
            -0.3847140073776245,
            0.0
        ],
        [
            0.0,
            1.0,
            0.0,
            0.0,
            -0.004025499802082777,
            -0.06421949714422226,
            -0.3143649995326996,
            0.0
        ]
    ],
    "labels:": [
        [
            1,
            3,
            3,
            3,
            2,
            2,
            0,
            0,
            0,
            0,
            0,
            0,
            0,
            0
        ]
    ],
    "obj": 43644,
    "mat_index": 5422,
    "obbs": "N 22\n-0.00395515 0.310022 -0.310149 0.999973 -0.00567766 -0.00476653 0.00567766 0.173142 0.98488 -0.00476653 -0.98488 0.17317 0.782662 0.190294 0.831736\n-0.0040255 -0.234931 0.143391 -1.34827e-09 -0.134068 -0.990972 2.00224e-08 0.990972 -0.134068 1 -2.00224e-08 1.34827e-09 1.01301 0.357965 0.943007\n-0.356509 0.334753 -0.384714 1 0 0 -0 0.173648 0.984808 0 -0.984808 0.173648 0.073243 0.0411999 0.906385\n0.348458 0.334753 -0.384714 1 0 0 0 0.173648 0.984808 0 -0.984808 0.173648 0.073244 0.0411999 0.906385\n-0.45264 0.006816 0.619487 1 0 0 0 1 0 0 0 1 0.093486 0.477356 0.093486\n-0.45264 -0.080104 -0.314364 1 0 0 0 1 0 0 0 1 0.093344 0.394204 0.093344\n0.44459 -0.082176 -0.314364 1 0 0 0 1 0 0 0 1 0.093344 0.397986 0.093344\n0.44459 0.008371 0.619487 1 0 0 0 1 0 0 0 1 0.093486 0.474246 0.093486\n-0.487117 0.131572 0.0616852 -0.0123102 -0.17432 -0.984612 0.139454 0.974764 -0.17432 0.990152 -0.139454 0.0123102 1.37838 0.148904 0.200733\n0.478915 0.132737 0.061541 0.990354 0.138039 -0.0119846 -0.138039 0.975464 -0.171511 -0.0119846 0.171511 0.985109 0.200699 0.147107 1.37833\n-0.0040255 0.651486 -0.460085 1 -6.19188e-08 -5.31527e-08 6.19188e-08 0.151479 0.98846 -5.31527e-08 -0.98846 0.151479 0.704967 0.070327 0.157119\n-0.0040255 0.416264 -0.418922 1 -6.30674e-08 -5.55684e-08 6.30674e-08 0.125917 0.992041 -5.55684e-08 -0.992041 0.125917 0.704967 0.0722468 0.103847\n-0.0040255 0.208137 -0.382223 1 -6.64683e-08 -5.15506e-08 6.64683e-08 0.248828 0.968548 -5.15506e-08 -0.968548 0.248828 0.704967 0.0750052 0.105597\n-0.0040255 1.04923e-05 -0.345525 1 -6.90335e-08 -5.73904e-08 6.90335e-08 0.182642 0.98318 -5.73904e-08 -0.98318 0.182642 0.704967 0.0683817 0.101322\n-0.429781 0.0602035 -0.375638 1 0 0 0 1 0 0 0 1 0.167086 0.043583 0.043582\n0.421731 0.0602035 -0.375638 1 0 0 0 1 0 0 0 1 0.167087 0.043583 0.043582\n-0.346209 -0.0642195 -0.314365 1 0 0 0 1 0 0 0 1 0.167086 0.042425 0.042425\n0.338158 -0.0642195 -0.314365 1 0 0 0 1 0 0 0 1 0.167086 0.042425 0.042425\n-0.45264 -0.410106 0.619487 1 0 0 0 1 0 0 0 1 0.093486 0.381343 0.093486\n0.44459 -0.405448 0.619487 1 0 0 0 1 0 0 0 1 0.093486 0.390658 0.093486\n0.44459 -0.432857 -0.314364 1 0 0 0 1 0 0 0 1 0.093344 0.3357 0.093344\n-0.45264 -0.427086 -0.314364 1 0 0 0 1 0 0 0 1 0.093344 0.347243 0.093344\nC 95\n0 20\n0 10\n0 17\n0 1\n0 14\n0 21\n0 11\n0 5\n0 8\n0 2\n0 15\n0 12\n0 6\n0 9\n0 16\n0 3\n0 13\n1 17\n1 6\n1 21\n1 15\n1 16\n1 5\n1 19\n1 3\n1 20\n1 14\n1 4\n1 9\n1 18\n1 7\n1 2\n1 13\n1 8\n2 5\n2 11\n2 12\n2 8\n2 13\n2 14\n2 16\n2 10\n2 21\n3 12\n3 11\n3 17\n3 6\n3 15\n3 10\n3 9\n3 20\n3 13\n4 8\n4 18\n5 8\n5 21\n5 14\n5 13\n5 16\n5 12\n6 9\n6 13\n6 20\n6 17\n6 15\n6 12\n7 19\n7 9\n8 21\n8 12\n8 13\n8 16\n8 14\n9 20\n9 13\n9 12\n9 15\n9 17\n10 11\n11 12\n12 17\n12 13\n12 14\n12 16\n12 15\n13 17\n13 20\n13 16\n13 15\n13 21\n13 14\n14 16\n15 17\n16 21\n17 20\nS 8\n2\n2 -0.356509 0.334753 -0.384714\n3 0.348458 0.334753 -0.384714\n2\n-0.00402525 0.334753 -0.384714\n1 -7.8743e-17 0\n2\n4 -0.45264 0.006816 0.619487\n7 0.44459 0.008371 0.619487\n2\n-0.004025 0.0075935 0.619487\n0.999998 0.00173311 0\n2\n5 -0.45264 -0.080104 -0.314364\n6 0.44459 -0.082176 -0.314364\n2\n-0.004025 -0.08114 -0.314364\n0.999997 -0.00230932 0\n2\n8 -0.487117 0.131572 0.0616852\n9 0.478915 0.132737 0.061541\n2\n-0.00410064 0.132154 0.0616131\n0.999999 0.00120553 -0.000149283\n2\n14 -0.429781 0.0602035 -0.375638\n15 0.421731 0.0602035 -0.375638\n2\n-0.00402525 0.0602035 -0.375638\n1 0 0\n2\n16 -0.346209 -0.0642195 -0.314365\n17 0.338158 -0.0642195 -0.314365\n2\n-0.0040255 -0.0642195 -0.314365\n1 0 0\n2\n18 -0.45264 -0.410106 0.619487\n19 0.44459 -0.405448 0.619487\n2\n-0.004025 -0.407777 0.619487\n0.999987 0.00519091 0\n2\n20 0.44459 -0.432857 -0.314364\n21 -0.45264 -0.427086 -0.314364\n2\n-0.004025 -0.429971 -0.314364\n-0.999979 0.00643244 0\nL 22\n0\n1\n0\n0\n3\n3\n3\n3\n3\n3\n0\n0\n0\n0\n0\n0\n0\n0\n2\n2\n2\n2"
}