{
    "boxes": [
        [
            0.013249999843537807,
            -0.00686699990183115,
            0.10494200140237808,
            0.49445000290870667,
            1.254729986190796,
            1.4034299850463867,
            0.0,
            1.0,
            0.0,
            0.0,
            0.0,
            1.0
        ],
        [
            -0.45364999771118164,
            0.006081560160964727,
            0.07329359650611877,
            0.4954020082950592,
            1.187690019607544,
            0.306304007768631,
            0.10182200372219086,
            0.9942209720611572,
            0.03400149941444397,
            -0.21970899403095245,
            -0.0108602000400424,
            0.975504994392395
        ],
        [
            -0.6442109942436218,
            -0.38889798521995544,
            0.6211320161819458,
            0.28012099862098694,
            0.06964799761772156,
            0.06964900344610214,
            0.0,
            1.0,
            0.0,
            0.0,
            0.0,
            1.0
        ],
        [
            -0.418940007686615,
            -0.3946340084075928,
            -0.5098000168800354,
            0.3469749987125397,
            0.08067090064287186,
            0.09186349809169769,
            0.0936117023229599,
            0.9449859857559204,
            0.3134300112724304,
            -0.16038499772548676,
            -0.29638800024986267,
            0.9415050148963928
        ],
        [
            0.4357849955558777,
            -0.3976620137691498,
            -0.5125839710235596,
            0.3469739854335785,
            0.0806707963347435,
            0.09186889976263046,
            0.07568509876728058,
            0.9449939727783203,
            0.31821200251579285,
            0.6096810102462769,
            -0.29638099670410156,
            0.7351509928703308
        ],
        [
            0.01233960036188364,
            0.2691580057144165,
            -0.44915100932121277,
            0.7665370106697083,
            0.12064500153064728,
            0.7347279787063599,
            -1.307299953623442e-06,
            0.9833239912986755,
            -0.18185999989509583,
            -1.5712499816800118e-06,
            0.18185999989509583,
            0.9833239912986755
        ],
        [
            0.010897999629378319,
            0.2528969943523407,
            -0.5367670059204102,
            0.9556199908256531,
            0.057870399206876755,
            0.9076319932937622,
            -9.525709998570164e-08,
            0.9832550287246704,
            -0.1822350025177002,
            -1.1453399650918072e-07,
            0.1822350025177002,
            0.9832550287246704
        ]
    ],
    "ops": [
        [
            0,
            0,
            2,
            1,
            0,
            2,
            0,
            0,
            1,
            1,
            1,
            0,
            0,
            1,
            1
        ]
    ],
    "syms": [
        [
            0.0,
            0.9999949932098389,
            0.0012921600136905909,
            -0.003053280059248209,
            0.01584080047905445,
            0.006688219960778952,
            0.07186009734869003,
            0.0
        ],
        [
            0.0,
            0.9999819993972778,
            -0.0,
            -0.005918070208281279,
            0.013720800168812275,
            -0.38889798521995544,
            0.6172379851341248,
            0.0
        ]
    ],
    "labels:": [
        [
            1,
            3,
            2,
            2,
            2,
            0,
            0
        ]
    ],
    "obj": 43674,
    "mat_index": 5439,
    "obbs": "N 9\n0.0123396 0.269158 -0.449151 -1.3073e-06 0.983324 -0.18186 -1.57125e-06 0.18186 0.983324 1 1.57125e-06 1.3073e-06 0.766537 0.120645 0.734728\n0.485332 0.00729489 0.0704266 -0.218131 -0.0127596 -0.975836 0.956716 0.19459 -0.216401 0.192649 -0.980802 -0.0302387 1.19104 0.322211 0.50554\n-0.45365 0.00608156 0.0732936 0.101822 0.994221 0.0340015 0.970237 -0.106798 0.217333 0.219709 0.0108602 -0.975505 0.495402 0.306304 1.18769\n0.01325 -0.006867 0.104942 1 0 0 0 1 0 0 0 1 1.40343 0.49445 1.25473\n0.010898 0.252897 -0.536767 -9.52571e-08 0.983255 -0.182235 -1.14534e-07 0.182235 0.983255 1 1.14534e-07 9.52571e-08 0.95562 0.0578704 0.907632\n-0.41894 -0.394634 -0.5098 0.0936117 0.944986 0.31343 -0.160385 -0.296388 0.941505 0.982605 -0.138405 0.123816 0.346975 0.0806709 0.0918635\n0.435785 -0.397662 -0.512584 0.789025 0.138368 -0.598576 0.609681 -0.296381 0.735151 -0.0756851 -0.944994 -0.318212 0.0918689 0.0806708 0.346974\n0.671652 -0.388898 0.613344 1 0 0 0 1 0 0 0 1 0.076308 0.280121 0.085301\n-0.644211 -0.388898 0.621132 1 0 0 0 1 0 0 0 1 0.069649 0.280121 0.069648\nC 21\n0 1\n0 6\n0 5\n0 4\n0 3\n0 2\n1 3\n1 4\n1 6\n1 7\n2 8\n2 4\n2 3\n2 5\n3 5\n3 7\n3 8\n3 6\n3 4\n4 6\n4 5\nS 2\n2\n1 0.485332 0.00729489 0.0704266\n2 -0.45365 0.00608156 0.0732936\n2\n0.0158408 0.00668822 0.0718601\n-0.999995 -0.00129216 0.00305328\n2\n7 0.671652 -0.388898 0.613344\n8 -0.644211 -0.388898 0.621132\n2\n0.0137208 -0.388898 0.617238\n-0.999982 0 0.00591807\nL 9\n0\n3\n3\n1\n0\n2\n2\n2\n2"
}