{
    "boxes": [
        [
            -0.002454000059515238,
            -0.23848499357700348,
            0.13118299841880798,
            0.4848870038986206,
            0.7941150069236755,
            0.6691539883613586,
            0.0,
            1.0,
            0.0,
            0.0,
            0.0,
            1.0
        ],
        [
            -0.41060400009155273,
            -0.1416109949350357,
            0.09050499647855759,
            0.7765690088272095,
            0.834194004535675,
            0.1699959933757782,
            0.0015443499432876706,
            0.99583500623703,
            -0.09116099774837494,
            -0.01333369966596365,
            0.09117359668016434,
            0.9957460165023804
        ],
        [
            -0.0025556599721312523,
            0.3297579884529114,
            -0.29541000723838806,
            1.121880054473877,
            0.21456299722194672,
            0.6430850028991699,
            -0.004630850162357092,
            0.9386119842529297,
            -0.34494200348854065,
            -0.006635400000959635,
            0.34490999579429626,
            0.9386119842529297
        ],
        [
            -0.0030722799710929394,
            0.28213998675346375,
            -0.3563480079174042,
            1.0943399667739868,
            0.21870799362659454,
            0.6417229771614075,
            0.0008923509740270674,
            0.9094200134277344,
            -0.41587701439857483,
            0.0013892999850213528,
            0.41587600111961365,
            0.9094200134277344
        ]
    ],
    "ops": [
        [
            0,
            0,
            2,
            1,
            0,
            0,
            1,
            1
        ]
    ],
    "syms": [
        [
            0.0,
            0.9999200105667114,
            0.001984549919143319,
            0.012506299652159214,
            -0.0030033199582248926,
            -0.14080199599266052,
            0.09560289978981018,
            0.0
        ]
    ],
    "labels:": [
        [
            1,
            3,
            0,
            0
        ]
    ],
    "obj": 43698,
    "mat_index": 5453,
    "obbs": "N 5\n-0.00255566 0.329758 -0.29541 -0.00463085 0.938612 -0.344942 -0.0066354 0.34491 0.938612 0.999967 0.0066354 0.00463085 1.12188 0.214563 0.643085\n0.404597 -0.139993 0.100701 -2.20828e-16 0.994522 -0.104528 1 2.22045e-16 0 2.321e-17 -0.104528 -0.994522 0.779211 0.169428 0.830654\n-0.410604 -0.141611 0.090505 0.00154435 0.995835 -0.091161 0.99991 -0.00032226 0.013419 0.0133337 -0.0911736 -0.995746 0.776569 0.169996 0.834194\n-0.002454 -0.238485 0.131183 1 0 0 0 1 0 0 0 1 0.669154 0.484887 0.794115\n-0.00307228 0.28214 -0.356348 0.999999 -0.0013893 -0.000892351 0.0013893 0.415876 0.90942 -0.000892351 -0.90942 0.415877 0.641723 0.218708 1.09434\nC 9\n0 1\n0 4\n0 3\n0 2\n1 3\n1 4\n2 4\n2 3\n3 4\nS 1\n2\n1 0.404597 -0.139993 0.100701\n2 -0.410604 -0.141611 0.090505\n2\n-0.00300332 -0.140802 0.0956029\n-0.99992 -0.00198455 -0.0125063\nL 5\n0\n3\n3\n1\n0"
}