{
    "boxes": [
        [
            0.0031163000967353582,
            -0.16701899468898773,
            0.1469610035419464,
            0.15738600492477417,
            0.6983929872512817,
            0.816694974899292,
            0.0026543899439275265,
            0.9942389726638794,
            -0.1071539968252182,
            0.00014262499462347478,
            0.1071539968252182,
            0.9942420125007629
        ],
        [
            -0.42025598883628845,
            0.030351100489497185,
            0.06376499682664871,
            0.4960019886493683,
            0.045970700681209564,
            0.03622160106897354,
            -0.00076482497388497,
            0.7809439897537231,
            0.6245999932289124,
            -0.050718799233436584,
            -0.6238269805908203,
            0.7799149751663208
        ],
        [
            -0.4203459918498993,
            0.22517399489879608,
            -0.00571200018748641,
            0.05609799921512604,
            0.43709200620651245,
            0.035746000707149506,
            0.0,
            1.0,
            0.0,
            0.0,
            0.0,
            1.0
        ],
        [
            -0.420183002948761,
            -0.4734790027141571,
            -0.2743149995803833,
            0.7535499930381775,
            0.03979260101914406,
            0.05346069857478142,
            -0.023859599605202675,
            0.855301022529602,
            0.5175819993019104,
            -0.013447100296616554,
            -0.5179569721221924,
            0.855301022529602
        ],
        [
            0.35089799761772156,
            -0.49288100004196167,
            0.3961949944496155,
            0.6164860129356384,
            0.04282490164041519,
            0.03444350138306618,
            0.07515110075473785,
            0.9970579743385315,
            -0.015084000304341316,
            0.11163000017404556,
            0.006619719788432121,
            0.99372798204422
        ],
        [
            -0.34182798862457275,
            -0.4889470040798187,
            0.39503800868988037,
            0.6239370107650757,
            0.042356401681900024,
            0.03838149830698967,
            -0.07520139962434769,
            0.997081995010376,
            -0.013154599815607071,
            0.2896049916744232,
            0.03446200117468834,
            0.956525981426239
        ],
        [
            -0.002881529973819852,
            0.2482679933309555,
            -0.17436400055885315,
            0.6645659804344177,
            0.22166800498962402,
            0.7496470212936401,
            0.0004520399961620569,
            0.9835339784622192,
            -0.18072399497032166,
            0.0005426700226962566,
            0.18072399497032166,
            0.9835339784622192
        ],
        [
            -0.0016272199572995305,
            0.19767199456691742,
            -0.21614199876785278,
            0.7891259789466858,
            0.2070930004119873,
            0.7857369780540466,
            0.001123729976825416,
            0.9874190092086792,
            -0.15811899304389954,
            0.0013179900124669075,
            0.15811699628829956,
            0.9874190092086792
        ]
    ],
    "ops": [
        [
            0,
            0,
            0,
            1,
            2,
            1,
            0,
            2,
            0,
            0,
            1,
            1,
            1,
            0,
            0,
            1,
            1
        ]
    ],
    "syms": [
        [
            0.0,
            0.9999619722366333,
            -0.007551540154963732,
            -0.0043890997767448425,
            0.000991859007626772,
            0.027170000597834587,
            0.06191600114107132,
            0.0
        ],
        [
            0.0,
            0.9999200105667114,
            -0.010624900460243225,
            -0.00690174987539649,
            0.0008519680122844875,
            -0.4779520034790039,
            -0.2772209942340851,
            0.0
        ]
    ],
    "labels:": [
        [
            1,
            3,
            3,
            2,
            2,
            2,
            0,
            0
        ]
    ],
    "obj": 43702,
    "mat_index": 5454,
    "obbs": "N 11\n-0.00288153 0.248268 -0.174364 1 -0.00054267 -0.00045204 0.00054267 0.180724 0.983534 -0.00045204 -0.983534 0.180724 0.749647 0.221668 0.664566\n0.0031163 -0.167019 0.146961 0.999996 -0.00265439 0.000142625 0.00265439 0.994239 -0.107154 0.000142625 0.107154 0.994242 0.816695 0.157386 0.698393\n0.422239 0.0239888 0.060067 -0.00142273 0.779805 0.626021 -0.126436 -0.621138 0.773435 0.991974 -0.0780515 0.0994795 0.510606 0.0481411 0.0371937\n-0.420256 0.0303511 0.063765 -0.000764825 0.780944 0.6246 -0.0507188 -0.623827 0.779915 0.998713 -0.0310824 0.0400856 0.496002 0.0459707 0.0362216\n0.421989 0.223934 -0.0014495 1 0 0 0 1 0 0 0 1 0.035746 0.058579 0.445403\n-0.420346 0.225174 -0.005712 1 0 0 0 1 0 0 0 1 0.035746 0.056098 0.437092\n-0.00162722 0.197672 -0.216142 0.999999 -0.00131799 -0.00112373 0.00131799 0.158117 0.987419 -0.00112373 -0.987419 0.158119 0.785737 0.207093 0.789126\n0.421887 -0.482426 -0.280127 0.998595 0.0387995 -0.0360918 0.0509331 -0.514823 0.855782 0.014623 -0.856418 -0.516076 0.0461344 0.0393016 0.73225\n-0.420183 -0.473479 -0.274315 -0.0238596 0.855301 0.517582 -0.0134471 -0.517957 0.855301 0.999625 0.0134471 0.0238596 0.75355 0.0397926 0.0534607\n0.350898 -0.492881 0.396195 -0.11163 -0.00661972 -0.993728 0.990904 -0.0763635 -0.110804 -0.0751511 -0.997058 0.015084 0.0428249 0.0344435 0.616486\n-0.341828 -0.488947 0.395038 0.0752014 -0.997082 0.0131546 0.954187 0.0681224 -0.291351 0.289605 0.034462 0.956526 0.623937 0.0383815 0.0423564\nC 25\n0 2\n0 7\n0 3\n0 4\n0 5\n0 8\n0 1\n0 6\n1 3\n1 6\n1 2\n1 10\n1 9\n1 8\n1 7\n2 6\n2 7\n2 4\n3 6\n3 5\n3 8\n4 6\n5 6\n6 7\n6 8\nS 3\n2\n2 0.422239 0.0239888 0.060067\n3 -0.420256 0.0303511 0.063765\n2\n0.000991859 0.02717 0.061916\n-0.999962 0.00755154 0.0043891\n2\n4 0.421989 0.223934 -0.0014495\n5 -0.420346 0.225174 -0.005712\n2\n0.0008215 0.224554 -0.00358075\n-0.999986 0.00147267 -0.00506027\n2\n7 0.421887 -0.482426 -0.280127\n8 -0.420183 -0.473479 -0.274315\n2\n0.000851968 -0.477952 -0.277221\n-0.99992 0.0106249 0.00690175\nL 11\n0\n1\n3\n3\n3\n3\n0\n2\n2\n2\n2"
}