{
    "boxes": [
        [
            0.017613999545574188,
            -0.014872499741613865,
            0.18841800093650818,
            0.4659990072250366,
            0.8358880281448364,
            1.4408799409866333,
            0.0,
            1.0,
            0.0,
            0.0,
            0.0,
            1.0
        ],
        [
            0.006064500194042921,
            -0.5255399942398071,
            0.13222000002861023,
            0.44726601243019104,
            0.06907100230455399,
            0.06929700076580048,
            0.0,
            1.0,
            0.0,
            0.0,
            0.0,
            1.0
        ],
        [
            -0.006188820116221905,
            -0.762719988822937,
            -0.17330299317836761,
            0.0868201032280922,
            0.5930280089378357,
            0.0277319997549057,
            -0.008590180426836014,
            0.9795529842376709,
            -0.20100100338459015,
            0.04465619847178459,
            0.2011840045452118,
            0.978534996509552
        ],
        [
            -0.011680300347507,
            0.24430100619792938,
            -0.12065999954938889,
            0.8082410097122192,
            0.5383149981498718,
            1.4296000003814697,
            -0.02938549965620041,
            0.934319019317627,
            -0.35522300004959106,
            0.0333109013736248,
            0.35609498620033264,
            0.9338560104370117
        ],
        [
            0.003224619897082448,
            0.205377995967865,
            -0.13202999532222748,
            0.8165169954299927,
            0.5244269967079163,
            1.4410300254821777,
            -0.0191980991512537,
            0.9510390162467957,
            -0.30847498774528503,
            0.04561220109462738,
            0.3090440034866333,
            0.949953019618988
        ]
    ],
    "ops": [
        [
            0,
            0,
            0,
            2,
            1,
            1,
            0,
            0,
            1,
            1
        ]
    ],
    "syms": [
        [
            -1.0,
            -0.005938959773629904,
            0.9999610185623169,
            0.006560159847140312,
            0.008900119923055172,
            -0.7646369934082031,
            0.131305992603302,
            0.25
        ]
    ],
    "labels:": [
        [
            1,
            2,
            2,
            0,
            0
        ]
    ],
    "obj": 43707,
    "mat_index": 5458,
    "obbs": "N 8\n-0.0116803 0.244301 -0.12066 0.999013 0.015609 -0.041587 0.0333109 0.356095 0.933856 0.0293855 -0.934319 0.355223 1.4296 0.538315 0.808241\n0.0060645 -0.52554 0.13222 1 0 0 0 1 0 0 0 1 0.069297 0.447266 0.069071\n0.017614 -0.0148725 0.188418 1 0 0 0 1 0 0 0 1 1.44088 0.465999 0.835888\n0.00322462 0.205378 -0.13203 0.998775 0.00416706 -0.049312 0.0456122 0.309044 0.949953 0.0191981 -0.951039 0.308475 1.44103 0.524427 0.816517\n0.0222605 -0.766553 0.436743 -0.0442895 0.214628 -0.975691 0.998965 -0.000578383 -0.0454732 -0.0103241 -0.976696 -0.21438 0.593907 0.0277327 0.0865656\n-0.29636 -0.766538 0.143457 -0.214406 0.976696 0.00977131 0.0454723 -1.19541e-05 0.998966 0.975686 0.214628 -0.04441 0.0865541 0.0277325 0.593941\n-0.00618882 -0.76272 -0.173303 -0.0446562 -0.201184 -0.978535 0.998965 -0.000570176 -0.0454714 0.00859018 -0.979553 0.201001 0.593028 0.027732 0.0868201\n0.315889 -0.762736 0.118326 -0.978541 0.201182 0.0445406 0.0454691 -6.11797e-06 0.998966 0.200974 0.979554 -0.00914157 0.592987 0.0277335 0.0868283\nC 14\n0 3\n0 2\n1 3\n1 4\n1 5\n1 6\n1 7\n2 3\n4 7\n4 6\n4 5\n5 6\n5 7\n6 7\nS 1\n4\n6 -0.00618882 -0.76272 -0.173303\n5 -0.29636 -0.766538 0.143457\n4 0.0222605 -0.766553 0.436743\n7 0.315889 -0.762736 0.118326\n3\n0.00890012 -0.764637 0.131306\n0.00593896 -0.999961 -0.00656016\nL 8\n0\n2\n1\n0\n2\n2\n2\n2"
}