{
    "boxes": [
        [
            -0.019271399825811386,
            -0.11035799980163574,
            0.12546299397945404,
            0.06484249979257584,
            0.7604110240936279,
            0.7554309964179993,
            -0.0033633399289101362,
            0.9992650151252747,
            -0.0381850004196167,
            -6.423820013878867e-05,
            0.0381850004196167,
            0.9992709755897522
        ],
        [
            -0.3930169939994812,
            -0.3925899863243103,
            0.5307719707489014,
            0.6227949857711792,
            0.0712788999080658,
            0.062182001769542694,
            -0.01654919981956482,
            0.9652479887008667,
            -0.2608110010623932,
            0.5311880111694336,
            0.22947899997234344,
            0.8155850172042847
        ],
        [
            -0.02023649960756302,
            -0.28095099329948425,
            -0.25473499298095703,
            0.043083999305963516,
            0.043083999305963516,
            0.7553070187568665,
            -0.0,
            1.0,
            6.969539962514704e-12,
            0.0,
            -6.969539962514704e-12,
            1.0
        ],
        [
            -0.3949039876461029,
            -0.42135798931121826,
            -0.2895379960536957,
            0.5808719992637634,
            0.06730610132217407,
            0.05253170058131218,
            -0.01674940064549446,
            0.9547950029373169,
            0.29679200053215027,
            0.2185090035200119,
            -0.28616398572921753,
            0.93293297290802
        ],
        [
            -0.019242500886321068,
            0.5088030099868774,
            -0.32195401191711426,
            0.14419099688529968,
            0.036900900304317474,
            0.7323449850082397,
            1.9304000034026103e-06,
            0.9923869967460632,
            -0.12316200137138367,
            2.1847799871466123e-06,
            0.12316200137138367,
            0.9923869967460632
        ],
        [
            -0.026177000254392624,
            0.6700009703636169,
            -0.34970998764038086,
            0.06811399757862091,
            0.04904500022530556,
            0.6703360080718994,
            0.0,
            1.0,
            0.0,
            0.0,
            0.0,
            1.0
        ],
        [
            -0.34905800223350525,
            0.2615010142326355,
            -0.2940810024738312,
            0.8064240217208862,
            0.07139059901237488,
            0.07696180045604706,
            -0.006663130130618811,
            0.987962007522583,
            -0.15455199778079987,
            0.15455199778079987,
            0.15371599793434143,
            0.9759529829025269
        ]
    ],
    "ops": [
        [
            0,
            0,
            2,
            0,
            2,
            0,
            2,
            1,
            1,
            1,
            0,
            2,
            0,
            0,
            2,
            1,
            1,
            1
        ]
    ],
    "syms": [
        [
            0.0,
            0.9999169707298279,
            -0.012244700454175472,
            -0.003968240227550268,
            -0.01775049977004528,
            -0.39718499779701233,
            0.5292819738388062,
            0.0
        ],
        [
            0.0,
            0.0004980569938197732,
            -0.00021541099704336375,
            1.0,
            -0.020045800134539604,
            -0.281033992767334,
            0.1282529979944229,
            0.0
        ],
        [
            0.0,
            0.9999909996986389,
            0.003180519910529256,
            -0.0026363800279796124,
            -0.01839050091803074,
            -0.42016100883483887,
            -0.2905310094356537,
            0.0
        ],
        [
            0.0,
            -5.860119856038182e-08,
            0.9918649792671204,
            -0.12729500234127045,
            -0.019242500886321068,
            0.4126569926738739,
            -0.30961400270462036,
            0.0
        ],
        [
            0.0,
            0.9995149970054626,
            0.030075300484895706,
            0.008038110099732876,
            -0.017840100452303886,
            0.271467000246048,
            -0.2914170026779175,
            0.0
        ]
    ],
    "labels:": [
        [
            1,
            2,
            2,
            2,
            0,
            0,
            0
        ]
    ],
    "obj": 43734,
    "mat_index": 5470,
    "obbs": "N 12\n-0.026177 0.670001 -0.34971 1 0 0 0 1 0 0 0 1 0.670336 0.068114 0.049045\n-0.0192714 -0.110358 0.125463 0.999994 0.00336334 -6.42382e-05 -0.00336334 0.999265 -0.038185 -6.42382e-05 0.038185 0.999271 0.755431 0.0648425 0.760411\n0.313378 0.281433 -0.288753 0.406569 -0.107462 -0.907278 0.913616 0.050817 0.40339 0.00275594 -0.99291 0.11884 0.0764352 0.0729716 0.797987\n-0.349058 0.261501 -0.294081 0.00666313 -0.987962 0.154552 0.987962 -0.0173835 -0.153716 0.154552 0.153716 0.975953 0.806424 0.0769618 0.0713906\n-0.0192425 0.316511 -0.297275 1 -3.78696e-06 -3.3323e-06 3.78696e-06 0.127208 0.991876 -3.3323e-06 -0.991876 0.127208 0.732346 0.0363743 0.144068\n-0.0192425 0.508803 -0.321954 1 -2.18478e-06 -1.9304e-06 2.18478e-06 0.123162 0.992387 -1.9304e-06 -0.992387 0.123162 0.732345 0.0369009 0.144191\n-0.0202365 -0.280951 -0.254735 1 0 0 -0 1 6.96954e-12 0 -6.96954e-12 1 0.755307 0.043084 0.043084\n-0.019855 -0.281116 0.511242 1 0 0 0 -1.02741e-05 1 0 -1 -1.02741e-05 0.755306 0.043083 0.043084\n-0.394904 -0.421358 -0.289538 0.975691 0.0804779 -0.203838 0.218509 -0.286164 0.932933 0.0167494 -0.954795 -0.296792 0.0525317 0.0673061 0.580872\n0.358123 -0.418963 -0.291523 0.0184191 0.956089 0.292496 -0.0638714 -0.290823 0.954642 0.997788 -0.0362658 0.0557101 0.583856 0.0629946 0.0537304\n0.357516 -0.40178 0.527793 -0.965746 -0.0581984 -0.252878 -0.259488 0.217753 0.940877 0.00030745 0.974267 -0.225396 0.0532896 0.0680987 0.605407\n-0.393017 -0.39259 0.530772 0.0165492 -0.965248 0.260811 0.847092 -0.125042 -0.516526 0.531188 0.229479 0.815585 0.622795 0.062182 0.0712789\nC 24\n0 2\n0 3\n0 5\n1 3\n1 6\n1 11\n1 2\n1 10\n1 9\n1 8\n1 7\n2 5\n2 9\n2 6\n2 4\n3 6\n3 5\n3 8\n3 4\n4 5\n6 9\n6 8\n7 11\n7 10\nS 5\n2\n2 0.313378 0.281433 -0.288753\n3 -0.349058 0.261501 -0.294081\n2\n-0.0178401 0.271467 -0.291417\n-0.999515 -0.0300753 -0.00803811\n2\n4 -0.0192425 0.316511 -0.297275\n5 -0.0192425 0.508803 -0.321954\n2\n-0.0192425 0.412657 -0.309614\n-5.86012e-08 0.991865 -0.127295\n2\n6 -0.0202365 -0.280951 -0.254735\n7 -0.019855 -0.281116 0.511242\n2\n-0.0200458 -0.281034 0.128253\n0.000498057 -0.000215411 1\n2\n8 -0.394904 -0.421358 -0.289538\n9 0.358123 -0.418963 -0.291523\n2\n-0.0183905 -0.420161 -0.290531\n0.999991 0.00318052 -0.00263638\n2\n10 0.357516 -0.40178 0.527793\n11 -0.393017 -0.39259 0.530772\n2\n-0.0177505 -0.397185 0.529282\n-0.999917 0.0122447 0.00396824\nL 12\n0\n1\n0\n0\n0\n0\n2\n2\n2\n2\n2\n2"
}