{
    "boxes": [
        [
            -0.004809000063687563,
            -0.08149749785661697,
            0.1841769963502884,
            0.12195900082588196,
            0.7317600250244141,
            0.7927340269088745,
            0.0,
            1.0,
            0.0,
            0.0,
            0.0,
            1.0
        ],
        [
            -0.4025140106678009,
            0.1086060032248497,
            0.06005199998617172,
            0.35063299536705017,
            0.6097959876060486,
            0.030489999800920486,
            0.0,
            1.0,
            0.0,
            0.0,
            0.0,
            1.0
        ],
        [
            -0.42538198828697205,
            0.2675440013408661,
            0.07349900156259537,
            0.14770500361919403,
            0.6692079901695251,
            0.13720400631427765,
            -7.305339977392578e-08,
            0.9883549809455872,
            0.15216800570487976,
            5.590739871053074e-09,
            -0.15216800570487976,
            0.9883549809455872
        ],
        [
            0.002515000058338046,
            -0.41688498854637146,
            0.18421199917793274,
            0.5488160252571106,
            0.14506199955940247,
            0.13800600171089172,
            0.0,
            1.0,
            0.0,
            0.0,
            0.0,
            1.0
        ],
        [
            -0.09452900290489197,
            -0.6455590128898621,
            -0.09195549786090851,
            0.09146899729967117,
            0.4573479890823364,
            0.08960770070552826,
            -3.276469939805793e-08,
            1.0,
            -1.0083900292556791e-07,
            0.30901700258255005,
            1.0602899891409834e-07,
            0.9510560035705566
        ],
        [
            -0.1670829951763153,
            -0.7357980012893677,
            -0.26579898595809937,
            0.11595399677753448,
            0.0941540002822876,
            0.10427500307559967,
            0.24643400311470032,
            0.9078670144081116,
            -0.33918699622154236,
            -0.5336310267448425,
            0.4192579984664917,
            0.7344800233840942
        ],
        [
            -0.004809000063687563,
            0.3756929934024811,
            -0.2877829968929291,
            0.8645719885826111,
            0.16290099918842316,
            0.8232240080833435,
            -0.0,
            0.9791340231895447,
            -0.20321699976921082,
            0.0,
            0.20321699976921082,
            0.9791340231895447
        ]
    ],
    "ops": [
        [
            0,
            0,
            0,
            1,
            2,
            1,
            0,
            0,
            0,
            1,
            2,
            1,
            1,
            0,
            1
        ]
    ],
    "syms": [
        [
            0.0,
            1.0,
            -0.0,
            -0.0,
            -0.005156000144779682,
            0.1086060032248497,
            0.06005199998617172,
            0.0
        ],
        [
            -1.0,
            3.907260179403238e-05,
            1.0,
            -2.8461299734772183e-05,
            -0.004841419868171215,
            -0.6455659866333008,
            0.1839420050382614,
            0.20000000298023224
        ]
    ],
    "labels:": [
        [
            1,
            3,
            3,
            2,
            2,
            2,
            0
        ]
    ],
    "obj": 43738,
    "mat_index": 5473,
    "obbs": "N 17\n-0.004809 0.375693 -0.287783 1 0 0 0 0.203217 0.979134 0 -0.979134 0.203217 0.823224 0.162901 0.864572\n0.392202 0.108606 0.060052 1 0 0 0 1 0 0 0 1 0.03049 0.350633 0.609796\n-0.402514 0.108606 0.060052 1 0 0 0 1 0 0 0 1 0.03049 0.350633 0.609796\n-0.004809 -0.0814975 0.184177 1 0 0 0 1 0 0 0 1 0.792734 0.121959 0.73176\n-0.094529 -0.645559 -0.0919555 3.27647e-08 -1 1.00839e-07 0.951056 -7.99361e-15 -0.309017 0.309017 1.06029e-07 0.951056 0.091469 0.0896077 0.457348\n0.229596 -0.645594 0.0125613 0.0037304 0.999989 -0.00273675 0.591522 -3.10862e-15 0.806289 0.80628 -0.00462663 -0.591516 0.0935135 0.0896067 0.457695\n0.230416 -0.645558 0.354588 -0.809017 -2.33467e-07 -0.587785 -0.587785 3.55271e-15 0.809017 -1.88878e-07 1 -1.37228e-07 0.457347 0.0896076 0.0914691\n-0.0945409 -0.645558 0.460342 0.309017 -2.39828e-07 -0.951057 0.951057 4.44089e-16 0.309017 -7.41107e-08 -1 2.2809e-07 0.457347 0.089608 0.0914691\n-0.295149 -0.645559 0.184174 1 0 0 0 1 0 0 0 1 0.457346 0.091469 0.089607\n0.415069 0.267544 0.073499 1 0 0 -0 0.988355 0.152168 0 -0.152168 0.988355 0.137204 0.147705 0.669208\n-0.425382 0.267544 0.073499 1 7.30534e-08 5.59074e-09 -7.30534e-08 0.988355 0.152168 5.59074e-09 -0.152168 0.988355 0.137204 0.147705 0.669208\n-0.482905 -0.735798 0.199457 -0.246433 0.907868 -0.339185 0.533631 0.419256 0.734481 0.809017 6.6777e-07 -0.587785 0.115953 0.0941539 0.104275\n-0.167083 -0.735798 -0.265799 -0.809017 2.99156e-07 -0.587785 -0.533631 0.419258 0.73448 0.246434 0.907867 -0.339187 0.104275 0.094154 0.115954\n0.371944 -0.735894 -0.110911 0.302764 -0.00419965 -0.953056 0.864722 -0.419256 0.27655 -0.400736 -0.907858 -0.123304 0.104274 0.0941541 0.116164\n0.391296 -0.742376 0.448761 1 0 0 0 1 0 0 0 1 0.104275 0.102167 0.097619\n-0.138026 -0.735798 0.64363 0.398735 -0.907869 -0.129557 0.863435 0.419255 -0.280547 0.309017 -2.51027e-07 0.951057 0.115953 0.0941535 0.104275\n0.002515 -0.416885 0.184212 1 0 0 0 1 0 0 0 1 0.138006 0.548816 0.145062\nC 32\n0 10\n0 3\n0 1\n0 9\n0 2\n1 3\n1 9\n2 10\n2 3\n3 10\n3 16\n3 9\n4 7\n4 8\n4 12\n4 5\n4 16\n4 6\n5 6\n5 13\n5 8\n5 16\n5 7\n6 14\n6 7\n6 16\n6 8\n7 16\n7 15\n7 8\n8 16\n8 11\nS 4\n2\n1 0.392202 0.108606 0.060052\n2 -0.402514 0.108606 0.060052\n2\n-0.005156 0.108606 0.060052\n-1 0 0\n5\n6 0.230416 -0.645558 0.354588\n5 0.229596 -0.645594 0.0125613\n4 -0.094529 -0.645559 -0.0919555\n8 -0.295149 -0.645559 0.184174\n7 -0.0945409 -0.645558 0.460342\n3\n-0.00484142 -0.645566 0.183942\n-3.90726e-05 -1 2.84613e-05\n2\n9 0.415069 0.267544 0.073499\n10 -0.425382 0.267544 0.073499\n2\n-0.0051565 0.267544 0.073499\n-1 -4.35925e-14 -3.352e-15\n5\n13 0.371944 -0.735894 -0.110911\n12 -0.167083 -0.735798 -0.265799\n11 -0.482905 -0.735798 0.199457\n15 -0.138026 -0.735798 0.64363\n14 0.391296 -0.742376 0.448761\n3\n-0.00495465 -0.737133 0.183028\n-0.0046366 -0.999985 -0.00303559\nL 17\n0\n3\n3\n1\n2\n2\n2\n2\n2\n3\n3\n2\n2\n2\n2\n2\n2"
}