{
    "boxes": [
        [
            -0.005075499881058931,
            -0.1355070024728775,
            0.14504499733448029,
            0.37983301281929016,
            0.9411420226097107,
            1.2295399904251099,
            0.0,
            1.0,
            0.0,
            0.0,
            0.0,
            1.0
        ],
        [
            -0.5325940251350403,
            0.1331779956817627,
            0.0861779972910881,
            0.8060500025749207,
            0.9416499733924866,
            0.15464800596237183,
            0.0,
            1.0,
            0.0,
            0.0,
            0.0,
            1.0
        ],
        [
            -0.5774700045585632,
            0.2531369924545288,
            0.14928199350833893,
            0.06137179955840111,
            0.35154101252555847,
            0.11974500119686127,
            0.023835500702261925,
            0.9992750287055969,
            0.029697300866246223,
            -0.05267469957470894,
            -0.028409099206328392,
            0.9982079863548279
        ],
        [
            -0.5791569948196411,
            -0.4562079906463623,
            -0.2659749984741211,
            0.2877559959888458,
            0.11989899724721909,
            0.059751998633146286,
            0.0,
            1.0,
            0.0,
            0.0,
            0.0,
            1.0
        ],
        [
            -0.5791569948196411,
            -0.4562079906463623,
            0.5045390129089355,
            0.2877559959888458,
            0.11990000307559967,
            0.059751998633146286,
            0.0,
            1.0,
            0.0,
            0.0,
            0.0,
            1.0
        ],
        [
            -0.00642549991607666,
            0.2567940056324005,
            -0.2943490147590637,
            0.9059680104255676,
            0.07339990139007568,
            1.0655800104141235,
            1.7311000384350426e-14,
            0.9509199857711792,
            -0.30943500995635986,
            2.383759930711573e-14,
            0.30943500995635986,
            0.9509199857711792
        ],
        [
            -0.005636159796267748,
            0.22778700292110443,
            -0.3288530111312866,
            1.0083800554275513,
            0.205376997590065,
            1.2130399942398071,
            -0.004461199976503849,
            0.9858580231666565,
            -0.16752399504184723,
            -0.005283169914036989,
            0.16750000417232513,
            0.9858580231666565
        ]
    ],
    "ops": [
        [
            0,
            0,
            0,
            1,
            2,
            1,
            0,
            0,
            1,
            2,
            1,
            0,
            0,
            1,
            1
        ]
    ],
    "syms": [
        [
            0.0,
            0.9964269995689392,
            -0.0840793028473854,
            0.007974999956786633,
            0.0024215399753302336,
            0.08803290128707886,
            0.09046000242233276,
            0.0
        ],
        [
            0.0,
            0.9999949932098389,
            0.0,
            0.0030521699227392673,
            -0.007763000205159187,
            -0.4562079906463623,
            -0.26423099637031555,
            0.0
        ]
    ],
    "labels:": [
        [
            1,
            3,
            3,
            2,
            2,
            0,
            0
        ]
    ],
    "obj": 43758,
    "mat_index": 5483,
    "obbs": "N 11\n-0.0064255 0.256794 -0.294349 1 -2.38376e-14 -1.7311e-14 2.38376e-14 0.309435 0.95092 -1.7311e-14 -0.95092 0.309435 1.06558 0.0733999 0.905968\n-0.532594 0.133178 0.086178 1 0 0 0 1 0 0 0 1 0.154648 0.80605 0.94165\n0.537437 0.0428879 0.0947421 -0.0116005 -0.998337 -0.0564617 0.999921 -0.0118499 0.00408369 -0.00474597 -0.0564099 0.998396 0.671735 0.133071 0.955735\n-0.0050755 -0.135507 0.145045 1 0 0 0 1 0 0 0 1 1.22954 0.379833 0.941142\n-0.57747 0.253137 0.149282 0.0526747 0.0284091 -0.998208 0.0238355 0.999275 0.0296973 0.998327 -0.0253571 0.0519593 0.351541 0.0613718 0.119745\n0.555684 0.253137 0.149282 0.0526747 0.0284091 -0.998208 0.0238363 0.999275 0.0296973 0.998327 -0.0253579 0.0519593 0.351541 0.0613718 0.119745\n-0.00563616 0.227787 -0.328853 -0.0044612 0.985858 -0.167524 -0.00528317 0.1675 0.985858 0.999976 0.00528317 0.0044612 1.00838 0.205377 1.21304\n-0.579157 -0.456208 -0.265975 1 0 0 0 1 0 0 0 1 0.059752 0.287756 0.119899\n0.563631 -0.456208 -0.262487 1 0 0 0 1 0 0 0 1 0.059752 0.287756 0.119899\n0.563631 -0.456208 0.501051 1 0 0 0 1 0 0 0 1 0.059752 0.287756 0.119899\n-0.579157 -0.456208 0.504539 1 0 0 0 1 0 0 0 1 0.059752 0.287756 0.1199\nC 29\n0 7\n0 3\n0 4\n0 5\n0 8\n0 1\n0 6\n0 2\n1 3\n1 6\n1 10\n1 4\n1 7\n2 8\n2 5\n2 9\n2 6\n2 3\n3 7\n3 10\n3 6\n3 9\n3 5\n3 8\n3 4\n4 6\n5 6\n6 7\n6 8\nS 4\n2\n1 -0.532594 0.133178 0.086178\n2 0.537437 0.0428879 0.0947421\n2\n0.00242154 0.0880329 0.09046\n0.996427 -0.0840793 0.007975\n2\n4 -0.57747 0.253137 0.149282\n5 0.555684 0.253137 0.149282\n2\n-0.0108929 0.253137 0.149282\n1 -2.21841e-08 -2.30307e-08\n2\n7 -0.579157 -0.456208 -0.265975\n8 0.563631 -0.456208 -0.262487\n2\n-0.007763 -0.456208 -0.264231\n0.999995 0 0.00305217\n2\n9 0.563631 -0.456208 0.501051\n10 -0.579157 -0.456208 0.504539\n2\n-0.007763 -0.456208 0.502795\n-0.999995 0 0.00305173\nL 11\n0\n3\n3\n1\n3\n3\n0\n2\n2\n2\n2"
}