{
    "boxes": [
        [
            -0.0025084998924285173,
            0.04667250066995621,
            0.056267499923706055,
            0.15416699647903442,
            0.5101190209388733,
            0.4966230094432831,
            0.0,
            1.0,
            0.0,
            0.0,
            0.0,
            1.0
        ],
        [
            0.2357809990644455,
            -0.46625998616218567,
            0.05014200136065483,
            0.036706000566482544,
            0.4658780097961426,
            0.036713000386953354,
            0.0,
            1.0,
            0.0,
            0.0,
            0.0,
            1.0
        ],
        [
            0.23267200589179993,
            -0.4232569932937622,
            0.29218000173568726,
            0.8901389837265015,
            0.07165800034999847,
            0.07714260369539261,
            -0.11433400213718414,
            0.9908499717712402,
            -0.07172060012817383,
            -0.5951550006866455,
            -0.010511799715459347,
            0.8035420179367065
        ],
        [
            -0.24075600504875183,
            -0.46625998616218567,
            0.05075699836015701,
            0.03665509819984436,
            0.4646359980106354,
            0.03665509819984436,
            0.6683809757232666,
            0.743818998336792,
            6.61969017879942e-19,
            -2.537240044205341e-19,
            -6.61969017879942e-19,
            1.0
        ],
        [
            -0.23126700520515442,
            -0.42866799235343933,
            0.3042289912700653,
            0.8786640167236328,
            0.062333401292562485,
            0.05949870124459267,
            0.09092269837856293,
            0.9914569854736328,
            -0.09351780265569687,
            -0.24489299952983856,
            0.11328300088644028,
            0.9629089832305908
        ],
        [
            -0.003284499980509281,
            -0.46625998616218567,
            -0.20058900117874146,
            0.037819501012563705,
            0.036707501858472824,
            0.43832799792289734,
            0.0025411699898540974,
            0.9999970197677612,
            9.590339686837979e-06,
            0.002541139954701066,
            -1.604779936315026e-05,
            0.9999970197677612
        ],
        [
            -0.23726700246334076,
            -0.43439000844955444,
            -0.2006080001592636,
            0.8778780102729797,
            0.07135509699583054,
            0.06272619962692261,
            0.10349799692630768,
            0.9747859835624695,
            0.1976879984140396,
            0.4810340106487274,
            -0.223021000623703,
            0.8478609919548035
        ],
        [
            -0.0030640100594609976,
            0.47252199053764343,
            -0.20055200159549713,
            0.886430025100708,
            0.050784800201654434,
            0.22952300310134888,
            0.01589290052652359,
            0.9987710118293762,
            -0.04694860056042671,
            0.016655299812555313,
            0.046683598309755325,
            0.9987710118293762
        ],
        [
            -0.010698400437831879,
            0.5084189772605896,
            -0.20948399603366852,
            0.9779009819030762,
            0.046925198286771774,
            0.43824899196624756,
            -0.004913469776511192,
            0.9993230104446411,
            -0.0364718995988369,
            -0.005096009932458401,
            0.03644689917564392,
            0.9993230104446411
        ]
    ],
    "ops": [
        [
            0,
            0,
            0,
            1,
            0,
            0,
            1,
            0,
            2,
            0,
            2,
            1,
            1,
            1,
            1,
            0,
            0,
            1,
            1
        ]
    ],
    "syms": [
        [
            0.0,
            0.000326348003000021,
            2.2160200374031133e-16,
            1.0,
            -0.00320275011472404,
            -0.46625998616218567,
            0.0499098002910614,
            0.0
        ],
        [
            0.0,
            0.9997760057449341,
            0.019818000495433807,
            -0.007412259932607412,
            -0.0019100599456578493,
            -0.4297249913215637,
            -0.20235300064086914,
            0.0
        ]
    ],
    "labels:": [
        [
            1,
            2,
            2,
            2,
            2,
            2,
            2,
            0,
            0
        ]
    ],
    "obj": 43771,
    "mat_index": 5489,
    "obbs": "N 11\n-0.003121 -0.46626 0.300409 1 0 0 0 1 0 0 0 1 0.438734 0.036706 0.038744\n-0.240756 -0.46626 0.050757 0.743819 -0.668381 -2.53724e-19 0.668381 0.743819 6.61969e-19 -2.53724e-19 -6.61969e-19 1 0.0366551 0.0366551 0.464636\n-0.0032845 -0.46626 -0.200589 0.999994 -0.00254114 -0.00254117 0.00254114 -1.60478e-05 0.999997 -0.00254117 -0.999997 -9.59034e-06 0.438328 0.0367075 0.0378195\n0.235781 -0.46626 0.050142 1 0 0 0 1 0 0 0 1 0.036713 0.036706 0.465878\n-0.0025085 0.0466725 0.0562675 1 0 0 0 1 0 0 0 1 0.496623 0.154167 0.510119\n-0.00306401 0.472522 -0.200552 0.999735 -0.0166553 -0.0158929 0.0166553 0.0466836 0.998771 -0.0158929 -0.998771 0.0469486 0.229523 0.0507848 0.88643\n-0.237267 -0.43439 -0.200608 0.103498 0.974786 0.197688 0.481034 -0.223021 0.847861 0.870571 0.00734254 -0.491988 0.877878 0.0713551 0.0627262\n0.233447 -0.425059 -0.204098 -0.0951649 0.97431 0.204119 -0.612704 -0.218937 0.759382 0.784562 -0.0527979 0.617798 0.894446 0.0832788 0.069129\n0.232672 -0.423257 0.29218 -0.114334 0.99085 -0.0717206 0.795436 0.134557 0.590911 0.595155 0.0105118 -0.803542 0.890139 0.0771426 0.071658\n-0.231267 -0.428668 0.304229 -0.965277 0.0646485 -0.253101 -0.244893 0.113283 0.962909 0.0909227 0.991457 -0.0935178 0.0594987 0.0623334 0.878664\n-0.0106984 0.508419 -0.209484 0.999975 0.00509601 0.00491347 -0.00509601 0.0364469 0.999323 0.00491347 -0.999323 0.0364719 0.438249 0.0469252 0.977901\nC 23\n0 3\n0 8\n0 1\n0 9\n1 6\n1 2\n1 9\n2 6\n2 3\n2 7\n3 7\n3 8\n4 7\n4 8\n4 9\n4 10\n4 5\n4 6\n5 6\n5 10\n5 7\n6 10\n7 10\nS 2\n2\n0 -0.003121 -0.46626 0.300409\n2 -0.0032845 -0.46626 -0.200589\n2\n-0.00320275 -0.46626 0.0499098\n-0.000326348 -2.21602e-16 -1\n2\n6 -0.237267 -0.43439 -0.200608\n7 0.233447 -0.425059 -0.204098\n2\n-0.00191006 -0.429725 -0.202353\n0.999776 0.019818 -0.00741226\nL 11\n2\n2\n2\n2\n1\n0\n2\n2\n2\n2\n0"
}