{
    "boxes": [
        [
            0.009246000088751316,
            -0.18543200194835663,
            0.12488599866628647,
            0.21884599328041077,
            0.783968985080719,
            0.785427987575531,
            0.0,
            1.0,
            0.0,
            0.0,
            0.0,
            1.0
        ],
        [
            0.35631099343299866,
            -0.0027182199992239475,
            0.11103200167417526,
            0.26142001152038574,
            0.5183029770851135,
            0.0858260989189148,
            -0.02554829977452755,
            0.9985330104827881,
            0.04774630069732666,
            0.05974319949746132,
            -0.04615139961242676,
            0.9971460103988647
        ],
        [
            0.29575198888778687,
            -0.5325239896774292,
            -0.19674299657344818,
            0.5472990274429321,
            0.0725381001830101,
            0.0527024008333683,
            -0.00934617966413498,
            0.9941589832305908,
            0.10752099752426147,
            -0.5387639999389648,
            -0.09559089690446854,
            0.8370159864425659
        ],
        [
            0.35788899660110474,
            -0.5278750061988831,
            0.45760801434516907,
            0.5492950081825256,
            0.06009899824857712,
            0.06009799987077713,
            0.0,
            1.0,
            0.0,
            0.0,
            0.0,
            1.0
        ],
        [
            0.005308039952069521,
            0.2220650017261505,
            -0.21043799817562103,
            1.0238399505615234,
            0.2476470023393631,
            0.9158650040626526,
            -0.013079100288450718,
            0.9974619746208191,
            -0.0699836015701294,
            -0.014027600176632404,
            0.06979960203170776,
            0.9974619746208191
        ]
    ],
    "ops": [
        [
            0,
            0,
            2,
            1,
            0,
            0,
            1,
            2,
            1,
            0,
            1
        ]
    ],
    "syms": [
        [
            0.0,
            0.9999300241470337,
            0.003781799925491214,
            -0.011239799670875072,
            0.008977609686553478,
            -0.004031859803944826,
            0.11493600159883499,
            0.0
        ],
        [
            0.0,
            0.9997950196266174,
            0.0033721900545060635,
            -0.019959600642323494,
            0.004249299876391888,
            -0.5335069894790649,
            -0.1909240037202835,
            0.0
        ]
    ],
    "labels:": [
        [
            1,
            3,
            2,
            2,
            0
        ]
    ],
    "obj": 43779,
    "mat_index": 5496,
    "obbs": "N 8\n0.00530804 0.222065 -0.210438 0.999816 0.0140276 0.0130791 -0.0140276 0.0697996 0.997462 0.0130791 -0.997462 0.0699836 0.915865 0.247647 1.02384\n-0.338356 -0.0053455 0.11884 1 0 0 0 1 0 0 0 1 0.09026 0.246711 0.49776\n0.356311 -0.00271822 0.111032 0.0255483 -0.998533 -0.0477463 0.997887 0.0283279 -0.0584765 0.0597432 -0.0461514 0.997146 0.26142 0.0858261 0.518303\n0.009246 -0.185432 0.124886 1 0 0 0 1 0 0 0 1 0.785428 0.218846 0.783969\n-0.287253 -0.53449 -0.185104 -0.00413266 -0.995549 -0.0941564 0.881186 0.0408879 -0.470998 0.472752 -0.0849158 0.877095 0.542852 0.0588917 0.0741717\n0.295752 -0.532524 -0.196743 0.538764 0.0955909 -0.837016 0.842405 -0.0501058 0.536511 0.00934618 -0.994159 -0.107521 0.0725381 0.0527024 0.547299\n0.357889 -0.527875 0.457608 1 0 0 0 1 0 0 0 1 0.060098 0.549295 0.060099\n-0.329344 -0.527875 0.468657 1 0 0 0 1 0 0 0 1 0.060098 0.549295 0.060098\nC 15\n0 1\n0 5\n0 4\n0 3\n0 2\n1 3\n1 4\n1 7\n2 6\n2 5\n2 3\n3 5\n3 6\n3 7\n3 4\nS 3\n2\n1 -0.338356 -0.0053455 0.11884\n2 0.356311 -0.00271822 0.111032\n2\n0.00897761 -0.00403186 0.114936\n0.99993 0.0037818 -0.0112398\n2\n4 -0.287253 -0.53449 -0.185104\n5 0.295752 -0.532524 -0.196743\n2\n0.0042493 -0.533507 -0.190924\n0.999795 0.00337219 -0.0199596\n2\n6 0.357889 -0.527875 0.457608\n7 -0.329344 -0.527875 0.468657\n2\n0.0142725 -0.527875 0.463132\n-0.999871 0 0.0160762\nL 8\n0\n3\n3\n1\n2\n2\n2\n2"
}