{
    "boxes": [
        [
            -0.0016702599823474884,
            -0.11300499737262726,
            0.1404310017824173,
            0.24959200620651245,
            0.9156209826469421,
            0.8519570231437683,
            0.00022529899433720857,
            0.9997389912605286,
            0.022830599918961525,
            -2.572189941929537e-06,
            -0.022830599918961525,
            0.9997389912605286
        ],
        [
            -0.46446898579597473,
            -0.38851198554039,
            -0.40614598989486694,
            0.633696973323822,
            0.03600750118494034,
            0.08320309966802597,
            0.009372520260512829,
            0.9659640192985535,
            0.25850701332092285,
            0.047359101474285126,
            -0.2586570084095001,
            0.9648079872131348
        ],
        [
            -0.39083701372146606,
            -0.40825700759887695,
            0.5767459869384766,
            0.5721110105514526,
            0.0707240030169487,
            0.07360599935054779,
            0.0,
            1.0,
            0.0,
            0.0,
            0.0,
            1.0
        ],
        [
            -0.002514689927920699,
            0.27070900797843933,
            -0.339695006608963,
            0.7500050067901611,
            0.20916299521923065,
            0.9290210008621216,
            -0.0046697501093149185,
            0.9596580266952515,
            -0.28112998604774475,
            -0.006233899854123592,
            0.28109899163246155,
            0.9596580266952515
        ],
        [
            -0.0027419698890298605,
            0.28663599491119385,
            -0.349155992269516,
            0.7958289980888367,
            0.26103299856185913,
            1.0067700147628784,
            -0.005228669848293066,
            0.9472699761390686,
            -0.32039400935173035,
            -0.007287989836186171,
            0.32035401463508606,
            0.9472699761390686
        ]
    ],
    "ops": [
        [
            0,
            0,
            0,
            1,
            2,
            1,
            0,
            0,
            1,
            1
        ]
    ],
    "syms": [
        [
            0.0,
            0.9999300241470337,
            -0.011404500342905521,
            -0.0031184800900518894,
            -0.0009296719799749553,
            -0.3937990069389343,
            -0.40759098529815674,
            0.0
        ]
    ],
    "labels:": [
        [
            1,
            2,
            2,
            0,
            0
        ]
    ],
    "obj": 43828,
    "mat_index": 5520,
    "obbs": "N 7\n-0.00251469 0.270709 -0.339695 0.99997 0.0062339 0.00466975 -0.0062339 0.281099 0.959658 0.00466975 -0.959658 0.28113 0.929021 0.209163 0.750005\n-0.00167026 -0.113005 0.140431 1 -0.000225299 -2.57219e-06 0.000225299 0.999739 0.0228306 -2.57219e-06 -0.0228306 0.999739 0.851957 0.249592 0.915621\n0.46261 -0.399086 -0.409037 -0.99949 0.0238407 -0.0212289 -0.0267085 -0.260294 0.96516 0.0174843 0.965235 0.260798 0.0875779 0.0342125 0.611402\n-0.464469 -0.388512 -0.406146 0.998834 0.00319996 -0.0481714 0.0473591 -0.258657 0.964808 -0.00937252 -0.965964 -0.258507 0.0832031 0.0360075 0.633697\n0.38751 -0.413844 0.581385 1 0 0 0 1 0 0 0 1 0.073605 0.560935 0.061444\n-0.390837 -0.408257 0.576746 1 0 0 0 1 0 0 0 1 0.073606 0.572111 0.070724\n-0.00274197 0.286636 -0.349156 -0.00522867 0.94727 -0.320394 -0.00728799 0.320354 0.94727 0.99996 0.00728799 0.00522867 0.795829 0.261033 1.00677\nC 11\n0 1\n0 6\n0 3\n0 2\n1 2\n1 3\n1 4\n1 5\n1 6\n2 6\n3 6\nS 2\n2\n2 0.46261 -0.399086 -0.409037\n3 -0.464469 -0.388512 -0.406146\n2\n-0.000929672 -0.393799 -0.407591\n-0.99993 0.0114045 0.00311848\n2\n4 0.38751 -0.413844 0.581385\n5 -0.390837 -0.408257 0.576746\n2\n-0.00166325 -0.41105 0.579066\n-0.999956 0.00717772 -0.0059598\nL 7\n0\n1\n2\n2\n2\n2\n0"
}