{
    "boxes": [
        [
            0.00669710012152791,
            -0.11190199851989746,
            0.16849400103092194,
            0.07974550127983093,
            0.7443919777870178,
            0.7192689776420593,
            -0.00012437600526027381,
            0.983896017074585,
            -0.17874400317668915,
            -1.1205999726371374e-05,
            0.17874400317668915,
            0.983896017074585
        ],
        [
            -0.33069199323654175,
            0.024116499349474907,
            0.053605299443006516,
            0.3263559937477112,
            0.02081410028040409,
            0.0189456008374691,
            -0.14303700625896454,
            0.9581729769706726,
            -0.2478799968957901,
            0.3031010031700134,
            0.2808299958705902,
            0.9106389880180359
        ],
        [
            0.3469490110874176,
            0.02382119931280613,
            0.0529761016368866,
            0.32627400755882263,
            0.018985500559210777,
            0.019107699394226074,
            0.1504870057106018,
            0.9546359777450562,
            -0.2569499909877777,
            0.060206398367881775,
            0.25057798624038696,
            0.9662230014801025
        ],
        [
            -0.32610899209976196,
            0.07469280064105988,
            0.2742989957332611,
            0.35145100951194763,
            0.038753800094127655,
            0.03664280101656914,
            -0.10830400139093399,
            0.9919419884681702,
            -0.06573320180177689,
            -0.4975929856300354,
            0.0031514300499111414,
            0.8674049973487854
        ],
        [
            -0.3406980037689209,
            0.20318099856376648,
            0.05223910138010979,
            0.07394629716873169,
            0.5933430194854736,
            0.11451499909162521,
            0.13887499272823334,
            0.9504039883613586,
            -0.2782909870147705,
            -0.083788201212883,
            0.2912830114364624,
            0.9529610276222229
        ],
        [
            -0.29538699984550476,
            -0.2701520025730133,
            -0.04772600159049034,
            0.19043099880218506,
            0.054850801825523376,
            0.054850999265909195,
            0.0019442200427874923,
            0.9933570027351379,
            0.11506099998950958,
            0.2782770097255707,
            -0.1110529974102974,
            0.9540590047836304
        ],
        [
            -0.2953299880027771,
            -0.5088949799537659,
            -0.28679099678993225,
            0.05835599824786186,
            0.061069998890161514,
            0.061069998890161514,
            0.0,
            1.0,
            0.0,
            0.0,
            0.0,
            1.0
        ],
        [
            -0.2953279912471771,
            -0.1882140040397644,
            0.45385000109672546,
            0.1990090012550354,
            0.05441629886627197,
            0.05529240146279335,
            0.013510099612176418,
            0.9089440107345581,
            -0.41670000553131104,
            0.6113439798355103,
            0.32226499915122986,
            0.7227749824523926
        ],
        [
            -0.2953299880027771,
            -0.5088949799537659,
            0.5491859912872314,
            0.05835599824786186,
            0.061069998890161514,
            0.061069998890161514,
            0.0,
            1.0,
            0.0,
            0.0,
            0.0,
            1.0
        ],
        [
            0.0073044998571276665,
            -0.45812100172042847,
            -0.17686499655246735,
            0.039294298738241196,
            0.039294298738241196,
            0.5536990165710449,
            -2.59295007687399e-09,
            0.9204850196838379,
            -0.3907780051231384,
            -5.276100112361348e-10,
            0.3907780051231384,
            0.9204850196838379
        ],
        [
            0.3098819851875305,
            -0.2701520025730133,
            -0.04772600159049034,
            0.19043099880218506,
            0.054850801825523376,
            0.054850999265909195,
            0.0019449200481176376,
            0.9933570027351379,
            0.1150600016117096,
            0.2782770097255707,
            -0.1110529974102974,
            0.9540590047836304
        ],
        [
            0.0073044998571276665,
            -0.4581199884414673,
            0.427046000957489,
            0.03941730037331581,
            0.03941719979047775,
            0.5536990165710449,
            -8.468640233516567e-10,
            0.985817015171051,
            -0.16782300174236298,
            -7.156909787031651e-11,
            0.16782300174236298,
            0.985817015171051
        ],
        [
            -0.2952769994735718,
            -0.35261499881744385,
            0.1400900036096573,
            0.14781799912452698,
            0.9742230176925659,
            0.0520286001265049,
            -0.0018986599752679467,
            0.9986019730567932,
            -0.052831199020147324,
            0.0003970809921156615,
            0.05283199995756149,
            0.9986029863357544
        ],
        [
            -0.2953299880027771,
            -0.44918298721313477,
            0.1311980038881302,
            0.061069000512361526,
            0.9581170082092285,
            0.051569998264312744,
            0.0,
            1.0,
            0.0,
            0.0,
            0.0,
            1.0
        ],
        [
            0.055636901408433914,
            0.2599470019340515,
            -0.34298399090766907,
            0.9396920204162598,
            0.02157370001077652,
            0.03201359882950783,
            0.012331100180745125,
            0.9271609783172607,
            -0.37446099519729614,
            -0.28730401396751404,
            0.3619830012321472,
            0.8868060111999512
        ],
        [
            0.006516499910503626,
            0.4263249933719635,
            -0.3578839898109436,
            0.5971260070800781,
            0.04749960079789162,
            0.5699849724769592,
            -1.7482299245405453e-14,
            0.9238790273666382,
            -0.38268399238586426,
            -2.6496400153163194e-14,
            0.38268399238586426,
            0.9238790273666382
        ],
        [
            0.007322929799556732,
            0.7504090070724487,
            -0.5288559794425964,
            0.1412079930305481,
            0.06893350183963776,
            0.656341016292572,
            -0.001045110053382814,
            0.8630300164222717,
            -0.5051509737968445,
            -0.0018227000255137682,
            0.5051490068435669,
            0.8630300164222717
        ],
        [
            0.13817299902439117,
            0.2615619897842407,
            -0.33430901169776917,
            0.9396330118179321,
            0.025120200589299202,
            0.021713899448513985,
            0.042093098163604736,
            0.9305800199508667,
            -0.3636600077152252,
            -0.14298400282859802,
            0.36584699153900146,
            0.919625997543335
        ],
        [
            -0.12072400003671646,
            0.26146599650382996,
            -0.3346019983291626,
            0.9395949840545654,
            0.022295599803328514,
            0.021635200828313828,
            -0.040189098566770554,
            0.9291809797286987,
            -0.36743301153182983,
            0.6830229759216309,
            0.2939459979534149,
            0.6686369776725769
        ],
        [
            -0.3028950095176697,
            0.3173240125179291,
            -0.3047800064086914,
            1.0715899467468262,
            0.044533099979162216,
            0.044532399624586105,
            -0.05622459948062897,
            0.9047309756278992,
            -0.4222570061683655,
            0.22372600436210632,
            0.42358800768852234,
            0.8777920007705688
        ],
        [
            -0.20176100730895996,
            0.2628970146179199,
            -0.3222520053386688,
            0.9396979808807373,
            0.03995620086789131,
            0.021714400500059128,
            -0.05496260151267052,
            0.9343370199203491,
            -0.35212698578834534,
            0.14422500133514404,
            0.35638999938964844,
            0.9231389760971069
        ]
    ],
    "ops": [
        [
            0,
            0,
            0,
            0,
            0,
            1,
            2,
            1,
            1,
            1,
            0,
            0,
            2,
            1,
            0,
            0,
            1,
            2,
            0,
            0,
            1,
            0,
            0,
            0,
            1,
            2,
            1,
            1,
            1,
            1,
            1,
            0,
            2,
            0,
            0,
            1,
            1,
            0,
            0,
            1,
            0,
            0,
            1,
            2,
            1,
            1,
            1
        ]
    ],
    "syms": [
        [
            0.0,
            1.0,
            1.8191100025433116e-05,
            6.361590203596279e-05,
            0.007377179805189371,
            0.07469890266656876,
            0.27432000637054443,
            0.0
        ],
        [
            0.0,
            1.0,
            0.0,
            0.0,
            0.0073044998571276665,
            -0.5088949799537659,
            -0.28679099678993225,
            0.0
        ],
        [
            0.0,
            1.0,
            5.387159873748715e-08,
            -2.3799499615506647e-07,
            0.00730649009346962,
            -0.1882140040397644,
            0.45385000109672546,
            0.0
        ],
        [
            0.0,
            1.0,
            -0.0,
            -0.0,
            0.007357669994235039,
            -0.35261499881744385,
            0.1400900036096573,
            0.0
        ],
        [
            0.0,
            0.9998800158500671,
            -0.004802369978278875,
            -0.01473930012434721,
            0.006747719831764698,
            0.2601810097694397,
            -0.34226301312446594,
            0.0
        ],
        [
            0.0,
            0.9999909996986389,
            -0.0021201400086283684,
            -0.0036336900666356087,
            0.007675500120967627,
            0.31666499376296997,
            -0.30590900778770447,
            0.0
        ]
    ],
    "labels:": [
        [
            1,
            3,
            3,
            3,
            3,
            2,
            2,
            2,
            2,
            2,
            2,
            2,
            2,
            2,
            0,
            0,
            0,
            0,
            0,
            0,
            0
        ]
    ],
    "obj": 43830,
    "mat_index": 5522,
    "obbs": "N 31\n0.0065165 0.426325 -0.357884 -1.74823e-14 0.923879 -0.382684 -2.64964e-14 0.382684 0.923879 1 2.62913e-14 1.77893e-14 0.597126 0.0474996 0.569985\n0.00732293 0.750409 -0.528856 -0.00104511 0.86303 -0.505151 -0.0018227 0.505149 0.86303 0.999998 0.0018227 0.00104511 0.141208 0.0689335 0.656341\n0.0066971 -0.111902 0.168494 1 0.000124376 -1.1206e-05 -0.000124376 0.983896 -0.178744 -1.1206e-05 0.178744 0.983896 0.719269 0.0797455 0.744392\n0.318246 0.316007 -0.307037 0.278326 -0.436013 -0.85582 0.958543 0.0694252 0.276363 -0.0610822 -0.897259 0.43726 0.0569825 0.0445684 1.07173\n-0.302895 0.317324 -0.30478 -0.0562246 0.904731 -0.422257 0.973029 -0.0451164 -0.226228 -0.223726 -0.423588 -0.877792 1.07159 0.0445324 0.0445331\n0.346949 0.0238212 0.0529761 0.150487 0.954636 -0.25695 0.0602064 0.250578 0.966223 0.986777 -0.160874 -0.0197664 0.326274 0.0189855 0.0191077\n0.340863 0.0747049 0.274342 -0.102122 -0.991873 0.0758902 0.896147 -0.124847 -0.425833 0.431847 0.024522 0.901613 0.351209 0.036542 0.0370242\n-0.330692 0.0241165 0.0536053 -0.303101 -0.28083 -0.910639 0.942163 0.0551223 -0.330592 0.143037 -0.958173 0.24788 0.0208141 0.0189456 0.326356\n-0.326109 0.0746928 0.274299 0.497593 -0.00315143 -0.867405 0.860623 0.126652 0.493242 0.108304 -0.991942 0.0657332 0.0387538 0.0366428 0.351451\n0.309992 -0.352615 0.14009 -0.000397081 -0.052832 -0.998603 0.999998 0.00187503 -0.000496836 0.00189866 -0.998602 0.0528312 0.974223 0.0520286 0.147818\n-0.295277 -0.352615 0.14009 -0.000397081 -0.052832 -0.998603 0.999998 0.00187503 -0.000496836 0.00189866 -0.998602 0.0528312 0.974223 0.0520286 0.147818\n0.346237 0.202824 0.0528487 0.987383 0.140915 -0.0722416 -0.155534 0.948701 -0.275275 0.0297455 0.283038 0.958647 0.119918 0.0723689 0.591747\n-0.340698 0.203181 0.0522391 0.0837882 -0.291283 -0.952961 0.138875 0.950404 -0.278291 0.986759 -0.109025 0.120085 0.593343 0.0739463 0.114515\n0.0073045 -0.458121 -0.176865 1 2.59295e-09 -5.2761e-10 -2.59295e-09 0.920485 -0.390778 -5.2761e-10 0.390778 0.920485 0.553699 0.0392943 0.0392943\n-0.29533 -0.449183 0.131198 1 0 0 0 1 0 0 0 1 0.05157 0.061069 0.958117\n0.0073045 -0.45812 0.427046 1 8.46864e-10 -7.15691e-11 -8.46864e-10 0.985817 -0.167823 -7.15691e-11 0.167823 0.985817 0.553699 0.0394173 0.0394172\n0.309939 -0.449183 0.131198 1 0 0 0 1 0 0 0 1 0.05157 0.061069 0.958117\n0.218712 0.2616 -0.325502 0.0603819 0.917695 -0.392671 0.993227 -0.0161143 0.115071 0.0992723 -0.396959 -0.912452 0.939702 0.0216941 0.0381593\n0.138173 0.261562 -0.334309 0.142984 -0.365847 -0.919626 0.98883 0.0132875 0.148457 -0.0420931 -0.93058 0.36366 0.0251202 0.0217139 0.939633\n0.0556369 0.259947 -0.342984 0.0123311 0.927161 -0.374461 -0.287304 0.361983 0.886806 0.95776 0.0966489 0.270841 0.939692 0.0215737 0.0320136\n-0.0421414 0.260416 -0.341543 0.847845 -0.164852 -0.503967 0.529025 0.327405 0.782904 0.0359376 -0.930392 0.3648 0.0287637 0.0215844 0.939671\n-0.120724 0.261466 -0.334602 0.0401891 -0.929181 0.367433 0.72929 -0.224093 -0.646465 0.683023 0.293946 0.668637 0.939595 0.0216352 0.0222956\n-0.201761 0.262897 -0.322252 -0.144225 -0.35639 -0.923139 0.988017 -4.72904e-05 -0.154343 0.0549626 -0.934337 0.352127 0.0399562 0.0217144 0.939698\n0.309941 -0.188214 0.45385 0.791207 -0.264576 -0.551353 0.611398 0.322248 0.722737 -0.0135465 -0.908931 0.416727 0.0552957 0.0544168 0.19901\n0.309882 -0.270152 -0.047726 0.960499 0.0301631 -0.276645 0.278277 -0.111053 0.954059 -0.00194492 -0.993357 -0.11506 0.054851 0.0548508 0.190431\n-0.295387 -0.270152 -0.047726 0.960499 0.0301638 -0.276644 0.278277 -0.111053 0.954059 -0.00194422 -0.993357 -0.115061 0.054851 0.0548508 0.190431\n-0.295328 -0.188214 0.45385 0.791249 -0.264512 -0.551324 0.611344 0.322265 0.722775 -0.0135101 -0.908944 0.4167 0.0552924 0.0544163 0.199009\n0.309939 -0.508895 0.549186 1 0 0 0 1 0 0 0 1 0.06107 0.058356 0.06107\n-0.29533 -0.508895 0.549186 1 0 0 0 1 0 0 0 1 0.06107 0.058356 0.06107\n-0.29533 -0.508895 -0.286791 1 0 0 0 1 0 0 0 1 0.06107 0.058356 0.06107\n0.309939 -0.508895 -0.286791 1 0 0 0 1 0 0 0 1 0.06107 0.058356 0.06107\nC 140\n0 20\n0 7\n0 17\n0 4\n0 1\n0 21\n0 11\n0 18\n0 5\n0 22\n0 12\n0 19\n0 3\n1 17\n1 21\n1 19\n1 3\n1 20\n1 4\n1 18\n1 22\n2 22\n2 5\n2 6\n2 17\n2 11\n2 18\n2 12\n2 23\n2 24\n2 7\n2 8\n2 19\n2 13\n2 20\n2 3\n2 14\n2 25\n2 4\n2 26\n2 9\n2 16\n2 10\n2 21\n3 24\n3 18\n3 11\n3 17\n3 5\n3 16\n3 9\n3 19\n4 10\n4 21\n4 12\n4 22\n4 7\n4 14\n4 25\n4 20\n5 11\n5 24\n5 17\n5 9\n5 6\n6 9\n6 23\n6 11\n7 12\n7 25\n7 8\n7 10\n8 12\n8 10\n8 26\n9 16\n9 30\n9 13\n9 23\n9 18\n9 24\n9 27\n9 15\n9 17\n10 13\n10 14\n10 29\n10 25\n10 15\n10 26\n10 21\n10 22\n10 28\n11 19\n11 18\n11 17\n12 22\n12 20\n12 21\n13 30\n13 16\n13 29\n13 25\n13 24\n13 14\n14 15\n14 28\n14 25\n14 26\n14 29\n15 27\n15 16\n15 26\n15 23\n15 28\n16 23\n16 30\n16 27\n16 24\n17 20\n17 18\n17 24\n17 19\n18 19\n18 20\n18 21\n18 24\n19 24\n19 22\n19 21\n19 20\n20 21\n20 22\n21 25\n21 22\n22 25\n23 27\n24 30\n25 29\n26 28\nS 10\n2\n3 0.318246 0.316007 -0.307037\n4 -0.302895 0.317324 -0.30478\n2\n0.0076755 0.316665 -0.305909\n-0.999991 0.00212014 0.00363369\n2\n6 0.340863 0.0747049 0.274342\n8 -0.326109 0.0746928 0.274299\n2\n0.00737718 0.0746989 0.27432\n-1 -1.81911e-05 -6.36159e-05\n2\n9 0.309992 -0.352615 0.14009\n10 -0.295277 -0.352615 0.14009\n2\n0.00735767 -0.352615 0.14009\n-1 0 0\n2\n11 0.346237 0.202824 0.0528487\n12 -0.340698 0.203181 0.0522391\n2\n0.00276911 0.203002 0.0525439\n-0.999999 0.000520541 -0.000887353\n2\n14 -0.29533 -0.449183 0.131198\n16 0.309939 -0.449183 0.131198\n2\n0.0073045 -0.449183 0.131198\n1 0 0\n2\n22 -0.201761 0.262897 -0.322252\n17 0.218712 0.2616 -0.325502\n2\n0.00847559 0.262249 -0.323877\n0.999965 -0.00308301 -0.00772861\n2\n20 -0.0421414 0.260416 -0.341543\n19 0.0556369 0.259947 -0.342984\n2\n0.00674772 0.260181 -0.342263\n0.99988 -0.00480237 -0.0147393\n2\n23 0.309941 -0.188214 0.45385\n26 -0.295328 -0.188214 0.45385\n2\n0.00730649 -0.188214 0.45385\n-1 -5.38716e-08 2.37995e-07\n2\n27 0.309939 -0.508895 0.549186\n28 -0.29533 -0.508895 0.549186\n2\n0.0073045 -0.508895 0.549186\n-1 0 0\n2\n29 -0.29533 -0.508895 -0.286791\n30 0.309939 -0.508895 -0.286791\n2\n0.0073045 -0.508895 -0.286791\n1 0 0\nL 31\n0\n0\n1\n0\n0\n3\n3\n3\n3\n2\n2\n3\n3\n2\n2\n2\n2\n0\n0\n0\n0\n0\n0\n2\n2\n2\n2\n2\n2\n2\n2"
}