{
    "boxes": [
        [
            0.003922500181943178,
            -0.06212950125336647,
            0.13593600690364838,
            0.19060300290584564,
            0.8360850214958191,
            0.7449250221252441,
            0.0,
            1.0,
            0.0,
            0.0,
            0.0,
            1.0
        ],
        [
            -0.3608109951019287,
            0.248539000749588,
            0.024333300068974495,
            0.05016100034117699,
            0.634975016117096,
            0.06268469989299774,
            0.016791699454188347,
            0.9998480081558228,
            0.00460360012948513,
            -0.1045520007610321,
            -0.002823170041665435,
            0.9945150017738342
        ],
        [
            0.39779800176620483,
            0.0675273984670639,
            0.32952600717544556,
            0.367235004901886,
            0.05418730154633522,
            0.0614360012114048,
            0.012789299711585045,
            0.9999150037765503,
            -0.0024399301037192345,
            0.1174359992146492,
            0.000921203987672925,
            0.9930800199508667
        ],
        [
            -0.31191301345825195,
            -0.46684300899505615,
            -0.2824609875679016,
            0.6314949989318848,
            0.06277699768543243,
            0.06331939995288849,
            0.023266799747943878,
            0.9946669936180115,
            0.1004830002784729,
            0.021029600873589516,
            -0.10097499936819077,
            0.9946669936180115
        ],
        [
            -0.32898399233818054,
            -0.46264100074768066,
            0.4852850139141083,
            0.6319140195846558,
            0.06462900340557098,
            0.0646279975771904,
            0.0,
            1.0,
            0.0,
            0.0,
            0.0,
            1.0
        ],
        [
            0.0035980299580842257,
            0.17151999473571777,
            -0.23715800046920776,
            0.368027001619339,
            0.09140639752149582,
            0.6874269843101501,
            0.0016292700311169028,
            0.9836090207099915,
            -0.18030600249767303,
            0.0019550800789147615,
            0.18030300736427307,
            0.9836090207099915
        ],
        [
            0.010901499539613724,
            0.2423650026321411,
            -0.31395500898361206,
            0.6879799962043762,
            0.07407189905643463,
            0.6865170001983643,
            1.2343900124278662e-08,
            0.9903410077095032,
            -0.13865399360656738,
            1.4192499619980481e-08,
            0.13865399360656738,
            0.9903410077095032
        ]
    ],
    "ops": [
        [
            0,
            0,
            0,
            1,
            2,
            1,
            0,
            0,
            1,
            2,
            1,
            0,
            0,
            1,
            1
        ]
    ],
    "syms": [
        [
            0.0,
            0.9999459981918335,
            0.005464110057801008,
            -0.008861560374498367,
            0.003429020056501031,
            0.2505289912223816,
            0.02110539935529232,
            0.0
        ],
        [
            0.0,
            1.0,
            2.155839951001326e-07,
            1.5361399618996074e-07,
            0.0086558498442173,
            -0.46684300899505615,
            -0.2824609875679016,
            0.0
        ]
    ],
    "labels:": [
        [
            1,
            3,
            3,
            2,
            2,
            0,
            0
        ]
    ],
    "obj": 43832,
    "mat_index": 5524,
    "obbs": "N 11\n0.00359803 0.17152 -0.237158 0.999997 -0.00195508 -0.00162927 0.00195508 0.180303 0.983609 -0.00162927 -0.983609 0.180306 0.687427 0.0914064 0.368027\n0.0039225 -0.0621295 0.135936 1 0 0 0 1 0 0 0 1 0.744925 0.190603 0.836085\n0.367669 0.25252 0.0178775 0.994465 0.0102704 -0.104568 -0.0111293 0.999909 -0.00763333 0.10448 0.00875484 0.994488 0.0619635 0.0362202 0.621825\n-0.360811 0.248539 0.0243333 0.104552 0.00282317 -0.994515 0.0167917 0.999848 0.0046036 0.994378 -0.0171809 0.104489 0.634975 0.050161 0.0626847\n0.397798 0.0675274 0.329526 0.0127893 0.999915 -0.00243993 0.117436 0.000921204 0.99308 0.992998 -0.0129873 -0.117414 0.367235 0.0541873 0.061436\n-0.390181 0.0604815 0.339873 1 0 0 0 1 0 0 0 1 0.060205 0.352759 0.036696\n0.0109015 0.242365 -0.313955 1 -1.41925e-08 -1.23439e-08 1.41925e-08 0.138654 0.990341 -1.23439e-08 -0.990341 0.138654 0.686517 0.0740719 0.68798\n-0.311913 -0.466843 -0.282461 0.999508 -0.0210296 -0.0232668 0.0210296 -0.100975 0.994667 -0.0232668 -0.994667 -0.100483 0.0633194 0.062777 0.631495\n0.329224 -0.466843 -0.282461 0.999508 0.0210389 0.0232771 -0.0210389 -0.100976 0.994666 0.0232771 -0.994666 -0.100483 0.063319 0.0627775 0.631495\n0.346293 -0.462641 0.485285 1 0 0 0 1 0 0 0 1 0.064629 0.631914 0.064629\n-0.328984 -0.462641 0.485285 1 0 0 0 1 0 0 0 1 0.064628 0.631914 0.064629\nC 23\n0 2\n0 7\n0 3\n0 8\n0 1\n0 6\n1 3\n1 6\n1 2\n1 5\n1 10\n1 4\n1 9\n1 8\n1 7\n2 6\n2 4\n3 6\n3 5\n4 9\n5 10\n6 7\n6 8\nS 4\n2\n2 0.367669 0.25252 0.0178775\n3 -0.360811 0.248539 0.0243333\n2\n0.00342902 0.250529 0.0211054\n-0.999946 -0.00546411 0.00886156\n2\n4 0.397798 0.0675274 0.329526\n5 -0.390181 0.0604815 0.339873\n2\n0.00380856 0.0640045 0.3347\n-0.999874 -0.00894064 0.0131291\n2\n7 -0.311913 -0.466843 -0.282461\n8 0.329224 -0.466843 -0.282461\n2\n0.00865585 -0.466843 -0.282461\n1 2.15584e-07 1.53614e-07\n2\n9 0.346293 -0.462641 0.485285\n10 -0.328984 -0.462641 0.485285\n2\n0.00865425 -0.462641 0.485285\n-1 0 0\nL 11\n0\n1\n3\n3\n3\n3\n0\n2\n2\n2\n2"
}