{
    "boxes": [
        [
            0.03399049863219261,
            0.12942400574684143,
            0.09172549843788147,
            0.0788709968328476,
            0.4910230040550232,
            0.6016110181808472,
            0.0,
            1.0,
            0.0,
            0.0,
            0.0,
            1.0
        ],
        [
            -0.2819899916648865,
            0.20240099728107452,
            0.07023870199918747,
            0.19296300411224365,
            0.5354620218276978,
            0.06825359910726547,
            -0.3870449960231781,
            0.9198309779167175,
            -0.06408429890871048,
            -0.08128680288791656,
            0.0351920984685421,
            0.9960690140724182
        ],
        [
            -0.3055509924888611,
            -0.34416601061820984,
            0.3083690106868744,
            1.0818300247192383,
            0.0348690003156662,
            0.03689799830317497,
            0.0,
            1.0,
            0.0,
            0.0,
            0.0,
            1.0
        ],
        [
            0.016618499532341957,
            -0.47642698884010315,
            0.02184700034558773,
            0.030247999355196953,
            0.5311099886894226,
            0.03312100097537041,
            0.0,
            1.0,
            0.0,
            0.0,
            0.0,
            1.0
        ],
        [
            0.34511798620224,
            -0.31373101472854614,
            -0.251116007566452,
            1.1513700485229492,
            0.04577130079269409,
            0.0635175034403801,
            0.015871800482273102,
            0.9959409832954407,
            0.08860050141811371,
            0.3424470126628876,
            -0.08866710215806961,
            0.9353439807891846
        ],
        [
            -0.3054940104484558,
            -0.31372299790382385,
            -0.24900700151920319,
            1.1513099670410156,
            0.046362098306417465,
            0.06712230294942856,
            0.01908160001039505,
            0.9960870146751404,
            0.0862983986735344,
            0.39034798741340637,
            -0.08688600361347198,
            0.916558027267456
        ],
        [
            0.01941699907183647,
            -0.47642698884010315,
            -0.2563000023365021,
            0.030247999355196953,
            0.05347700044512749,
            0.6153939962387085,
            0.0,
            1.0,
            0.0,
            0.0,
            0.0,
            1.0
        ],
        [
            0.019816700369119644,
            0.283502995967865,
            -0.19679400324821472,
            0.4461219906806946,
            0.0718332976102829,
            0.687936007976532,
            0.0026064699050039053,
            0.9472360014915466,
            -0.32052600383758545,
            0.0036336099728941917,
            0.3205159902572632,
            0.9472360014915466
        ]
    ],
    "ops": [
        [
            0,
            0,
            2,
            1,
            0,
            2,
            0,
            0,
            0,
            0,
            2,
            1,
            1,
            1,
            1,
            1,
            0,
            1
        ]
    ],
    "syms": [
        [
            0.0,
            0.9999669790267944,
            -0.004768310114741325,
            0.006639920175075531,
            0.01663370057940483,
            0.20097699761390686,
            0.07222159951925278,
            0.0
        ],
        [
            0.0,
            0.9999989867210388,
            -0.0,
            -0.0015774499624967575,
            0.015694700181484222,
            -0.34416601061820984,
            0.3078620135784149,
            0.0
        ],
        [
            0.0,
            -0.005747830029577017,
            -0.0,
            0.999983012676239,
            0.017808999866247177,
            -0.47642698884010315,
            0.023452699184417725,
            0.0
        ]
    ],
    "labels:": [
        [
            1,
            3,
            2,
            2,
            2,
            2,
            2,
            0
        ]
    ],
    "obj": 43855,
    "mat_index": 5535,
    "obbs": "N 11\n0.0198167 0.283503 -0.196794 0.99999 -0.00363361 -0.00260647 0.00363361 0.320516 0.947236 -0.00260647 -0.947236 0.320526 0.687936 0.0718333 0.446122\n0.315257 0.199553 0.0742045 -0.457211 -0.883383 0.102917 0.883383 -0.46448 -0.0623896 0.102917 0.0623896 0.992731 0.214486 0.0638962 0.534743\n-0.28199 0.202401 0.0702387 -0.387045 0.919831 -0.0640843 0.918471 0.390732 0.0611493 0.0812868 -0.0351921 -0.996069 0.192963 0.0682536 0.535462\n0.0339905 0.129424 0.0917255 1 0 0 0 1 0 0 0 1 0.601611 0.078871 0.491023\n-0.305494 -0.313723 -0.249007 0.0190816 0.996087 0.0862984 0.390348 -0.086886 0.916558 0.92047 0.0161971 -0.390478 1.15131 0.0463621 0.0671223\n0.345118 -0.313731 -0.251116 0.0158718 0.995941 0.0886005 0.342447 -0.0886671 0.935344 0.939403 0.0154954 -0.342464 1.15137 0.0457713 0.0635175\n0.33694 -0.344166 0.307355 1 0 0 0 1 0 0 0 1 0.034869 1.08183 0.036898\n-0.305551 -0.344166 0.308369 1 0 0 0 1 0 0 0 1 0.036898 1.08183 0.034869\n0.016201 -0.476427 0.303206 1 0 0 0 1 0 0 0 1 0.608962 0.030248 0.04755\n0.0166185 -0.476427 0.021847 1 0 0 0 1 0 0 0 1 0.033121 0.030248 0.53111\n0.019417 -0.476427 -0.2563 1 0 0 0 1 0 0 0 1 0.615394 0.030248 0.053477\nC 21\n0 1\n0 5\n0 4\n0 3\n0 2\n1 3\n1 5\n1 6\n2 7\n2 4\n2 3\n3 6\n3 7\n3 4\n3 5\n4 10\n5 10\n6 8\n7 8\n8 9\n9 10\nS 3\n2\n1 0.315257 0.199553 0.0742045\n2 -0.28199 0.202401 0.0702387\n2\n0.0166337 0.200977 0.0722216\n-0.999967 0.00476831 -0.00663992\n2\n6 0.33694 -0.344166 0.307355\n7 -0.305551 -0.344166 0.308369\n2\n0.0156947 -0.344166 0.307862\n-0.999999 0 0.00157745\n2\n8 0.016201 -0.476427 0.303206\n10 0.019417 -0.476427 -0.2563\n2\n0.017809 -0.476427 0.0234527\n0.00574783 0 -0.999983\nL 11\n0\n3\n3\n1\n2\n2\n2\n2\n2\n2\n2"
}