{
    "boxes": [
        [
            0.01224599964916706,
            -0.09460649639368057,
            0.10384199768304825,
            0.1154789999127388,
            0.8158439993858337,
            0.7877619862556458,
            0.0,
            1.0,
            0.0,
            0.0,
            0.0,
            1.0
        ],
        [
            -0.40692898631095886,
            0.17336900532245636,
            0.08885599672794342,
            0.058916300535202026,
            0.729915976524353,
            0.08804550021886826,
            0.04151590168476105,
            0.9990820288658142,
            0.01059349998831749,
            -0.0002199989976361394,
            -0.01059349998831749,
            0.9999439716339111
        ],
        [
            -0.4075709879398346,
            0.05084019899368286,
            0.45794400572776794,
            0.2416359931230545,
            0.11899500340223312,
            0.10561300069093704,
            -0.031024299561977386,
            0.9419019818305969,
            -0.3344529867172241,
            -0.19038699567317963,
            0.32291901111602783,
            0.9270790219306946
        ],
        [
            -0.40855398774147034,
            -0.4211159944534302,
            -0.26679500937461853,
            0.7275999784469604,
            0.08084399998188019,
            0.08084399998188019,
            0.0,
            1.0,
            0.0,
            0.0,
            0.0,
            1.0
        ],
        [
            -0.3924790024757385,
            -0.4100379943847656,
            0.46306100487709045,
            0.7539719939231873,
            0.10166200250387192,
            0.11720799654722214,
            0.0,
            1.0,
            0.0,
            0.0,
            0.0,
            1.0
        ],
        [
            7.699999696342275e-05,
            0.2694869935512543,
            0.07331249862909317,
            0.8218250274658203,
            0.8762350082397461,
            0.7826380133628845,
            0.0,
            1.0,
            0.0,
            0.0,
            0.0,
            1.0
        ]
    ],
    "ops": [
        [
            0,
            0,
            0,
            1,
            2,
            1,
            0,
            0,
            1,
            2,
            1,
            0,
            1
        ]
    ],
    "syms": [
        [
            0.0,
            0.9999880194664001,
            -0.0010974700562655926,
            0.004855049774050713,
            0.004680490121245384,
            0.17291699349880219,
            0.09085439890623093,
            0.0
        ],
        [
            0.0,
            0.9999799728393555,
            0.003705359995365143,
            0.0051499102264642715,
            -0.0003027500060852617,
            -0.41960299015045166,
            -0.2646920084953308,
            0.0
        ]
    ],
    "labels:": [
        [
            1,
            3,
            3,
            2,
            2,
            0
        ]
    ],
    "obj": 43990,
    "mat_index": 5598,
    "obbs": "N 10\n7.7e-05 0.269487 0.0733125 1 0 0 0 1 0 0 0 1 0.782638 0.821825 0.876235\n0.41629 0.172465 0.0928528 0.999925 -0.0122353 -0.000131422 0.0122353 0.999694 0.0214792 -0.000131422 -0.0214792 0.999769 0.0851908 0.0821291 0.737949\n-0.406929 0.173369 0.088856 0.000219999 0.0105935 -0.999944 0.0415159 0.999082 0.0105935 0.999138 -0.0415159 -0.000219999 0.729916 0.0589163 0.0880455\n0.012246 -0.0946065 0.103842 1 0 0 0 1 0 0 0 1 0.787762 0.115479 0.815844\n0.407948 -0.41809 -0.26259 1 0 0 0 1 0 0 0 1 0.101121 0.737867 0.09347\n0.408026 -0.417793 0.462 1 0 0 0 1 0 0 0 1 0.101124 0.738461 0.099529\n-0.392479 -0.410038 0.463061 1 0 0 0 1 0 0 0 1 0.117208 0.753972 0.101662\n-0.408554 -0.421116 -0.266795 1 0 0 0 1 0 0 0 1 0.080844 0.7276 0.080844\n0.415309 0.0441185 0.458981 0.999485 -0.0251876 -0.0198808 0.0251876 0.231962 0.972399 -0.0198808 -0.972399 0.232477 0.0919032 0.111616 0.246864\n-0.407571 0.0508402 0.457944 -0.981219 -0.0924374 -0.169307 -0.190387 0.322919 0.927079 -0.0310243 0.941902 -0.334453 0.105613 0.118995 0.241636\nC 25\n0 7\n0 3\n0 4\n0 5\n0 8\n0 1\n0 6\n0 9\n0 2\n1 3\n1 5\n1 4\n1 8\n2 9\n2 6\n2 3\n2 7\n3 7\n3 6\n3 9\n3 5\n3 8\n3 4\n5 8\n6 9\nS 4\n2\n1 0.41629 0.172465 0.0928528\n2 -0.406929 0.173369 0.088856\n2\n0.00468049 0.172917 0.0908544\n-0.999988 0.00109747 -0.00485505\n2\n4 0.407948 -0.41809 -0.26259\n7 -0.408554 -0.421116 -0.266795\n2\n-0.00030275 -0.419603 -0.264692\n-0.99998 -0.00370536 -0.00514991\n2\n5 0.408026 -0.417793 0.462\n6 -0.392479 -0.410038 0.463061\n2\n0.0077735 -0.413916 0.46253\n-0.999952 0.0096878 0.00132597\n2\n8 0.415309 0.0441185 0.458981\n9 -0.407571 0.0508402 0.457944\n2\n0.0038692 0.0474793 0.458463\n-0.999966 0.00816821 -0.00126034\nL 10\n0\n3\n3\n1\n2\n2\n2\n2\n3\n3"
}