{
    "boxes": [
        [
            0.013743500225245953,
            0.009151499718427658,
            0.10917399823665619,
            0.23457099497318268,
            0.8952739834785461,
            0.8698130249977112,
            0.0,
            1.0,
            0.0,
            0.0,
            0.0,
            1.0
        ],
        [
            0.42860299348831177,
            -0.4341689944267273,
            0.4218049943447113,
            0.7338219881057739,
            0.21493999660015106,
            0.04009399935603142,
            0.0,
            1.0,
            0.0,
            0.0,
            0.0,
            1.0
        ],
        [
            0.013757499866187572,
            -0.18286199867725372,
            -0.2923179864883423,
            0.14408299326896667,
            0.036373600363731384,
            0.7955589890480042,
            1.3247899999235813e-10,
            0.9922080039978027,
            0.12459400296211243,
            1.1688400247678032e-10,
            -0.12459400296211243,
            0.9922080039978027
        ],
        [
            -0.4011160135269165,
            -0.4347499907016754,
            -0.2641359865665436,
            0.7321289777755737,
            0.17850099503993988,
            0.04009399935603142,
            0.0,
            1.0,
            0.0,
            0.0,
            0.0,
            1.0
        ],
        [
            0.01190169993788004,
            0.4816589951515198,
            -0.29812100529670715,
            0.44505301117897034,
            0.0714770033955574,
            0.7936959862709045,
            -6.37752964394167e-05,
            0.9918540120124817,
            -0.12737800180912018,
            -7.248939800774679e-05,
            0.12737800180912018,
            0.9918540120124817
        ],
        [
            -0.40126699209213257,
            0.3173789978027344,
            -0.2735849916934967,
            0.5067020058631897,
            0.14603100717067719,
            0.041721198707818985,
            -0.002445799997076392,
            0.9954010248184204,
            -0.09576959908008575,
            -0.009104490280151367,
            0.09574370086193085,
            0.9953640103340149
        ]
    ],
    "ops": [
        [
            0,
            0,
            2,
            0,
            0,
            2,
            1,
            1,
            1,
            0,
            0,
            2,
            1,
            1
        ]
    ],
    "syms": [
        [
            0.0,
            0.9999020099639893,
            0.0008869600133039057,
            -0.014002200216054916,
            0.013743500225245953,
            -0.43453699350357056,
            0.4276149868965149,
            0.0
        ],
        [
            0.0,
            0.9999200105667114,
            0.008487430401146412,
            -0.009382830001413822,
            0.013728500343859196,
            -0.43122801184654236,
            -0.26802900433540344,
            0.0
        ],
        [
            0.0,
            0.9999849796295166,
            -0.0031970199197530746,
            0.004437990020960569,
            0.013520400039851665,
            0.31605300307273865,
            -0.2717440128326416,
            0.0
        ]
    ],
    "labels:": [
        [
            1,
            2,
            2,
            2,
            0,
            0
        ]
    ],
    "obj": 43998,
    "mat_index": 5603,
    "obbs": "N 9\n0.0119017 0.481659 -0.298121 -6.37753e-05 0.991854 -0.127378 -7.24894e-05 0.127378 0.991854 1 7.24894e-05 6.37753e-05 0.445053 0.071477 0.793696\n0.0137575 -0.182862 -0.292318 1 -1.16884e-10 -1.32479e-10 1.16884e-10 -0.124594 0.992208 -1.32479e-10 -0.992208 -0.124594 0.795559 0.0363736 0.144083\n0.0137435 0.0091515 0.109174 1 0 0 0 1 0 0 0 1 0.869813 0.234571 0.895274\n-0.401267 0.317379 -0.273585 0.00910449 -0.0957437 -0.995364 0.999956 0.00330639 0.00882845 0.0024458 -0.995401 0.0957696 0.146031 0.0417212 0.506702\n0.428308 0.314727 -0.269903 0.0392838 -0.118017 -0.992234 0.999226 0.00661671 0.0387736 0.00198938 -0.99299 0.118186 0.166808 0.0440567 0.512303\n-0.401116 -0.43475 -0.264136 1 0 0 0 1 0 0 0 1 0.040094 0.732129 0.178501\n0.428573 -0.427707 -0.271922 -0.00062606 -0.9987 -0.0509783 0.999999 -0.000557523 -0.00135864 0.00132845 -0.0509791 0.998699 0.750992 0.0406308 0.186382\n0.428603 -0.434169 0.421805 1 0 0 0 1 0 0 0 1 0.040094 0.733822 0.21494\n-0.401116 -0.434905 0.433424 1 0 0 0 1 0 0 0 1 0.040094 0.73248 0.1917\nC 16\n0 4\n0 3\n0 2\n1 2\n1 3\n1 4\n1 5\n1 6\n2 7\n2 6\n2 8\n2 4\n2 3\n2 5\n3 5\n4 6\nS 3\n2\n3 -0.401267 0.317379 -0.273585\n4 0.428308 0.314727 -0.269903\n2\n0.0135204 0.316053 -0.271744\n0.999985 -0.00319702 0.00443799\n2\n5 -0.401116 -0.43475 -0.264136\n6 0.428573 -0.427707 -0.271922\n2\n0.0137285 -0.431228 -0.268029\n0.99992 0.00848743 -0.00938283\n2\n7 0.428603 -0.434169 0.421805\n8 -0.401116 -0.434905 0.433424\n2\n0.0137435 -0.434537 0.427615\n-0.999902 -0.00088696 0.0140022\nL 9\n0\n2\n1\n0\n0\n2\n2\n2\n2"
}