{
    "boxes": [
        [
            0.005211499985307455,
            -0.10388600081205368,
            0.12049800157546997,
            0.20949199795722961,
            1.1510100364685059,
            0.926127016544342,
            0.0,
            1.0,
            0.0,
            0.0,
            0.0,
            1.0
        ],
        [
            0.4195519983768463,
            0.07214400172233582,
            0.12228900194168091,
            0.42551499605178833,
            0.7056220173835754,
            0.07590609788894653,
            -0.014545599929988384,
            0.9997439980506897,
            0.017349500209093094,
            0.035779599100351334,
            -0.016819799318909645,
            0.9992179870605469
        ],
        [
            -0.020189499482512474,
            -0.3060719966888428,
            0.11177299916744232,
            0.4463900029659271,
            0.07478299736976624,
            0.07774700224399567,
            0.0,
            1.0,
            0.0,
            0.0,
            0.0,
            1.0
        ],
        [
            0.08331900089979172,
            -0.5362070202827454,
            -0.09152399748563766,
            0.07391480356454849,
            0.4562680125236511,
            0.0765082985162735,
            0.1498270034790039,
            0.9505339860916138,
            -0.27209898829460144,
            -0.43014299869537354,
            0.31046199798583984,
            0.8476970195770264
        ],
        [
            0.001963479910045862,
            0.37415599822998047,
            -0.40882501006126404,
            0.9693089723587036,
            0.3082520067691803,
            0.876134991645813,
            -0.0030918200500309467,
            0.9719089865684509,
            -0.2353370040655136,
            -0.003929790109395981,
            0.23532399535179138,
            0.9719089865684509
        ]
    ],
    "ops": [
        [
            0,
            0,
            2,
            1,
            0,
            0,
            2,
            1,
            1,
            0,
            1
        ]
    ],
    "syms": [
        [
            0.0,
            0.9994000196456909,
            0.011749699711799622,
            -0.032583098858594894,
            0.004018730018287897,
            0.06725870072841644,
            0.13583700358867645,
            0.0
        ],
        [
            -1.0,
            0.02342280000448227,
            0.9996370077133179,
            -0.013315900228917599,
            -0.017600400373339653,
            -0.532908022403717,
            0.10959800332784653,
            0.20000000298023224
        ]
    ],
    "labels:": [
        [
            1,
            3,
            2,
            2,
            0
        ]
    ],
    "obj": 44007,
    "mat_index": 5606,
    "obbs": "N 10\n0.00196348 0.374156 -0.408825 0.999987 0.00392979 0.00309182 -0.00392979 0.235324 0.971909 0.00309182 -0.971909 0.235337 0.876135 0.308252 0.969309\n-0.0201895 -0.306072 0.111773 1 0 0 0 1 0 0 0 1 0.077747 0.44639 0.074783\n0.419552 0.072144 0.122289 0.0145456 -0.999744 -0.0173495 0.999254 0.015155 -0.0355258 0.0357796 -0.0168198 0.999218 0.425515 0.0759061 0.705622\n-0.411514 0.0623734 0.149384 0.0165897 -0.999361 0.0316511 0.999361 0.015571 -0.0321644 0.0316511 0.0321644 0.998981 0.416474 0.0768916 0.72264\n0.0052115 -0.103886 0.120498 1 0 0 0 1 0 0 0 1 0.926127 0.209492 1.15101\n0.215571 -0.537828 0.146985 0.295373 0.953797 0.0550165 -0.165356 -0.00567867 0.986218 0.940963 -0.3004 0.156039 0.0725529 0.0703704 0.450096\n0.0210235 -0.532698 0.331798 0.975263 0.210289 -0.0681191 -0.176396 0.926106 0.333485 0.133214 -0.31322 0.940291 0.0733584 0.0762549 0.456798\n-0.22712 -0.523538 0.216936 -0.404385 0.876067 -0.262637 0.292218 0.395874 0.87057 0.866649 0.275299 -0.416089 0.0791034 0.0684501 0.456184\n-0.180795 -0.534272 -0.0562047 -0.262325 0.953999 -0.145159 -0.690438 -0.0804657 0.718903 0.674152 0.28881 0.679785 0.0731585 0.0626933 0.446493\n0.083319 -0.536207 -0.091524 0.430143 -0.310462 -0.847697 0.149827 0.950534 -0.272099 0.890241 -0.00996611 0.455381 0.456268 0.0739148 0.0765083\nC 22\n0 2\n0 3\n0 4\n0 1\n1 6\n1 5\n1 4\n1 9\n1 8\n1 7\n2 4\n3 4\n5 9\n5 6\n5 8\n5 7\n6 9\n6 7\n6 8\n7 9\n7 8\n8 9\nS 2\n2\n2 0.419552 0.072144 0.122289\n3 -0.411514 0.0623734 0.149384\n2\n0.00401873 0.0672587 0.135837\n-0.9994 -0.0117497 0.0325831\n5\n7 -0.22712 -0.523538 0.216936\n6 0.0210235 -0.532698 0.331798\n5 0.215571 -0.537828 0.146985\n9 0.083319 -0.536207 -0.091524\n8 -0.180795 -0.534272 -0.0562047\n3\n-0.0176004 -0.532908 0.109598\n-0.0234228 -0.999637 0.0133159\nL 10\n0\n2\n3\n3\n1\n2\n2\n2\n2\n2"
}