{
    "boxes": [
        [
            -0.01147649995982647,
            -0.21417200565338135,
            0.16526299715042114,
            0.14414699375629425,
            0.7366629838943481,
            0.7464249730110168,
            0.0,
            1.0,
            0.0,
            0.0,
            0.0,
            1.0
        ],
        [
            -0.4017049968242645,
            0.07145550101995468,
            0.15634499490261078,
            0.08261899650096893,
            0.7511280179023743,
            0.06798499822616577,
            0.0,
            1.0,
            0.0,
            0.0,
            0.0,
            1.0
        ],
        [
            -0.39959201216697693,
            -0.12860199809074402,
            0.46098700165748596,
            0.3534500002861023,
            0.09717299789190292,
            0.10125699639320374,
            -0.1015240028500557,
            0.9840930104255676,
            -0.14578500390052795,
            -0.08554910123348236,
            0.137364000082016,
            0.9868190288543701
        ],
        [
            -0.33207300305366516,
            -0.5294359922409058,
            -0.2297549992799759,
            0.5269020199775696,
            0.06803599745035172,
            0.0729316994547844,
            0.027409400790929794,
            0.974170982837677,
            0.22414299845695496,
            -0.061577100306749344,
            -0.22215600311756134,
            0.9730650186538696
        ],
        [
            -0.40408799052238464,
            -0.5254359841346741,
            0.5071529746055603,
            0.5226230025291443,
            0.05702440068125725,
            0.06670240312814713,
            0.007735089864581823,
            0.9981889724731445,
            -0.059654999524354935,
            -0.047360699623823166,
            0.059955500066280365,
            0.9970769882202148
        ],
        [
            -0.33249399065971375,
            0.18540699779987335,
            -0.23468700051307678,
            0.9521269798278809,
            0.07444349676370621,
            0.11866000294685364,
            -0.0315341018140316,
            0.9921560287475586,
            -0.12096299976110458,
            0.2577179968357086,
            0.12500199675559998,
            0.9581000208854675
        ],
        [
            -0.005785000044852495,
            0.2667180001735687,
            -0.2406969964504242,
            0.8436430096626282,
            0.09748569875955582,
            0.7220460176467896,
            -0.0,
            0.9873239994049072,
            -0.158720001578331,
            0.0,
            0.158720001578331,
            0.9873239994049072
        ],
        [
            -0.0053715999238193035,
            0.18923400342464447,
            -0.2306780070066452,
            0.9581300020217896,
            0.06395039707422256,
            0.6017339825630188,
            -0.000909961003344506,
            0.9907119870185852,
            -0.13597099483013153,
            -0.0010433800052851439,
            0.13596999645233154,
            0.9907119870185852
        ]
    ],
    "ops": [
        [
            0,
            0,
            0,
            1,
            2,
            1,
            0,
            0,
            1,
            2,
            1,
            0,
            2,
            0,
            0,
            1,
            1,
            1
        ]
    ],
    "syms": [
        [
            0.0,
            0.9999600052833557,
            -0.007331450004130602,
            -0.0051198601722717285,
            -0.008789749816060066,
            0.06857480108737946,
            0.1543329954147339,
            0.0
        ],
        [
            0.0,
            0.9999570250511169,
            -0.009128229692578316,
            -0.001448440016247332,
            -0.00588697986677289,
            -0.5324130058288574,
            -0.23022699356079102,
            0.0
        ],
        [
            0.0,
            0.9999200105667114,
            -0.0126611003652215,
            -0.000435641995863989,
            -0.006133569870144129,
            0.18127499520778656,
            -0.23482899367809296,
            0.0
        ]
    ],
    "labels:": [
        [
            1,
            3,
            3,
            2,
            2,
            0,
            0,
            0
        ]
    ],
    "obj": 44051,
    "mat_index": 5631,
    "obbs": "N 13\n-0.005785 0.266718 -0.240697 1 0 0 0 0.15872 0.987324 0 -0.987324 0.15872 0.722046 0.0974857 0.843643\n-0.0053716 0.189234 -0.230678 -0.000909961 0.990712 -0.135971 -0.00104338 0.13597 0.990712 0.999999 0.00104338 0.000909961 0.95813 0.0639504 0.601734\n-0.0114765 -0.214172 0.165263 1 0 0 0 1 0 0 0 1 0.746425 0.144147 0.736663\n0.320227 0.177142 -0.234971 -0.978113 -0.000188886 -0.208073 -0.206162 0.13611 0.969005 0.0281378 0.990694 -0.13317 0.110876 0.0799459 0.963622\n-0.332494 0.185407 -0.234687 -0.0315341 0.992156 -0.120963 0.257718 0.125002 0.9581 0.965706 -0.000961488 -0.259638 0.952127 0.0744435 0.11866\n0.384125 0.065694 0.152321 1 0 0 0 1 0 0 0 1 0.080076 0.092652 0.759179\n-0.401705 0.0714555 0.156345 1 0 0 0 1 0 0 0 1 0.067985 0.082619 0.751128\n0.383273 -0.134075 0.461878 0.0943799 0.985559 -0.140588 0.994449 -0.0999289 -0.0329319 -0.0465051 -0.1367 -0.98952 0.343345 0.105407 0.0965053\n-0.399592 -0.128602 0.460987 -0.101524 0.984093 -0.145785 0.991148 0.112657 0.0702426 0.0855491 -0.137364 -0.986819 0.35345 0.101257 0.097173\n0.320299 -0.535391 -0.2307 0.993012 0.0350182 -0.112697 0.117711 -0.225742 0.967049 0.00842395 -0.973557 -0.228287 0.0657334 0.0707143 0.514596\n0.393167 -0.526888 0.507688 0.0178207 0.997795 -0.0639323 -0.0925752 0.0653144 0.993561 0.995546 -0.0117874 0.093535 0.519896 0.0598085 0.0707711\n-0.404088 -0.525436 0.507153 0.00773509 0.998189 -0.059655 -0.0473607 0.0599555 0.997077 0.998848 -0.00488718 0.0477387 0.522623 0.0570244 0.0667024\n-0.332073 -0.529436 -0.229755 0.0274094 0.974171 0.224143 -0.0615771 -0.222156 0.973065 0.997726 -0.0404732 0.0538975 0.526902 0.068036 0.0729317\nC 33\n0 2\n0 3\n0 4\n0 12\n0 5\n0 1\n0 6\n0 9\n1 3\n1 6\n1 2\n1 5\n1 4\n1 9\n1 12\n2 8\n2 12\n2 5\n2 9\n2 6\n2 10\n2 3\n2 7\n2 11\n2 4\n3 9\n3 5\n4 12\n4 6\n5 7\n6 8\n7 10\n8 11\nS 5\n2\n3 0.320227 0.177142 -0.234971\n4 -0.332494 0.185407 -0.234687\n2\n-0.00613357 0.181275 -0.234829\n-0.99992 0.0126611 0.000435642\n2\n5 0.384125 0.065694 0.152321\n6 -0.401705 0.0714555 0.156345\n2\n-0.00878975 0.0685748 0.154333\n-0.99996 0.00733145 0.00511986\n2\n7 0.383273 -0.134075 0.461878\n8 -0.399592 -0.128602 0.460987\n2\n-0.00815939 -0.131339 0.461433\n-0.999975 0.00699154 -0.00113791\n2\n9 0.320299 -0.535391 -0.2307\n12 -0.332073 -0.529436 -0.229755\n2\n-0.00588698 -0.532413 -0.230227\n-0.999957 0.00912823 0.00144844\n2\n10 0.393167 -0.526888 0.507688\n11 -0.404088 -0.525436 0.507153\n2\n-0.00546025 -0.526162 0.507421\n-0.999998 0.00182213 -0.000670345\nL 13\n0\n0\n1\n0\n0\n3\n3\n3\n3\n2\n2\n2\n2"
}