{
    "boxes": [
        [
            0.004385500214993954,
            -0.12547899782657623,
            0.13775800168514252,
            0.4422520101070404,
            1.093369960784912,
            0.9564509987831116,
            0.0,
            1.0,
            0.0,
            0.0,
            0.0,
            1.0
        ],
        [
            -0.2940320074558258,
            -0.4068779945373535,
            -0.28777599334716797,
            0.21714599430561066,
            0.08065369725227356,
            0.07825729995965958,
            0.24692599475383759,
            0.8891260027885437,
            0.3853349983692169,
            0.5355119705200195,
            -0.45661699771881104,
            0.7104420065879822
        ],
        [
            -0.39532798528671265,
            -0.42476001381874084,
            0.6165549755096436,
            0.1519249975681305,
            0.10732900351285934,
            0.10733000189065933,
            0.0,
            1.0,
            0.0,
            0.0,
            0.0,
            1.0
        ],
        [
            0.003577349940314889,
            0.19826999306678772,
            -0.3151569962501526,
            1.25518000125885,
            0.47200900316238403,
            1.1199100017547607,
            -0.0001994460035348311,
            0.9796199798583984,
            -0.20086100697517395,
            -0.00024448998738080263,
            0.20086100697517395,
            0.9796199798583984
        ]
    ],
    "ops": [
        [
            0,
            0,
            0,
            1,
            2,
            1,
            0,
            1
        ]
    ],
    "syms": [
        [
            0.0,
            0.9999979734420776,
            -0.0013176000211387873,
            0.0013616400538012385,
            0.008008469827473164,
            -0.4072760045528412,
            -0.28736498951911926,
            0.0
        ]
    ],
    "labels:": [
        [
            1,
            2,
            2,
            0
        ]
    ],
    "obj": 44090,
    "mat_index": 5650,
    "obbs": "N 6\n0.00357735 0.19827 -0.315157 1 0.00024449 0.000199446 -0.00024449 0.200861 0.97962 0.000199446 -0.97962 0.200861 1.11991 0.472009 1.25518\n0.0043855 -0.125479 0.137758 1 0 0 0 1 0 0 0 1 0.956451 0.442252 1.09337\n-0.294032 -0.406878 -0.287776 0.807623 0.0309249 -0.588888 0.535512 -0.456617 0.710442 -0.246926 -0.889126 -0.385335 0.0782573 0.0806537 0.217146\n0.310049 -0.407674 -0.286953 -0.80875 0.0332522 -0.587212 -0.542031 -0.429701 0.722191 -0.228311 0.902359 0.365544 0.077783 0.0785149 0.215832\n0.4035 -0.42476 0.616555 1 0 0 0 1 0 0 0 1 0.107329 0.151925 0.107329\n-0.395328 -0.42476 0.616555 1 0 0 0 1 0 0 0 1 0.10733 0.151925 0.107329\nC 7\n0 1\n0 3\n0 2\n1 2\n1 3\n1 4\n1 5\nS 2\n2\n2 -0.294032 -0.406878 -0.287776\n3 0.310049 -0.407674 -0.286953\n2\n0.00800847 -0.407276 -0.287365\n0.999998 -0.0013176 0.00136164\n2\n4 0.4035 -0.42476 0.616555\n5 -0.395328 -0.42476 0.616555\n2\n0.00408575 -0.42476 0.616555\n-1 0 0\nL 6\n0\n1\n2\n2\n2\n2"
}