{
    "boxes": [
        [
            0.009053000248968601,
            -0.17720000445842743,
            0.09934650361537933,
            0.888384997844696,
            0.8263970017433167,
            0.7816280126571655,
            0.0,
            1.0,
            0.0,
            0.0,
            0.0,
            1.0
        ],
        [
            -0.3432289958000183,
            -0.3660289943218231,
            0.474014014005661,
            0.7486010193824768,
            0.06605300307273865,
            0.06605300307273865,
            0.0,
            1.0,
            0.0,
            0.0,
            0.0,
            1.0
        ],
        [
            -0.3234519958496094,
            -0.5966219902038574,
            0.11017400026321411,
            0.0652381032705307,
            0.6640790104866028,
            0.04079600051045418,
            0.10506399720907211,
            0.9941290020942688,
            0.025864899158477783,
            -0.07261929661035538,
            -0.018269799649715424,
            0.9971920251846313
        ],
        [
            -0.29919499158859253,
            -0.27477601170539856,
            -0.2602289915084839,
            0.9311069846153259,
            0.08307400345802307,
            0.06605300307273865,
            0.0,
            1.0,
            0.0,
            0.0,
            0.0,
            1.0
        ],
        [
            0.007712149992585182,
            0.4911629855632782,
            -0.3372569978237152,
            0.7737950086593628,
            0.12283600121736526,
            0.68504399061203,
            -5.720409899367951e-05,
            0.9895210266113281,
            -0.14438900351524353,
            0.060446999967098236,
            0.1441279947757721,
            0.9877110123634338
        ]
    ],
    "ops": [
        [
            0,
            0,
            0,
            0,
            1,
            1,
            2,
            1,
            0,
            1
        ]
    ],
    "syms": [
        [
            0.0,
            1.0,
            -0.0,
            -0.0,
            0.009053000248968601,
            -0.3660289943218231,
            0.474014014005661,
            0.0
        ]
    ],
    "labels:": [
        [
            1,
            2,
            2,
            2,
            0
        ]
    ],
    "obj": 44106,
    "mat_index": 5657,
    "obbs": "N 8\n0.00771215 0.491163 -0.337257 0.998171 -0.00867138 -0.0598218 0.060447 0.144128 0.987711 5.72041e-05 -0.989521 0.144389 0.685044 0.122836 0.773795\n0.337474 -0.596622 0.112821 0.000945102 -0.999899 0.0141765 0.997785 -1.11022e-15 -0.0665192 0.0665124 0.014208 0.997684 0.0590306 0.032954 0.669038\n-0.323452 -0.596622 0.110174 0.0726193 0.0182698 -0.997192 0.99181 -0.106647 0.0702735 -0.105064 -0.994129 -0.0258649 0.664079 0.040796 0.0652381\n0.009053 -0.1772 0.0993465 1 0 0 0 1 0 0 0 1 0.781628 0.888385 0.826397\n-0.299195 -0.274776 -0.260229 1 0 0 0 1 0 0 0 1 0.066053 0.931107 0.083074\n0.3173 -0.274776 -0.260655 1 0 0 0 1 0 0 0 1 0.066053 0.931107 0.082223\n0.361336 -0.366029 0.474014 1 0 0 0 1 0 0 0 1 0.066053 0.748601 0.066053\n-0.343229 -0.366029 0.474014 1 0 0 0 1 0 0 0 1 0.066053 0.748601 0.066053\nC 13\n0 5\n0 4\n0 3\n1 3\n1 5\n1 6\n2 7\n2 3\n2 4\n3 6\n3 7\n3 4\n3 5\nS 3\n2\n1 0.337474 -0.596622 0.112821\n2 -0.323452 -0.596622 0.110174\n2\n0.00701113 -0.596622 0.111498\n-0.999992 1.00369e-09 -0.00400574\n2\n4 -0.299195 -0.274776 -0.260229\n5 0.3173 -0.274776 -0.260655\n2\n0.009053 -0.274776 -0.260442\n1 0 -0.000690192\n2\n6 0.361336 -0.366029 0.474014\n7 -0.343229 -0.366029 0.474014\n2\n0.009053 -0.366029 0.474014\n-1 0 0\nL 8\n0\n2\n2\n1\n2\n2\n2\n2"
}