{
    "boxes": [
        [
            -0.003771000076085329,
            -0.1218630000948906,
            0.11720599979162216,
            0.19528800249099731,
            0.8472489714622498,
            0.7317399978637695,
            0.0,
            1.0,
            0.0,
            0.0,
            0.0,
            1.0
        ],
        [
            -0.23010499775409698,
            -0.4986790120601654,
            -0.18649999797344208,
            0.6895830035209656,
            0.07314349710941315,
            0.0728880986571312,
            0.0008919429965317249,
            0.9999989867210388,
            -0.0009018650162033737,
            -0.7062090039253235,
            0.0012684200191870332,
            0.7080029845237732
        ],
        [
            -0.3386250138282776,
            -0.49869200587272644,
            0.44854098558425903,
            0.6895170211791992,
            0.07288700342178345,
            0.07288800179958344,
            0.0,
            1.0,
            0.0,
            0.0,
            0.0,
            1.0
        ],
        [
            -0.19228699803352356,
            -0.06124750152230263,
            -0.23561899363994598,
            0.31365498900413513,
            0.03415500000119209,
            0.061480000615119934,
            0.0,
            1.0,
            0.0,
            0.0,
            0.0,
            1.0
        ],
        [
            -0.0055275000631809235,
            0.38627898693084717,
            -0.2276419997215271,
            0.6136860251426697,
            0.09392800182104111,
            0.5248910188674927,
            0.05233599990606308,
            0.9986299872398376,
            -2.2174000393626478e-16,
            0.0,
            2.2204500197172533e-16,
            1.0
        ],
        [
            -0.0055275000631809235,
            0.3861440122127533,
            -0.22337199747562408,
            0.7503899931907654,
            0.10246700048446655,
            0.6617069840431213,
            -0.05233599990606308,
            0.9986299872398376,
            -1.4589300600942323e-10,
            -2.787609920673617e-09,
            4.440889980918258e-16,
            1.0
        ]
    ],
    "ops": [
        [
            0,
            0,
            0,
            1,
            2,
            1,
            0,
            2,
            0,
            0,
            1,
            1,
            1
        ]
    ],
    "syms": [
        [
            0.0,
            1.0,
            -1.3202299669501372e-05,
            -0.0002333209995413199,
            -0.007189509924501181,
            -0.4986819922924042,
            -0.1865520030260086,
            0.0
        ],
        [
            0.0,
            1.0,
            -0.0,
            -0.0,
            -0.0055275000631809235,
            -0.06124750152230263,
            -0.23561899363994598,
            0.0
        ]
    ],
    "labels:": [
        [
            1,
            2,
            2,
            0,
            0,
            0
        ]
    ],
    "obj": 44114,
    "mat_index": 5660,
    "obbs": "N 9\n-0.0055275 0.386279 -0.227642 0.052336 0.99863 -2.2174e-16 0 2.22045e-16 1 0.99863 -0.052336 1.16209e-17 0.613686 0.093928 0.524891\n-0.003771 -0.121863 0.117206 1 0 0 0 1 0 0 0 1 0.73174 0.195288 0.847249\n0.181232 -0.0612475 -0.235619 1 0 0 0 1 0 0 0 1 0.06148 0.313655 0.034155\n-0.192287 -0.0612475 -0.235619 1 0 0 0 1 0 0 0 1 0.06148 0.313655 0.034155\n-0.230105 -0.498679 -0.1865 0.706209 -0.00126842 -0.708003 0.708003 5.40701e-06 0.706209 -0.000891943 -0.999999 0.000901865 0.0731435 0.0728881 0.689583\n0.215726 -0.498685 -0.186604 0.706583 -0.000740235 -0.70763 0.70763 3.40607e-06 0.706583 -0.000520627 -1 0.000526219 0.0730371 0.072888 0.689555\n0.330821 -0.498692 0.448541 1 0 0 0 1 0 0 0 1 0.072888 0.689517 0.072887\n-0.338625 -0.498692 0.448541 1 0 0 0 1 0 0 0 1 0.072888 0.689517 0.072887\n-0.0055275 0.386144 -0.223372 0.99863 0.052336 2.78379e-09 -2.78761e-09 4.44089e-16 1 0.052336 -0.99863 1.45893e-10 0.661707 0.102467 0.75039\nC 19\n0 1\n0 5\n0 4\n0 3\n0 8\n0 2\n1 2\n1 3\n1 4\n1 5\n1 8\n1 6\n1 7\n2 8\n2 5\n3 8\n3 4\n4 8\n5 8\nS 3\n2\n2 0.181232 -0.0612475 -0.235619\n3 -0.192287 -0.0612475 -0.235619\n2\n-0.0055275 -0.0612475 -0.235619\n-1 0 0\n2\n4 -0.230105 -0.498679 -0.1865\n5 0.215726 -0.498685 -0.186604\n2\n-0.00718951 -0.498682 -0.186552\n1 -1.32023e-05 -0.000233321\n2\n6 0.330821 -0.498692 0.448541\n7 -0.338625 -0.498692 0.448541\n2\n-0.003902 -0.498692 0.448541\n-1 0 0\nL 9\n0\n1\n0\n0\n2\n2\n2\n2\n0"
}