{
    "boxes": [
        [
            0.00011049999739043415,
            -0.08693250268697739,
            0.13010700047016144,
            0.1484149992465973,
            0.6864680051803589,
            0.7357550263404846,
            0.0,
            1.0,
            0.0,
            0.0,
            0.0,
            1.0
        ],
        [
            0.34516000747680664,
            -0.46764999628067017,
            -0.20490199327468872,
            0.7257459759712219,
            0.0864792987704277,
            0.06408370286226273,
            0.004726230166852474,
            0.9764750003814697,
            0.21557800471782684,
            -0.2646949887275696,
            -0.20666900277137756,
            0.9419260025024414
        ],
        [
            -0.34174099564552307,
            -0.4681699872016907,
            -0.22275899350643158,
            0.7176390290260315,
            0.08003179728984833,
            0.07062190026044846,
            0.0053885700181126595,
            0.9685490131378174,
            0.2487660050392151,
            0.6027089953422546,
            -0.20165300369262695,
            0.7720609903335571
        ],
        [
            -0.3484170138835907,
            -0.2508859932422638,
            0.11024399846792221,
            0.053780000656843185,
            0.5468959808349609,
            0.03864099830389023,
            0.0,
            1.0,
            0.0,
            0.0,
            0.0,
            1.0
        ],
        [
            -0.344637006521225,
            -0.47192099690437317,
            0.41860100626945496,
            0.6913570165634155,
            0.07673879712820053,
            0.05013680085539818,
            -0.005247930064797401,
            0.9952110052108765,
            -0.09761379659175873,
            -0.21960200369358063,
            0.0940852016210556,
            0.9710419774055481
        ],
        [
            0.002593910088762641,
            0.34626299142837524,
            -0.27781298756599426,
            0.714165985584259,
            0.04375109821557999,
            0.6504330039024353,
            0.0031952899880707264,
            0.9975219964981079,
            -0.07027609646320343,
            0.0034282999113202095,
            0.07026509940624237,
            0.9975219964981079
        ],
        [
            -0.00028736601234413683,
            0.3030239939689636,
            -0.2523060142993927,
            0.8704749941825867,
            0.08913599699735641,
            0.73546302318573,
            -0.0009945100173354149,
            0.9974259734153748,
            -0.07169230282306671,
            -0.0010685600573197007,
            0.07169129699468613,
            0.9974259734153748
        ]
    ],
    "ops": [
        [
            0,
            0,
            0,
            0,
            0,
            1,
            2,
            1,
            1,
            1,
            0,
            0,
            1,
            1
        ]
    ],
    "syms": [
        [
            0.0,
            0.9998909831047058,
            -0.0013105899561196566,
            0.014697699807584286,
            5.1750001148320735e-05,
            -0.2513430118560791,
            0.11536599695682526,
            0.0
        ]
    ],
    "labels:": [
        [
            1,
            2,
            2,
            2,
            2,
            0,
            0
        ]
    ],
    "obj": 44115,
    "mat_index": 5661,
    "obbs": "N 9\n0.00259391 0.346263 -0.277813 0.999989 -0.0034283 -0.00319529 0.0034283 0.0702651 0.997522 -0.00319529 -0.997522 0.0702761 0.650433 0.0437511 0.714166\n0.34852 -0.2518 0.120488 1 0 0 0 1 0 0 0 1 0.038628 0.053831 0.532639\n-0.348417 -0.250886 0.110244 1 0 0 0 1 0 0 0 1 0.038641 0.05378 0.546896\n0.0001105 -0.0869325 0.130107 1 0 0 0 1 0 0 0 1 0.735755 0.148415 0.686468\n-0.344637 -0.471921 0.418601 0.219602 -0.0940852 -0.971042 0.975575 0.0265321 0.218057 0.00524793 -0.995211 0.0976138 0.0767388 0.0501368 0.691357\n-0.341741 -0.46817 -0.222759 -0.00538857 -0.968549 -0.248766 0.797943 0.145773 -0.58484 0.602709 -0.201653 0.772061 0.717639 0.0706219 0.0800318\n0.34516 -0.46765 -0.204902 0.00472623 0.976475 0.215578 0.964321 -0.0615141 0.257491 0.264695 0.206669 -0.941926 0.725746 0.0640837 0.0864793\n0.348343 -0.476029 0.417309 0.0737421 -0.0832061 -0.9938 0.997274 0.00346896 0.0737094 -0.00268561 -0.996526 0.083235 0.0724231 0.0422315 0.685057\n-0.000287366 0.303024 -0.252306 0.999999 0.00106856 0.00099451 -0.00106856 0.0716913 0.997426 0.00099451 -0.997426 0.0716923 0.735463 0.089136 0.870475\nC 21\n0 1\n0 6\n0 5\n0 3\n0 8\n0 2\n1 3\n1 8\n1 6\n1 7\n2 8\n2 4\n2 3\n2 5\n3 7\n3 8\n3 6\n3 4\n3 5\n5 8\n6 8\nS 2\n2\n1 0.34852 -0.2518 0.120488\n2 -0.348417 -0.250886 0.110244\n2\n5.175e-05 -0.251343 0.115366\n-0.999891 0.00131059 -0.0146977\n2\n4 -0.344637 -0.471921 0.418601\n7 0.348343 -0.476029 0.417309\n2\n0.0018531 -0.473975 0.417955\n0.999981 -0.0059279 -0.00186502\nL 9\n0\n2\n2\n1\n2\n2\n2\n2\n0"
}