{
    "boxes": [
        [
            0.00687999976798892,
            -0.09295350313186646,
            0.15679000318050385,
            0.6215909719467163,
            1.3339300155639648,
            1.1823400259017944,
            0.0,
            1.0,
            0.0,
            0.0,
            0.0,
            1.0
        ],
        [
            0.006426480133086443,
            -0.4123010039329529,
            0.1492139995098114,
            0.031108299270272255,
            0.10329200327396393,
            0.10378099977970123,
            0.04332689940929413,
            0.9979739785194397,
            0.04659609869122505,
            -0.5880500078201294,
            -0.012230100110173225,
            0.8087319731712341
        ],
        [
            0.00670592999085784,
            -0.4216189980506897,
            0.14930599927902222,
            0.040438901633024216,
            1.0057599544525146,
            1.00586998462677,
            -0.00012169800174888223,
            1.0,
            -0.0004784399934578687,
            -0.10452800244092941,
            0.0004630979965440929,
            0.994521975517273
        ],
        [
            -0.06719090044498444,
            0.2643420100212097,
            -0.40646201372146606,
            1.033619999885559,
            0.6029340028762817,
            0.9167600274085999,
            -0.3003999888896942,
            0.9531009793281555,
            -0.036855198442935944,
            -0.04469690099358559,
            0.024530800059437752,
            0.9986990094184875
        ]
    ],
    "ops": [
        [
            0,
            0,
            0,
            1,
            1,
            0,
            1
        ]
    ],
    "syms": [
        [
            0.0,
            0.0,
            0.0,
            0.0,
            0.0,
            0.0,
            0.0,
            0.0
        ]
    ],
    "labels:": [
        [
            1,
            2,
            2,
            0
        ]
    ],
    "obj": 44143,
    "mat_index": 5669,
    "obbs": "N 4\n-0.0671909 0.264342 -0.406462 0.952766 0.301656 0.0352316 -0.0446969 0.0245308 0.998699 0.3004 -0.953101 0.0368552 0.91676 0.602934 1.03362\n0.00688 -0.0929535 0.15679 1 0 0 0 1 0 0 0 1 1.18234 0.621591 1.33393\n0.00642648 -0.412301 0.149214 -0.807663 0.0624407 -0.586329 0.0433269 0.997974 0.0465961 0.58805 0.0122301 -0.808732 0.103781 0.0311083 0.103292\n0.00670593 -0.421619 0.149306 -0.994522 -0.000171042 -0.104528 -0.000121698 1 -0.00047844 0.104528 -0.000463098 -0.994522 1.00587 0.0404389 1.00576\nC 6\n0 1\n0 3\n0 2\n1 2\n1 3\n2 3\nS 0\nL 4\n0\n1\n2\n2"
}