{
    "boxes": [
        [
            -0.0066334898583590984,
            -0.08441740274429321,
            0.15708599984645844,
            0.2786409854888916,
            0.7880110144615173,
            0.7889180183410645,
            -0.001811850001104176,
            0.9978500008583069,
            0.06550800055265427,
            -0.052276499569416046,
            -0.0655129998922348,
            0.9964810013771057
        ],
        [
            -0.24030600488185883,
            -0.48605701327323914,
            -0.15484000742435455,
            0.7138440012931824,
            0.2738580107688904,
            0.23436200618743896,
            0.19188499450683594,
            0.9359440207481384,
            0.2952759861946106,
            -0.5703259706497192,
            -0.13850800693035126,
            0.8096569776535034
        ],
        [
            0.26084500551223755,
            -0.4704819917678833,
            0.39000600576400757,
            0.6754130125045776,
            0.229980006814003,
            0.21161000430583954,
            -0.2014079988002777,
            0.9688609838485718,
            -0.14402799308300018,
            0.37833601236343384,
            0.21257799863815308,
            0.9009289741516113
        ],
        [
            -0.006702499929815531,
            0.4412910044193268,
            -0.1921049952507019,
            0.9526690244674683,
            0.08895909786224365,
            0.7602769732475281,
            -2.468520055032286e-09,
            0.9812269806861877,
            -0.19285699725151062,
            -3.000929948981934e-09,
            0.19285699725151062,
            0.9812269806861877
        ],
        [
            0.0015816299710422754,
            0.477620005607605,
            -0.18182699382305145,
            0.9314039945602417,
            0.11514099687337875,
            0.7707499861717224,
            -0.052754998207092285,
            0.9744380116462708,
            -0.21837599575519562,
            -0.0005240419995971024,
            0.21865400671958923,
            0.9758020043373108
        ],
        [
            -0.016621600836515427,
            0.44165799021720886,
            -0.2373179942369461,
            1.0413099527359009,
            0.15540599822998047,
            0.844694972038269,
            0.10187400132417679,
            0.9827089905738831,
            -0.15460999310016632,
            -0.00312203005887568,
            0.15573400259017944,
            0.9877939820289612
        ]
    ],
    "ops": [
        [
            0,
            0,
            0,
            1,
            2,
            1,
            0,
            0,
            0,
            1,
            1,
            1
        ]
    ],
    "syms": [
        [
            0.0,
            0.9999330043792725,
            0.005532640032470226,
            -0.010140799917280674,
            -0.0043092998676002026,
            -0.48475199937820435,
            -0.15723299980163574,
            0.0
        ]
    ],
    "labels:": [
        [
            1,
            2,
            2,
            0,
            0,
            0
        ]
    ],
    "obj": 44171,
    "mat_index": 5684,
    "obbs": "N 8\n0.00158163 0.47762 -0.181827 0.998607 0.0515929 -0.0110244 -0.000524042 0.218654 0.975802 0.052755 -0.974438 0.218376 0.77075 0.115141 0.931404\n-0.00663349 -0.0844174 0.157086 0.0522765 0.065513 -0.996481 -0.00181185 0.99785 0.065508 0.998631 -0.00161905 0.0522829 0.788011 0.278641 0.788918\n-0.0166216 0.441658 -0.237318 -0.994792 0.100148 -0.0189332 -0.00312203 0.155734 0.987794 0.101874 0.982709 -0.15461 0.844695 0.155406 1.04131\n-0.240306 -0.486057 -0.15484 0.570326 0.138508 -0.809657 0.798692 -0.323765 0.507216 -0.191885 -0.935944 -0.295276 0.273858 0.234362 0.713844\n0.231688 -0.483446 -0.159626 -0.529366 0.158602 -0.833437 0.827526 0.313069 -0.466035 0.187009 -0.936394 -0.296975 0.274932 0.242832 0.713507\n0.260845 -0.470482 0.390006 -0.378336 -0.212578 -0.900929 0.903491 0.126963 -0.40937 0.201408 -0.968861 0.144028 0.22998 0.21161 0.675413\n-0.252846 -0.472109 0.400754 0.448214 -0.279549 -0.849092 0.875485 -0.054663 0.480143 -0.180637 -0.958574 0.22024 0.221901 0.212345 0.684203\n-0.0067025 0.441291 -0.192105 1 3.00093e-09 2.46852e-09 -3.00093e-09 0.192857 0.981227 2.46852e-09 -0.981227 0.192857 0.760277 0.0889591 0.952669\nC 20\n0 1\n0 7\n0 4\n0 3\n0 2\n1 2\n1 3\n1 4\n1 5\n1 6\n1 7\n2 7\n2 4\n2 3\n3 6\n3 7\n3 4\n4 7\n4 5\n5 6\nS 2\n2\n3 -0.240306 -0.486057 -0.15484\n4 0.231688 -0.483446 -0.159626\n2\n-0.0043093 -0.484752 -0.157233\n0.999933 0.00553264 -0.0101408\n2\n5 0.260845 -0.470482 0.390006\n6 -0.252846 -0.472109 0.400754\n2\n0.00399944 -0.471295 0.39538\n-0.999776 -0.00316755 0.0209178\nL 8\n0\n1\n0\n2\n2\n2\n2\n0"
}