{
    "boxes": [
        [
            0.010525000281631947,
            -0.2994360029697418,
            0.2602179944515228,
            0.1751289963722229,
            0.5689889788627625,
            0.5689889788627625,
            -2.8104500673854955e-14,
            1.0,
            4.635180043607856e-13,
            -0.7071070075035095,
            -3.476299922835352e-13,
            0.7071070075035095
        ],
        [
            0.40132400393486023,
            -0.2567540109157562,
            0.4289270043373108,
            0.46289899945259094,
            0.9950600266456604,
            0.06935539841651917,
            -0.14191199839115143,
            0.7883809804916382,
            0.5985959768295288,
            -0.25748899579048157,
            -0.6132990121841431,
            0.7467010021209717
        ],
        [
            0.22376400232315063,
            -0.5786250233650208,
            0.30012598633766174,
            0.0989713966846466,
            0.016322199255228043,
            0.5828040242195129,
            0.5935810208320618,
            0.7997050285339355,
            -0.0901843011379242,
            -0.05137139931321144,
            0.1494850069284439,
            0.9874290227890015
        ],
        [
            0.022151999175548553,
            -0.6995639801025391,
            0.23618200421333313,
            0.055139001458883286,
            0.858905017375946,
            0.9737799763679504,
            0.0,
            1.0,
            0.0,
            0.0,
            0.0,
            1.0
        ],
        [
            0.01702680066227913,
            -0.5709599852561951,
            0.060823600739240646,
            0.0770730972290039,
            0.5476809740066528,
            0.01974550075829029,
            -0.025621699169278145,
            0.8095549941062927,
            -0.5864850282669067,
            -0.02059989981353283,
            0.5861250162124634,
            0.8099589943885803
        ],
        [
            0.017355499789118767,
            0.26611098647117615,
            -0.16752199828624725,
            1.0513499975204468,
            0.11535300314426422,
            0.5721369981765747,
            1.2959700143255759e-05,
            0.9743390083312988,
            -0.2250870019197464,
            1.6294899978674948e-05,
            0.2250870019197464,
            0.9743390083312988
        ],
        [
            0.02057740092277527,
            0.3085010051727295,
            -0.18318399786949158,
            0.9378859996795654,
            0.08891469985246658,
            1.0840100049972534,
            -0.002845139941200614,
            0.9303529858589172,
            -0.36665499210357666,
            -0.0041793701238930225,
            0.3666419982910156,
            0.9303529858589172
        ],
        [
            0.015403499826788902,
            -0.11663900315761566,
            -0.10566200315952301,
            0.06332840025424957,
            0.13362400233745575,
            1.0625100135803223,
            -3.503990001263446e-06,
            0.9993039965629578,
            0.037299901247024536,
            6.537209884527329e-08,
            -0.037299901247024536,
            0.9993039965629578
        ],
        [
            0.02805900014936924,
            -0.20149999856948853,
            -0.025821499526500702,
            0.2883700132369995,
            0.11658100038766861,
            1.1332299709320068,
            0.0,
            1.0,
            0.0,
            0.0,
            0.0,
            1.0
        ]
    ],
    "ops": [
        [
            0,
            0,
            2,
            1,
            0,
            2,
            0,
            0,
            1,
            1,
            1,
            0,
            0,
            1,
            0,
            0,
            1,
            1,
            1
        ]
    ],
    "syms": [
        [
            0.0,
            0.9998360276222229,
            0.008425679989159107,
            -0.01602110080420971,
            0.011827300302684307,
            -0.26003599166870117,
            0.43516799807548523,
            0.0
        ],
        [
            0.0,
            0.9996910095214844,
            0.020442500710487366,
            -0.01411260012537241,
            0.018237899988889694,
            -0.5828279852867126,
            0.3030279874801636,
            0.0
        ]
    ],
    "labels:": [
        [
            1,
            3,
            2,
            2,
            2,
            0,
            0,
            0,
            0
        ]
    ],
    "obj": 44196,
    "mat_index": 5693,
    "obbs": "N 11\n0.0173555 0.266111 -0.167522 1 -1.62949e-05 -1.29597e-05 1.62949e-05 0.225087 0.974339 -1.29597e-05 -0.974339 0.225087 0.572137 0.115353 1.05135\n0.401324 -0.256754 0.428927 0.257489 0.613299 -0.746701 0.955803 -0.0481666 0.290034 0.141912 -0.788381 -0.598596 0.99506 0.0693554 0.462899\n-0.377669 -0.263319 0.441409 -0.250689 0.625857 -0.738551 0.967961 0.150721 -0.200835 -0.0143785 -0.765236 -0.64359 0.984812 0.0613323 0.460858\n0.010525 -0.299436 0.260218 0.707107 3.4763e-13 -0.707107 -2.81045e-14 1 4.63518e-13 0.707107 -3.07884e-13 0.707107 0.568989 0.175129 0.568989\n0.022152 -0.699564 0.236182 1 0 0 0 1 0 0 0 1 0.97378 0.055139 0.858905\n0.0205774 0.308501 -0.183184 0.999987 0.00417937 0.00284514 -0.00417937 0.366642 0.930353 0.00284514 -0.930353 0.366655 1.08401 0.0889147 0.937886\n0.0154035 -0.116639 -0.105662 -6.53721e-08 0.0372999 -0.999304 -3.50399e-06 0.999304 0.0372999 1 3.50399e-06 6.53721e-08 0.133624 0.0633284 1.06251\n0.223764 -0.578625 0.300126 -0.803133 0.581486 -0.129813 -0.0513714 0.149485 0.987429 0.593581 0.799705 -0.0901843 0.582804 0.0163222 0.0989714\n0.0170268 -0.57096 0.0608236 -0.0256217 0.809555 -0.586485 0.999459 0.0328341 0.00165926 0.0205999 -0.586125 -0.809959 0.0770731 0.0197455 0.547681\n-0.187288 -0.58703 0.305929 -0.588298 0.788023 -0.181455 -0.00079572 0.22383 0.974628 0.808644 0.573516 -0.131052 0.115425 0.0200388 0.572721\n0.028059 -0.2015 -0.0258215 1 0 0 0 1 0 0 0 1 1.13323 0.28837 0.116581\nC 36\n0 2\n0 10\n0 3\n0 5\n0 1\n0 6\n1 3\n1 6\n1 5\n1 10\n1 4\n1 7\n2 5\n2 9\n2 6\n2 10\n2 3\n2 4\n3 7\n3 10\n3 6\n3 9\n3 5\n3 8\n4 7\n4 8\n4 9\n5 6\n5 10\n6 10\n7 10\n7 9\n7 8\n8 9\n8 10\n9 10\nS 2\n2\n1 0.401324 -0.256754 0.428927\n2 -0.377669 -0.263319 0.441409\n2\n0.0118273 -0.260036 0.435168\n-0.999836 -0.00842568 0.0160211\n2\n7 0.223764 -0.578625 0.300126\n9 -0.187288 -0.58703 0.305929\n2\n0.0182379 -0.582828 0.303028\n-0.999691 -0.0204425 0.0141126\nL 11\n0\n3\n3\n1\n2\n0\n0\n2\n2\n2\n0"
}