{
    "boxes": [
        [
            0.0056658098474144936,
            -0.13833299279212952,
            0.17383499443531036,
            0.22183600068092346,
            0.732545018196106,
            0.6405289769172668,
            -0.01658550091087818,
            0.9915549755096436,
            -0.12862099707126617,
            -0.0010711400536820292,
            0.12862099707126617,
            0.9916930198669434
        ],
        [
            -0.22949199378490448,
            -0.5502939820289612,
            -0.16820299625396729,
            0.627892017364502,
            0.09372369945049286,
            0.06479129940271378,
            -0.01670690067112446,
            0.9953359961509705,
            0.09501499682664871,
            0.11867500096559525,
            -0.09238249808549881,
            0.9886260032653809
        ],
        [
            -0.25603199005126953,
            -0.511335015296936,
            0.5030040144920349,
            0.7002900242805481,
            0.07136339694261551,
            0.0467820018529892,
            -2.1931100461111507e-16,
            0.9876880049705505,
            -0.15643399953842163,
            -3.4735398416245266e-17,
            0.15643399953842163,
            0.9876880049705505
        ],
        [
            0.008190429769456387,
            0.1867150068283081,
            -0.2126300036907196,
            0.9135839939117432,
            0.23838099837303162,
            0.5651900172233582,
            0.007281959988176823,
            0.9718459844589233,
            -0.23550400137901306,
            0.0092569999396801,
            0.23543499410152435,
            0.9718459844589233
        ]
    ],
    "ops": [
        [
            0,
            0,
            0,
            1,
            2,
            1,
            0,
            1
        ]
    ],
    "syms": [
        [
            0.0,
            0.9998220205307007,
            0.017871199175715446,
            -0.006106229964643717,
            0.00011477599764475599,
            -0.5461900234222412,
            -0.16960500180721283,
            0.0
        ]
    ],
    "labels:": [
        [
            1,
            2,
            2,
            0
        ]
    ],
    "obj": 44224,
    "mat_index": 5705,
    "obbs": "N 6\n0.00819043 0.186715 -0.21263 0.999931 -0.009257 -0.00728196 0.009257 0.235435 0.971846 -0.00728196 -0.971846 0.235504 0.56519 0.238381 0.913584\n0.00566581 -0.138333 0.173835 0.999862 0.0165855 -0.00107114 -0.0165855 0.991555 -0.128621 -0.00107114 0.128621 0.991693 0.640529 0.221836 0.732545\n0.229721 -0.542086 -0.171007 0.0219036 0.996614 0.0792526 0.991283 -0.0319507 0.127817 0.129916 0.0757621 -0.988626 0.642096 0.0867191 0.10072\n-0.229492 -0.550294 -0.168203 -0.118675 0.0923825 -0.988626 0.992793 0.0277928 -0.116578 0.0167069 -0.995336 -0.095015 0.0937237 0.0647913 0.627892\n-0.256032 -0.511335 0.503004 -2.19311e-16 0.987688 -0.156434 1 2.22045e-16 0 3.47354e-17 -0.156434 -0.987688 0.70029 0.046782 0.0713634\n0.276746 -0.511335 0.503004 -2.19311e-16 0.987688 -0.156434 1 2.22045e-16 0 3.47354e-17 -0.156434 -0.987688 0.70029 0.046783 0.0713634\nC 7\n0 1\n0 3\n0 2\n1 2\n1 3\n1 4\n1 5\nS 2\n2\n2 0.229721 -0.542086 -0.171007\n3 -0.229492 -0.550294 -0.168203\n2\n0.000114776 -0.54619 -0.169605\n-0.999822 -0.0178712 0.00610623\n2\n4 -0.256032 -0.511335 0.503004\n5 0.276746 -0.511335 0.503004\n2\n0.0103568 -0.511335 0.503004\n1 0 0\nL 6\n0\n1\n2\n2\n2\n2"
}