{
    "boxes": [
        [
            0.010999499820172787,
            -0.013159500434994698,
            0.07955049723386765,
            0.09757100045681,
            0.8161410093307495,
            0.854328989982605,
            0.0,
            1.0,
            0.0,
            0.0,
            0.0,
            1.0
        ],
        [
            -0.29344800114631653,
            -0.46246999502182007,
            -0.26133400201797485,
            0.7151550054550171,
            0.08775380253791809,
            0.07601369917392731,
            0.02770790085196495,
            0.9944700002670288,
            0.10130400210618973,
            0.11915499716997147,
            -0.10390599817037582,
            0.9874240159988403
        ],
        [
            -0.32708001136779785,
            -0.4075700044631958,
            0.07053250074386597,
            0.031651001423597336,
            0.608148992061615,
            0.04304549843072891,
            -6.949359837582492e-11,
            1.0,
            -1.0004899686499868e-11,
            -0.15643399953842163,
            -9.89492016968685e-13,
            0.9876880049705505
        ],
        [
            -0.32708001136779785,
            -0.22114500403404236,
            0.07053250074386597,
            0.03164999932050705,
            0.608148992061615,
            0.04304549843072891,
            1.4464100625772094e-14,
            1.0,
            1.998399962017624e-15,
            -0.15643399953842163,
            2.8889000990261733e-16,
            0.9876880049705505
        ],
        [
            0.010999999940395355,
            -0.4491640031337738,
            -0.24566900730133057,
            0.026587000116705894,
            0.02931400015950203,
            0.5509179830551147,
            0.0,
            1.0,
            0.0,
            0.0,
            0.0,
            1.0
        ],
        [
            -0.37839600443840027,
            -0.38899001479148865,
            0.40624600648880005,
            0.8451669812202454,
            0.0753282979130745,
            0.09738390147686005,
            0.042595699429512024,
            0.9986799955368042,
            -0.028688499704003334,
            0.4527609944343567,
            0.00630155997350812,
            0.8916100263595581
        ],
        [
            0.010999999940395355,
            0.7843369841575623,
            -0.2956480085849762,
            0.19651000201702118,
            0.047841399908065796,
            0.8013899922370911,
            -8.797489819967197e-11,
            0.9995830059051514,
            -0.028885800391435623,
            -9.055420302495065e-11,
            0.028885800391435623,
            0.9995830059051514
        ],
        [
            -0.19132399559020996,
            0.43874600529670715,
            -0.27221301198005676,
            0.5710200071334839,
            0.04506079852581024,
            0.049448899924755096,
            -0.10151500254869461,
            0.9925559759140015,
            -0.0672926977276802,
            0.003242860082536936,
            0.06797190010547638,
            0.9976819753646851
        ],
        [
            0.010999499820172787,
            0.11414100229740143,
            -0.2502009868621826,
            0.09374610334634781,
            0.020082900300621986,
            0.5990089774131775,
            -7.070600216430023e-10,
            0.9980949759483337,
            -0.06170029938220978,
            -7.521189782089266e-10,
            0.06170029938220978,
            0.9980949759483337
        ],
        [
            -0.32637399435043335,
            0.27773499488830566,
            -0.26236000657081604,
            0.8413000106811523,
            0.0866834968328476,
            0.08723340183496475,
            -0.1203949972987175,
            0.9907330274581909,
            -0.06287150084972382,
            0.6678159832954407,
            0.12768800556659698,
            0.7332919836044312
        ]
    ],
    "ops": [
        [
            0,
            0,
            0,
            0,
            1,
            1,
            2,
            0,
            2,
            0,
            2,
            1,
            1,
            1,
            0,
            0,
            2,
            1,
            0,
            0,
            2,
            1,
            1,
            1
        ]
    ],
    "syms": [
        [
            0.0,
            0.9999790191650391,
            0.006503229960799217,
            -0.0006141869816929102,
            0.01236919965595007,
            -0.4604809880256653,
            -0.26152199506759644,
            0.0
        ],
        [
            0.0,
            0.0,
            0.12507100403308868,
            0.9921479821205139,
            0.010999999940395355,
            -0.4087640047073364,
            0.07481200248003006,
            0.0
        ],
        [
            0.0,
            1.0,
            3.1648499998482293e-07,
            8.35688013012259e-07,
            0.01100040040910244,
            -0.38899001479148865,
            0.40624698996543884,
            0.0
        ],
        [
            1.0,
            -0.26243168115615845,
            0.29249733686447144,
            -0.18147532641887665,
            -0.19132399559020996,
            0.43874600529670715,
            -0.27221301198005676,
            0.25
        ],
        [
            0.0,
            0.9999359846115112,
            0.010777500458061695,
            -0.0035138099920004606,
            0.009215449914336205,
            0.2813520133495331,
            -0.26353898644447327,
            0.0
        ]
    ],
    "labels:": [
        [
            1,
            2,
            2,
            2,
            2,
            2,
            0,
            0,
            0,
            0
        ]
    ],
    "obj": 44283,
    "mat_index": 5743,
    "obbs": "N 19\n0.011 0.784337 -0.295648 -8.79749e-11 0.999583 -0.0288858 -9.05542e-11 0.0288858 0.999583 1 9.05539e-11 8.79752e-11 0.19651 0.0478414 0.80139\n0.0109995 -0.0131595 0.0795505 1 0 0 0 1 0 0 0 1 0.854329 0.097571 0.816141\n0.213323 0.438746 -0.272213 0.101515 0.992556 -0.0672927 -0.00324286 0.0679719 0.997682 0.994829 -0.101061 0.0101189 0.57102 0.0450608 0.0494489\n0.080701 0.443665 -0.272547 -0.998679 0.051189 -0.00450297 -0.00102826 0.0677047 0.997705 0.0513764 0.996391 -0.0675626 0.0534933 0.0450613 0.570553\n-0.058701 0.443665 -0.272547 -0.0513762 0.996391 -0.0675626 0.0010284 0.0677047 0.997705 0.998679 0.0511888 -0.0045031 0.570553 0.0450613 0.0534932\n-0.191324 0.438746 -0.272213 0.994829 0.101061 -0.0101189 0.00324286 0.0679719 0.997682 0.101515 -0.992556 0.0672927 0.0494489 0.0450608 0.57102\n0.0109995 0.114141 -0.250201 -7.0706e-10 0.998095 -0.0617003 -7.52119e-10 0.0617003 0.998095 1 7.52118e-10 7.0706e-10 0.0937461 0.0200829 0.599009\n-0.32708 -0.40757 0.0705325 0.156434 9.89492e-13 -0.987688 -6.94936e-11 1 -1.00049e-11 0.987688 7.02032e-11 0.156434 0.608149 0.031651 0.0430455\n-0.32708 -0.221145 0.0705325 0.156434 -2.8889e-16 -0.987688 1.44641e-14 1 1.9984e-15 0.987688 -1.45987e-14 0.156434 0.608149 0.03165 0.0430455\n0.011 -0.449164 -0.245669 1 0 0 0 1 0 0 0 1 0.550918 0.026587 0.029314\n0.34908 -0.221145 0.0705325 0.987688 -7.29933e-14 -0.156434 7.23206e-14 1 -9.99201e-15 0.156434 -1.44445e-15 0.987688 0.0430455 0.03165 0.608149\n0.34908 -0.40757 0.0705325 0.987688 -7.0174e-11 -0.156434 6.94647e-11 1 -1.00008e-11 0.156434 -9.89024e-13 0.987688 0.0430455 0.031651 0.608149\n0.011 -0.368364 0.395293 1 0 0 -0 1 0 0 -0 1 0.707962 0.044815 0.046994\n0.318186 -0.458493 -0.26171 -0.991479 -0.0217829 -0.128433 -0.125637 -0.100631 0.986959 -0.0344231 0.994685 0.0970363 0.0790285 0.0892045 0.720755\n-0.293448 -0.46247 -0.261334 0.992489 -0.0152885 -0.121375 0.119155 -0.103906 0.987424 -0.0277079 -0.99447 -0.101304 0.0760137 0.0877538 0.715155\n0.400396 -0.38899 0.406247 -0.04259 0.998681 -0.0286855 -0.452756 0.00630181 0.891612 0.890617 0.0509613 0.45189 0.845166 0.0753286 0.0973871\n-0.378396 -0.38899 0.406246 0.890614 -0.0509678 -0.451895 0.452761 0.00630156 0.89161 -0.0425957 -0.99868 0.0286885 0.0973839 0.0753283 0.845167\n0.344805 0.284969 -0.264718 0.0835536 0.992355 -0.0908295 -0.617673 0.123101 0.776741 0.781984 -0.00879649 0.623237 0.827024 0.0832404 0.0876543\n-0.326374 0.277735 -0.26236 -0.120395 0.990733 -0.0628715 0.667816 0.127688 0.733292 0.734525 0.0462982 -0.677001 0.8413 0.0866835 0.0872334\nC 62\n0 2\n0 3\n0 17\n0 4\n0 18\n0 5\n1 3\n1 17\n1 15\n1 6\n1 2\n1 16\n1 14\n1 5\n1 10\n1 13\n1 4\n1 18\n1 8\n2 6\n2 3\n2 17\n2 4\n3 17\n3 6\n3 5\n3 4\n4 18\n4 5\n4 6\n5 6\n5 18\n6 17\n6 14\n6 18\n6 13\n7 12\n7 16\n7 14\n7 8\n7 9\n8 9\n8 14\n8 16\n8 12\n8 18\n9 11\n9 14\n9 10\n9 13\n10 11\n10 17\n10 15\n10 12\n10 13\n11 13\n11 12\n11 15\n12 16\n12 15\n13 17\n14 18\nS 7\n4\n2 0.213323 0.438746 -0.272213\n3 0.080701 0.443665 -0.272547\n4 -0.058701 0.443665 -0.272547\n5 -0.191324 0.438746 -0.272213\n1\n0 0 0\n0 0 0\n2\n7 -0.32708 -0.40757 0.0705325\n11 0.34908 -0.40757 0.0705325\n2\n0.011 -0.40757 0.0705325\n1 0 0\n2\n8 -0.32708 -0.221145 0.0705325\n10 0.34908 -0.221145 0.0705325\n2\n0.011 -0.221145 0.0705325\n1 4.10488e-17 8.20977e-17\n2\n9 0.011 -0.449164 -0.245669\n12 0.011 -0.368364 0.395293\n2\n0.011 -0.408764 0.074812\n0 0.125071 0.992148\n2\n13 0.318186 -0.458493 -0.26171\n14 -0.293448 -0.46247 -0.261334\n2\n0.0123692 -0.460481 -0.261522\n-0.999979 -0.00650323 0.000614187\n2\n15 0.400396 -0.38899 0.406247\n16 -0.378396 -0.38899 0.406246\n2\n0.0110004 -0.38899 0.406247\n-1 -3.16485e-07 -8.35688e-07\n2\n17 0.344805 0.284969 -0.264718\n18 -0.326374 0.277735 -0.26236\n2\n0.00921545 0.281352 -0.263539\n-0.999936 -0.0107775 0.00351381\nL 19\n0\n1\n0\n0\n0\n0\n0\n2\n2\n2\n2\n2\n2\n2\n2\n2\n2\n0\n0"
}