{
    "boxes": [
        [
            -0.009715000167489052,
            -0.04802950099110603,
            0.08562599867582321,
            0.11214300245046616,
            0.860372006893158,
            0.7534279823303223,
            0.0,
            1.0,
            0.0,
            0.0,
            0.0,
            1.0
        ],
        [
            -0.35779500007629395,
            -0.43883898854255676,
            0.4506840109825134,
            0.7249910235404968,
            0.09003789722919464,
            0.08323100209236145,
            0.09753529727458954,
            0.9934769868850708,
            -0.059083499014377594,
            0.6744229793548584,
            -0.02232149988412857,
            0.7380080223083496
        ],
        [
            -0.3424839973449707,
            -0.4374380111694336,
            -0.3060759902000427,
            0.7277860045433044,
            0.09066960215568542,
            0.08594810217618942,
            0.06495100259780884,
            0.9949929714202881,
            0.07596729695796967,
            0.6640560030937195,
            -0.09992139786481857,
            0.7409759759902954
        ],
        [
            0.3430129885673523,
            -0.4339370131492615,
            -0.3194339871406555,
            0.731814980506897,
            0.09629689902067184,
            0.07743579894304276,
            -0.07575210183858871,
            0.9899299740791321,
            0.11958199739456177,
            0.16352899372577667,
            -0.10596899688243866,
            0.9808310270309448
        ],
        [
            -0.009716499596834183,
            0.6290689706802368,
            -0.3637920022010803,
            0.2566570043563843,
            0.07064790278673172,
            0.6515570282936096,
            2.4615399496497048e-08,
            0.9961950182914734,
            -0.08715599775314331,
            2.686310018873428e-08,
            0.08715599775314331,
            0.9961950182914734
        ],
        [
            -0.3198400139808655,
            0.3321189880371094,
            -0.32768699526786804,
            0.6761450171470642,
            0.05155960097908974,
            0.044273000210523605,
            1.974480028366088e-07,
            0.994521975517273,
            -0.10452800244092941,
            -6.535100283144857e-07,
            0.10452800244092941,
            0.994521975517273
        ]
    ],
    "ops": [
        [
            0,
            0,
            2,
            0,
            0,
            1,
            1,
            1,
            0,
            0,
            2,
            1,
            1
        ]
    ],
    "syms": [
        [
            0.0,
            0.9994230270385742,
            0.005888490006327629,
            0.03346490114927292,
            -0.009073750115931034,
            -0.4367850124835968,
            0.46236100792884827,
            0.0
        ],
        [
            0.0,
            1.0,
            -2.1132299465875803e-08,
            -2.0503700959295657e-09,
            -0.009716499596834183,
            0.3321189880371094,
            -0.32768699526786804,
            0.0
        ]
    ],
    "labels:": [
        [
            1,
            2,
            2,
            2,
            0,
            0
        ]
    ],
    "obj": 44307,
    "mat_index": 5748,
    "obbs": "N 8\n-0.0097165 0.629069 -0.363792 1 -2.68631e-08 -2.46154e-08 2.68631e-08 0.087156 0.996195 -2.46154e-08 -0.996195 0.087156 0.651557 0.0706479 0.256657\n-0.009715 -0.0480295 0.085626 1 0 0 0 1 0 0 0 1 0.753428 0.112143 0.860372\n0.300407 0.332119 -0.327687 -6.5351e-07 -0.104529 -0.994522 1 1.28056e-07 -6.70569e-07 1.97449e-07 -0.994522 0.104529 0.0515605 0.044273 0.676145\n-0.31984 0.332119 -0.327687 6.5351e-07 -0.104528 -0.994522 1 -1.28056e-07 6.70569e-07 -1.97448e-07 -0.994522 0.104528 0.0515596 0.044273 0.676145\n-0.342484 -0.437438 -0.306076 0.744856 0.00231948 -0.667221 0.664056 -0.0999214 0.740976 -0.064951 -0.994993 -0.0759673 0.0859481 0.0906696 0.727786\n0.343013 -0.433937 -0.319434 0.0757521 -0.98993 -0.119582 0.983626 0.093855 -0.153855 0.163529 -0.105969 0.980831 0.731815 0.0774358 0.0962969\n0.339647 -0.43473 0.474037 0.105808 -0.989231 0.101128 0.750222 0.012664 -0.661064 0.652665 0.145815 0.743483 0.730065 0.0900284 0.105765\n-0.357795 -0.438839 0.450684 0.0975353 0.993477 -0.0590835 0.674423 -0.0223215 0.738008 0.731875 -0.111829 -0.6722 0.724991 0.0900379 0.083231\nC 10\n0 3\n0 2\n1 2\n1 3\n1 4\n1 5\n1 6\n1 7\n2 5\n3 4\nS 2\n2\n2 0.300407 0.332119 -0.327687\n3 -0.31984 0.332119 -0.327687\n2\n-0.0097165 0.332119 -0.327687\n-1 2.11323e-08 2.05037e-09\n2\n6 0.339647 -0.43473 0.474037\n7 -0.357795 -0.438839 0.450684\n2\n-0.00907375 -0.436785 0.462361\n-0.999423 -0.00588849 -0.0334649\nL 8\n0\n1\n0\n0\n2\n2\n2\n2"
}