{
    "boxes": [
        [
            -0.014020100235939026,
            -0.03114829957485199,
            0.18840500712394714,
            0.3666119873523712,
            0.9496430158615112,
            1.3559099435806274,
            -0.003710150020197034,
            0.9984260201454163,
            -0.055965401232242584,
            -0.0001039019989548251,
            0.055965401232242584,
            0.998432993888855
        ],
        [
            -0.014423999935388565,
            -0.3201180100440979,
            0.15194499492645264,
            0.2699429988861084,
            0.21664300560951233,
            0.21649199724197388,
            0.0,
            1.0,
            0.0,
            0.0,
            0.0,
            1.0
        ],
        [
            -0.014263500459492207,
            -0.4833720028400421,
            0.15187400579452515,
            0.11043400317430496,
            0.6706269979476929,
            0.6706640124320984,
            0.0015472800005227327,
            0.9999970197677612,
            -0.0018244299571961164,
            -0.15643300116062164,
            0.002044019987806678,
            0.9876859784126282
        ],
        [
            0.004542409908026457,
            0.35120099782943726,
            -0.39778101444244385,
            0.8534089922904968,
            0.3269740045070648,
            1.0513399839401245,
            0.05361960083246231,
            0.825219988822937,
            -0.5622599720954895,
            0.002431279979646206,
            0.5629609823226929,
            0.826479971408844
        ]
    ],
    "ops": [
        [
            0,
            0,
            0,
            1,
            1,
            0,
            1
        ]
    ],
    "syms": [
        [
            0.0,
            0.0,
            0.0,
            0.0,
            0.0,
            0.0,
            0.0,
            0.0
        ]
    ],
    "labels:": [
        [
            1,
            2,
            2,
            0
        ]
    ],
    "obj": 44373,
    "mat_index": 5772,
    "obbs": "N 4\n0.00454241 0.351201 -0.397781 0.0536196 0.82522 -0.56226 0.00243128 0.562961 0.82648 0.998558 -0.0456826 0.0281794 0.853409 0.326974 1.05134\n-0.0140201 -0.0311483 0.188405 0.000103902 -0.0559654 -0.998433 -0.00371015 0.998426 -0.0559654 0.999993 0.00371015 -0.000103902 0.949643 0.366612 1.35591\n-0.014424 -0.320118 0.151945 1 0 0 0 1 0 0 0 1 0.216492 0.269943 0.216643\n-0.0142635 -0.483372 0.151874 0.156433 -0.00204402 -0.987686 0.00154728 0.999997 -0.00182443 0.987687 -0.00124283 0.156436 0.670627 0.110434 0.670664\nC 4\n0 1\n1 3\n1 2\n2 3\nS 0\nL 4\n0\n1\n2\n2"
}