{
    "boxes": [
        [
            0.0037226600106805563,
            -0.0512612983584404,
            0.11639700084924698,
            0.12336699664592743,
            0.6449210047721863,
            0.7651090025901794,
            0.001142330002039671,
            0.9971039891242981,
            0.0760418027639389,
            -4.34952016803436e-05,
            -0.0760418027639389,
            0.9971050024032593
        ],
        [
            -0.39625200629234314,
            -0.7639179825782776,
            -0.24599100649356842,
            0.04550129920244217,
            0.03438090160489082,
            0.0357493981719017,
            0.22693200409412384,
            0.9657400250434875,
            0.12588900327682495,
            0.3269369900226593,
            -0.1973010003566742,
            0.9242209792137146
        ],
        [
            -0.3312709927558899,
            -0.4183259904384613,
            -0.20529000461101532,
            0.6710910201072693,
            0.04484710097312927,
            0.033280301839113235,
            0.17528299987316132,
            0.9781479835510254,
            0.1118130013346672,
            0.49476298689842224,
            -0.1857060045003891,
            0.8489540219306946
        ],
        [
            -0.39379799365997314,
            -0.7637619972229004,
            0.46062299609184265,
            0.04492799937725067,
            0.03491950035095215,
            0.03419189900159836,
            0.20373399555683136,
            0.972121000289917,
            -0.11607900261878967,
            0.42773300409317017,
            0.018268700689077377,
            0.9037200212478638
        ],
        [
            -0.32482901215553284,
            -0.420195996761322,
            0.4157939851284027,
            0.6682959794998169,
            0.027757400646805763,
            0.05425089970231056,
            0.16242900490760803,
            0.9816259741783142,
            -0.10013599693775177,
            0.6146079897880554,
            -0.02125919982790947,
            0.7885460257530212
        ],
        [
            0.004117909818887711,
            0.28726300597190857,
            -0.23279500007629395,
            0.573540985584259,
            0.05748030170798302,
            0.7731660008430481,
            -0.001232299953699112,
            0.9942970275878906,
            -0.10663899779319763,
            -0.001371530001051724,
            0.10663700103759766,
            0.9942970275878906
        ]
    ],
    "ops": [
        [
            0,
            0,
            0,
            1,
            0,
            0,
            1,
            1,
            2,
            1,
            0,
            1
        ]
    ],
    "syms": [
        [
            0.0,
            1.0,
            0.00034666500869207084,
            -0.0006026559858582914,
            0.0043173301964998245,
            -0.7637789845466614,
            -0.2462330013513565,
            0.0
        ]
    ],
    "labels:": [
        [
            1,
            2,
            2,
            2,
            2,
            0
        ]
    ],
    "obj": 44377,
    "mat_index": 5773,
    "obbs": "N 10\n0.00411791 0.287263 -0.232795 0.999998 0.00137153 0.0012323 -0.00137153 0.106637 0.994297 0.0012323 -0.994297 0.106639 0.773166 0.0574803 0.573541\n-0.396252 -0.763918 -0.245991 -0.226932 -0.96574 -0.125889 0.917396 -0.168577 -0.360509 0.326937 -0.197301 0.924221 0.0455013 0.0357494 0.0343809\n0.404886 -0.76364 -0.246474 -0.215235 0.972123 0.0930058 0.916964 0.16842 0.36168 0.335934 0.163129 -0.927651 0.0452965 0.0357519 0.0344815\n0.40213 -0.763637 0.46091 -0.19376 0.975148 -0.10744 0.943712 0.21519 0.251197 0.268074 -0.0527206 -0.961955 0.0447508 0.0343114 0.0349264\n-0.393798 -0.763762 0.460623 -0.203734 -0.972121 0.116079 0.880646 -0.233769 -0.412086 0.427733 0.0182687 0.90372 0.044928 0.0341919 0.0349195\n0.00372266 -0.0512613 0.116397 0.999999 -0.00114233 -4.34952e-05 0.00114233 0.997104 0.0760418 -4.34952e-05 -0.0760418 0.997105 0.765109 0.123367 0.644921\n-0.324829 -0.420196 0.415794 0.771928 -0.189628 -0.606768 0.614608 -0.0212592 0.788546 -0.162429 -0.981626 0.100136 0.0542509 0.0277574 0.668296\n-0.331271 -0.418326 -0.20529 -0.494763 0.185706 -0.848954 0.851167 -0.0934863 -0.516502 -0.175283 -0.978148 -0.111813 0.0448471 0.0332803 0.671091\n0.34008 -0.423957 -0.204616 -0.767174 -0.0548272 -0.639091 -0.620943 -0.18637 0.761377 -0.160852 0.980949 0.108934 0.0348207 0.0421362 0.659772\n0.342611 -0.42584 0.423697 -0.17123 0.978748 -0.112839 -0.701621 -0.0407324 0.711385 0.69167 0.200981 0.693685 0.653119 0.0298563 0.0382783\nC 11\n0 7\n0 5\n0 8\n1 7\n2 8\n3 9\n4 6\n5 9\n5 6\n5 7\n5 8\nS 4\n2\n1 -0.396252 -0.763918 -0.245991\n2 0.404886 -0.76364 -0.246474\n2\n0.00431733 -0.763779 -0.246233\n1 0.000346665 -0.000602656\n2\n3 0.40213 -0.763637 0.46091\n4 -0.393798 -0.763762 0.460623\n2\n0.00416611 -0.763699 0.460766\n-1 -0.000156411 -0.00036174\n2\n6 -0.324829 -0.420196 0.415794\n9 0.342611 -0.42584 0.423697\n2\n0.00889133 -0.423018 0.419745\n0.999894 -0.00845592 0.011839\n2\n7 -0.331271 -0.418326 -0.20529\n8 0.34008 -0.423957 -0.204616\n2\n0.00440424 -0.421142 -0.204953\n0.999964 -0.00838764 0.00100469\nL 10\n0\n2\n2\n2\n2\n1\n2\n2\n2\n2"
}