{
    "boxes": [
        [
            0.02389110065996647,
            -0.1722629964351654,
            0.28616800904273987,
            0.19369499385356903,
            0.9217870235443115,
            0.902649998664856,
            0.005717200227081776,
            0.9674080014228821,
            -0.25315800309181213,
            0.0007356649730354548,
            0.25315800309181213,
            0.9674249887466431
        ],
        [
            -0.3840390145778656,
            -0.4092090129852295,
            0.5632100105285645,
            0.5453810095787048,
            0.1007779985666275,
            0.058632999658584595,
            9.372250246997282e-07,
            0.9781479835510254,
            -0.20791099965572357,
            -1.2478899691359402e-07,
            0.20791099965572357,
            0.9781479835510254
        ],
        [
            0.4275999963283539,
            -0.4681459963321686,
            -0.15551699697971344,
            0.42305800318717957,
            0.10467100143432617,
            0.06589829921722412,
            0.0390223003923893,
            0.9048150181770325,
            0.42401400208473206,
            0.2508090138435364,
            -0.419622004032135,
            0.8723599910736084
        ],
        [
            -0.39313000440597534,
            -0.47156599164009094,
            -0.14794500172138214,
            0.4250830113887787,
            0.10201600193977356,
            0.06041479855775833,
            0.03924740105867386,
            0.9209820032119751,
            0.38762199878692627,
            0.17451800405979156,
            -0.38827699422836304,
            0.9048669934272766
        ],
        [
            0.023800300434231758,
            0.17618399858474731,
            -0.23867599666118622,
            0.9035800099372864,
            0.2102939933538437,
            0.9028729796409607,
            -0.0014428100548684597,
            0.9635589718818665,
            -0.26749399304389954,
            -0.0018979100277647376,
            0.26749101281166077,
            0.9635589718818665
        ]
    ],
    "ops": [
        [
            0,
            0,
            2,
            0,
            0,
            1,
            1,
            1,
            0,
            1
        ]
    ],
    "syms": [
        [
            0.0,
            1.0,
            -2.2029500446052452e-09,
            1.0562300190031237e-07,
            0.026301400735974312,
            -0.4092090129852295,
            0.5632100105285645,
            0.0
        ]
    ],
    "labels:": [
        [
            1,
            2,
            2,
            2,
            0
        ]
    ],
    "obj": 44410,
    "mat_index": 5775,
    "obbs": "N 6\n0.0238003 0.176184 -0.238676 -0.00144281 0.963559 -0.267494 -0.00189791 0.267491 0.963559 0.999997 0.00189791 0.00144281 0.90358 0.210294 0.902873\n0.0238911 -0.172263 0.286168 -0.000735665 -0.253158 -0.967425 0.0057172 0.967408 -0.253158 0.999983 -0.0057172 0.000735665 0.921787 0.193695 0.90265\n0.436642 -0.409209 0.56321 -2.17192e-16 0.978148 -0.207912 1 2.22045e-16 0 4.61657e-17 -0.207912 -0.978148 0.545381 0.058633 0.100778\n-0.384039 -0.409209 0.56321 9.37225e-07 0.978148 -0.207911 1 -8.908e-07 3.16922e-07 1.24789e-07 -0.207911 -0.978148 0.545381 0.058633 0.100778\n0.4276 -0.468146 -0.155517 -0.250809 0.419622 -0.87236 0.96725 0.0723052 -0.243311 -0.0390223 -0.904815 -0.424014 0.104671 0.0658983 0.423058\n-0.39313 -0.471566 -0.147945 -0.0392474 -0.920982 -0.387622 0.983872 0.0321333 -0.175967 0.174518 -0.388277 0.904867 0.425083 0.0604148 0.102016\nC 7\n0 1\n0 5\n0 4\n1 2\n1 3\n1 4\n1 5\nS 1\n2\n2 0.436642 -0.409209 0.56321\n3 -0.384039 -0.409209 0.56321\n2\n0.0263014 -0.409209 0.56321\n-1 2.20295e-09 -1.05623e-07\nL 6\n0\n1\n2\n2\n2\n2"
}