{
    "boxes": [
        [
            -0.012879599817097187,
            -0.04734230041503906,
            0.11000200361013412,
            0.11205500364303589,
            0.7471830248832703,
            0.7654190063476562,
            0.005799789912998676,
            0.9999359846115112,
            0.009685070253908634,
            -2.808660065056756e-05,
            -0.009685070253908634,
            0.9999529719352722
        ],
        [
            -0.3633109927177429,
            -0.41300201416015625,
            -0.2635059952735901,
            0.695701003074646,
            0.10102000087499619,
            0.08379419893026352,
            -0.015515600331127644,
            0.9888380169868469,
            0.14818699657917023,
            -0.29995599389076233,
            -0.14598199725151062,
            0.9427170157432556
        ],
        [
            -0.3643530011177063,
            -0.4128110110759735,
            0.4914279878139496,
            0.6849340200424194,
            0.09310770034790039,
            0.07675720006227493,
            -0.012978600338101387,
            0.9876670241355896,
            -0.15602999925613403,
            -0.16484299302101135,
            0.15179499983787537,
            0.9745690226554871
        ],
        [
            -0.3555620014667511,
            0.2847050130367279,
            -0.2603200078010559,
            0.6255059838294983,
            0.09913670271635056,
            0.0966487005352974,
            0.0009930829983204603,
            0.9863449931144714,
            -0.1646919995546341,
            -0.25900998711586,
            0.1593250036239624,
            0.9526429772377014
        ],
        [
            -0.020942099392414093,
            0.4309050142765045,
            -0.27865299582481384,
            0.41043099761009216,
            0.07517089694738388,
            0.6993759870529175,
            0.00883433036506176,
            0.9897310137748718,
            -0.14267100393772125,
            0.010198700241744518,
            0.14258000254631042,
            0.9897310137748718
        ],
        [
            -0.012919999659061432,
            0.6126260161399841,
            -0.3093250095844269,
            0.09690900146961212,
            0.06703600287437439,
            0.7648199796676636,
            0.0,
            1.0,
            0.0,
            0.0,
            0.0,
            1.0
        ]
    ],
    "ops": [
        [
            0,
            0,
            0,
            1,
            2,
            1,
            0,
            2,
            0,
            0,
            1,
            1,
            1
        ]
    ],
    "syms": [
        [
            0.0,
            0.9999639987945557,
            0.008528069593012333,
            -0.0002313940058229491,
            -0.012494700029492378,
            -0.4100100100040436,
            -0.263588011264801,
            0.0
        ],
        [
            0.0,
            0.9999639987945557,
            -0.008433129638433456,
            -0.0004014979931525886,
            -0.010901600122451782,
            0.28179800510406494,
            -0.2604590058326721,
            0.0
        ]
    ],
    "labels:": [
        [
            1,
            2,
            2,
            0,
            0,
            0
        ]
    ],
    "obj": 44430,
    "mat_index": 5779,
    "obbs": "N 9\n-0.0209421 0.430905 -0.278653 0.999909 -0.0101987 -0.00883433 0.0101987 0.14258 0.989731 -0.00883433 -0.989731 0.142671 0.699376 0.0751709 0.410431\n-0.01292 0.612626 -0.309325 1 0 0 0 1 0 0 0 1 0.76482 0.096909 0.067036\n-0.0128796 -0.0473423 0.110002 0.999983 -0.00579979 -2.80866e-05 0.00579979 0.999936 0.00968507 -2.80866e-05 -0.00968507 0.999953 0.765419 0.112055 0.747183\n-0.355562 0.284705 -0.26032 0.000993083 0.986345 -0.164692 0.965874 0.0417108 0.255632 0.25901 -0.159325 -0.952643 0.625506 0.0966487 0.0991367\n0.333759 0.278892 -0.260597 -0.355504 -0.152016 -0.92223 0.934477 -0.0375166 -0.354042 0.0192211 -0.987666 0.155393 0.0981879 0.0893466 0.606951\n-0.363311 -0.413002 -0.263506 0.299956 0.145982 -0.942717 0.953827 -0.0298227 0.298873 0.0155156 -0.988838 -0.148187 0.10102 0.0837942 0.695701\n0.338321 -0.407018 -0.263669 -0.0190003 -0.988246 -0.151689 0.987087 0.00559467 -0.16009 0.159057 -0.152772 0.975378 0.707194 0.0797966 0.0988194\n0.337844 -0.410211 0.485171 -0.0126968 -0.990879 0.134157 0.982741 -0.0371284 -0.181222 0.18455 0.129541 0.974249 0.6902 0.0738181 0.0917951\n-0.364353 -0.412811 0.491428 0.164843 -0.151795 -0.974569 0.986234 0.0383691 0.16084 0.0129786 -0.987667 0.15603 0.0931077 0.0767572 0.684934\nC 14\n0 1\n0 4\n0 3\n0 2\n1 3\n1 4\n2 7\n2 6\n2 8\n2 4\n2 3\n2 5\n3 5\n4 6\nS 3\n2\n3 -0.355562 0.284705 -0.26032\n4 0.333759 0.278892 -0.260597\n2\n-0.0109016 0.281798 -0.260459\n0.999964 -0.00843313 -0.000401498\n2\n5 -0.363311 -0.413002 -0.263506\n6 0.338321 -0.407018 -0.263669\n2\n-0.0124947 -0.41001 -0.263588\n0.999964 0.00852807 -0.000231394\n2\n7 0.337844 -0.410211 0.485171\n8 -0.364353 -0.412811 0.491428\n2\n-0.0132547 -0.411511 0.4883\n-0.999953 -0.00370368 0.00890956\nL 9\n0\n0\n1\n0\n0\n2\n2\n2\n2"
}