{
    "boxes": [
        [
            -0.004485459998250008,
            -0.07790979743003845,
            0.13749000430107117,
            0.12058600038290024,
            0.6828359961509705,
            0.7567539811134338,
            0.0020136700477451086,
            0.9955390095710754,
            -0.09432809799909592,
            9.518529986962676e-05,
            0.09432809799909592,
            0.995540976524353
        ],
        [
            -0.42766299843788147,
            0.2981660068035126,
            0.08853890001773834,
            0.04278299957513809,
            0.2573240101337433,
            0.05297920107841492,
            0.41791900992393494,
            0.8865810036659241,
            -0.1982859969139099,
            -0.5369229912757874,
            0.41710200905799866,
            0.7333070039749146
        ],
        [
            0.41683799028396606,
            0.30356600880622864,
            0.08672480285167694,
            0.0468485988676548,
            0.25455600023269653,
            0.054438699036836624,
            -0.6970779895782471,
            0.7083309888839722,
            0.1111299991607666,
            0.5380420088768005,
            0.414328008890152,
            0.7340599894523621
        ],
        [
            -0.31863200664520264,
            0.11908599734306335,
            -0.06759130209684372,
            0.3178670108318329,
            0.025913799181580544,
            0.027198700234293938,
            -0.26941201090812683,
            0.8230159878730774,
            0.5000619888305664,
            0.6232630014419556,
            -0.24683499336242676,
            0.7420349717140198
        ],
        [
            -0.43971699476242065,
            0.3200789988040924,
            0.09693919867277145,
            0.07201460003852844,
            0.4395729899406433,
            0.12857100367546082,
            0.5380650162696838,
            0.8311610221862793,
            -0.1402059942483902,
            -0.38526999950408936,
            0.3904539942741394,
            0.8361300230026245
        ],
        [
            -0.4127820134162903,
            -0.7276549935340881,
            -0.20781999826431274,
            0.03584190085530281,
            0.033623501658439636,
            0.03279250115156174,
            0.17287799715995789,
            0.9694370031356812,
            0.17408399283885956,
            -0.3870460093021393,
            -0.09566230326890945,
            0.9170849919319153
        ],
        [
            -0.34335699677467346,
            -0.3743790090084076,
            -0.16843199729919434,
            0.7546349763870239,
            0.04755130037665367,
            0.032731398940086365,
            0.1864670068025589,
            0.9794049859046936,
            0.0774381011724472,
            0.4732609987258911,
            -0.15861700475215912,
            0.8665239810943604
        ],
        [
            -0.36911600828170776,
            -0.728518009185791,
            0.5607100129127502,
            0.03608189895749092,
            0.0333188995718956,
            0.03191269934177399,
            0.09201060235500336,
            0.9355250000953674,
            -0.34106600284576416,
            0.27425700426101685,
            0.3054620027542114,
            0.911853015422821
        ],
        [
            -0.3377859890460968,
            -0.41139501333236694,
            0.4816789925098419,
            0.6857669949531555,
            0.028362799435853958,
            0.04413110017776489,
            0.12532900273799896,
            0.9600980281829834,
            -0.2500090003013611,
            0.46630099415779114,
            0.16542300581932068,
            0.869022011756897
        ],
        [
            -0.004371929913759232,
            0.16659100353717804,
            -0.2819199860095978,
            0.6306679844856262,
            0.07477220147848129,
            0.8172590136528015,
            0.0009338699746876955,
            0.9657080173492432,
            -0.2596299946308136,
            0.001218099961988628,
            0.2596290111541748,
            0.9657080173492432
        ]
    ],
    "ops": [
        [
            0,
            0,
            0,
            0,
            0,
            1,
            2,
            1,
            1,
            1,
            0,
            0,
            1,
            0,
            0,
            1,
            1,
            2,
            1,
            0,
            1
        ]
    ],
    "syms": [
        [
            0.0,
            0.9999930262565613,
            -0.0035372900310903788,
            -0.001395749975927174,
            -0.005589750129729509,
            0.11797899752855301,
            -0.06802830100059509,
            0.0
        ],
        [
            0.0,
            1.0,
            5.297809821058763e-06,
            -1.0526399819354992e-05,
            -0.005642619915306568,
            -0.7276530265808105,
            -0.2078240066766739,
            0.0
        ]
    ],
    "labels:": [
        [
            1,
            3,
            3,
            3,
            3,
            2,
            2,
            2,
            2,
            0
        ]
    ],
    "obj": 44448,
    "mat_index": 5790,
    "obbs": "N 16\n-0.00437193 0.166591 -0.28192 0.999999 -0.0012181 -0.00093387 0.0012181 0.259629 0.965708 -0.00093387 -0.965708 0.25963 0.817259 0.0747722 0.630668\n0.307452 0.116871 -0.0684652 0.738893 0.176219 -0.650372 0.625383 -0.538688 0.564545 -0.250864 -0.82387 -0.508237 0.0319758 0.0273526 0.334558\n-0.318632 0.119086 -0.0675913 -0.623263 0.246835 -0.742035 0.734139 0.511584 -0.446455 0.269412 -0.823016 -0.500062 0.0259138 0.0271987 0.317867\n-0.00448546 -0.0779098 0.13749 0.999998 -0.00201367 9.51853e-05 0.00201367 0.995539 -0.0943281 9.51853e-05 0.0943281 0.995541 0.756754 0.120586 0.682836\n-0.412782 -0.727655 -0.20782 -0.905709 0.225922 -0.358679 -0.387046 -0.0956623 0.917085 0.172878 0.969437 0.174084 0.0327925 0.0336235 0.0358419\n0.401497 -0.72765 -0.207829 -0.171159 0.969862 0.173417 0.388644 -0.0952792 0.916448 0.905351 0.224255 -0.360623 0.0358402 0.0336159 0.0327862\n0.357808 -0.728518 0.56071 -0.957232 -0.177474 -0.228493 -0.274291 0.305448 0.911848 -0.0920368 0.935524 -0.341064 0.0319114 0.0333186 0.0360819\n-0.369116 -0.728518 0.56071 0.0920106 0.935525 -0.341066 0.274257 0.305462 0.911853 0.957245 -0.17744 -0.228469 0.0360819 0.0333189 0.0319127\n0.428576 0.320193 0.0968736 -0.384965 -0.388869 -0.837008 -0.54126 0.829697 -0.136531 0.747556 0.40048 -0.529884 0.439465 0.0721476 0.128458\n0.416838 0.303566 0.0867248 0.473913 0.571489 -0.66993 -0.697078 0.708331 0.11113 0.538042 0.414328 0.73406 0.0544387 0.0468486 0.254556\n-0.439717 0.320079 0.0969392 0.38527 -0.390454 -0.83613 0.538065 0.831161 -0.140206 0.749702 -0.395875 0.530311 0.439573 0.0720146 0.128571\n-0.427663 0.298166 0.0885389 -0.732842 0.199998 -0.650341 0.417919 0.886581 -0.198286 0.536923 -0.417102 -0.733307 0.0529792 0.042783 0.257324\n0.323746 -0.41824 0.481997 -0.0990363 0.96686 -0.235315 0.809892 0.215716 0.545473 0.578158 -0.136558 -0.804416 0.67276 0.0338303 0.0277278\n0.331541 -0.374474 -0.171872 0.583331 0.180002 -0.792038 0.790216 0.099742 0.604657 0.187839 -0.978596 -0.0840581 0.0369876 0.0300691 0.754158\n-0.337786 -0.411395 0.481679 0.875703 -0.225493 -0.426962 0.466301 0.165423 0.869022 -0.125329 -0.960098 0.250009 0.0441311 0.0283628 0.685767\n-0.343357 -0.374379 -0.168432 -0.186467 -0.979405 -0.0774381 0.860961 -0.12493 -0.493091 0.473261 -0.158617 0.866524 0.754635 0.0327314 0.0475513\nC 31\n0 10\n0 3\n0 9\n0 15\n0 11\n0 8\n0 1\n0 13\n0 2\n1 3\n1 13\n1 9\n1 8\n2 10\n2 3\n2 11\n2 15\n3 15\n3 14\n3 10\n3 13\n3 12\n3 8\n4 15\n5 13\n6 12\n7 14\n8 13\n8 9\n10 11\n10 15\nS 6\n2\n1 0.307452 0.116871 -0.0684652\n2 -0.318632 0.119086 -0.0675913\n2\n-0.00558975 0.117979 -0.0680283\n-0.999993 0.00353729 0.00139575\n2\n4 -0.412782 -0.727655 -0.20782\n5 0.401497 -0.72765 -0.207829\n2\n-0.00564262 -0.727653 -0.207824\n1 5.29781e-06 -1.05264e-05\n2\n6 0.357808 -0.728518 0.56071\n7 -0.369116 -0.728518 0.56071\n2\n-0.00565392 -0.728518 0.56071\n-1 1.28282e-07 1.51265e-07\n2\n8 0.428576 0.320193 0.0968736\n10 -0.439717 0.320079 0.0969392\n2\n-0.00557055 0.320136 0.0969064\n-1 -0.000131722 7.55092e-05\n2\n12 0.323746 -0.41824 0.481997\n14 -0.337786 -0.411395 0.481679\n2\n-0.00702029 -0.414818 0.481838\n-0.999946 0.0103475 -0.00048113\n2\n13 0.331541 -0.374474 -0.171872\n15 -0.343357 -0.374379 -0.168432\n2\n-0.00590812 -0.374426 -0.170152\n-0.999987 0.000139702 0.00509671\nL 16\n0\n3\n3\n1\n2\n2\n2\n2\n3\n3\n3\n3\n2\n2\n2\n2"
}