{
    "boxes": [
        [
            0.0052904998883605,
            -0.0702425017952919,
            0.07762949913740158,
            0.8447250127792358,
            1.1361099481582642,
            0.8756269812583923,
            0.0,
            1.0,
            0.0,
            0.0,
            0.0,
            1.0
        ],
        [
            0.3765529990196228,
            0.20193499326705933,
            0.11325500160455704,
            0.23975099623203278,
            1.053570032119751,
            0.19777800142765045,
            0.42013099789619446,
            0.9072819948196411,
            0.018163900822401047,
            0.04260440170764923,
            -0.03971479833126068,
            0.9983019828796387
        ],
        [
            -0.37182700634002686,
            0.1916780024766922,
            0.12766599655151367,
            0.2987779974937439,
            1.0355700254440308,
            0.09916450083255768,
            -0.14571300148963928,
            0.9893220067024231,
            0.0030980301089584827,
            -0.0030980301089584827,
            -0.0035877299960702658,
            0.9999889731407166
        ],
        [
            -0.3635289967060089,
            -0.5310029983520508,
            -0.47358599305152893,
            0.18688499927520752,
            0.10739299654960632,
            0.06246199831366539,
            0.0,
            1.0,
            0.0,
            0.0,
            0.0,
            1.0
        ],
        [
            -0.3570350110530853,
            -0.5321469902992249,
            0.5676689743995667,
            0.1850620061159134,
            0.07598800212144852,
            0.07733900099992752,
            0.0,
            1.0,
            0.0,
            0.0,
            0.0,
            1.0
        ],
        [
            0.008198309689760208,
            0.4869849979877472,
            -0.43111300468444824,
            0.6923540234565735,
            0.13694800436496735,
            0.8274869918823242,
            0.004306179936975241,
            0.9835079908370972,
            -0.1808139979839325,
            0.005169969983398914,
            0.18079200387001038,
            0.9835079908370972
        ]
    ],
    "ops": [
        [
            0,
            0,
            0,
            1,
            1,
            0,
            0,
            1,
            2,
            1,
            0,
            1
        ]
    ],
    "syms": [
        [
            0.0,
            0.9997360110282898,
            0.022812500596046448,
            0.0025938700418919325,
            0.0017112699570134282,
            -0.5226680040359497,
            -0.4726389944553375,
            0.0
        ]
    ],
    "labels:": [
        [
            1,
            3,
            3,
            2,
            2,
            0
        ]
    ],
    "obj": 44468,
    "mat_index": 5804,
    "obbs": "N 8\n0.00819831 0.486985 -0.431113 0.999977 -0.00516997 -0.00430618 0.00516997 0.180792 0.983508 -0.00430618 -0.983508 0.180814 0.827487 0.136948 0.692354\n0.376553 0.201935 0.113255 -0.420131 -0.907282 -0.0181639 0.906463 -0.418644 -0.0553396 0.0426044 -0.0397148 0.998302 0.239751 0.197778 1.05357\n-0.371827 0.191678 0.127666 0.145713 -0.989322 -0.00309803 0.989322 0.145702 0.00358773 -0.00309803 -0.00358773 0.999989 0.298778 0.0991645 1.03557\n0.0052905 -0.0702425 0.0776295 1 0 0 0 1 0 0 0 1 0.875627 0.844725 1.13611\n-0.363529 -0.531003 -0.473586 1 0 0 0 1 0 0 0 1 0.062462 0.186885 0.107393\n0.366952 -0.514334 -0.471691 -0.0104606 -0.958664 -0.284348 0.996865 0.0123061 -0.0781622 0.0784305 -0.284274 0.95553 0.233995 0.0595463 0.071945\n0.359971 -0.515984 0.567451 1 0 0 0 1 0 0 0 1 0.070043 0.217289 0.076874\n-0.357035 -0.532147 0.567669 1 0 0 0 1 0 0 0 1 0.077339 0.185062 0.075988\nC 9\n0 1\n0 3\n0 2\n1 3\n2 3\n3 6\n3 7\n3 4\n3 5\nS 2\n2\n4 -0.363529 -0.531003 -0.473586\n5 0.366952 -0.514334 -0.471691\n2\n0.00171127 -0.522668 -0.472639\n0.999736 0.0228125 0.00259387\n2\n6 0.359971 -0.515984 0.567451\n7 -0.357035 -0.532147 0.567669\n2\n0.0014685 -0.524066 0.56756\n-0.999746 -0.0225359 0.000303965\nL 8\n0\n3\n3\n1\n2\n2\n2\n2"
}