{
    "boxes": [
        [
            0.007048000115901232,
            -0.11947499960660934,
            0.07648299634456635,
            0.1500290036201477,
            0.72707599401474,
            0.8280180096626282,
            0.0,
            1.0,
            0.0,
            0.0,
            0.0,
            1.0
        ],
        [
            -0.3765619993209839,
            0.036782801151275635,
            0.35583600401878357,
            0.3562439978122711,
            0.10234100371599197,
            0.04031769931316376,
            0.004008320160210133,
            0.929436981678009,
            -0.3689599931240082,
            0.013744600117206573,
            0.36887699365615845,
            0.929377019405365
        ],
        [
            -0.3272689878940582,
            0.21020600199699402,
            0.06045389920473099,
            0.0354061983525753,
            0.6419690251350403,
            0.059178199619054794,
            -2.1746700440417044e-06,
            1.0,
            -5.023439939577656e-07,
            -0.15643399953842163,
            1.559660063321644e-07,
            0.9876880049705505
        ],
        [
            -0.3763810098171234,
            -0.45219001173973083,
            0.4317399859428406,
            0.7111979722976685,
            0.11007999628782272,
            0.038228001445531845,
            0.0,
            1.0,
            0.0,
            0.0,
            0.0,
            1.0
        ],
        [
            0.2582080066204071,
            -0.46942898631095886,
            -0.3263919949531555,
            0.6893259882926941,
            0.0724819004535675,
            0.06859909743070602,
            -0.044696301221847534,
            0.9821180105209351,
            0.18288099765777588,
            -0.16632799804210663,
            -0.18782499432563782,
            0.9680169820785522
        ],
        [
            -0.24057699739933014,
            -0.4455850124359131,
            -0.32533299922943115,
            0.736240029335022,
            0.07649960368871689,
            0.08139800280332565,
            0.034393999725580215,
            0.9847239851951599,
            0.1706939935684204,
            -0.4468519985675812,
            -0.1376200020313263,
            0.8839600086212158
        ],
        [
            -0.23636400699615479,
            -0.30951398611068726,
            -0.31409698724746704,
            1.002120018005371,
            0.07615739852190018,
            0.0955158993601799,
            0.09827429801225662,
            0.9871900081634521,
            0.12568899989128113,
            -0.005538589786738157,
            -0.12575599551200867,
            0.9920459985733032
        ],
        [
            0.007360400166362524,
            0.429967999458313,
            -0.2764529883861542,
            0.6681540012359619,
            0.07833389937877655,
            0.5752630233764648,
            -0.052310798317193985,
            0.994301974773407,
            -0.09288559854030609,
            2.7614400096354075e-05,
            0.09301439672708511,
            0.9956650137901306
        ],
        [
            0.007412349805235863,
            0.42712000012397766,
            -0.2776319980621338,
            0.7560179829597473,
            0.07924160361289978,
            0.6661120057106018,
            -0.05231120064854622,
            0.994333028793335,
            -0.09254849702119827,
            2.716430026339367e-05,
            0.0926768034696579,
            0.9956960082054138
        ]
    ],
    "ops": [
        [
            0,
            0,
            0,
            1,
            2,
            1,
            0,
            2,
            0,
            0,
            1,
            1,
            1,
            0,
            2,
            0,
            0,
            1,
            1,
            1
        ]
    ],
    "syms": [
        [
            0.0,
            0.9999949932098389,
            0.0026362300850450993,
            0.0017371999565511942,
            0.007283919956535101,
            0.037794701755046844,
            0.3565030097961426,
            0.0
        ],
        [
            0.0,
            0.9999740123748779,
            -0.007065739948302507,
            0.0011346000246703625,
            0.006168489810079336,
            -0.45489299297332764,
            0.4321739971637726,
            0.0
        ],
        [
            0.0,
            1.0,
            0.00020352599676698446,
            0.0008904670248739421,
            0.0068299900740385056,
            -0.3094649910926819,
            -0.31387999653816223,
            0.0
        ]
    ],
    "labels:": [
        [
            1,
            3,
            3,
            2,
            2,
            2,
            0,
            0,
            0
        ]
    ],
    "obj": 44491,
    "mat_index": 5817,
    "obbs": "N 13\n0.0073604 0.429968 -0.276453 0.998631 0.0520815 -0.00489312 2.76144e-05 0.0930144 0.995665 0.0523108 -0.994302 0.0928856 0.575263 0.0783339 0.668154\n0.007048 -0.119475 0.076483 1 0 0 0 1 0 0 0 1 0.828018 0.150029 0.727076\n0.39113 0.0388066 0.35717 0.0184069 -0.339784 -0.940323 0.999803 -0.0007171 0.0198304 -0.00741235 -0.940503 0.339704 0.102913 0.0407338 0.354715\n-0.376562 0.0367828 0.355836 -0.0137446 -0.368877 -0.929377 0.999898 -0.00879645 -0.0112962 -0.00400832 -0.929437 0.36896 0.102341 0.0403177 0.356244\n0.34176 0.210206 0.0604539 -0.156434 -1.51883e-07 -0.987688 1.38615e-06 1 -3.73321e-07 0.987688 -1.42748e-06 -0.156434 0.641969 0.0354061 0.0591782\n-0.327269 0.210206 0.0604539 -0.987688 -2.22648e-06 -0.156434 -2.17467e-06 1 -5.02344e-07 0.156434 -1.55966e-07 -0.987688 0.0591782 0.0354062 0.641969\n-0.236364 -0.309514 -0.314097 -0.995144 0.0981888 0.00689096 -0.00553859 -0.125756 0.992046 0.0982743 0.98719 0.125689 0.0955159 0.0761574 1.00212\n0.250024 -0.309415 -0.313664 -0.0931882 0.987837 0.124476 -0.127308 -0.135816 0.982521 0.987476 0.0757125 0.138416 1.00195 0.0807652 0.100626\n-0.376381 -0.45219 0.43174 1 0 0 0 1 0 0 0 1 0.038228 0.711198 0.11008\n0.388718 -0.457596 0.432608 -0.215608 -0.0590131 -0.974695 0.976394 -0.0262555 -0.214394 -0.012939 -0.997912 0.0632809 0.0743061 0.0539831 0.705581\n0.258208 -0.469429 -0.326392 -0.0446963 0.982118 0.182881 -0.166328 -0.187825 0.968017 0.985057 0.0128485 0.171748 0.689326 0.0724819 0.0685991\n-0.240577 -0.445585 -0.325333 0.034394 0.984724 0.170694 -0.446852 -0.13762 0.88396 0.893947 -0.106678 0.435292 0.73624 0.0764996 0.081398\n0.00741235 0.42712 -0.277632 0.998631 0.0520836 -0.00487505 2.71643e-05 0.0926768 0.995696 0.0523112 -0.994333 0.0925485 0.666112 0.0792416 0.756018\nC 33\n0 7\n0 10\n0 11\n0 4\n0 12\n0 5\n0 1\n0 6\n1 3\n1 6\n1 11\n1 2\n1 5\n1 10\n1 4\n1 9\n1 12\n1 8\n1 7\n2 9\n2 4\n3 5\n3 8\n4 7\n4 12\n5 6\n5 12\n6 11\n6 12\n7 12\n7 10\n10 12\n11 12\nS 4\n2\n2 0.39113 0.0388066 0.35717\n3 -0.376562 0.0367828 0.355836\n2\n0.00728392 0.0377947 0.356503\n-0.999995 -0.00263623 -0.0017372\n2\n4 0.34176 0.210206 0.0604539\n5 -0.327269 0.210206 0.0604539\n2\n0.0072455 0.210206 0.0604539\n-1 -1.21246e-09 -2.99484e-11\n2\n6 -0.236364 -0.309514 -0.314097\n7 0.250024 -0.309415 -0.313664\n2\n0.00682999 -0.309465 -0.31388\n1 0.000203526 0.000890467\n2\n8 -0.376381 -0.45219 0.43174\n9 0.388718 -0.457596 0.432608\n2\n0.00616849 -0.454893 0.432174\n0.999974 -0.00706574 0.0011346\nL 13\n0\n1\n3\n3\n3\n3\n0\n0\n2\n2\n2\n2\n0"
}