{
    "boxes": [
        [
            0.005861999932676554,
            -0.11684300005435944,
            0.1054769977927208,
            0.1379850059747696,
            0.6722490191459656,
            0.969186007976532,
            0.0,
            1.0,
            0.0,
            0.0,
            0.0,
            1.0
        ],
        [
            -0.43659600615501404,
            0.024707000702619553,
            0.19301700592041016,
            0.2572700083255768,
            0.10648000240325928,
            0.013565699569880962,
            0.0006670100265182555,
            0.9517250061035156,
            0.30695000290870667,
            0.0020668499637395144,
            -0.30695098638534546,
            0.9517229795455933
        ],
        [
            -0.44547098875045776,
            0.02235249988734722,
            0.3098599910736084,
            0.243585005402565,
            0.1964070051908493,
            0.03731200098991394,
            0.0,
            1.0,
            0.0,
            0.0,
            0.0,
            1.0
        ],
        [
            -0.46817898750305176,
            0.15635700523853302,
            0.12411099672317505,
            0.027845999225974083,
            0.7332900166511536,
            0.11415799707174301,
            -0.0,
            1.0,
            0.0,
            0.0,
            0.0,
            1.0
        ],
        [
            -0.43681299686431885,
            0.02951909974217415,
            -0.07108549773693085,
            0.24593399465084076,
            0.1104850023984909,
            0.015280799940228462,
            -0.00014824600657448173,
            0.9850550293922424,
            -0.17224200069904327,
            -0.03702649846673012,
            0.17211799323558807,
            0.9843800067901611
        ],
        [
            -0.43662700057029724,
            0.030408499762415886,
            0.051686499267816544,
            0.2269590049982071,
            0.08215100318193436,
            0.013357000425457954,
            0.0,
            1.0,
            0.0,
            0.0,
            0.0,
            1.0
        ],
        [
            0.010274999774992466,
            -0.24054700136184692,
            -0.1706569939851761,
            0.1082020029425621,
            0.030182000249624252,
            0.8484539985656738,
            0.0,
            1.0,
            0.0,
            0.0,
            0.0,
            1.0
        ],
        [
            -0.4350450038909912,
            -0.3363820016384125,
            -0.12982399761676788,
            0.3747600018978119,
            0.15882200002670288,
            0.05886929854750633,
            -0.0014473700430244207,
            0.9993969798088074,
            -0.03470180183649063,
            -0.01774200052022934,
            0.03467079997062683,
            0.9992409944534302
        ],
        [
            0.45147600769996643,
            -0.3400759994983673,
            0.3406890034675598,
            0.3686180114746094,
            0.14366599917411804,
            0.057638999074697495,
            0.0007389690144918859,
            0.9987980127334595,
            0.0490105003118515,
            0.003295320086181164,
            -0.049012601375579834,
            0.9987930059432983
        ],
        [
            -0.4419940114021301,
            -0.49041399359703064,
            -0.00945620983839035,
            0.11632800102233887,
            1.2926000356674194,
            0.041770000010728836,
            -2.2174000393626478e-16,
            0.9986299872398376,
            0.05233599990606308,
            1.162089995271865e-17,
            -0.05233599990606308,
            0.9986299872398376
        ],
        [
            -0.44352400302886963,
            -0.34499499201774597,
            0.10865800082683563,
            0.13032400608062744,
            0.3695549964904785,
            0.026892999187111855,
            0.0,
            1.0,
            0.0,
            0.0,
            0.0,
            1.0
        ],
        [
            0.0058793299831449986,
            0.3789510130882263,
            -0.24363599717617035,
            1.0132900476455688,
            0.13388900458812714,
            0.970632016658783,
            -0.0014260299503803253,
            0.9878910183906555,
            -0.15514199435710907,
            -0.001667459961026907,
            0.1551399976015091,
            0.9878910183906555
        ]
    ],
    "ops": [
        [
            0,
            0,
            0,
            1,
            0,
            0,
            0,
            1,
            1,
            1,
            2,
            1,
            0,
            0,
            2,
            1,
            0,
            0,
            0,
            1,
            1,
            2,
            1,
            1,
            0,
            1
        ]
    ],
    "syms": [
        [
            0.0,
            1.0,
            0.00023184099700301886,
            -9.739890083437786e-05,
            0.006626729853451252,
            0.02480969950556755,
            0.1929740011692047,
            0.0
        ],
        [
            0.0,
            0.9999930262565613,
            -0.003230229951441288,
            -0.0018647500546649098,
            0.004635930061340332,
            -0.337801992893219,
            -0.13064399361610413,
            0.0
        ],
        [
            0.0,
            0.9999160170555115,
            0.001491029979661107,
            -0.01290540024638176,
            0.004320589825510979,
            -0.3407430052757263,
            0.3464600145816803,
            0.0
        ]
    ],
    "labels:": [
        [
            1,
            3,
            3,
            3,
            3,
            3,
            2,
            2,
            2,
            2,
            2,
            0
        ]
    ],
    "obj": 44591,
    "mat_index": 5858,
    "obbs": "N 21\n0.00587933 0.378951 -0.243636 0.999998 0.00166746 0.00142603 -0.00166746 0.15514 0.987891 0.00142603 -0.987891 0.155142 0.970632 0.133889 1.01329\n0.005862 -0.116843 0.105477 1 0 0 0 1 0 0 0 1 0.969186 0.137985 0.672249\n0.44932 0.0298591 -0.0774457 0.0121519 0.963729 -0.266604 0.999859 -0.0148092 -0.00795863 -0.0116182 -0.26647 -0.963773 0.250461 0.0157772 0.088601\n0.449424 0.030423 0.054238 1 0 0 0 1 0 0 0 1 0.013356 0.226968 0.086806\n0.44985 0.0249125 0.192931 -0.00512819 -0.959323 -0.282263 0.999605 0.00288579 -0.0279689 0.0276457 -0.282295 0.958929 0.254396 0.0157367 0.110488\n0.456382 0.0138319 0.306338 0.0299052 -0.999541 0.00479569 0.999541 0.0298814 -0.00494126 0.00479569 0.00494126 0.999976 0.260551 0.0431426 0.202377\n-0.436813 0.0295191 -0.0710855 -0.000148246 0.985055 -0.172242 0.999314 0.00652342 0.0364476 0.0370265 -0.172118 -0.98438 0.245934 0.0152808 0.110485\n-0.436627 0.0304085 0.0516865 1 0 0 0 1 0 0 0 1 0.013357 0.226959 0.082151\n-0.436596 0.024707 0.193017 -0.00206685 0.306951 -0.951723 0.999998 -3.9062e-07 -0.00217181 -0.00066701 -0.951725 -0.30695 0.10648 0.0135657 0.25727\n-0.445471 0.0223525 0.30986 1 0 0 0 1 0 0 0 1 0.037312 0.243585 0.196407\n0.456055 -0.490414 -0.00945621 -1.16209e-17 0.052336 -0.99863 1 2.22045e-16 0 2.2174e-16 -0.99863 -0.052336 1.2926 0.04177 0.116328\n-0.441994 -0.490414 -0.00945621 -1.16209e-17 0.052336 -0.99863 1 2.22045e-16 0 2.2174e-16 -0.99863 -0.052336 1.2926 0.04177 0.116328\n0.481216 0.156357 0.124111 1 0 0 0 1 0 0 0 1 0.114159 0.027846 0.73329\n-0.468179 0.156357 0.124111 1 0 -0 -0 1 0 0 0 1 0.114158 0.027846 0.73329\n0.454977 -0.344994 0.107381 1 0 0 0 1 0 0 0 1 0.025076 0.130277 0.373568\n0.010275 -0.240547 -0.170657 1 0 0 0 1 0 0 0 1 0.848454 0.108202 0.030182\n-0.443524 -0.344995 0.108658 1 0 0 0 1 0 0 0 1 0.026893 0.130324 0.369555\n-0.435045 -0.336382 -0.129824 0.017742 -0.0346708 -0.999241 0.999842 0.00206195 0.0176811 0.00144737 -0.999397 0.0347018 0.158822 0.0588693 0.37476\n-0.442835 -0.34141 0.352231 1 0 0 0 1 0 0 0 1 0.042372 0.363376 0.12871\n0.444317 -0.339222 -0.131464 0.00151957 -0.999592 0.028521 0.999592 0.000704884 -0.0285528 0.028521 0.0285528 0.999185 0.369703 0.0753822 0.132854\n0.451476 -0.340076 0.340689 -0.000738969 -0.998798 -0.0490105 0.999994 -0.000576572 -0.00332757 0.00329532 -0.0490126 0.998793 0.368618 0.057639 0.143666\nC 93\n0 7\n0 17\n0 4\n0 1\n0 14\n0 8\n0 2\n0 15\n0 12\n0 19\n0 6\n0 16\n0 3\n0 13\n1 17\n1 6\n1 11\n1 12\n1 15\n1 16\n1 5\n1 10\n1 19\n1 3\n1 20\n1 14\n1 4\n1 9\n1 18\n1 7\n1 2\n1 13\n1 8\n2 5\n2 12\n2 19\n2 3\n2 14\n2 4\n2 15\n3 12\n3 5\n3 15\n3 4\n3 14\n3 20\n3 19\n4 19\n4 5\n4 12\n4 14\n4 20\n5 14\n5 20\n5 12\n6 9\n6 7\n6 13\n6 16\n6 17\n6 15\n6 8\n7 8\n7 15\n7 18\n7 17\n7 13\n7 16\n7 9\n8 18\n8 9\n8 13\n8 16\n8 17\n9 16\n9 13\n9 18\n10 14\n10 19\n10 20\n10 15\n11 15\n11 16\n11 18\n11 17\n14 15\n14 19\n14 20\n15 16\n15 19\n15 17\n16 17\n16 18\nS 9\n2\n2 0.44932 0.0298591 -0.0774457\n6 -0.436813 0.0295191 -0.0710855\n2\n0.00625386 0.0296891 -0.0742656\n-0.999974 -0.000383714 0.00717735\n2\n3 0.449424 0.030423 0.054238\n7 -0.436627 0.0304085 0.0516865\n2\n0.00639875 0.0304157 0.0529623\n-0.999996 -1.63647e-05 -0.00287962\n2\n4 0.44985 0.0249125 0.192931\n8 -0.436596 0.024707 0.193017\n2\n0.00662673 0.0248097 0.192974\n-1 -0.000231841 9.73989e-05\n2\n5 0.456382 0.0138319 0.306338\n9 -0.445471 0.0223525 0.30986\n2\n0.00545542 0.0180922 0.308099\n-0.999948 0.00944737 0.00390568\n2\n10 0.456055 -0.490414 -0.00945621\n11 -0.441994 -0.490414 -0.00945621\n2\n0.0070305 -0.490414 -0.00945621\n-1 0 0\n2\n12 0.481216 0.156357 0.124111\n13 -0.468179 0.156357 0.124111\n2\n0.00651825 0.156357 0.124111\n-1 0 0\n2\n14 0.454977 -0.344994 0.107381\n16 -0.443524 -0.344995 0.108658\n2\n0.00572625 -0.344995 0.10802\n-0.999999 -5.56482e-07 0.00142181\n2\n17 -0.435045 -0.336382 -0.129824\n19 0.444317 -0.339222 -0.131464\n2\n0.00463593 -0.337802 -0.130644\n0.999993 -0.00323023 -0.00186475\n2\n18 -0.442835 -0.34141 0.352231\n20 0.451476 -0.340076 0.340689\n2\n0.00432059 -0.340743 0.34646\n0.999916 0.00149103 -0.0129054\nL 21\n0\n1\n3\n3\n3\n3\n3\n3\n3\n3\n2\n2\n3\n3\n2\n2\n2\n2\n2\n2\n2"
}