{
    "boxes": [
        [
            -0.01611739955842495,
            -0.12308000028133392,
            0.1634490042924881,
            0.03999650105834007,
            0.8515520095825195,
            0.8547549843788147,
            0.0007798779988661408,
            0.9404749870300293,
            -0.33986300230026245,
            0.00013659099931828678,
            0.33986300230026245,
            0.9404749870300293
        ],
        [
            -0.45231300592422485,
            0.15842700004577637,
            -0.42085400223731995,
            0.13403800129890442,
            0.030587300658226013,
            0.30647099018096924,
            0.5394530296325684,
            0.8419809937477112,
            0.007645950186997652,
            -0.0061269900761544704,
            -0.005155070219188929,
            0.9999679923057556
        ],
        [
            -0.39369499683380127,
            0.12377200275659561,
            0.07110700011253357,
            0.11939200013875961,
            1.0248299837112427,
            0.03897500038146973,
            0.0,
            1.0,
            0.0,
            0.0,
            0.0,
            1.0
        ],
        [
            -0.4413839876651764,
            0.10980500280857086,
            0.5631049871444702,
            0.3577730059623718,
            0.03081350028514862,
            0.1895969957113266,
            -0.7036399841308594,
            0.7105479836463928,
            0.0035280899610370398,
            0.004878830164670944,
            -0.0001338580041192472,
            0.9999880194664001
        ],
        [
            -0.5036309957504272,
            0.22682200372219086,
            0.07110700011253357,
            0.03748590126633644,
            1.0247299671173096,
            0.11939200013875961,
            0.0,
            1.0,
            -0.000309872004436329,
            0.0,
            0.000309872004436329,
            1.0
        ],
        [
            -0.011131499893963337,
            0.036451999098062515,
            -0.4212689995765686,
            0.063680000603199,
            0.03087799996137619,
            0.7100549936294556,
            0.0,
            1.0,
            0.0,
            0.0,
            0.0,
            1.0
        ],
        [
            0.5792409777641296,
            -0.23330800235271454,
            0.5260800123214722,
            0.8184220194816589,
            0.10420399904251099,
            0.032951001077890396,
            0.0,
            1.0,
            0.0,
            0.0,
            0.0,
            1.0
        ],
        [
            -0.6130009889602661,
            -0.6389579772949219,
            0.0784744992852211,
            0.06338399648666382,
            0.9202569723129272,
            0.030129000544548035,
            0.0,
            1.0,
            0.0,
            0.0,
            0.0,
            1.0
        ],
        [
            -0.6033390164375305,
            -0.22055700421333313,
            -0.3997119963169098,
            0.8408700227737427,
            0.07316800206899643,
            0.0473329983651638,
            0.0,
            1.0,
            0.0,
            0.0,
            0.0,
            1.0
        ],
        [
            -0.016112899407744408,
            0.12556999921798706,
            -0.24026499688625336,
            0.6785809993743896,
            0.042307499796152115,
            1.2345800399780273,
            -0.0012935800477862358,
            0.940680980682373,
            -0.33928900957107544,
            -0.0018417199607938528,
            0.3392859995365143,
            0.940680980682373
        ],
        [
            -0.01618959940969944,
            0.1233609989285469,
            -0.27013400197029114,
            0.842477023601532,
            0.13968199491500854,
            1.2244000434875488,
            0.0012123100459575653,
            0.903659999370575,
            -0.42824798822402954,
            0.0019160700030624866,
            0.42824599146842957,
            0.903659999370575
        ]
    ],
    "ops": [
        [
            0,
            0,
            0,
            1,
            0,
            0,
            1,
            1,
            2,
            1,
            0,
            2,
            0,
            0,
            0,
            1,
            1,
            2,
            1,
            1,
            0,
            0,
            1,
            1
        ]
    ],
    "syms": [
        [
            0.0,
            0.9999979734420776,
            -0.0017068800516426563,
            0.0003038409922737628,
            -0.009107690304517746,
            0.1576700061559677,
            -0.42072001099586487,
            0.0
        ],
        [
            0.0,
            -0.010817700065672398,
            -0.11752200126647949,
            0.9930109977722168,
            -0.016495300456881523,
            -0.021819500252604485,
            0.07109879702329636,
            0.0
        ],
        [
            0.0,
            0.9999060034751892,
            -0.007082220166921616,
            -0.011718199588358402,
            -0.015185199677944183,
            -0.22909800708293915,
            0.5330460071563721,
            0.0
        ]
    ],
    "labels:": [
        [
            1,
            3,
            3,
            3,
            3,
            2,
            2,
            2,
            2,
            0,
            0
        ]
    ],
    "obj": 44704,
    "mat_index": 5877,
    "obbs": "N 19\n-0.0161129 0.12557 -0.240265 0.999997 0.00184172 0.00129358 -0.00184172 0.339286 0.940681 0.00129358 -0.940681 0.339289 1.23458 0.0423075 0.678581\n0.434097 0.156914 -0.420585 0.913069 0.40774 0.007262 -0.0011507 -0.0152315 0.999883 0.407803 -0.912971 -0.0134382 0.301804 0.0332713 0.153807\n0.400067 0.105121 0.563486 0.707398 0.706816 5.3134e-05 0.000411186 -0.000486698 1 0.706816 -0.707397 -0.000634922 0.377249 0.0309949 0.18668\n-0.452313 0.158427 -0.420854 -0.841993 0.539483 -0.00237789 -0.00612699 -0.00515507 0.999968 0.539453 0.841981 0.00764595 0.306471 0.0305873 0.134038\n-0.441384 0.109805 0.563105 0.71054 0.703649 -0.00337245 0.00487883 -0.000133858 0.999988 0.70364 -0.710548 -0.00352809 0.189597 0.0308135 0.357773\n-0.0161174 -0.12308 0.163449 -0.000136591 -0.339863 -0.940475 0.000779878 0.940475 -0.339863 1 -0.000779878 0.000136591 0.851552 0.0399965 0.854755\n0.361467 0.123772 0.071107 1 0 0 0 1 0 0 0 1 0.038976 0.119392 1.02483\n-0.393695 0.123772 0.071107 1 0 0 0 1 0 0 0 1 0.038975 0.119392 1.02483\n0.471404 0.226822 0.071107 1 0 -0 -0 1 -0.000309872 0 0.000309872 1 0.119392 0.0374859 1.02473\n-0.503631 0.226822 0.071107 1 0 0 0 1 -0.000309872 0 0.000309872 1 0.119392 0.0374859 1.02473\n0.580732 -0.646748 0.071524 1 0 0 0 1 0 0 0 1 0.029938 0.047833 0.907968\n-0.613001 -0.638958 0.0784745 1 0 0 0 1 0 0 0 1 0.030129 0.063384 0.920257\n-0.0111315 0.036452 -0.421269 1 0 0 0 1 0 0 0 1 0.710055 0.06368 0.030878\n-0.021859 -0.080091 0.563467 1 0 0 0 1 0 0 0 1 0.736372 0.048376 0.030933\n-0.603339 -0.220557 -0.399712 1 0 0 0 1 0 0 0 1 0.047333 0.84087 0.073168\n0.578734 -0.236874 -0.393452 1 0 0 0 1 0 0 0 1 0.032433 0.805769 0.085117\n-0.609611 -0.224888 0.540013 1 0 0 0 1 0 0 0 1 0.037358 0.827669 0.076251\n0.579241 -0.233308 0.52608 1 0 0 0 1 0 0 0 1 0.032951 0.818422 0.104204\n-0.0161896 0.123361 -0.270134 0.999997 -0.00191607 -0.00121231 0.00191607 0.428246 0.90366 -0.00121231 -0.90366 0.428248 1.2244 0.139682 0.842477\nC 70\n0 14\n0 7\n0 3\n0 15\n0 18\n0 5\n0 8\n0 1\n0 6\n0 9\n1 15\n1 6\n1 12\n1 18\n1 8\n2 8\n2 5\n2 13\n2 6\n2 17\n3 7\n3 14\n3 9\n3 12\n3 18\n4 7\n4 9\n4 13\n4 5\n4 16\n5 9\n5 6\n5 13\n5 8\n5 18\n5 17\n5 15\n5 16\n5 7\n5 14\n6 17\n6 15\n6 18\n6 12\n6 8\n6 13\n7 12\n7 16\n7 14\n7 18\n7 9\n7 13\n8 15\n8 17\n8 12\n8 18\n9 18\n9 14\n9 16\n9 12\n10 17\n10 15\n11 16\n11 14\n12 14\n12 15\n13 17\n13 16\n14 18\n15 18\nS 8\n2\n1 0.434097 0.156914 -0.420585\n3 -0.452313 0.158427 -0.420854\n2\n-0.00910769 0.15767 -0.42072\n-0.999998 0.00170688 -0.000303841\n2\n2 0.400067 0.105121 0.563486\n4 -0.441384 0.109805 0.563105\n2\n-0.0206587 0.107463 0.563295\n-0.999984 0.00556681 -0.000453313\n2\n6 0.361467 0.123772 0.071107\n7 -0.393695 0.123772 0.071107\n2\n-0.0161138 0.123772 0.071107\n-1 0 0\n2\n8 0.471404 0.226822 0.071107\n9 -0.503631 0.226822 0.071107\n2\n-0.0161135 0.226822 0.071107\n-1 0 -2.84662e-17\n2\n10 0.580732 -0.646748 0.071524\n11 -0.613001 -0.638958 0.0784745\n2\n-0.0161347 -0.642853 0.0749993\n-0.999962 0.00652508 0.00582227\n2\n12 -0.0111315 0.036452 -0.421269\n13 -0.021859 -0.080091 0.563467\n2\n-0.0164953 -0.0218195 0.0710988\n-0.0108177 -0.117522 0.993011\n2\n14 -0.603339 -0.220557 -0.399712\n15 0.578734 -0.236874 -0.393452\n2\n-0.012303 -0.228716 -0.396582\n0.999891 -0.0138026 0.00529478\n2\n16 -0.609611 -0.224888 0.540013\n17 0.579241 -0.233308 0.52608\n2\n-0.0151852 -0.229098 0.533046\n0.999906 -0.00708222 -0.0117182\nL 19\n0\n3\n3\n3\n3\n1\n3\n3\n3\n3\n2\n2\n2\n2\n2\n2\n2\n2\n0"
}