{
    "boxes": [
        [
            0.02993449941277504,
            -0.22976399958133698,
            0.04055099934339523,
            0.7889549732208252,
            0.9635940194129944,
            0.826977014541626,
            0.0,
            1.0,
            0.0,
            0.0,
            0.0,
            1.0
        ],
        [
            -0.32316699624061584,
            -0.3132359981536865,
            0.40124401450157166,
            0.5767059922218323,
            0.1169470027089119,
            0.06812070310115814,
            0.021602999418973923,
            0.9995830059051514,
            -0.019145000725984573,
            0.5900390148162842,
            0.0027116199489682913,
            0.8073710203170776
        ],
        [
            0.2918030023574829,
            -0.31331199407577515,
            -0.2796750068664551,
            0.6042109727859497,
            0.0925218015909195,
            0.09527809917926788,
            -0.031019000336527824,
            0.9710230231285095,
            0.23696300387382507,
            0.6439949870109558,
            -0.16189399361610413,
            0.747704029083252
        ],
        [
            -0.2643280029296875,
            -0.31352099776268005,
            -0.309035986661911,
            0.6037970185279846,
            0.09038899838924408,
            0.08276580274105072,
            -0.02775520086288452,
            0.9724739789962769,
            0.23135200142860413,
            0.3472900092601776,
            -0.20764300227165222,
            0.9144799709320068
        ],
        [
            0.012405499815940857,
            0.5285329818725586,
            -0.24922999739646912,
            0.7909529805183411,
            0.15982000529766083,
            0.5790110230445862,
            0.01672079972922802,
            0.9933639764785767,
            -0.11379099637269974,
            -0.03995399922132492,
            0.11438000202178955,
            0.9926329851150513
        ]
    ],
    "ops": [
        [
            0,
            0,
            2,
            0,
            0,
            1,
            1,
            1,
            0,
            1
        ]
    ],
    "syms": [
        [
            0.0,
            0.9987170100212097,
            7.194500358309597e-05,
            0.05063379928469658,
            -0.018987299874424934,
            -0.3132140040397644,
            0.4166649878025055,
            0.0
        ]
    ],
    "labels:": [
        [
            1,
            2,
            2,
            2,
            0
        ]
    ],
    "obj": 2969,
    "mat_index": 588,
    "obbs": "N 6\n0.0124055 0.528533 -0.24923 -0.999062 0.0120512 -0.0416014 -0.039954 0.11438 0.992633 0.0167208 0.993364 -0.113791 0.579011 0.15982 0.790953\n0.0299345 -0.229764 0.040551 1 0 0 0 1 0 0 0 1 0.826977 0.788955 0.963594\n0.285193 -0.313192 0.432087 0.838385 -0.000543668 -0.545079 0.544733 0.0364375 0.837817 0.0194058 -0.999336 0.0308448 0.0986918 0.0824593 0.577535\n-0.323167 -0.313236 0.401244 -0.021603 -0.999583 0.019145 0.807086 -0.028738 -0.589734 0.590039 0.00271162 0.807371 0.576706 0.0681207 0.116947\n0.291803 -0.313312 -0.279675 0.764401 0.175796 -0.620312 0.643995 -0.161894 0.747704 0.031019 -0.971023 -0.236963 0.0952781 0.0925218 0.604211\n-0.264328 -0.313521 -0.309036 0.937347 0.105728 -0.331967 0.34729 -0.207643 0.91448 0.0277552 -0.972474 -0.231352 0.0827658 0.090389 0.603797\nC 7\n0 1\n0 5\n0 4\n1 2\n1 3\n1 4\n1 5\nS 1\n2\n2 0.285193 -0.313192 0.432087\n3 -0.323167 -0.313236 0.401244\n2\n-0.0189873 -0.313214 0.416665\n-0.998717 -7.1945e-05 -0.0506338\nL 6\n0\n1\n2\n2\n2\n2"
}