{
    "boxes": [
        [
            0.006493499968200922,
            -0.1416649967432022,
            0.09311150014400482,
            0.11438900232315063,
            0.8943549990653992,
            0.717477023601532,
            0.0,
            1.0,
            0.0,
            0.0,
            0.0,
            1.0
        ],
        [
            -0.2706870138645172,
            -0.4977709949016571,
            -0.1406400054693222,
            0.6236780285835266,
            0.079196996986866,
            0.07919800281524658,
            0.0,
            1.0,
            0.0,
            0.0,
            0.0,
            1.0
        ],
        [
            -0.27590399980545044,
            -0.501471996307373,
            0.45720601081848145,
            0.6212030053138733,
            0.1043270006775856,
            0.10700400173664093,
            0.0,
            1.0,
            0.0,
            0.0,
            0.0,
            1.0
        ],
        [
            0.15789400041103363,
            0.15287700295448303,
            -0.23738299310207367,
            0.6414600014686584,
            0.06417030096054077,
            0.0601343996822834,
            0.003379609901458025,
            0.9978399872779846,
            -0.0655985027551651,
            -0.03884400054812431,
            0.06568039953708649,
            0.9970840215682983
        ],
        [
            0.055614400655031204,
            0.1507139950990677,
            -0.24647200107574463,
            0.6399549841880798,
            0.05649949982762337,
            0.0582164004445076,
            -0.0018956599524244666,
            0.9965670108795166,
            -0.08276739716529846,
            0.3348740041255951,
            0.07862140238285065,
            0.9389770030975342
        ],
        [
            0.006492740008980036,
            0.6505910158157349,
            -0.26339200139045715,
            0.42528700828552246,
            0.12269899994134903,
            0.6124500036239624,
            0.0001625809964025393,
            0.996317982673645,
            -0.0857400968670845,
            0.00017717300215736032,
            0.08574000000953674,
            0.996317982673645
        ],
        [
            -0.037072401493787766,
            0.15036599338054657,
            -0.244050994515419,
            0.6385089755058289,
            0.05137240141630173,
            0.06320270150899887,
            -0.012255500070750713,
            0.9951850175857544,
            -0.09724540263414383,
            -0.5529699921607971,
            0.07428310066461563,
            0.8298829793930054
        ]
    ],
    "ops": [
        [
            0,
            0,
            0,
            1,
            2,
            1,
            0,
            0,
            1,
            2,
            0,
            0,
            2,
            1,
            1,
            1
        ]
    ],
    "syms": [
        [
            0.0,
            1.0,
            0.0,
            0.0,
            0.0065032499842345715,
            -0.4977709949016571,
            -0.1406400054693222,
            0.0
        ],
        [
            0.0,
            0.9958829879760742,
            -0.007558899931609631,
            -0.0903313010931015,
            -0.04153880104422569,
            0.15439100563526154,
            -0.2192929983139038,
            0.0
        ],
        [
            0.0,
            0.9880930185317993,
            0.02293580025434494,
            0.15213799476623535,
            0.10672000050544739,
            0.15370400249958038,
            -0.22191199660301208,
            0.0
        ]
    ],
    "labels:": [
        [
            1,
            2,
            2,
            0,
            0,
            0,
            0
        ]
    ],
    "obj": 44721,
    "mat_index": 5885,
    "obbs": "N 12\n0.00649274 0.650591 -0.263392 1 -0.000177173 -0.000162581 0.000177173 0.08574 0.996318 -0.000162581 -0.996318 0.0857401 0.61245 0.122699 0.425287\n0.0064935 -0.141665 0.0931115 1 0 0 0 1 0 0 0 1 0.717477 0.114389 0.894355\n0.250513 0.157042 -0.199772 -0.000108737 -0.995555 0.0941818 0.899101 -0.0413245 -0.435785 0.43774 0.0846316 0.895109 0.644546 0.056769 0.0564605\n0.157894 0.152877 -0.237383 0.00337961 0.99784 -0.0655985 0.99924 -0.000821649 0.0389821 0.038844 -0.0656804 -0.997084 0.64146 0.0601344 0.0641703\n0.0556144 0.150714 -0.246472 0.00189566 -0.996567 0.0827674 0.942261 -0.0259366 -0.333873 0.334874 0.0786214 0.938977 0.639955 0.0582164 0.0564995\n-0.0370724 0.150366 -0.244051 -0.0122555 0.995185 -0.0972454 -0.55297 0.0742831 0.829883 0.833111 0.0639444 0.549397 0.638509 0.0513724 0.0632027\n-0.143918 0.155538 -0.226267 0.205515 -0.106951 -0.972792 0.978591 0.0112051 0.205508 -0.0110791 -0.994201 0.106965 0.072143 0.0547973 0.64596\n-0.240972 0.155905 -0.201204 0.955982 -0.0365704 -0.291137 0.293176 0.0782291 0.952852 -0.0120708 -0.996264 0.0855072 0.0591942 0.0603185 0.642773\n-0.270687 -0.497771 -0.14064 1 0 0 0 1 0 0 0 1 0.079198 0.623678 0.079197\n0.283694 -0.497771 -0.14064 1 0 0 0 1 0 0 0 1 0.079197 0.623678 0.079197\n0.282534 -0.499561 0.457219 1 0 0 0 1 0 0 0 1 0.119742 0.625023 0.104153\n-0.275904 -0.501472 0.457206 1 0 0 0 1 0 0 0 1 0.107004 0.621203 0.104327\nC 35\n0 2\n0 7\n0 3\n0 4\n0 5\n0 6\n1 3\n1 6\n1 11\n1 2\n1 5\n1 10\n1 4\n1 9\n1 8\n1 7\n2 5\n2 9\n2 3\n2 4\n3 6\n3 9\n3 5\n3 4\n4 7\n4 9\n4 5\n4 6\n5 9\n5 6\n5 8\n5 7\n6 7\n6 8\n7 8\nS 5\n2\n7 -0.240972 0.155905 -0.201204\n3 0.157894 0.152877 -0.237383\n2\n-0.0415388 0.154391 -0.219293\n0.995883 -0.0075589 -0.0903313\n2\n6 -0.143918 0.155538 -0.226267\n4 0.0556144 0.150714 -0.246472\n2\n-0.0441518 0.153126 -0.23637\n0.994624 -0.0240487 -0.100717\n2\n5 -0.0370724 0.150366 -0.244051\n2 0.250513 0.157042 -0.199772\n2\n0.10672 0.153704 -0.221912\n0.988093 0.0229358 0.152138\n2\n8 -0.270687 -0.497771 -0.14064\n9 0.283694 -0.497771 -0.14064\n2\n0.00650325 -0.497771 -0.14064\n1 0 0\n2\n10 0.282534 -0.499561 0.457219\n11 -0.275904 -0.501472 0.457206\n2\n0.003315 -0.500517 0.457213\n-0.999994 -0.00342203 -2.14884e-05\nL 12\n0\n1\n0\n0\n0\n0\n0\n0\n2\n2\n2\n2"
}