{
    "boxes": [
        [
            0.0062489998526871204,
            -0.0714154988527298,
            0.10673899948596954,
            0.1458989977836609,
            0.8298550248146057,
            0.9273719787597656,
            0.0,
            1.0,
            0.0,
            0.0,
            0.0,
            1.0
        ],
        [
            -0.4267300069332123,
            0.26839300990104675,
            0.0343967005610466,
            0.10416500270366669,
            0.7235479950904846,
            0.0950452983379364,
            -0.47486400604248047,
            0.878400981426239,
            0.05400799959897995,
            -0.05400799959897995,
            -0.09033969789743423,
            0.9944459795951843
        ],
        [
            -0.447842001914978,
            0.0913344994187355,
            0.39267799258232117,
            0.256058007478714,
            0.07672739773988724,
            0.06447009742259979,
            -0.021488800644874573,
            0.9872220158576965,
            -0.1578959971666336,
            -0.4359019994735718,
            0.13287900388240814,
            0.8901309967041016
        ],
        [
            -0.3590570092201233,
            -0.38873499631881714,
            -0.30429598689079285,
            0.8409900069236755,
            0.08061730116605759,
            0.07972010225057602,
            0.031952500343322754,
            0.9968429803848267,
            0.07267969846725464,
            -0.2607409954071045,
            -0.06188540160655975,
            0.9634230136871338
        ],
        [
            0.46198800206184387,
            -0.4178839921951294,
            0.43640801310539246,
            0.7596049904823303,
            0.05684740096330643,
            0.059678301215171814,
            -0.006876539904624224,
            0.9977920055389404,
            -0.0660628005862236,
            0.374752014875412,
            0.06382109969854355,
            0.9249259829521179
        ],
        [
            -0.44971299171447754,
            -0.40785300731658936,
            0.43610700964927673,
            0.7799460291862488,
            0.0578962005674839,
            0.059143900871276855,
            0.005921749863773584,
            0.997635006904602,
            -0.06847839802503586,
            0.6663110256195068,
            0.047126200050115585,
            0.7441830039024353
        ],
        [
            0.014207099564373493,
            0.41277000308036804,
            -0.30228298902511597,
            0.6240379810333252,
            0.05453860014677048,
            0.7203310132026672,
            0.0005207780050113797,
            0.9846680164337158,
            -0.17443899810314178,
            0.0006211459985934198,
            0.17443899810314178,
            0.9846680164337158
        ],
        [
            0.00647576991468668,
            0.36458900570869446,
            -0.33288300037384033,
            0.7690899968147278,
            0.1285260021686554,
            0.8026909828186035,
            0.046515099704265594,
            0.9773629903793335,
            -0.20639200508594513,
            -0.0071881599724292755,
            0.2069379985332489,
            0.9783279895782471
        ]
    ],
    "ops": [
        [
            0,
            0,
            0,
            1,
            2,
            1,
            0,
            2,
            0,
            0,
            1,
            1,
            1,
            0,
            0,
            1,
            1
        ]
    ],
    "syms": [
        [
            0.0,
            0.9999740123748779,
            -1.657470056670718e-05,
            -0.007242490071803331,
            0.00701858988031745,
            0.26838499307632446,
            0.03125520050525665,
            0.0
        ],
        [
            0.0,
            0.9996579885482788,
            -0.026115499436855316,
            -0.0010247699683532119,
            0.00962441973388195,
            -0.3983660042285919,
            -0.3046739995479584,
            0.0
        ]
    ],
    "labels:": [
        [
            1,
            3,
            3,
            2,
            2,
            2,
            0,
            0
        ]
    ],
    "obj": 44726,
    "mat_index": 5888,
    "obbs": "N 11\n0.0142071 0.41277 -0.302283 1 -0.000621146 -0.000520778 0.000621146 0.174439 0.984668 -0.000520778 -0.984668 0.174439 0.720331 0.0545386 0.624038\n0.006249 -0.0714155 0.106739 1 0 0 0 1 0 0 0 1 0.927372 0.145899 0.829855\n0.440767 0.268378 0.0281137 -0.679873 -0.730054 -0.0692368 0.732627 -0.672054 -0.107711 0.0321043 -0.123955 0.991768 0.102511 0.107756 0.721278\n-0.42673 0.268393 0.0343967 0.474864 -0.878401 -0.054008 0.878401 0.469309 0.0903397 -0.054008 -0.0903397 0.994446 0.104165 0.0950453 0.723548\n0.462903 0.0804943 0.398325 0.940779 -0.0338417 -0.337327 0.338937 0.116034 0.933626 0.00754593 -0.992669 0.120632 0.0614734 0.0660295 0.302045\n-0.447842 0.0913345 0.392678 -0.0214888 0.987222 -0.157896 -0.435902 0.132879 0.890131 0.899738 0.0879548 0.427476 0.256058 0.0767274 0.0644701\n-0.359057 -0.388735 -0.304296 -0.96488 0.0497344 -0.257941 -0.260741 -0.0618854 0.963423 0.0319525 0.996843 0.0726797 0.0797201 0.0806173 0.84099\n0.378306 -0.407998 -0.305052 0.943755 0.08739 -0.318887 0.324584 -0.0610561 0.943884 0.0630161 -0.994301 -0.0859874 0.079805 0.0791063 0.8027\n0.461988 -0.417884 0.436408 0.9271 -0.0183968 -0.374363 0.374752 0.0638211 0.924926 0.00687654 -0.997792 0.0660628 0.0596783 0.0568474 0.759605\n-0.449713 -0.407853 0.436107 -0.666311 -0.0471262 -0.744183 0.745651 -0.0500348 -0.664456 -0.00592175 -0.997635 0.0684784 0.0578962 0.0591439 0.779946\n0.00647577 0.364589 -0.332883 -0.998892 0.0440234 -0.0166512 -0.00718816 0.206938 0.978328 0.0465151 0.977363 -0.206392 0.802691 0.128526 0.76909\nC 27\n0 2\n0 7\n0 10\n0 3\n0 1\n0 6\n1 3\n1 6\n1 2\n1 5\n1 10\n1 4\n1 9\n1 8\n1 7\n2 8\n2 10\n2 7\n2 4\n3 10\n3 6\n3 9\n3 5\n4 8\n5 9\n6 10\n7 10\nS 3\n2\n2 0.440767 0.268378 0.0281137\n3 -0.42673 0.268393 0.0343967\n2\n0.00701859 0.268385 0.0312552\n-0.999974 1.65747e-05 0.00724249\n2\n4 0.462903 0.0804943 0.398325\n5 -0.447842 0.0913345 0.392678\n2\n0.00753051 0.0859144 0.395502\n-0.99991 0.0119015 -0.00620057\n2\n6 -0.359057 -0.388735 -0.304296\n7 0.378306 -0.407998 -0.305052\n2\n0.00962442 -0.398366 -0.304674\n0.999658 -0.0261155 -0.00102477\nL 11\n0\n1\n3\n3\n3\n3\n2\n2\n2\n2\n0"
}