{
    "boxes": [
        [
            -0.012472500093281269,
            -0.26566898822784424,
            0.13552899658679962,
            0.3853980004787445,
            0.975271999835968,
            1.0463199615478516,
            0.0,
            1.0,
            0.0,
            0.0,
            0.0,
            1.0
        ],
        [
            0.4366520047187805,
            0.14737799763679504,
            0.13978299498558044,
            1.2505700588226318,
            0.9206029772758484,
            0.20144200325012207,
            0.030692100524902344,
            0.9983839988708496,
            -0.04782630130648613,
            -0.002912479918450117,
            0.04793800041079521,
            0.9988459944725037
        ],
        [
            -0.467399001121521,
            -0.6047359704971313,
            -0.21131600439548492,
            0.3180220127105713,
            0.0878572016954422,
            0.05459100008010864,
            -0.0,
            0.9689199924468994,
            0.24737399816513062,
            0.0,
            -0.24737399816513062,
            0.9689199924468994
        ],
        [
            -0.4841359853744507,
            -0.6029170155525208,
            0.5703319907188416,
            0.2957020103931427,
            0.07156799733638763,
            0.06910800188779831,
            0.0,
            1.0,
            0.0,
            0.0,
            0.0,
            1.0
        ],
        [
            -0.004616559948772192,
            0.19550900161266327,
            -0.21636299788951874,
            1.2892400026321411,
            0.4456140100955963,
            1.0936599969863892,
            -0.015460199676454067,
            0.9963729977607727,
            -0.08367259800434113,
            -0.016810700297355652,
            0.08341170102357864,
            0.9963729977607727
        ]
    ],
    "ops": [
        [
            0,
            0,
            2,
            1,
            0,
            0,
            1,
            2,
            1,
            0,
            1
        ]
    ],
    "syms": [
        [
            0.0,
            0.9995949864387512,
            0.0058558001182973385,
            -0.027845999225974083,
            -0.02129879966378212,
            0.1446949988603592,
            0.15253999829292297,
            0.0
        ],
        [
            0.0,
            1.0,
            -3.660669933752193e-16,
            -1.8303399961342207e-16,
            -0.012472500093281269,
            -0.6047359704971313,
            -0.21131600439548492,
            0.0
        ]
    ],
    "labels:": [
        [
            1,
            3,
            2,
            2,
            0
        ]
    ],
    "obj": 44873,
    "mat_index": 5916,
    "obbs": "N 8\n-0.00461656 0.195509 -0.216363 0.999739 0.0168107 0.0154602 -0.0168107 0.0834117 0.996373 0.0154602 -0.996373 0.0836726 1.09366 0.445614 1.28924\n-0.479249 0.142012 0.165298 -0.0417223 0.998685 -0.029805 0.998823 0.04243 0.0235179 0.0247516 -0.0287886 -0.999279 1.21933 0.177066 0.888179\n0.436652 0.147378 0.139783 0.0306921 0.998384 -0.0478263 0.999525 -0.0305174 0.00437909 0.00291248 -0.047938 -0.998846 1.25057 0.201442 0.920603\n-0.0124725 -0.265669 0.135529 1 0 0 0 1 0 0 0 1 1.04632 0.385398 0.975272\n-0.467399 -0.604736 -0.211316 1 0 0 0 -0.247374 0.96892 0 -0.96892 -0.247374 0.054591 0.0878572 0.318022\n0.442454 -0.604736 -0.211316 1 0 -0 0 -0.247374 0.96892 0 -0.96892 -0.247374 0.054591 0.0878572 0.318022\n0.457854 -0.602917 0.57167 1 0 0 0 1 0 0 0 1 0.071569 0.295702 0.069109\n-0.484136 -0.602917 0.570332 1 0 0 0 1 0 0 0 1 0.069108 0.295702 0.071568\nC 15\n0 1\n0 5\n0 4\n0 3\n0 2\n1 3\n1 4\n1 7\n2 6\n2 5\n2 3\n3 5\n3 6\n3 7\n3 4\nS 3\n2\n1 -0.479249 0.142012 0.165298\n2 0.436652 0.147378 0.139783\n2\n-0.0212988 0.144695 0.15254\n0.999595 0.0058558 -0.027846\n2\n4 -0.467399 -0.604736 -0.211316\n5 0.442454 -0.604736 -0.211316\n2\n-0.0124725 -0.604736 -0.211316\n1 -3.66067e-16 -1.83034e-16\n2\n6 0.457854 -0.602917 0.57167\n7 -0.484136 -0.602917 0.570332\n2\n-0.0131412 -0.602917 0.571001\n-0.999999 0 -0.00141987\nL 8\n0\n3\n3\n1\n2\n2\n2\n2"
}