{
    "boxes": [
        [
            0.005245499778538942,
            0.05869850143790245,
            0.0748945027589798,
            0.11277700215578079,
            0.6223729848861694,
            1.007889986038208,
            0.0,
            1.0,
            0.0,
            0.0,
            0.0,
            1.0
        ],
        [
            -0.5039089918136597,
            0.5871430039405823,
            0.07880759984254837,
            0.10212399810552597,
            0.6167430281639099,
            0.14038200676441193,
            -0.0433880016207695,
            0.9899929761886597,
            0.13428199291229248,
            0.0029277699068188667,
            -0.13428199291229248,
            0.9909390211105347
        ],
        [
            -0.47177499532699585,
            0.345429003238678,
            -0.051465000957250595,
            0.5757610201835632,
            0.08515799790620804,
            0.025546399876475334,
            -0.09353630244731903,
            0.9956160187721252,
            -0.00044044299283996224,
            0.00044044299283996224,
            0.0004837620072066784,
            1.0
        ],
        [
            -0.46960699558258057,
            0.322503000497818,
            0.0847885012626648,
            0.5296949744224548,
            0.08515799790620804,
            0.025547700002789497,
            -0.049455899745225906,
            0.9987760186195374,
            -0.00023246099590323865,
            0.00023246099590323865,
            0.0002442570112179965,
            1.0
        ],
        [
            -0.4635539948940277,
            -0.38147100806236267,
            0.39851200580596924,
            0.8681150078773499,
            0.08078230172395706,
            0.08276010304689407,
            0.013899499550461769,
            0.9912700057029724,
            -0.13110999763011932,
            0.01585719920694828,
            0.13088800013065338,
            0.9912700057029724
        ],
        [
            0.005245000123977661,
            -0.6144180297851562,
            0.42135900259017944,
            0.10638800263404846,
            0.0766419991850853,
            0.8686119914054871,
            0.0,
            1.0,
            0.0,
            0.0,
            0.0,
            1.0
        ],
        [
            -0.4665299952030182,
            -0.4621869921684265,
            0.07339850068092346,
            0.08515799790620804,
            0.6513810157775879,
            0.03406300023198128,
            0.0,
            1.0,
            0.0,
            0.0,
            0.0,
            1.0
        ],
        [
            -0.4630639851093292,
            -0.38268598914146423,
            -0.25489598512649536,
            0.8650649785995483,
            0.07604189962148666,
            0.0821520984172821,
            -0.012545499950647354,
            0.9906079769134521,
            0.13615599274635315,
            -0.010938400402665138,
            -0.13629400730133057,
            0.9906079769134521
        ],
        [
            -0.46321800351142883,
            -0.06078600138425827,
            0.08400049805641174,
            0.08515799790620804,
            0.5450109839439392,
            0.05109500139951706,
            0.0,
            1.0,
            0.0,
            0.0,
            0.0,
            1.0
        ],
        [
            0.009459500201046467,
            -0.43496400117874146,
            -0.24967099726200104,
            0.08175799995660782,
            0.03406300023198128,
            0.9236130118370056,
            0.0,
            1.0,
            0.0,
            0.0,
            0.0,
            1.0
        ],
        [
            0.009489860385656357,
            0.378387987613678,
            -0.4032280147075653,
            0.8249409794807434,
            0.021618999540805817,
            0.28961899876594543,
            0.0029160999692976475,
            0.7624549865722656,
            -0.6470339894294739,
            0.0062991902232170105,
            0.6470100283622742,
            0.7624549865722656
        ],
        [
            0.005155949853360653,
            0.6667569875717163,
            -0.43593698740005493,
            0.09123560041189194,
            0.5063310265541077,
            1.1242300271987915,
            -0.00018301300588063896,
            0.9905710220336914,
            0.13700200617313385,
            1.2595900443557184e-05,
            -0.13700200617313385,
            0.9905710220336914
        ]
    ],
    "ops": [
        [
            0,
            0,
            0,
            0,
            1,
            1,
            2,
            1,
            0,
            2,
            0,
            0,
            2,
            1,
            1,
            0,
            2,
            0,
            2,
            0,
            2,
            1,
            1,
            1,
            1,
            0,
            0,
            1,
            1
        ]
    ],
    "syms": [
        [
            0.0,
            1.0,
            0.0008739950135350227,
            0.0003972249978687614,
            0.002972440095618367,
            0.587585985660553,
            0.07900889962911606,
            0.0
        ],
        [
            0.0,
            0.9999030232429504,
            -0.00890582986176014,
            0.010699699632823467,
            0.00511074997484684,
            -0.3856450021266937,
            0.40352699160575867,
            0.0
        ],
        [
            0.0,
            0.9999939799308777,
            0.002028560033068061,
            -0.0029691699892282486,
            0.0052304998971521854,
            -0.46123000979423523,
            0.07199770212173462,
            0.0
        ],
        [
            0.0,
            1.0,
            -0.0003069700032938272,
            0.0009275919874198735,
            0.005205910187214613,
            -0.3828290104866028,
            -0.25446099042892456,
            0.0
        ],
        [
            0.0,
            1.0,
            -0.0,
            -0.0,
            0.00515149999409914,
            -0.06078600138425827,
            0.08400049805641174,
            0.0
        ],
        [
            0.0,
            -0.041540101170539856,
            0.9991369843482971,
            -0.0,
            0.007672499865293503,
            -0.3919830024242401,
            -0.24967099726200104,
            0.0
        ]
    ],
    "labels:": [
        [
            1,
            3,
            3,
            3,
            2,
            2,
            2,
            2,
            2,
            2,
            0,
            0
        ]
    ],
    "obj": 44898,
    "mat_index": 5929,
    "obbs": "N 20\n0.00948986 0.378388 -0.403228 0.999976 -0.00629919 -0.0029161 0.00629919 0.64701 0.762455 -0.0029161 -0.762455 0.647034 0.289619 0.021619 0.824941\n0.0052455 0.0586985 0.0748945 1 0 0 0 1 0 0 0 1 1.00789 0.112777 0.622373\n0.481302 0.345478 -0.0514619 0.000888746 0.000802166 -0.999999 0.99477 -0.10214 0.000802166 -0.102139 -0.99477 -0.000888746 0.0851579 0.0281399 0.576428\n0.47891 0.32253 0.0847888 -0.0543302 -0.998523 7.25743e-05 0.998523 -0.0543302 -6.87329e-05 7.25743e-05 6.87329e-05 1 0.529888 0.0281577 0.085158\n-0.471775 0.345429 -0.051465 0.0935363 -0.995616 0.000440443 0.995616 0.0935361 -0.000483762 0.000440443 0.000483762 1 0.575761 0.0255464 0.085158\n-0.469607 0.322503 0.0847885 0.0494559 -0.998776 0.000232461 0.998776 0.0494558 -0.000244257 0.000232461 0.000244257 1 0.529695 0.0255477 0.085158\n0.509854 0.588029 0.0792102 -0.049124 0.13542 -0.98957 0.0471994 0.989974 0.133132 0.997677 -0.0401671 -0.0550232 0.63564 0.102303 0.145818\n-0.503909 0.587143 0.0788076 -0.00292777 0.134282 -0.990939 -0.043388 0.989993 0.134282 0.999054 0.043388 0.00292777 0.616743 0.102124 0.140382\n0.0058855 -0.349001 -0.249671 1 0 0 0 1 0 0 0 1 0.895627 0.066636 0.034063\n0.0094595 -0.434964 -0.249671 1 0 0 0 1 0 0 0 1 0.923613 0.081758 0.034063\n-0.46653 -0.462187 0.0733985 1 0 0 0 1 0 0 0 1 0.034063 0.085158 0.651381\n0.005245 -0.614418 0.421359 1 0 0 0 1 0 0 0 1 0.868612 0.106388 0.076642\n0.476992 -0.460273 0.070597 1 0 0 0 1 0 0 0 1 0.034063 0.085158 0.637834\n0.473521 -0.060786 0.0840005 1 0 0 0 1 0 0 0 1 0.051095 0.085158 0.545011\n-0.463218 -0.060786 0.0840005 1 0 0 0 1 0 0 0 1 0.051095 0.085158 0.545011\n0.473775 -0.389819 0.408542 -0.00659334 0.988179 -0.153162 -0.0687198 0.152355 0.985934 0.997614 0.0170259 0.066903 0.849518 0.0836046 0.0798401\n0.473475 -0.382973 -0.254027 0.00244014 0.990985 0.133948 0.139 -0.132985 0.981323 0.990289 0.0162242 -0.138071 0.86428 0.0826458 0.0796715\n-0.463554 -0.381471 0.398512 0.999778 -0.0158572 -0.0138995 0.0158572 0.130888 0.99127 -0.0138995 -0.99127 0.13111 0.0827601 0.0807823 0.868115\n-0.463064 -0.382686 -0.254896 -0.0125455 0.990608 0.136156 -0.0109384 -0.136294 0.990608 0.999861 0.0109384 0.0125455 0.865065 0.0760419 0.0821521\n0.00515595 0.666757 -0.435937 1 0.000183013 1.25959e-05 -0.000183013 0.990571 0.137002 1.25959e-05 -0.137002 0.990571 1.12423 0.0912356 0.506331\nC 57\n0 1\n0 19\n1 3\n1 17\n1 15\n1 2\n1 16\n1 14\n1 5\n1 13\n1 4\n1 18\n2 19\n2 13\n2 16\n2 6\n2 3\n3 15\n3 6\n3 16\n3 13\n3 19\n4 7\n4 18\n4 19\n4 5\n4 14\n5 19\n5 18\n5 17\n5 7\n5 14\n6 19\n7 19\n8 13\n8 9\n8 14\n8 10\n8 16\n8 12\n8 18\n9 18\n9 10\n9 16\n9 12\n10 11\n10 17\n10 18\n11 12\n11 17\n11 15\n12 16\n12 15\n13 16\n13 15\n14 17\n14 18\nS 8\n2\n2 0.481302 0.345478 -0.0514619\n4 -0.471775 0.345429 -0.051465\n2\n0.00476389 0.345453 -0.0514635\n-1 -5.20608e-05 -3.21046e-06\n2\n3 0.47891 0.32253 0.0847888\n5 -0.469607 0.322503 0.0847885\n2\n0.00465184 0.322516 0.0847887\n-1 -2.84859e-05 -3.49113e-07\n2\n6 0.509854 0.588029 0.0792102\n7 -0.503909 0.587143 0.0788076\n2\n0.00297244 0.587586 0.0790089\n-1 -0.000873995 -0.000397225\n2\n10 -0.46653 -0.462187 0.0733985\n12 0.476992 -0.460273 0.070597\n2\n0.0052305 -0.46123 0.0719977\n0.999994 0.00202856 -0.00296917\n2\n13 0.473521 -0.060786 0.0840005\n14 -0.463218 -0.060786 0.0840005\n2\n0.0051515 -0.060786 0.0840005\n-1 0 0\n2\n8 0.0058855 -0.349001 -0.249671\n9 0.0094595 -0.434964 -0.249671\n2\n0.0076725 -0.391983 -0.249671\n0.0415401 -0.999137 0\n2\n15 0.473775 -0.389819 0.408542\n17 -0.463554 -0.381471 0.398512\n2\n0.00511075 -0.385645 0.403527\n-0.999903 0.00890583 -0.0106997\n2\n16 0.473475 -0.382973 -0.254027\n18 -0.463064 -0.382686 -0.254896\n2\n0.00520591 -0.382829 -0.254461\n-1 0.00030697 -0.000927592\nL 20\n0\n1\n3\n3\n3\n3\n3\n3\n2\n2\n2\n2\n2\n2\n2\n2\n2\n2\n2\n0"
}