{
    "boxes": [
        [
            0.00558699993416667,
            -0.032247498631477356,
            0.06687299907207489,
            0.07735499739646912,
            0.7625740170478821,
            0.7907459735870361,
            0.0,
            1.0,
            0.0,
            0.0,
            0.0,
            1.0
        ],
        [
            -0.3389669954776764,
            -0.4368790090084076,
            0.36336201429367065,
            0.7731429934501648,
            0.08202099800109863,
            0.0553399994969368,
            0.0,
            1.0,
            0.0,
            0.0,
            0.0,
            1.0
        ],
        [
            -0.0003654999891296029,
            -0.298103004693985,
            0.37154000997543335,
            0.03705500066280365,
            0.035957999527454376,
            0.6957190036773682,
            0.0,
            1.0,
            0.0,
            0.0,
            0.0,
            1.0
        ],
        [
            0.012242100201547146,
            -0.46407198905944824,
            0.36689600348472595,
            0.03627780079841614,
            0.03649140149354935,
            0.6961669921875,
            0.002175650093704462,
            0.9186019897460938,
            0.39517900347709656,
            -0.00044812398846261203,
            -0.39517900347709656,
            0.9186040163040161
        ],
        [
            0.31429100036621094,
            -0.374783992767334,
            0.04389059916138649,
            0.03667319938540459,
            0.6604610085487366,
            0.032549899071455,
            0.5235869884490967,
            0.8489019870758057,
            -0.0722580999135971,
            0.146014004945755,
            -0.005853170063346624,
            0.9892650246620178
        ],
        [
            -0.29796698689460754,
            -0.3817859888076782,
            0.04006379842758179,
            0.03621150180697441,
            0.660493016242981,
            0.03359600156545639,
            0.5206900238990784,
            0.8503299951553345,
            0.07629130035638809,
            -0.15040400624275208,
            0.003399650100618601,
            0.9886190295219421
        ],
        [
            -0.2624279856681824,
            -0.3793179988861084,
            -0.28467801213264465,
            0.8640050292015076,
            0.03652200102806091,
            0.07199300080537796,
            0.0,
            1.0,
            0.0,
            0.0,
            0.0,
            1.0
        ],
        [
            -0.005831920076161623,
            -0.17442800104618073,
            -0.2866779863834381,
            0.039524901658296585,
            0.05338729918003082,
            0.49746599793434143,
            0.007261610124260187,
            0.9961569905281067,
            -0.08728930354118347,
            0.00031753999064676464,
            0.08728930354118347,
            0.9961829781532288
        ],
        [
            0.26990100741386414,
            -0.44002801179885864,
            -0.28196099400520325,
            0.731997013092041,
            0.0416296012699604,
            0.04512520134449005,
            -0.056740500032901764,
            0.998291015625,
            0.013955200091004372,
            0.20609800517559052,
            -0.0019648498855531216,
            0.9785289764404297
        ],
        [
            -0.2609890103340149,
            0.4723129868507385,
            -0.2849369943141937,
            0.9079750180244446,
            0.047745998948812485,
            0.05151600018143654,
            -0.052471499890089035,
            0.9985229969024658,
            -0.014095899648964405,
            -0.04101400077342987,
            0.0119486004114151,
            0.9990869760513306
        ],
        [
            6.749999738531187e-05,
            0.9058550000190735,
            -0.30977699160575867,
            0.03862600028514862,
            0.08279100060462952,
            0.57498699426651,
            0.0,
            1.0,
            0.0,
            0.0,
            0.0,
            1.0
        ],
        [
            0.0975956991314888,
            0.7548459768295288,
            -0.32539400458335876,
            0.29432499408721924,
            0.030717400833964348,
            0.0308104008436203,
            -0.014813600108027458,
            0.9996070265769958,
            -0.023813800886273384,
            -0.015169000253081322,
            0.02358900010585785,
            0.9996070265769958
        ],
        [
            7.349999941652641e-05,
            0.4528219997882843,
            -0.30869999527931213,
            0.037300001829862595,
            0.07205399870872498,
            0.5154410004615784,
            0.0,
            1.0,
            0.0,
            0.0,
            0.0,
            1.0
        ],
        [
            0.005354499910026789,
            0.7608100175857544,
            -0.3321169912815094,
            0.30587100982666016,
            0.03577600046992302,
            0.03101699985563755,
            0.0,
            1.0,
            0.0,
            0.0,
            0.0,
            1.0
        ],
        [
            -0.0851479023694992,
            0.7519950270652771,
            -0.32471299171447754,
            0.3086490035057068,
            0.034254200756549835,
            0.029277099296450615,
            -0.02044299989938736,
            0.9997860193252563,
            0.0031895299907773733,
            0.20901699364185333,
            0.0011541199637576938,
            0.9779109954833984
        ],
        [
            0.009111500345170498,
            0.3223870098590851,
            -0.3028259873390198,
            0.0390859991312027,
            0.07135500013828278,
            0.5092869997024536,
            0.0,
            1.0,
            0.0,
            0.0,
            0.0,
            1.0
        ]
    ],
    "ops": [
        [
            0,
            0,
            2,
            0,
            0,
            1,
            1,
            0,
            0,
            1,
            2,
            0,
            0,
            0,
            1,
            1,
            1,
            1,
            1,
            0,
            2,
            0,
            0,
            1,
            1,
            0,
            0,
            2,
            1,
            0,
            2,
            0,
            2,
            1,
            1,
            1,
            1
        ]
    ],
    "syms": [
        [
            0.0,
            0.9999139904975891,
            7.952809937705752e-06,
            0.013131500221788883,
            0.006792999804019928,
            -0.43687599897384644,
            0.367902010679245,
            0.0
        ],
        [
            0.0,
            0.9716119766235352,
            -0.23654499650001526,
            0.00405661016702652,
            0.010103699751198292,
            -0.3007279932498932,
            0.04262059926986694,
            0.0
        ],
        [
            0.0,
            0.9952239990234375,
            -0.09726720303297043,
            0.008269299753010273,
            0.0034002400934696198,
            0.44647300243377686,
            -0.2827399969100952,
            0.0
        ],
        [
            0.0,
            0.9948740005493164,
            0.025716500356793404,
            -0.09780179709196091,
            -0.08623970299959183,
            0.7584419846534729,
            -0.32311299443244934,
            0.0
        ],
        [
            0.0,
            0.9983369708061218,
            0.020002899691462517,
            0.054065000265836716,
            0.04812850058078766,
            0.7546659708023071,
            -0.3174949884414673,
            0.0
        ],
        [
            0.0,
            -0.008199679665267467,
            0.9999619722366333,
            -0.0029351001139730215,
            0.007943750359117985,
            0.4647960066795349,
            -0.30324500799179077,
            0.0
        ]
    ],
    "labels:": [
        [
            1,
            2,
            2,
            2,
            2,
            2,
            2,
            2,
            2,
            0,
            0,
            0,
            0,
            0,
            0,
            0
        ]
    ],
    "obj": 44938,
    "mat_index": 5946,
    "obbs": "N 23\n6.75e-05 0.905855 -0.309777 1 0 0 0 1 0 0 0 1 0.574987 0.038626 0.082791\n0.005587 -0.0322475 0.066873 1 0 0 0 1 0 0 0 1 0.790746 0.077355 0.762574\n0.181405 0.757336 -0.310278 0.0274337 0.999383 -0.0219301 -0.0789967 0.0240372 0.996585 0.996497 -0.0256076 0.0796074 0.289598 0.027296 0.0260666\n0.0975957 0.754846 -0.325394 -0.0148136 0.999607 -0.0238138 -0.015169 0.023589 0.999607 0.999775 0.015169 0.0148136 0.294325 0.0307174 0.0308104\n0.0053545 0.76081 -0.332117 1 0 0 0 1 0 0 0 1 0.031017 0.305871 0.035776\n-0.0851479 0.751995 -0.324713 0.020443 -0.999786 -0.00318953 0.977698 0.0206581 -0.208996 0.209017 0.00115412 0.977911 0.308649 0.0292771 0.0342542\n-0.177834 0.756074 -0.314109 -0.481449 -0.0324906 -0.875872 0.87522 0.0356149 -0.482412 0.0468679 -0.998837 0.0112897 0.0318665 0.0323132 0.301247\n0.0091115 0.322387 -0.302826 1 0 0 0 1 0 0 0 1 0.509287 0.039086 0.071355\n7.35e-05 0.452822 -0.3087 1 0 0 0 1 0 0 0 1 0.515441 0.0373 0.072054\n0.006776 0.607204 -0.303663 1 0 0 0 1 0 0 0 1 0.545712 0.036869 0.079931\n0.314291 -0.374784 0.0438906 -0.523587 -0.848902 0.0722581 0.839367 -0.528517 -0.127016 0.146014 -0.00585317 0.989265 0.0366732 0.0325499 0.660461\n0.310612 -0.238176 0.0434433 -0.15339 0.00173954 -0.988164 0.845943 -0.516621 -0.132223 -0.510736 -0.856213 0.077773 0.660307 0.0346029 0.0329762\n-0.00583192 -0.174428 -0.286678 -0.00031754 -0.0872893 -0.996183 0.00726161 0.996157 -0.0872893 0.999974 -0.00726161 0.00031754 0.0533873 0.0395249 0.497466\n-0.294083 -0.226672 0.0413506 0.155794 0.00481714 -0.987778 -0.261129 0.964614 -0.0364816 0.952649 0.263621 0.151539 0.662228 0.0324115 0.0373542\n-0.297967 -0.381786 0.0400638 0.150404 -0.00339965 -0.988619 0.840393 -0.526239 0.129663 -0.52069 -0.85033 -0.0762913 0.660493 0.033596 0.0362115\n-0.0003655 -0.298103 0.37154 1 0 0 0 1 0 0 0 1 0.695719 0.037055 0.035958\n0.0122421 -0.464072 0.366896 0.999998 -0.00217565 -0.000448124 0.00217565 0.918602 0.395179 -0.000448124 -0.395179 0.918604 0.696167 0.0362778 0.0364914\n-0.338967 -0.436879 0.363362 1 0 0 0 1 0 0 0 1 0.05534 0.773143 0.082021\n0.352553 -0.436873 0.372443 1 0 0 0 1 0 0 0 1 0.05759 0.773152 0.0641\n0.269901 -0.440028 -0.281961 0.0567405 -0.998291 -0.0139552 0.976885 0.0583984 -0.205635 0.206098 -0.00196485 0.978529 0.731997 0.0451252 0.0416296\n-0.262428 -0.379318 -0.284678 1 0 0 0 1 0 0 0 1 0.071993 0.864005 0.036522\n0.267789 0.420633 -0.280543 0.0421074 0.999088 -0.00713222 0.998187 -0.0417599 0.0433556 0.0430182 -0.00894488 -0.999034 1.02211 0.0503046 0.0433433\n-0.260989 0.472313 -0.284937 -0.0524715 0.998523 -0.0140959 0.99778 0.0530018 0.0403264 0.041014 -0.0119486 -0.999087 0.907975 0.051516 0.047746\nC 85\n0 2\n0 3\n0 21\n0 4\n0 22\n0 5\n0 6\n1 21\n1 17\n1 15\n1 11\n1 20\n1 13\n1 19\n1 22\n1 12\n1 18\n2 8\n2 5\n2 9\n2 3\n2 21\n2 4\n3 21\n3 6\n3 9\n3 5\n3 8\n3 4\n4 8\n4 22\n4 9\n4 5\n4 6\n4 21\n5 9\n5 6\n5 8\n5 22\n6 9\n6 22\n6 8\n7 21\n7 22\n7 8\n8 9\n8 21\n8 22\n9 22\n9 21\n10 11\n10 15\n10 12\n10 18\n10 19\n10 16\n11 16\n11 19\n11 18\n11 21\n11 12\n11 15\n12 20\n12 13\n12 21\n12 14\n12 22\n12 19\n13 22\n13 17\n13 16\n13 20\n13 15\n13 14\n14 17\n14 15\n14 20\n14 16\n15 16\n15 18\n15 17\n16 17\n16 18\n19 21\n20 22\nS 7\n2\n6 -0.177834 0.756074 -0.314109\n4 0.0053545 0.76081 -0.332117\n2\n-0.0862397 0.758442 -0.323113\n0.994874 0.0257165 -0.0978018\n2\n5 -0.0851479 0.751995 -0.324713\n2 0.181405 0.757336 -0.310278\n2\n0.0481285 0.754666 -0.317495\n0.998337 0.0200029 0.054065\n2\n7 0.0091115 0.322387 -0.302826\n9 0.006776 0.607204 -0.303663\n2\n0.00794375 0.464796 -0.303245\n-0.00819968 0.999962 -0.0029351\n2\n10 0.314291 -0.374784 0.0438906\n13 -0.294083 -0.226672 0.0413506\n2\n0.0101037 -0.300728 0.0426206\n-0.971612 0.236545 -0.00405661\n2\n11 0.310612 -0.238176 0.0434433\n14 -0.297967 -0.381786 0.0400638\n2\n0.00632227 -0.309981 0.0417536\n-0.973255 -0.229665 -0.00540455\n2\n17 -0.338967 -0.436879 0.363362\n18 0.352553 -0.436873 0.372443\n2\n0.006793 -0.436876 0.367902\n0.999914 7.95281e-06 0.0131315\n2\n21 0.267789 0.420633 -0.280543\n22 -0.260989 0.472313 -0.284937\n2\n0.00340024 0.446473 -0.28274\n-0.995224 0.0972672 -0.0082693\nL 23\n0\n1\n0\n0\n0\n0\n0\n0\n0\n0\n2\n2\n2\n2\n2\n2\n2\n2\n2\n2\n2\n0\n0"
}