{
    "boxes": [
        [
            -0.013073000125586987,
            -0.049287501722574234,
            0.17406000196933746,
            0.16496099531650543,
            0.7068619728088379,
            0.8612160086631775,
            0.0,
            1.0,
            0.0,
            0.0,
            0.0,
            1.0
        ],
        [
            0.43347400426864624,
            -0.4643079936504364,
            0.2858549952507019,
            0.6513460278511047,
            0.040902700275182724,
            0.03772230073809624,
            -0.0046186200343072414,
            0.947350025177002,
            -0.3201659917831421,
            0.4113450050354004,
            0.293626993894577,
            0.8628889918327332
        ],
        [
            -0.45864900946617126,
            -0.7774959802627563,
            0.3869450092315674,
            0.0288309995085001,
            0.041937001049518585,
            0.041937001049518585,
            0.0,
            1.0,
            0.0,
            0.0,
            0.0,
            1.0
        ],
        [
            -0.4582200050354004,
            -0.47808700799942017,
            0.2889479994773865,
            0.6235020160675049,
            0.032650500535964966,
            0.04061700031161308,
            -0.014206799678504467,
            0.9487379789352417,
            -0.3157449960708618,
            -0.09210500121116638,
            0.3131929934024811,
            0.9452130198478699
        ],
        [
            -0.45864900946617126,
            -0.7774959802627563,
            -0.28404098749160767,
            0.0288309995085001,
            0.0419359989464283,
            0.041937001049518585,
            0.0,
            1.0,
            0.0,
            0.0,
            0.0,
            1.0
        ],
        [
            -0.4594910144805908,
            -0.47360798716545105,
            -0.184797003865242,
            0.6327049732208252,
            0.04639840126037598,
            0.0371800996363163,
            0.014187799766659737,
            0.94377201795578,
            0.33029401302337646,
            0.5360550284385681,
            -0.2860249876976013,
            0.794251024723053
        ],
        [
            -0.013073000125586987,
            0.2704249918460846,
            -0.2223699986934662,
            0.567782998085022,
            0.12847599387168884,
            0.7967960238456726,
            -1.2987300124223111e-08,
            0.9488440155982971,
            -0.315744012594223,
            -1.8009199465041092e-08,
            0.315744012594223,
            0.9488440155982971
        ],
        [
            -0.4268510043621063,
            0.13589000701904297,
            -0.13837000727653503,
            0.287992000579834,
            0.04699639976024628,
            0.042994700372219086,
            0.018864400684833527,
            0.957880973815918,
            -0.286545991897583,
            -0.18455199897289276,
            0.2850080132484436,
            0.9405909776687622
        ]
    ],
    "ops": [
        [
            0,
            0,
            0,
            2,
            1,
            0,
            0,
            0,
            1,
            2,
            1,
            1,
            1,
            0,
            0,
            2,
            1,
            1
        ]
    ],
    "syms": [
        [
            0.0,
            1.0,
            -0.0,
            -0.0,
            -0.013073000125586987,
            -0.7774959802627563,
            0.3869450092315674,
            0.0
        ],
        [
            0.0,
            1.0,
            -0.0,
            -0.0,
            -0.013073000125586987,
            -0.7774959802627563,
            -0.28404098749160767,
            0.0
        ],
        [
            0.0,
            0.999983012676239,
            -0.0048212697729468346,
            0.0032581898849457502,
            -0.013106400147080421,
            0.13389499485492706,
            -0.137022003531456,
            0.0
        ]
    ],
    "labels:": [
        [
            1,
            2,
            2,
            2,
            2,
            2,
            0,
            0
        ]
    ],
    "obj": 44940,
    "mat_index": 5948,
    "obbs": "N 12\n-0.013073 0.270425 -0.22237 1 1.80092e-08 1.29873e-08 -1.80092e-08 0.315744 0.948844 1.29873e-08 -0.948844 0.315744 0.796796 0.128476 0.567783\n0.432503 -0.777496 -0.284041 1 0 0 0 1 0 0 0 1 0.041937 0.028831 0.041936\n0.432503 -0.777496 0.386945 1 0 0 0 1 0 0 0 1 0.041937 0.028831 0.041937\n-0.458649 -0.777496 -0.284041 1 0 0 0 1 0 0 0 1 0.041937 0.028831 0.041936\n-0.458649 -0.777496 0.386945 1 0 0 0 1 0 0 0 1 0.041937 0.028831 0.041937\n-0.013073 -0.0492875 0.17406 1 0 0 0 1 0 0 0 1 0.861216 0.164961 0.706862\n0.400638 0.1319 -0.135674 -0.0179394 0.955249 -0.29526 -0.0950744 0.292339 0.951577 0.995309 0.0451424 0.0855752 0.297395 0.0456255 0.0389384\n-0.426851 0.13589 -0.13837 0.0188644 0.957881 -0.286546 -0.184552 0.285008 0.940591 0.982642 0.0351389 0.182155 0.287992 0.0469964 0.0429947\n-0.459491 -0.473608 -0.184797 -0.536055 0.286025 -0.794251 0.844064 0.165787 -0.509971 -0.0141878 -0.943772 -0.330294 0.0463984 0.0371801 0.632705\n0.433948 -0.474346 -0.184218 -0.833392 0.168371 -0.526411 -0.552656 -0.263166 0.790769 -0.005391 0.949945 0.312372 0.0387025 0.0343253 0.631544\n0.433474 -0.464308 0.285855 0.00461862 -0.94735 0.320166 0.911468 -0.127713 -0.391044 0.411345 0.293627 0.862889 0.651346 0.0377223 0.0409027\n-0.45822 -0.478087 0.288948 -0.0142068 0.948738 -0.315745 -0.092105 0.313193 0.945213 0.995648 0.0425102 0.082934 0.623502 0.0326505 0.040617\nC 19\n0 7\n0 6\n0 5\n0 9\n0 8\n1 9\n2 10\n3 8\n4 11\n5 9\n5 10\n5 8\n5 6\n5 11\n5 7\n6 9\n7 8\n8 11\n9 10\nS 4\n2\n1 0.432503 -0.777496 -0.284041\n3 -0.458649 -0.777496 -0.284041\n2\n-0.013073 -0.777496 -0.284041\n-1 0 0\n2\n2 0.432503 -0.777496 0.386945\n4 -0.458649 -0.777496 0.386945\n2\n-0.013073 -0.777496 0.386945\n-1 0 0\n2\n6 0.400638 0.1319 -0.135674\n7 -0.426851 0.13589 -0.13837\n2\n-0.0131064 0.133895 -0.137022\n-0.999983 0.00482127 -0.00325819\n2\n8 -0.459491 -0.473608 -0.184797\n9 0.433948 -0.474346 -0.184218\n2\n-0.0127717 -0.473977 -0.184508\n0.999999 -0.00082588 0.000647949\nL 12\n0\n2\n2\n2\n2\n1\n0\n0\n2\n2\n2\n2"
}