{
    "boxes": [
        [
            -0.02792230062186718,
            -0.12260899692773819,
            0.3349049985408783,
            0.21786600351333618,
            0.947609007358551,
            0.8598799705505371,
            0.009046969935297966,
            0.9981290102005005,
            -0.06046849861741066,
            -0.10425200313329697,
            0.06108289957046509,
            0.9926729798316956
        ],
        [
            -0.44481998682022095,
            -0.05385129898786545,
            -0.029200199991464615,
            0.3746519982814789,
            0.7757310271263123,
            0.045210398733615875,
            0.007948780432343483,
            0.9987059831619263,
            -0.050232499837875366,
            -0.10579799860715866,
            0.05079210177063942,
            0.9930899739265442
        ],
        [
            -0.008778500370681286,
            -0.5882359743118286,
            0.19316700100898743,
            0.29065999388694763,
            0.07653900235891342,
            0.08268100023269653,
            0.0,
            1.0,
            0.0,
            0.0,
            0.0,
            1.0
        ],
        [
            -0.14073100686073303,
            -0.6936830282211304,
            -0.013289700262248516,
            0.0732761025428772,
            0.4839229881763458,
            0.04688379913568497,
            -0.06968659907579422,
            0.9895009994506836,
            -0.12661400437355042,
            0.5297579765319824,
            0.14425399899482727,
            0.8357909917831421
        ],
        [
            -0.2816790044307709,
            -0.7617470026016235,
            -0.20330199599266052,
            0.060700301080942154,
            0.055348098278045654,
            0.07635640352964401,
            -0.04148169979453087,
            0.9991369843482971,
            -0.0022690000478178263,
            -0.052337899804115295,
            9.490890079177916e-05,
            0.9986289739608765
        ],
        [
            -0.2819870114326477,
            0.20718799531459808,
            -0.38443100452423096,
            1.0595899820327759,
            0.195810005068779,
            0.09527920186519623,
            0.03600870072841644,
            0.9211770296096802,
            -0.3874729871749878,
            -0.1767140030860901,
            0.38748401403427124,
            0.9047809839248657
        ],
        [
            0.04489680007100105,
            0.37841999530792236,
            -0.3463889956474304,
            0.7384139895439148,
            0.20433899760246277,
            0.8591009974479675,
            0.023850299417972565,
            0.9719899892807007,
            -0.23380999267101288,
            -0.10251100361347198,
            0.23502199351787567,
            0.9665690064430237
        ],
        [
            0.03922630101442337,
            0.24350999295711517,
            -0.31988999247550964,
            1.1132999658584595,
            0.2279520034790039,
            0.6664900183677673,
            0.030432499945163727,
            0.9437040090560913,
            -0.32938700914382935,
            -0.10448399931192398,
            0.33073800802230835,
            0.9379209876060486
        ]
    ],
    "ops": [
        [
            0,
            0,
            2,
            1,
            0,
            0,
            0,
            1,
            2,
            1,
            1,
            0,
            2,
            0,
            0,
            1,
            1,
            1
        ]
    ],
    "syms": [
        [
            0.0,
            0.994350016117096,
            -0.00019934600277338177,
            0.10615000128746033,
            0.0046692900359630585,
            -0.05394139885902405,
            0.01878410018980503,
            0.0
        ],
        [
            -1.0,
            0.012636399827897549,
            0.9997220039367676,
            -0.019901100546121597,
            -0.011621500365436077,
            -0.6950989961624146,
            0.1954140067100525,
            0.20000000298023224
        ],
        [
            0.0,
            0.9916279911994934,
            -0.0199452992528677,
            0.12757499516010284,
            0.048069801181554794,
            0.20054900646209717,
            -0.34196901321411133,
            0.0
        ]
    ],
    "labels:": [
        [
            1,
            3,
            2,
            2,
            2,
            0,
            0,
            0
        ]
    ],
    "obj": 44946,
    "mat_index": 5953,
    "obbs": "N 18\n0.0448968 0.37842 -0.346389 -0.994446 -0.000915006 -0.105245 -0.102511 0.235022 0.966569 0.0238503 0.97199 -0.23381 0.859101 0.204339 0.738414\n-0.44482 -0.0538513 -0.0292002 0.105798 -0.0507921 -0.99309 0.994356 -0.00257932 0.106065 -0.00794878 -0.998706 0.0502325 0.775731 0.0452104 0.374652\n0.454159 -0.0540316 0.0667683 0.106913 -0.0498546 -0.993018 0.994259 0.000946223 0.106999 -0.00439478 -0.998756 0.0496696 0.77576 0.0448939 0.374384\n-0.0279223 -0.122609 0.334905 -0.99451 0.00267674 -0.104609 0.00904697 0.998129 -0.0604685 0.104252 -0.0610829 -0.992673 0.85988 0.217866 0.947609\n-0.281987 0.207188 -0.384431 0.176714 -0.387484 -0.904781 0.983603 0.035892 0.176738 -0.0360087 -0.921177 0.387473 0.19581 0.0952792 1.05959\n0.378127 0.19391 -0.299506 0.0429693 0.886825 -0.460103 0.998637 -0.0517776 -0.00653546 -0.0296188 -0.459195 -0.887842 1.0821 0.100151 0.244417\n0.153748 -0.69722 0.017602 0.322213 0.94122 0.101405 0.673657 -0.303229 0.673972 0.665105 -0.14885 -0.731764 0.0776586 0.0566612 0.494858\n-0.140731 -0.693683 -0.0132897 -0.529758 -0.144254 -0.835791 0.845281 -0.00883131 -0.534249 0.0696866 -0.989501 0.126614 0.483923 0.0468838 0.0732761\n-0.0334299 -0.69628 0.433533 0.295725 -0.948924 -0.109957 0.948924 0.278558 0.148153 -0.109957 -0.148153 0.982833 0.0772687 0.0614333 0.473684\n-0.257063 -0.693948 0.253035 0.965675 0.126947 -0.226621 0.258125 -0.371403 0.89187 0.0290522 -0.919752 -0.391422 0.485108 0.0612323 0.0746207\n0.219369 -0.694365 0.286191 0.141316 0.989793 0.018424 -0.375567 0.0363829 0.926081 0.915958 -0.137789 0.376875 0.0767662 0.0378569 0.506884\n-0.0673193 -0.761817 0.663997 0.776395 0.0456531 -0.62859 -0.0328613 0.998949 0.0319632 0.629389 -0.00415974 0.777079 0.0772092 0.0606809 0.0565931\n0.440763 -0.761847 0.39755 0.951076 0.00333984 -0.308938 0.0117702 0.998824 0.0470329 0.308732 -0.0483681 0.949918 0.0576677 0.0606349 0.0750093\n0.294651 -0.761842 -0.172599 0.891045 -0.00431196 -0.453895 -0.0176381 0.998871 -0.0441145 0.453573 0.0473138 0.889962 0.0570964 0.0606638 0.0761365\n-0.281679 -0.761747 -0.203302 -0.997768 -0.0415436 -0.0522888 -0.0414817 0.999137 -0.002269 0.0523379 -9.49089e-05 -0.998629 0.0763564 0.0607003 0.0553481\n-0.484035 -0.761837 0.315209 0.406302 0.0489448 -0.912427 -0.0177481 0.998799 0.0456748 0.913566 -0.00236385 0.406683 0.0748371 0.0605955 0.057585\n0.0392263 0.24351 -0.31989 -0.994061 -0.00587255 -0.108668 -0.104484 0.330738 0.937921 0.0304325 0.943704 -0.329387 0.66649 0.227952 1.1133\n-0.0087785 -0.588236 0.193167 1 0 0 0 1 0 0 0 1 0.082681 0.29066 0.076539\nC 37\n0 16\n0 3\n0 4\n0 5\n0 1\n0 2\n1 3\n1 16\n1 4\n2 5\n2 16\n2 3\n3 16\n3 5\n3 4\n4 16\n5 16\n6 9\n6 17\n6 7\n6 10\n6 8\n6 13\n7 10\n7 14\n7 8\n7 9\n7 17\n8 9\n8 10\n8 11\n8 17\n9 15\n9 17\n9 10\n10 17\n10 12\nS 4\n2\n1 -0.44482 -0.0538513 -0.0292002\n2 0.454159 -0.0540316 0.0667683\n2\n0.00466929 -0.0539414 0.0187841\n0.99435 -0.000199346 0.10615\n2\n4 -0.281987 0.207188 -0.384431\n5 0.378127 0.19391 -0.299506\n2\n0.0480698 0.200549 -0.341969\n0.991628 -0.0199453 0.127575\n5\n8 -0.0334299 -0.69628 0.433533\n10 0.219369 -0.694365 0.286191\n6 0.153748 -0.69722 0.017602\n7 -0.140731 -0.693683 -0.0132897\n9 -0.257063 -0.693948 0.253035\n3\n-0.0116215 -0.695099 0.195414\n0.0126364 0.999722 -0.0199011\n5\n14 -0.281679 -0.761747 -0.203302\n15 -0.484035 -0.761837 0.315209\n11 -0.0673193 -0.761817 0.663997\n12 0.440763 -0.761847 0.39755\n13 0.294651 -0.761842 -0.172599\n3\n-0.0195239 -0.761818 0.200171\n5.29342e-05 1 4.54438e-05\nL 18\n0\n3\n3\n1\n0\n0\n2\n2\n2\n2\n2\n2\n2\n2\n2\n2\n0\n2"
}