{
    "boxes": [
        [
            0.07753150165081024,
            -0.12057200074195862,
            0.02230379916727543,
            0.07357650250196457,
            0.6590149998664856,
            0.7513920068740845,
            0.00021890200150664896,
            0.9999769926071167,
            -0.006788560189306736,
            7.430219852722075e-07,
            0.006788560189306736,
            0.9999769926071167
        ],
        [
            -0.1335510015487671,
            0.17833900451660156,
            0.2715409994125366,
            0.025815000757575035,
            0.8533400297164917,
            0.5564650297164917,
            0.0,
            1.0,
            0.0,
            0.0,
            0.0,
            1.0
        ],
        [
            -0.3332720100879669,
            -0.010790600441396236,
            0.16628800332546234,
            0.3194139897823334,
            0.058209799230098724,
            0.11081500351428986,
            -0.31087300181388855,
            0.8507260084152222,
            0.42381900548934937,
            0.06468769907951355,
            -0.42594200372695923,
            0.9024350047111511
        ],
        [
            -0.33937498927116394,
            0.030721599236130714,
            -0.25224998593330383,
            0.28319600224494934,
            0.05357220023870468,
            0.07000800222158432,
            -0.15230800211429596,
            0.892632007598877,
            0.4242750108242035,
            0.03587950021028519,
            -0.42400699853897095,
            0.9049479961395264
        ],
        [
            -0.3471660017967224,
            0.14520899951457977,
            0.017771000042557716,
            0.04086599871516228,
            0.4216260015964508,
            0.03150099888443947,
            0.0,
            1.0,
            0.0,
            0.0,
            0.0,
            1.0
        ],
        [
            -0.30492401123046875,
            -0.46185600757598877,
            -0.3771649897098541,
            0.6344940066337585,
            0.04514729976654053,
            0.026590600609779358,
            -0.002224870026111603,
            0.9811679720878601,
            0.19314299523830414,
            -0.09020829945802689,
            -0.19255299866199493,
            0.9771310091018677
        ],
        [
            -0.25292301177978516,
            -0.44573700428009033,
            0.26175299286842346,
            0.669314980506897,
            0.056446898728609085,
            0.02477489970624447,
            -0.0007920219795778394,
            0.977325975894928,
            -0.2117380052804947,
            0.0038344499189406633,
            0.21174000203609467,
            0.9773190021514893
        ],
        [
            0.07302399724721909,
            0.2273699939250946,
            -0.3475080132484436,
            0.4713999927043915,
            0.19518700242042542,
            0.83120197057724,
            3.6706400141639506e-09,
            0.8227599859237671,
            -0.5683889985084534,
            6.997169954559013e-09,
            0.5683889985084534,
            0.8227599859237671
        ],
        [
            -0.2954069972038269,
            -0.085487000644207,
            -0.2990669906139374,
            0.18992799520492554,
            0.05150330066680908,
            0.04504549875855446,
            -0.007928539998829365,
            0.9850289821624756,
            0.17220699787139893,
            -0.014953900128602982,
            -0.1723099946975708,
            0.9849290251731873
        ]
    ],
    "ops": [
        [
            0,
            0,
            0,
            1,
            0,
            0,
            1,
            1,
            1,
            0,
            0,
            1,
            2,
            1,
            0,
            0,
            2,
            1,
            1
        ]
    ],
    "syms": [
        [
            0.0,
            0.9999849796295166,
            0.0053422399796545506,
            0.0014709000242874026,
            0.07783199846744537,
            -0.4598110020160675,
            -0.3766019940376282,
            0.0
        ],
        [
            0.0,
            0.9999740123748779,
            0.004758629947900772,
            0.005411250051110983,
            0.08024369925260544,
            -0.08369939774274826,
            -0.29703399538993835,
            0.0
        ]
    ],
    "labels:": [
        [
            1,
            3,
            3,
            3,
            3,
            2,
            2,
            0,
            0
        ]
    ],
    "obj": 44977,
    "mat_index": 5970,
    "obbs": "N 12\n0.073024 0.22737 -0.347508 1 -6.99717e-09 -3.67064e-09 6.99717e-09 0.568389 0.82276 -3.67064e-09 -0.82276 0.568389 0.831202 0.195187 0.4714\n0.0775315 -0.120572 0.0223038 1 -0.000218902 7.43022e-07 0.000218902 0.999977 -0.00678856 7.43022e-07 0.00678856 0.999977 0.751392 0.0735765 0.659015\n-0.133551 0.178339 0.271541 1 0 0 0 1 0 0 0 1 0.556465 0.025815 0.85334\n-0.333272 -0.0107906 0.166288 0.948248 0.307958 0.077382 0.0646877 -0.425942 0.902435 0.310873 -0.850726 -0.423819 0.110815 0.0582098 0.319414\n-0.339375 0.0307216 -0.25225 0.987682 0.153054 0.0325525 0.0358795 -0.424007 0.904948 0.152308 -0.892632 -0.424275 0.070008 0.0535722 0.283196\n-0.347166 0.145209 0.017771 1 0 0 0 1 0 0 0 1 0.031501 0.040866 0.421626\n0.455894 -0.0819118 -0.295001 0.00669597 -0.982031 -0.188602 0.999746 0.0106332 -0.0198717 0.0215201 -0.188421 0.981852 0.181701 0.0385109 0.0557262\n-0.295407 -0.085487 -0.299067 0.00792854 -0.985029 -0.172207 0.999857 0.00523388 0.0160962 -0.0149539 -0.17231 0.984929 0.189928 0.0450455 0.0515033\n-0.304924 -0.461856 -0.377165 0.0902083 0.192553 -0.977131 0.99592 -0.0152491 0.0889379 0.00222487 -0.981168 -0.193143 0.0451473 0.0265906 0.634494\n0.460588 -0.457766 -0.376039 -0.00899038 -0.976308 -0.216198 0.988532 0.023915 -0.149103 0.15074 -0.215059 0.964897 0.643473 0.0332963 0.0559001\n0.410255 -0.451051 0.258318 -9.6466e-05 0.981063 -0.193689 0.999262 -0.00734374 -0.0376948 -0.0384034 -0.19355 -0.980339 0.659792 0.0248155 0.0586114\n-0.252923 -0.445737 0.261753 -0.000792022 0.977326 -0.211738 0.999992 -3.78417e-05 -0.00391521 -0.00383445 -0.21174 -0.977319 0.669315 0.0247749 0.0564469\nC 29\n0 2\n0 7\n0 4\n0 5\n0 8\n0 1\n0 6\n0 9\n1 3\n1 6\n1 11\n1 5\n1 10\n1 4\n1 9\n1 8\n1 7\n2 5\n2 3\n2 7\n2 4\n3 11\n3 5\n4 7\n4 8\n4 5\n5 7\n6 9\n7 8\nS 3\n2\n6 0.455894 -0.0819118 -0.295001\n7 -0.295407 -0.085487 -0.299067\n2\n0.0802437 -0.0836994 -0.297034\n-0.999974 -0.00475863 -0.00541125\n2\n8 -0.304924 -0.461856 -0.377165\n9 0.460588 -0.457766 -0.376039\n2\n0.077832 -0.459811 -0.376602\n0.999985 0.00534224 0.0014709\n2\n10 0.410255 -0.451051 0.258318\n11 -0.252923 -0.445737 0.261753\n2\n0.0786658 -0.448394 0.260035\n-0.999954 0.00801284 0.00517913\nL 12\n0\n1\n3\n3\n3\n3\n0\n0\n2\n2\n2\n2"
}