{
    "boxes": [
        [
            -0.007681999821215868,
            -0.1559929996728897,
            0.22350400686264038,
            0.22424599528312683,
            0.9661880135536194,
            0.8849920034408569,
            0.0,
            1.0,
            0.0,
            0.0,
            0.0,
            1.0
        ],
        [
            -0.48965999484062195,
            0.03878619894385338,
            0.1313129961490631,
            0.3346010148525238,
            0.8922250270843506,
            0.09812500327825546,
            -0.011481299996376038,
            0.9499620199203491,
            0.31215500831604004,
            0.0002572679950390011,
            -0.3121730089187622,
            0.9500250220298767
        ],
        [
            0.0051499600522220135,
            -0.33510100841522217,
            -0.2656620144844055,
            0.8148689866065979,
            0.17872799932956696,
            0.8848569989204407,
            -0.03572610020637512,
            0.9893730282783508,
            0.1409430056810379,
            -0.030980000272393227,
            -0.1420619934797287,
            0.9893730282783508
        ],
        [
            0.3883489966392517,
            -0.4882279932498932,
            -0.30500099062919617,
            0.546612024307251,
            0.09156720340251923,
            0.09140399843454361,
            -0.017582500353455544,
            0.9339119791984558,
            0.35707199573516846,
            -0.630640983581543,
            -0.28748801350593567,
            0.7208629846572876
        ],
        [
            0.00024500000290572643,
            -0.3389829993247986,
            -0.25624799728393555,
            0.05543920025229454,
            0.017456000670790672,
            0.7873319983482361,
            -0.0,
            0.9325929880142212,
            0.360929012298584,
            0.0,
            -0.360929012298584,
            0.9325929880142212
        ],
        [
            -0.37948599457740784,
            -0.48012998700141907,
            0.4973430037498474,
            0.5200539827346802,
            0.10978200286626816,
            0.06943599879741669,
            0.0,
            1.0,
            0.0,
            0.0,
            0.0,
            1.0
        ],
        [
            -0.006203429773449898,
            0.24830499291419983,
            -0.25488701462745667,
            1.0269099473953247,
            0.24615800380706787,
            0.8695380091667175,
            -0.0021913000382483006,
            0.9917439818382263,
            -0.12821200489997864,
            -0.0024928099010139704,
            0.12820599973201752,
            0.9917439818382263
        ]
    ],
    "ops": [
        [
            0,
            0,
            2,
            1,
            0,
            0,
            1,
            0,
            2,
            0,
            2,
            1,
            1,
            1,
            0,
            1
        ]
    ],
    "syms": [
        [
            0.0,
            0.9964309930801392,
            0.009564969688653946,
            0.08386439830064774,
            -0.00690098013728857,
            0.043420299887657166,
            0.1719440072774887,
            0.0
        ],
        [
            0.0,
            -0.0,
            0.00967083964496851,
            0.9999529719352722,
            0.00024500000290572643,
            -0.335332989692688,
            0.12121199816465378,
            0.0
        ],
        [
            0.0,
            1.0,
            0.0,
            0.0,
            0.002085499931126833,
            -0.48012998700141907,
            0.4973430037498474,
            0.0
        ]
    ],
    "labels:": [
        [
            1,
            3,
            2,
            2,
            2,
            2,
            0
        ]
    ],
    "obj": 45034,
    "mat_index": 5994,
    "obbs": "N 10\n-0.00620343 0.248305 -0.254887 0.999994 0.00249281 0.0021913 -0.00249281 0.128206 0.991744 0.0021913 -0.991744 0.128212 0.869538 0.246158 1.02691\n0.000245 -0.331682 0.498672 1 0 0 -0 0.135706 0.990749 0 -0.990749 0.135706 0.787332 0.0173425 0.0520269\n0.000245 -0.338983 -0.256248 1 0 0 0 -0.360929 0.932593 0 -0.932593 -0.360929 0.787332 0.017456 0.0554392\n0.475858 0.0480544 0.212575 -0.0114572 -0.934716 -0.355212 0.999934 -0.0109875 -0.00333949 -0.000781421 -0.355227 0.93478 0.335768 0.0981241 0.887266\n-0.48966 0.0387862 0.131313 0.0114813 -0.949962 -0.312155 0.999934 0.0109878 0.00333975 0.000257268 -0.312173 0.950025 0.334601 0.098125 0.892225\n-0.007682 -0.155993 0.223504 1 0 0 0 1 0 0 0 1 0.884992 0.224246 0.966188\n0.00514996 -0.335101 -0.265662 0.998881 0.03098 0.0357261 -0.03098 -0.142062 0.989373 0.0357261 -0.989373 -0.140943 0.884857 0.178728 0.814869\n-0.379486 -0.48013 0.497343 1 0 0 0 1 0 0 0 1 0.069436 0.520054 0.109782\n0.388349 -0.488228 -0.305001 -0.775876 0.212509 -0.594017 -0.630641 -0.287488 0.720863 -0.0175825 0.933912 0.357072 0.091404 0.0915672 0.546612\n0.383657 -0.48013 0.497343 1 0 0 0 1 0 0 0 1 0.069616 0.520054 0.109782\nC 26\n0 3\n0 4\n0 5\n0 8\n0 6\n0 2\n1 3\n1 5\n1 4\n1 9\n1 7\n2 8\n2 5\n2 6\n3 6\n3 9\n3 5\n3 8\n4 7\n4 5\n4 6\n5 9\n5 6\n5 8\n5 7\n6 8\nS 3\n2\n1 0.000245 -0.331682 0.498672\n2 0.000245 -0.338983 -0.256248\n2\n0.000245 -0.335333 0.121212\n0 -0.00967084 -0.999953\n2\n3 0.475858 0.0480544 0.212575\n4 -0.48966 0.0387862 0.131313\n2\n-0.00690098 0.0434203 0.171944\n-0.996431 -0.00956497 -0.0838644\n2\n7 -0.379486 -0.48013 0.497343\n9 0.383657 -0.48013 0.497343\n2\n0.0020855 -0.48013 0.497343\n1 0 0\nL 10\n0\n2\n2\n3\n3\n1\n2\n2\n2\n2"
}