{
    "boxes": [
        [
            0.016440000385046005,
            -0.02532150037586689,
            0.07317350059747696,
            0.4379209876060486,
            0.8740350008010864,
            1.5807000398635864,
            0.0,
            1.0,
            0.0,
            0.0,
            0.0,
            1.0
        ],
        [
            -0.7702670097351074,
            0.17528900504112244,
            0.0722488984465599,
            0.4680880010128021,
            0.8633649945259094,
            0.3071329891681671,
            0.12161999940872192,
            0.9925259947776794,
            0.010038300417363644,
            -0.010038300417363644,
            -0.008882890455424786,
            0.9999099969863892
        ],
        [
            -0.7611730098724365,
            -0.3137199878692627,
            0.4663339853286743,
            0.21561600267887115,
            0.04020540043711662,
            0.0803385004401207,
            0.6293230056762695,
            0.7771440148353577,
            4.4360200490700663e-07,
            3.585380000004079e-06,
            -3.474219965937664e-06,
            1.0
        ],
        [
            -0.7611730098724365,
            -0.3137199878692627,
            -0.3205310106277466,
            0.21561600267887115,
            0.04020540043711662,
            0.0803385004401207,
            0.6293230056762695,
            0.7771440148353577,
            4.4360200490700663e-07,
            3.585380000004079e-06,
            -3.474219965937664e-06,
            1.0
        ],
        [
            0.009916000068187714,
            0.23947399854660034,
            -0.19729800522327423,
            0.537693977355957,
            0.31825700402259827,
            1.536910057067871,
            0.0,
            1.0,
            0.0,
            0.0,
            0.0,
            1.0
        ]
    ],
    "ops": [
        [
            0,
            0,
            2,
            1,
            0,
            0,
            1,
            2,
            1,
            0,
            1
        ]
    ],
    "syms": [
        [
            0.0,
            0.9999570250511169,
            0.009264780208468437,
            0.0006174009758979082,
            -0.017907999455928802,
            0.18226000666618347,
            0.07271350175142288,
            0.0
        ],
        [
            0.0,
            1.0,
            -3.821899952072272e-08,
            0.0001807670050766319,
            -0.0004905569949187338,
            -0.3137199878692627,
            0.46647199988365173,
            0.0
        ]
    ],
    "labels:": [
        [
            1,
            3,
            2,
            2,
            0
        ]
    ],
    "obj": 1287,
    "mat_index": 6,
    "obbs": "N 8\n0.009916 0.239474 -0.197298 1 0 0 0 1 0 0 0 1 1.53691 0.537694 0.318257\n0.734451 0.18923 0.073178 1 0 0 0 1 0 0 0 1 0.375575 0.416055 0.85921\n-0.770267 0.175289 0.0722489 -0.12162 -0.992526 -0.0100383 0.992526 -0.12171 0.00888289 -0.0100383 -0.00888289 0.99991 0.468088 0.307133 0.863365\n0.01644 -0.0253215 0.0731735 1 0 0 0 1 0 0 0 1 1.5807 0.437921 0.874035\n0.760192 -0.31372 0.466609 -0.62932 0.777146 -7.4095e-17 -3.9194e-16 -2.22045e-16 1 0.777146 0.62932 4.44332e-16 0.215616 0.040205 0.0803382\n0.760192 -0.31372 -0.320255 -0.62932 0.777146 -1.72561e-16 0 2.22045e-16 1 0.777146 0.62932 -1.39737e-16 0.215616 0.040205 0.0803382\n-0.761173 -0.31372 -0.320531 0.629323 0.777144 4.43602e-07 3.58538e-06 -3.47422e-06 1 0.777144 -0.629323 -4.97276e-06 0.215616 0.0402054 0.0803385\n-0.761173 -0.31372 0.466334 -0.777144 0.629323 4.97276e-06 3.58538e-06 -3.47422e-06 1 0.629323 0.777144 4.43602e-07 0.0803385 0.0402054 0.215616\nC 15\n0 1\n0 6\n0 5\n0 3\n0 2\n1 3\n1 4\n1 5\n2 7\n2 6\n2 3\n3 6\n3 7\n3 4\n3 5\nS 3\n2\n1 0.734451 0.18923 0.073178\n2 -0.770267 0.175289 0.0722489\n2\n-0.017908 0.18226 0.0727135\n-0.999957 -0.00926478 -0.000617401\n2\n4 0.760192 -0.31372 0.466609\n7 -0.761173 -0.31372 0.466334\n2\n-0.000490557 -0.31372 0.466472\n-1 3.8219e-08 -0.000180767\n2\n5 0.760192 -0.31372 -0.320255\n6 -0.761173 -0.31372 -0.320531\n2\n-0.000490557 -0.31372 -0.320393\n-1 3.8219e-08 -0.000180767\nL 8\n0\n3\n3\n1\n2\n2\n2\n2"
}