{
    "boxes": [
        [
            -0.020928900688886642,
            -0.16801300644874573,
            0.16287900507450104,
            0.10867399722337723,
            0.7718260288238525,
            0.7557269930839539,
            -0.005286240018904209,
            0.995756983757019,
            -0.0918717011809349,
            -0.00024334399495273829,
            0.0918717011809349,
            0.9957709908485413
        ],
        [
            -0.3879829943180084,
            -0.04496299847960472,
            0.14573100209236145,
            0.31912198662757874,
            0.7768599987030029,
            0.025558000430464745,
            0.0,
            1.0,
            0.0,
            0.0,
            0.0,
            1.0
        ],
        [
            -0.3884100019931793,
            -0.46383601427078247,
            -0.2454179972410202,
            0.6073840260505676,
            0.043862998485565186,
            0.02448900043964386,
            0.0,
            1.0,
            0.0,
            0.0,
            0.0,
            1.0
        ],
        [
            -0.38840898871421814,
            -0.4785580039024353,
            0.5291759967803955,
            0.577938973903656,
            0.0359870009124279,
            0.023994000628590584,
            0.0,
            1.0,
            0.0,
            0.0,
            0.0,
            1.0
        ],
        [
            -0.02167470008134842,
            0.23506799340248108,
            -0.22320899367332458,
            0.8731769919395447,
            0.0904465988278389,
            0.7158589959144592,
            -0.00019310700008645654,
            0.9980549812316895,
            -0.06233289837837219,
            -0.00020554399816319346,
            0.06233289837837219,
            0.9980549812316895
        ]
    ],
    "ops": [
        [
            0,
            0,
            2,
            1,
            0,
            0,
            1,
            2,
            1,
            0,
            1
        ]
    ],
    "syms": [
        [
            0.0,
            0.999970018863678,
            -0.00015112600522115827,
            0.007752370089292526,
            -0.021693000569939613,
            -0.04501840099692345,
            0.14857099950313568,
            0.0
        ],
        [
            0.0,
            0.9999759793281555,
            -0.006886240094900131,
            -0.0009324339916929603,
            -0.021637199446558952,
            -0.46636199951171875,
            -0.2457599937915802,
            0.0
        ]
    ],
    "labels:": [
        [
            1,
            3,
            2,
            2,
            0
        ]
    ],
    "obj": 45052,
    "mat_index": 6003,
    "obbs": "N 8\n-0.0216747 0.235068 -0.223209 -0.000193107 0.998055 -0.0623329 -0.000205544 0.0623329 0.998055 1 0.000205544 0.000193107 0.873177 0.0904466 0.715859\n0.344597 -0.0450737 0.15141 -0.0028282 -0.998706 -0.0507774 0.999995 -0.00275272 -0.00155626 0.00141447 -0.0507816 0.998709 0.317814 0.0276441 0.785639\n-0.387983 -0.044963 0.145731 1 0 0 0 1 0 0 0 1 0.025558 0.319122 0.77686\n-0.0209289 -0.168013 0.162879 0.999986 0.00528624 -0.000243344 -0.00528624 0.995757 -0.0918717 -0.000243344 0.0918717 0.995771 0.755727 0.108674 0.771826\n-0.38841 -0.463836 -0.245418 1 0 0 0 1 0 0 0 1 0.024489 0.607384 0.043863\n0.345136 -0.468888 -0.246102 1 0 0 0 1 0 0 0 1 0.024676 0.597283 0.042491\n0.345228 -0.485954 0.529737 1 0 0 0 1 0 0 0 1 0.023994 0.563151 0.034792\n-0.388409 -0.478558 0.529176 1 0 0 0 1 0 0 0 1 0.023994 0.577939 0.035987\nC 15\n0 1\n0 5\n0 4\n0 3\n0 2\n1 3\n1 5\n1 6\n2 7\n2 4\n2 3\n3 6\n3 7\n3 4\n3 5\nS 3\n2\n1 0.344597 -0.0450737 0.15141\n2 -0.387983 -0.044963 0.145731\n2\n-0.021693 -0.0450184 0.148571\n-0.99997 0.000151126 -0.00775237\n2\n4 -0.38841 -0.463836 -0.245418\n5 0.345136 -0.468888 -0.246102\n2\n-0.0216372 -0.466362 -0.24576\n0.999976 -0.00688624 -0.000932434\n2\n6 0.345228 -0.485954 0.529737\n7 -0.388409 -0.478558 0.529176\n2\n-0.0215905 -0.482256 0.529456\n-0.999949 0.0100794 -0.000765326\nL 8\n0\n3\n3\n1\n2\n2\n2\n2"
}