{
    "boxes": [
        [
            0.018594199791550636,
            -0.05899609997868538,
            0.16964100301265717,
            0.1095850020647049,
            0.664696991443634,
            0.6993370056152344,
            -0.0005852970061823726,
            0.9950249791145325,
            -0.09962069988250732,
            -2.922649946413003e-05,
            0.09962069988250732,
            0.9950249791145325
        ],
        [
            -0.3809489905834198,
            -0.3705340027809143,
            0.4646979868412018,
            0.7697160243988037,
            0.046428099274635315,
            0.1441739946603775,
            0.29179999232292175,
            0.9514740109443665,
            -0.09772689640522003,
            0.03780369833111763,
            0.09062109887599945,
            0.9951679706573486
        ],
        [
            -0.3927690088748932,
            -0.38029199838638306,
            -0.15300999581813812,
            0.7317270040512085,
            0.03740189969539642,
            0.13324500620365143,
            0.3430599868297577,
            0.9168090224266052,
            0.20437900722026825,
            -0.013142799958586693,
            -0.21287700533866882,
            0.9769909977912903
        ],
        [
            -0.4668090045452118,
            -0.7486060261726379,
            0.13387900590896606,
            0.05068200081586838,
            0.7218719720840454,
            0.03424299880862236,
            0.0,
            1.0,
            0.0,
            0.0,
            0.0,
            1.0
        ],
        [
            0.018786100670695305,
            0.5454949736595154,
            -0.2994369864463806,
            0.038846198469400406,
            0.08836039900779724,
            0.6981059908866882,
            0.0005048239836469293,
            0.9688569903373718,
            -0.24762099981307983,
            6.349100294755772e-05,
            0.24762099981307983,
            0.9688569903373718
        ],
        [
            -0.18716299533843994,
            -0.04903940111398697,
            -0.20461200177669525,
            0.12715700268745422,
            0.056156400591135025,
            0.038851298391819,
            -0.007123239804059267,
            0.7138569951057434,
            -0.7002549767494202,
            0.05217529833316803,
            0.6995840072631836,
            0.7126420140266418
        ],
        [
            -0.18867400288581848,
            0.3018440008163452,
            -0.259566992521286,
            0.52538001537323,
            0.04464089870452881,
            0.03106370009481907,
            0.0024325898848474026,
            0.9880319833755493,
            -0.15422700345516205,
            0.15422700345516205,
            0.15201100707054138,
            0.9762719869613647
        ]
    ],
    "ops": [
        [
            0,
            0,
            0,
            0,
            1,
            1,
            2,
            1,
            0,
            2,
            0,
            0,
            1,
            2,
            1,
            1
        ]
    ],
    "syms": [
        [
            0.0,
            0.9999589920043945,
            0.009024079889059067,
            -0.0007452690042555332,
            0.02016489952802658,
            -0.3669140040874481,
            0.4643990099430084,
            0.0
        ],
        [
            1.0,
            0.016163771972060204,
            -0.05645535886287689,
            0.18780428171157837,
            0.018847500905394554,
            0.021472500637173653,
            -0.23058100044727325,
            0.125
        ],
        [
            0.0,
            0.9998670220375061,
            -0.009986110031604767,
            0.012873699888586998,
            0.02134300023317337,
            -0.051121801137924194,
            -0.20192700624465942,
            0.0
        ]
    ],
    "labels:": [
        [
            1,
            2,
            2,
            2,
            0,
            0,
            0
        ]
    ],
    "obj": 45056,
    "mat_index": 6006,
    "obbs": "N 19\n0.0185942 -0.0589961 0.169641 1 0.000585297 -2.92265e-05 -0.000585297 0.995025 -0.0996207 -2.92265e-05 0.0996207 0.995025 0.699337 0.109585 0.664697\n0.0187861 0.545495 -0.299437 1 -0.000504824 6.3491e-05 0.000504824 0.968857 -0.247621 6.3491e-05 0.247621 0.968857 0.698106 0.0388462 0.0883604\n0.0187885 0.471861 -0.281745 1 -9.69851e-06 1.05182e-06 9.69851e-06 0.97675 -0.214383 1.05182e-06 0.214383 0.97675 0.698087 0.0387226 0.0884098\n0.0187885 0.397581 -0.266629 1 -1.38376e-05 1.19446e-06 1.38376e-05 0.985208 -0.171363 1.19446e-06 0.171363 0.985208 0.698088 0.0383453 0.0882469\n0.0187899 0.322883 -0.254116 1 0.000523656 -3.58944e-05 -0.000523656 0.990647 -0.136451 -3.58944e-05 0.136451 0.990647 0.698107 0.0385996 0.0882762\n0.0187884 0.24766 -0.244214 1 -2.58304e-05 1.32581e-06 2.58304e-05 0.994745 -0.102385 1.32581e-06 0.102385 0.994745 0.698088 0.0383354 0.088241\n0.0187879 0.172133 -0.236942 1 -0.000471396 1.71565e-05 0.000471396 0.997354 -0.0726937 1.71565e-05 0.0726937 0.997354 0.698105 0.0385894 0.088266\n0.0187882 0.0964542 -0.23231 1 -0.000495137 1.06437e-05 0.000495137 0.999076 -0.0429729 1.06437e-05 0.0429729 0.999076 0.698106 0.0390299 0.0884612\n0.0188475 0.0214725 -0.230581 1 0 0 0 1 0 0 0 1 0.698931 0.067041 0.089971\n0.229849 -0.0532042 -0.199243 -0.0191182 -0.720895 -0.69278 0.999777 -0.00756025 -0.0197231 0.00898072 -0.693003 0.720879 0.056619 0.0274316 0.114856\n-0.187163 -0.0490394 -0.204612 -0.0521753 -0.699584 -0.712642 0.998613 -0.0314597 -0.042229 0.00712324 -0.713857 0.700255 0.0561564 0.0388513 0.127157\n-0.188674 0.301844 -0.259567 -0.00243259 -0.988032 0.154227 0.988032 -0.0261608 -0.152011 0.154227 0.152011 0.976272 0.52538 0.0310637 0.0446409\n0.235742 0.302163 -0.255124 -0.00374361 0.991831 -0.127504 0.99651 0.0143325 0.0822318 0.0833875 -0.126751 -0.988423 0.526044 0.04161 0.038152\n-0.392769 -0.380292 -0.15301 0.34306 0.916809 0.204379 -0.0131428 -0.212877 0.976991 0.939222 -0.337852 -0.0609801 0.731727 0.0374019 0.133245\n-0.380949 -0.370534 0.464698 -0.955732 0.294084 0.00952601 0.0378037 0.0906211 0.995168 0.2918 0.951474 -0.0977269 0.144174 0.0464281 0.769716\n0.424913 -0.388298 -0.154616 0.947484 0.318158 0.0324123 0.0348123 -0.203355 0.978486 0.317904 -0.925971 -0.203752 0.138139 0.0405739 0.738418\n0.421278 -0.363294 0.4641 0.946189 0.323311 -0.0139907 -0.0164268 0.0911613 0.995701 0.323197 -0.941891 0.0915668 0.154847 0.0462344 0.770015\n0.506517 -0.750856 0.13476 1 0 0 0 1 0 0 0 1 0.035983 0.0501 0.712185\n-0.466809 -0.748606 0.133879 1 0 0 0 1 0 0 0 1 0.034243 0.050682 0.721872\nC 70\n0 14\n0 7\n0 16\n0 10\n0 15\n0 11\n0 12\n0 8\n0 13\n0 6\n0 9\n1 3\n1 11\n1 2\n1 4\n1 12\n2 12\n2 5\n2 3\n2 11\n2 4\n3 11\n3 6\n3 5\n3 12\n3 4\n4 7\n4 8\n4 12\n4 5\n4 11\n4 6\n5 9\n5 6\n5 8\n5 12\n5 11\n5 10\n5 7\n6 9\n6 7\n6 10\n6 15\n6 11\n6 12\n6 8\n6 13\n7 12\n7 11\n7 15\n7 10\n7 8\n7 9\n7 13\n8 13\n8 9\n8 10\n8 15\n8 11\n8 12\n9 15\n9 12\n10 11\n10 13\n11 13\n12 15\n13 18\n14 18\n15 17\n16 17\nS 6\n8\n1 0.0187861 0.545495 -0.299437\n2 0.0187885 0.471861 -0.281745\n3 0.0187885 0.397581 -0.266629\n4 0.0187899 0.322883 -0.254116\n5 0.0187884 0.24766 -0.244214\n6 0.0187879 0.172133 -0.236942\n7 0.0187882 0.0964542 -0.23231\n8 0.0188475 0.0214725 -0.230581\n1\n0 0 0\n0 0 0\n2\n9 0.229849 -0.0532042 -0.199243\n10 -0.187163 -0.0490394 -0.204612\n2\n0.021343 -0.0511218 -0.201927\n-0.999867 0.00998611 -0.0128737\n2\n11 -0.188674 0.301844 -0.259567\n12 0.235742 0.302163 -0.255124\n2\n0.0235341 0.302004 -0.257346\n0.999945 0.000752385 0.0104685\n2\n13 -0.392769 -0.380292 -0.15301\n15 0.424913 -0.388298 -0.154616\n2\n0.016072 -0.384295 -0.153813\n0.99995 -0.0097901 -0.00196378\n2\n14 -0.380949 -0.370534 0.464698\n16 0.421278 -0.363294 0.4641\n2\n0.0201649 -0.366914 0.464399\n0.999959 0.00902408 -0.000745269\n2\n17 0.506517 -0.750856 0.13476\n18 -0.466809 -0.748606 0.133879\n2\n0.0198545 -0.749731 0.134319\n-0.999997 0.00231165 -0.000904627\nL 19\n1\n0\n0\n0\n0\n0\n0\n0\n0\n0\n0\n0\n0\n2\n2\n2\n2\n2\n2"
}