{
    "boxes": [
        [
            -0.013671799562871456,
            -0.03312639892101288,
            0.12440299987792969,
            0.19495999813079834,
            0.8247349858283997,
            0.6458740234375,
            0.0019263699650764465,
            0.9995560050010681,
            0.029743900522589684,
            -2.865530041162856e-05,
            -0.029743900522589684,
            0.9995579719543457
        ],
        [
            0.2868089973926544,
            -0.4368000030517578,
            -0.2597090005874634,
            0.6729990243911743,
            0.10758200287818909,
            0.10004100203514099,
            0.0,
            1.0,
            0.0,
            0.0,
            0.0,
            1.0
        ],
        [
            -0.30876100063323975,
            -0.43770599365234375,
            0.5067899823188782,
            0.6770039796829224,
            0.09924650192260742,
            0.1007630005478859,
            0.04768899828195572,
            0.9979550242424011,
            -0.042552798986434937,
            0.26343101263046265,
            0.02852730080485344,
            0.9642559885978699
        ],
        [
            -0.2961120009422302,
            0.42757999897003174,
            -0.2608039975166321,
            0.787136971950531,
            0.08846980333328247,
            0.13509200513362885,
            -0.07154099643230438,
            0.9969329833984375,
            -0.0317113995552063,
            -0.07365740090608597,
            0.02642570063471794,
            0.9969329833984375
        ],
        [
            -0.012550000101327896,
            0.13345499336719513,
            -0.25301501154899597,
            0.12723499536514282,
            0.07159770280122757,
            0.4951710104942322,
            -0.0005147359916009009,
            0.999642014503479,
            -0.02676299959421158,
            -0.0005287009989842772,
            0.026762699708342552,
            0.999642014503479
        ],
        [
            -0.01345400046557188,
            0.3981029987335205,
            -0.26245200634002686,
            0.4388140141963959,
            0.08807499706745148,
            0.07930199801921844,
            0.0,
            1.0,
            0.0,
            0.0,
            0.0,
            1.0
        ]
    ],
    "ops": [
        [
            0,
            0,
            0,
            1,
            2,
            1,
            0,
            2,
            0,
            2,
            0,
            2,
            1,
            1,
            1
        ]
    ],
    "syms": [
        [
            0.0,
            0.9998679757118225,
            -0.0077956002205610275,
            -0.01425820030272007,
            -0.011171800084412098,
            -0.43447598814964294,
            -0.2554599940776825,
            0.0
        ],
        [
            0.0,
            0.9999920129776001,
            -0.003884280100464821,
            -0.0006848499760963023,
            -0.011235900223255157,
            0.426474004983902,
            -0.26100000739097595,
            0.0
        ],
        [
            0.0,
            -0.004513009916990995,
            0.9995790123939514,
            -0.028653599321842194,
            -0.013729999773204327,
            0.3948119878768921,
            -0.2605069875717163,
            0.0
        ],
        [
            1.0,
            -0.1535431444644928,
            0.1972465068101883,
            -0.1272684931755066,
            -0.11352699995040894,
            0.39276498556137085,
            -0.25849300622940063,
            0.3333333432674408
        ]
    ],
    "labels:": [
        [
            1,
            2,
            2,
            0,
            0,
            0
        ]
    ],
    "obj": 45096,
    "mat_index": 6016,
    "obbs": "N 12\n-0.01255 0.133455 -0.253015 1 0.000528701 0.000514736 -0.000528701 0.0267627 0.999642 0.000514736 -0.999642 0.026763 0.495171 0.0715977 0.127235\n-0.01491 0.65617 -0.267999 1 0 0 0 1 0 0 0 1 0.52397 0.118735 0.082806\n-0.0136718 -0.0331264 0.124403 0.999998 -0.00192637 -2.86553e-05 0.00192637 0.999556 0.0297439 -2.86553e-05 -0.0297439 0.999558 0.645874 0.19496 0.824735\n0.0800323 0.391037 -0.262449 -0.0175927 -0.0176255 -0.99969 0.999843 0.00170686 -0.0176255 0.00201699 -0.999843 0.0175927 0.0795776 0.0590569 0.454227\n-0.013454 0.398103 -0.262452 1 0 0 0 1 0 0 0 1 0.079302 0.438814 0.088075\n-0.113527 0.392765 -0.258493 0.000161762 -0.999345 0.0361907 0.999345 -0.00114822 -0.0361728 0.0361907 0.0361728 0.99869 0.457227 0.0741183 0.0791209\n-0.309153 -0.432153 -0.251211 1 0 0 0 1 0 0 0 1 0.109426 0.682292 0.124561\n0.286809 -0.4368 -0.259709 1 0 0 0 1 0 0 0 1 0.100041 0.672999 0.107582\n0.285318 -0.435747 0.511058 -0.036509 0.998814 -0.0322183 -0.351929 0.017324 0.935866 0.935314 0.0455061 0.350879 0.679286 0.101989 0.100328\n-0.308761 -0.437706 0.50679 0.047689 0.997955 -0.0425528 0.263431 0.0285273 0.964256 0.963499 -0.0571941 -0.261532 0.677004 0.0992465 0.100763\n0.27364 0.425367 -0.261195 0.0240693 0.999542 -0.0183515 -0.188075 0.0225565 0.981896 0.98186 -0.0201821 0.188532 0.786653 0.107062 0.11774\n-0.296112 0.42758 -0.260804 -0.071541 0.996933 -0.0317114 -0.0736574 0.0264257 0.996933 0.994714 0.0736574 0.071541 0.787137 0.0884698 0.135092\nC 31\n0 2\n0 7\n0 10\n0 3\n0 11\n0 4\n0 5\n0 6\n1 3\n1 11\n1 5\n1 10\n1 4\n2 8\n2 5\n2 9\n2 6\n2 10\n2 3\n2 7\n2 11\n2 4\n3 10\n3 5\n3 4\n4 10\n4 5\n4 11\n5 11\n6 11\n7 10\nS 5\n2\n0 -0.01255 0.133455 -0.253015\n1 -0.01491 0.65617 -0.267999\n2\n-0.01373 0.394812 -0.260507\n-0.00451301 0.999579 -0.0286536\n3\n3 0.0800323 0.391037 -0.262449\n4 -0.013454 0.398103 -0.262452\n5 -0.113527 0.392765 -0.258493\n1\n0 0 0\n0 0 0\n2\n6 -0.309153 -0.432153 -0.251211\n7 0.286809 -0.4368 -0.259709\n2\n-0.0111718 -0.434476 -0.25546\n0.999868 -0.0077956 -0.0142582\n2\n8 0.285318 -0.435747 0.511058\n9 -0.308761 -0.437706 0.50679\n2\n-0.0117214 -0.436726 0.508924\n-0.999969 -0.00329642 -0.00718466\n2\n10 0.27364 0.425367 -0.261195\n11 -0.296112 0.42758 -0.260804\n2\n-0.0112359 0.426474 -0.261\n-0.999992 0.00388428 0.00068485\nL 12\n0\n0\n1\n0\n0\n0\n2\n2\n2\n2\n0\n0"
}