{
    "boxes": [
        [
            -0.002993999980390072,
            0.032954998314380646,
            0.1940709948539734,
            0.15477800369262695,
            0.7690830230712891,
            0.9004319906234741,
            0.0,
            1.0,
            0.0,
            0.0,
            0.0,
            1.0
        ],
        [
            -0.26453301310539246,
            -0.4380129873752594,
            -0.20126500725746155,
            0.8475959897041321,
            0.04282740131020546,
            0.060250699520111084,
            0.2909879982471466,
            0.9126560091972351,
            0.28702598810195923,
            -0.7055649757385254,
            0.002095540054142475,
            0.7086420059204102
        ],
        [
            -0.2695620059967041,
            -0.4292609989643097,
            0.32687899470329285,
            0.8595200181007385,
            0.04281890019774437,
            0.06153019890189171,
            0.27485498785972595,
            0.9197760224342346,
            -0.28011900186538696,
            0.7324659824371338,
            -0.011571800336241722,
            0.6807050108909607
        ],
        [
            0.11092499643564224,
            -0.24085700511932373,
            -0.05197490006685257,
            0.013339400291442871,
            0.1400820016860962,
            0.2765040099620819,
            -0.49416500329971313,
            0.7152720093727112,
            0.4941529929637909,
            0.7071040272712708,
            8.906149560061749e-06,
            0.7071089744567871
        ],
        [
            -0.19978399574756622,
            -0.5112450122833252,
            -0.13489599525928497,
            0.013804400339722633,
            0.1400810033082962,
            0.5554490089416504,
            -0.45003199577331543,
            0.7713249921798706,
            -0.45003101229667664,
            -0.7071070075035095,
            -4.924530117023096e-07,
            0.7071070075035095
        ],
        [
            -0.19978399574756622,
            -0.5112450122833252,
            0.2587350010871887,
            0.013803900219500065,
            0.1400810033082962,
            0.5554490089416504,
            -0.45003199577331543,
            0.7713249921798706,
            0.45003101229667664,
            0.7071070075035095,
            6.88763009293325e-07,
            0.7071070075035095
        ],
        [
            -0.11896699666976929,
            -0.24091699719429016,
            0.17791800200939178,
            0.01342719979584217,
            0.1400810033082962,
            0.28071001172065735,
            0.48645099997520447,
            0.7257710099220276,
            -0.48643800616264343,
            0.7071040272712708,
            -9.64899027167121e-06,
            0.7071099877357483
        ],
        [
            0.03121970035135746,
            0.38815298676490784,
            -0.2566089928150177,
            0.840116024017334,
            0.2257480025291443,
            0.8693559765815735,
            0.10940299928188324,
            0.9589250087738037,
            -0.26171401143074036,
            0.006418710108846426,
            0.26260700821876526,
            0.9648810029029846
        ]
    ],
    "ops": [
        [
            0,
            0,
            0,
            1,
            0,
            0,
            1,
            0,
            0,
            1,
            1,
            1,
            2,
            1,
            0,
            1
        ]
    ],
    "syms": [
        [
            0.0,
            1.0,
            0.00042543699964880943,
            -0.0004458579933270812,
            -0.00033420100226067007,
            -0.43790000677108765,
            -0.20138299465179443,
            0.0
        ]
    ],
    "labels:": [
        [
            1,
            2,
            2,
            2,
            2,
            2,
            2,
            0
        ]
    ],
    "obj": 45153,
    "mat_index": 6025,
    "obbs": "N 14\n0.0312197 0.388153 -0.256609 -0.993977 0.107241 -0.022575 0.00641871 0.262607 0.964881 0.109403 0.958925 -0.261714 0.869356 0.225748 0.840116\n0.110925 -0.240857 -0.0519749 0.505771 0.698847 -0.505776 -0.494165 0.715272 0.494153 0.707104 8.90615e-06 0.707109 0.276504 0.0133394 0.140082\n0.193846 -0.511245 -0.134896 0.54541 -0.636441 -0.545409 0.450031 0.771325 -0.450032 0.707107 4.94631e-07 0.707107 0.55545 0.0138044 0.140081\n0.193847 -0.511245 0.258735 0.707107 -3.44592e-07 -0.707107 0.450032 0.771325 0.450031 0.545409 -0.636441 0.54541 0.140082 0.0138039 0.555449\n-0.199784 -0.511245 0.258735 0.545409 0.636441 -0.54541 -0.450032 0.771325 0.450031 0.707107 6.88763e-07 0.707107 0.555449 0.0138039 0.140081\n-0.199784 -0.511245 -0.134896 0.707107 4.92453e-07 -0.707107 -0.450032 0.771325 -0.450031 0.545409 0.636441 0.545409 0.140081 0.0138044 0.555449\n0.112843 -0.240911 0.177732 0.707104 8.9305e-06 -0.707109 -0.48713 0.72486 -0.487117 0.512551 0.688896 0.512556 0.140082 0.0134196 0.280335\n-0.118967 -0.240917 0.177918 0.513195 -0.687937 -0.5132 0.486451 0.725771 -0.486438 0.707104 -9.64899e-06 0.70711 0.28071 0.0134272 0.140081\n-0.114386 -0.240787 -0.0494972 0.707109 8.17462e-06 -0.707104 0.503386 0.702277 0.503398 0.496587 -0.711904 0.496582 0.140081 0.0132277 0.271638\n-0.002994 0.032955 0.194071 1 0 0 0 1 0 0 0 1 0.900432 0.154778 0.769083\n-0.264533 -0.438013 -0.201265 -0.646145 0.408722 -0.644549 -0.705565 0.00209554 0.708642 0.290988 0.912656 0.287026 0.0602507 0.0428274 0.847596\n0.263865 -0.437788 -0.201501 0.645616 0.402595 -0.64892 0.710292 -0.00448244 0.703893 0.280475 -0.915367 -0.288854 0.0621136 0.0428327 0.844765\n0.265957 -0.427866 0.329412 0.261809 -0.927755 0.265946 0.732458 0.011567 -0.680714 0.628459 0.373011 0.68257 0.859058 0.042819 0.0517682\n-0.269562 -0.429261 0.326879 0.274855 0.919776 -0.280119 0.732466 -0.0115718 0.680705 0.622855 -0.392273 -0.676885 0.85952 0.0428189 0.0615302\nC 71\n0 10\n0 11\n0 12\n0 8\n0 1\n0 13\n0 9\n1 3\n1 6\n1 11\n1 2\n1 5\n1 10\n1 4\n1 9\n1 12\n1 8\n1 7\n2 8\n2 12\n2 5\n2 6\n2 10\n2 3\n2 7\n2 11\n2 4\n3 11\n3 7\n3 6\n3 13\n3 5\n3 12\n3 8\n3 4\n4 7\n4 8\n4 12\n4 13\n4 10\n4 5\n4 6\n5 6\n5 13\n5 8\n5 11\n5 10\n5 7\n6 9\n6 7\n6 11\n6 12\n6 8\n6 13\n7 12\n7 10\n7 8\n7 9\n7 13\n8 13\n8 9\n8 10\n8 11\n9 11\n9 10\n9 13\n9 12\n10 11\n10 13\n11 12\n12 13\nS 6\n2\n1 0.110925 -0.240857 -0.0519749\n8 -0.114386 -0.240787 -0.0494972\n2\n-0.00173027 -0.240822 -0.050736\n-0.999939 0.000311949 0.0109964\n2\n2 0.193846 -0.511245 -0.134896\n5 -0.199784 -0.511245 -0.134896\n2\n-0.00296867 -0.511245 -0.134896\n-1 -3.86593e-07 7.82871e-08\n2\n3 0.193847 -0.511245 0.258735\n4 -0.199784 -0.511245 0.258735\n2\n-0.0029687 -0.511245 0.258735\n-1 -3.27328e-07 -1.36288e-07\n2\n6 0.112843 -0.240911 0.177732\n7 -0.118967 -0.240917 0.177918\n2\n-0.00306195 -0.240914 0.177825\n-1 -2.30491e-05 0.000804316\n2\n10 -0.264533 -0.438013 -0.201265\n11 0.263865 -0.437788 -0.201501\n2\n-0.000334201 -0.4379 -0.201383\n1 0.000425437 -0.000445858\n2\n12 0.265957 -0.427866 0.329412\n13 -0.269562 -0.429261 0.326879\n2\n-0.00180246 -0.428564 0.328145\n-0.999985 -0.00260539 -0.00472981\nL 14\n0\n2\n2\n2\n2\n2\n2\n2\n2\n1\n2\n2\n2\n2"
}