{
    "boxes": [
        [
            0.0027150700334459543,
            -0.06621529906988144,
            0.13464200496673584,
            0.25589099526405334,
            0.7873820066452026,
            0.8228390216827393,
            0.004783390089869499,
            0.9929999709129333,
            -0.11801499873399734,
            0.00028324598679319024,
            0.11801499873399734,
            0.993012011051178
        ],
        [
            -0.37204599380493164,
            -0.2736800014972687,
            0.1596989929676056,
            1.2524299621582031,
            0.24486500024795532,
            0.0818243995308876,
            -0.003569359891116619,
            0.8440750241279602,
            -0.5362139940261841,
            0.047423601150512695,
            0.5357570052146912,
            0.8430399894714355
        ],
        [
            0.008168130181729794,
            -0.3587779998779297,
            -0.2232310026884079,
            0.8983420133590698,
            0.15532000362873077,
            0.8276129961013794,
            -0.01574309915304184,
            0.9636350274085999,
            0.266757994890213,
            -0.051769599318504333,
            -0.26721900701522827,
            0.9622439742088318
        ],
        [
            -0.3796899914741516,
            -0.32714200019836426,
            -0.18775899708271027,
            0.9679530262947083,
            0.16856400668621063,
            0.06511040031909943,
            -0.005469069816172123,
            0.9599199891090393,
            0.2802189886569977,
            -0.021608799695968628,
            -0.2802709937095642,
            0.9596779942512512
        ],
        [
            0.002641000086441636,
            0.19350600242614746,
            -0.1402300000190735,
            0.8373590111732483,
            0.21059800684452057,
            0.8220580220222473,
            0.0,
            1.0,
            0.0,
            0.0,
            0.0,
            1.0
        ],
        [
            0.002599499886855483,
            0.197610005736351,
            -0.22014200687408447,
            0.8240290284156799,
            0.060346998274326324,
            0.8221409916877747,
            0.0,
            1.0,
            0.0,
            0.0,
            0.0,
            1.0
        ]
    ],
    "ops": [
        [
            0,
            0,
            2,
            0,
            0,
            1,
            1,
            1,
            0,
            0,
            1,
            1
        ]
    ],
    "syms": [
        [
            0.0,
            0.9998679757118225,
            0.003372390056028962,
            0.01587500050663948,
            0.0050952499732375145,
            -0.27240800857543945,
            0.16568699479103088,
            0.0
        ]
    ],
    "labels:": [
        [
            1,
            2,
            2,
            2,
            0,
            0
        ]
    ],
    "obj": 45225,
    "mat_index": 6028,
    "obbs": "N 7\n0.002641 0.193506 -0.14023 1 0 0 0 1 0 0 0 1 0.822058 0.837359 0.210598\n0.00271507 -0.0662153 0.134642 -0.000283246 -0.118015 -0.993012 0.00478339 0.993 -0.118015 0.999989 -0.00478339 0.000283246 0.787382 0.255891 0.822839\n0.0025995 0.19761 -0.220142 1 0 0 0 1 0 0 0 1 0.822141 0.824029 0.060347\n0.00816813 -0.358778 -0.223231 -0.0157431 0.963635 0.266758 -0.0517696 -0.267219 0.962244 0.998535 0.0013387 0.0540939 0.898342 0.15532 0.827613\n0.382236 -0.271136 0.171674 0.0394929 -0.559878 -0.827633 0.999217 0.0203311 0.033927 -0.00216829 -0.828326 0.560243 0.241089 0.0701756 1.2362\n-0.37969 -0.327142 -0.187759 0.00546907 -0.95992 -0.280219 0.999752 -0.000806667 0.0222756 -0.0216088 -0.280271 0.959678 0.967953 0.0651104 0.168564\n-0.372046 -0.27368 0.159699 -0.0474236 -0.535757 -0.84304 0.998868 -0.0224201 -0.0419414 0.00356936 -0.844075 0.536214 0.244865 0.0818244 1.25243\nC 19\n0 1\n0 6\n0 5\n0 4\n0 3\n0 2\n1 2\n1 3\n1 4\n1 5\n1 6\n2 6\n2 4\n2 3\n2 5\n3 6\n3 4\n3 5\n5 6\nS 1\n2\n4 0.382236 -0.271136 0.171674\n6 -0.372046 -0.27368 0.159699\n2\n0.00509525 -0.272408 0.165687\n-0.999868 -0.00337239 -0.015875\nL 7\n0\n1\n0\n2\n2\n2\n2"
}