{
    "boxes": [
        [
            -0.007772999815642834,
            -0.08713900297880173,
            0.1428219974040985,
            0.139505997300148,
            0.7875639796257019,
            0.8795040249824524,
            0.0,
            1.0,
            0.0,
            0.0,
            0.0,
            1.0
        ],
        [
            -0.44037801027297974,
            0.020385999232530594,
            0.30891600251197815,
            0.32902801036834717,
            0.08590099960565567,
            0.05296200141310692,
            0.0,
            1.0,
            0.0,
            0.0,
            0.0,
            1.0
        ],
        [
            -0.4261389970779419,
            0.19825799763202667,
            0.026481399312615395,
            0.07266110181808472,
            0.5807309746742249,
            0.08618739992380142,
            0.18211999535560608,
            0.9832670092582703,
            -0.004185840021818876,
            -0.10239800065755844,
            0.023199699819087982,
            0.9944729804992676
        ],
        [
            -0.35053399205207825,
            -0.3960860073566437,
            -0.251444011926651,
            0.76944500207901,
            0.12118300050497055,
            0.07104609906673431,
            0.014156999997794628,
            0.9861090183258057,
            0.16549700498580933,
            -0.06352390348911285,
            -0.16429199278354645,
            0.9843639731407166
        ],
        [
            -0.39840200543403625,
            -0.4567970037460327,
            0.4844520092010498,
            0.6273040175437927,
            0.07937700301408768,
            0.06452299654483795,
            0.0,
            1.0,
            0.0,
            0.0,
            0.0,
            1.0
        ],
        [
            -0.368835985660553,
            0.25453001260757446,
            -0.2481759935617447,
            0.6245740056037903,
            0.08953990042209625,
            0.06970959901809692,
            -0.051611900329589844,
            0.9909290075302124,
            -0.1240760013461113,
            -0.2637520134449005,
            0.10630600154399872,
            0.95871502161026
        ],
        [
            -0.008338980376720428,
            0.30914899706840515,
            -0.2825640141963959,
            0.5270839929580688,
            0.14623799920082092,
            0.6922230124473572,
            0.001946059986948967,
            0.9769030213356018,
            -0.21367700397968292,
            0.0024177199229598045,
            0.2136719971895218,
            0.9769030213356018
        ],
        [
            -0.007773499935865402,
            0.5772460103034973,
            -0.3291949927806854,
            0.03660300001502037,
            0.099481001496315,
            0.7726290225982666,
            0.0,
            1.0,
            0.0,
            0.0,
            0.0,
            1.0
        ]
    ],
    "ops": [
        [
            0,
            0,
            0,
            1,
            2,
            1,
            0,
            0,
            1,
            2,
            1,
            0,
            2,
            0,
            0,
            1,
            1,
            1
        ]
    ],
    "syms": [
        [
            0.0,
            0.9999970197677612,
            0.002527680015191436,
            0.000572138000279665,
            -0.007657169830054045,
            0.02147980034351349,
            0.30916300415992737,
            0.0
        ],
        [
            0.0,
            0.9999229907989502,
            -0.011716900393366814,
            0.004099729936569929,
            -0.005386100150644779,
            -0.4001309871673584,
            -0.2500289976596832,
            0.0
        ],
        [
            0.0,
            0.9999560117721558,
            0.0031806600745767355,
            -0.008849949575960636,
            -0.0070835500955581665,
            0.25568100810050964,
            -0.25137799978256226,
            0.0
        ]
    ],
    "labels:": [
        [
            1,
            3,
            3,
            2,
            2,
            0,
            0,
            0
        ]
    ],
    "obj": 3001,
    "mat_index": 603,
    "obbs": "N 13\n-0.00833898 0.309149 -0.282564 0.999995 -0.00241772 -0.00194606 0.00241772 0.213672 0.976903 -0.00194606 -0.976903 0.213677 0.692223 0.146238 0.527084\n-0.0077735 0.577246 -0.329195 1 0 0 0 1 0 0 0 1 0.772629 0.036603 0.099481\n-0.007773 -0.087139 0.142822 1 0 0 0 1 0 0 0 1 0.879504 0.139506 0.787564\n-0.368836 0.25453 -0.248176 0.263752 -0.106306 -0.958715 0.963209 0.0822065 0.255873 0.0516119 -0.990929 0.124076 0.0895399 0.0697096 0.624574\n0.354668 0.256831 -0.25458 -0.0614497 -0.987268 0.146715 0.905629 -0.116944 -0.407626 0.419594 0.107821 0.901285 0.619635 0.0804202 0.0957418\n0.425064 0.0225736 0.309411 0.163247 -0.0965181 -0.981853 0.98639 -0.00384327 0.164379 -0.0196391 -0.995324 0.094577 0.070276 0.0583467 0.339856\n-0.440378 0.020386 0.308916 1 0 0 0 1 0 0 0 1 0.052962 0.329028 0.085901\n0.412523 0.193952 0.0236799 0.994015 0.0305459 -0.104887 -0.0331786 0.999174 -0.0234479 0.104084 0.0267876 0.994208 0.0836702 0.0764449 0.575373\n-0.426139 0.198258 0.0264814 -0.97793 0.180685 -0.10491 0.18212 0.983267 -0.00418584 0.102398 -0.0231997 -0.994473 0.0861874 0.0726611 0.580731\n-0.350534 -0.396086 -0.251444 -0.014157 -0.986109 -0.165497 0.99788 -0.0244486 0.0603156 -0.0635239 -0.164292 0.984364 0.769445 0.0710461 0.121183\n0.339762 -0.404175 -0.248614 0.0288397 -0.987773 -0.153209 0.973325 0.0626513 -0.220711 0.227611 -0.142757 0.963231 0.755609 0.0907442 0.117887\n0.382856 -0.456797 0.484452 1 0 0 0 1 0 0 0 1 0.064524 0.627304 0.079377\n-0.398402 -0.456797 0.484452 1 0 0 0 1 0 0 0 1 0.064523 0.627304 0.079377\nC 30\n0 2\n0 7\n0 10\n0 3\n0 4\n0 8\n0 1\n0 9\n1 3\n1 4\n2 8\n2 12\n2 5\n2 9\n2 6\n2 10\n2 3\n2 7\n2 11\n2 4\n3 9\n3 8\n4 7\n4 10\n5 11\n5 7\n6 12\n6 8\n7 10\n8 9\nS 5\n2\n3 -0.368836 0.25453 -0.248176\n4 0.354668 0.256831 -0.25458\n2\n-0.00708355 0.255681 -0.251378\n0.999956 0.00318066 -0.00884995\n2\n5 0.425064 0.0225736 0.309411\n6 -0.440378 0.020386 0.308916\n2\n-0.00765717 0.0214798 0.309163\n-0.999997 -0.00252768 -0.000572138\n2\n7 0.412523 0.193952 0.0236799\n8 -0.426139 0.198258 0.0264814\n2\n-0.00680767 0.196105 0.0250807\n-0.999981 0.00513413 0.00334034\n2\n9 -0.350534 -0.396086 -0.251444\n10 0.339762 -0.404175 -0.248614\n2\n-0.0053861 -0.400131 -0.250029\n0.999923 -0.0117169 0.00409973\n2\n11 0.382856 -0.456797 0.484452\n12 -0.398402 -0.456797 0.484452\n2\n-0.00777325 -0.456797 0.484452\n-1 0 0\nL 13\n0\n0\n1\n0\n0\n3\n3\n3\n3\n2\n2\n2\n2"
}