{
    "boxes": [
        [
            0.012073099613189697,
            0.0034542600624263287,
            0.15885500609874725,
            0.1008630022406578,
            0.7176700234413147,
            0.7185090184211731,
            -0.004568910226225853,
            0.996254026889801,
            -0.08635739982128143,
            -0.00019765000615734607,
            0.08635739982128143,
            0.9962639808654785
        ],
        [
            0.011974499560892582,
            -0.7433199882507324,
            0.05177000164985657,
            0.028999000787734985,
            0.05618400126695633,
            0.7249550223350525,
            0.0,
            1.0,
            0.0,
            0.0,
            0.0,
            1.0
        ],
        [
            -0.3656669855117798,
            -0.7266420125961304,
            -0.009285359643399715,
            0.12148799747228622,
            0.7411329746246338,
            0.039882998913526535,
            0.007312130182981491,
            0.9984480142593384,
            0.055215999484062195,
            -0.003271640045568347,
            -0.055193301290273666,
            0.9984700083732605
        ],
        [
            -0.364982008934021,
            -0.7546579837799072,
            -0.2901790142059326,
            0.04613000154495239,
            0.10634099692106247,
            0.03973200172185898,
            0.0,
            1.0,
            0.0,
            0.0,
            0.0,
            1.0
        ],
        [
            -0.3650200068950653,
            -0.3332349956035614,
            -0.243026003241539,
            0.7590259909629822,
            0.08675140142440796,
            0.03342749923467636,
            0.000954461982473731,
            0.9257389903068542,
            0.3781610131263733,
            -0.02326199971139431,
            -0.3780379891395569,
            0.9254980087280273
        ],
        [
            0.011738100089132786,
            0.5102300047874451,
            -0.2527720034122467,
            0.37299999594688416,
            0.17313100397586823,
            0.7995409965515137,
            0.005148179829120636,
            0.9437429904937744,
            -0.3306390047073364,
            0.0072585102170705795,
            0.33059900999069214,
            0.9437429904937744
        ],
        [
            -0.36507299542427063,
            0.3268890082836151,
            -0.20525099337100983,
            0.6712769865989685,
            0.05795830115675926,
            0.035436000674963,
            -0.006311160046607256,
            0.9724019765853882,
            -0.23322799801826477,
            0.02526560053229332,
            0.23331299424171448,
            0.9720730185508728
        ]
    ],
    "ops": [
        [
            0,
            0,
            0,
            2,
            1,
            0,
            0,
            1,
            2,
            1,
            1,
            0,
            0,
            2,
            1,
            1
        ]
    ],
    "syms": [
        [
            0.0,
            0.9999899864196777,
            -0.003823070088401437,
            -0.002360659884288907,
            0.011338699609041214,
            -0.7280830144882202,
            -0.01017529983073473,
            0.0
        ],
        [
            0.0,
            0.9999930262565613,
            0.002753470093011856,
            0.002360869897529483,
            0.01199449971318245,
            -0.7536200284957886,
            -0.2892889976501465,
            0.0
        ],
        [
            0.0,
            0.9999809861183167,
            -0.006126409862190485,
            0.0011791499564424157,
            0.011808699928224087,
            0.32458001375198364,
            -0.20480699837207794,
            0.0
        ]
    ],
    "labels:": [
        [
            1,
            2,
            2,
            2,
            2,
            0,
            0
        ]
    ],
    "obj": 461,
    "mat_index": 6035,
    "obbs": "N 11\n0.0117381 0.51023 -0.252772 0.99996 -0.00725851 -0.00514818 0.00725851 0.330599 0.943743 -0.00514818 -0.943743 0.330639 0.799541 0.173131 0.373\n0.0120731 0.00345426 0.158855 0.99999 0.00456891 -0.00019765 -0.00456891 0.996254 -0.0863574 -0.00019765 0.0863574 0.996264 0.718509 0.100863 0.71767\n0.388691 0.322271 -0.204362 0.162567 -0.207851 -0.964557 0.986609 0.0473272 0.156085 0.0132073 -0.977015 0.212762 0.071941 0.0401112 0.680847\n-0.365073 0.326889 -0.205251 -0.0252656 -0.233313 -0.972073 0.999661 0.000242275 -0.0260408 0.00631116 -0.972402 0.233228 0.0579583 0.035436 0.671277\n0.388971 -0.752582 -0.288399 1 0 0 0 1 0 0 0 1 0.039732 0.050282 0.109901\n-0.364982 -0.754658 -0.290179 1 0 0 0 1 0 0 0 1 0.039732 0.04613 0.106341\n-0.36502 -0.333235 -0.243026 -0.000954462 -0.925739 -0.378161 0.999729 -0.00968011 0.0211737 -0.023262 -0.378038 0.925498 0.759026 0.0334275 0.0867514\n0.389136 -0.332544 -0.243544 -0.00393216 -0.93561 -0.353012 0.998708 -0.0215571 0.0460095 -0.0506569 -0.352376 0.934487 0.752074 0.0355799 0.0853538\n0.388344 -0.729524 -0.0110653 0.0102057 -0.998541 -0.0530183 0.999948 0.0101834 0.00069031 -0.000149397 -0.0530226 0.998593 0.114618 0.0390559 0.744374\n-0.365667 -0.726642 -0.00928536 -0.00731213 -0.998448 -0.055216 0.999968 -0.00748159 0.00286298 -0.00327164 -0.0551933 0.99847 0.121488 0.039883 0.741133\n0.0119745 -0.74332 0.05177 1 0 0 0 1 0 0 0 1 0.724955 0.028999 0.056184\nC 16\n0 3\n0 2\n1 2\n1 3\n1 6\n1 7\n2 7\n3 6\n4 7\n4 8\n5 9\n5 6\n6 9\n7 8\n8 10\n9 10\nS 4\n2\n2 0.388691 0.322271 -0.204362\n3 -0.365073 0.326889 -0.205251\n2\n0.0118087 0.32458 -0.204807\n-0.999981 0.00612641 -0.00117915\n2\n4 0.388971 -0.752582 -0.288399\n5 -0.364982 -0.754658 -0.290179\n2\n0.0119945 -0.75362 -0.289289\n-0.999993 -0.00275347 -0.00236087\n2\n6 -0.36502 -0.333235 -0.243026\n7 0.389136 -0.332544 -0.243544\n2\n0.0120584 -0.332889 -0.243285\n0.999999 0.000916411 -0.000687773\n2\n8 0.388344 -0.729524 -0.0110653\n9 -0.365667 -0.726642 -0.00928536\n2\n0.0113387 -0.728083 -0.0101753\n-0.99999 0.00382307 0.00236066\nL 11\n0\n1\n0\n0\n2\n2\n2\n2\n2\n2\n2"
}