{
    "boxes": [
        [
            0.3738270103931427,
            -0.13121700286865234,
            0.21389099955558777,
            0.16279800236225128,
            0.5242869853973389,
            0.6733980178833008,
            0.0,
            1.0,
            0.0,
            0.0,
            0.0,
            1.0
        ],
        [
            -0.3360599875450134,
            -0.13121700286865234,
            0.21389099955558777,
            0.16279800236225128,
            0.5242869853973389,
            0.6733980178833008,
            0.0,
            1.0,
            0.0,
            0.0,
            0.0,
            1.0
        ],
        [
            -0.6924570202827454,
            -0.036301299929618835,
            0.422107994556427,
            0.3694919943809509,
            0.09634029865264893,
            0.04811200127005577,
            -0.004336060024797916,
            0.9906089901924133,
            0.13665300607681274,
            -0.032134998589754105,
            -0.13672199845314026,
            0.9900879859924316
        ],
        [
            -0.6926959753036499,
            -0.05083150044083595,
            -0.2003750056028366,
            0.3188129961490631,
            0.11754199862480164,
            0.049306001514196396,
            0.0,
            1.0,
            0.0,
            0.0,
            0.0,
            1.0
        ],
        [
            -0.6911829710006714,
            0.13714000582695007,
            0.1189119964838028,
            0.08031360059976578,
            0.7907649874687195,
            0.07697699964046478,
            0.031062399968504906,
            0.9983739852905273,
            -0.04780450090765953,
            0.0007430660189129412,
            0.04780450090765953,
            0.9988560080528259
        ],
        [
            -0.689864993095398,
            -0.1731709986925125,
            0.11600500345230103,
            0.09758300334215164,
            0.6168509721755981,
            0.043352000415325165,
            0.0,
            1.0,
            0.0,
            0.0,
            0.0,
            1.0
        ],
        [
            -0.6927509903907776,
            -0.3899019956588745,
            -0.2007090002298355,
            0.3855170011520386,
            0.11716499924659729,
            0.04523000121116638,
            0.0,
            1.0,
            0.0,
            0.0,
            0.0,
            1.0
        ],
        [
            -0.6927549839019775,
            -0.39753100275993347,
            0.4337030053138733,
            0.37018701434135437,
            0.11614800244569778,
            0.04515000060200691,
            0.0,
            1.0,
            0.0,
            0.0,
            0.0,
            1.0
        ],
        [
            -0.33604198694229126,
            0.14597100019454956,
            -0.23298700153827667,
            0.7524870038032532,
            0.2201859951019287,
            0.6737030148506165,
            0.00037761201383545995,
            0.9317389726638794,
            -0.36313000321388245,
            0.000552445009816438,
            0.36312898993492126,
            0.9317389726638794
        ]
    ],
    "ops": [
        [
            0,
            0,
            1,
            0,
            0,
            0,
            0,
            1,
            1,
            1,
            2,
            1,
            0,
            0,
            1,
            2,
            1,
            0,
            2,
            1
        ]
    ],
    "syms": [
        [
            0.0,
            0.9999650120735168,
            -0.008398899808526039,
            -0.00034125399542972445,
            0.014654199592769146,
            -0.04224050045013428,
            0.4218670129776001,
            0.0
        ],
        [
            0.0,
            0.999970018863678,
            -0.0076887900941073895,
            -0.00029906799318268895,
            0.014426300302147865,
            -0.3953399956226349,
            -0.2009200006723404,
            0.0
        ],
        [
            0.0,
            1.0,
            -2.064629916276317e-05,
            -6.191669672261924e-05,
            0.018901800736784935,
            0.14596399664878845,
            -0.2330089956521988,
            0.0
        ]
    ],
    "labels:": [
        [
            1,
            1,
            3,
            3,
            3,
            3,
            2,
            2,
            0
        ]
    ],
    "obj": 469,
    "mat_index": 6040,
    "obbs": "N 16\n0.373845 0.145957 -0.233031 1 -0.000553648 -0.000378331 0.000553648 0.363368 0.931646 -0.000378331 -0.931646 0.363368 0.673703 0.220259 0.752492\n-0.336042 0.145971 -0.232987 1 -0.000552445 -0.000377612 0.000552445 0.363129 0.931739 -0.000377612 -0.931739 0.36313 0.673703 0.220186 0.752487\n0.723187 0.137187 0.118912 -0.000615761 -0.0476076 -0.998866 0.0258492 0.998532 -0.0476076 0.999666 -0.0258492 0.000615761 0.790758 0.0800079 0.0767462\n0.72449 -0.173171 0.116005 1 0 0 0 1 0 0 0 1 0.043352 0.097583 0.616851\n-0.691183 0.13714 0.118912 -0.000743066 -0.0478045 -0.998856 0.0310624 0.998374 -0.0478045 0.999517 -0.0310624 0.000743066 0.790765 0.0803136 0.076977\n-0.689865 -0.173171 0.116005 1 0 0 0 1 0 0 0 1 0.043352 0.097583 0.616851\n0.373827 -0.131217 0.213891 1 0 0 0 1 0 0 0 1 0.673398 0.162798 0.524287\n-0.33606 -0.131217 0.213891 1 0 0 0 1 0 0 0 1 0.673398 0.162798 0.524287\n0.721604 -0.400778 -0.201131 1 0 0 0 1 0 0 0 1 0.045229 0.363767 0.116319\n0.7216 -0.404187 0.434403 1 0 0 0 1 0 0 0 1 0.04515 0.356877 0.114749\n-0.692755 -0.397531 0.433703 1 0 0 0 1 0 0 0 1 0.04515 0.370187 0.116148\n-0.692751 -0.389902 -0.200709 1 0 0 0 1 0 0 0 1 0.04523 0.385517 0.117165\n0.721502 -0.058976 -0.200375 1 0 0 0 1 0 0 0 1 0.049439 0.337324 0.117542\n0.721766 -0.0481796 0.421625 0.00236316 -0.990645 -0.136445 0.999481 -0.00204415 0.0321519 -0.0321301 -0.13645 0.990126 0.393096 0.0476745 0.0985939\n-0.692457 -0.0363013 0.422108 0.00433606 -0.990609 -0.136653 0.999474 -9.82668e-05 0.032426 -0.032135 -0.136722 0.990088 0.369492 0.048112 0.0963403\n-0.692696 -0.0508315 -0.200375 1 0 0 0 1 0 0 0 1 0.049306 0.318813 0.117542\nC 44\n0 7\n0 3\n0 12\n0 8\n0 1\n0 6\n0 2\n1 15\n1 6\n1 11\n1 5\n1 4\n1 7\n2 12\n2 13\n2 6\n2 3\n3 6\n3 13\n3 9\n3 12\n3 8\n4 7\n4 5\n4 14\n4 15\n5 11\n5 15\n5 10\n5 7\n5 14\n6 9\n6 7\n6 12\n6 8\n6 13\n7 11\n7 15\n7 10\n7 14\n8 12\n9 13\n10 14\n11 15\nS 7\n2\n0 0.373845 0.145957 -0.233031\n1 -0.336042 0.145971 -0.232987\n2\n0.0189018 0.145964 -0.233009\n-1 2.06463e-05 6.19167e-05\n2\n2 0.723187 0.137187 0.118912\n4 -0.691183 0.13714 0.118912\n2\n0.0160018 0.137163 0.118912\n-1 -3.31441e-05 5.57855e-07\n2\n3 0.72449 -0.173171 0.116005\n5 -0.689865 -0.173171 0.116005\n2\n0.0173125 -0.173171 0.116005\n-1 0 0\n2\n8 0.721604 -0.400778 -0.201131\n11 -0.692751 -0.389902 -0.200709\n2\n0.0144263 -0.39534 -0.20092\n-0.99997 0.00768879 0.000299068\n2\n9 0.7216 -0.404187 0.434403\n10 -0.692755 -0.397531 0.433703\n2\n0.0144225 -0.400859 0.434053\n-0.999989 0.00470527 -0.000494566\n2\n12 0.721502 -0.058976 -0.200375\n15 -0.692696 -0.0508315 -0.200375\n2\n0.0144028 -0.0549038 -0.200375\n-0.999983 0.005759 0\n2\n13 0.721766 -0.0481796 0.421625\n14 -0.692457 -0.0363013 0.422108\n2\n0.0146542 -0.0422405 0.421867\n-0.999965 0.0083989 0.000341254\nL 16\n0\n0\n3\n3\n3\n3\n1\n1\n2\n2\n2\n2\n3\n3\n3\n3"
}