{
    "boxes": [
        [
            0.002480289898812771,
            -0.0785600021481514,
            0.14323100447654724,
            0.27348101139068604,
            0.7789170145988464,
            0.8228740096092224,
            -0.005169120151549578,
            0.9970859885215759,
            -0.07610870152711868,
            -0.00019699499534908682,
            0.07610870152711868,
            0.9970999956130981
        ],
        [
            0.39464500546455383,
            -0.3652679920196533,
            -0.19920499622821808,
            0.889801025390625,
            0.15078000724315643,
            0.04966270178556442,
            0.01350529957562685,
            0.9573860168457031,
            0.2884970009326935,
            0.01814259961247444,
            -0.28870999813079834,
            0.9572449922561646
        ],
        [
            -0.3777649998664856,
            -0.27175700664520264,
            0.16002200543880463,
            1.2550599575042725,
            0.2515009939670563,
            0.07006960362195969,
            -0.0010434100404381752,
            0.8459799885749817,
            -0.5332130193710327,
            0.04468600079417229,
            0.5327200293540955,
            0.8451110124588013
        ],
        [
            0.002592500066384673,
            0.23404499888420105,
            -0.1089939996600151,
            0.7562819719314575,
            0.20848500728607178,
            0.8221269845962524,
            0.0,
            1.0,
            0.0,
            0.0,
            0.0,
            1.0
        ],
        [
            0.002599499886855483,
            0.19222599267959595,
            -0.22561399638652802,
            0.8347979784011841,
            0.04940300062298775,
            0.8221409916877747,
            0.0,
            1.0,
            0.0,
            0.0,
            0.0,
            1.0
        ]
    ],
    "ops": [
        [
            0,
            0,
            0,
            1,
            2,
            1,
            0,
            0,
            1,
            1
        ]
    ],
    "syms": [
        [
            0.0,
            0.995635986328125,
            -0.0924535021185875,
            -0.012694000266492367,
            0.004500819835811853,
            -0.329039990901947,
            -0.19423000514507294,
            0.0
        ]
    ],
    "labels:": [
        [
            1,
            2,
            2,
            0,
            0
        ]
    ],
    "obj": 47111,
    "mat_index": 6043,
    "obbs": "N 7\n0.0025925 0.234045 -0.108994 1 0 0 0 1 0 0 0 1 0.822127 0.756282 0.208485\n0.00248029 -0.07856 0.143231 0.000196995 -0.0761087 -0.9971 -0.00516912 0.997086 -0.0761087 0.999987 0.00516912 -0.000196995 0.778917 0.273481 0.822874\n0.0025995 0.192226 -0.225614 1 0 0 0 1 0 0 0 1 0.822141 0.834798 0.049403\n0.394645 -0.365268 -0.199205 -0.0135053 -0.957386 -0.288497 0.999744 -0.00769375 -0.0212686 0.0181426 -0.28871 0.957245 0.889801 0.0496627 0.15078\n0.37673 -0.27386 0.164308 -0.000812286 0.842816 -0.538201 0.999953 0.00587056 0.00768404 0.00963577 -0.538169 -0.842782 1.23798 0.0765424 0.233921\n-0.377765 -0.271757 0.160022 -0.044686 -0.53272 -0.845111 0.999001 -0.0229454 -0.0383593 0.00104341 -0.84598 0.533213 0.251501 0.0700696 1.25506\n-0.385643 -0.292812 -0.189256 0.00416329 -0.965511 -0.26033 0.999991 0.00388832 0.00157123 -0.000504787 -0.260334 0.965518 1.0304 0.049817 0.147388\nC 17\n0 1\n0 6\n0 5\n0 4\n0 3\n0 2\n1 2\n1 3\n1 4\n1 5\n1 6\n2 6\n2 4\n2 3\n2 5\n3 4\n5 6\nS 2\n2\n3 0.394645 -0.365268 -0.199205\n6 -0.385643 -0.292812 -0.189256\n2\n0.00450082 -0.32904 -0.19423\n-0.995636 0.0924535 0.012694\n2\n4 0.37673 -0.27386 0.164308\n5 -0.377765 -0.271757 0.160022\n2\n-0.000517334 -0.272808 0.162165\n-0.99998 0.00278794 -0.00567997\nL 7\n0\n1\n0\n2\n2\n2\n2"
}