{
    "boxes": [
        [
            -0.002243499970063567,
            -0.22482700645923615,
            0.020965000614523888,
            1.1147600412368774,
            1.1120699644088745,
            1.1644999980926514,
            0.0,
            1.0,
            0.0,
            0.0,
            0.0,
            1.0
        ],
        [
            0.514723002910614,
            0.37631699442863464,
            0.18079599738121033,
            0.5974339842796326,
            0.7552469968795776,
            0.07319270074367523,
            0.15921300649642944,
            0.9871410131454468,
            0.014302699826657772,
            -0.014302699826657772,
            -0.012179600074887276,
            0.9998239874839783
        ],
        [
            0.5240700244903564,
            0.5126960277557373,
            0.19449199736118317,
            0.05968350172042847,
            0.7696130275726318,
            0.05907310172915459,
            -0.17218799889087677,
            0.9325309991836548,
            0.3173919916152954,
            -0.07480029761791229,
            -0.33365100622177124,
            0.9397240281105042
        ],
        [
            -0.5309420228004456,
            0.5136920213699341,
            0.19318699836730957,
            0.05760689824819565,
            0.7732509970664978,
            0.06641340255737305,
            -0.5282160043716431,
            0.7843790054321289,
            0.3251720070838928,
            0.051973700523376465,
            -0.3523710072040558,
            0.9344159960746765
        ],
        [
            -0.5175269842147827,
            0.39096298813819885,
            0.17406700551509857,
            0.5603700280189514,
            0.7675909996032715,
            0.07361509650945663,
            -0.1565449982881546,
            0.9868879914283752,
            0.03932040184736252,
            0.021244900301098824,
            -0.03643739968538284,
            0.9991099834442139
        ],
        [
            0.5153480172157288,
            -0.6066640019416809,
            0.5221729874610901,
            0.31156501173973083,
            0.11372199654579163,
            0.055831000208854675,
            0.0,
            1.0,
            0.0,
            0.0,
            0.0,
            1.0
        ],
        [
            0.5691570043563843,
            -0.7368109822273254,
            -0.20190800726413727,
            0.10571999847888947,
            0.03382899984717369,
            0.03382899984717369,
            0.0,
            1.0,
            0.0,
            0.0,
            0.0,
            1.0
        ],
        [
            -0.5739529728889465,
            -0.7368469834327698,
            -0.20163500308990479,
            0.10591500252485275,
            0.0337848998606205,
            0.03378390148282051,
            -0.005846209824085236,
            0.9999690055847168,
            0.005183400120586157,
            0.6633039712905884,
            -1.1841400464618346e-06,
            0.7483500242233276
        ],
        [
            -0.002245499985292554,
            0.45914798974990845,
            -0.3354380130767822,
            0.6787170171737671,
            0.4249520003795624,
            1.1605600118637085,
            0.0,
            1.0,
            0.0,
            0.0,
            0.0,
            1.0
        ]
    ],
    "ops": [
        [
            0,
            0,
            0,
            1,
            0,
            0,
            1,
            1,
            1,
            0,
            2,
            0,
            0,
            1,
            1,
            1,
            0,
            1
        ]
    ],
    "syms": [
        [
            0.0,
            0.9998610019683838,
            0.010671500116586685,
            -0.01278970018029213,
            -0.002551679965108633,
            -0.6121919751167297,
            0.52879798412323,
            0.0
        ]
    ],
    "labels:": [
        [
            1,
            3,
            3,
            3,
            3,
            2,
            2,
            2,
            0
        ]
    ],
    "obj": 48438,
    "mat_index": 6083,
    "obbs": "N 10\n-0.0022455 0.459148 -0.335438 1 0 0 0 1 0 0 0 1 1.16056 0.678717 0.424952\n0.514723 0.376317 0.180796 0.0143027 0.0121796 -0.999824 0.987141 -0.15939 0.0121796 -0.159213 -0.987141 -0.0143027 0.755247 0.0731927 0.597434\n-0.530942 0.513692 0.193187 -0.847518 -0.510474 -0.145361 -0.528216 0.784379 0.325172 -0.0519737 0.352371 -0.934416 0.0664134 0.0576069 0.773251\n-0.0022435 -0.224827 0.020965 1 0 0 0 1 0 0 0 1 1.1645 1.11476 1.11207\n0.569157 -0.736811 -0.201908 1 0 0 0 1 0 0 0 1 0.033829 0.10572 0.033829\n0.515348 -0.606664 0.522173 1 0 0 0 1 0 0 0 1 0.055831 0.311565 0.113722\n-0.520451 -0.61772 0.535422 0.174665 -0.0331262 -0.98407 0.984317 -0.0192416 0.175357 -0.024744 -0.999266 0.0292459 0.0941199 0.0539448 0.290693\n-0.573953 -0.736847 -0.201635 -0.00584621 0.999969 0.0051834 0.663304 -1.18414e-06 0.74835 0.748327 0.00781318 -0.663284 0.105915 0.0337849 0.0337839\n0.52407 0.512696 0.194492 0.0748003 0.333651 -0.939724 -0.172188 0.932531 0.317392 0.98222 0.138068 0.127204 0.769613 0.0596835 0.0590731\n-0.517527 0.390963 0.174067 0.156545 -0.986888 -0.0393204 0.987442 0.157241 -0.0152623 0.0212449 -0.0364374 0.99911 0.56037 0.0736151 0.767591\nC 15\n0 1\n0 9\n0 3\n0 8\n0 2\n1 3\n1 8\n2 9\n2 3\n3 8\n3 9\n3 6\n3 7\n3 4\n3 5\nS 1\n2\n5 0.515348 -0.606664 0.522173\n6 -0.520451 -0.61772 0.535422\n2\n-0.00255168 -0.612192 0.528798\n-0.999861 -0.0106715 0.0127897\nL 10\n0\n3\n3\n1\n2\n2\n2\n2\n3\n3"
}