{
    "boxes": [
        [
            0.004178000148385763,
            -0.06940049678087234,
            0.09593699872493744,
            0.1780170053243637,
            0.738431990146637,
            0.7719979882240295,
            0.0,
            1.0,
            0.0,
            0.0,
            0.0,
            1.0
        ],
        [
            -0.3751470148563385,
            -0.4405609965324402,
            0.382081001996994,
            0.7401999831199646,
            0.0919111967086792,
            0.08389110118150711,
            -0.006948160007596016,
            0.9809200167655945,
            -0.19428600370883942,
            -0.3956280052661896,
            0.17574100196361542,
            0.9014400243759155
        ],
        [
            0.39007699489593506,
            -0.2610749900341034,
            0.0859759971499443,
            0.08514200150966644,
            0.4684099853038788,
            0.050627999007701874,
            0.0,
            1.0,
            0.0,
            0.0,
            0.0,
            1.0
        ],
        [
            -0.3781009912490845,
            -0.44619399309158325,
            -0.20757199823856354,
            0.739313006401062,
            0.08365979790687561,
            0.08672299981117249,
            0.015872299671173096,
            0.9664809703826904,
            0.25624600052833557,
            0.6859869956970215,
            -0.19697700440883636,
            0.7004449963569641
        ],
        [
            0.013456800021231174,
            0.3696979880332947,
            -0.3485240042209625,
            0.6527299880981445,
            0.0784057006239891,
            0.6452919840812683,
            0.0016999900108203292,
            0.9756180047988892,
            -0.21946699917316437,
            0.002124889986589551,
            0.2194640040397644,
            0.9756180047988892
        ],
        [
            0.004157150164246559,
            0.31423699855804443,
            -0.3375279903411865,
            0.8539810180664062,
            0.07196760177612305,
            0.7106999754905701,
            -0.001590789994224906,
            0.9744859933853149,
            -0.2244420051574707,
            -0.0019988298881798983,
            0.22443899512290955,
            0.9744859933853149
        ]
    ],
    "ops": [
        [
            0,
            0,
            0,
            0,
            1,
            1,
            2,
            1,
            0,
            0,
            1,
            1
        ]
    ],
    "syms": [
        [
            0.0,
            0.9997749924659729,
            -0.02063559927046299,
            -0.004837859887629747,
            0.004016859922558069,
            -0.4483869969844818,
            0.38024601340293884,
            0.0
        ]
    ],
    "labels:": [
        [
            1,
            2,
            2,
            2,
            0,
            0
        ]
    ],
    "obj": 48521,
    "mat_index": 6089,
    "obbs": "N 9\n0.0134568 0.369698 -0.348524 0.999996 -0.00212489 -0.00169999 0.00212489 0.219464 0.975618 -0.00169999 -0.975618 0.219467 0.645292 0.0784057 0.65273\n0.390077 -0.261075 0.085976 1 0 0 0 1 0 0 0 1 0.050628 0.085142 0.46841\n-0.380603 -0.251875 0.0990695 1 0 0 0 1 0 0 0 1 0.050629 0.067189 0.473571\n0.004178 -0.0694005 0.095937 1 0 0 0 1 0 0 0 1 0.771998 0.178017 0.738432\n0.39063 -0.468833 -0.211697 -0.0161543 0.967139 0.253736 0.674964 -0.176675 0.716387 0.737674 0.182835 -0.64993 0.694465 0.0933469 0.0827177\n0.383181 -0.456214 0.378411 -0.00728581 -0.984706 0.17407 0.930074 -0.0706124 -0.360523 0.367301 0.159271 0.916364 0.710375 0.0768798 0.0933636\n-0.378101 -0.446194 -0.207572 -0.685987 0.196977 -0.700445 0.727441 0.164664 -0.66612 -0.0158723 -0.966481 -0.256246 0.0836598 0.086723 0.739313\n-0.375147 -0.440561 0.382081 0.395628 -0.175741 -0.90144 0.918385 0.0831283 0.386859 0.00694816 -0.98092 0.194286 0.0919112 0.0838911 0.7402\n0.00415715 0.314237 -0.337528 0.999997 0.00199883 0.00159079 -0.00199883 0.224439 0.974486 0.00159079 -0.974486 0.224442 0.7107 0.0719676 0.853981\nC 19\n0 6\n0 4\n0 3\n0 8\n1 3\n1 4\n1 5\n1 8\n2 7\n2 6\n2 8\n2 3\n3 8\n3 6\n3 7\n3 4\n3 5\n4 8\n6 8\nS 3\n2\n1 0.390077 -0.261075 0.085976\n2 -0.380603 -0.251875 0.0990695\n2\n0.00473675 -0.256475 0.0925228\n-0.999784 0.0119356 0.0169859\n2\n4 0.39063 -0.468833 -0.211697\n6 -0.378101 -0.446194 -0.207572\n2\n0.00626421 -0.457513 -0.209634\n-0.999552 0.0294366 0.00536327\n2\n5 0.383181 -0.456214 0.378411\n7 -0.375147 -0.440561 0.382081\n2\n0.00401686 -0.448387 0.380246\n-0.999775 0.0206356 0.00483786\nL 9\n0\n2\n2\n1\n2\n2\n2\n2\n0"
}