{
    "boxes": [
        [
            0.0026957099325954914,
            -0.049094200134277344,
            0.13479700684547424,
            0.32814300060272217,
            0.7886430025100708,
            0.8251309990882874,
            0.0013034599833190441,
            0.994858980178833,
            -0.10126099735498428,
            6.616509926971048e-05,
            0.10126099735498428,
            0.9948599934577942
        ],
        [
            -0.37836700677871704,
            -0.2601360082626343,
            0.17427599430084229,
            1.2577500343322754,
            0.2763729989528656,
            0.08269789814949036,
            -0.015151199884712696,
            0.8043190240859985,
            -0.5940039753913879,
            0.12513099610805511,
            0.590927004814148,
            0.7969610095024109
        ],
        [
            -0.38129299879074097,
            -0.41501298546791077,
            -0.21936200559139252,
            0.7751629948616028,
            0.15194299817085266,
            0.06129639968276024,
            -0.0054296101443469524,
            0.9646660089492798,
            0.2634209990501404,
            -0.003484110115095973,
            -0.2634420096874237,
            0.9646689891815186
        ],
        [
            0.0026114999782294035,
            0.24930399656295776,
            -0.12139800190925598,
            0.7260100245475769,
            0.1956779956817627,
            0.8250489830970764,
            0.0,
            1.0,
            0.0,
            0.0,
            0.0,
            1.0
        ],
        [
            0.002598999999463558,
            0.1896519958972931,
            -0.2126370072364807,
            0.8398140072822571,
            0.07840800285339355,
            0.825190007686615,
            0.0,
            1.0,
            0.0,
            0.0,
            0.0,
            1.0
        ]
    ],
    "ops": [
        [
            0,
            0,
            0,
            1,
            2,
            1,
            0,
            0,
            1,
            1
        ]
    ],
    "syms": [
        [
            0.0,
            0.9993839859962463,
            0.034881699830293655,
            0.003902819938957691,
            -0.0010017399908974767,
            -0.2469639927148819,
            0.1757490038871765,
            0.0
        ]
    ],
    "labels:": [
        [
            1,
            2,
            2,
            0,
            0
        ]
    ],
    "obj": 48523,
    "mat_index": 6090,
    "obbs": "N 7\n0.0026115 0.249304 -0.121398 1 0 0 0 1 0 0 0 1 0.825049 0.72601 0.195678\n0.00269571 -0.0490942 0.134797 -6.61651e-05 -0.101261 -0.99486 0.00130346 0.994859 -0.101261 0.999999 -0.00130346 6.61651e-05 0.788643 0.328143 0.825131\n0.002599 0.189652 -0.212637 1 0 0 0 1 0 0 0 1 0.82519 0.839814 0.078408\n0.376364 -0.233793 0.177223 0.000718739 0.827888 -0.560893 0.994453 0.0584046 0.0874806 0.105183 -0.557844 -0.823254 1.29147 0.0949465 0.294153\n0.380008 -0.384946 -0.219735 -0.0108408 -0.961674 -0.27398 0.999756 -0.015691 0.0155177 -0.0192221 -0.273745 0.96161 0.833681 0.0789219 0.170952\n-0.381293 -0.415013 -0.219362 0.00542961 -0.964666 -0.263421 0.999979 0.00431998 0.00479138 -0.00348411 -0.263442 0.964669 0.775163 0.0612964 0.151943\n-0.378367 -0.260136 0.174276 -0.0151512 0.804319 -0.594004 0.992025 -0.0622532 -0.109598 -0.125131 -0.590927 -0.796961 1.25775 0.0826979 0.276373\nC 17\n0 1\n0 6\n0 5\n0 4\n0 3\n0 2\n1 2\n1 3\n1 4\n1 5\n1 6\n2 6\n2 4\n2 3\n2 5\n3 4\n5 6\nS 2\n2\n3 0.376364 -0.233793 0.177223\n6 -0.378367 -0.260136 0.174276\n2\n-0.00100174 -0.246964 0.175749\n-0.999384 -0.0348817 -0.00390282\n2\n4 0.380008 -0.384946 -0.219735\n5 -0.381293 -0.415013 -0.219362\n2\n-0.000642377 -0.39998 -0.219548\n-0.999221 -0.0394637 0.000488999\nL 7\n0\n1\n0\n2\n2\n2\n2"
}