{
    "boxes": [
        [
            0.004544000141322613,
            0.047775998711586,
            0.1498430073261261,
            0.72079998254776,
            1.2275500297546387,
            1.5074700117111206,
            0.0,
            1.0,
            0.0,
            0.0,
            0.0,
            1.0
        ],
        [
            -0.5504329800605774,
            -0.27336299419403076,
            -0.4929549992084503,
            0.6927769780158997,
            0.02094149962067604,
            0.018035300076007843,
            0.2567009925842285,
            0.9329959750175476,
            0.25223401188850403,
            -0.629580020904541,
            -0.03658980131149292,
            0.7760739922523499
        ],
        [
            -0.5504310131072998,
            -0.273375004529953,
            0.6169319748878479,
            0.6927490234375,
            0.018834900110960007,
            0.017775800079107285,
            0.25428199768066406,
            0.9331179857254028,
            -0.25422799587249756,
            0.4891049861907959,
            0.10270000249147415,
            0.8661580085754395
        ],
        [
            -0.029410500079393387,
            0.275734007358551,
            -0.35831600427627563,
            0.7289199829101562,
            0.6192970275878906,
            1.4818700551986694,
            -0.050901301205158234,
            0.9382690191268921,
            -0.3421419858932495,
            0.07688850164413452,
            0.3452509939670563,
            0.9353560209274292
        ]
    ],
    "ops": [
        [
            0,
            0,
            0,
            1,
            2,
            1,
            0,
            1
        ]
    ],
    "syms": [
        [
            0.0,
            1.0,
            2.478339956724085e-05,
            -1.5755600543343462e-05,
            0.004503630101680756,
            -0.27334898710250854,
            -0.4929639995098114,
            0.0
        ]
    ],
    "labels:": [
        [
            1,
            2,
            2,
            0
        ]
    ],
    "obj": 48680,
    "mat_index": 6097,
    "obbs": "N 6\n-0.0294105 0.275734 -0.358316 0.99574 0.021304 -0.0897157 0.0768885 0.345251 0.935356 0.0509013 -0.938269 0.342142 1.48187 0.619297 0.72892\n0.004544 0.047776 0.149843 1 0 0 0 1 0 0 0 1 1.50747 0.7208 1.22755\n-0.550433 -0.273363 -0.492955 0.62958 0.0365898 -0.776074 0.733303 -0.358021 0.578003 -0.256701 -0.932996 -0.252234 0.0209415 0.0180353 0.692777\n0.55944 -0.273335 -0.492972 -0.528725 0.0981942 -0.843094 0.811588 0.349344 -0.468278 0.248548 -0.931835 -0.2644 0.0268964 0.0181484 0.692841\n0.559462 -0.273363 0.616928 -0.256302 0.933064 -0.252391 0.800437 0.351256 0.485716 0.541858 -0.0775326 -0.836887 0.692772 0.0182593 0.0206662\n-0.550431 -0.273375 0.616932 -0.254282 -0.933118 0.254228 0.834336 -0.344592 -0.430278 0.489105 0.1027 0.866158 0.692749 0.0177758 0.0188349\nC 7\n0 1\n0 3\n0 2\n1 2\n1 3\n1 4\n1 5\nS 2\n2\n2 -0.550433 -0.273363 -0.492955\n3 0.55944 -0.273335 -0.492972\n2\n0.00450363 -0.273349 -0.492964\n1 2.47834e-05 -1.57556e-05\n2\n4 0.559462 -0.273363 0.616928\n5 -0.550431 -0.273375 0.616932\n2\n0.0045155 -0.273369 0.61693\n-1 -1.0527e-05 3.94505e-06\nL 6\n0\n1\n2\n2\n2\n2"
}