{
    "boxes": [
        [
            0.009805000387132168,
            -0.05287199839949608,
            0.12014900147914886,
            0.05413199961185455,
            0.7578380107879639,
            0.8606879711151123,
            -2.6603599330232066e-19,
            1.0,
            0.0,
            0.0,
            0.0,
            1.0
        ],
        [
            -0.4551660120487213,
            0.3165149986743927,
            0.07562799751758575,
            0.015888700261712074,
            0.5184550285339355,
            0.12905199825763702,
            -0.0005334289744496346,
            0.9831730127334595,
            0.1826779991388321,
            -0.15638600289821625,
            -0.18051199615001678,
            0.9710609912872314
        ],
        [
            -0.4720669984817505,
            0.09941049665212631,
            0.3024689853191376,
            0.35336700081825256,
            0.03857500106096268,
            0.03860300034284592,
            0.0,
            1.0,
            0.0,
            0.0,
            0.0,
            1.0
        ],
        [
            -0.06638369709253311,
            -0.20920300483703613,
            -0.4145529866218567,
            1.226989984512329,
            0.03887530043721199,
            0.038874298334121704,
            0.00022470499970950186,
            1.0,
            -2.304500057448422e-08,
            0.00022470499970950186,
            -2.7447299544292036e-08,
            1.0
        ],
        [
            -0.4720669984817505,
            -0.44432398676872253,
            0.302482008934021,
            0.758338987827301,
            0.0399789996445179,
            0.0399789996445179,
            0.0,
            1.0,
            0.0,
            0.0,
            0.0,
            1.0
        ],
        [
            -0.0015750000020489097,
            0.29710298776626587,
            -0.2719849944114685,
            0.7567999958992004,
            0.036086998879909515,
            0.40640100836753845,
            0.05233599990606308,
            0.9986299872398376,
            -2.2184999910539963e-16,
            2.102059910350887e-18,
            2.2204500197172533e-16,
            1.0
        ],
        [
            0.03885120153427124,
            0.38089901208877563,
            -0.27519500255584717,
            0.01540399994701147,
            0.34224000573158264,
            0.9670429825782776,
            7.087030098773539e-05,
            0.9839109778404236,
            0.17866100370883942,
            -0.05234229937195778,
            -0.1784130036830902,
            0.9825630187988281
        ]
    ],
    "ops": [
        [
            0,
            0,
            0,
            1,
            2,
            1,
            0,
            0,
            1,
            2,
            1,
            0,
            0,
            1,
            1
        ]
    ],
    "syms": [
        [
            0.0,
            0.9990950226783752,
            -0.007589530199766159,
            0.04186199977993965,
            0.018122300505638123,
            0.3129200041294098,
            0.09545870125293732,
            0.0
        ],
        [
            0.0,
            0.9999989867210388,
            1.882589941715196e-07,
            0.0015045700129121542,
            0.010560399852693081,
            -0.20920300483703613,
            -0.4144369959831238,
            0.0
        ]
    ],
    "labels:": [
        [
            1,
            3,
            3,
            2,
            2,
            0,
            0
        ]
    ],
    "obj": 48688,
    "mat_index": 6098,
    "obbs": "N 11\n-0.001575 0.297103 -0.271985 0.052336 0.99863 -2.2185e-16 2.10206e-18 2.22045e-16 1 0.99863 -0.052336 9.52174e-18 0.7568 0.036087 0.406401\n0.009805 -0.052872 0.120149 1 2.66036e-19 -0 -2.66036e-19 1 0 0 0 1 0.860688 0.054132 0.757838\n0.491411 0.309324 0.115289 0.998574 0.0161629 -0.0508792 -0.00681444 0.983861 0.178803 0.0529481 -0.178201 0.982568 0.100195 0.0160852 0.433867\n-0.455166 0.316515 0.075628 0.156386 0.180512 -0.971061 -0.000533429 0.983173 0.182678 0.987696 -0.0280502 0.153851 0.518455 0.0158887 0.129052\n0.490981 0.120564 0.303831 1 0 0 0 1 0 0 0 1 0.038589 0.31106 0.038561\n-0.472067 0.0994105 0.302469 1 0 0 0 1 0 0 0 1 0.038603 0.353367 0.038575\n0.0388512 0.380899 -0.275195 0.0523423 0.178413 -0.982563 7.08703e-05 0.983911 0.178661 0.998629 -0.00942119 0.0514875 0.34224 0.015404 0.967043\n-0.0663837 -0.209203 -0.414553 1 -0.000224705 -0.000224705 0.000224705 -2.74473e-08 1 -0.000224705 -1 2.3045e-08 0.0388743 0.0388753 1.22699\n0.0875046 -0.209203 -0.414321 1 -4.98105e-05 -4.98105e-05 4.98105e-05 -3.85249e-08 1 -4.98105e-05 -1 -3.60438e-08 0.0388749 0.0388749 1.22698\n0.490989 -0.422934 0.303851 1 0 0 0 1 0 0 0 1 0.039979 0.80112 0.039979\n-0.472067 -0.444324 0.302482 1 0 0 0 1 0 0 0 1 0.039979 0.758339 0.039979\nC 18\n0 1\n0 7\n0 6\n0 3\n0 8\n1 4\n1 5\n1 9\n1 10\n2 6\n2 4\n3 6\n3 5\n4 9\n5 10\n6 7\n6 8\n7 8\nS 4\n2\n2 0.491411 0.309324 0.115289\n3 -0.455166 0.316515 0.075628\n2\n0.0181223 0.31292 0.0954587\n-0.999095 0.00758953 -0.041862\n2\n4 0.490981 0.120564 0.303831\n5 -0.472067 0.0994105 0.302469\n2\n0.009457 0.109987 0.30315\n-0.999758 -0.0219598 -0.00141392\n2\n7 -0.0663837 -0.209203 -0.414553\n8 0.0875046 -0.209203 -0.414321\n2\n0.0105604 -0.209203 -0.414437\n0.999999 1.88259e-07 0.00150457\n2\n9 0.490989 -0.422934 0.303851\n10 -0.472067 -0.444324 0.302482\n2\n0.0094605 -0.433629 0.303167\n-0.999752 -0.0222056 -0.00142116\nL 11\n0\n1\n3\n3\n3\n3\n0\n2\n2\n2\n2"
}