{
    "boxes": [
        [
            0.0070755500346422195,
            -0.23896299302577972,
            0.186381995677948,
            0.4668169915676117,
            0.9542279839515686,
            1.101830005645752,
            -0.014244399964809418,
            0.9874489903450012,
            0.15729199349880219,
            -0.051204800605773926,
            -0.15782199800014496,
            0.9861389994621277
        ],
        [
            -0.5084859728813171,
            0.01364049967378378,
            0.2027750015258789,
            0.3324269950389862,
            1.2285699844360352,
            0.08712989836931229,
            0.006889999844133854,
            0.9959949851036072,
            0.08914700150489807,
            -0.03734419867396355,
            -0.08883059769868851,
            0.9953460097312927
        ],
        [
            -0.5053470134735107,
            -0.5082550048828125,
            0.12766499817371368,
            0.046276699751615524,
            1.1354000568389893,
            0.10157400369644165,
            -0.05011659860610962,
            0.9987369775772095,
            0.003431259887292981,
            -0.052184298634529114,
            -0.006049450021237135,
            0.998619019985199
        ],
        [
            -0.49844399094581604,
            -0.2447589933872223,
            -0.041598301380872726,
            0.1940619945526123,
            0.9728559851646423,
            0.09150029718875885,
            0.05281959846615791,
            0.9290819764137268,
            -0.36608201265335083,
            -0.024301299825310707,
            0.36768099665641785,
            0.9296339750289917
        ],
        [
            -0.5230649709701538,
            -0.3268060088157654,
            0.632561981678009,
            0.3705509901046753,
            0.19935700297355652,
            0.0885666012763977,
            0.00502733001485467,
            0.977495014667511,
            0.2108989953994751,
            -0.05711600184440613,
            -0.21027599275112152,
            0.9759719967842102
        ],
        [
            0.03319390118122101,
            0.30467599630355835,
            -0.367141991853714,
            0.8973889946937561,
            0.3639020025730133,
            1.041759967803955,
            0.01737009920179844,
            0.9561529755592346,
            -0.2923530042171478,
            -0.04727879911661148,
            0.29285499453544617,
            0.9549869894981384
        ],
        [
            0.0182195995002985,
            0.025212500244379044,
            -0.32897400856018066,
            0.10407199710607529,
            0.1055850014090538,
            1.1065000295639038,
            0.020207099616527557,
            0.9997959733009338,
            -0.0005464719724841416,
            -0.03217390179634094,
            0.0011965699959546328,
            0.9994819760322571
        ]
    ],
    "ops": [
        [
            0,
            0,
            2,
            1,
            0,
            0,
            0,
            1,
            1,
            2,
            1,
            0,
            0,
            1,
            1
        ]
    ],
    "syms": [
        [
            0.0,
            0.9991880059242249,
            0.02261419966816902,
            0.03335550054907799,
            -0.0007931779837235808,
            0.025130899623036385,
            0.21972300112247467,
            0.0
        ],
        [
            0.0,
            0.9992259740829468,
            0.009354970417916775,
            0.03820459917187691,
            0.002270079916343093,
            -0.5035020112991333,
            0.14707399904727936,
            0.0
        ]
    ],
    "labels:": [
        [
            1,
            3,
            2,
            2,
            2,
            0,
            0
        ]
    ],
    "obj": 48951,
    "mat_index": 6103,
    "obbs": "N 11\n0.0331939 0.304676 -0.367142 0.0173701 0.956153 -0.292353 -0.0472788 0.292855 0.954987 0.998731 -0.00276616 0.0502927 0.897389 0.363902 1.04176\n0.506899 0.0366213 0.236671 -0.0166561 -0.999271 -0.0343538 0.999271 -0.0178169 0.0337664 -0.0343538 -0.0337664 0.998839 0.280304 0.0870317 1.22674\n-0.508486 0.0136405 0.202775 -0.00689 -0.995995 -0.089147 0.999279 -0.0101871 0.0365825 -0.0373442 -0.0888306 0.995346 0.332427 0.0871299 1.22857\n0.00707555 -0.238963 0.186382 -0.998587 -0.00599283 -0.0528102 -0.0142444 0.987449 0.157292 0.0512048 0.157822 -0.986139 1.10183 0.466817 0.954228\n0.0182196 0.0252125 -0.328974 -0.999278 0.020179 -0.0321915 -0.0321739 0.00119657 0.999482 0.0202071 0.999796 -0.000546472 1.1065 0.105585 0.104072\n0.515005 -0.237879 0.0166766 0.0252261 0.927521 -0.37292 0.999271 -0.0127049 0.0359962 0.0286493 -0.373556 -0.927165 0.200424 0.0860748 1.01935\n0.492648 -0.278202 0.690552 -0.0135386 -0.95248 -0.304301 0.998503 -0.029006 0.0463662 -0.0529894 -0.303218 0.951447 0.441685 0.0919754 0.211347\n-0.498444 -0.244759 -0.0415983 0.0243013 -0.367681 -0.929634 0.998308 -0.0402067 0.0419986 -0.0528196 -0.929082 0.366082 0.972856 0.0915003 0.194062\n-0.523065 -0.326806 0.632562 -0.00502733 -0.977495 -0.210899 0.998355 -0.0169522 0.0547735 -0.057116 -0.210276 0.975972 0.370551 0.0885666 0.199357\n0.509887 -0.49875 0.166482 -0.998003 -0.0353412 -0.0523638 -0.0354724 0.999369 0.0015768 0.0522751 0.00343112 -0.998627 0.101698 0.0625517 1.12734\n-0.505347 -0.508255 0.127665 -0.997379 -0.0498683 -0.0524216 -0.0501166 0.998737 0.00343126 0.0521843 0.00604945 -0.998619 0.101574 0.0462767 1.1354\nC 29\n0 2\n0 7\n0 3\n0 4\n0 5\n0 1\n1 3\n1 6\n1 5\n1 4\n2 8\n2 3\n2 7\n2 4\n3 7\n3 10\n3 6\n3 9\n3 5\n3 8\n3 4\n4 7\n4 5\n5 9\n5 6\n6 9\n7 10\n7 8\n8 10\nS 4\n2\n1 0.506899 0.0366213 0.236671\n2 -0.508486 0.0136405 0.202775\n2\n-0.000793178 0.0251309 0.219723\n-0.999188 -0.0226142 -0.0333555\n2\n5 0.515005 -0.237879 0.0166766\n7 -0.498444 -0.244759 -0.0415983\n2\n0.00828058 -0.241319 -0.0124609\n-0.998328 -0.00677789 -0.0574054\n2\n6 0.492648 -0.278202 0.690552\n8 -0.523065 -0.326806 0.632562\n2\n-0.0152087 -0.302504 0.661557\n-0.997237 -0.0477205 -0.0569354\n2\n9 0.509887 -0.49875 0.166482\n10 -0.505347 -0.508255 0.127665\n2\n0.00227008 -0.503502 0.147074\n-0.999226 -0.00935497 -0.0382046\nL 11\n0\n3\n3\n1\n0\n2\n2\n2\n2\n2\n2"
}