{
    "boxes": [
        [
            0.011873000301420689,
            -0.03161900117993355,
            0.11355900019407272,
            0.07238999754190445,
            0.7643629908561707,
            0.8152920007705688,
            0.0,
            1.0,
            0.0,
            0.0,
            0.0,
            1.0
        ],
        [
            -0.0019180000526830554,
            -0.1645669937133789,
            0.41218000650405884,
            0.035183001309633255,
            0.026388000696897507,
            0.7212560176849365,
            0.0,
            1.0,
            0.0,
            0.0,
            0.0,
            1.0
        ],
        [
            0.37205401062965393,
            -0.42280301451683044,
            0.41589200496673584,
            0.8049889802932739,
            0.03909900039434433,
            0.028629999607801437,
            0.0,
            1.0,
            0.0,
            0.0,
            0.0,
            1.0
        ],
        [
            -0.39004799723625183,
            -0.40634799003601074,
            0.0846405029296875,
            0.8349649906158447,
            0.7035689949989319,
            0.04041200131177902,
            0.004160089883953333,
            0.9999909996986389,
            0.0006340430118143559,
            0.05148620158433914,
            -0.0008473959751427174,
            0.9986730217933655
        ],
        [
            -0.40559300780296326,
            -0.40871599316596985,
            -0.25054600834846497,
            0.8249670267105103,
            0.04044400155544281,
            0.03958100080490112,
            0.0,
            1.0,
            0.0,
            0.0,
            0.0,
            1.0
        ],
        [
            -0.0019180000526830554,
            0.45708900690078735,
            -0.3248560130596161,
            0.25686100125312805,
            0.10155600309371948,
            0.7916219830513,
            -0.0,
            0.873304009437561,
            -0.48717600107192993,
            0.0,
            0.48717600107192993,
            0.873304009437561
        ],
        [
            -0.40857699513435364,
            0.2907789945602417,
            -0.27171099185943604,
            0.5974929928779602,
            0.10609500110149384,
            0.03615739941596985,
            0.003609870094805956,
            0.9840379953384399,
            -0.17792099714279175,
            -0.03037630021572113,
            0.177947998046875,
            0.9835709929466248
        ]
    ],
    "ops": [
        [
            0,
            0,
            0,
            1,
            0,
            0,
            2,
            1,
            1,
            1,
            0,
            0,
            2,
            1,
            1
        ]
    ],
    "syms": [
        [
            0.0,
            0.9999790191650391,
            -0.006269500125199556,
            -0.0016750800423324108,
            -0.0005457500228658319,
            -0.41125500202178955,
            -0.25122401118278503,
            0.0
        ],
        [
            0.0,
            0.9999859929084778,
            -0.0022177600767463446,
            -0.004741259850561619,
            -0.0043739997781813145,
            0.28988298773765564,
            -0.27362701296806335,
            0.0
        ]
    ],
    "labels:": [
        [
            1,
            2,
            2,
            2,
            2,
            0,
            0
        ]
    ],
    "obj": 492,
    "mat_index": 6108,
    "obbs": "N 9\n-0.001918 0.457089 -0.324856 1 0 0 0 0.487176 0.873304 0 -0.873304 0.487176 0.791622 0.101556 0.256861\n-0.001918 -0.164567 0.41218 1 0 0 0 1 0 0 0 1 0.721256 0.035183 0.026388\n0.011873 -0.031619 0.113559 1 0 0 0 1 0 0 0 1 0.815292 0.07239 0.764363\n0.399829 0.288986 -0.275543 0.00188068 0.988671 -0.150089 0.998917 -0.00883413 -0.0456756 -0.046484 -0.149841 -0.987617 0.598475 0.0458774 0.110332\n-0.408577 0.290779 -0.271711 0.00360987 0.984038 -0.177921 0.999532 0.00185401 0.0305338 0.0303763 -0.177948 -0.983571 0.597493 0.0361574 0.106095\n0.404502 -0.413795 -0.251903 1 0 0 0 1 0 0 0 1 0.0341 0.822649 0.03773\n0.372054 -0.422803 0.415892 1 0 0 0 1 0 0 0 1 0.02863 0.804989 0.039099\n-0.390048 -0.406348 0.0846405 -0.00416009 -0.999991 -0.000634043 0.998665 -0.00412192 -0.0514893 0.0514862 -0.000847396 0.998673 0.834965 0.040412 0.703569\n-0.405593 -0.408716 -0.250546 1 0 0 0 1 0 0 0 1 0.039581 0.824967 0.040444\nC 15\n0 4\n0 3\n1 2\n1 6\n1 7\n2 7\n2 6\n2 8\n2 5\n2 3\n2 4\n3 5\n4 7\n4 8\n7 8\nS 2\n2\n3 0.399829 0.288986 -0.275543\n4 -0.408577 0.290779 -0.271711\n2\n-0.004374 0.289883 -0.273627\n-0.999986 0.00221776 0.00474126\n2\n5 0.404502 -0.413795 -0.251903\n8 -0.405593 -0.408716 -0.250546\n2\n-0.00054575 -0.411255 -0.251224\n-0.999979 0.0062695 0.00167508\nL 9\n0\n2\n1\n0\n0\n2\n2\n2\n2"
}