{
    "boxes": [
        [
            0.01317949965596199,
            -0.09830550104379654,
            -0.06792700290679932,
            0.6744570136070251,
            0.4999360144138336,
            0.6990110278129578,
            0.0,
            1.0,
            0.0,
            0.0,
            0.0,
            1.0
        ],
        [
            -0.2933390140533447,
            -0.08026040345430374,
            0.5347890257835388,
            0.9829270243644714,
            0.21791300177574158,
            0.10189200192689896,
            -0.009793579578399658,
            0.7348769903182983,
            -0.6781290173530579,
            0.07727359980344772,
            0.6766899824142456,
            0.7322019934654236
        ],
        [
            -0.29711800813674927,
            -0.1527779996395111,
            -0.34846699237823486,
            0.7587329745292664,
            0.039820801466703415,
            0.06100960075855255,
            -0.005945620127022266,
            0.9949619770050049,
            0.10007599741220474,
            0.04197480157017708,
            -0.09974139928817749,
            0.9941279888153076
        ],
        [
            0.3144629895687103,
            -0.4444960057735443,
            0.1851930022239685,
            0.07535789906978607,
            1.1910699605941772,
            0.09736420214176178,
            -0.026785200461745262,
            0.9993339776992798,
            -0.024767599999904633,
            -0.0003318130038678646,
            0.024767599999904633,
            0.999692976474762
        ],
        [
            0.012471400201320648,
            -0.4191330075263977,
            -0.07952579855918884,
            0.031593501567840576,
            0.09775940328836441,
            0.6974359750747681,
            0.02619059942662716,
            0.999646008014679,
            0.004767280071973801,
            -6.244010000955313e-05,
            -0.004767280071973801,
            0.9999889731407166
        ],
        [
            0.011074899695813656,
            0.7996119856834412,
            -0.38863301277160645,
            0.047165799885988235,
            0.017470499500632286,
            0.553708016872406,
            -0.004441630095243454,
            0.9782389998435974,
            -0.20743300020694733,
            -0.005482160020619631,
            0.20740799605846405,
            0.9782389998435974
        ],
        [
            0.013928200118243694,
            0.7124189734458923,
            -0.3714529871940613,
            0.040008898824453354,
            0.01738939993083477,
            0.5501959919929504,
            -0.004200490191578865,
            0.9765099883079529,
            -0.21543000638484955,
            -0.005228110123425722,
            0.21540699899196625,
            0.9765099883079529
        ],
        [
            -0.2968130111694336,
            0.5474969744682312,
            -0.35012900829315186,
            0.6691499948501587,
            0.033455200493335724,
            0.060200199484825134,
            0.007763400208204985,
            0.9938290119171143,
            -0.11065399646759033,
            0.008675459772348404,
            0.1105860024690628,
            0.9938290119171143
        ]
    ],
    "ops": [
        [
            0,
            0,
            2,
            0,
            2,
            0,
            2,
            0,
            2,
            1,
            1,
            1,
            1,
            0,
            2,
            0,
            0,
            2,
            1,
            1,
            1
        ]
    ],
    "syms": [
        [
            0.0,
            0.9995899796485901,
            -0.017519500106573105,
            0.02264839969575405,
            0.013586999848484993,
            -0.08563979715108871,
            0.5417439937591553,
            0.0
        ],
        [
            0.0,
            0.9999809861183167,
            -0.0023039700463414192,
            -0.005642550066113472,
            0.012997100129723549,
            -0.1534920036792755,
            -0.3502170145511627,
            0.0
        ],
        [
            0.0,
            0.9998440146446228,
            -0.015137700363993645,
            -0.00905638001859188,
            0.010366000235080719,
            -0.4398919939994812,
            0.18794800341129303,
            0.0
        ],
        [
            0.0,
            0.006827330216765404,
            0.015221799723803997,
            0.9998610019683838,
            0.01284400001168251,
            -0.4183030128479004,
            -0.024956099689006805,
            0.0
        ],
        [
            0.0,
            0.03276979923248291,
            0.9845049977302551,
            -0.17226700484752655,
            0.008004809729754925,
            0.707377016544342,
            -0.37249401211738586,
            0.0
        ],
        [
            0.0,
            0.9998509883880615,
            -0.015532799996435642,
            -0.007503469940274954,
            0.010660899803042412,
            0.5427200198173523,
            -0.35243698954582214,
            0.0
        ]
    ],
    "labels:": [
        [
            1,
            2,
            2,
            2,
            2,
            0,
            0,
            0
        ]
    ],
    "obj": 49522,
    "mat_index": 6116,
    "obbs": "N 14\n0.314463 -0.444496 0.185193 0.999641 0.0267852 -0.000331813 -0.0267852 0.999334 -0.0247676 -0.000331813 0.0247676 0.999693 0.0973642 0.0753579 1.19107\n0.0124714 -0.419133 -0.0795258 0.999657 -0.0261906 -6.24401e-05 0.0261906 0.999646 0.00476728 -6.24401e-05 -0.00476728 0.999989 0.697436 0.0315935 0.0977594\n0.0132166 -0.417472 0.0296136 0.999732 -0.0231443 -0.000559492 0.0231443 0.998564 0.0483135 -0.000559492 -0.0483135 0.998832 0.698705 0.0346697 0.0918586\n-0.293731 -0.435287 0.190702 1 0 0 0 1 0 0 0 1 0.085706 0.070221 1.17782\n-0.297118 -0.152778 -0.348467 0.999101 0.0101114 -0.0411703 0.0419748 -0.0997414 0.994128 0.00594562 -0.994962 -0.100076 0.0610096 0.0398208 0.758733\n0.323112 -0.154207 -0.351966 -0.999394 0.0261565 -0.0229604 -0.0258447 -0.11588 0.992927 0.0233109 0.992919 0.116486 0.0695459 0.0442746 0.754298\n0.320513 -0.0910192 0.548698 -0.000312483 -0.667387 -0.744711 0.999993 -0.003079 0.00233971 -0.00385446 -0.744705 0.667383 0.201668 0.0864052 0.954622\n-0.293339 -0.0802604 0.534789 -0.00979358 0.734877 -0.678129 0.996962 -0.0452306 -0.0634138 -0.0772736 -0.67669 -0.732202 0.982927 0.101892 0.217913\n0.0131795 -0.0983055 -0.067927 1 0 0 0 1 0 0 0 1 0.699011 0.674457 0.499936\n0.318135 0.537944 -0.354744 0.999164 0.0341152 -0.0225461 0.0177606 0.134592 0.990742 0.0368338 -0.990314 0.133873 0.0827499 0.0398261 0.667986\n-0.296813 0.547497 -0.350129 0.0077634 0.993829 -0.110654 0.00867546 0.110586 0.993829 0.999932 -0.00867546 -0.0077634 0.66915 0.0334552 0.0602002\n0.00493473 0.615142 -0.356354 0.999937 0.00851993 0.00733419 -0.00851993 0.148713 0.988844 0.00733419 -0.988844 0.148776 0.569368 0.019066 0.0501953\n0.0139282 0.712419 -0.371453 0.999978 0.00522811 0.00420049 -0.00522811 0.215407 0.97651 0.00420049 -0.97651 0.21543 0.550196 0.0173894 0.0400089\n0.0110749 0.799612 -0.388633 0.999975 0.00548216 0.00444163 -0.00548216 0.207408 0.978239 0.00444163 -0.978239 0.207433 0.553708 0.0174705 0.0471658\nC 32\n0 5\n0 8\n0 1\n0 6\n0 2\n1 3\n1 2\n1 5\n1 4\n1 8\n2 8\n2 3\n3 7\n3 4\n3 8\n4 8\n4 10\n5 9\n5 8\n6 8\n7 8\n8 9\n8 10\n9 11\n9 13\n9 12\n10 11\n10 12\n10 13\n11 13\n11 12\n12 13\nS 6\n2\n0 0.314463 -0.444496 0.185193\n3 -0.293731 -0.435287 0.190702\n2\n0.010366 -0.439892 0.187948\n-0.999844 0.0151377 0.00905638\n2\n1 0.0124714 -0.419133 -0.0795258\n2 0.0132166 -0.417472 0.0296136\n2\n0.012844 -0.418303 -0.0249561\n0.00682733 0.0152218 0.999861\n2\n4 -0.297118 -0.152778 -0.348467\n5 0.323112 -0.154207 -0.351966\n2\n0.0129971 -0.153492 -0.350217\n0.999981 -0.00230397 -0.00564255\n2\n6 0.320513 -0.0910192 0.548698\n7 -0.293339 -0.0802604 0.534789\n2\n0.013587 -0.0856398 0.541744\n-0.99959 0.0175195 -0.0226484\n2\n9 0.318135 0.537944 -0.354744\n10 -0.296813 0.547497 -0.350129\n2\n0.0106609 0.54272 -0.352437\n-0.999851 0.0155328 0.00750347\n2\n11 0.00493473 0.615142 -0.356354\n13 0.0110749 0.799612 -0.388633\n2\n0.00800481 0.707377 -0.372494\n0.0327698 0.984505 -0.172267\nL 14\n2\n2\n2\n2\n2\n2\n2\n2\n1\n0\n0\n0\n0\n0"
}