{
    "boxes": [
        [
            0.0030854600481688976,
            -0.05310869961977005,
            0.09399180114269257,
            0.12514500319957733,
            0.6797149777412415,
            0.8005520105361938,
            -0.008155269548296928,
            0.9998469948768616,
            0.015448600053787231,
            6.299850065261126e-05,
            -0.015448600053787231,
            0.9998810291290283
        ],
        [
            -0.3625189960002899,
            -0.44120898842811584,
            -0.2559809982776642,
            0.7185999751091003,
            0.0640915036201477,
            0.07282119989395142,
            0.003435879945755005,
            0.9944450259208679,
            0.1051969975233078,
            0.09716439992189407,
            -0.10503199696540833,
            0.9897109866142273
        ],
        [
            -0.36888301372528076,
            -0.4478369951248169,
            0.43751901388168335,
            0.7041869759559631,
            0.05107010155916214,
            0.06228049844503403,
            0.007829179987311363,
            0.9970250129699707,
            -0.07668360322713852,
            -0.10446400195360184,
            0.07708179950714111,
            0.9915369749069214
        ],
        [
            0.005418070126324892,
            0.3876659870147705,
            -0.2617579996585846,
            0.4624969959259033,
            0.043289199471473694,
            0.714851975440979,
            -0.002088950015604496,
            0.9932230114936829,
            -0.11620599776506424,
            -0.002347599947825074,
            0.11620199680328369,
            0.9932230114936829
        ],
        [
            -0.36226800084114075,
            0.262937992811203,
            -0.2567310035228729,
            0.728797972202301,
            0.061861999332904816,
            0.08744789659976959,
            0.026639599353075027,
            0.9945160150527954,
            -0.10113099962472916,
            -0.028470400720834732,
            0.1018809974193573,
            0.994388997554779
        ]
    ],
    "ops": [
        [
            0,
            0,
            0,
            1,
            2,
            1,
            0,
            0,
            2,
            1,
            1
        ]
    ],
    "syms": [
        [
            0.0,
            0.9999629855155945,
            0.008464390411973,
            0.0012584100477397442,
            0.0068414099514484406,
            -0.4380829930305481,
            -0.25551700592041016,
            0.0
        ],
        [
            0.0,
            0.999888002872467,
            0.014725999906659126,
            0.002512460108846426,
            0.003869940061122179,
            0.26833000779151917,
            -0.25581100583076477,
            0.0
        ]
    ],
    "labels:": [
        [
            1,
            2,
            2,
            0,
            0
        ]
    ],
    "obj": 517,
    "mat_index": 6129,
    "obbs": "N 8\n0.00541807 0.387666 -0.261758 -0.00208895 0.993223 -0.116206 -0.0023476 0.116202 0.993223 0.999995 0.0023476 0.00208895 0.462497 0.0432892 0.714852\n0.00308546 -0.0531087 0.0939918 0.999967 0.00815527 6.29985e-05 -0.00815527 0.999847 0.0154486 6.29985e-05 -0.0154486 0.999881 0.800552 0.125145 0.679715\n0.370008 0.273722 -0.254891 -0.998713 0.00182797 -0.0506851 -0.0502466 0.100273 0.99369 0.00689878 0.994958 -0.100052 0.0725939 0.0622048 0.708143\n-0.362268 0.262938 -0.256731 -0.99924 0.0236109 -0.0310284 -0.0284704 0.101881 0.994389 0.0266396 0.994516 -0.101131 0.0874479 0.061862 0.728798\n0.376202 -0.434956 -0.255052 0.997421 0.0424327 -0.0578877 0.061749 -0.0961847 0.993446 0.0365867 -0.994459 -0.0985568 0.0826942 0.0620881 0.731402\n0.375953 -0.440612 0.436875 0.0079773 0.997094 -0.0757631 -0.160215 0.0760611 0.984147 0.98705 0.00428751 0.160356 0.718612 0.0536628 0.0635182\n-0.368883 -0.447837 0.437519 0.00782918 0.997025 -0.0766836 -0.104464 0.0770818 0.991537 0.994498 0.000247742 0.104757 0.704187 0.0510701 0.0622805\n-0.362519 -0.441209 -0.255981 0.995262 0.00682085 -0.0969856 0.0971644 -0.105032 0.989711 -0.00343588 -0.994445 -0.105197 0.0728212 0.0640915 0.7186\nC 13\n0 1\n0 7\n0 4\n0 3\n0 2\n1 2\n1 3\n1 4\n1 5\n1 6\n1 7\n2 4\n3 7\nS 3\n2\n2 0.370008 0.273722 -0.254891\n3 -0.362268 0.262938 -0.256731\n2\n0.00386994 0.26833 -0.255811\n-0.999888 -0.014726 -0.00251246\n2\n4 0.376202 -0.434956 -0.255052\n7 -0.362519 -0.441209 -0.255981\n2\n0.00684141 -0.438083 -0.255517\n-0.999963 -0.00846439 -0.00125841\n2\n5 0.375953 -0.440612 0.436875\n6 -0.368883 -0.447837 0.437519\n2\n0.00353461 -0.444225 0.437197\n-0.999953 -0.00969951 0.000863844\nL 8\n0\n1\n0\n0\n2\n2\n2\n2"
}