{
    "boxes": [
        [
            -0.02392739988863468,
            -0.2566399872303009,
            0.11556100100278854,
            0.4229559898376465,
            0.7785279750823975,
            0.7241230010986328,
            -0.018067700788378716,
            0.9988059997558594,
            0.04538999870419502,
            -0.20747600495815277,
            -0.04815459996461868,
            0.9770539999008179
        ],
        [
            0.3478870093822479,
            -0.20837299525737762,
            0.14050699770450592,
            0.19737400114536285,
            0.19737400114536285,
            0.020089099183678627,
            -0.02364340052008629,
            0.9939950108528137,
            0.10683999955654144,
            -0.21140700578689575,
            -0.10942400246858597,
            0.971252977848053
        ],
        [
            -0.3714820146560669,
            -0.20836199820041656,
            -0.016467800363898277,
            0.19734600186347961,
            0.19734600186347961,
            0.020003600046038628,
            -0.12584899365901947,
            0.8053650259971619,
            0.5792660117149353,
            -0.17303599417209625,
            -0.5927780270576477,
            0.7865579724311829
        ],
        [
            -0.4139710068702698,
            -0.02501939982175827,
            0.10618399828672409,
            0.5060709714889526,
            0.057719700038433075,
            0.02331010065972805,
            -0.09891989827156067,
            0.8178949952125549,
            0.5667999982833862,
            -0.1661369949579239,
            -0.575173020362854,
            0.8009840250015259
        ],
        [
            -0.430867999792099,
            0.17276699841022491,
            0.2201090008020401,
            0.034475501626729965,
            0.43001601099967957,
            0.09034939855337143,
            -0.10948900133371353,
            0.989342987537384,
            0.09598340094089508,
            -0.20149199664592743,
            -0.11665000021457672,
            0.9725189805030823
        ],
        [
            -0.03454219922423363,
            -0.5728189945220947,
            0.17195099592208862,
            0.4726240038871765,
            0.13209399580955505,
            0.05068890005350113,
            0.07518579810857773,
            0.9542250037193298,
            -0.28948500752449036,
            -0.20517799258232117,
            0.29889899492263794,
            0.93196702003479
        ],
        [
            -0.011337299831211567,
            -0.8155019879341125,
            0.05907920002937317,
            0.09392230212688446,
            0.6326820254325867,
            0.3169189989566803,
            -0.003852240042760968,
            0.9999750256538391,
            -0.0059024798683822155,
            -0.20792099833488464,
            0.004972570110112429,
            0.9781330227851868
        ],
        [
            0.0342692993581295,
            0.4020630121231079,
            -0.15148499608039856,
            1.0803699493408203,
            0.3796449899673462,
            0.7294290065765381,
            0.018393099308013916,
            0.9882919788360596,
            -0.15146200358867645,
            -0.22086599469184875,
            0.151760995388031,
            0.9634249806404114
        ]
    ],
    "ops": [
        [
            0,
            0,
            0,
            0,
            0,
            1,
            2,
            1,
            1,
            1,
            0,
            0,
            1,
            1,
            0,
            1
        ]
    ],
    "syms": [
        [
            0.0,
            0.977931022644043,
            0.0025547000113874674,
            0.2089110016822815,
            -0.038887299597263336,
            -0.024039600044488907,
            0.1863120049238205,
            0.0
        ]
    ],
    "labels:": [
        [
            1,
            3,
            3,
            3,
            3,
            2,
            2,
            0
        ]
    ],
    "obj": 530,
    "mat_index": 6133,
    "obbs": "N 10\n0.0342693 0.402063 -0.151485 0.0183931 0.988292 -0.151462 -0.220866 0.151761 0.963425 0.975131 0.0157323 0.221071 1.08037 0.379645 0.729429\n-0.371482 -0.208362 -0.0164678 0.125849 -0.805365 -0.579266 0.976842 -0.00124619 0.213958 -0.173036 -0.592778 0.786558 0.197346 0.0200036 0.197346\n0.347887 -0.208373 0.140507 -0.0236434 0.993995 0.10684 0.977112 0.00037705 0.212725 0.211407 0.109424 -0.971253 0.197374 0.0200891 0.197374\n-0.0239274 -0.25664 0.115561 0.207476 0.0481546 -0.977054 -0.0180677 0.998806 0.04539 0.978073 0.0082358 0.208099 0.778528 0.422956 0.724123\n-0.0345422 -0.572819 0.171951 0.205178 -0.298899 -0.931967 0.975833 -0.0106748 0.218259 -0.0751858 -0.954225 0.289485 0.132094 0.0506889 0.472624\n-0.413971 -0.0250194 0.106184 0.0989199 -0.817895 -0.5668 0.981129 -0.014933 0.192779 -0.166137 -0.575173 0.800984 0.506071 0.0233101 0.0577197\n0.336196 -0.0230597 0.266439 0.173316 0.557669 -0.811767 0.974506 0.0221329 0.223267 0.142476 -0.829768 -0.539616 0.0594797 0.0232937 0.505582\n-0.430868 0.172767 0.220109 0.201492 0.11665 -0.972519 -0.109489 0.989343 0.0959834 0.973352 0.0871408 0.212116 0.430016 0.0344755 0.0903494\n0.303302 0.172679 0.380569 0.211313 0.118094 -0.970258 0.0572947 0.989471 0.132911 0.975738 -0.0836764 0.202322 0.430055 0.0346205 0.087765\n-0.0113373 -0.815502 0.0590792 0.207921 -0.00497257 -0.978133 -0.00385224 0.999975 -0.00590248 0.978138 0.00499525 0.207897 0.632682 0.0939223 0.316919\nC 20\n0 1\n0 7\n0 6\n0 5\n0 4\n0 3\n0 8\n0 2\n1 3\n1 5\n2 6\n2 3\n3 8\n3 6\n3 7\n3 4\n3 5\n4 9\n5 7\n6 8\nS 2\n2\n5 -0.413971 -0.0250194 0.106184\n6 0.336196 -0.0230597 0.266439\n2\n-0.0388873 -0.0240396 0.186312\n0.977931 0.0025547 0.208911\n2\n7 -0.430868 0.172767 0.220109\n8 0.303302 0.172679 0.380569\n2\n-0.063783 0.172723 0.300339\n0.976939 -0.000116896 0.213519\nL 10\n0\n3\n3\n1\n2\n3\n3\n3\n3\n2"
}