{
    "boxes": [
        [
            -0.004709260072559118,
            -0.19700799882411957,
            0.171316996216774,
            0.1000170037150383,
            0.7865170240402222,
            0.5559890270233154,
            -0.006046469788998365,
            0.9999600052833557,
            0.006595910061150789,
            1.9941400751122274e-05,
            -0.006595910061150789,
            0.9999780058860779
        ],
        [
            -0.21984900534152985,
            -0.5238500237464905,
            0.4623749852180481,
            0.667248010635376,
            0.05377500131726265,
            0.054381001740694046,
            0.0,
            1.0,
            0.0,
            0.0,
            0.0,
            1.0
        ],
        [
            -0.18785500526428223,
            -0.5411530137062073,
            -0.24784499406814575,
            0.6348109841346741,
            0.08015179634094238,
            0.08249679952859879,
            0.016131699085235596,
            0.9880579710006714,
            0.15323400497436523,
            -0.4663600027561188,
            -0.12812800705432892,
            0.8752670288085938
        ],
        [
            0.19171099364757538,
            -0.538644015789032,
            -0.24339699745178223,
            0.6405259966850281,
            0.06441940367221832,
            0.09505929797887802,
            -0.00655402010306716,
            0.9895740151405334,
            0.14387600123882294,
            -0.640995979309082,
            -0.11458999663591385,
            0.7589430212974548
        ],
        [
            -0.0006200000061653554,
            0.27730101346969604,
            -0.19166100025177002,
            1.029420018196106,
            0.06614299863576889,
            0.4177660048007965,
            0.0,
            1.0,
            0.0,
            0.0,
            0.0,
            1.0
        ],
        [
            0.019148999825119972,
            0.8255190253257751,
            -0.21510399878025055,
            0.11093399673700333,
            0.020363999530673027,
            0.5494459867477417,
            0.0,
            1.0,
            0.0,
            0.0,
            0.0,
            1.0
        ],
        [
            -0.00528449984267354,
            0.7469509840011597,
            -0.2164289951324463,
            0.11093399673700333,
            0.02036299929022789,
            0.5494470000267029,
            0.0,
            1.0,
            0.0,
            0.0,
            0.0,
            1.0
        ],
        [
            -0.21742099523544312,
            0.32249200344085693,
            -0.21136699616909027,
            1.1466399431228638,
            0.061581600457429886,
            0.10900700092315674,
            -0.0863829031586647,
            0.996258020401001,
            -0.002839480061084032,
            0.018294500187039375,
            0.004435909911990166,
            0.9998229742050171
        ]
    ],
    "ops": [
        [
            0,
            0,
            2,
            0,
            0,
            1,
            1,
            1,
            0,
            0,
            1,
            0,
            2,
            0,
            2,
            1,
            1,
            1
        ]
    ],
    "syms": [
        [
            0.0,
            0.9998049736022949,
            0.009265069849789143,
            0.0174391008913517,
            -0.0038102499675005674,
            -0.5218480229377747,
            0.46614399552345276,
            0.0
        ],
        [
            0.0,
            0.09615760296583176,
            0.9950259923934937,
            0.026014599949121475,
            0.0014852499589323997,
            0.8170030117034912,
            -0.21459700167179108,
            0.0
        ],
        [
            0.0,
            0.9996619820594788,
            0.014710299670696259,
            0.02141379937529564,
            -0.001412709942087531,
            0.32567098736763,
            -0.20674000680446625,
            0.0
        ]
    ],
    "labels:": [
        [
            1,
            2,
            2,
            2,
            0,
            0,
            0,
            0
        ]
    ],
    "obj": 3029,
    "mat_index": 616,
    "obbs": "N 11\n-0.00062 0.277301 -0.191661 1 0 0 0 1 0 0 0 1 0.417766 1.02942 0.066143\n-0.00470926 -0.197008 0.171317 0.999982 0.00604647 1.99414e-05 -0.00604647 0.99996 0.00659591 1.99414e-05 -0.00659591 0.999978 0.555989 0.100017 0.786517\n0.008255 0.887056 -0.212765 1 0 0 0 1 0 0 0 1 0.549446 0.110934 0.020363\n0.019149 0.825519 -0.215104 1 0 0 0 1 0 0 0 1 0.549446 0.110934 0.020364\n-0.0052845 0.746951 -0.216429 1 0 0 0 1 0 0 0 1 0.549447 0.110934 0.020363\n-0.187855 -0.541153 -0.247845 0.0161317 0.988058 0.153234 -0.46636 -0.128128 0.875267 0.884448 -0.0855819 0.458724 0.634811 0.0801518 0.0824968\n0.191711 -0.538644 -0.243397 -0.00655402 0.989574 0.143876 0.767517 -0.0872498 0.635064 0.640996 0.11459 -0.758943 0.640526 0.0950593 0.0644194\n0.212228 -0.519846 0.469912 1 0 0 0 1 0 0 0 1 0.05438 0.667248 0.053774\n-0.219849 -0.52385 0.462375 1 0 0 0 1 0 0 0 1 0.054381 0.667248 0.053775\n0.214595 0.328849 -0.202113 -0.988864 0.114182 -0.0954528 -0.0948533 0.0106849 0.995434 0.11468 0.993402 0.000264625 0.121995 0.0794892 1.15026\n-0.217421 0.322492 -0.211367 0.996094 0.0863156 -0.0186093 0.0182945 0.00443591 0.999823 0.0863829 -0.996258 0.00283948 0.109007 0.0615816 1.14664\nC 27\n0 2\n0 10\n0 3\n0 4\n0 5\n0 1\n0 6\n0 9\n1 6\n1 5\n1 10\n1 9\n1 8\n1 7\n2 9\n2 10\n2 3\n2 4\n3 10\n3 9\n3 4\n4 9\n4 10\n5 9\n5 10\n6 9\n9 10\nS 3\n2\n4 -0.0052845 0.746951 -0.216429\n2 0.008255 0.887056 -0.212765\n2\n0.00148525 0.817003 -0.214597\n0.0961576 0.995026 0.0260146\n2\n7 0.212228 -0.519846 0.469912\n8 -0.219849 -0.52385 0.462375\n2\n-0.00381025 -0.521848 0.466144\n-0.999805 -0.00926507 -0.0174391\n2\n9 0.214595 0.328849 -0.202113\n10 -0.217421 0.322492 -0.211367\n2\n-0.00141271 0.325671 -0.20674\n-0.999662 -0.0147103 -0.0214138\nL 11\n0\n1\n0\n0\n0\n2\n2\n2\n2\n0\n0"
}