{
    "boxes": [
        [
            0.008889550343155861,
            -0.06625570356845856,
            0.15907900035381317,
            0.3648659884929657,
            0.9308300018310547,
            0.9392459988594055,
            0.014610500074923038,
            0.9994379878044128,
            0.030170200392603874,
            -0.00022046199592296034,
            -0.030170200392603874,
            0.9995449781417847
        ],
        [
            -0.2733660042285919,
            -0.4897859990596771,
            -0.13885800540447235,
            0.6919969916343689,
            0.04921469837427139,
            0.07378970086574554,
            0.2546660006046295,
            0.9326000213623047,
            0.2557390034198761,
            -0.7051780223846436,
            -0.0018670799909159541,
            0.7090269923210144
        ],
        [
            -0.037613000720739365,
            -0.4314340054988861,
            0.39721399545669556,
            0.021973099559545517,
            0.010947899892926216,
            0.6284880042076111,
            -0.5754349827766418,
            0.8178430199623108,
            0.0026366899255663157,
            0.12421099841594696,
            0.08420780301094055,
            0.9886760115623474
        ],
        [
            0.26500600576400757,
            -0.4314340054988861,
            0.09459490329027176,
            0.02197990007698536,
            0.6284869909286499,
            0.010947800241410732,
            0.0026175999082624912,
            0.8178349733352661,
            -0.5754460096359253,
            -0.15004199743270874,
            0.569254994392395,
            0.8083540201187134
        ],
        [
            -0.2735440135002136,
            -0.4896880090236664,
            0.4283060133457184,
            0.6919119954109192,
            0.048806898295879364,
            0.07288440316915512,
            0.2533720135688782,
            0.933493971824646,
            -0.25375500321388245,
            0.7072769999504089,
            0.00019777400302700698,
            0.7069360017776489
        ],
        [
            -0.03761319816112518,
            -0.4314340054988861,
            -0.11247000098228455,
            0.014519999735057354,
            0.010947800241410732,
            0.6285719871520996,
            -0.5657920241355896,
            0.8245480060577393,
            -0.0007680879789404571,
            -0.12416400015354156,
            -0.08427809923887253,
            0.9886760115623474
        ],
        [
            -0.24467800557613373,
            -0.4314340054988861,
            0.08835180103778839,
            0.014528700150549412,
            0.6285719871520996,
            0.01094760000705719,
            -0.0007931870059110224,
            0.8245419859886169,
            -0.5658000111579895,
            0.15006199479103088,
            0.5594919919967651,
            0.8151379823684692
        ],
        [
            0.03440630063414574,
            0.4494880139827728,
            -0.29412001371383667,
            0.8581799864768982,
            0.21460799872875214,
            0.879984974861145,
            0.035202398896217346,
            0.9813860058784485,
            -0.18879400193691254,
            -0.020768500864505768,
            0.1895889937877655,
            0.9816439747810364
        ]
    ],
    "ops": [
        [
            0,
            0,
            2,
            0,
            2,
            0,
            2,
            1,
            1,
            0,
            2,
            0,
            2,
            0,
            2,
            1,
            1,
            1,
            1,
            0,
            1
        ]
    ],
    "syms": [
        [
            0.0,
            1.0,
            0.00028017201111651957,
            -0.0005039999959990382,
            0.010265899822115898,
            -0.48970699310302734,
            -0.13899999856948853,
            0.0
        ],
        [
            0.0,
            1.0,
            4.4692299638882105e-07,
            -1.1779899722341725e-07,
            0.01016400009393692,
            -0.4314340054988861,
            0.39721399545669556,
            0.0
        ],
        [
            0.0,
            -1.2556199635582743e-07,
            -2.0157099243078846e-06,
            1.0,
            0.26500600576400757,
            -0.4314340054988861,
            0.1423719972372055,
            0.0
        ],
        [
            0.0,
            1.0,
            0.0002589549985714257,
            0.00047092398745007813,
            0.010255799628794193,
            -0.48961499333381653,
            0.42844000458717346,
            0.0
        ],
        [
            0.0,
            0.9981309771537781,
            -0.060631200671195984,
            0.007697070017457008,
            0.013349800370633602,
            -0.43452998995780945,
            -0.11207699775695801,
            0.0
        ],
        [
            0.0,
            4.653430085710397e-09,
            -4.582970177580137e-06,
            1.0,
            -0.24467800557613373,
            -0.4314340054988861,
            0.1392499953508377,
            0.0
        ]
    ],
    "labels:": [
        [
            1,
            2,
            2,
            2,
            2,
            2,
            2,
            0
        ]
    ],
    "obj": 692,
    "mat_index": 6164,
    "obbs": "N 14\n0.0344063 0.449488 -0.29412 -0.999164 0.0306353 -0.0270559 -0.0207685 0.189589 0.981644 0.0352024 0.981386 -0.188794 0.879985 0.214608 0.85818\n-0.037613 -0.431434 0.397214 -0.575435 0.817843 0.00263669 0.124211 0.0842078 0.988676 0.80836 0.569246 -0.150042 0.0219731 0.0109479 0.628488\n0.0579409 -0.431434 0.397214 0.575436 0.817843 0.00263554 -0.12421 0.0842086 0.988676 0.80836 -0.569247 0.150041 0.0219737 0.0109476 0.628487\n0.265006 -0.431434 0.0945949 0.150042 -0.569255 -0.808354 0.988676 0.084225 0.1242 -0.0026176 -0.817835 0.575446 0.628487 0.0109478 0.0219799\n0.265006 -0.431434 0.190149 -0.150042 0.569274 -0.808341 0.988676 0.0842609 -0.124174 -0.00257779 -0.817819 -0.57547 0.628487 0.0109474 0.0219948\n0.0643128 -0.437625 -0.111684 -0.815125 0.55951 0.150062 0.124198 -0.0842279 0.988676 0.565814 0.824532 -0.000833551 0.628572 0.0109477 0.014543\n-0.0376132 -0.431434 -0.11247 0.815146 0.55948 0.150063 -0.124164 -0.0842781 0.988676 0.565792 -0.824548 0.000768088 0.628572 0.0109478 0.01452\n-0.244678 -0.431434 0.190149 0.000881227 -0.824521 -0.56583 0.988676 -0.0841913 0.124222 -0.150062 -0.559533 0.81511 0.0145598 0.0109478 0.628572\n-0.244678 -0.431434 0.0883518 -0.000793187 0.824542 -0.5658 0.988676 -0.0842587 -0.124176 -0.150062 -0.559492 -0.815138 0.0145287 0.0109476 0.628572\n0.00888955 -0.0662557 0.159079 0.999893 -0.0146105 -0.000220462 0.0146105 0.999438 0.0301702 -0.000220462 -0.0301702 0.999545 0.939246 0.364866 0.93083\n0.293898 -0.489627 -0.139143 -0.25372 0.932983 0.25528 0.705932 -0.00182229 0.708277 0.661276 0.359915 -0.658161 0.691961 0.0494271 0.0734026\n0.294056 -0.489541 0.428574 -0.659696 -0.357235 -0.661199 0.707964 -0.000197278 -0.706249 0.252166 -0.934014 0.25304 0.0723615 0.0490428 0.69186\n-0.273366 -0.489786 -0.138858 -0.661716 0.360907 -0.657174 -0.705178 -0.00186708 0.709027 0.254666 0.9326 0.255739 0.0737897 0.0492147 0.691997\n-0.273544 -0.489688 0.428306 0.253372 0.933494 -0.253755 0.707277 0.000197774 0.706936 0.659971 -0.358593 -0.660189 0.691912 0.0488069 0.0728844\nC 51\n0 10\n0 12\n0 9\n1 3\n1 11\n1 2\n1 13\n1 4\n1 9\n1 8\n1 7\n2 8\n2 9\n2 13\n2 3\n2 7\n2 11\n2 4\n3 11\n3 10\n3 6\n3 9\n3 5\n3 4\n4 9\n4 10\n4 5\n4 11\n4 6\n5 9\n5 6\n5 8\n5 12\n5 10\n5 7\n6 9\n6 7\n6 10\n6 12\n6 8\n7 12\n7 8\n7 9\n7 13\n8 13\n8 9\n8 12\n9 11\n9 10\n9 13\n9 12\nS 6\n2\n1 -0.037613 -0.431434 0.397214\n2 0.0579409 -0.431434 0.397214\n2\n0.010164 -0.431434 0.397214\n1 4.46923e-07 -1.17799e-07\n2\n5 0.0643128 -0.437625 -0.111684\n6 -0.0376132 -0.431434 -0.11247\n2\n0.0133498 -0.43453 -0.112077\n-0.998131 0.0606312 -0.00769707\n2\n3 0.265006 -0.431434 0.0945949\n4 0.265006 -0.431434 0.190149\n2\n0.265006 -0.431434 0.142372\n-1.25562e-07 -2.01571e-06 1\n2\n7 -0.244678 -0.431434 0.190149\n8 -0.244678 -0.431434 0.0883518\n2\n-0.244678 -0.431434 0.13925\n-4.65343e-09 4.58297e-06 -1\n2\n10 0.293898 -0.489627 -0.139143\n12 -0.273366 -0.489786 -0.138858\n2\n0.0102659 -0.489707 -0.139\n-1 -0.000280172 0.000504\n2\n11 0.294056 -0.489541 0.428574\n13 -0.273544 -0.489688 0.428306\n2\n0.0102558 -0.489615 0.42844\n-1 -0.000258955 -0.000470924\nL 14\n0\n2\n2\n2\n2\n2\n2\n2\n2\n1\n2\n2\n2\n2"
}