{
    "boxes": [
        [
            0.004718500189483166,
            -0.07271049916744232,
            0.12511199712753296,
            0.057218998670578,
            0.7692469954490662,
            0.6809390187263489,
            0.0,
            1.0,
            0.0,
            0.0,
            0.0,
            1.0
        ],
        [
            -0.39389699697494507,
            0.2679379880428314,
            0.17305199801921844,
            0.06089099869132042,
            0.7178909778594971,
            0.1239359974861145,
            0.0,
            1.0,
            0.0,
            0.0,
            0.0,
            1.0
        ],
        [
            -0.3521069884300232,
            0.08421999961137772,
            0.4639280140399933,
            0.32945001125335693,
            0.10583899915218353,
            0.10257600247859955,
            0.0,
            1.0,
            0.0,
            0.0,
            0.0,
            1.0
        ],
        [
            0.3486810028553009,
            -0.3300609886646271,
            -0.24269099533557892,
            0.47818800806999207,
            0.1352120041847229,
            0.08723799884319305,
            0.0,
            1.0,
            0.0,
            0.0,
            0.0,
            1.0
        ],
        [
            -0.35997799038887024,
            -0.5790929794311523,
            0.009418499656021595,
            0.13554100692272186,
            1.3806899785995483,
            0.056099001318216324,
            0.0,
            1.0,
            0.0,
            0.0,
            0.0,
            1.0
        ],
        [
            -0.3574860095977783,
            -0.33187898993492126,
            0.11669500172138214,
            0.1030149981379509,
            0.6247509717941284,
            0.061083998531103134,
            0.0,
            1.0,
            0.0,
            0.0,
            0.0,
            1.0
        ],
        [
            0.002925500040873885,
            -0.33309099078178406,
            -0.2401210069656372,
            0.10153499990701675,
            0.09406699985265732,
            0.6487529873847961,
            0.0,
            1.0,
            0.0,
            0.0,
            0.0,
            1.0
        ],
        [
            -0.3443959951400757,
            -0.3142400085926056,
            0.46183499693870544,
            0.4788619875907898,
            0.11041700094938278,
            0.08726300299167633,
            0.0,
            1.0,
            0.0,
            0.0,
            0.0,
            1.0
        ],
        [
            0.35667499899864197,
            0.39278700947761536,
            -0.24832400679588318,
            1.0017399787902832,
            0.11525300145149231,
            0.08763880282640457,
            0.00014569799532182515,
            0.9962480068206787,
            -0.08653990179300308,
            0.1893409937620163,
            0.08494710177183151,
            0.9782299995422363
        ],
        [
            0.007201999891549349,
            0.12150000035762787,
            -0.23171700537204742,
            0.10152900218963623,
            0.0845400020480156,
            0.6575599908828735,
            0.0,
            1.0,
            0.0,
            0.0,
            0.0,
            1.0
        ],
        [
            -0.24844799935817719,
            0.46066901087760925,
            -0.25216400623321533,
            0.6189849972724915,
            0.09810180217027664,
            0.08347249776124954,
            -0.008486229926347733,
            0.9965590238571167,
            -0.08245089650154114,
            0.13464400172233582,
            0.08284170180559158,
            0.9874250292778015
        ]
    ],
    "ops": [
        [
            0,
            0,
            0,
            1,
            2,
            1,
            0,
            0,
            0,
            1,
            1,
            2,
            0,
            2,
            0,
            2,
            1,
            1,
            1,
            0,
            2,
            0,
            2,
            0,
            2,
            1,
            1,
            1
        ]
    ],
    "syms": [
        [
            0.0,
            0.9999409914016724,
            0.006103899795562029,
            -0.008969009853899479,
            0.0021379999816417694,
            0.2703559994697571,
            0.16949999332427979,
            0.0
        ],
        [
            0.0,
            0.9999110102653503,
            0.0036942700389772654,
            -0.012854199856519699,
            -0.0011775899911299348,
            -0.3313539922237396,
            -0.23819300532341003,
            0.0
        ],
        [
            0.0,
            0.000346676999470219,
            -0.0016845699865370989,
            0.9999989867210388,
            0.0030479999259114265,
            -0.3336870074272156,
            0.11323399841785431,
            0.0
        ],
        [
            0.0,
            0.9999510049819946,
            0.009139190427958965,
            0.003883020021021366,
            0.003510999958962202,
            -0.31106001138687134,
            0.46318599581718445,
            0.0
        ],
        [
            0.0,
            0.9999340176582336,
            -0.002430180087685585,
            -0.0112076997756958,
            0.006445650011301041,
            0.393638014793396,
            -0.24439899623394012,
            0.0
        ],
        [
            0.0,
            -0.0002096190000884235,
            0.99822598695755,
            -0.05954660102725029,
            0.007131250109523535,
            0.45841801166534424,
            -0.25181499123573303,
            0.0
        ],
        [
            1.0,
            -0.31175050139427185,
            0.3457622528076172,
            -0.18923324346542358,
            -0.24844799935817719,
            0.46066901087760925,
            -0.25216400623321533,
            0.20000000298023224
        ]
    ],
    "labels:": [
        [
            1,
            3,
            3,
            2,
            2,
            2,
            2,
            2,
            0,
            0,
            0
        ]
    ],
    "obj": 713,
    "mat_index": 6170,
    "obbs": "N 24\n0.0070605 0.795336 -0.271913 1 0 0 0 1 0 0 0 1 0.664143 0.100106 0.08507\n0.007202 0.1215 -0.231717 1 0 0 0 1 0 0 0 1 0.65756 0.101529 0.08454\n0.0047185 -0.0727105 0.125112 1 0 0 0 1 0 0 0 1 0.680939 0.057219 0.769247\n0.25321 0.459627 -0.251723 -0.0441459 -0.0439673 -0.998057 0.99902 -0.005022 -0.0439673 -0.00307912 -0.99902 0.0441459 0.090762 0.0785789 0.617373\n0.130554 0.459913 -0.252328 0.00299372 -0.998613 0.0525733 0.978176 -0.0079982 -0.207624 0.207757 0.0520475 0.976795 0.615716 0.0970592 0.0902304\n0.00228509 0.460402 -0.251902 -0.109601 -0.0572197 -0.992327 0.993976 -0.00681283 -0.10939 -0.000501276 -0.998338 0.0576217 0.0842351 0.0791163 0.617309\n-0.123033 0.455973 -0.251399 -0.00658434 -0.997676 0.0678229 0.992825 -0.0146202 -0.118678 0.119394 0.0665549 0.990614 0.625989 0.0926358 0.0900561\n-0.248448 0.460669 -0.252164 0.00848623 -0.996559 0.0824509 0.990858 -0.00272203 -0.134884 0.134644 0.0828417 0.987425 0.618985 0.0834725 0.0981018\n0.398173 0.272774 0.165948 1 0 0 0 1 0 0 0 1 0.123944 0.070861 0.732116\n-0.393897 0.267938 0.173052 1 0 0 0 1 0 0 0 1 0.123936 0.060891 0.717891\n0.364251 -0.579093 0.0093725 1 0 0 0 1 0 0 0 1 0.056099 0.135541 1.38078\n-0.359978 -0.579093 0.0094185 1 0 0 0 1 0 0 0 1 0.056099 0.135541 1.38069\n0.363206 0.0725043 0.466393 -0.0417711 -0.998736 -0.0279621 0.99888 -0.0411219 -0.0234011 0.0222217 -0.0289083 0.999335 0.343148 0.0756941 0.0964911\n-0.352107 0.08422 0.463928 1 0 0 0 1 0 0 0 1 0.102576 0.32945 0.105839\n0.0029255 -0.333091 -0.240121 1 0 0 0 1 0 0 0 1 0.648753 0.101535 0.094067\n-0.357486 -0.331879 0.116695 1 0 0 0 1 0 0 0 1 0.061084 0.103015 0.624751\n0.0031705 -0.334282 0.466589 1 0 0 0 1 0 0 0 1 0.649035 0.099154 0.086894\n0.360038 -0.332083 0.115148 1 0 0 0 1 0 0 0 1 0.064503 0.102577 0.628335\n-0.351036 -0.332646 -0.233696 -0.0222798 -0.994501 -0.102329 0.950902 0.0105235 -0.309312 0.308688 -0.104196 0.945439 0.485313 0.095358 0.123468\n-0.344396 -0.31424 0.461835 1 0 0 0 1 0 0 0 1 0.087263 0.478862 0.110417\n0.351418 -0.307881 0.464537 1 0 0 0 1 0 0 0 1 0.081763 0.488639 0.105021\n0.348681 -0.330061 -0.242691 1 0 0 0 1 0 0 0 1 0.087238 0.478188 0.135212\n0.356675 0.392787 -0.248324 -0.000145698 -0.996248 0.0865399 0.981911 -0.0165281 -0.188618 0.189341 0.0849471 0.97823 1.00174 0.0876388 0.115253\n-0.343784 0.394489 -0.240473 -0.00932796 -0.999125 0.0407752 0.989573 -0.0150844 -0.143237 0.143727 0.0390139 0.988848 0.996211 0.102137 0.123583\nC 91\n0 7\n0 4\n0 5\n0 22\n0 6\n0 3\n0 23\n1 6\n1 21\n1 5\n1 3\n1 23\n1 4\n1 9\n1 18\n1 7\n1 2\n1 22\n1 8\n2 22\n2 5\n2 6\n2 17\n2 18\n2 12\n2 23\n2 7\n2 19\n2 13\n2 20\n2 3\n2 14\n2 4\n2 16\n2 21\n2 15\n3 5\n3 22\n3 21\n3 4\n3 8\n4 5\n4 6\n4 8\n4 22\n5 7\n5 6\n6 9\n6 7\n6 23\n7 18\n7 23\n7 9\n8 12\n8 22\n9 13\n9 23\n10 17\n10 14\n10 20\n10 16\n10 21\n11 15\n11 16\n11 14\n11 19\n11 18\n12 17\n12 20\n12 16\n13 16\n13 19\n13 15\n14 17\n14 18\n14 15\n14 21\n14 22\n14 23\n15 16\n15 23\n15 19\n15 18\n16 19\n16 20\n16 17\n17 20\n17 22\n17 21\n18 23\n21 22\nS 10\n2\n0 0.0070605 0.795336 -0.271913\n1 0.007202 0.1215 -0.231717\n2\n0.00713125 0.458418 -0.251815\n0.000209619 -0.998226 0.0595466\n5\n3 0.25321 0.459627 -0.251723\n4 0.130554 0.459913 -0.252328\n5 0.00228509 0.460402 -0.251902\n6 -0.123033 0.455973 -0.251399\n7 -0.248448 0.460669 -0.252164\n1\n0 0 0\n0 0 0\n2\n8 0.398173 0.272774 0.165948\n9 -0.393897 0.267938 0.173052\n2\n0.002138 0.270356 0.1695\n-0.999941 -0.0061039 0.00896901\n2\n10 0.364251 -0.579093 0.0093725\n11 -0.359978 -0.579093 0.0094185\n2\n0.002136 -0.579093 0.0093955\n-1 0 6.35158e-05\n2\n12 0.363206 0.0725043 0.466393\n13 -0.352107 0.08422 0.463928\n2\n0.00554938 0.0783622 0.465161\n-0.99986 0.0163761 -0.00344495\n2\n15 -0.357486 -0.331879 0.116695\n17 0.360038 -0.332083 0.115148\n2\n0.00127575 -0.331981 0.115922\n0.999998 -0.000284311 -0.00215602\n2\n14 0.0029255 -0.333091 -0.240121\n16 0.0031705 -0.334282 0.466589\n2\n0.003048 -0.333687 0.113234\n0.000346677 -0.00168457 0.999999\n2\n18 -0.351036 -0.332646 -0.233696\n21 0.348681 -0.330061 -0.242691\n2\n-0.00117759 -0.331354 -0.238193\n0.999911 0.00369427 -0.0128542\n2\n19 -0.344396 -0.31424 0.461835\n20 0.351418 -0.307881 0.464537\n2\n0.003511 -0.31106 0.463186\n0.999951 0.00913919 0.00388302\n2\n22 0.356675 0.392787 -0.248324\n23 -0.343784 0.394489 -0.240473\n2\n0.00644565 0.393638 -0.244399\n-0.999934 0.00243018 0.0112077\nL 24\n0\n0\n1\n0\n0\n0\n0\n0\n3\n3\n2\n2\n3\n3\n2\n2\n2\n2\n2\n2\n2\n2\n0\n0"
}