{
    "boxes": [
        [
            -0.004152849782258272,
            0.02826569974422455,
            0.08560620248317719,
            0.054968900978565216,
            0.7502880096435547,
            0.7221220135688782,
            0.00015287200221791863,
            0.9995719790458679,
            -0.02925180085003376,
            2.2363699372363044e-06,
            0.02925180085003376,
            0.9995719790458679
        ],
        [
            -0.004898000042885542,
            -0.8009600043296814,
            -0.22560100257396698,
            0.0353350006043911,
            0.029662000015378,
            0.7442280054092407,
            0.0,
            1.0,
            0.0,
            0.0,
            0.0,
            1.0
        ],
        [
            -0.422762006521225,
            -0.3926970064640045,
            0.20862600207328796,
            0.9796950221061707,
            0.050641998648643494,
            0.09066899865865707,
            -0.020416399464011192,
            0.8650180101394653,
            -0.5013260245323181,
            -0.03541500121355057,
            0.5004900097846985,
            0.8650180101394653
        ],
        [
            -0.36314699053764343,
            -0.3845219910144806,
            -0.009003570303320885,
            0.9651730060577393,
            0.02234629914164543,
            0.060956500470638275,
            0.027600400149822235,
            0.8865770101547241,
            0.46175599098205566,
            0.01674010045826435,
            -0.46227699518203735,
            0.8865770101547241
        ],
        [
            -0.004152500070631504,
            0.4600819945335388,
            -0.28418898582458496,
            0.3681409955024719,
            0.015026300214231014,
            0.7754970192909241,
            1.2544300450820223e-12,
            0.8657079935073853,
            -0.5005490183830261,
            2.174329943524511e-12,
            0.5005490183830261,
            0.8657079935073853
        ],
        [
            -0.004681190010160208,
            0.34428098797798157,
            -0.21737200021743774,
            0.7649250030517578,
            0.052115198224782944,
            0.9089599847793579,
            -0.0018878099508583546,
            0.865962028503418,
            -0.5001069903373718,
            -0.0032702400349080563,
            0.5001000165939331,
            0.865962028503418
        ]
    ],
    "ops": [
        [
            0,
            0,
            0,
            0,
            1,
            2,
            1,
            1,
            0,
            0,
            1,
            1
        ]
    ],
    "syms": [
        [
            0.0,
            0.9999970197677612,
            -0.0023218500427901745,
            0.0007158489897847176,
            -0.006218929775059223,
            -0.39366400241851807,
            0.20892499387264252,
            0.0
        ]
    ],
    "labels:": [
        [
            1,
            2,
            2,
            2,
            0,
            0
        ]
    ],
    "obj": 3111,
    "mat_index": 666,
    "obbs": "N 8\n-0.0041525 0.460082 -0.284189 1 -2.17433e-12 -1.25443e-12 2.17433e-12 0.500549 0.865708 -1.25443e-12 -0.865708 0.500549 0.775497 0.0150263 0.368141\n-0.004898 -0.80096 -0.225601 1 0 0 0 1 0 0 0 1 0.744228 0.035335 0.029662\n-0.00415285 0.0282657 0.0856062 -2.23637e-06 -0.0292518 -0.999572 0.000152872 0.999572 -0.0292518 1 -0.000152872 2.23637e-06 0.750288 0.0549689 0.722122\n0.410324 -0.394631 0.209223 -0.998041 -0.0146966 -0.0608177 -0.0600396 0.498493 0.864812 0.0176074 0.866769 -0.498399 0.0966549 0.0524546 0.975584\n-0.422762 -0.392697 0.208626 -0.0204164 0.865018 -0.501326 -0.035415 0.50049 0.865018 0.999164 0.035415 0.0204164 0.979695 0.050642 0.090669\n0.352781 -0.380334 -0.00695393 0.00676435 0.886671 0.462351 0.0675648 -0.46171 0.884454 0.997692 0.0252559 -0.063031 0.954138 0.0243122 0.0469518\n-0.363147 -0.384522 -0.00900357 0.999479 -0.0167401 -0.0276004 0.0167401 -0.462277 0.886577 -0.0276004 -0.886577 -0.461756 0.0609565 0.0223463 0.965173\n-0.00468119 0.344281 -0.217372 0.999993 0.00327024 0.00188781 -0.00327024 0.5001 0.865962 0.00188781 -0.865962 0.500107 0.90896 0.0521152 0.764925\nC 14\n0 7\n1 5\n1 6\n2 7\n2 6\n2 3\n2 5\n2 4\n3 7\n3 5\n4 7\n4 6\n5 7\n6 7\nS 2\n2\n3 0.410324 -0.394631 0.209223\n4 -0.422762 -0.392697 0.208626\n2\n-0.00621893 -0.393664 0.208925\n-0.999997 0.00232185 -0.000715849\n2\n5 0.352781 -0.380334 -0.00695393\n6 -0.363147 -0.384522 -0.00900357\n2\n-0.00518319 -0.382428 -0.00797875\n-0.999979 -0.00584979 -0.00286285\nL 8\n0\n2\n1\n2\n2\n2\n2\n0"
}