{
    "boxes": [
        [
            0.00982850044965744,
            0.0060315001755952835,
            0.11336600035429001,
            0.1209769994020462,
            0.806397020816803,
            0.7969229817390442,
            0.0,
            1.0,
            0.0,
            0.0,
            0.0,
            1.0
        ],
        [
            -0.3066770136356354,
            -0.41841399669647217,
            -0.3122049868106842,
            0.7855380177497864,
            0.08246549963951111,
            0.07092580199241638,
            -0.004635519813746214,
            0.9873780012130737,
            0.15831400454044342,
            0.32069501280784607,
            -0.14848600327968597,
            0.9354720115661621
        ],
        [
            0.32597100734710693,
            -0.42179399728775024,
            -0.3097749948501587,
            0.7792419791221619,
            0.07591690123081207,
            0.055649999529123306,
            0.000751790008507669,
            0.9889330267906189,
            0.1483590006828308,
            0.11467199772596359,
            -0.14746500551700592,
            0.9823970198631287
        ],
        [
            -0.3299129903316498,
            -0.6393849849700928,
            0.07118359953165054,
            0.05359189957380295,
            0.7767950296401978,
            0.023697199299931526,
            0.005914940033107996,
            0.9999430179595947,
            0.008857039734721184,
            -0.06085579842329025,
            -0.008480830118060112,
            0.9981110095977783
        ],
        [
            -0.3465850055217743,
            -0.3801870048046112,
            0.4665839970111847,
            0.8484690189361572,
            0.07845500111579895,
            0.0625929981470108,
            0.0,
            1.0,
            0.0,
            0.0,
            0.0,
            1.0
        ],
        [
            0.00982850044965744,
            0.7980719804763794,
            -0.3602890074253082,
            0.09375660121440887,
            0.03515839949250221,
            0.5859730243682861,
            5.948829873148043e-09,
            0.9932230114936829,
            -0.11622700095176697,
            6.685560105523791e-09,
            0.11622700095176697,
            0.9932230114936829
        ],
        [
            0.009123999625444412,
            0.5397639870643616,
            -0.33674800395965576,
            0.42483100295066833,
            0.011719400063157082,
            0.04687799885869026,
            -0.0,
            0.9932219982147217,
            -0.11623000353574753,
            0.0,
            0.11623000353574753,
            0.9932219982147217
        ],
        [
            0.00982850044965744,
            0.3062799870967865,
            -0.3027380108833313,
            0.049545399844646454,
            0.038803499191999435,
            0.5859730243682861,
            9.23419030129935e-09,
            0.9807050228118896,
            -0.19549399614334106,
            1.1256600096487546e-08,
            0.19549399614334106,
            0.9807050228118896
        ],
        [
            -0.30691900849342346,
            0.3899480104446411,
            -0.30983200669288635,
            0.9550899863243103,
            0.09228470176458359,
            0.05935230106115341,
            -0.002499829977750778,
            0.9909690022468567,
            -0.13406500220298767,
            -0.12989699840545654,
            0.13260799646377563,
            0.9826200008392334
        ]
    ],
    "ops": [
        [
            0,
            0,
            0,
            0,
            0,
            1,
            2,
            1,
            1,
            1,
            0,
            0,
            2,
            1,
            0,
            0,
            2,
            1,
            1,
            1
        ]
    ],
    "syms": [
        [
            0.0,
            1.0,
            -4.183089913567528e-05,
            -0.0002916659868787974,
            0.009822930209338665,
            -0.639398992061615,
            0.07108449935913086,
            0.0
        ],
        [
            1.0,
            -0.15237419307231903,
            0.2700135111808777,
            -0.16725100576877594,
            -0.09503020346164703,
            0.5400270223617554,
            -0.3345020115375519,
            0.3333333432674408
        ],
        [
            0.0,
            0.9998329877853394,
            -0.0033277899492532015,
            0.01797330006957054,
            0.009705870412290096,
            0.3888939917087555,
            -0.30414000153541565,
            0.0
        ]
    ],
    "labels:": [
        [
            1,
            2,
            2,
            2,
            2,
            0,
            0,
            0,
            0
        ]
    ],
    "obj": 3116,
    "mat_index": 668,
    "obbs": "N 14\n0.0098285 0.798072 -0.360289 1 -6.68556e-09 -5.94883e-09 6.68556e-09 0.116227 0.993223 -5.94883e-09 -0.993223 0.116227 0.585973 0.0351584 0.0937566\n0.0098285 0.0060315 0.113366 1 0 0 0 1 0 0 0 1 0.796923 0.120977 0.806397\n0.114688 0.540027 -0.334502 -0.999133 0.0153464 -0.0386889 -0.0366501 0.116152 0.992555 0.019726 0.993113 -0.115489 0.0552547 0.0117206 0.425674\n0.009124 0.539764 -0.336748 1 0 0 0 0.11623 0.993222 0 -0.993222 0.11623 0.046878 0.0117194 0.424831\n-0.0950302 0.540027 -0.334502 -0.0197289 0.993113 -0.115489 0.0366469 0.116152 0.992555 0.999134 0.0153497 -0.038686 0.425674 0.0117205 0.0552564\n0.0098285 0.30628 -0.302738 1 -1.12566e-08 -9.23419e-09 1.12566e-08 0.195494 0.980705 -9.23419e-09 -0.980705 0.195494 0.585973 0.0388035 0.0495454\n0.349559 -0.639413 0.0709854 0.00694609 -0.999943 0.00807295 0.998129 0.00644261 -0.0608015 0.0607461 0.00848018 0.998117 0.0535518 0.0236962 0.77719\n-0.329913 -0.639385 0.0711836 0.0608558 0.00848083 -0.998111 0.998129 -0.00644277 0.0608022 -0.00591494 -0.999943 -0.00885704 0.776795 0.0236972 0.0535919\n0.368047 -0.380187 0.468946 1 0 0 0 1 0 0 0 1 0.058981 0.848469 0.073731\n-0.346585 -0.380187 0.466584 1 0 0 0 1 0 0 0 1 0.062593 0.848469 0.078455\n0.325971 -0.421794 -0.309775 -0.00075179 -0.988933 -0.148359 0.993403 0.0162741 -0.113514 0.114672 -0.147465 0.982397 0.779242 0.05565 0.0759169\n-0.306677 -0.418414 -0.312205 0.00463552 -0.987378 -0.158314 0.947171 0.0551068 -0.315958 0.320695 -0.148486 0.935472 0.785538 0.0709258 0.0824655\n0.326331 0.38784 -0.298448 -0.00190665 -0.99465 0.103286 0.978676 -0.0230713 -0.204112 0.205403 0.100694 0.973484 0.961718 0.0629224 0.0939428\n-0.306919 0.389948 -0.309832 0.129897 -0.132608 -0.98262 0.991524 0.019871 0.128393 0.00249983 -0.990969 0.134065 0.0922847 0.0593523 0.95509\nC 28\n0 2\n0 3\n0 4\n0 12\n0 13\n1 11\n1 5\n1 10\n1 13\n1 9\n1 12\n1 8\n2 12\n2 5\n2 3\n2 4\n3 5\n3 4\n4 13\n4 5\n5 13\n5 12\n6 10\n6 8\n7 11\n7 9\n10 12\n11 13\nS 4\n3\n2 0.114688 0.540027 -0.334502\n3 0.009124 0.539764 -0.336748\n4 -0.0950302 0.540027 -0.334502\n1\n0 0 0\n0 0 0\n2\n6 0.349559 -0.639413 0.0709854\n7 -0.329913 -0.639385 0.0711836\n2\n0.00982293 -0.639399 0.0710845\n-1 4.18309e-05 0.000291666\n2\n8 0.368047 -0.380187 0.468946\n9 -0.346585 -0.380187 0.466584\n2\n0.0107315 -0.380187 0.467765\n-0.999995 0 -0.00330518\n2\n12 0.326331 0.38784 -0.298448\n13 -0.306919 0.389948 -0.309832\n2\n0.00970587 0.388894 -0.30414\n-0.999833 0.00332779 -0.0179733\nL 14\n0\n1\n0\n0\n0\n0\n2\n2\n2\n2\n2\n2\n0\n0"
}