{
    "boxes": [
        [
            0.01816839911043644,
            0.14708499610424042,
            -0.09671050310134888,
            1.2178399562835693,
            0.6575220227241516,
            0.792186975479126,
            0.01502930000424385,
            0.7360749840736389,
            -0.6767330169677734,
            -0.04326609894633293,
            0.6766539812088013,
            0.7350289821624756
        ],
        [
            -0.255154013633728,
            -0.20321999490261078,
            0.09667229652404785,
            0.08006750047206879,
            0.04981670156121254,
            0.2176479995250702,
            0.09304580092430115,
            0.9918739795684814,
            0.08676210045814514,
            0.03732670098543167,
            -0.09055379778146744,
            0.9951919913291931
        ],
        [
            -0.3786349892616272,
            -0.009514600038528442,
            0.12525899708271027,
            0.4162369966506958,
            0.09250299632549286,
            0.10134299844503403,
            -0.05419300124049187,
            0.9847609996795654,
            0.16525299847126007,
            0.04277990013360977,
            -0.16305500268936157,
            0.9856889843940735
        ],
        [
            -0.39283400774002075,
            0.18964000046253204,
            0.08607669919729233,
            0.09307750314474106,
            0.3868420124053955,
            0.12151200324296951,
            0.27240699529647827,
            0.9544810056686401,
            -0.12149100005626678,
            0.01693289913237095,
            0.12149100005626678,
            0.9924479722976685
        ],
        [
            -0.20694699883460999,
            -0.26345300674438477,
            -0.01843309961259365,
            0.09332620352506638,
            0.07997319847345352,
            0.3266580104827881,
            0.2088630050420761,
            0.8586819767951965,
            -0.4680179953575134,
            -0.26295000314712524,
            0.5102589726448059,
            0.818835973739624
        ],
        [
            0.013573000207543373,
            -0.5314239859580994,
            0.03437250107526779,
            0.5339080095291138,
            0.11159499734640121,
            0.11159399896860123,
            0.0,
            1.0,
            0.0,
            0.0,
            0.0,
            1.0
        ],
        [
            0.012381600216031075,
            -0.27188700437545776,
            0.19127799570560455,
            0.06607750058174133,
            0.08934210240840912,
            0.09064529836177826,
            -0.0632530003786087,
            0.9606369733810425,
            -0.2705099880695343,
            0.19895100593566895,
            0.2777499854564667,
            0.9398260116577148
        ],
        [
            0.013573000207543373,
            -0.7780449986457825,
            -0.4329270124435425,
            0.10971599817276001,
            0.08886999636888504,
            0.08391200006008148,
            0.0,
            1.0,
            0.0,
            0.0,
            0.0,
            1.0
        ],
        [
            0.012671999633312225,
            -0.6828020215034485,
            -0.24522599577903748,
            0.08900800347328186,
            0.4816550016403198,
            0.09360799938440323,
            0.0,
            1.0,
            0.0,
            0.0,
            0.0,
            1.0
        ],
        [
            0.01723260059952736,
            0.31767600774765015,
            -0.2138890027999878,
            0.9040939807891846,
            0.30617401003837585,
            0.811447024345398,
            -0.010780200362205505,
            0.9991329908370972,
            -0.04021500051021576,
            -0.011222099885344505,
            0.04009389877319336,
            0.9991329908370972
        ]
    ],
    "ops": [
        [
            0,
            0,
            0,
            0,
            1,
            1,
            2,
            1,
            0,
            0,
            0,
            1,
            1,
            0,
            0,
            1,
            2,
            1,
            1,
            0,
            1
        ]
    ],
    "syms": [
        [
            0.0,
            0.9999989867210388,
            -0.0010219200048595667,
            -0.0004407929955050349,
            0.014486200176179409,
            -0.20349599421024323,
            0.0965534970164299,
            0.0
        ],
        [
            -1.0,
            -0.02445710077881813,
            0.9996410012245178,
            0.010898499749600887,
            0.013626599684357643,
            -0.7861620187759399,
            0.06112160161137581,
            0.20000000298023224
        ]
    ],
    "labels:": [
        [
            1,
            3,
            3,
            3,
            2,
            2,
            2,
            2,
            2,
            0
        ]
    ],
    "obj": 3140,
    "mat_index": 681,
    "obbs": "N 21\n0.0172326 0.317676 -0.213889 0.999879 0.0112221 0.0107802 -0.0112221 0.0400939 0.999133 0.0107802 -0.999133 0.040215 0.811447 0.306174 0.904094\n0.482656 -0.787856 -0.0909265 1 0 0 0 1 0 0 0 1 0.083912 0.090095 0.086563\n0.303538 -0.787856 0.460436 1 0 0 0 1 0 0 0 1 0.083912 0.090094 0.08656\n0.013573 -0.778045 -0.432927 1 0 0 0 1 0 0 0 1 0.083912 0.109716 0.08887\n-0.455306 -0.788617 -0.090894 1 0 0 0 1 0 0 0 1 0.083309 0.091578 0.08656\n-0.276328 -0.788439 0.45992 1 0 0 0 1 0 0 0 1 0.083565 0.091895 0.087639\n0.182416 -0.689032 0.260033 -0.601488 0.0314585 -0.798262 0.792305 -0.104458 -0.601117 -0.102295 -0.994032 0.0379058 0.476107 0.106646 0.0909023\n0.27708 -0.691746 -0.051348 0.95137 -0.0649446 -0.301125 0.255297 -0.380809 0.888711 -0.172388 -0.92237 -0.345711 0.486618 0.113046 0.0994332\n0.012672 -0.682802 -0.245226 1 0 0 0 1 0 0 0 1 0.093608 0.089008 0.481655\n-0.24917 -0.694763 -0.0507273 -0.94977 -0.0601782 -0.307108 -0.312901 0.165526 0.935251 -0.00544733 0.984368 -0.176042 0.487339 0.109017 0.0926066\n-0.154019 -0.694326 0.258874 0.593332 0.0550381 -0.803074 0.803913 -0.0913252 0.587693 -0.0409954 -0.994299 -0.098432 0.479062 0.101914 0.0909828\n0.013573 -0.531424 0.0343725 1 0 0 0 1 0 0 0 1 0.111594 0.533908 0.111595\n0.0123816 -0.271887 0.191278 0.977966 0.00562851 -0.208688 -0.063253 0.960637 -0.27051 0.198951 0.27775 0.939826 0.0906453 0.0660775 0.0893421\n0.0181684 0.147085 -0.0967105 0.0150293 0.736075 -0.676733 0.998951 0.0182326 0.0420167 0.0432661 -0.676654 -0.735029 1.21784 0.792187 0.657522\n0.404773 -0.0110381 0.124444 -0.994636 0.0630013 -0.0820388 -0.0916447 -0.168949 0.981355 0.0479662 0.983609 0.173817 0.105516 0.0940251 0.402678\n-0.378635 -0.0095146 0.125259 -0.054193 0.984761 0.165253 0.0427799 -0.163055 0.985689 0.997614 0.060487 -0.0332916 0.416237 0.092503 0.101343\n0.420162 0.189748 0.0854107 0.97099 0.238734 -0.0135621 -0.238734 0.96465 -0.111609 -0.0135621 0.111609 0.99366 0.118863 0.0919524 0.388464\n0.284126 -0.203771 0.0964346 0.992915 0.117467 -0.0179506 0.0372023 -0.163817 0.985789 0.112857 -0.979472 -0.167026 0.219648 0.0510852 0.0806683\n-0.392834 0.18964 0.0860767 0.962033 -0.272407 0.0169329 0.272407 0.954481 -0.121491 0.0169329 0.121491 0.992448 0.121512 0.0930775 0.386842\n-0.255154 -0.20322 0.0966723 0.0930458 0.991874 0.0867621 0.0373267 -0.0905538 0.995192 0.994962 -0.0893598 -0.045449 0.0800675 0.0498167 0.217648\n-0.206947 -0.263453 -0.0184331 0.208863 0.858682 -0.468018 -0.26295 0.510259 0.818836 0.941931 -0.0479595 0.332365 0.0933262 0.0799732 0.326658\nC 59\n0 20\n0 14\n0 16\n0 15\n0 17\n0 11\n0 18\n0 12\n0 19\n0 13\n1 7\n2 6\n3 8\n4 9\n4 13\n5 10\n6 9\n6 7\n6 10\n6 11\n6 8\n6 13\n7 11\n7 10\n7 9\n7 13\n7 8\n8 13\n8 9\n8 10\n8 11\n9 11\n9 10\n9 13\n10 11\n10 13\n11 19\n11 13\n11 12\n11 17\n11 20\n12 20\n12 13\n12 17\n12 19\n13 17\n13 16\n13 20\n13 15\n13 19\n13 14\n13 18\n14 17\n14 16\n15 20\n15 19\n15 18\n17 20\n19 20\nS 5\n5\n5 -0.276328 -0.788439 0.45992\n2 0.303538 -0.787856 0.460436\n1 0.482656 -0.787856 -0.0909265\n3 0.013573 -0.778045 -0.432927\n4 -0.455306 -0.788617 -0.090894\n3\n0.0136266 -0.786162 0.0611216\n-0.0244571 0.999641 0.0108985\n5\n8 0.012672 -0.682802 -0.245226\n7 0.27708 -0.691746 -0.051348\n6 0.182416 -0.689032 0.260033\n10 -0.154019 -0.694326 0.258874\n9 -0.24917 -0.694763 -0.0507273\n3\n0.0137959 -0.690534 0.0343212\n-0.00848588 0.999904 0.0109487\n2\n14 0.404773 -0.0110381 0.124444\n15 -0.378635 -0.0095146 0.125259\n2\n0.0130691 -0.0102763 0.124851\n-0.999998 0.00194467 0.00104064\n2\n16 0.420162 0.189748 0.0854107\n18 -0.392834 0.18964 0.0860767\n2\n0.0136638 0.189694 0.0857437\n-1 -0.000132964 0.000819146\n2\n17 0.284126 -0.203771 0.0964346\n19 -0.255154 -0.20322 0.0966723\n2\n0.0144862 -0.203496 0.0965535\n-0.999999 0.00102192 0.000440793\nL 21\n0\n2\n2\n2\n2\n2\n2\n2\n2\n2\n2\n2\n2\n1\n3\n3\n3\n3\n3\n3\n2"
}