{
    "boxes": [
        [
            0.008919999934732914,
            -0.0017740000039339066,
            0.08584800362586975,
            0.9160760045051575,
            1.1703599691390991,
            1.069890022277832,
            0.0,
            1.0,
            0.0,
            0.0,
            0.0,
            1.0
        ],
        [
            -0.49256598949432373,
            0.10876700282096863,
            0.0108668003231287,
            0.7304980158805847,
            1.3411500453948975,
            0.3479290008544922,
            -0.3429119884967804,
            0.9387840032577515,
            0.033090099692344666,
            0.037240300327539444,
            -0.021612299606204033,
            0.9990730285644531
        ],
        [
            0.010846800170838833,
            0.23957300186157227,
            -0.3860799968242645,
            0.5426239967346191,
            0.2288929969072342,
            1.3694700002670288,
            0.001675529987551272,
            0.7298009991645813,
            -0.6836580038070679,
            0.003865449922159314,
            0.6836490035057068,
            0.7298009991645813
        ],
        [
            0.013271699659526348,
            0.07643649727106094,
            -0.44173699617385864,
            0.677731990814209,
            0.3169049918651581,
            1.4590400457382202,
            0.005782119929790497,
            0.9225159883499146,
            -0.38591501116752625,
            0.00868626032024622,
            0.38586100935935974,
            0.9225159883499146
        ]
    ],
    "ops": [
        [
            0,
            0,
            2,
            1,
            0,
            0,
            1,
            1
        ]
    ],
    "syms": [
        [
            0.0,
            0.9999930262565613,
            -0.0036006600130349398,
            0.0008642610046081245,
            8.988159606815316e-06,
            0.10699299722909927,
            0.011292500421404839,
            0.0
        ]
    ],
    "labels:": [
        [
            1,
            3,
            0,
            0
        ]
    ],
    "obj": 3142,
    "mat_index": 682,
    "obbs": "N 5\n0.0108468 0.239573 -0.38608 0.999991 -0.00386545 -0.00167553 0.00386545 0.683649 0.729801 -0.00167553 -0.729801 0.683658 1.36947 0.228893 0.542624\n0.492584 0.105219 0.0117182 0.398007 0.917381 0.00143062 0.91679 -0.397806 0.0352939 0.032947 -0.0127356 -0.999376 0.722483 0.366801 1.32087\n-0.492566 0.108767 0.0108668 0.342912 -0.938784 -0.0330901 0.938629 0.343827 -0.0275495 0.0372403 -0.0216123 0.999073 0.730498 0.347929 1.34115\n0.00892 -0.001774 0.085848 1 0 0 0 1 0 0 0 1 1.06989 0.916076 1.17036\n0.0132717 0.0764365 -0.441737 0.999946 -0.00868626 -0.00578212 0.00868626 0.385861 0.922516 -0.00578212 -0.922516 0.385915 1.45904 0.316905 0.677732\nC 9\n0 1\n0 4\n0 3\n0 2\n1 3\n1 4\n2 4\n2 3\n3 4\nS 1\n2\n1 0.492584 0.105219 0.0117182\n2 -0.492566 0.108767 0.0108668\n2\n8.98816e-06 0.106993 0.0112925\n-0.999993 0.00360066 -0.000864261\nL 5\n0\n3\n3\n1\n0"
}