{
    "boxes": [
        [
            -0.012484000064432621,
            -0.10903000086545944,
            0.12779399752616882,
            0.13088099658489227,
            0.5986229777336121,
            0.6572099924087524,
            0.0,
            1.0,
            0.0,
            0.0,
            0.0,
            1.0
        ],
        [
            -0.31680500507354736,
            -0.4739300012588501,
            -0.18148399889469147,
            0.7354030013084412,
            0.04681539908051491,
            0.04642760008573532,
            0.09940920025110245,
            0.9905710220336914,
            0.09426750242710114,
            -0.6717519760131836,
            -0.0030813300982117653,
            0.7407699823379517
        ],
        [
            0.3070420026779175,
            -0.4636549949645996,
            0.4178299903869629,
            0.7503029704093933,
            0.05460460111498833,
            0.0719033032655716,
            -0.09583040326833725,
            0.9896829724311829,
            -0.10651300102472305,
            -0.43161100149154663,
            0.05510839819908142,
            0.9003750085830688
        ],
        [
            -0.3268589973449707,
            -0.472324013710022,
            0.41658899188041687,
            0.7350760102272034,
            0.05582519993185997,
            0.04816310107707977,
            0.06514149904251099,
            0.9954360127449036,
            -0.06974569708108902,
            -0.6646530032157898,
            0.09541600197553635,
            0.741034984588623
        ],
        [
            -0.17111599445343018,
            0.2741970121860504,
            -0.2521609961986542,
            0.8763960003852844,
            0.015756400302052498,
            0.0323684997856617,
            -0.08327259868383408,
            0.9771299958229065,
            -0.19566099345684052,
            0.45977699756622314,
            0.2118690013885498,
            0.8623899817466736
        ],
        [
            -0.09130209684371948,
            0.27303001284599304,
            -0.2541489899158478,
            0.8745880126953125,
            0.015821000561118126,
            0.020206399261951447,
            -0.04465720057487488,
            0.980309009552002,
            -0.19235199689865112,
            -0.054204098880290985,
            0.18988299369812012,
            0.980309009552002
        ],
        [
            -0.2960210144519806,
            0.32916998863220215,
            -0.2205740064382553,
            0.9170969724655151,
            0.1233920007944107,
            0.05145689845085144,
            -0.04643210023641586,
            0.9786289930343628,
            -0.2003210037946701,
            0.14717699587345123,
            0.2050510048866272,
            0.9676219820976257
        ],
        [
            -0.012520399875938892,
            0.7578259706497192,
            -0.33184200525283813,
            0.13467800617218018,
            0.03367289900779724,
            0.6386529803276062,
            0.0018291199812665582,
            0.9537280201911926,
            -0.3006640076637268,
            0.0024944799952208996,
            0.3006590008735657,
            0.9537280201911926
        ],
        [
            -0.012487100437283516,
            0.2709749937057495,
            -0.25342899560928345,
            0.8691419959068298,
            0.015836700797080994,
            0.016669999808073044,
            -7.0505598159797955e-06,
            0.9813770055770874,
            -0.19209399819374084,
            -8.564419658796396e-06,
            0.19209399819374084,
            0.9813770055770874
        ]
    ],
    "ops": [
        [
            0,
            0,
            2,
            0,
            0,
            1,
            1,
            1,
            0,
            0,
            1,
            2,
            0,
            2,
            0,
            0,
            1,
            1,
            1,
            1
        ]
    ],
    "syms": [
        [
            0.0,
            0.9990829825401306,
            0.041694000363349915,
            -0.009732799604535103,
            -0.012618600390851498,
            -0.46123600006103516,
            -0.1844470053911209,
            0.0
        ],
        [
            0.0,
            1.0,
            1.7854999612154643e-07,
            1.2752200291288318e-06,
            -0.012483599595725536,
            0.2741970121860504,
            -0.2521609961986542,
            0.0
        ],
        [
            0.0,
            0.9992899894714355,
            0.03680089861154556,
            -0.00801653042435646,
            -0.012464400380849838,
            0.3396129906177521,
            -0.22284899652004242,
            0.0
        ]
    ],
    "labels:": [
        [
            1,
            2,
            2,
            2,
            0,
            0,
            0,
            0,
            0
        ]
    ],
    "obj": 3152,
    "mat_index": 689,
    "obbs": "N 13\n-0.0125204 0.757826 -0.331842 0.999995 -0.00249448 -0.00182912 0.00249448 0.300659 0.953728 -0.00182912 -0.953728 0.300664 0.638653 0.0336729 0.134678\n-0.012484 -0.10903 0.127794 1 0 0 0 1 0 0 0 1 0.65721 0.130881 0.598623\n-0.171116 0.274197 -0.252161 0.884122 -0.0181471 -0.466904 0.459777 0.211869 0.86239 0.0832726 -0.97713 0.195661 0.0323685 0.0157564 0.876396\n-0.0913021 0.27303 -0.254149 0.997531 0.0542041 0.0446572 -0.0542041 0.189883 0.980309 0.0446572 -0.980309 0.192352 0.0202064 0.015821 0.874588\n-0.0124871 0.270975 -0.253429 -7.05056e-06 0.981377 -0.192094 -8.56442e-06 0.192094 0.981377 1 8.56442e-06 7.05056e-06 0.869142 0.0158367 0.01667\n0.0663352 0.27303 -0.254149 0.0446255 0.980311 -0.192351 0.0541656 0.189885 0.980311 0.997534 -0.0541656 -0.0446255 0.874588 0.015821 0.0202344\n0.146149 0.274197 -0.252161 0.0833527 0.977132 -0.195617 -0.459676 0.211869 0.862444 0.884166 0.0180334 0.466824 0.876396 0.0157563 0.0322881\n-0.316805 -0.47393 -0.181484 0.0994092 0.990571 0.0942675 0.734076 -0.136964 0.665111 0.671752 0.00308133 -0.74077 0.735403 0.0464276 0.0468154\n0.291568 -0.448542 -0.187411 -0.653848 0.0234743 -0.756262 0.750009 0.15201 -0.643723 0.0998482 -0.9881 -0.116997 0.0501403 0.0544451 0.783883\n0.307042 -0.463655 0.41783 -0.0958304 0.989683 -0.106513 -0.431611 0.0551084 0.900375 0.896955 0.132255 0.421877 0.750303 0.0546046 0.0719033\n-0.326859 -0.472324 0.416589 0.0651415 0.995436 -0.0697457 -0.664653 0.095416 0.741035 0.744307 -0.00191543 0.667835 0.735076 0.0558252 0.0481631\n0.271093 0.350055 -0.225124 0.192637 -0.265563 -0.944652 0.979567 -0.00465236 0.201065 -0.0577905 -0.964082 0.259241 0.115012 0.0498056 0.875263\n-0.296021 0.32917 -0.220574 -0.147177 -0.205051 -0.967622 0.98802 0.0154462 -0.153552 0.0464321 -0.978629 0.200321 0.123392 0.0514569 0.917097\nC 42\n0 2\n0 3\n0 11\n0 4\n0 12\n0 5\n0 6\n1 3\n1 6\n1 11\n1 2\n1 5\n1 10\n1 4\n1 9\n1 12\n1 8\n1 7\n2 12\n2 5\n2 6\n2 3\n2 7\n2 4\n3 7\n3 6\n3 5\n3 12\n3 4\n4 7\n4 8\n4 12\n4 5\n4 11\n4 6\n5 6\n5 8\n5 11\n6 11\n6 8\n7 12\n8 11\nS 4\n2\n2 -0.171116 0.274197 -0.252161\n6 0.146149 0.274197 -0.252161\n2\n-0.0124836 0.274197 -0.252161\n1 1.7855e-07 1.27522e-06\n2\n3 -0.0913021 0.27303 -0.254149\n5 0.0663352 0.27303 -0.254149\n2\n-0.0124834 0.27303 -0.254149\n1 5.54074e-07 -3.93051e-07\n2\n7 -0.316805 -0.47393 -0.181484\n8 0.291568 -0.448542 -0.187411\n2\n-0.0126186 -0.461236 -0.184447\n0.999083 0.041694 -0.0097328\n2\n11 0.271093 0.350055 -0.225124\n12 -0.296021 0.32917 -0.220574\n2\n-0.0124644 0.339613 -0.222849\n-0.99929 -0.0368009 0.00801653\nL 13\n0\n1\n0\n0\n0\n0\n0\n2\n2\n2\n2\n0\n0"
}