{
    "boxes": [
        [
            -0.006428999826312065,
            -0.12450800091028214,
            0.11765400320291519,
            0.2036529928445816,
            0.705498993396759,
            0.7360180020332336,
            0.0,
            1.0,
            0.0,
            0.0,
            0.0,
            1.0
        ],
        [
            -0.33935999870300293,
            -0.5178040266036987,
            0.4353249967098236,
            0.6741639971733093,
            0.06549400091171265,
            0.06549400091171265,
            0.0,
            1.0,
            0.0,
            0.0,
            0.0,
            1.0
        ],
        [
            -0.32987600564956665,
            -0.500931978225708,
            -0.25970301032066345,
            0.7256720066070557,
            0.21253499388694763,
            0.06213599815964699,
            0.1456190049648285,
            0.9704679846763611,
            0.19232100248336792,
            0.5845190286636353,
            -0.24122999608516693,
            0.7746909856796265
        ],
        [
            -0.006512000225484371,
            0.39362800121307373,
            -0.24410699307918549,
            0.8412070274353027,
            0.04832499846816063,
            0.6427140235900879,
            0.0,
            1.0,
            0.0,
            0.0,
            0.0,
            1.0
        ],
        [
            0.004115870222449303,
            -0.033805400133132935,
            -0.22295799851417542,
            0.057099200785160065,
            0.022296899929642677,
            0.2785870134830475,
            -0.002917859936133027,
            0.771049976348877,
            -0.6367679834365845,
            -0.006193879991769791,
            0.6367449760437012,
            0.771049976348877
        ]
    ],
    "ops": [
        [
            0,
            0,
            0,
            1,
            2,
            1,
            0,
            0,
            1,
            1
        ]
    ],
    "syms": [
        [
            0.0,
            0.9999840259552002,
            -0.005303380079567432,
            -0.001834110007621348,
            -0.002092439914122224,
            -0.5195930004119873,
            0.4347060024738312,
            0.0
        ]
    ],
    "labels:": [
        [
            1,
            2,
            2,
            0,
            0
        ]
    ],
    "obj": 3160,
    "mat_index": 695,
    "obbs": "N 7\n-0.006512 0.393628 -0.244107 1 0 0 0 1 0 0 0 1 0.642714 0.841207 0.048325\n-0.006429 -0.124508 0.117654 1 0 0 0 1 0 0 0 1 0.736018 0.203653 0.705499\n0.00411587 -0.0338054 -0.222958 -0.00291786 0.77105 -0.636768 -0.00619388 0.636745 0.77105 0.999977 0.00619388 0.00291786 0.0570992 0.0222969 0.278587\n0.335175 -0.521381 0.434088 -0.0487849 0.998809 0.000285091 0.0035549 -0.000111797 0.999994 0.998803 0.0487856 -0.00354521 0.671026 0.072485 0.0749054\n-0.33936 -0.517804 0.435325 1 0 0 0 1 0 0 0 1 0.065494 0.674164 0.065494\n0.321686 -0.503492 -0.227245 0.697311 0.218211 -0.682745 0.699614 -5.70711e-05 0.714521 0.155877 -0.975902 -0.152703 0.183665 0.0618469 0.716574\n-0.329876 -0.500932 -0.259703 -0.584519 0.24123 -0.774691 0.798206 -0.000394005 -0.602384 -0.145619 -0.970468 -0.192321 0.212535 0.062136 0.725672\nC 11\n0 1\n0 6\n0 5\n0 2\n1 2\n1 3\n1 4\n1 5\n1 6\n2 6\n2 5\nS 2\n2\n3 0.335175 -0.521381 0.434088\n4 -0.33936 -0.517804 0.435325\n2\n-0.00209244 -0.519593 0.434706\n-0.999984 0.00530338 0.00183411\n2\n5 0.321686 -0.503492 -0.227245\n6 -0.329876 -0.500932 -0.259703\n2\n-0.00409516 -0.502212 -0.243474\n-0.998754 0.00392421 -0.0497533\nL 7\n0\n1\n0\n2\n2\n2\n2"
}