{
    "boxes": [
        [
            -0.00860149972140789,
            -0.04720599949359894,
            0.15830600261688232,
            0.12205400317907333,
            0.6969159841537476,
            0.8100749850273132,
            0.0,
            1.0,
            0.0,
            0.0,
            0.0,
            1.0
        ],
        [
            -0.4101159870624542,
            0.13182899355888367,
            -0.1257070004940033,
            0.2868900001049042,
            0.04587149992585182,
            0.039095599204301834,
            0.06873290240764618,
            0.9975690245628357,
            0.011482100002467632,
            -0.011482100002467632,
            -0.010717500001192093,
            0.9998769760131836
        ],
        [
            -0.45033299922943115,
            0.28604400157928467,
            0.03634810075163841,
            0.028951499611139297,
            0.3988119959831238,
            0.1458369940519333,
            0.011385899968445301,
            0.9997979998588562,
            0.01656859926879406,
            -0.10461600124835968,
            -0.015287700109183788,
            0.9943950176239014
        ],
        [
            -0.41685599088668823,
            -0.43914100527763367,
            0.394320011138916,
            0.781620979309082,
            0.04079430177807808,
            0.04224089905619621,
            0.06056319922208786,
            0.9800480008125305,
            -0.18930700421333313,
            -0.05694729834794998,
            0.19273899495601654,
            0.9795960187911987
        ],
        [
            0.40056800842285156,
            -0.4372299909591675,
            0.3923740088939667,
            0.7896379828453064,
            0.03616999834775925,
            0.05240270122885704,
            -0.0915720984339714,
            0.9772560000419617,
            -0.19127100706100464,
            0.3908489942550659,
            0.21193699538707733,
            0.8957229852676392
        ],
        [
            -0.4457390010356903,
            -0.8250160217285156,
            0.47522199153900146,
            0.011157600209116936,
            0.027675600722432137,
            0.027675900608301163,
            0.0727647989988327,
            0.9972720146179199,
            0.012416300363838673,
            -0.10470099747180939,
            -0.0047422898933291435,
            0.9944919943809509
        ],
        [
            -0.41877099871635437,
            -0.4087519943714142,
            -0.2043990045785904,
            0.8410999774932861,
            0.0354372002184391,
            0.0321010984480381,
            0.015782900154590607,
            0.9807609915733337,
            0.19457200169563293,
            0.05590049922466278,
            -0.1951570063829422,
            0.9791780114173889
        ],
        [
            -0.4231550097465515,
            -0.8252270221710205,
            -0.28239598870277405,
            0.01115730032324791,
            0.027673600241541862,
            0.02767370082437992,
            6.363949864862661e-07,
            0.9998610019683838,
            0.016689499840140343,
            -0.10452800244092941,
            -0.01659799925982952,
            0.9943829774856567
        ],
        [
            -0.009946869686245918,
            0.24707700312137604,
            -0.26586100459098816,
            0.6325479745864868,
            0.0985713005065918,
            0.7361270189285278,
            0.0032833500299602747,
            0.9543110132217407,
            -0.29879799485206604,
            0.004468520171940327,
            0.29878199100494385,
            0.9543110132217407
        ]
    ],
    "ops": [
        [
            0,
            0,
            0,
            1,
            2,
            1,
            0,
            0,
            0,
            2,
            1,
            1,
            0,
            0,
            1,
            2,
            1,
            1,
            0,
            1
        ]
    ],
    "syms": [
        [
            0.0,
            0.9999060034751892,
            -0.012532800436019897,
            0.005501669831573963,
            -0.009974069893360138,
            0.12681399285793304,
            -0.12350600212812424,
            0.0
        ],
        [
            0.0,
            1.0,
            -2.2830100476767257e-08,
            -1.0426099983362747e-08,
            -0.009292960166931152,
            -0.8250160217285156,
            0.47522199153900146,
            0.0
        ],
        [
            0.0,
            0.9999399781227112,
            -0.010915200226008892,
            -0.000478127010865137,
            -0.009869289584457874,
            -0.4132150113582611,
            -0.20459400117397308,
            0.0
        ]
    ],
    "labels:": [
        [
            1,
            3,
            3,
            2,
            2,
            2,
            2,
            2,
            0
        ]
    ],
    "obj": 3238,
    "mat_index": 731,
    "obbs": "N 14\n-0.00994687 0.247077 -0.265861 0.999985 -0.00446852 -0.00328335 0.00446852 0.298782 0.954311 -0.00328335 -0.954311 0.298798 0.736127 0.0985713 0.632548\n-0.0086015 -0.047206 0.158306 1 0 0 0 1 0 0 0 1 0.810075 0.122054 0.696916\n0.390168 0.121798 -0.121304 0.14335 -0.0140941 -0.989572 0.987772 0.063961 0.142178 0.0612901 -0.997853 0.0230905 0.0462368 0.0391337 0.306698\n-0.410116 0.131829 -0.125707 -0.0687329 -0.997569 -0.0114821 0.997569 -0.0688563 0.0107175 -0.0114821 -0.0107175 0.999877 0.28689 0.0390956 0.0458715\n0.430899 0.286044 0.0363481 0.994448 0.0130554 -0.10442 -0.0113859 0.999798 0.0165686 0.104616 -0.0152877 0.994395 0.145837 0.0289515 0.398812\n-0.450333 0.286044 0.0363481 -0.994448 0.0130554 -0.10442 0.0113859 0.999798 0.0165686 0.104616 0.0152877 -0.994395 0.145837 0.0289515 0.398812\n-0.418771 -0.408752 -0.204399 0.998312 -0.00457766 -0.0579052 0.0559005 -0.195157 0.979178 -0.0157829 -0.980761 -0.194572 0.0321011 0.0354372 0.8411\n0.400568 -0.43723 0.392374 0.915888 0.00726497 -0.401367 0.390849 0.211937 0.895723 0.0915721 -0.977256 0.191271 0.0524027 0.03617 0.789638\n-0.416856 -0.439141 0.39432 0.0605632 0.980048 -0.189307 0.996539 -0.048547 0.067484 0.0569473 -0.192739 -0.979596 0.781621 0.0422409 0.0407943\n0.399032 -0.417679 -0.20479 -0.0087723 0.981116 0.193222 -0.220823 -0.190359 0.956557 0.975274 -0.0342766 0.218323 0.824739 0.0309487 0.030648\n0.403722 -0.825227 -0.282224 0.994522 0.00174517 -0.104514 -6.651e-07 0.999861 0.0166893 0.104528 -0.0165978 0.994383 0.0276726 0.0111573 0.0276736\n-0.423155 -0.825227 -0.282396 -0.994522 0.00174516 -0.104514 6.36395e-07 0.999861 0.0166895 0.104528 0.016598 -0.994383 0.0276737 0.0111573 0.0276736\n-0.445739 -0.825016 0.475222 -0.991838 0.073664 -0.104071 0.0727648 0.997272 0.0124163 0.104701 0.00474229 -0.994492 0.0276759 0.0111576 0.0276756\n0.427153 -0.825016 0.475222 0.991838 0.0736622 -0.104071 -0.0727631 0.997272 0.0124147 0.104701 -0.00474084 0.994492 0.0276758 0.0111575 0.0276756\nC 21\n0 1\n0 6\n0 5\n0 4\n0 9\n0 3\n0 2\n1 2\n1 3\n1 8\n1 6\n1 9\n1 7\n2 9\n2 4\n3 5\n3 6\n6 11\n7 13\n8 12\n9 10\nS 5\n2\n2 0.390168 0.121798 -0.121304\n3 -0.410116 0.131829 -0.125707\n2\n-0.00997407 0.126814 -0.123506\n-0.999906 0.0125328 -0.00550167\n2\n4 0.430899 0.286044 0.0363481\n5 -0.450333 0.286044 0.0363481\n2\n-0.009717 0.286044 0.0363481\n-1 -4.63919e-09 -5.91062e-08\n2\n6 -0.418771 -0.408752 -0.204399\n9 0.399032 -0.417679 -0.20479\n2\n-0.00986929 -0.413215 -0.204594\n0.99994 -0.0109152 -0.000478127\n2\n10 0.403722 -0.825227 -0.282224\n11 -0.423155 -0.825227 -0.282396\n2\n-0.00971672 -0.825227 -0.28231\n-1 8.35634e-09 -0.000208068\n2\n12 -0.445739 -0.825016 0.475222\n13 0.427153 -0.825016 0.475222\n2\n-0.00929296 -0.825016 0.475222\n1 -2.28301e-08 -1.04261e-08\nL 14\n0\n1\n3\n3\n3\n3\n2\n2\n2\n2\n2\n2\n2\n2"
}