{
    "boxes": [
        [
            -0.0019425000064074993,
            -0.10928300023078918,
            0.22967199981212616,
            0.25007501244544983,
            0.9900239706039429,
            1.333549976348877,
            0.0,
            1.0,
            0.0,
            0.0,
            0.0,
            1.0
        ],
        [
            -0.001832999987527728,
            -0.36570000648498535,
            0.010053999722003937,
            0.26459699869155884,
            0.08614200353622437,
            0.08604399859905243,
            0.0,
            1.0,
            0.0,
            0.0,
            0.0,
            1.0
        ],
        [
            -0.23440200090408325,
            -0.6702370047569275,
            -0.22240899503231049,
            0.14165499806404114,
            0.03149859979748726,
            0.7329729795455933,
            -0.2189140021800995,
            0.9511730074882507,
            -0.2175929993391037,
            -0.7068390250205994,
            -0.0008587660267949104,
            0.7073739767074585
        ],
        [
            -0.0015908799832686782,
            0.23140400648117065,
            -0.3719770014286041,
            0.7187979817390442,
            0.17298400402069092,
            1.3286700248718262,
            0.0012255399487912655,
            0.879787027835846,
            -0.4753659963607788,
            0.002055180026218295,
            0.47536298632621765,
            0.879787027835846
        ]
    ],
    "ops": [
        [
            0,
            0,
            0,
            2,
            1,
            1,
            0,
            1
        ]
    ],
    "syms": [
        [
            -1.0,
            0.00044695401447825134,
            1.0,
            2.683109983081522e-07,
            -0.0019663600251078606,
            -0.6703410148620605,
            0.010054199956357479,
            0.25
        ]
    ],
    "labels:": [
        [
            1,
            2,
            2,
            0
        ]
    ],
    "obj": 3240,
    "mat_index": 732,
    "obbs": "N 7\n-0.00159088 0.231404 -0.371977 0.999997 -0.00205518 -0.00122554 0.00205518 0.475363 0.879787 -0.00122554 -0.879787 0.475366 1.32867 0.172984 0.718798\n-0.001833 -0.3657 0.010054 1 0 0 0 1 0 0 0 1 0.086044 0.264597 0.086142\n-0.0019425 -0.109283 0.229672 1 0 0 0 1 0 0 0 1 1.33355 0.250075 0.990024\n0.230462 -0.670445 -0.222347 0.218103 0.950939 -0.219421 0.707374 0.000857387 0.706839 0.67235 -0.309376 -0.672482 0.141603 0.0314985 0.733004\n0.230469 -0.670445 0.242448 0.219423 0.950939 0.218101 -0.706839 0.000859982 0.707374 0.672482 -0.309377 0.672349 0.141603 0.0314983 0.733005\n-0.234394 -0.670238 0.242525 0.672514 0.308657 -0.672648 0.707374 -0.000857336 0.706839 0.217595 -0.951173 -0.218913 0.732973 0.0314979 0.141655\n-0.234402 -0.670237 -0.222409 -0.218914 0.951173 -0.217593 -0.706839 -0.000858766 0.707374 0.672648 0.308657 0.672514 0.141655 0.0314986 0.732973\nC 13\n0 1\n0 2\n1 2\n1 3\n1 4\n1 5\n1 6\n3 6\n3 4\n3 5\n4 6\n4 5\n5 6\nS 1\n4\n5 -0.234394 -0.670238 0.242525\n4 0.230469 -0.670445 0.242448\n3 0.230462 -0.670445 -0.222347\n6 -0.234402 -0.670237 -0.222409\n3\n-0.00196636 -0.670341 0.0100542\n-0.000446954 -1 -2.68311e-07\nL 7\n0\n2\n1\n2\n2\n2\n2"
}