{
    "boxes": [
        [
            -0.00820150040090084,
            -0.058634500950574875,
            0.048776499927043915,
            0.1142129972577095,
            0.5822389721870422,
            1.323330044746399,
            0.0,
            1.0,
            0.0,
            0.0,
            0.0,
            1.0
        ],
        [
            -0.6578800082206726,
            -0.047483500093221664,
            0.05825600028038025,
            0.34247300028800964,
            1.2107000350952148,
            0.015344000421464443,
            0.0,
            1.0,
            0.0,
            0.0,
            0.0,
            1.0
        ],
        [
            -0.6585100293159485,
            0.11004699766635895,
            -0.0032844101078808308,
            0.24151700735092163,
            0.8013349771499634,
            0.013386599719524384,
            0.0005387390265241265,
            0.9945269823074341,
            -0.10448300093412399,
            1.0601400390441995e-05,
            0.10448300093412399,
            0.9945269823074341
        ],
        [
            -0.6578490138053894,
            -0.20483499765396118,
            0.5884960293769836,
            0.04777190089225769,
            0.5565140247344971,
            0.02490600012242794,
            0.04939759895205498,
            0.8996520042419434,
            0.4338040053844452,
            -1.7560299966135062e-05,
            -0.43433400988578796,
            0.9007520079612732
        ],
        [
            -0.6578559875488281,
            -0.20869900286197662,
            -0.47930899262428284,
            0.048173800110816956,
            0.5398210287094116,
            0.025415699928998947,
            0.007711459882557392,
            0.8934900164604187,
            -0.4490169882774353,
            -0.002318229991942644,
            0.44904500246047974,
            0.8935059905052185
        ],
        [
            -0.013939700089395046,
            0.1876939982175827,
            -0.25511500239372253,
            0.48291900753974915,
            0.07631780207157135,
            1.2052199840545654,
            0.004815699998289347,
            0.9482200145721436,
            -0.3175770044326782,
            0.0066913701593875885,
            0.31754299998283386,
            0.9482200145721436
        ],
        [
            -0.010152000002563,
            0.12152399867773056,
            -0.29851600527763367,
            0.49625998735427856,
            0.02360459975898266,
            1.335860013961792,
            0.004798459820449352,
            0.9477890133857727,
            -0.3188610076904297,
            0.00667695002630353,
            0.3188270032405853,
            0.9477890133857727
        ]
    ],
    "ops": [
        [
            0,
            0,
            0,
            1,
            2,
            1,
            0,
            0,
            1,
            2,
            1,
            0,
            0,
            1,
            1
        ]
    ],
    "syms": [
        [
            0.0,
            0.9999979734420776,
            -0.0003220610087737441,
            0.0018854199443012476,
            -0.008159250020980835,
            -0.04769270122051239,
            0.059480998665094376,
            0.0
        ],
        [
            0.0,
            0.9999949932098389,
            -0.00024535300326533616,
            -0.0032888599671423435,
            -0.008240809664130211,
            -0.20499399304389954,
            0.586359977722168,
            0.0
        ]
    ],
    "labels:": [
        [
            1,
            3,
            3,
            2,
            2,
            0,
            0
        ]
    ],
    "obj": 3266,
    "mat_index": 744,
    "obbs": "N 11\n-0.0139397 0.187694 -0.255115 0.999966 -0.00669137 -0.0048157 0.00669137 0.317543 0.94822 -0.0048157 -0.94822 0.317577 1.20522 0.0763178 0.482919\n-0.65788 -0.0474835 0.058256 1 0 0 0 1 0 0 0 1 0.015344 0.342473 1.2107\n-0.65851 0.110047 -0.00328441 0.000538739 0.994527 -0.104483 1 -0.000536898 4.57457e-05 -1.06014e-05 -0.104483 -0.994527 0.241517 0.0133866 0.801335\n0.641561 -0.047902 0.060706 1 0 0 0 1 0 0 0 1 0.015343 0.342474 1.2107\n0.640932 0.109629 -0.000834411 0.000539117 0.994527 -0.104483 1 -0.000537275 4.57774e-05 -1.06092e-05 -0.104483 -0.994527 0.241517 0.0133867 0.801335\n-0.0082015 -0.0586345 0.0487765 1 0 0 0 1 0 0 0 1 1.32333 0.114213 0.582239\n-0.010152 0.121524 -0.298516 0.999966 -0.00667695 -0.00479846 0.00667695 0.318827 0.947789 -0.00479846 -0.947789 0.318861 1.33586 0.0236046 0.49626\n0.641367 -0.205153 0.584223 -0.00122503 0.387668 -0.921798 0.998772 -0.0451772 -0.0203269 -0.0495244 -0.920691 -0.387136 0.568109 0.0247526 0.0526773\n0.641425 -0.204735 -0.469289 -0.00529352 0.91338 -0.407073 0.999984 0.00563023 -0.000370694 0.00195333 -0.407069 -0.913395 0.0469874 0.0251602 0.556829\n-0.657849 -0.204835 0.588496 -0.0493976 -0.899652 -0.433804 0.998779 -0.0445026 -0.0214392 -1.75603e-05 -0.434334 0.900752 0.0477719 0.024906 0.556514\n-0.657856 -0.208699 -0.479309 0.00771146 0.89349 -0.449017 0.999968 -0.00584931 0.0055341 0.00231823 -0.449045 -0.893506 0.0481738 0.0254157 0.539821\nC 33\n0 10\n0 3\n0 4\n0 5\n0 8\n0 1\n0 6\n0 2\n1 6\n1 2\n1 5\n1 10\n1 9\n2 5\n2 9\n2 6\n2 10\n3 7\n3 6\n3 5\n3 8\n3 4\n4 7\n4 8\n4 5\n4 6\n5 9\n5 6\n5 8\n5 10\n5 7\n6 10\n6 8\nS 4\n2\n1 -0.65788 -0.0474835 0.058256\n3 0.641561 -0.047902 0.060706\n2\n-0.00815925 -0.0476927 0.059481\n0.999998 -0.000322061 0.00188542\n2\n2 -0.65851 0.110047 -0.00328441\n4 0.640932 0.109629 -0.000834411\n2\n-0.00878866 0.109838 -0.00205941\n0.999998 -0.000321671 0.00188542\n2\n7 0.641367 -0.205153 0.584223\n9 -0.657849 -0.204835 0.588496\n2\n-0.00824081 -0.204994 0.58636\n-0.999995 0.000245353 0.00328886\n2\n8 0.641425 -0.204735 -0.469289\n10 -0.657856 -0.208699 -0.479309\n2\n-0.00821536 -0.206717 -0.474299\n-0.999966 -0.00305098 -0.00771209\nL 11\n0\n3\n3\n3\n3\n1\n0\n2\n2\n2\n2"
}