{
    "boxes": [
        [
            0.009882500395178795,
            -0.007904999889433384,
            0.07026299834251404,
            0.2533780038356781,
            1.0271400213241577,
            1.1190500259399414,
            0.0,
            1.0,
            0.0,
            0.0,
            0.0,
            1.0
        ],
        [
            -0.4923720061779022,
            0.07512079924345016,
            0.32521000504493713,
            0.09982749819755554,
            0.5812129974365234,
            0.1315460056066513,
            -0.1291320025920868,
            0.7940199971199036,
            -0.5940170288085938,
            -0.04275690019130707,
            0.5940170288085938,
            0.8033149838447571
        ],
        [
            -0.4719350039958954,
            0.2782990038394928,
            0.20582599937915802,
            0.06079230085015297,
            0.6794909834861755,
            0.12081799656152725,
            -0.03616210073232651,
            0.9992579817771912,
            -0.01326689962297678,
            -0.10469900071620941,
            0.009414279833436012,
            0.9944589734077454
        ],
        [
            0.010123499669134617,
            -0.3683210015296936,
            0.10890600085258484,
            0.5064809918403625,
            0.26778700947761536,
            0.2836250066757202,
            0.0,
            1.0,
            0.0,
            0.0,
            0.0,
            1.0
        ],
        [
            -0.3122209906578064,
            -0.673937976360321,
            -0.3196839988231659,
            0.11189199984073639,
            0.11189199984073639,
            0.056255001574754715,
            -2.0729600107299043e-16,
            0.9335799813270569,
            0.35836800932884216,
            7.957370290152739e-17,
            -0.35836800932884216,
            0.9335799813270569
        ],
        [
            -0.17903099954128265,
            -0.5720329880714417,
            -0.146139994263649,
            0.11489199846982956,
            0.47966599464416504,
            0.1449889987707138,
            -0.20604799687862396,
            0.9686459898948669,
            0.1388150006532669,
            0.5948500037193298,
            0.011349800042808056,
            0.8037559986114502
        ],
        [
            0.007741999812424183,
            0.3524110019207001,
            -0.17221100628376007,
            0.8976309895515442,
            0.5538949966430664,
            1.1147700548171997,
            0.0,
            1.0,
            0.0,
            0.0,
            0.0,
            1.0
        ]
    ],
    "ops": [
        [
            0,
            0,
            0,
            1,
            2,
            1,
            0,
            0,
            0,
            1,
            2,
            1,
            1,
            0,
            1
        ]
    ],
    "syms": [
        [
            0.0,
            0.9998000264167786,
            0.013046300038695335,
            0.015141099691390991,
            0.011788399890065193,
            0.08169949799776077,
            0.332845002412796,
            0.0
        ],
        [
            -1.0,
            0.006429680157452822,
            0.9999790191650391,
            -0.0011814299505203962,
            0.008420470170676708,
            -0.6722180247306824,
            0.12192299962043762,
            0.20000000298023224
        ]
    ],
    "labels:": [
        [
            1,
            3,
            3,
            2,
            2,
            2,
            0
        ]
    ],
    "obj": 3294,
    "mat_index": 764,
    "obbs": "N 17\n0.007742 0.352411 -0.172211 1 0 0 0 1 0 0 0 1 1.11477 0.897631 0.553895\n0.324562 -0.669886 -0.315437 0.100634 -0.943087 -0.316955 0.994254 0.0836431 0.0668008 -0.0364878 -0.321857 0.946085 0.124058 0.083944 0.120661\n0.00992697 -0.669394 0.669866 0.0373223 -0.696836 -0.716259 0.999127 0.0394795 0.0136528 0.0187638 -0.716144 0.697701 0.114657 0.065848 0.12613\n0.513864 -0.673937 0.287434 2.19311e-16 -0.987688 -0.156434 1 2.22045e-16 0 3.47354e-17 -0.156434 0.987688 0.111892 0.056254 0.111892\n-0.312221 -0.673938 -0.319684 2.07296e-16 -0.93358 -0.358368 1 2.22045e-16 0 7.95737e-17 -0.358368 0.93358 0.111892 0.056255 0.111892\n-0.49403 -0.673937 0.287434 2.19311e-16 -0.987688 -0.156434 1 2.22045e-16 0 3.47354e-17 -0.156434 0.987688 0.111892 0.056255 0.111892\n0.209337 -0.57798 -0.14571 0.58423 -0.0131987 -0.811481 0.486519 0.80599 0.337163 0.649596 -0.591782 0.477305 0.481338 0.141518 0.15029\n-0.179031 -0.572033 -0.14614 0.206048 -0.968646 -0.138815 0.77698 0.248187 -0.578538 0.59485 0.0113498 0.803756 0.114892 0.144989 0.479666\n-0.302071 -0.574448 0.21556 -0.0112606 0.999927 0.00440734 0.297523 -0.000857534 0.954714 0.954648 0.0120619 -0.297491 0.0987738 0.148279 0.474122\n0.00520068 -0.582344 0.452072 -0.152535 -0.986667 -0.0567564 0.98822 -0.152993 0.00379474 -0.0124275 -0.055509 0.998381 0.112571 0.142519 0.495856\n0.316746 -0.577628 0.223603 -0.955637 0.014162 -0.294206 -0.294257 -0.0902195 0.951459 -0.0130685 0.995821 0.0903844 0.478996 0.129674 0.102865\n0.0101235 -0.368321 0.108906 1 0 0 0 1 0 0 0 1 0.283625 0.506481 0.267787\n0.0098825 -0.007905 0.070263 1 0 0 0 1 0 0 0 1 1.11905 0.253378 1.02714\n0.515949 0.0882782 0.34048 0.998895 -0.0445289 0.0150442 0.0445289 0.794107 -0.606145 0.0150442 0.606145 0.795212 0.115443 0.09525 0.540792\n-0.492372 0.0751208 0.32521 0.990705 0.129132 -0.0427569 -0.129132 0.79402 -0.594017 -0.0427569 0.594017 0.803315 0.131546 0.0998275 0.581213\n0.492517 0.276626 0.219926 0.994025 -0.0315487 -0.104489 0.0314626 0.999502 -0.00247222 0.104515 -0.000830062 0.994523 0.121789 0.0578289 0.655301\n-0.471935 0.278299 0.205826 0.104699 -0.00941428 -0.994459 -0.0361621 0.999258 -0.0132669 0.993846 0.0373508 0.104281 0.679491 0.0607923 0.120818\nC 33\n0 14\n0 16\n0 15\n0 11\n0 12\n0 13\n1 6\n2 9\n3 10\n4 7\n5 8\n6 9\n6 7\n6 10\n6 11\n6 8\n7 11\n7 10\n7 9\n7 8\n8 9\n8 10\n8 11\n9 11\n9 10\n10 11\n11 12\n12 16\n12 13\n12 14\n12 15\n13 15\n14 16\nS 4\n5\n2 0.00992697 -0.669394 0.669866\n3 0.513864 -0.673937 0.287434\n1 0.324562 -0.669886 -0.315437\n4 -0.312221 -0.673938 -0.319684\n5 -0.49403 -0.673937 0.287434\n3\n0.00842047 -0.672218 0.121923\n0.00642968 0.999979 -0.00118143\n5\n9 0.00520068 -0.582344 0.452072\n10 0.316746 -0.577628 0.223603\n6 0.209337 -0.57798 -0.14571\n7 -0.179031 -0.572033 -0.14614\n8 -0.302071 -0.574448 0.21556\n3\n0.0100363 -0.576887 0.119877\n0.00776854 0.999922 0.0097698\n2\n13 0.515949 0.0882782 0.34048\n14 -0.492372 0.0751208 0.32521\n2\n0.0117884 0.0816995 0.332845\n-0.9998 -0.0130463 -0.0151411\n2\n15 0.492517 0.276626 0.219926\n16 -0.471935 0.278299 0.205826\n2\n0.0102911 0.277462 0.212876\n-0.999892 0.00173472 -0.0146183\nL 17\n0\n2\n2\n2\n2\n2\n2\n2\n2\n2\n2\n2\n1\n3\n3\n3\n3"
}