{
    "boxes": [
        [
            0.012261000461876392,
            -0.0662975013256073,
            0.08016149699687958,
            0.2536109983921051,
            0.9351029992103577,
            0.9532899856567383,
            0.0,
            1.0,
            0.0,
            0.0,
            0.0,
            1.0
        ],
        [
            -0.4218049943447113,
            -0.0789249986410141,
            0.45003101229667664,
            0.2398120015859604,
            0.10106399655342102,
            0.10106299817562103,
            0.0,
            1.0,
            0.0,
            0.0,
            0.0,
            1.0
        ],
        [
            -0.4364829957485199,
            0.12884299457073212,
            0.16137200593948364,
            0.5176709890365601,
            0.5444719791412354,
            0.0796779990196228,
            0.0,
            1.0,
            0.0,
            0.0,
            0.0,
            1.0
        ],
        [
            -0.43324899673461914,
            0.13284599781036377,
            0.2863689959049225,
            0.4348619878292084,
            0.15249300003051758,
            0.05810169875621796,
            -0.006245879922062159,
            0.8672410249710083,
            -0.4978500008583069,
            0.053495701402425766,
            0.4974370002746582,
            0.8658490180969238
        ],
        [
            -0.44172799587249756,
            0.3460730016231537,
            0.15997199714183807,
            0.10281500220298767,
            0.5418270230293274,
            0.0661889985203743,
            -0.008547529578208923,
            0.985181987285614,
            0.17130200564861298,
            -0.0139231001958251,
            -0.1714089959859848,
            0.9851019978523254
        ],
        [
            -0.28002798557281494,
            -0.4611259996891022,
            -0.30175501108169556,
            0.581059992313385,
            0.10514499992132187,
            0.11133600026369095,
            0.0537961982190609,
            0.9968370199203491,
            0.05850280076265335,
            -0.38817501068115234,
            -0.03310300037264824,
            0.9209910035133362
        ],
        [
            -0.4211899936199188,
            -0.4702489972114563,
            0.4499399960041046,
            0.5575540065765381,
            0.07967100292444229,
            0.0796699970960617,
            0.0,
            1.0,
            0.0,
            0.0,
            0.0,
            1.0
        ],
        [
            0.00858249980956316,
            0.2002280056476593,
            -0.2872599959373474,
            0.6616960167884827,
            0.4285520017147064,
            0.9280809760093689,
            0.0,
            1.0,
            0.0,
            0.0,
            0.0,
            1.0
        ],
        [
            0.017767200246453285,
            0.4992220103740692,
            -0.2937439978122711,
            0.10167499631643295,
            0.45631301403045654,
            0.9451149702072144,
            -0.014786999672651291,
            0.9430310130119324,
            0.33237600326538086,
            0.002529480028897524,
            -0.33237600326538086,
            0.9431440234184265
        ]
    ],
    "ops": [
        [
            0,
            0,
            0,
            1,
            0,
            0,
            1,
            1,
            2,
            1,
            0,
            0,
            1,
            2,
            1,
            0,
            0,
            1,
            1
        ]
    ],
    "syms": [
        [
            0.0,
            0.9999480247497559,
            0.0,
            0.010154100134968758,
            0.014793300069868565,
            -0.0789249986410141,
            0.45446398854255676,
            0.0
        ],
        [
            0.0,
            0.9999399781227112,
            -4.843559872824699e-05,
            0.010948100127279758,
            0.01926730014383793,
            -0.4611400067806244,
            -0.29847800731658936,
            0.0
        ]
    ],
    "labels:": [
        [
            1,
            3,
            3,
            3,
            3,
            2,
            2,
            0,
            0
        ]
    ],
    "obj": 331,
    "mat_index": 775,
    "obbs": "N 15\n0.0085825 0.200228 -0.28726 1 0 0 0 1 0 0 0 1 0.928081 0.661696 0.428552\n0.0177672 0.499222 -0.293744 0.999887 0.014787 0.00252948 -0.014787 0.943031 0.332376 0.00252948 -0.332376 0.943144 0.945115 0.101675 0.456313\n-0.421805 -0.078925 0.450031 1 0 0 0 1 0 0 0 1 0.101063 0.239812 0.101064\n0.451392 -0.078925 0.458898 1 0 0 0 1 0 0 0 1 0.101356 0.239812 0.101356\n0.012261 -0.0662975 0.0801615 1 0 0 0 1 0 0 0 1 0.95329 0.253611 0.935103\n-0.436483 0.128843 0.161372 1 0 0 0 1 0 0 0 1 0.079678 0.517671 0.544472\n0.45567 0.139882 0.156191 1 0 0 0 1 0 0 0 1 0.087253 0.540795 0.578886\n-0.433249 0.132846 0.286369 -0.0534957 -0.497437 -0.865849 0.998549 -0.0212248 -0.0495005 0.00624588 -0.867241 0.49785 0.152493 0.0581017 0.434862\n0.465233 0.133257 0.291024 0.00573344 -0.489591 -0.871933 0.999883 -0.00957476 0.011951 -0.0141997 -0.871899 0.489479 0.155148 0.0525497 0.434654\n-0.441728 0.346073 0.159972 0.00854753 -0.985182 -0.171302 0.999867 0.00603513 0.0151819 -0.0139231 -0.171409 0.985102 0.102815 0.066189 0.541827\n0.474864 0.352027 0.155036 -0.0367015 -0.979683 -0.197164 0.99932 -0.0353073 -0.0105828 0.00340644 -0.197419 0.980313 0.10875 0.0667778 0.57208\n0.318563 -0.461155 -0.295201 -0.0592986 0.997472 0.039156 0.437722 -0.00927083 0.899062 0.897153 0.0704526 -0.436066 0.580554 0.116255 0.111391\n-0.42119 -0.470249 0.44994 1 0 0 0 1 0 0 0 1 0.07967 0.557554 0.079671\n0.453763 -0.470249 0.459572 1 0 0 0 1 0 0 0 1 0.07863 0.557554 0.07863\n-0.280028 -0.461126 -0.301755 0.0537962 0.996837 0.0585028 -0.388175 -0.033103 0.920991 0.920014 -0.0722551 0.385166 0.58106 0.105145 0.111336\nC 48\n0 14\n0 7\n0 10\n0 11\n0 4\n0 5\n0 8\n0 1\n0 6\n0 9\n1 6\n1 5\n1 10\n1 9\n1 8\n1 7\n2 12\n2 5\n2 9\n2 7\n2 4\n3 10\n3 6\n3 13\n3 8\n3 4\n4 7\n4 8\n4 12\n4 9\n4 13\n4 10\n4 5\n4 14\n4 11\n4 6\n5 9\n5 12\n5 7\n5 14\n6 10\n6 11\n6 8\n6 13\n7 12\n7 9\n8 13\n8 10\nS 6\n2\n2 -0.421805 -0.078925 0.450031\n3 0.451392 -0.078925 0.458898\n2\n0.0147933 -0.078925 0.454464\n0.999948 0 0.0101541\n2\n5 -0.436483 0.128843 0.161372\n6 0.45567 0.139882 0.156191\n2\n0.00959375 0.134362 0.158781\n0.999907 0.0123734 -0.00580675\n2\n7 -0.433249 0.132846 0.286369\n8 0.465233 0.133257 0.291024\n2\n0.0159924 0.133051 0.288697\n0.999986 0.000458062 0.00518018\n2\n9 -0.441728 0.346073 0.159972\n10 0.474864 0.352027 0.155036\n2\n0.0165676 0.34905 0.157504\n0.999964 0.00649495 -0.00538564\n2\n11 0.318563 -0.461155 -0.295201\n14 -0.280028 -0.461126 -0.301755\n2\n0.0192673 -0.46114 -0.298478\n-0.99994 4.84356e-05 -0.0109481\n2\n12 -0.42119 -0.470249 0.44994\n13 0.453763 -0.470249 0.459572\n2\n0.0162865 -0.470249 0.454756\n0.999939 0 0.0110074\nL 15\n0\n0\n3\n3\n1\n3\n3\n3\n3\n3\n3\n2\n2\n2\n2"
}