{
    "boxes": [
        [
            0.004856999963521957,
            0.014430999755859375,
            0.1202550008893013,
            0.14304600656032562,
            0.8536850214004517,
            0.855646014213562,
            0.0,
            1.0,
            0.0,
            0.0,
            0.0,
            1.0
        ],
        [
            -0.33044400811195374,
            -0.43786999583244324,
            -0.18945500254631042,
            0.8025910258293152,
            0.1780329942703247,
            0.15603800117969513,
            0.15666599571704865,
            0.9777510166168213,
            0.139492005109787,
            -0.42588600516319275,
            -0.06055140122771263,
            0.9027479887008667
        ],
        [
            -0.32171300053596497,
            -0.44101399183273315,
            0.3246769905090332,
            0.7920259833335876,
            0.17012499272823334,
            0.14350900053977966,
            0.13789500296115875,
            0.9892500042915344,
            -0.048677101731300354,
            0.1382330060005188,
            0.029443399980664253,
            0.9899619817733765
        ],
        [
            0.005164349917322397,
            0.5345209836959839,
            -0.2783440053462982,
            0.6189420223236084,
            0.22705499827861786,
            0.6997759938240051,
            0.010031700134277344,
            0.8681280016899109,
            -0.4962390065193176,
            0.01728760078549385,
            0.4960390031337738,
            0.8681280016899109
        ],
        [
            0.005710000172257423,
            0.46496298909187317,
            -0.26022499799728394,
            0.9756119847297668,
            0.23241400718688965,
            0.8658999800682068,
            -0.005533379968255758,
            0.9498950242996216,
            -0.31251999735832214,
            -0.007645510137081146,
            0.3124749958515167,
            0.9498950242996216
        ]
    ],
    "ops": [
        [
            0,
            0,
            0,
            1,
            2,
            1,
            0,
            0,
            1,
            1
        ]
    ],
    "syms": [
        [
            0.0,
            0.9999960064888,
            -0.0015861799474805593,
            0.0021675899624824524,
            0.005320049822330475,
            -0.438401997089386,
            -0.188727006316185,
            0.0
        ]
    ],
    "labels:": [
        [
            1,
            2,
            2,
            0,
            0
        ]
    ],
    "obj": 3320,
    "mat_index": 781,
    "obbs": "N 7\n0.004857 0.014431 0.120255 1 0 0 0 1 0 0 0 1 0.855646 0.143046 0.853685\n0.00516435 0.534521 -0.278344 0.0100317 0.868128 -0.496239 0.0172876 0.496039 0.868128 0.9998 -0.0172876 -0.0100317 0.618942 0.227055 0.699776\n0.341084 -0.438935 -0.187999 0.150154 -0.977657 -0.147107 0.94898 0.184255 -0.255904 0.277292 -0.101177 0.955444 0.800858 0.153192 0.184901\n0.331779 -0.440779 0.328597 0.231588 -0.0325341 -0.97227 0.962849 0.150352 0.224313 0.138885 -0.988097 0.0661452 0.166609 0.155282 0.793103\n-0.321713 -0.441014 0.324677 -0.137895 -0.98925 0.0486771 0.980753 -0.143239 -0.132687 0.138233 0.0294434 0.989962 0.792026 0.143509 0.170125\n-0.330444 -0.43787 -0.189455 0.425886 0.0605514 -0.902748 0.89111 -0.200837 0.406924 -0.156666 -0.977751 -0.139492 0.178033 0.156038 0.802591\n0.00571 0.464963 -0.260225 0.999955 0.00764551 0.00553338 -0.00764551 0.312475 0.949895 0.00553338 -0.949895 0.31252 0.8659 0.232414 0.975612\nC 15\n0 1\n0 6\n0 5\n0 4\n0 3\n0 2\n1 2\n1 5\n1 6\n2 6\n2 3\n3 6\n4 6\n4 5\n5 6\nS 2\n2\n2 0.341084 -0.438935 -0.187999\n5 -0.330444 -0.43787 -0.189455\n2\n0.00532005 -0.438402 -0.188727\n-0.999996 0.00158618 -0.00216759\n2\n3 0.331779 -0.440779 0.328597\n4 -0.321713 -0.441014 0.324677\n2\n0.00503303 -0.440897 0.326637\n-0.999982 -0.000360214 -0.00599913\nL 7\n1\n0\n2\n2\n2\n2\n0"
}