{
    "boxes": [
        [
            -0.00443299999460578,
            -0.14835000038146973,
            0.26361000537872314,
            0.33283600211143494,
            1.1264499425888062,
            0.9119719862937927,
            0.0,
            1.0,
            0.0,
            0.0,
            0.0,
            1.0
        ],
        [
            -0.4078269898891449,
            -0.38877299427986145,
            0.7844449877738953,
            0.18997900187969208,
            0.04085399955511093,
            0.055532000958919525,
            0.0,
            1.0,
            0.0,
            0.0,
            0.0,
            1.0
        ],
        [
            -0.3970760107040405,
            -0.39186400175094604,
            -0.45860201120376587,
            0.20278899371623993,
            0.037553299218416214,
            0.05822170153260231,
            -0.10923100262880325,
            0.9934369921684265,
            0.03392079845070839,
            -0.20318199694156647,
            -0.0557187981903553,
            0.9775540232658386
        ],
        [
            0.38533100485801697,
            -0.39019501209259033,
            -0.45864900946617126,
            0.2010979950428009,
            0.03587299957871437,
            0.059438299387693405,
            -0.13422100245952606,
            0.9905179738998413,
            0.02931470051407814,
            -0.22669599950313568,
            -0.05948970094323158,
            0.9721469879150391
        ],
        [
            0.00022932799765840173,
            0.17923599481582642,
            -0.2575640082359314,
            0.6087700128555298,
            0.22939999401569366,
            0.9293569922447205,
            0.014139600098133087,
            0.9641320109367371,
            -0.26504701375961304,
            0.018548699095845222,
            0.26477500796318054,
            0.9641320109367371
        ],
        [
            -0.0027534998953342438,
            0.19922100007534027,
            -0.39384299516677856,
            1.007159948348999,
            0.208297997713089,
            0.9153310060501099,
            0.0,
            1.0,
            0.0,
            0.0,
            0.0,
            1.0
        ]
    ],
    "ops": [
        [
            0,
            0,
            2,
            0,
            0,
            1,
            1,
            1,
            0,
            0,
            1,
            1
        ]
    ],
    "syms": [
        [
            0.0,
            1.0,
            0.0003664150135591626,
            -0.000425781006924808,
            -0.01619420014321804,
            -0.3886300027370453,
            0.7842779755592346,
            0.0
        ]
    ],
    "labels:": [
        [
            1,
            2,
            2,
            2,
            0,
            0
        ]
    ],
    "obj": 3367,
    "mat_index": 807,
    "obbs": "N 7\n0.000229328 0.179236 -0.257564 0.999728 -0.0185487 -0.0141396 0.0185487 0.264775 0.964132 -0.0141396 -0.964132 0.265047 0.929357 0.2294 0.60877\n-0.004433 -0.14835 0.26361 1 0 0 0 1 0 0 0 1 0.911972 0.332836 1.12645\n-0.0027535 0.199221 -0.393843 1 0 0 0 1 0 0 0 1 0.915331 1.00716 0.208298\n-0.397076 -0.391864 -0.458602 -0.973029 -0.0998868 -0.207935 -0.203182 -0.0557188 0.977554 -0.109231 0.993437 0.0339208 0.0582217 0.0375533 0.202789\n0.385331 -0.390195 -0.458649 -0.964673 -0.123837 -0.232531 -0.226696 -0.0594897 0.972147 -0.134221 0.990518 0.0293147 0.0594383 0.035873 0.201098\n0.375439 -0.388486 0.784112 1 0 0 0 1 0 0 0 1 0.050599 0.189467 0.041343\n-0.407827 -0.388773 0.784445 1 0 0 0 1 0 0 0 1 0.055532 0.189979 0.040854\nC 11\n0 1\n0 4\n0 3\n0 2\n1 2\n1 3\n1 4\n1 5\n1 6\n2 4\n2 3\nS 1\n2\n5 0.375439 -0.388486 0.784112\n6 -0.407827 -0.388773 0.784445\n2\n-0.0161942 -0.38863 0.784278\n-1 -0.000366415 0.000425781\nL 7\n0\n1\n0\n2\n2\n2\n2"
}