{
    "boxes": [
        [
            0.001124480040743947,
            -0.05444290116429329,
            0.13199500739574432,
            0.17750300467014313,
            0.8217740058898926,
            0.7187079787254333,
            -0.00019109199638478458,
            0.9857180118560791,
            0.16840499639511108,
            1.620620059838984e-05,
            -0.16840499639511108,
            0.9857180118560791
        ],
        [
            -0.3948749899864197,
            0.3006249964237213,
            0.11946500092744827,
            0.07219540327787399,
            0.4478690028190613,
            0.11365199834108353,
            -0.025250200182199478,
            0.9963949918746948,
            0.08099540323019028,
            0.0010244200238958001,
            -0.08099540323019028,
            0.9967139959335327
        ],
        [
            -0.32175999879837036,
            -0.04776959866285324,
            0.10163599997758865,
            0.03482099995017052,
            0.036228399723768234,
            0.1926639974117279,
            0.5182039737701416,
            0.8550660014152527,
            -0.01806280016899109,
            0.005045750178396702,
            0.01806280016899109,
            0.9998239874839783
        ],
        [
            -0.39412400126457214,
            0.1506740003824234,
            0.1016559973359108,
            0.2863599956035614,
            0.03519200161099434,
            0.01169500034302473,
            0.0,
            1.0,
            0.0,
            0.0,
            0.0,
            1.0
        ],
        [
            0.029162999242544174,
            -0.34922200441360474,
            0.1110989972949028,
            0.4813080132007599,
            0.1597609966993332,
            0.1602579951286316,
            0.0,
            1.0,
            0.0,
            0.0,
            0.0,
            1.0
        ],
        [
            -0.12500999867916107,
            -0.7686150074005127,
            -0.33868399262428284,
            0.07687100023031235,
            0.07687210291624069,
            0.05422170087695122,
            0.11074099689722061,
            0.9335770010948181,
            0.3408379852771759,
            0.28848299384117126,
            -0.35837700963020325,
            0.8878870010375977
        ],
        [
            -0.062202099710702896,
            -0.6270999908447266,
            -0.15119099617004395,
            0.0860901027917862,
            0.4883610010147095,
            0.06683090329170227,
            -0.30613601207733154,
            0.9220520257949829,
            -0.23685699701309204,
            0.2998200058937073,
            0.3295240104198456,
            0.8952779769897461
        ],
        [
            0.012551000341773033,
            0.45593100786209106,
            -0.2958579957485199,
            0.6691100001335144,
            0.12759999930858612,
            0.6390759944915771,
            4.3663000326432666e-08,
            0.957381010055542,
            -0.28882598876953125,
            5.877920017383076e-08,
            0.28882598876953125,
            0.957381010055542
        ],
        [
            0.013506700284779072,
            0.1349799931049347,
            -0.2437400072813034,
            0.6504979729652405,
            0.16243800520896912,
            0.08113230019807816,
            0.0006663679960183799,
            0.8728560209274292,
            -0.487976998090744,
            -0.01551899965852499,
            0.48792698979377747,
            0.8727459907531738
        ]
    ],
    "ops": [
        [
            0,
            0,
            0,
            0,
            1,
            1,
            2,
            1,
            0,
            0,
            0,
            1,
            2,
            1,
            1,
            0,
            0,
            1,
            1
        ]
    ],
    "syms": [
        [
            0.0,
            1.0,
            -0.0007318090065382421,
            -0.00016540799697395414,
            0.0038335099816322327,
            0.3003329932689667,
            0.11939900368452072,
            0.0
        ],
        [
            -1.0,
            -1.3194299874896842e-08,
            1.0,
            -7.769749998942643e-08,
            0.023840300738811493,
            -0.7686150074005127,
            0.11289399862289429,
            0.20000000298023224
        ]
    ],
    "labels:": [
        [
            1,
            3,
            3,
            3,
            2,
            2,
            2,
            0,
            0
        ]
    ],
    "obj": 35065,
    "mat_index": 840,
    "obbs": "N 20\n0.012551 0.455931 -0.295858 1 -5.87792e-08 -4.3663e-08 5.87792e-08 0.288826 0.957381 -4.3663e-08 -0.957381 0.288826 0.639076 0.1276 0.66911\n-0.12501 -0.768615 -0.338684 -0.288483 0.358377 -0.887887 0.951059 3.33067e-16 -0.309008 -0.110741 -0.933577 -0.340838 0.0768721 0.0542217 0.076871\n0.409751 -0.768615 -0.166836 0.755295 0.358412 -0.548699 0.587747 5.55112e-16 0.809045 0.289971 -0.933564 -0.210656 0.0768724 0.0542236 0.0768706\n0.409323 -0.768615 0.393317 -0.28993 0.933578 -0.21065 -0.587791 0 0.809013 0.755276 0.358375 0.548749 0.0768711 0.0542211 0.0768718\n-0.123998 -0.768615 0.56449 0.288484 -0.358376 -0.887887 0.951059 -4.44089e-16 0.309009 -0.110741 -0.933578 0.340836 0.0768721 0.0542211 0.0768709\n-0.450865 -0.768615 0.112186 0.93358 0.358368 -1.59147e-16 0 4.44089e-16 1 0.358368 -0.93358 4.14593e-16 0.076871 0.05422 0.076871\n0.334039 -0.0471034 0.101789 0.00747241 -0.02634 -0.999625 -0.525021 0.850682 -0.02634 0.851057 0.525021 -0.00747241 0.0370627 0.035543 0.195956\n-0.32176 -0.0477696 0.101636 0.855242 -0.518204 0.00504575 0.518204 0.855066 -0.0180628 0.00504575 0.0180628 0.999824 0.192664 0.034821 0.0362284\n0.00112448 -0.0544429 0.131995 -1.62062e-05 0.168405 -0.985718 -0.000191092 0.985718 0.168405 1 0.000191092 1.62062e-05 0.821774 0.177503 0.718708\n0.404724 0.15143 0.101656 1 0 0 0 1 0 0 0 1 0.01214 0.285206 0.035192\n-0.394124 0.150674 0.101656 1 0 0 0 1 0 0 0 1 0.011695 0.28636 0.035192\n0.402542 0.300041 0.119333 -0.00134239 0.0751865 -0.997169 -0.0356462 0.996532 0.0751865 0.999364 0.0356462 0.00134239 0.447828 0.0738359 0.113847\n-0.394875 0.300625 0.119465 -0.00102442 0.0809954 -0.996714 -0.0252502 0.996395 0.0809954 0.999681 0.0252502 0.00102442 0.447869 0.0721954 0.113652\n-0.0551489 -0.622016 0.375457 0.242316 -0.929605 -0.277701 0.929605 0.140535 0.340713 -0.277701 -0.340713 0.898219 0.0836653 0.0788747 0.498587\n0.247474 -0.624567 0.274152 0.123725 0.915546 0.382711 -0.626828 -0.226877 0.745395 0.769272 -0.332117 0.545819 0.0851507 0.0684277 0.492383\n0.24071 -0.619346 -0.0385817 0.328614 0.93241 -0.150418 0.543059 -0.0562359 0.837809 0.772723 -0.357001 -0.524833 0.0864107 0.0790172 0.518099\n-0.0622021 -0.6271 -0.151191 0.306136 -0.922052 0.236857 0.903542 0.203062 -0.377329 0.29982 0.329524 0.895278 0.0860901 0.0668309 0.488361\n-0.250792 -0.625153 0.111287 -0.312744 0.936416 -0.159109 -0.0659761 0.145691 0.987128 0.947543 0.319216 0.0162173 0.0880177 0.0691467 0.496107\n0.0135067 0.13498 -0.24374 0.000666368 0.872856 -0.487977 0.999879 0.00699133 0.013871 0.015519 -0.487927 -0.872746 0.650498 0.0811323 0.162438\n0.029163 -0.349222 0.111099 1 0 0 0 1 0 0 0 1 0.160258 0.481308 0.159761\nC 43\n0 10\n0 9\n0 11\n0 18\n0 12\n0 8\n1 16\n2 15\n3 14\n4 13\n5 17\n6 9\n6 18\n6 19\n6 8\n7 19\n7 10\n7 18\n7 8\n8 9\n8 19\n8 10\n8 11\n8 12\n8 18\n9 11\n10 12\n13 17\n13 16\n13 15\n13 19\n13 14\n14 17\n14 19\n14 15\n14 16\n15 16\n15 19\n15 17\n16 17\n16 19\n17 19\n18 19\nS 5\n5\n4 -0.123998 -0.768615 0.56449\n5 -0.450865 -0.768615 0.112186\n1 -0.12501 -0.768615 -0.338684\n2 0.409751 -0.768615 -0.166836\n3 0.409323 -0.768615 0.393317\n3\n0.0238403 -0.768615 0.112894\n1.31943e-08 -1 7.76975e-08\n2\n6 0.334039 -0.0471034 0.101789\n7 -0.32176 -0.0477696 0.101636\n2\n0.00613954 -0.0474365 0.101712\n-0.999999 -0.00101586 -0.000232124\n2\n9 0.404724 0.15143 0.101656\n10 -0.394124 0.150674 0.101656\n2\n0.00529975 0.151052 0.101656\n-1 -0.000946362 0\n2\n11 0.402542 0.300041 0.119333\n12 -0.394875 0.300625 0.119465\n2\n0.00383351 0.300333 0.119399\n-1 0.000731809 0.000165408\n5\n15 0.24071 -0.619346 -0.0385817\n14 0.247474 -0.624567 0.274152\n13 -0.0551489 -0.622016 0.375457\n17 -0.250792 -0.625153 0.111287\n16 -0.0622021 -0.6271 -0.151191\n3\n0.0240081 -0.623636 0.114225\n-0.00703677 0.999972 -0.00260058\nL 20\n0\n2\n2\n2\n2\n2\n3\n3\n1\n3\n3\n3\n3\n2\n2\n2\n2\n2\n0\n2"
}