{
    "boxes": [
        [
            0.012261000461876392,
            -0.0662975013256073,
            0.08016149699687958,
            0.2536109983921051,
            0.9351029992103577,
            0.9532899856567383,
            0.0,
            1.0,
            0.0,
            0.0,
            0.0,
            1.0
        ],
        [
            -0.44460099935531616,
            0.32047799229621887,
            0.3119310140609741,
            0.08531049638986588,
            0.23426400125026703,
            0.06640040129423141,
            0.015143100172281265,
            0.9981819987297058,
            0.05833449959754944,
            -0.006810479797422886,
            -0.058236800134181976,
            0.9982799887657166
        ],
        [
            -0.42291200160980225,
            0.07424630224704742,
            0.30297398567199707,
            0.412324994802475,
            0.24831299483776093,
            0.06935349851846695,
            0.10640300065279007,
            0.9936619997024536,
            -0.0362452007830143,
            0.12925800681114197,
            0.02232009917497635,
            0.9913600087165833
        ],
        [
            -0.43324899673461914,
            0.13284599781036377,
            0.2863689959049225,
            0.4348619878292084,
            0.15249300003051758,
            0.05810169875621796,
            -0.006245879922062159,
            0.8672410249710083,
            -0.4978500008583069,
            0.053495701402425766,
            0.4974370002746582,
            0.8658490180969238
        ],
        [
            -0.4211899936199188,
            -0.4702489972114563,
            0.4499399960041046,
            0.5575540065765381,
            0.07967100292444229,
            0.0796699970960617,
            0.0,
            1.0,
            0.0,
            0.0,
            0.0,
            1.0
        ],
        [
            -0.28002798557281494,
            -0.4611259996891022,
            -0.30175501108169556,
            0.581059992313385,
            0.10514499992132187,
            0.11133600026369095,
            0.0537961982190609,
            0.9968370199203491,
            0.05850280076265335,
            -0.38817501068115234,
            -0.03310300037264824,
            0.9209910035133362
        ],
        [
            0.011487499810755253,
            0.2002280056476593,
            -0.13445499539375305,
            0.6616960167884827,
            0.7341619729995728,
            0.9756190180778503,
            0.0,
            1.0,
            0.0,
            0.0,
            0.0,
            1.0
        ],
        [
            0.017770100384950638,
            0.44467100501060486,
            -0.1409129947423935,
            0.12481299787759781,
            0.7804329991340637,
            0.9687690138816833,
            -0.009637420065701008,
            0.9256939888000488,
            0.378150999546051,
            0.0018925099866464734,
            -0.378150999546051,
            0.925741970539093
        ]
    ],
    "ops": [
        [
            0,
            0,
            0,
            0,
            1,
            1,
            2,
            1,
            0,
            0,
            1,
            2,
            1,
            0,
            0,
            1,
            1
        ]
    ],
    "syms": [
        [
            0.0,
            0.9999499917030334,
            -0.004290829878300428,
            0.009054199792444706,
            0.015636300668120384,
            0.3185029923915863,
            0.31609898805618286,
            0.0
        ],
        [
            0.0,
            0.9999390244483948,
            -0.0,
            0.01100740022957325,
            0.016286499798297882,
            -0.4702489972114563,
            0.4547559916973114,
            0.0
        ]
    ],
    "labels:": [
        [
            1,
            3,
            3,
            3,
            2,
            2,
            0,
            0
        ]
    ],
    "obj": 35098,
    "mat_index": 855,
    "obbs": "N 13\n0.0114875 0.200228 -0.134455 1 0 0 0 1 0 0 0 1 0.975619 0.661696 0.734162\n0.46357 0.0820715 0.30593 1 0 0 0 1 0 0 0 1 0.070781 0.422947 0.279407\n-0.422912 0.0742463 0.302974 -0.106403 -0.993662 0.0362452 0.985886 -0.110168 -0.126064 0.129258 0.0223201 0.99136 0.412325 0.0693535 0.248313\n0.012261 -0.0662975 0.0801615 1 0 0 0 1 0 0 0 1 0.95329 0.253611 0.935103\n0.465233 0.133257 0.291024 0.00573344 -0.489591 -0.871933 0.999883 -0.00957476 0.011951 -0.0141997 -0.871899 0.489479 0.155148 0.0525497 0.434654\n-0.433249 0.132846 0.286369 -0.0534957 -0.497437 -0.865849 0.998549 -0.0212248 -0.0495005 0.00624588 -0.867241 0.49785 0.152493 0.0581017 0.434862\n0.475874 0.316528 0.320266 1 0 0 0 1 0 0 0 1 0.066058 0.085157 0.235966\n-0.444601 0.320478 0.311931 -0.0151431 -0.998182 -0.0583345 0.999862 -0.0155144 0.00591621 -0.00681048 -0.0582368 0.99828 0.0853105 0.0664004 0.234264\n0.453763 -0.470249 0.459572 1 0 0 0 1 0 0 0 1 0.07863 0.557554 0.07863\n-0.280028 -0.461126 -0.301755 0.0537962 0.996837 0.0585028 -0.388175 -0.033103 0.920991 0.920014 -0.0722551 0.385166 0.58106 0.105145 0.111336\n0.318563 -0.461155 -0.295201 -0.0592986 0.997472 0.039156 0.437722 -0.00927083 0.899062 0.897153 0.0704526 -0.436066 0.580554 0.116255 0.111391\n-0.42119 -0.470249 0.44994 1 0 0 0 1 0 0 0 1 0.07967 0.557554 0.079671\n0.0177701 0.444671 -0.140913 0.999952 0.00963742 0.00189251 -0.00963742 0.925694 0.378151 0.00189251 -0.378151 0.925742 0.968769 0.124813 0.780433\nC 39\n0 7\n0 10\n0 3\n0 11\n0 4\n0 12\n0 5\n0 8\n0 1\n0 6\n0 9\n0 2\n1 3\n1 6\n1 4\n1 12\n1 8\n2 12\n2 5\n2 3\n2 7\n2 11\n3 11\n3 7\n3 10\n3 6\n3 9\n3 5\n3 12\n3 8\n3 4\n4 8\n4 12\n4 6\n5 12\n5 11\n5 7\n6 12\n7 12\nS 5\n2\n1 0.46357 0.0820715 0.30593\n2 -0.422912 0.0742463 0.302974\n2\n0.0203291 0.0781589 0.304452\n-0.999955 -0.00882683 -0.00333469\n2\n4 0.465233 0.133257 0.291024\n5 -0.433249 0.132846 0.286369\n2\n0.0159924 0.133051 0.288697\n-0.999986 -0.000458062 -0.00518018\n2\n6 0.475874 0.316528 0.320266\n7 -0.444601 0.320478 0.311931\n2\n0.0156363 0.318503 0.316099\n-0.99995 0.00429083 -0.0090542\n2\n8 0.453763 -0.470249 0.459572\n11 -0.42119 -0.470249 0.44994\n2\n0.0162865 -0.470249 0.454756\n-0.999939 0 -0.0110074\n2\n9 -0.280028 -0.461126 -0.301755\n10 0.318563 -0.461155 -0.295201\n2\n0.0192673 -0.46114 -0.298478\n0.99994 -4.84356e-05 0.0109481\nL 13\n0\n3\n3\n1\n3\n3\n3\n3\n2\n2\n2\n2\n0"
}