{
    "boxes": [
        [
            0.011728099547326565,
            0.0031435000710189342,
            0.15831899642944336,
            0.11301399767398834,
            0.7176079750061035,
            0.7195789813995361,
            -0.008883880451321602,
            0.994983971118927,
            -0.09963420033454895,
            -0.0004436819872353226,
            0.09963420033454895,
            0.9950240254402161
        ],
        [
            0.011974499560892582,
            -0.7433199882507324,
            0.05177000164985657,
            0.028999000787734985,
            0.05618400126695633,
            0.7249550223350525,
            0.0,
            1.0,
            0.0,
            0.0,
            0.0,
            1.0
        ],
        [
            -0.364982008934021,
            -0.7372589707374573,
            0.07166949659585953,
            0.06702499836683273,
            0.7875289916992188,
            0.03156999871134758,
            0.0,
            1.0,
            0.0,
            0.0,
            0.0,
            1.0
        ],
        [
            -0.364982008934021,
            -0.7532699704170227,
            -0.2893050014972687,
            0.04802900180220604,
            0.08880700170993805,
            0.037154000252485275,
            0.0,
            1.0,
            0.0,
            0.0,
            0.0,
            1.0
        ],
        [
            0.3888480067253113,
            -0.3817319869995117,
            -0.258650004863739,
            0.7323690056800842,
            0.1171170026063919,
            0.03330549970269203,
            0.0021223900839686394,
            0.9533219933509827,
            0.30194899439811707,
            0.00710562989115715,
            -0.30195701122283936,
            0.9532949924468994
        ],
        [
            0.011738100089132786,
            0.5102300047874451,
            -0.2527720034122467,
            0.37299999594688416,
            0.17313100397586823,
            0.7995409965515137,
            0.005148179829120636,
            0.9437429904937744,
            -0.3306390047073364,
            0.0072585102170705795,
            0.33059900999069214,
            0.9437429904937744
        ],
        [
            -0.3653799891471863,
            0.3006550073623657,
            -0.1996919959783554,
            0.7252939939498901,
            0.07615350186824799,
            0.03794559836387634,
            -0.009695789776742458,
            0.9784259796142578,
            -0.20636999607086182,
            -0.05799869820475578,
            0.20548200607299805,
            0.9769409894943237
        ]
    ],
    "ops": [
        [
            0,
            0,
            0,
            2,
            1,
            0,
            0,
            1,
            2,
            1,
            1,
            0,
            0,
            2,
            1,
            1
        ]
    ],
    "syms": [
        [
            0.0,
            0.9999420046806335,
            0.004490070044994354,
            -0.009825640358030796,
            0.01199449971318245,
            -0.7355660200119019,
            0.0679652988910675,
            0.0
        ],
        [
            0.0,
            1.0,
            0.0,
            0.0,
            0.01199449971318245,
            -0.7532699704170227,
            -0.2893050014972687,
            0.0
        ],
        [
            0.0,
            0.9999420046806335,
            -0.0052674501203000546,
            -0.009426520206034184,
            0.011764800176024437,
            0.2986690104007721,
            -0.20324699580669403,
            0.0
        ]
    ],
    "labels:": [
        [
            1,
            2,
            2,
            2,
            2,
            0,
            0
        ]
    ],
    "obj": 35106,
    "mat_index": 862,
    "obbs": "N 11\n0.0117381 0.51023 -0.252772 0.99996 -0.00725851 -0.00514818 0.00725851 0.330599 0.943743 -0.00514818 -0.943743 0.330639 0.799541 0.173131 0.373\n0.0117281 0.0031435 0.158319 0.99996 0.00888388 -0.000443682 -0.00888388 0.994984 -0.0996342 -0.000443682 0.0996342 0.995024 0.719579 0.113014 0.717608\n0.38891 0.296682 -0.206802 0.0261255 -0.23588 -0.971431 0.999632 0.0133208 0.0236494 0.00736182 -0.971691 0.236141 0.074884 0.0368844 0.729256\n-0.36538 0.300655 -0.199692 -0.00969579 0.978426 -0.20637 0.99827 0.0214414 0.0547551 0.0579987 -0.205482 -0.976941 0.725294 0.0379456 0.0761535\n-0.364982 -0.75327 -0.289305 1 0 0 0 1 0 0 0 1 0.037154 0.048029 0.088807\n0.388971 -0.75327 -0.289305 1 0 0 0 1 0 0 0 1 0.037154 0.048029 0.088807\n-0.365004 -0.384251 -0.249506 -0.00412573 -0.951439 -0.307811 0.999991 -0.00392777 -0.00126267 -7.65421e-06 -0.307813 0.951447 0.742201 0.0344914 0.133124\n0.388848 -0.381732 -0.25865 -0.00212239 -0.953322 -0.301949 0.999973 0.000122269 -0.00741482 0.00710563 -0.301957 0.953295 0.732369 0.0333055 0.117117\n0.388971 -0.733873 0.064261 1 0 0 0 1 0 0 0 1 0.03157 0.074214 0.802346\n-0.364982 -0.737259 0.0716695 1 0 0 0 1 0 0 0 1 0.03157 0.067025 0.787529\n0.0119745 -0.74332 0.05177 1 0 0 0 1 0 0 0 1 0.724955 0.028999 0.056184\nC 16\n0 3\n0 2\n1 2\n1 3\n1 6\n1 7\n2 7\n3 6\n4 9\n4 6\n5 7\n5 8\n6 9\n7 8\n8 10\n9 10\nS 4\n2\n2 0.38891 0.296682 -0.206802\n3 -0.36538 0.300655 -0.199692\n2\n0.0117648 0.298669 -0.203247\n-0.999942 0.00526745 0.00942652\n2\n4 -0.364982 -0.75327 -0.289305\n5 0.388971 -0.75327 -0.289305\n2\n0.0119945 -0.75327 -0.289305\n1 0 0\n2\n6 -0.365004 -0.384251 -0.249506\n7 0.388848 -0.381732 -0.25865\n2\n0.0119224 -0.382991 -0.254078\n0.999921 0.00334127 -0.012128\n2\n8 0.388971 -0.733873 0.064261\n9 -0.364982 -0.737259 0.0716695\n2\n0.0119945 -0.735566 0.0679653\n-0.999942 -0.00449007 0.00982564\nL 11\n0\n1\n0\n0\n2\n2\n2\n2\n2\n2\n2"
}