{
    "boxes": [
        [
            0.004558340180665255,
            0.0003168300027027726,
            0.1238740012049675,
            0.10113099962472916,
            0.8002979755401611,
            0.9099069833755493,
            0.0001490419963374734,
            0.9995329976081848,
            0.030555399134755135,
            -2.2775400339014595e-06,
            -0.030555399134755135,
            0.9995329976081848
        ],
        [
            0.012506499886512756,
            -0.7814109921455383,
            -0.36769598722457886,
            0.0467430017888546,
            0.08567699790000916,
            0.8143590092658997,
            0.0,
            1.0,
            0.0,
            0.0,
            0.0,
            1.0
        ],
        [
            -0.40581899881362915,
            -0.772832989692688,
            0.02380800060927868,
            0.062182001769542694,
            0.7960699796676636,
            0.07956799864768982,
            0.0,
            1.0,
            0.0,
            0.0,
            0.0,
            1.0
        ],
        [
            -0.42291000485420227,
            -0.38499701023101807,
            0.5600870251655579,
            0.8083480000495911,
            0.3440819978713989,
            0.046310000121593475,
            0.0,
            1.0,
            0.0,
            0.0,
            0.0,
            1.0
        ],
        [
            0.004557500127702951,
            0.29813599586486816,
            -0.34994301199913025,
            0.392551988363266,
            0.056295301765203476,
            0.9098989963531494,
            -0.0,
            0.9820680022239685,
            -0.18852899968624115,
            0.0,
            0.18852899968624115,
            0.9820680022239685
        ],
        [
            0.004564459901303053,
            0.32437700033187866,
            -0.3841499984264374,
            0.6719279885292053,
            0.18987099826335907,
            0.9009039998054504,
            -0.002183479955419898,
            0.9059200286865234,
            -0.4234429895877838,
            -0.003430810058489442,
            0.42343398928642273,
            0.9059200286865234
        ]
    ],
    "ops": [
        [
            0,
            0,
            0,
            0,
            1,
            2,
            1,
            1,
            0,
            0,
            1,
            1
        ]
    ],
    "syms": [
        [
            0.0,
            0.9994680285453796,
            -0.0028238999657332897,
            0.03249460086226463,
            0.005892250221222639,
            -0.7739959955215454,
            0.03719349950551987,
            0.0
        ]
    ],
    "labels:": [
        [
            1,
            2,
            2,
            2,
            0,
            0
        ]
    ],
    "obj": 35121,
    "mat_index": 871,
    "obbs": "N 8\n0.0045575 0.298136 -0.349943 1 0 0 0 0.188529 0.982068 0 -0.982068 0.188529 0.909899 0.0562953 0.392552\n-0.405819 -0.772833 0.023808 1 0 0 0 1 0 0 0 1 0.079568 0.062182 0.79607\n0.0125065 -0.781411 -0.367696 1 0 0 0 1 0 0 0 1 0.814359 0.046743 0.085677\n0.417604 -0.77516 0.050579 1 0 0 0 1 0 0 0 1 0.074641 0.058909 0.804792\n0.00455834 0.00031683 0.123874 1 -0.000149042 -2.27754e-06 0.000149042 0.999533 0.0305554 -2.27754e-06 -0.0305554 0.999533 0.909907 0.101131 0.800298\n0.432026 -0.378596 0.563868 1 0 0 0 1 0 0 0 1 0.046278 0.805956 0.336503\n-0.42291 -0.384997 0.560087 1 0 0 0 1 0 0 0 1 0.04631 0.808348 0.344082\n0.00456446 0.324377 -0.38415 0.999992 0.00343081 0.00218348 -0.00343081 0.423434 0.90592 0.00218348 -0.90592 0.423443 0.900904 0.189871 0.671928\nC 9\n0 7\n0 4\n1 2\n1 6\n2 3\n3 5\n4 7\n4 6\n4 5\nS 2\n2\n1 -0.405819 -0.772833 0.023808\n3 0.417604 -0.77516 0.050579\n2\n0.00589225 -0.773996 0.0371935\n0.999468 -0.0028239 0.0324946\n2\n5 0.432026 -0.378596 0.563868\n6 -0.42291 -0.384997 0.560087\n2\n0.004558 -0.381796 0.561978\n-0.999962 -0.00748683 -0.00442297\nL 8\n0\n2\n2\n2\n1\n2\n2\n0"
}