{
    "boxes": [
        [
            -0.0011060000397264957,
            -0.11138799786567688,
            0.15771399438381195,
            0.22549299895763397,
            0.7462549805641174,
            0.7406439781188965,
            0.0,
            1.0,
            0.0,
            0.0,
            0.0,
            1.0
        ],
        [
            -0.41299301385879517,
            0.01939000003039837,
            0.10778199881315231,
            0.46650901436805725,
            0.8572350144386292,
            0.10094500333070755,
            -0.11729700118303299,
            0.9930459856987,
            -0.010086500085890293,
            0.010086500085890293,
            0.011347400024533272,
            0.9998850226402283
        ],
        [
            -0.4030030071735382,
            -0.44940999150276184,
            0.4989140033721924,
            0.5929610133171082,
            0.07079900056123734,
            0.06975399702787399,
            0.0,
            1.0,
            0.0,
            0.0,
            0.0,
            1.0
        ],
        [
            -0.4147759974002838,
            -0.25160300731658936,
            -0.27999600768089294,
            0.9865509867668152,
            0.0687130019068718,
            0.09123700112104416,
            0.0,
            1.0,
            0.0,
            0.0,
            0.0,
            1.0
        ],
        [
            -0.0031734800431877375,
            0.1730629950761795,
            -0.2475699931383133,
            0.800320029258728,
            0.2942369878292084,
            0.9452250003814697,
            0.011632800102233887,
            0.9842740297317505,
            -0.17626400291919708,
            -0.048657599836587906,
            0.17662499845027924,
            0.9830750226974487
        ]
    ],
    "ops": [
        [
            0,
            0,
            2,
            1,
            0,
            0,
            1,
            2,
            1,
            0,
            1
        ]
    ],
    "syms": [
        [
            0.0,
            1.0,
            -0.0004963100072927773,
            1.174750013888115e-05,
            -0.004759099800139666,
            0.019187400117516518,
            0.10778699815273285,
            0.0
        ],
        [
            0.0,
            0.9999930262565613,
            0.0037366400938481092,
            -0.0,
            -0.0047205002047121525,
            -0.4479219913482666,
            0.4989140033721924,
            0.0
        ]
    ],
    "labels:": [
        [
            1,
            3,
            2,
            2,
            0
        ]
    ],
    "obj": 2213,
    "mat_index": 88,
    "obbs": "N 8\n-0.00317348 0.173063 -0.24757 -0.998748 0.00285929 -0.049947 -0.0486576 0.176625 0.983075 0.0116328 0.984274 -0.176264 0.945225 0.294237 0.80032\n0.403475 0.0189848 0.107792 0.00810536 0.00722829 -0.999941 0.993449 -0.114051 0.00722829 -0.113992 -0.993449 -0.00810536 0.855825 0.0966872 0.465082\n-0.412993 0.01939 0.107782 0.117297 -0.993046 0.0100865 0.993046 0.117182 -0.0113474 0.0100865 0.0113474 0.999885 0.466509 0.100945 0.857235\n-0.001106 -0.111388 0.157714 1 0 0 0 1 0 0 0 1 0.740644 0.225493 0.746255\n0.393562 -0.446434 0.498914 1 0 0 0 1 0 0 0 1 0.069754 0.598914 0.070799\n-0.403003 -0.44941 0.498914 1 0 0 0 1 0 0 0 1 0.069754 0.592961 0.070799\n-0.414776 -0.251603 -0.279996 1 0 0 0 1 0 0 0 1 0.091237 0.986551 0.068713\n0.399632 -0.251474 -0.279553 -0.0471223 0.00509951 -0.998876 0.998613 -0.0232531 -0.0472286 -0.0234678 -0.999717 -0.0039967 0.0744753 0.0832911 0.986954\nC 15\n0 1\n0 7\n0 6\n0 3\n0 2\n1 3\n1 4\n1 7\n2 6\n2 5\n2 3\n3 6\n3 7\n3 4\n3 5\nS 3\n2\n1 0.403475 0.0189848 0.107792\n2 -0.412993 0.01939 0.107782\n2\n-0.0047591 0.0191874 0.107787\n-1 0.00049631 -1.17475e-05\n2\n4 0.393562 -0.446434 0.498914\n5 -0.403003 -0.44941 0.498914\n2\n-0.0047205 -0.447922 0.498914\n-0.999993 -0.00373664 0\n2\n6 -0.414776 -0.251603 -0.279996\n7 0.399632 -0.251474 -0.279553\n2\n-0.00757208 -0.251538 -0.279775\n1 0.000157697 0.000545156\nL 8\n0\n3\n3\n1\n2\n2\n2\n2"
}