{
    "boxes": [
        [
            0.006312500219792128,
            -0.06667450070381165,
            0.18212099373340607,
            0.16519099473953247,
            0.8513129949569702,
            0.8746349811553955,
            0.0,
            1.0,
            0.0,
            0.0,
            0.0,
            1.0
        ],
        [
            -0.4517419934272766,
            0.2988710105419159,
            0.014165899716317654,
            0.06188670173287392,
            0.32322201132774353,
            0.17799599468708038,
            0.0007858009776100516,
            0.9999989867210388,
            -0.0011737700551748276,
            0.052336398512125015,
            0.0011310400441288948,
            0.9986289739608765
        ],
        [
            -0.19584600627422333,
            -0.11990199983119965,
            -0.10552100092172623,
            0.07142049819231033,
            0.08720909804105759,
            0.5064160227775574,
            0.020402399823069572,
            0.9771890044212341,
            0.21139100193977356,
            -0.002181319985538721,
            -0.21139100193977356,
            0.9773989915847778
        ],
        [
            -0.44159799814224243,
            0.08047760277986526,
            -0.06472130119800568,
            0.40479400753974915,
            0.09334760159254074,
            0.0606050007045269,
            -0.007846130058169365,
            0.9830790162086487,
            0.18301400542259216,
            0.02754870057106018,
            -0.18273800611495972,
            0.9827759861946106
        ],
        [
            0.006949999835342169,
            -0.4975680112838745,
            0.11818999797105789,
            0.44676199555397034,
            0.12566600739955902,
            0.12566600739955902,
            0.0,
            1.0,
            0.0,
            0.0,
            0.0,
            1.0
        ],
        [
            -0.16354699432849884,
            -0.6257069706916809,
            -0.11870600283145905,
            0.074788399040699,
            0.5225949883460999,
            0.05340240150690079,
            -0.11474800109863281,
            0.9429789781570435,
            -0.31244799494743347,
            0.5497030019760132,
            0.3222559988498688,
            0.7706990242004395
        ],
        [
            -0.29469698667526245,
            -0.7761449813842773,
            -0.2977679967880249,
            0.11294800043106079,
            0.08925770223140717,
            0.07852979749441147,
            0.1725119948387146,
            0.9571589827537537,
            0.2325659990310669,
            0.5643249750137329,
            -0.28955599665641785,
            0.7731069922447205
        ],
        [
            0.008968519978225231,
            0.28307101130485535,
            -0.26275500655174255,
            0.9928460121154785,
            0.14869199693202972,
            0.7778589725494385,
            -6.873450183775276e-05,
            0.9992640018463135,
            -0.038353901356458664,
            -7.142330287024379e-05,
            0.038353901356458664,
            0.9992640018463135
        ]
    ],
    "ops": [
        [
            0,
            0,
            0,
            0,
            1,
            1,
            2,
            1,
            0,
            0,
            0,
            1,
            2,
            1,
            1,
            0,
            1
        ]
    ],
    "syms": [
        [
            0.0,
            1.0,
            -2.288770062364165e-09,
            -2.843469992797054e-08,
            0.008213300257921219,
            0.2988710105419159,
            0.01416580006480217,
            0.0
        ],
        [
            -1.0,
            -0.001877160044386983,
            0.9997699856758118,
            0.0213530994951725,
            0.008803820237517357,
            -0.6302930116653442,
            0.11683700233697891,
            0.20000000298023224
        ]
    ],
    "labels:": [
        [
            1,
            3,
            3,
            3,
            2,
            2,
            2,
            0
        ]
    ],
    "obj": 35151,
    "mat_index": 891,
    "obbs": "N 19\n0.00896852 0.283071 -0.262755 -6.87345e-05 0.999264 -0.0383539 -7.14233e-05 0.0383539 0.999264 1 7.14233e-05 6.87345e-05 0.992846 0.148692 0.777859\n0.00695 -0.497568 0.11819 1 0 0 0 1 0 0 0 1 0.125666 0.446762 0.125666\n0.244237 -0.128568 -0.107078 -0.00479309 0.171162 -0.985231 -0.0555494 0.983676 0.171162 0.998444 0.0555494 0.00479309 0.0893346 0.0635541 0.452984\n-0.195846 -0.119902 -0.105521 0.999789 -0.0204024 -0.00218132 0.0204024 0.977189 0.211391 -0.00218132 -0.211391 0.977399 0.506416 0.0714205 0.0872091\n0.0063125 -0.0666745 0.182121 1 0 0 0 1 0 0 0 1 0.874635 0.165191 0.851313\n0.468168 0.298871 0.0141658 -0.0523364 -0.00113104 -0.998629 0.000785843 0.999999 -0.00117377 0.998629 -0.000846197 -0.0523355 0.323221 0.0618867 0.177996\n-0.451742 0.298871 0.0141659 0.998629 -0.000846155 -0.0523355 0.000785801 0.999999 -0.00117377 0.0523364 0.00113104 0.998629 0.177996 0.0618867 0.323222\n0.452499 0.0799488 -0.0654586 -0.0100309 -0.978149 -0.207663 0.999948 -0.010201 -0.000251756 -0.00187211 -0.207655 0.9782 0.404161 0.0662374 0.0895966\n-0.441598 0.0804776 -0.0647213 -0.0275487 0.182738 -0.982776 0.99959 0.0127528 -0.0256487 0.00784613 -0.983079 -0.183014 0.0933476 0.060605 0.404794\n-0.26563 -0.633489 0.210318 -0.291951 0.927146 0.234873 0.357132 -0.122133 0.926035 0.887255 0.354237 -0.295456 0.0759759 0.0576601 0.523986\n-0.163547 -0.625707 -0.118706 0.114748 -0.942979 0.312448 0.827442 -0.0833177 -0.555337 0.549703 0.322256 0.770699 0.0747884 0.0534024 0.522595\n0.179387 -0.624052 -0.11912 0.561602 -0.31565 -0.764832 0.812681 0.0368117 0.581544 -0.15541 -0.948161 0.277196 0.522086 0.0505614 0.0730753\n0.283375 -0.632994 0.205044 0.371044 0.92852 -0.0132823 -0.260968 0.117991 0.958109 0.891191 -0.352035 0.286094 0.0758044 0.0565263 0.523979\n0.0104334 -0.635221 0.406652 -0.120148 -0.925628 -0.358855 0.992752 -0.111033 -0.045985 0.00272025 -0.361779 0.93226 0.0755131 0.0561638 0.524425\n-0.294697 -0.776145 -0.297768 0.172512 0.957159 0.232566 0.564325 -0.289556 0.773107 0.807327 -0.00212719 -0.5901 0.112948 0.0892577 0.0785298\n-0.481203 -0.776211 0.278114 -0.270409 -0.958181 0.0936332 0.910021 -0.286132 -0.299984 0.314231 0.00408978 0.949338 0.112957 0.0893463 0.0787448\n0.008994 -0.780225 0.636807 1 0 0 0 1 0 0 0 1 0.07856 0.103646 0.089408\n0.498289 -0.77614 0.277069 0.311454 0.00345629 -0.950255 0.909217 0.289635 0.299057 0.276261 -0.957131 0.0870655 0.0788295 0.0896137 0.11294\n0.310593 -0.776115 -0.298425 -0.809381 0.000460452 -0.587283 -0.56223 -0.289572 0.774626 -0.169704 0.957156 0.234633 0.0785176 0.0893646 0.112883\nC 39\n0 2\n0 7\n0 3\n0 4\n0 5\n0 8\n0 1\n0 6\n1 3\n1 11\n1 2\n1 10\n1 13\n1 9\n1 12\n2 3\n2 7\n2 4\n3 8\n3 4\n4 7\n4 8\n5 7\n6 8\n9 15\n9 11\n9 10\n9 13\n9 12\n10 11\n10 12\n10 13\n10 14\n11 18\n11 13\n11 12\n12 13\n12 17\n13 16\nS 5\n2\n2 0.244237 -0.128568 -0.107078\n3 -0.195846 -0.119902 -0.105521\n2\n0.0241952 -0.124235 -0.106299\n-0.9998 0.0196874 0.00353778\n2\n5 0.468168 0.298871 0.0141658\n6 -0.451742 0.298871 0.0141659\n2\n0.0082133 0.298871 0.0141658\n-1 2.28877e-09 2.84347e-08\n2\n7 0.452499 0.0799488 -0.0654586\n8 -0.441598 0.0804776 -0.0647213\n2\n0.00545048 0.0802132 -0.0650899\n-0.999999 0.000591482 0.000824623\n5\n12 0.283375 -0.632994 0.205044\n13 0.0104334 -0.635221 0.406652\n9 -0.26563 -0.633489 0.210318\n10 -0.163547 -0.625707 -0.118706\n11 0.179387 -0.624052 -0.11912\n3\n0.00880382 -0.630293 0.116837\n0.00187716 -0.99977 -0.0213531\n5\n17 0.498289 -0.77614 0.277069\n18 0.310593 -0.776115 -0.298425\n14 -0.294697 -0.776145 -0.297768\n15 -0.481203 -0.776211 0.278114\n16 0.008994 -0.780225 0.636807\n3\n0.00839527 -0.776967 0.119159\n-6.26409e-05 0.999995 0.00319472\nL 19\n0\n2\n3\n3\n1\n3\n3\n3\n3\n2\n2\n2\n2\n2\n2\n2\n2\n2\n2"
}