{
    "boxes": [
        [
            -0.002512000035494566,
            -0.10251899808645248,
            0.09824199974536896,
            0.20891599357128143,
            0.7914440035820007,
            0.8888980150222778,
            0.0,
            1.0,
            0.0,
            0.0,
            0.0,
            1.0
        ],
        [
            -0.43256500363349915,
            0.20175300538539886,
            0.16006499528884888,
            0.10066299885511398,
            0.7894179821014404,
            0.08756709843873978,
            0.19228099286556244,
            0.9694820046424866,
            -0.1520950049161911,
            0.014848999679088593,
            0.1520950049161911,
            0.9882540106773376
        ],
        [
            0.41561299562454224,
            0.20131300389766693,
            0.16021700203418732,
            0.10847300291061401,
            0.7900140285491943,
            0.09797859936952591,
            0.3104510009288788,
            0.9380810260772705,
            -0.1537020057439804,
            0.024620700627565384,
            0.1537020057439804,
            0.9878100156784058
        ],
        [
            -0.42628899216651917,
            0.03640050068497658,
            0.462007999420166,
            0.3482249975204468,
            0.08667200058698654,
            0.06410499662160873,
            0.0,
            1.0,
            0.0,
            0.0,
            0.0,
            1.0
        ],
        [
            -0.42628899216651917,
            -0.391418993473053,
            -0.2934400141239166,
            0.7769240140914917,
            0.14971500635147095,
            0.06455300003290176,
            0.0,
            1.0,
            0.0,
            0.0,
            0.0,
            1.0
        ],
        [
            -0.42628899216651917,
            -0.2776170074939728,
            0.0972990021109581,
            0.05167999863624573,
            0.6862180233001709,
            0.04134399816393852,
            0.0,
            1.0,
            0.0,
            0.0,
            0.0,
            1.0
        ],
        [
            -0.42649200558662415,
            -0.45066899061203003,
            0.46932199597358704,
            0.6585800051689148,
            0.0720440000295639,
            0.06369999796152115,
            0.0,
            1.0,
            0.0,
            0.0,
            0.0,
            1.0
        ],
        [
            -0.002512000035494566,
            0.38653698563575745,
            -0.3151110112667084,
            0.07975679636001587,
            0.0935932993888855,
            0.7855380177497864,
            -1.1645200037573621e-17,
            0.9982320070266724,
            -0.05944019928574562,
            -1.2359200008452855e-17,
            0.05944019928574562,
            0.9982320070266724
        ],
        [
            -0.002512000035494566,
            0.5227940082550049,
            -0.36726999282836914,
            0.16537800431251526,
            0.08073420077562332,
            0.7855380177497864,
            -0.0,
            0.9159899950027466,
            -0.4012010097503662,
            0.0,
            0.4012010097503662,
            0.9159899950027466
        ],
        [
            -0.4242500066757202,
            0.30081799626350403,
            -0.30406099557876587,
            0.6468979716300964,
            0.11023899912834167,
            0.0666792020201683,
            0.007205340079963207,
            0.9851499795913696,
            -0.17154599726200104,
            -0.03618120029568672,
            0.17169499397277832,
            0.9844859838485718
        ]
    ],
    "ops": [
        [
            0,
            0,
            0,
            0,
            2,
            1,
            1,
            1,
            0,
            0,
            0,
            1,
            1,
            2,
            1,
            0,
            2,
            0,
            0,
            2,
            1,
            1,
            1
        ]
    ],
    "syms": [
        [
            0.0,
            1.0,
            -8.848989637044724e-06,
            -0.0,
            -0.0025122500956058502,
            0.036396801471710205,
            0.462007999420166,
            0.0
        ],
        [
            0.0,
            0.9985460042953491,
            -0.05388620123267174,
            -0.0015345399733632803,
            -0.0025122500956058502,
            -0.4142880141735077,
            -0.29409199953079224,
            0.0
        ],
        [
            1.0,
            -0.0018840000266209245,
            -0.08541025221347809,
            0.18139925599098206,
            -0.002512000035494566,
            0.011223999783396721,
            -0.26017698645591736,
            0.20000000298023224
        ],
        [
            0.0,
            0.9985719919204712,
            -0.05328650027513504,
            0.003727409988641739,
            -0.0039443098939955235,
            0.27838900685310364,
            -0.3024919927120209,
            0.0
        ]
    ],
    "labels:": [
        [
            1,
            3,
            3,
            3,
            2,
            2,
            2,
            0,
            0,
            0
        ]
    ],
    "obj": 35215,
    "mat_index": 920,
    "obbs": "N 19\n-0.002512 0.522794 -0.36727 1 0 0 0 0.401201 0.91599 0 -0.91599 0.401201 0.785538 0.0807342 0.165378\n-0.002512 -0.102519 0.098242 1 0 0 0 1 0 0 0 1 0.888898 0.208916 0.791444\n0.416362 0.255961 -0.300923 -0.0168663 0.989824 -0.141292 0.983395 0.0419596 0.17656 0.180692 -0.135968 -0.974096 0.735593 0.0827165 0.127441\n-0.42425 0.300818 -0.304061 0.0361812 -0.171695 -0.984486 0.999319 -0.000886805 0.0368811 -0.00720534 -0.98515 0.171546 0.110239 0.0666792 0.646898\n-0.002512 0.386537 -0.315111 1 1.23592e-17 1.16452e-17 -1.23592e-17 0.0594402 0.998232 1.16452e-17 -0.998232 0.0594402 0.785538 0.0935933 0.0797568\n-0.002512 0.294735 -0.290998 1 0 0 0 0.172533 0.985004 0 -0.985004 0.172533 0.785538 0.0842166 0.0662743\n-0.002512 0.201358 -0.273972 1 0 0 0 1 0 0 0 1 0.785538 0.073468 0.089392\n-0.002512 0.106876 -0.264182 1 0 0 -0 0.0758333 0.997121 0 -0.997121 0.0758333 0.785538 0.0810064 0.0620166\n-0.002512 0.011224 -0.260177 1 0 0 0 1 0 0 0 1 0.785538 0.06268 0.081512\n0.421265 0.036393 0.462008 1 0 0 0 1 0 0 0 1 0.064104 0.34824 0.086672\n-0.426289 0.0364005 0.462008 1 0 0 0 1 0 0 0 1 0.064105 0.348225 0.086672\n0.415613 0.201313 0.160217 -0.0246207 -0.153702 -0.98781 0.310451 0.938081 -0.153702 0.950271 -0.310451 0.0246207 0.790014 0.108473 0.0979786\n-0.432565 0.201753 0.160065 0.981228 -0.192281 0.014849 0.192281 0.969482 -0.152095 0.014849 0.152095 0.988254 0.0875671 0.100663 0.789418\n-0.426289 -0.277617 0.097299 1 0 0 0 1 0 0 0 1 0.041344 0.05168 0.686218\n0.421265 -0.277617 0.097299 1 0 0 0 1 0 0 0 1 0.041344 0.05168 0.686218\n0.421384 -0.451581 0.469124 1 0 0 0 1 0 0 0 1 0.063867 0.656755 0.072441\n0.421265 -0.437157 -0.294743 1 0 0 0 1 0 0 0 1 0.064552 0.684622 0.14711\n-0.426289 -0.391419 -0.29344 1 0 0 0 1 0 0 0 1 0.064553 0.776924 0.149715\n-0.426492 -0.450669 0.469322 1 0 0 0 1 0 0 0 1 0.0637 0.65858 0.072044\nC 74\n0 2\n0 3\n0 4\n0 5\n0 6\n1 3\n1 17\n1 15\n1 6\n1 11\n1 2\n1 16\n1 14\n1 10\n1 13\n1 9\n1 12\n1 18\n1 8\n1 7\n2 8\n2 5\n2 16\n2 6\n2 14\n2 7\n2 11\n2 4\n3 7\n3 17\n3 6\n3 13\n3 5\n3 12\n3 8\n3 4\n4 7\n4 12\n4 5\n4 11\n4 6\n5 6\n5 8\n5 12\n5 11\n5 7\n6 17\n6 7\n6 11\n6 12\n6 8\n7 12\n7 16\n7 11\n7 8\n7 17\n8 13\n8 14\n8 16\n8 11\n8 17\n8 12\n9 15\n9 11\n9 14\n10 12\n10 18\n10 13\n11 16\n12 17\n13 17\n13 18\n14 15\n14 16\nS 6\n2\n2 0.416362 0.255961 -0.300923\n3 -0.42425 0.300818 -0.304061\n2\n-0.00394431 0.278389 -0.302492\n-0.998572 0.0532865 -0.00372741\n5\n4 -0.002512 0.386537 -0.315111\n5 -0.002512 0.294735 -0.290998\n6 -0.002512 0.201358 -0.273972\n7 -0.002512 0.106876 -0.264182\n8 -0.002512 0.011224 -0.260177\n1\n0 0 0\n0 0 0\n2\n9 0.421265 0.036393 0.462008\n10 -0.426289 0.0364005 0.462008\n2\n-0.00251225 0.0363968 0.462008\n-1 8.84899e-06 0\n2\n13 -0.426289 -0.277617 0.097299\n14 0.421265 -0.277617 0.097299\n2\n-0.002512 -0.277617 0.097299\n1 0 0\n2\n15 0.421384 -0.451581 0.469124\n18 -0.426492 -0.450669 0.469322\n2\n-0.00255425 -0.451125 0.469223\n-0.999999 0.00107622 0.000234114\n2\n16 0.421265 -0.437157 -0.294743\n17 -0.426289 -0.391419 -0.29344\n2\n-0.00251225 -0.414288 -0.294092\n-0.998546 0.0538862 0.00153454\nL 19\n0\n1\n0\n0\n0\n0\n0\n0\n0\n3\n3\n3\n3\n2\n2\n2\n2\n2\n2"
}