{
    "boxes": [
        [
            0.012261000461876392,
            -0.0662975013256073,
            0.08016149699687958,
            0.2536109983921051,
            0.9351029992103577,
            0.9532899856567383,
            0.0,
            1.0,
            0.0,
            0.0,
            0.0,
            1.0
        ],
        [
            -0.4396289885044098,
            0.12244299799203873,
            0.1908850073814392,
            0.5048720240592957,
            0.4854460060596466,
            0.07338599860668182,
            0.0,
            1.0,
            0.0,
            0.0,
            0.0,
            1.0
        ],
        [
            -0.4218049943447113,
            -0.0789249986410141,
            0.45003101229667664,
            0.2398120015859604,
            0.10106399655342102,
            0.10106299817562103,
            0.0,
            1.0,
            0.0,
            0.0,
            0.0,
            1.0
        ],
        [
            -0.44365400075912476,
            0.32240599393844604,
            0.2947370111942291,
            0.08525340259075165,
            0.2689779996871948,
            0.06646890193223953,
            -0.025556400418281555,
            0.9972019791603088,
            0.07025209814310074,
            -0.016643399372696877,
            -0.07068979740142822,
            0.9973589777946472
        ],
        [
            -0.43324899673461914,
            0.13284599781036377,
            0.2863689959049225,
            0.4348619878292084,
            0.15249300003051758,
            0.05810169875621796,
            -0.006245879922062159,
            0.8672410249710083,
            -0.4978500008583069,
            0.053495701402425766,
            0.4974370002746582,
            0.8658490180969238
        ],
        [
            -0.4211899936199188,
            -0.4702489972114563,
            0.4499399960041046,
            0.5575540065765381,
            0.07967100292444229,
            0.0796699970960617,
            0.0,
            1.0,
            0.0,
            0.0,
            0.0,
            1.0
        ],
        [
            -0.28002798557281494,
            -0.4611259996891022,
            -0.30175501108169556,
            0.581059992313385,
            0.10514499992132187,
            0.11133600026369095,
            0.0537961982190609,
            0.9968370199203491,
            0.05850280076265335,
            -0.38817501068115234,
            -0.03310300037264824,
            0.9209910035133362
        ],
        [
            0.013116500340402126,
            0.2002280056476593,
            -0.23102499544620514,
            0.6616960167884827,
            0.5410209894180298,
            0.9584550261497498,
            0.0,
            1.0,
            0.0,
            0.0,
            0.0,
            1.0
        ],
        [
            0.03252299875020981,
            0.44440698623657227,
            -0.14983199536800385,
            0.11748000234365463,
            0.7631909847259521,
            0.971796989440918,
            -0.012137699872255325,
            0.9256049990653992,
            0.37829500436782837,
            -0.049950700253248215,
            -0.37841200828552246,
            0.9242879748344421
        ]
    ],
    "ops": [
        [
            0,
            0,
            0,
            1,
            0,
            0,
            1,
            1,
            2,
            1,
            0,
            0,
            1,
            2,
            1,
            0,
            0,
            1,
            1
        ]
    ],
    "syms": [
        [
            0.0,
            0.9997050166130066,
            -0.001963180024176836,
            0.024195099249482155,
            0.012054700404405594,
            0.12155599892139435,
            0.20181700587272644,
            0.0
        ],
        [
            0.0,
            0.9999390244483948,
            0.0,
            0.01100740022957325,
            0.016286499798297882,
            -0.4702489972114563,
            0.4547559916973114,
            0.0
        ]
    ],
    "labels:": [
        [
            1,
            3,
            3,
            3,
            3,
            2,
            2,
            0,
            0
        ]
    ],
    "obj": 35239,
    "mat_index": 931,
    "obbs": "N 15\n0.0131165 0.200228 -0.231025 1 0 0 0 1 0 0 0 1 0.958455 0.661696 0.541021\n0.463738 0.120669 0.212748 1 0 0 0 1 0 0 0 1 0.071117 0.501538 0.465771\n-0.439629 0.122443 0.190885 1 0 0 0 1 0 0 0 1 0.073386 0.504872 0.485446\n0.451392 -0.078925 0.458898 1 0 0 0 1 0 0 0 1 0.101356 0.239812 0.101356\n-0.421805 -0.078925 0.450031 1 0 0 0 1 0 0 0 1 0.101063 0.239812 0.101064\n0.012261 -0.0662975 0.0801615 1 0 0 0 1 0 0 0 1 0.95329 0.253611 0.935103\n0.475874 0.316528 0.310364 1 0 0 0 1 0 0 0 1 0.066058 0.085157 0.255771\n-0.443654 0.322406 0.294737 0.0166434 0.0706898 -0.997359 0.999535 0.0243197 0.0184034 0.0255564 -0.997202 -0.0702521 0.268978 0.0664689 0.0852534\n0.465233 0.133257 0.291024 0.00573344 -0.489591 -0.871933 0.999883 -0.00957476 0.011951 -0.0141997 -0.871899 0.489479 0.155148 0.0525497 0.434654\n-0.433249 0.132846 0.286369 -0.0534957 -0.497437 -0.865849 0.998549 -0.0212248 -0.0495005 0.00624588 -0.867241 0.49785 0.152493 0.0581017 0.434862\n-0.42119 -0.470249 0.44994 1 0 0 0 1 0 0 0 1 0.07967 0.557554 0.079671\n-0.280028 -0.461126 -0.301755 -0.920014 0.0722551 -0.385166 -0.388175 -0.033103 0.920991 0.0537962 0.996837 0.0585028 0.111336 0.105145 0.58106\n0.318563 -0.461155 -0.295201 -0.0592986 0.997472 0.039156 0.437722 -0.00927083 0.899062 0.897153 0.0704526 -0.436066 0.580554 0.116255 0.111391\n0.453763 -0.470249 0.459572 1 0 0 0 1 0 0 0 1 0.07863 0.557554 0.07863\n0.032523 0.444407 -0.149832 -0.998678 0.00767735 -0.0508277 -0.0121377 0.925605 0.378295 0.0499507 0.378412 -0.924288 0.971797 0.11748 0.763191\nC 49\n0 14\n0 2\n0 7\n0 11\n0 12\n0 5\n0 8\n0 1\n0 6\n0 9\n1 3\n1 6\n1 14\n1 5\n1 13\n1 12\n1 8\n2 5\n2 9\n2 10\n2 14\n2 7\n2 11\n2 4\n3 6\n3 13\n3 5\n3 8\n4 7\n4 9\n4 10\n4 5\n5 9\n5 6\n5 13\n5 8\n5 12\n5 11\n5 10\n5 7\n5 14\n6 14\n6 8\n7 14\n7 9\n8 13\n8 14\n9 14\n9 10\nS 6\n2\n1 0.463738 0.120669 0.212748\n2 -0.439629 0.122443 0.190885\n2\n0.0120547 0.121556 0.201817\n-0.999705 0.00196318 -0.0241951\n2\n3 0.451392 -0.078925 0.458898\n4 -0.421805 -0.078925 0.450031\n2\n0.0147933 -0.078925 0.454464\n-0.999948 0 -0.0101541\n2\n6 0.475874 0.316528 0.310364\n7 -0.443654 0.322406 0.294737\n2\n0.0161099 0.319467 0.30255\n-0.999835 0.00639034 -0.0169908\n2\n8 0.465233 0.133257 0.291024\n9 -0.433249 0.132846 0.286369\n2\n0.0159924 0.133051 0.288697\n-0.999986 -0.000458062 -0.00518018\n2\n10 -0.42119 -0.470249 0.44994\n13 0.453763 -0.470249 0.459572\n2\n0.0162865 -0.470249 0.454756\n0.999939 0 0.0110074\n2\n11 -0.280028 -0.461126 -0.301755\n12 0.318563 -0.461155 -0.295201\n2\n0.0192673 -0.46114 -0.298478\n0.99994 -4.84356e-05 0.0109481\nL 15\n0\n3\n3\n3\n3\n1\n3\n3\n3\n3\n2\n2\n2\n2\n0"
}