{
    "boxes": [
        [
            0.012261000461876392,
            -0.0662975013256073,
            0.08016149699687958,
            0.2536109983921051,
            0.9351029992103577,
            0.9532899856567383,
            0.0,
            1.0,
            0.0,
            0.0,
            0.0,
            1.0
        ],
        [
            -0.4393619894981384,
            0.09211300313472748,
            0.2567540109157562,
            0.44327399134635925,
            0.3537079989910126,
            0.0728520005941391,
            0.0,
            1.0,
            0.0,
            0.0,
            0.0,
            1.0
        ],
        [
            -0.4218049943447113,
            -0.0789249986410141,
            0.45003101229667664,
            0.2398120015859604,
            0.10106399655342102,
            0.10106299817562103,
            0.0,
            1.0,
            0.0,
            0.0,
            0.0,
            1.0
        ],
        [
            -0.44399601221084595,
            0.3230690062046051,
            0.2723560035228729,
            0.08507130295038223,
            0.31362199783325195,
            0.06596139818429947,
            -0.008776930160820484,
            0.998013973236084,
            0.0623771995306015,
            -0.009614209644496441,
            -0.0624609999358654,
            0.998000979423523
        ],
        [
            -0.43324899673461914,
            0.13284599781036377,
            0.2863689959049225,
            0.4348619878292084,
            0.15249300003051758,
            0.05810169875621796,
            -0.006245879922062159,
            0.8672410249710083,
            -0.4978500008583069,
            0.053495701402425766,
            0.4974370002746582,
            0.8658490180969238
        ],
        [
            -0.28002798557281494,
            -0.4611259996891022,
            -0.30175501108169556,
            0.581059992313385,
            0.10514499992132187,
            0.11133600026369095,
            0.0537961982190609,
            0.9968370199203491,
            0.05850280076265335,
            -0.38817501068115234,
            -0.03310300037264824,
            0.9209910035133362
        ],
        [
            -0.4211899936199188,
            -0.4702489972114563,
            0.4499399960041046,
            0.5575540065765381,
            0.07967100292444229,
            0.0796699970960617,
            0.0,
            1.0,
            0.0,
            0.0,
            0.0,
            1.0
        ],
        [
            0.011226999573409557,
            0.2002280056476593,
            -0.17745999991893768,
            0.6616960167884827,
            0.6481519937515259,
            0.9750980138778687,
            0.0,
            1.0,
            0.0,
            0.0,
            0.0,
            1.0
        ],
        [
            0.033098600804805756,
            0.4456540048122406,
            -0.17414499819278717,
            0.10670000314712524,
            0.7171769738197327,
            0.9703410267829895,
            -0.010544500313699245,
            0.9224309921264648,
            0.38601699471473694,
            -0.050218500196933746,
            -0.38604000210762024,
            0.9211140275001526
        ]
    ],
    "ops": [
        [
            0,
            0,
            0,
            1,
            0,
            0,
            1,
            1,
            2,
            1,
            0,
            0,
            1,
            2,
            1,
            0,
            0,
            1,
            1
        ]
    ],
    "syms": [
        [
            0.0,
            0.9999799728393555,
            0.0015092199901118875,
            0.006067309994250536,
            0.012188199907541275,
            0.0927945002913475,
            0.25949400663375854,
            0.0
        ],
        [
            0.0,
            0.9999399781227112,
            -4.843559872824699e-05,
            0.010948100127279758,
            0.01926730014383793,
            -0.4611400067806244,
            -0.29847800731658936,
            0.0
        ]
    ],
    "labels:": [
        [
            1,
            3,
            3,
            3,
            3,
            2,
            2,
            0,
            0
        ]
    ],
    "obj": 35254,
    "mat_index": 934,
    "obbs": "N 15\n0.011227 0.200228 -0.17746 1 0 0 0 1 0 0 0 1 0.975098 0.661696 0.648152\n0.463738 0.093476 0.262234 1 0 0 0 1 0 0 0 1 0.071117 0.445756 0.366801\n-0.439362 0.092113 0.256754 1 0 0 0 1 0 0 0 1 0.072852 0.443274 0.353708\n0.451392 -0.078925 0.458898 1 0 0 0 1 0 0 0 1 0.101356 0.239812 0.101356\n-0.421805 -0.078925 0.450031 1 0 0 0 1 0 0 0 1 0.101063 0.239812 0.101064\n0.012261 -0.0662975 0.0801615 1 0 0 0 1 0 0 0 1 0.95329 0.253611 0.935103\n0.475731 0.320622 0.29315 -0.048516 -0.997784 -0.0455347 0.998813 -0.04827 -0.00648736 0.00427503 -0.0457954 0.998942 0.0854521 0.0673203 0.290733\n-0.443996 0.323069 0.272356 0.00877693 -0.998014 -0.0623772 0.999915 0.00815967 0.0101433 -0.00961421 -0.062461 0.998001 0.0850713 0.0659614 0.313622\n0.465233 0.133257 0.291024 0.00573344 -0.489591 -0.871933 0.999883 -0.00957476 0.011951 -0.0141997 -0.871899 0.489479 0.155148 0.0525497 0.434654\n-0.433249 0.132846 0.286369 -0.0534957 -0.497437 -0.865849 0.998549 -0.0212248 -0.0495005 0.00624588 -0.867241 0.49785 0.152493 0.0581017 0.434862\n0.318563 -0.461155 -0.295201 -0.0592986 0.997472 0.039156 0.437722 -0.00927083 0.899062 0.897153 0.0704526 -0.436066 0.580554 0.116255 0.111391\n-0.280028 -0.461126 -0.301755 0.0537962 0.996837 0.0585028 -0.388175 -0.033103 0.920991 0.920014 -0.0722551 0.385166 0.58106 0.105145 0.111336\n0.453763 -0.470249 0.459572 1 0 0 0 1 0 0 0 1 0.07863 0.557554 0.07863\n-0.42119 -0.470249 0.44994 1 0 0 0 1 0 0 0 1 0.07967 0.557554 0.079671\n0.0330986 0.445654 -0.174145 -0.998683 0.00967249 -0.0503938 -0.0105445 0.922431 0.386017 0.0502185 0.38604 -0.921114 0.970341 0.1067 0.717177\nC 47\n0 14\n0 2\n0 7\n0 10\n0 11\n0 5\n0 8\n0 1\n0 6\n0 9\n1 3\n1 6\n1 14\n1 5\n1 12\n1 8\n2 5\n2 9\n2 13\n2 14\n2 7\n2 4\n3 6\n3 5\n3 12\n3 8\n4 7\n4 9\n4 13\n4 5\n5 9\n5 6\n5 13\n5 8\n5 12\n5 11\n5 10\n5 7\n5 14\n6 14\n6 8\n7 14\n7 9\n8 14\n8 12\n9 14\n9 13\nS 6\n2\n1 0.463738 0.093476 0.262234\n2 -0.439362 0.092113 0.256754\n2\n0.0121882 0.0927945 0.259494\n-0.99998 -0.00150922 -0.00606731\n2\n3 0.451392 -0.078925 0.458898\n4 -0.421805 -0.078925 0.450031\n2\n0.0147933 -0.078925 0.454464\n-0.999948 0 -0.0101541\n2\n6 0.475731 0.320622 0.29315\n7 -0.443996 0.323069 0.272356\n2\n0.0158673 0.321845 0.282753\n-0.999741 0.00266037 -0.0226036\n2\n8 0.465233 0.133257 0.291024\n9 -0.433249 0.132846 0.286369\n2\n0.0159924 0.133051 0.288697\n-0.999986 -0.000458062 -0.00518018\n2\n10 0.318563 -0.461155 -0.295201\n11 -0.280028 -0.461126 -0.301755\n2\n0.0192673 -0.46114 -0.298478\n-0.99994 4.84356e-05 -0.0109481\n2\n12 0.453763 -0.470249 0.459572\n13 -0.42119 -0.470249 0.44994\n2\n0.0162865 -0.470249 0.454756\n-0.999939 0 -0.0110074\nL 15\n0\n3\n3\n3\n3\n1\n3\n3\n3\n3\n2\n2\n2\n2\n0"
}