{
    "boxes": [
        [
            -0.006909999996423721,
            -0.046106498688459396,
            0.16460299491882324,
            0.18425899744033813,
            0.7623860239982605,
            0.798554003238678,
            0.0,
            1.0,
            0.0,
            0.0,
            0.0,
            1.0
        ],
        [
            0.28057101368904114,
            -0.44011300802230835,
            0.3679350018501282,
            0.7963340282440186,
            0.15112100541591644,
            0.15056900680065155,
            -0.1363849937915802,
            0.9902849793434143,
            -0.027113700285553932,
            -0.15105199813842773,
            0.006261750124394894,
            0.988506019115448
        ],
        [
            -0.2739180028438568,
            -0.42412298917770386,
            -0.2032880038022995,
            0.8559420108795166,
            0.15044499933719635,
            0.1650480031967163,
            0.0578778013586998,
            0.9566500186920166,
            0.28543099761009216,
            0.34608399868011475,
            -0.2874070107936859,
            0.893097996711731
        ],
        [
            -0.008094999939203262,
            0.29523301124572754,
            -0.21676300466060638,
            0.6661959886550903,
            0.24237500131130219,
            0.7770689725875854,
            -0.00686192000284791,
            0.9669920206069946,
            -0.2547140121459961,
            -0.008903180249035358,
            0.2546499967575073,
            0.9669920206069946
        ]
    ],
    "ops": [
        [
            0,
            0,
            0,
            1,
            2,
            1,
            0,
            1
        ]
    ],
    "syms": [
        [
            0.0,
            0.9996529817581177,
            0.0021234899759292603,
            -0.02624090015888214,
            -0.005842260085046291,
            -0.4407210052013397,
            0.37545400857925415,
            0.0
        ]
    ],
    "labels:": [
        [
            1,
            2,
            2,
            0
        ]
    ],
    "obj": 2219,
    "mat_index": 94,
    "obbs": "N 6\n-0.008095 0.295233 -0.216763 0.999937 0.00890318 0.00686192 -0.00890318 0.25465 0.966992 0.00686192 -0.966992 0.254714 0.777069 0.242375 0.666196\n-0.00691 -0.0461065 0.164603 1 0 0 0 1 0 0 0 1 0.798554 0.184259 0.762386\n0.280571 -0.440113 0.367935 0.151052 -0.00626175 -0.988506 0.979072 0.138913 0.14873 0.136385 -0.990285 0.0271137 0.151121 0.150569 0.796334\n0.269787 -0.42597 -0.198623 -0.082553 0.95864 0.272386 -0.329225 -0.284208 0.900465 0.940636 -0.0153402 0.33907 0.855791 0.150311 0.166716\n-0.273918 -0.424123 -0.203288 0.0578778 0.95665 0.285431 0.346084 -0.287407 0.893098 0.936417 0.0470923 -0.347716 0.855942 0.150445 0.165048\n-0.292255 -0.441329 0.382972 -0.130299 -0.989263 0.0661941 0.979093 -0.138903 -0.148604 0.156203 0.0454472 0.986679 0.796478 0.150569 0.151888\nC 7\n0 1\n0 4\n0 3\n1 2\n1 3\n1 4\n1 5\nS 2\n2\n2 0.280571 -0.440113 0.367935\n5 -0.292255 -0.441329 0.382972\n2\n-0.00584226 -0.440721 0.375454\n-0.999653 -0.00212349 0.0262409\n2\n3 0.269787 -0.42597 -0.198623\n4 -0.273918 -0.424123 -0.203288\n2\n-0.00206575 -0.425046 -0.200956\n-0.999957 0.00339635 -0.00857987\nL 6\n0\n1\n2\n2\n2\n2"
}