{
    "boxes": [
        [
            0.022969400510191917,
            -0.018834199756383896,
            0.13866500556468964,
            0.1543940007686615,
            0.7101889848709106,
            0.7467749714851379,
            -0.005154630169272423,
            0.9999769926071167,
            0.004336920101195574,
            0.10453800112009048,
            -0.003774350043386221,
            0.994513988494873
        ],
        [
            0.3999379873275757,
            -0.38808199763298035,
            0.42567500472068787,
            0.6342430114746094,
            0.05992100015282631,
            0.05996700003743172,
            0.0,
            1.0,
            0.0,
            0.0,
            0.0,
            1.0
        ],
        [
            0.3111329972743988,
            -0.38772299885749817,
            -0.3194139897823334,
            0.6348310112953186,
            0.06866800040006638,
            0.08099599927663803,
            0.0,
            1.0,
            0.0,
            0.0,
            0.0,
            1.0
        ],
        [
            -0.3636380136013031,
            -0.3846780061721802,
            -0.24339400231838226,
            0.6412519812583923,
            0.07283610105514526,
            0.0740979015827179,
            0.00876616034656763,
            0.9999430179595947,
            0.006165689788758755,
            -0.24911999702453613,
            -0.003787650028243661,
            0.9684649705886841
        ],
        [
            -0.018188299611210823,
            0.38415399193763733,
            -0.2566699981689453,
            0.9378849864006042,
            0.18786999583244324,
            0.7531579732894897,
            -0.0029423499945551157,
            0.9952880144119263,
            -0.09691520035266876,
            0.1119299978017807,
            0.0966344028711319,
            0.989005982875824
        ]
    ],
    "ops": [
        [
            0,
            0,
            2,
            0,
            0,
            1,
            1,
            1,
            0,
            1
        ]
    ],
    "syms": [
        [
            0.0,
            0.9946839809417725,
            0.0011595699470490217,
            -0.10296700149774551,
            0.057672299444675446,
            -0.3884809911251068,
            0.46110600233078003,
            0.0
        ]
    ],
    "labels:": [
        [
            1,
            2,
            2,
            2,
            0
        ]
    ],
    "obj": 35368,
    "mat_index": 956,
    "obbs": "N 6\n-0.0181883 0.384154 -0.25667 0.993712 -0.00793773 -0.111687 0.11193 0.0966344 0.989006 0.00294235 -0.995288 0.0969152 0.753158 0.18787 0.937885\n0.0229694 -0.0188342 0.138665 -0.104538 0.00377435 -0.994514 -0.00515463 0.999977 0.00433692 0.994508 0.00557972 -0.104516 0.710189 0.154394 0.746775\n-0.284593 -0.388879 0.496536 1 0 0 0 1 0 0 0 1 0.059446 0.632539 0.06555\n0.399938 -0.388082 0.425675 1 0 0 0 1 0 0 0 1 0.059967 0.634243 0.059921\n0.311133 -0.387723 -0.319414 1 0 0 0 1 0 0 0 1 0.080996 0.634831 0.068668\n-0.363638 -0.384678 -0.243394 0.00876616 0.999943 0.00616569 -0.24912 -0.00378765 0.968465 0.968433 -0.0100257 0.249073 0.641252 0.0728361 0.0740979\nC 7\n0 1\n0 5\n0 4\n1 2\n1 3\n1 4\n1 5\nS 1\n2\n2 -0.284593 -0.388879 0.496536\n3 0.399938 -0.388082 0.425675\n2\n0.0576723 -0.388481 0.461106\n0.994684 0.00115957 -0.102967\nL 6\n0\n1\n2\n2\n2\n2"
}