{
    "boxes": [
        [
            0.002599499886855483,
            -0.0840660035610199,
            0.15752099454402924,
            0.3030259907245636,
            0.7580339908599854,
            0.8221409916877747,
            0.0,
            1.0,
            0.0,
            0.0,
            0.0,
            1.0
        ],
        [
            0.387813001871109,
            -0.3740580081939697,
            -0.21987299621105194,
            0.8548099994659424,
            0.14879100024700165,
            0.06560129672288895,
            0.01438860036432743,
            0.9706000089645386,
            0.24026699364185333,
            -0.03711099922657013,
            -0.23960700631141663,
            0.9701600074768066
        ],
        [
            -0.37521401047706604,
            -0.26813799142837524,
            0.16392099857330322,
            1.2553199529647827,
            0.2331780046224594,
            0.07231249660253525,
            -0.003408079966902733,
            0.8552430272102356,
            -0.5182160139083862,
            0.022620700299739838,
            0.5181530117988586,
            0.8549889922142029
        ],
        [
            0.004367500077933073,
            0.25691500306129456,
            -0.12855499982833862,
            0.7105420231819153,
            0.1640470027923584,
            0.8182410001754761,
            0.0,
            1.0,
            0.0,
            0.0,
            0.0,
            1.0
        ],
        [
            0.002599499886855483,
            0.19222599267959595,
            -0.1646209955215454,
            0.8347970247268677,
            0.17138899862766266,
            0.8221409916877747,
            0.0,
            1.0,
            0.0,
            0.0,
            0.0,
            1.0
        ]
    ],
    "ops": [
        [
            0,
            0,
            0,
            1,
            2,
            1,
            0,
            0,
            1,
            1
        ]
    ],
    "syms": [
        [
            0.0,
            0.9993829727172852,
            -0.019136600196361542,
            -0.029459599405527115,
            -1.9634899217635393e-05,
            -0.36663100123405457,
            -0.20844000577926636,
            0.0
        ]
    ],
    "labels:": [
        [
            1,
            2,
            2,
            0,
            0
        ]
    ],
    "obj": 35409,
    "mat_index": 975,
    "obbs": "N 7\n0.0043675 0.256915 -0.128555 1 0 0 0 1 0 0 0 1 0.818241 0.710542 0.164047\n0.0025995 -0.084066 0.157521 1 0 0 0 1 0 0 0 1 0.822141 0.303026 0.758034\n0.0025995 0.192226 -0.164621 1 0 0 0 1 0 0 0 1 0.822141 0.834797 0.171389\n0.387813 -0.374058 -0.219873 0.037111 0.239607 -0.97016 0.999208 -0.0228758 0.0325723 -0.0143886 -0.9706 -0.240267 0.148791 0.0656013 0.85481\n0.376189 -0.270642 0.169198 0.018892 -0.529806 -0.847909 0.999817 0.00753595 0.0175679 -0.00291776 -0.848085 0.529851 0.230179 0.0790712 1.23728\n-0.387852 -0.359205 -0.197008 0.00476716 -0.956516 -0.291642 0.999776 0.01058 -0.0183576 0.0206449 -0.291489 0.956352 0.902937 0.0474239 0.152466\n-0.375214 -0.268138 0.163921 -0.0226207 -0.518153 -0.854989 0.999738 -0.00880857 -0.0211121 0.00340808 -0.855243 0.518216 0.233178 0.0723125 1.25532\nC 17\n0 1\n0 6\n0 5\n0 4\n0 3\n0 2\n1 2\n1 3\n1 4\n1 5\n1 6\n2 6\n2 4\n2 3\n2 5\n3 4\n5 6\nS 2\n2\n3 0.387813 -0.374058 -0.219873\n5 -0.387852 -0.359205 -0.197008\n2\n-1.96349e-05 -0.366631 -0.20844\n-0.999383 0.0191366 0.0294596\n2\n4 0.376189 -0.270642 0.169198\n6 -0.375214 -0.268138 0.163921\n2\n0.00048751 -0.26939 0.16656\n-0.99997 0.00333268 -0.00702161\nL 7\n0\n1\n0\n2\n2\n2\n2"
}