{
    "boxes": [
        [
            0.009650230407714844,
            0.032698098570108414,
            0.19399799406528473,
            0.18060599267482758,
            0.6940590143203735,
            0.9053320288658142,
            0.00012103799963369966,
            0.9759039878845215,
            -0.2181989997625351,
            1.3366199709707871e-05,
            0.2181989997625351,
            0.9759039878845215
        ],
        [
            0.009123739786446095,
            -0.6418949961662292,
            -0.2789750099182129,
            0.1320510059595108,
            0.04968560114502907,
            0.633217990398407,
            0.008813849650323391,
            0.9963409900665283,
            0.08500730246305466,
            0.008093589916825294,
            -0.0850789025425911,
            0.9963409900665283
        ],
        [
            0.010273500345647335,
            0.11256899684667587,
            -0.1860550045967102,
            0.06727399677038193,
            0.047196000814437866,
            0.6270830035209656,
            0.0,
            1.0,
            0.0,
            0.0,
            0.0,
            1.0
        ],
        [
            -0.4109730124473572,
            -0.4283289909362793,
            0.25830599665641785,
            0.8441219925880432,
            0.10762099921703339,
            0.06652259826660156,
            -0.003169009927660227,
            0.8923019766807556,
            -0.45142701268196106,
            -0.004839019849896431,
            0.4514099955558777,
            0.8923029899597168
        ],
        [
            -0.343284010887146,
            -0.2190220057964325,
            -0.22681599855422974,
            1.136080026626587,
            0.046390701085329056,
            0.13941699266433716,
            0.016288600862026215,
            0.9924820065498352,
            0.12129800021648407,
            -0.031935300678014755,
            -0.1207360029220581,
            0.9921709895133972
        ],
        [
            0.008909090422093868,
            0.6406220197677612,
            -0.2985509932041168,
            0.34951698780059814,
            0.0787729024887085,
            0.8186910152435303,
            0.0060233199037611485,
            0.8783320188522339,
            -0.4780139923095703,
            0.01013530045747757,
            0.4779439866542816,
            0.8783320188522339
        ],
        [
            -0.4031910002231598,
            0.40160900354385376,
            -0.17820000648498535,
            0.8932110071182251,
            0.10804600268602371,
            0.08627410233020782,
            0.004716619849205017,
            0.8919519782066345,
            -0.45210498571395874,
            0.05768410116434097,
            0.4511139988899231,
            0.8906000256538391
        ]
    ],
    "ops": [
        [
            0,
            0,
            2,
            0,
            0,
            0,
            1,
            2,
            1,
            1,
            1,
            0,
            0,
            2,
            1,
            1
        ]
    ],
    "syms": [
        [
            0.0,
            -0.012996899895370007,
            0.16259199380874634,
            0.9866080284118652,
            0.005026800092309713,
            -0.590641975402832,
            0.03202909976243973,
            0.0
        ],
        [
            0.0,
            0.9999979734420776,
            0.0017289200332015753,
            0.0006551539991050959,
            0.0054402099922299385,
            -0.42760899662971497,
            0.25857898592948914,
            0.0
        ],
        [
            0.0,
            0.9999899864196777,
            0.0036540899891406298,
            -0.00269313994795084,
            0.0045149000361561775,
            0.403099000453949,
            -0.17929799854755402,
            0.0
        ]
    ],
    "labels:": [
        [
            1,
            2,
            2,
            2,
            2,
            0,
            0
        ]
    ],
    "obj": 35436,
    "mat_index": 979,
    "obbs": "N 11\n0.00890909 0.640622 -0.298551 0.99993 -0.0101353 -0.00602332 0.0101353 0.477944 0.878332 -0.00602332 -0.878332 0.478014 0.818691 0.0787729 0.349517\n0.00912374 -0.641895 -0.278975 0.999928 -0.00809359 -0.00881385 0.00809359 -0.0850789 0.996341 -0.00881385 -0.996341 -0.0850073 0.633218 0.0496856 0.132051\n0.000929862 -0.539389 0.343033 -0.00153751 0.908528 -0.41782 -0.00239939 0.417816 0.908528 0.999996 0.00239939 0.00153751 0.103996 0.0527176 0.821907\n0.0102735 0.112569 -0.186055 1 0 0 0 1 0 0 0 1 0.627083 0.067274 0.047196\n0.00965023 0.0326981 0.193998 -1.33662e-05 -0.218199 -0.975904 0.000121038 0.975904 -0.218199 1 -0.000121038 1.33662e-05 0.694059 0.180606 0.905332\n0.412221 0.404589 -0.180396 -0.00509197 0.877451 -0.47964 0.999545 0.0187217 0.0236379 0.0297207 -0.479302 -0.877147 0.887968 0.105942 0.108493\n-0.403191 0.401609 -0.1782 0.00471662 0.891952 -0.452105 0.998324 -0.0302799 -0.0493237 -0.0576841 -0.451114 -0.8906 0.893211 0.0862741 0.108046\n0.421854 -0.426889 0.258852 0.0072005 0.890395 -0.455132 0.998014 -0.0348842 -0.0524562 -0.0625837 -0.45385 -0.888878 0.846368 0.0887935 0.105034\n-0.410973 -0.428329 0.258306 0.00483902 -0.45141 -0.892303 0.999983 0.00501218 0.00288734 0.00316901 -0.892302 0.451427 0.107621 0.0665226 0.844122\n-0.343284 -0.219022 -0.226816 -0.999357 0.0200347 -0.0297286 -0.0319353 -0.120736 0.992171 0.0162886 0.992482 0.121298 0.139417 0.0463907 1.13608\n0.35924 -0.21861 -0.226628 -0.00488463 0.992537 0.121846 0.0419977 -0.121536 0.991698 0.999106 0.00996133 -0.0410906 1.13603 0.0466245 0.133815\nC 26\n0 10\n0 5\n0 6\n0 9\n1 10\n1 9\n2 8\n2 7\n3 7\n3 10\n3 6\n3 9\n3 5\n3 4\n4 7\n4 8\n4 9\n4 10\n4 5\n4 6\n5 10\n5 7\n6 9\n6 8\n7 10\n8 9\nS 4\n2\n1 0.00912374 -0.641895 -0.278975\n2 0.000929862 -0.539389 0.343033\n2\n0.0050268 -0.590642 0.0320291\n-0.0129969 0.162592 0.986608\n2\n5 0.412221 0.404589 -0.180396\n6 -0.403191 0.401609 -0.1782\n2\n0.0045149 0.403099 -0.179298\n-0.99999 -0.00365409 0.00269314\n2\n7 0.421854 -0.426889 0.258852\n8 -0.410973 -0.428329 0.258306\n2\n0.00544021 -0.427609 0.258579\n-0.999998 -0.00172892 -0.000655154\n2\n9 -0.343284 -0.219022 -0.226816\n10 0.35924 -0.21861 -0.226628\n2\n0.007978 -0.218816 -0.226722\n1 0.000586576 0.000267618\nL 11\n0\n2\n2\n2\n1\n0\n0\n2\n2\n2\n2"
}