{
    "boxes": [
        [
            0.009240999817848206,
            -0.15337499976158142,
            0.03855299949645996,
            0.3748509883880615,
            0.9015600085258484,
            1.0536999702453613,
            0.0,
            1.0,
            0.0,
            0.0,
            0.0,
            1.0
        ],
        [
            -0.5174890160560608,
            0.05578700080513954,
            0.4082010090351105,
            0.7434920072555542,
            0.06197400018572807,
            0.059748999774456024,
            0.0,
            1.0,
            0.0,
            0.0,
            0.0,
            1.0
        ],
        [
            0.4919759929180145,
            0.13594800233840942,
            0.15383300185203552,
            0.8154900074005127,
            0.46182700991630554,
            0.041100699454545975,
            0.006663249805569649,
            0.9998930096626282,
            0.01301840040832758,
            0.1426749974489212,
            -0.01383609976619482,
            0.9896730184555054
        ],
        [
            0.5141159892082214,
            0.4920479953289032,
            0.18593500554561615,
            0.06137419864535332,
            0.5503690242767334,
            0.07115750014781952,
            -0.016586100682616234,
            0.9624350070953369,
            0.2710050046443939,
            0.15975600481033325,
            -0.2650099992752075,
            0.9509199857711792
        ],
        [
            -0.30012398958206177,
            -0.4950940012931824,
            -0.2512440085411072,
            0.4566429853439331,
            0.13228599727153778,
            0.10447599738836288,
            0.0,
            1.0,
            0.0,
            0.0,
            0.0,
            1.0
        ],
        [
            -0.4917739927768707,
            -0.5442799925804138,
            0.41000598669052124,
            0.4566420018672943,
            0.13228599727153778,
            0.15537799894809723,
            0.0,
            1.0,
            0.0,
            0.0,
            0.0,
            1.0
        ],
        [
            0.007595499977469444,
            0.1968729943037033,
            -0.2704260051250458,
            0.9326559901237488,
            0.4959689974784851,
            0.9289370179176331,
            0.0,
            1.0,
            0.0,
            0.0,
            0.0,
            1.0
        ],
        [
            -0.006054250057786703,
            0.6209279894828796,
            -0.27872198820114136,
            0.05602730065584183,
            0.5082870125770569,
            1.002940058708191,
            -0.0008145099855028093,
            0.9634220004081726,
            0.267985999584198,
            0.05244699865579605,
            -0.26757699251174927,
            0.9621080160140991
        ]
    ],
    "ops": [
        [
            0,
            0,
            0,
            0,
            1,
            1,
            2,
            1,
            0,
            0,
            1,
            2,
            1,
            0,
            0,
            1,
            1
        ]
    ],
    "syms": [
        [
            0.0,
            1.0,
            0.00024015600502025336,
            -7.593860118504381e-06,
            0.009251999668776989,
            0.05591350048780441,
            0.40819698572158813,
            0.0
        ],
        [
            0.0,
            1.0,
            -8.078459927673975e-07,
            -0.0,
            0.009340750053524971,
            -0.4950940012931824,
            -0.2512440085411072,
            0.0
        ]
    ],
    "labels:": [
        [
            1,
            3,
            3,
            3,
            2,
            2,
            0,
            0
        ]
    ],
    "obj": 35464,
    "mat_index": 992,
    "obbs": "N 13\n0.0075955 0.196873 -0.270426 1 0 0 0 1 0 0 0 1 0.928937 0.932656 0.495969\n-0.00605425 0.620928 -0.278722 0.998623 0.0148387 -0.0503106 -0.00081451 0.963422 0.267986 0.052447 -0.267577 0.962108 1.00294 0.0560273 0.508287\n0.009241 -0.153375 0.038553 1 0 0 0 1 0 0 0 1 1.0537 0.374851 0.90156\n0.491976 0.135948 0.153833 -0.00666325 -0.999893 -0.0130184 0.989747 -0.00473704 -0.142752 0.142675 -0.0138361 0.989673 0.81549 0.0411007 0.461827\n0.514116 0.492048 0.185935 0.0165861 -0.962435 -0.271005 0.987017 0.0590668 -0.149359 0.159756 -0.26501 0.95092 0.0613742 0.0711575 0.550369\n-0.477288 0.129488 0.17055 -0.00932402 0.999479 0.0309155 0.990669 0.00502907 0.136196 0.13597 0.0318969 -0.990199 0.810325 0.0478102 0.443645\n-0.501805 0.489448 0.206526 0.0880867 -0.957382 -0.275065 0.982075 0.037273 0.184768 -0.166641 -0.286411 0.943504 0.0704978 0.0741807 0.515644\n0.535994 0.05604 0.408193 1 0 0 0 1 0 0 0 1 0.059795 0.743998 0.06199\n-0.517489 0.055787 0.408201 1 0 0 0 1 0 0 0 1 0.059749 0.743492 0.061974\n0.318806 -0.495094 -0.251244 1 0 0 0 1 0 0 0 1 0.104475 0.456642 0.132286\n0.510256 -0.54428 0.410006 1 0 0 0 1 0 0 0 1 0.155378 0.456642 0.132286\n-0.300124 -0.495094 -0.251244 1 0 0 0 1 0 0 0 1 0.104476 0.456643 0.132286\n-0.491774 -0.54428 0.410006 1 0 0 0 1 0 0 0 1 0.155378 0.456642 0.132286\nC 32\n0 3\n0 11\n0 4\n0 5\n0 1\n0 6\n0 9\n0 2\n1 3\n1 6\n1 5\n1 4\n2 8\n2 12\n2 5\n2 9\n2 10\n2 3\n2 7\n2 11\n3 7\n3 10\n3 9\n3 4\n4 7\n5 6\n5 8\n5 12\n5 11\n6 8\n7 10\n8 12\nS 5\n2\n3 0.491976 0.135948 0.153833\n5 -0.477288 0.129488 0.17055\n2\n0.00734357 0.132718 0.162191\n-0.999829 -0.00666363 0.0172442\n2\n4 0.514116 0.492048 0.185935\n6 -0.501805 0.489448 0.206526\n2\n0.00615527 0.490748 0.19623\n-0.999791 -0.00255879 0.0202636\n2\n7 0.535994 0.05604 0.408193\n8 -0.517489 0.055787 0.408201\n2\n0.009252 0.0559135 0.408197\n-1 -0.000240156 7.59386e-06\n2\n9 0.318806 -0.495094 -0.251244\n11 -0.300124 -0.495094 -0.251244\n2\n0.00934075 -0.495094 -0.251244\n-1 8.07846e-07 0\n2\n10 0.510256 -0.54428 0.410006\n12 -0.491774 -0.54428 0.410006\n2\n0.009241 -0.54428 0.410006\n-1 0 0\nL 13\n0\n0\n1\n3\n3\n3\n3\n3\n3\n2\n2\n2\n2"
}