{
    "boxes": [
        [
            -0.010312800295650959,
            -0.02125830017030239,
            0.12053799629211426,
            0.08271469920873642,
            0.8336349725723267,
            0.8589630126953125,
            -0.0003194969904143363,
            0.9989799857139587,
            0.04514480009675026,
            7.215489858936053e-06,
            -0.04514480009675026,
            0.9989799857139587
        ],
        [
            -0.01117200031876564,
            -0.7606629729270935,
            -0.29023900628089905,
            0.025784000754356384,
            0.06906100362539291,
            0.7290760278701782,
            0.0,
            1.0,
            0.0,
            0.0,
            0.0,
            1.0
        ],
        [
            -0.41746100783348083,
            -0.38615700602531433,
            0.5565249919891357,
            0.674688994884491,
            0.0790489986538887,
            0.02616499923169613,
            0.0,
            1.0,
            0.0,
            0.0,
            0.0,
            1.0
        ],
        [
            -0.3988470137119293,
            -0.7464690208435059,
            0.14122000336647034,
            0.0595599003136158,
            0.8305119872093201,
            0.0758252963423729,
            -0.47325098514556885,
            0.8804900050163269,
            -0.027771400287747383,
            -0.006989050190895796,
            0.027771400287747383,
            0.9995899796485901
        ],
        [
            -0.008825499564409256,
            0.35182899236679077,
            -0.3121730089187622,
            0.32058000564575195,
            0.045888498425483704,
            0.8562800288200378,
            -0.002748349914327264,
            0.9999960064888,
            -7.553489922429435e-06,
            -0.002748359926044941,
            3.3306698679688577e-16,
            0.9999960064888
        ],
        [
            -0.41497498750686646,
            0.2794960141181946,
            -0.29733601212501526,
            0.5285030007362366,
            0.055560000240802765,
            0.024915000423789024,
            0.0,
            1.0,
            0.0,
            0.0,
            0.0,
            1.0
        ]
    ],
    "ops": [
        [
            0,
            0,
            0,
            0,
            1,
            2,
            1,
            1,
            0,
            0,
            2,
            1,
            1
        ]
    ],
    "syms": [
        [
            0.0,
            0.9998810291290283,
            0.0014923199778422713,
            0.015325100161135197,
            -0.009971610270440578,
            -0.38554900884628296,
            0.5627700090408325,
            0.0
        ],
        [
            0.0,
            0.9999769926071167,
            -0.006334589794278145,
            0.0023827599361538887,
            -0.007578750140964985,
            0.2769159972667694,
            -0.29636499285697937,
            0.0
        ]
    ],
    "labels:": [
        [
            1,
            2,
            2,
            2,
            0,
            0
        ]
    ],
    "obj": 35478,
    "mat_index": 1000,
    "obbs": "N 9\n-0.0088255 0.351829 -0.312173 -0.00274835 0.999996 -7.55349e-06 -0.00274836 3.33067e-16 0.999996 0.999992 0.00274836 0.00274835 0.32058 0.0458885 0.85628\n-0.0103128 -0.0212583 0.120538 -7.21549e-06 0.0451448 -0.99898 -0.000319497 0.99898 0.0451448 1 0.000319497 7.21549e-06 0.833635 0.0827147 0.858963\n0.399818 0.274335 -0.295395 1 0 0 0 1 0 0 0 1 0.025634 0.53784 0.055129\n-0.414975 0.279496 -0.297336 1 0 0 0 1 0 0 0 1 0.024915 0.528503 0.05556\n0.397518 -0.384941 0.569016 -0.00547445 -0.057673 -0.998321 0.999983 -0.00239404 -0.00534526 -0.00208174 -0.998333 0.0576851 0.0846483 0.0268301 0.682398\n-0.417461 -0.386157 0.556525 1 0 0 0 1 0 0 0 1 0.026165 0.674689 0.079049\n0.379888 -0.741004 0.142806 0.972924 -0.23111 0.00257152 0.23111 0.97268 -0.0219497 0.00257152 0.0219497 0.999756 0.07148 0.0693804 0.849245\n-0.398847 -0.746469 0.14122 0.8809 0.473251 -0.00698905 -0.473251 0.88049 -0.0277714 -0.00698905 0.0277714 0.99959 0.0758253 0.0595599 0.830512\n-0.011172 -0.760663 -0.290239 1 0 0 0 1 0 0 0 1 0.729076 0.025784 0.069061\nC 11\n0 1\n0 3\n0 2\n1 2\n1 3\n1 4\n1 5\n4 6\n5 7\n6 8\n7 8\nS 3\n2\n2 0.399818 0.274335 -0.295395\n3 -0.414975 0.279496 -0.297336\n2\n-0.00757875 0.276916 -0.296365\n-0.999977 0.00633459 -0.00238276\n2\n4 0.397518 -0.384941 0.569016\n5 -0.417461 -0.386157 0.556525\n2\n-0.00997161 -0.385549 0.56277\n-0.999881 -0.00149232 -0.0153251\n2\n6 0.379888 -0.741004 0.142806\n7 -0.398847 -0.746469 0.14122\n2\n-0.00947963 -0.743736 0.142013\n-0.999973 -0.00701769 -0.00203634\nL 9\n0\n1\n0\n0\n2\n2\n2\n2\n2"
}