{
    "boxes": [
        [
            0.001124480040743947,
            -0.05444290116429329,
            0.13199500739574432,
            0.17750300467014313,
            0.8217740058898926,
            0.7187079787254333,
            -0.00019109199638478458,
            0.9857180118560791,
            0.16840499639511108,
            1.620620059838984e-05,
            -0.16840499639511108,
            0.9857180118560791
        ],
        [
            -0.3179680109024048,
            -0.052064199000597,
            0.1015940010547638,
            0.02867870032787323,
            0.036767300218343735,
            0.1816910058259964,
            0.4965890049934387,
            0.867434024810791,
            -0.030966300517320633,
            0.008234559558331966,
            0.030966300517320633,
            0.9994869828224182
        ],
        [
            -0.39121198654174805,
            0.13953199982643127,
            0.1016559973359108,
            0.30864399671554565,
            0.03519200161099434,
            0.0175199992954731,
            0.0,
            1.0,
            0.0,
            0.0,
            0.0,
            1.0
        ],
        [
            -0.3948749899864197,
            0.3006249964237213,
            0.11946500092744827,
            0.07219540327787399,
            0.4478690028190613,
            0.11365199834108353,
            -0.025250200182199478,
            0.9963949918746948,
            0.08099540323019028,
            0.0010244200238958001,
            -0.08099540323019028,
            0.9967139959335327
        ],
        [
            0.37397000193595886,
            0.0796642005443573,
            0.10119599848985672,
            0.4264630079269409,
            0.03671630099415779,
            0.11409399658441544,
            0.34363898634910583,
            0.939096987247467,
            -0.003039760049432516,
            -0.015825800597667694,
            0.009027400054037571,
            0.9998340010643005
        ],
        [
            0.3962869942188263,
            0.1298609972000122,
            0.1016559973359108,
            0.3283439874649048,
            0.03519200161099434,
            0.029014000669121742,
            0.0,
            1.0,
            0.0,
            0.0,
            0.0,
            1.0
        ],
        [
            0.022778399288654327,
            -0.34803199768066406,
            0.11730799823999405,
            0.47846201062202454,
            0.1612209975719452,
            0.15323099493980408,
            -0.005976419895887375,
            0.9999769926071167,
            0.0032668800558894873,
            -0.11007600277662277,
            -0.0039049501065164804,
            0.9939159750938416
        ],
        [
            -0.061572298407554626,
            -0.6253119707107544,
            -0.15259799361228943,
            0.08734510093927383,
            0.48737600445747375,
            0.06931950151920319,
            -0.3617100119590759,
            0.9054110050201416,
            -0.22225399315357208,
            0.2882159948348999,
            0.3353149890899658,
            0.8969359993934631
        ],
        [
            -0.12500999867916107,
            -0.7686150074005127,
            -0.33868399262428284,
            0.07687100023031235,
            0.07687210291624069,
            0.05422170087695122,
            0.11074099689722061,
            0.9335770010948181,
            0.3408379852771759,
            0.28848299384117126,
            -0.35837700963020325,
            0.8878870010375977
        ],
        [
            0.012551000341773033,
            0.45593100786209106,
            -0.2958579957485199,
            0.6691100001335144,
            0.12759999930858612,
            0.6390759944915771,
            4.3663000326432666e-08,
            0.957381010055542,
            -0.28882598876953125,
            5.877920017383076e-08,
            0.28882598876953125,
            0.957381010055542
        ],
        [
            0.011913199909031391,
            0.13497599959373474,
            -0.24368299543857574,
            0.6506230235099792,
            0.16410300135612488,
            0.08101320266723633,
            0.0055078500881791115,
            0.8718569874763489,
            -0.48973000049591064,
            -0.010420500300824642,
            0.48976099491119385,
            0.8717939853668213
        ]
    ],
    "ops": [
        [
            0,
            0,
            0,
            1,
            0,
            2,
            0,
            0,
            1,
            1,
            1,
            1,
            0,
            0,
            0,
            1,
            2,
            1,
            1,
            0,
            0,
            1,
            1
        ]
    ],
    "syms": [
        [
            0.0,
            1.0,
            -0.0007318090065382421,
            -0.00016540799697395414,
            0.0038335099816322327,
            0.3003329932689667,
            0.11939900368452072,
            0.0
        ],
        [
            -1.0,
            -0.02170339971780777,
            0.99965900182724,
            0.014538000337779522,
            0.024055499583482742,
            -0.6272339820861816,
            0.11197900027036667,
            0.20000000298023224
        ]
    ],
    "labels:": [
        [
            1,
            3,
            3,
            3,
            3,
            3,
            2,
            2,
            2,
            0,
            0
        ]
    ],
    "obj": 35489,
    "mat_index": 1005,
    "obbs": "N 20\n0.012551 0.455931 -0.295858 1 -5.87792e-08 -4.3663e-08 5.87792e-08 0.288826 0.957381 -4.3663e-08 -0.957381 0.288826 0.639076 0.1276 0.66911\n0.0227784 -0.348032 0.117308 -0.993905 -0.00558045 -0.110097 -0.110076 -0.00390495 0.993916 -0.00597642 0.999977 0.00326688 0.153231 0.161221 0.478462\n0.37397 0.0796642 0.101196 0.343639 0.939097 -0.00303976 -0.0158258 0.0090274 0.999834 0.938968 -0.343534 0.0179641 0.426463 0.0367163 0.114094\n-0.317968 -0.0520642 0.101594 0.867947 -0.496589 0.00823456 0.496589 0.867434 -0.0309663 0.00823456 0.0309663 0.999487 0.181691 0.0286787 0.0367673\n0.00112448 -0.0544429 0.131995 -1.62062e-05 0.168405 -0.985718 -0.000191092 0.985718 0.168405 1 0.000191092 1.62062e-05 0.821774 0.177503 0.718708\n0.396287 0.129861 0.101656 1 0 0 0 1 0 0 0 1 0.029014 0.328344 0.035192\n-0.391212 0.139532 0.101656 1 0 0 0 1 0 0 0 1 0.01752 0.308644 0.035192\n0.402542 0.300041 0.119333 -0.00134239 0.0751865 -0.997169 -0.0356462 0.996532 0.0751865 0.999364 0.0356462 0.00134239 0.447828 0.0738359 0.113847\n-0.394875 0.300625 0.119465 -0.00102442 0.0809954 -0.996714 -0.0252502 0.996395 0.0809954 0.999681 0.0252502 0.00102442 0.447869 0.0721954 0.113652\n0.249457 -0.624613 0.277551 0.318021 0.937432 0.141718 -0.557224 0.0638766 0.827902 0.767049 -0.342259 0.542674 0.0812533 0.0689407 0.485973\n0.250358 -0.627409 -0.0531314 0.771289 -0.333691 -0.542 0.519478 -0.162013 0.838984 -0.367773 -0.928656 0.048386 0.481307 0.0671176 0.0845072\n-0.0610905 -0.628343 0.373916 -0.231242 -0.894654 -0.382259 0.933188 -0.315072 0.172886 -0.275112 -0.316741 0.907738 0.0865463 0.0786532 0.493125\n-0.256875 -0.630492 0.114157 0.950921 0.309431 -0.00139951 -0.000440899 0.00587771 0.999983 0.309434 -0.950904 0.00572566 0.481229 0.0591014 0.0784382\n-0.0615723 -0.625312 -0.152598 0.36171 -0.905411 0.222254 0.886621 0.260374 -0.382241 0.288216 0.335315 0.896936 0.0873451 0.0693195 0.487376\n-0.12501 -0.768615 -0.338684 -0.288483 0.358377 -0.887887 0.951059 3.33067e-16 -0.309008 -0.110741 -0.933577 -0.340838 0.0768721 0.0542217 0.076871\n0.409751 -0.768615 -0.166836 0.755295 0.358412 -0.548699 0.587747 5.55112e-16 0.809045 0.289971 -0.933564 -0.210656 0.0768724 0.0542236 0.0768706\n0.409323 -0.768615 0.393317 -0.28993 0.933578 -0.21065 -0.587791 0 0.809013 0.755276 0.358375 0.548749 0.0768711 0.0542211 0.0768718\n-0.123998 -0.768615 0.56449 0.288484 -0.358376 -0.887887 0.951059 -4.44089e-16 0.309009 -0.110741 -0.933578 0.340836 0.0768721 0.0542211 0.0768709\n-0.450865 -0.768615 0.112186 0.93358 0.358368 -1.59147e-16 0 4.44089e-16 1 0.358368 -0.93358 4.14593e-16 0.076871 0.05422 0.076871\n0.0119132 0.134976 -0.243683 0.00550785 0.871857 -0.48973 0.999931 0.000301545 0.0117827 0.0104205 -0.489761 -0.871794 0.650623 0.0810132 0.164103\nC 45\n0 2\n0 7\n0 4\n0 5\n0 8\n0 19\n0 6\n1 3\n1 11\n1 2\n1 10\n1 13\n1 4\n1 19\n1 9\n1 12\n2 5\n2 19\n2 7\n2 4\n3 6\n3 19\n3 4\n4 7\n4 8\n4 19\n4 5\n4 6\n5 7\n6 8\n9 11\n9 10\n9 16\n9 13\n9 12\n10 11\n10 15\n10 12\n10 13\n11 13\n11 12\n11 17\n12 13\n12 18\n13 14\nS 3\n2\n7 0.402542 0.300041 0.119333\n8 -0.394875 0.300625 0.119465\n2\n0.00383351 0.300333 0.119399\n-1 0.000731809 0.000165408\n5\n12 -0.256875 -0.630492 0.114157\n11 -0.0610905 -0.628343 0.373916\n9 0.249457 -0.624613 0.277551\n10 0.250358 -0.627409 -0.0531314\n13 -0.0615723 -0.625312 -0.152598\n3\n0.0240555 -0.627234 0.111979\n0.0217034 -0.999659 -0.014538\n5\n17 -0.123998 -0.768615 0.56449\n18 -0.450865 -0.768615 0.112186\n14 -0.12501 -0.768615 -0.338684\n15 0.409751 -0.768615 -0.166836\n16 0.409323 -0.768615 0.393317\n3\n0.0238403 -0.768615 0.112894\n1.31943e-08 -1 7.76975e-08\nL 20\n0\n2\n3\n3\n1\n3\n3\n3\n3\n2\n2\n2\n2\n2\n2\n2\n2\n2\n2\n0"
}