{
    "boxes": [
        [
            -0.010311000049114227,
            -0.027137000113725662,
            0.13728800415992737,
            0.045354001224040985,
            0.6949049830436707,
            0.8589640259742737,
            0.0,
            1.0,
            0.0,
            0.0,
            0.0,
            1.0
        ],
        [
            -0.010147999972105026,
            -0.760657012462616,
            -0.2754429876804352,
            0.025803999975323677,
            0.09865500032901764,
            0.7752159833908081,
            0.0,
            1.0,
            0.0,
            0.0,
            0.0,
            1.0
        ],
        [
            -0.41736000776290894,
            -0.3407190144062042,
            0.5696330070495605,
            0.6689580082893372,
            0.12078599631786346,
            0.028100600466132164,
            0.0033836900256574154,
            0.986037015914917,
            -0.1664929986000061,
            0.010863600298762321,
            0.16644799709320068,
            0.9859899878501892
        ],
        [
            -0.4075550138950348,
            -0.7460150122642517,
            0.17553600668907166,
            0.10263799875974655,
            0.8436130285263062,
            0.04715749993920326,
            0.07038699835538864,
            0.9934250116348267,
            -0.09029199928045273,
            -0.006975539959967136,
            0.09100449830293655,
            0.995826005935669
        ],
        [
            -0.008825499564409256,
            0.35182899236679077,
            -0.3121730089187622,
            0.32058000564575195,
            0.045888498425483704,
            0.8562800288200378,
            -0.002748349914327264,
            0.9999960064888,
            -7.553489922429435e-06,
            -0.002748359926044941,
            3.3306698679688577e-16,
            0.9999960064888
        ],
        [
            -0.4143869876861572,
            0.2476309984922409,
            -0.3019599914550781,
            0.5868470072746277,
            0.11328600347042084,
            0.026530200615525246,
            0.0035625300370156765,
            0.9816650152206421,
            -0.1905830055475235,
            -0.017287099733948708,
            0.19061599671840668,
            0.9815120100975037
        ]
    ],
    "ops": [
        [
            0,
            0,
            0,
            0,
            1,
            2,
            1,
            1,
            0,
            0,
            2,
            1,
            1
        ]
    ],
    "syms": [
        [
            0.0,
            0.999987006187439,
            0.0027647200040519238,
            -0.004269879776984453,
            -0.009942440316081047,
            -0.33959299325942993,
            0.5678939819335938,
            0.0
        ],
        [
            0.0,
            0.9995309710502625,
            -0.02374340035021305,
            0.019324300810694695,
            -0.0073751602321863174,
            0.237963005900383,
            -0.29409098625183105,
            0.0
        ]
    ],
    "labels:": [
        [
            1,
            2,
            2,
            2,
            0,
            0
        ]
    ],
    "obj": 35493,
    "mat_index": 1008,
    "obbs": "N 9\n-0.0088255 0.351829 -0.312173 -0.00274835 0.999996 -7.55349e-06 -0.00274836 3.33067e-16 0.999996 0.999992 0.00274836 0.00274835 0.32058 0.0458885 0.85628\n-0.010311 -0.027137 0.137288 1 0 0 0 1 0 0 0 1 0.858964 0.045354 0.694905\n-0.414387 0.247631 -0.30196 0.00356253 0.981665 -0.190583 0.999844 -0.00020205 0.0176492 0.0172871 -0.190616 -0.981512 0.586847 0.0265302 0.113286\n0.399637 0.228295 -0.286222 -0.00718248 -0.315298 -0.948965 0.999974 -0.00287547 -0.00661316 -0.000643603 -0.948988 0.315311 0.171768 0.0268176 0.616206\n0.397476 -0.338466 0.566154 0.00380603 0.986961 -0.160913 0.999979 -0.00459258 -0.00451641 -0.00519652 -0.160892 -0.986958 0.663586 0.0273123 0.123468\n-0.41736 -0.340719 0.569633 -0.0108636 -0.166448 -0.98599 0.999935 -0.00514501 -0.0101487 -0.00338369 -0.986037 0.166493 0.120786 0.0281006 0.668958\n0.381642 -0.737954 0.171846 -0.00576472 -0.0605766 -0.998147 0.999097 0.0416722 -0.00829925 0.0420977 -0.997293 0.0602816 0.858006 0.0642538 0.108302\n-0.010148 -0.760657 -0.275443 1 0 0 0 1 0 0 0 1 0.775216 0.025804 0.098655\n-0.407555 -0.746015 0.175536 0.070387 0.993425 -0.090292 0.997495 -0.0694634 0.0133352 0.00697554 -0.0910045 -0.995826 0.102638 0.0471575 0.843613\nC 11\n0 1\n0 3\n0 2\n1 2\n1 3\n1 4\n1 5\n4 6\n5 8\n6 7\n7 8\nS 3\n2\n2 -0.414387 0.247631 -0.30196\n3 0.399637 0.228295 -0.286222\n2\n-0.00737516 0.237963 -0.294091\n0.999531 -0.0237434 0.0193243\n2\n4 0.397476 -0.338466 0.566154\n5 -0.41736 -0.340719 0.569633\n2\n-0.00994244 -0.339593 0.567894\n-0.999987 -0.00276472 0.00426988\n2\n6 0.381642 -0.737954 0.171846\n8 -0.407555 -0.746015 0.175536\n2\n-0.0129567 -0.741985 0.173691\n-0.999937 -0.0102127 0.00467551\nL 9\n0\n1\n0\n0\n2\n2\n2\n2\n2"
}