{
    "boxes": [
        [
            0.0047617098316550255,
            -0.08035480231046677,
            0.12578000128269196,
            0.05005500093102455,
            0.7686970233917236,
            0.6810550093650818,
            -0.010223699733614922,
            0.9989389777183533,
            -0.04490730166435242,
            -0.00022968099801801145,
            0.04490730166435242,
            0.9989910125732422
        ],
        [
            -0.39389699697494507,
            0.26530298590660095,
            0.165911003947258,
            0.08580099791288376,
            0.7321730256080627,
            0.1239359974861145,
            0.0,
            1.0,
            0.0,
            0.0,
            0.0,
            1.0
        ],
        [
            -0.3521629869937897,
            0.0654383972287178,
            0.46412599086761475,
            0.36014899611473083,
            0.0984644964337349,
            0.08824779838323593,
            -0.050801098346710205,
            0.9984830021858215,
            0.021247100085020065,
            0.03378310054540634,
            -0.019544299691915512,
            0.9992380142211914
        ],
        [
            0.34566500782966614,
            -0.2498610019683838,
            -0.2441989928483963,
            0.6499680280685425,
            0.14045700430870056,
            0.09326999634504318,
            0.0,
            1.0,
            0.0,
            0.0,
            0.0,
            1.0
        ],
        [
            -0.35997799038887024,
            -0.5790929794311523,
            0.009418499656021595,
            0.13554100692272186,
            1.3806899785995483,
            0.056099001318216324,
            0.0,
            1.0,
            0.0,
            0.0,
            0.0,
            1.0
        ],
        [
            -0.3574860095977783,
            -0.33626699447631836,
            0.10853900015354156,
            0.09293600171804428,
            0.6075360178947449,
            0.061083998531103134,
            0.0,
            1.0,
            0.0,
            0.0,
            0.0,
            1.0
        ],
        [
            0.002925500040873885,
            -0.33309099078178406,
            -0.24405300617218018,
            0.10153300315141678,
            0.08620200306177139,
            0.6487529873847961,
            0.0,
            1.0,
            0.0,
            0.0,
            0.0,
            1.0
        ],
        [
            -0.34172698855400085,
            -0.31465399265289307,
            0.4589489996433258,
            0.47249698638916016,
            0.11618799716234207,
            0.0926010012626648,
            0.0,
            1.0,
            0.0,
            0.0,
            0.0,
            1.0
        ],
        [
            -0.24900099635124207,
            0.45497599244117737,
            -0.2516990005970001,
            0.628708004951477,
            0.08547479659318924,
            0.08489680290222168,
            -0.0046133301220834255,
            0.9981489777565002,
            -0.06063390150666237,
            -0.15011699497699738,
            0.05925619974732399,
            0.986890971660614
        ],
        [
            -0.12255500257015228,
            0.45917201042175293,
            -0.2531909942626953,
            0.6167389750480652,
            0.10289599746465683,
            0.09752149879932404,
            0.005546300206333399,
            0.9994040131568909,
            -0.03407030180096626,
            0.23916900157928467,
            0.03175630047917366,
            0.970458984375
        ],
        [
            -0.34338700771331787,
            0.4723629951477051,
            -0.25261300802230835,
            0.8363919854164124,
            0.1287740021944046,
            0.08928100019693375,
            0.0,
            1.0,
            0.0,
            0.0,
            0.0,
            1.0
        ],
        [
            0.00565188005566597,
            0.4544369876384735,
            -0.2517299950122833,
            0.6285009980201721,
            0.08757799863815308,
            0.08252289891242981,
            0.0023981600534170866,
            0.9987509846687317,
            -0.049902498722076416,
            0.049902498722076416,
            0.049720898270606995,
            0.9975159764289856
        ],
        [
            0.0028864999767392874,
            0.12166699767112732,
            -0.2323790043592453,
            0.10186400264501572,
            0.08520399779081345,
            0.6489289999008179,
            0.0,
            1.0,
            0.0,
            0.0,
            0.0,
            1.0
        ]
    ],
    "ops": [
        [
            0,
            0,
            0,
            1,
            2,
            1,
            0,
            0,
            0,
            1,
            1,
            2,
            0,
            2,
            0,
            2,
            1,
            1,
            1,
            0,
            0,
            1,
            2,
            0,
            2,
            0,
            0,
            2,
            1,
            1,
            1,
            1
        ]
    ],
    "syms": [
        [
            0.0,
            0.9999780058860779,
            -0.006160929799079895,
            0.002617770107463002,
            0.0021379999816417694,
            0.26286301016807556,
            0.16694800555706024,
            0.0
        ],
        [
            0.0,
            0.9997429847717285,
            -0.0013258899562060833,
            -0.022612299770116806,
            -0.0030842400155961514,
            -0.24939799308776855,
            -0.23631100356578827,
            0.0
        ],
        [
            0.0,
            0.00975101999938488,
            -0.0008809139835648239,
            0.9999520182609558,
            0.0064039998687803745,
            -0.3334049880504608,
            0.11266200244426727,
            0.0
        ],
        [
            0.0,
            0.9999880194664001,
            -0.004432749934494495,
            -0.0019203199772164226,
            -0.00036917798570357263,
            -0.3161669969558716,
            0.45829299092292786,
            0.0
        ],
        [
            0.0,
            0.9999989867210388,
            -0.0011961599811911583,
            0.0007435859879478812,
            0.0021962299942970276,
            0.45467498898506165,
            -0.25151199102401733,
            0.0
        ],
        [
            0.0,
            0.9999279975891113,
            0.0037056501023471355,
            0.011370300315320492,
            0.0025376800913363695,
            0.47364500164985657,
            -0.2486789971590042,
            0.0
        ],
        [
            0.0,
            8.46542970975861e-05,
            0.9982879757881165,
            -0.058494698256254196,
            0.0029150000773370266,
            0.457753986120224,
            -0.2520720064640045,
            0.0
        ]
    ],
    "labels:": [
        [
            1,
            3,
            3,
            2,
            2,
            2,
            2,
            2,
            0,
            0,
            0,
            0,
            0
        ]
    ],
    "obj": 35497,
    "mat_index": 1010,
    "obbs": "N 24\n0.0028865 0.121667 -0.232379 1 0 0 0 1 0 0 0 1 0.648929 0.101864 0.085204\n0.0029435 0.79384 -0.271765 1 0 0 0 1 0 0 0 1 0.648825 0.098053 0.084774\n0.00476171 -0.0803548 0.12578 0.000229681 -0.0449073 -0.998991 -0.0102237 0.998939 -0.0449073 0.999948 0.0102237 -0.000229681 0.768697 0.050055 0.681055\n-0.249001 0.454976 -0.251699 -0.00461333 0.998149 -0.0606339 0.988658 0.013655 0.149566 0.150117 -0.0592562 -0.986891 0.628708 0.0848968 0.0854748\n-0.122555 0.459172 -0.253191 -0.0055463 -0.999404 0.0340703 0.970962 -0.013531 -0.23885 0.239169 0.0317563 0.970459 0.616739 0.0975215 0.102896\n0.00565188 0.454437 -0.25173 -0.0499025 -0.0497209 -0.997516 0.998751 -0.00488246 -0.0497209 -0.00239816 -0.998751 0.0499025 0.087578 0.0825229 0.628501\n0.12753 0.456954 -0.251389 0.00339622 0.998398 -0.0564851 0.978868 0.00823014 0.204327 0.204464 -0.0559854 -0.977272 0.627237 0.100312 0.091268\n0.253394 0.454375 -0.251325 -0.103073 -0.0504527 -0.993393 0.994658 -0.0109113 -0.10265 -0.00566026 -0.998667 0.0513079 0.0883664 0.0822863 0.628337\n-0.393897 0.265303 0.165911 1 0 0 0 1 0 0 0 1 0.123936 0.085801 0.732173\n0.398173 0.260423 0.167985 1 0 0 0 1 0 0 0 1 0.123944 0.075921 0.728042\n-0.352163 0.0654384 0.464126 0.0508011 -0.998483 -0.0212471 0.998137 0.0514802 -0.032739 0.0337831 -0.0195443 0.999238 0.360149 0.0882478 0.0984645\n0.364342 0.0725273 0.46937 0.052204 0.998383 0.0225067 0.991238 -0.0545424 0.120301 0.121334 0.0160293 -0.992482 0.343324 0.0790652 0.0946632\n-0.359978 -0.579093 0.0094185 1 0 0 0 1 0 0 0 1 0.056099 0.135541 1.38069\n0.364251 -0.579093 0.0093725 1 0 0 0 1 0 0 0 1 0.056099 0.135541 1.38078\n-0.357486 -0.336267 0.108539 1 0 0 0 1 0 0 0 1 0.061084 0.092936 0.607536\n0.0029255 -0.333091 -0.244053 1 0 0 0 1 0 0 0 1 0.648753 0.101533 0.086202\n0.0098825 -0.333719 0.469377 1 0 0 0 1 0 0 0 1 0.632771 0.093454 0.081319\n0.361764 -0.33416 0.113935 1 0 0 0 1 0 0 0 1 0.06105 0.088736 0.596937\n0.345665 -0.249861 -0.244199 1 0 0 0 1 0 0 0 1 0.09327 0.649968 0.140457\n-0.351833 -0.248936 -0.228423 0.0118247 -0.998042 -0.0614198 0.978977 0.0240636 -0.202546 0.203627 -0.0577336 0.977345 0.646585 0.0909253 0.142941\n0.340989 -0.31768 0.457638 0.0205069 -0.0319771 -0.999278 0.999783 0.00443253 0.0203754 0.00377778 -0.999479 0.0320611 0.129095 0.105802 0.471512\n-0.341727 -0.314654 0.458949 1 0 0 0 1 0 0 0 1 0.092601 0.472497 0.116188\n0.348463 0.474927 -0.244746 0.0138494 0.99751 -0.0691538 0.99035 -0.00414635 0.138528 0.137896 -0.0704049 -0.987941 0.838209 0.106144 0.113792\n-0.343387 0.472363 -0.252613 1 0 0 0 1 0 0 0 1 0.089281 0.836392 0.128774\nC 92\n0 7\n0 4\n0 18\n0 5\n0 8\n0 2\n0 22\n0 19\n0 6\n0 9\n0 3\n0 23\n1 6\n1 5\n1 3\n1 23\n1 4\n1 7\n1 22\n2 22\n2 5\n2 6\n2 17\n2 11\n2 18\n2 23\n2 7\n2 19\n2 20\n2 3\n2 14\n2 4\n2 16\n2 10\n2 21\n2 15\n3 23\n3 5\n3 4\n3 19\n3 8\n4 19\n4 5\n4 6\n4 8\n4 23\n5 7\n5 6\n5 22\n6 9\n6 7\n6 18\n6 22\n7 22\n7 18\n7 9\n8 19\n8 10\n8 23\n9 18\n9 11\n9 22\n10 14\n10 16\n10 21\n11 16\n11 20\n11 17\n12 14\n12 19\n12 16\n12 21\n12 15\n13 17\n13 20\n13 16\n13 15\n13 18\n14 15\n14 21\n14 19\n14 16\n15 19\n15 18\n15 17\n16 20\n16 17\n16 21\n17 20\n17 18\n18 22\n19 23\nS 11\n2\n0 0.0028865 0.121667 -0.232379\n1 0.0029435 0.79384 -0.271765\n2\n0.002915 0.457754 -0.252072\n8.46543e-05 0.998288 -0.0584947\n2\n3 -0.249001 0.454976 -0.251699\n7 0.253394 0.454375 -0.251325\n2\n0.00219623 0.454675 -0.251512\n0.999999 -0.00119616 0.000743586\n2\n4 -0.122555 0.459172 -0.253191\n6 0.12753 0.456954 -0.251389\n2\n0.00248756 0.458063 -0.25229\n0.999935 -0.0088704 0.00720234\n2\n8 -0.393897 0.265303 0.165911\n9 0.398173 0.260423 0.167985\n2\n0.002138 0.262863 0.166948\n0.999978 -0.00616093 0.00261777\n2\n10 -0.352163 0.0654384 0.464126\n11 0.364342 0.0725273 0.46937\n2\n0.00608959 0.0689828 0.466748\n0.999924 0.00989289 0.00731849\n2\n12 -0.359978 -0.579093 0.0094185\n13 0.364251 -0.579093 0.0093725\n2\n0.002136 -0.579093 0.0093955\n1 0 -6.35158e-05\n2\n14 -0.357486 -0.336267 0.108539\n17 0.361764 -0.33416 0.113935\n2\n0.002139 -0.335213 0.111237\n0.999968 0.00292935 0.00750271\n2\n15 0.0029255 -0.333091 -0.244053\n16 0.0098825 -0.333719 0.469377\n2\n0.006404 -0.333405 0.112662\n0.00975102 -0.000880914 0.999952\n2\n18 0.345665 -0.249861 -0.244199\n19 -0.351833 -0.248936 -0.228423\n2\n-0.00308424 -0.249398 -0.236311\n-0.999743 0.00132589 0.0226123\n2\n20 0.340989 -0.31768 0.457638\n21 -0.341727 -0.314654 0.458949\n2\n-0.000369178 -0.316167 0.458293\n-0.999988 0.00443275 0.00192032\n2\n22 0.348463 0.474927 -0.244746\n23 -0.343387 0.472363 -0.252613\n2\n0.00253768 0.473645 -0.248679\n-0.999928 -0.00370565 -0.0113703\nL 24\n0\n0\n1\n0\n0\n0\n0\n0\n3\n3\n3\n3\n2\n2\n2\n2\n2\n2\n2\n2\n2\n2\n0\n0"
}