{
    "boxes": [
        [
            -0.006517500150948763,
            0.04837900027632713,
            0.14159299433231354,
            0.46556198596954346,
            0.7722700238227844,
            1.058840036392212,
            0.0,
            1.0,
            0.0,
            0.0,
            0.0,
            1.0
        ],
        [
            -0.440095990896225,
            0.09306559711694717,
            0.13668499886989594,
            0.4088970124721527,
            0.6629539728164673,
            0.12131799757480621,
            -0.2755829989910126,
            0.9607149958610535,
            -0.032883498817682266,
            -0.033921100199222565,
            0.02446790039539337,
            0.9991250038146973
        ],
        [
            -0.31111499667167664,
            -0.4806869924068451,
            0.3944709897041321,
            0.6855670213699341,
            0.09621530026197433,
            0.09141550213098526,
            0.19741399586200714,
            0.9744049906730652,
            -0.10753100365400314,
            -0.4427970051765442,
            0.18649399280548096,
            0.8770120143890381
        ],
        [
            -0.2783159911632538,
            -0.5011780261993408,
            -0.18446199595928192,
            0.672694981098175,
            0.06932710111141205,
            0.06965100020170212,
            0.2013860046863556,
            0.9203659892082214,
            0.3352159857749939,
            -0.07883299887180328,
            -0.3258880078792572,
            0.9421160221099854
        ],
        [
            -0.005829459987580776,
            0.21192699670791626,
            -0.23702000081539154,
            0.6781299710273743,
            0.24441200494766235,
            1.0630700588226318,
            -0.05651070177555084,
            0.9728019833564758,
            -0.22463899850845337,
            -0.0052558002062141895,
            0.22470499575138092,
            0.9744129776954651
        ]
    ],
    "ops": [
        [
            0,
            0,
            2,
            1,
            0,
            0,
            1,
            2,
            1,
            0,
            1
        ]
    ],
    "syms": [
        [
            0.0,
            0.9998589754104614,
            -0.0013419700553640723,
            0.016743900254368782,
            -0.013406899757683277,
            0.09249299764633179,
            0.14383099973201752,
            0.0
        ],
        [
            0.0,
            0.9999510049819946,
            -0.00878037977963686,
            0.00446322001516819,
            -0.0035667000338435173,
            -0.4833880066871643,
            0.3958440124988556,
            0.0
        ]
    ],
    "labels:": [
        [
            1,
            3,
            2,
            2,
            0
        ]
    ],
    "obj": 35514,
    "mat_index": 1023,
    "obbs": "N 8\n-0.00582946 0.211927 -0.23702 0.998388 0.0562454 -0.0075854 -0.0052558 0.224705 0.974413 0.0565107 -0.972802 0.224639 1.06307 0.244412 0.67813\n-0.440096 0.0930656 0.136685 0.0339211 -0.0244679 -0.999125 0.960679 0.276457 0.0258455 0.275583 -0.960715 0.0328835 0.662954 0.121318 0.408897\n0.413282 0.0919203 0.150976 -0.00679736 -0.00494408 -0.999965 0.951367 -0.30802 -0.00494408 -0.307985 -0.951367 0.00679736 0.663311 0.11695 0.407682\n-0.0065175 0.048379 0.141593 1 0 0 0 1 0 0 0 1 1.05884 0.465562 0.77227\n0.303982 -0.486089 0.397216 0.226647 -0.963089 0.145227 0.841253 0.118429 -0.527511 0.490841 0.241732 0.837043 0.670505 0.0686959 0.0937243\n0.270809 -0.491609 -0.182851 0.96494 0.193393 0.177456 -0.0971382 -0.364964 0.92594 0.243836 -0.910714 -0.333382 0.0796083 0.0635431 0.689448\n-0.278316 -0.501178 -0.184462 -0.976334 0.216155 -0.00692597 -0.078833 -0.325888 0.942116 0.201386 0.920366 0.335216 0.069651 0.0693271 0.672695\n-0.311115 -0.480687 0.394471 0.442797 -0.186494 -0.877012 0.874619 -0.12552 0.46828 -0.197414 -0.974405 0.107531 0.0962153 0.0914155 0.685567\nC 15\n0 1\n0 6\n0 5\n0 3\n0 2\n1 3\n1 6\n1 7\n2 4\n2 3\n2 5\n3 7\n3 6\n3 4\n3 5\nS 3\n2\n1 -0.440096 0.0930656 0.136685\n2 0.413282 0.0919203 0.150976\n2\n-0.0134069 0.092493 0.143831\n0.999859 -0.00134197 0.0167439\n2\n4 0.303982 -0.486089 0.397216\n7 -0.311115 -0.480687 0.394471\n2\n-0.0035667 -0.483388 0.395844\n-0.999951 0.00878038 -0.00446322\n2\n5 0.270809 -0.491609 -0.182851\n6 -0.278316 -0.501178 -0.184462\n2\n-0.00375347 -0.496393 -0.183656\n-0.999844 -0.0174227 -0.0029329\nL 8\n0\n3\n3\n1\n2\n2\n2\n2"
}