{
    "boxes": [
        [
            -0.014177899807691574,
            -0.10140600055456161,
            0.14826899766921997,
            0.19916099309921265,
            0.7578870058059692,
            0.8518990278244019,
            -0.002623660024255514,
            0.999629020690918,
            -0.027121299877762794,
            -3.55851007043384e-05,
            0.027121299877762794,
            0.9996320009231567
        ],
        [
            -0.45249199867248535,
            0.10175000131130219,
            0.13627000153064728,
            0.3845590054988861,
            0.6262210011482239,
            0.1024399995803833,
            -0.2511790096759796,
            0.966966986656189,
            -0.043404098600149155,
            -0.022114599123597145,
            0.039096999913454056,
            0.9989910125732422
        ],
        [
            -0.32245200872421265,
            -0.4725770056247711,
            0.39435699582099915,
            0.6963589787483215,
            0.11482000350952148,
            0.10149899870157242,
            0.25336599349975586,
            0.960686981678009,
            -0.11351899802684784,
            0.6605039834976196,
            -0.08606179803609848,
            0.7458739876747131
        ],
        [
            0.2638559937477112,
            -0.49930399656295776,
            -0.18421399593353271,
            0.677977979183197,
            0.06357800215482712,
            0.059086401015520096,
            -0.2160779982805252,
            0.9183120131492615,
            0.3316830098628998,
            -0.11392100155353546,
            -0.3610999882221222,
            0.9255419969558716
        ],
        [
            -0.2811740040779114,
            -0.4891799986362457,
            -0.18229499459266663,
            0.6946669816970825,
            0.07233289629220963,
            0.09204769879579544,
            0.24916300177574158,
            0.9077379703521729,
            0.33753401041030884,
            -0.27283498644828796,
            -0.26861700415611267,
            0.923799991607666
        ],
        [
            -0.010615499690175056,
            0.2110610008239746,
            -0.23909400403499603,
            0.6780340075492859,
            0.24216200411319733,
            1.0631799697875977,
            0.05469129979610443,
            0.9736829996109009,
            -0.22124700248241425,
            0.002954570110887289,
            0.22142000496387482,
            0.9751740097999573
        ]
    ],
    "ops": [
        [
            0,
            0,
            2,
            1,
            0,
            2,
            0,
            0,
            1,
            1,
            1,
            0,
            1
        ]
    ],
    "syms": [
        [
            0.0,
            0.9998720288276672,
            0.012010900303721428,
            0.010596100240945816,
            -0.0091713797301054,
            0.10707499831914902,
            0.14096799492835999,
            0.0
        ],
        [
            0.0,
            0.9998940229415894,
            0.0004137769865337759,
            0.014565899968147278,
            -0.008493419736623764,
            -0.472447007894516,
            0.39893099665641785,
            0.0
        ]
    ],
    "labels:": [
        [
            1,
            3,
            2,
            2,
            2,
            0
        ]
    ],
    "obj": 35524,
    "mat_index": 1028,
    "obbs": "N 8\n-0.0106155 0.211061 -0.239094 0.0546913 0.973683 -0.221247 0.00295457 0.22142 0.975174 0.998499 -0.0539872 0.00923294 0.678034 0.242162 1.06318\n0.434149 0.1124 0.145666 -0.264731 -0.96412 0.0197495 0.96412 -0.26504 -0.0150552 0.0197495 0.0150552 0.999692 0.370357 0.108343 0.631388\n-0.452492 0.10175 0.13627 0.0221146 -0.039097 -0.998991 0.967688 0.251886 0.0115637 0.251179 -0.966967 0.0434041 0.626221 0.10244 0.384559\n-0.0141779 -0.101406 0.148269 3.55851e-05 -0.0271213 -0.999632 -0.00262366 0.999629 -0.0271213 0.999997 0.00262366 -3.55851e-05 0.757887 0.199161 0.851899\n0.305465 -0.472318 0.403505 -0.184866 0.976585 -0.110026 -0.670743 -0.0435528 0.74041 0.718282 0.210675 0.663089 0.693286 0.0686403 0.101516\n0.263856 -0.499304 -0.184214 0.969707 0.162204 0.18264 -0.113921 -0.3611 0.925542 0.216078 -0.918312 -0.331683 0.0590864 0.063578 0.677978\n-0.281174 -0.48918 -0.182295 0.249163 0.907738 0.337534 -0.272835 -0.268617 0.9238 0.929236 -0.322268 0.180734 0.694667 0.0723329 0.0920477\n-0.322452 -0.472577 0.394357 -0.660504 0.0860618 -0.745874 0.706781 -0.263959 -0.656343 -0.253366 -0.960687 0.113519 0.11482 0.101499 0.696359\nC 15\n0 1\n0 6\n0 5\n0 3\n0 2\n1 3\n1 4\n1 5\n2 7\n2 6\n2 3\n3 6\n3 7\n3 4\n3 5\nS 2\n2\n1 0.434149 0.1124 0.145666\n2 -0.452492 0.10175 0.13627\n2\n-0.00917138 0.107075 0.140968\n-0.999872 -0.0120109 -0.0105961\n2\n4 0.305465 -0.472318 0.403505\n7 -0.322452 -0.472577 0.394357\n2\n-0.00849342 -0.472447 0.398931\n-0.999894 -0.000413777 -0.0145659\nL 8\n0\n3\n3\n1\n2\n2\n2\n2"
}