{
    "boxes": [
        [
            -0.010311000049114227,
            -0.027137000113725662,
            0.1335570067167282,
            0.045354001224040985,
            0.6698229908943176,
            0.8589640259742737,
            0.0,
            1.0,
            0.0,
            0.0,
            0.0,
            1.0
        ],
        [
            -0.0051819998770952225,
            -0.760657012462616,
            -0.23881199955940247,
            0.025803999975323677,
            0.17191599309444427,
            0.8343960046768188,
            0.0,
            1.0,
            0.0,
            0.0,
            0.0,
            1.0
        ],
        [
            -0.4174039959907532,
            -0.3926990032196045,
            0.5212579965591431,
            0.7535669803619385,
            0.14958199858665466,
            0.026280000805854797,
            0.0,
            1.0,
            0.0,
            0.0,
            0.0,
            1.0
        ],
        [
            -0.4133650064468384,
            -0.7587779760360718,
            0.14051200449466705,
            0.028548000380396843,
            0.6718569993972778,
            0.03347200155258179,
            0.0,
            1.0,
            0.0,
            0.0,
            0.0,
            1.0
        ],
        [
            -0.008825499564409256,
            0.35182899236679077,
            -0.3121730089187622,
            0.32058000564575195,
            0.045888498425483704,
            0.8562800288200378,
            -0.002748349914327264,
            0.9999960064888,
            -7.553489922429435e-06,
            -0.002748359926044941,
            3.3306698679688577e-16,
            0.9999960064888
        ],
        [
            -0.41502198576927185,
            0.24206900596618652,
            -0.2982169985771179,
            0.5980439782142639,
            0.12321499735116959,
            0.025472700595855713,
            0.001774110016413033,
            0.9788910150527954,
            -0.20437400043010712,
            -0.0033174599520862103,
            0.20437900722026825,
            0.9788860082626343
        ]
    ],
    "ops": [
        [
            0,
            0,
            0,
            0,
            1,
            2,
            1,
            1,
            0,
            0,
            2,
            1,
            1
        ]
    ],
    "syms": [
        [
            0.0,
            0.9999780058860779,
            -0.002229660050943494,
            0.006317679770290852,
            -0.010064500384032726,
            -0.3936069905757904,
            0.5238320231437683,
            0.0
        ],
        [
            0.0,
            0.9999560117721558,
            0.006432219874113798,
            0.006849110126495361,
            -0.007642049808055162,
            0.24469000101089478,
            -0.29542601108551025,
            0.0
        ]
    ],
    "labels:": [
        [
            1,
            2,
            2,
            2,
            0,
            0
        ]
    ],
    "obj": 35573,
    "mat_index": 1061,
    "obbs": "N 9\n-0.0088255 0.351829 -0.312173 -0.00274835 0.999996 -7.55349e-06 -0.00274836 3.33067e-16 0.999996 0.999992 0.00274836 0.00274835 0.32058 0.0458885 0.85628\n-0.010311 -0.027137 0.133557 1 0 0 0 1 0 0 0 1 0.858964 0.045354 0.669823\n0.399738 0.24731 -0.292636 0.00624279 -0.149965 -0.988672 0.999977 -0.00153301 0.00654671 -0.00249742 -0.98869 0.149952 0.11311 0.0265873 0.591107\n-0.415022 0.242069 -0.298217 0.00331746 -0.204379 -0.978886 0.999993 -0.00105865 0.00361003 -0.00177411 -0.978891 0.204374 0.123215 0.0254727 0.598044\n0.397275 -0.394515 0.526405 1 0 0 0 1 0 0 0 1 0.025776 0.756508 0.1436\n-0.417404 -0.392699 0.521258 1 0 0 0 1 0 0 0 1 0.02628 0.753567 0.149582\n0.398388 -0.76034 0.16182 1 0 0 0 1 0 0 0 1 0.027256 0.025446 0.659724\n-0.005182 -0.760657 -0.238812 1 0 0 0 1 0 0 0 1 0.834396 0.025804 0.171916\n-0.413365 -0.758778 0.140512 1 0 0 0 1 0 0 0 1 0.033472 0.028548 0.671857\nC 11\n0 1\n0 3\n0 2\n1 2\n1 3\n1 4\n1 5\n4 6\n5 8\n6 7\n7 8\nS 3\n2\n2 0.399738 0.24731 -0.292636\n3 -0.415022 0.242069 -0.298217\n2\n-0.00764205 0.24469 -0.295426\n-0.999956 -0.00643222 -0.00684911\n2\n4 0.397275 -0.394515 0.526405\n5 -0.417404 -0.392699 0.521258\n2\n-0.0100645 -0.393607 0.523832\n-0.999978 0.00222966 -0.00631768\n2\n6 0.398388 -0.76034 0.16182\n8 -0.413365 -0.758778 0.140512\n2\n-0.0074885 -0.759559 0.151166\n-0.999654 0.00192356 -0.0262397\nL 9\n0\n1\n0\n0\n2\n2\n2\n2\n2"
}