{
    "boxes": [
        [
            -0.002512000035494566,
            -0.10251899808645248,
            0.09824199974536896,
            0.20891599357128143,
            0.7914440035820007,
            0.8888980150222778,
            0.0,
            1.0,
            0.0,
            0.0,
            0.0,
            1.0
        ],
        [
            -0.43256500363349915,
            0.20175300538539886,
            0.16006499528884888,
            0.10066299885511398,
            0.7894179821014404,
            0.08756709843873978,
            0.19228099286556244,
            0.9694820046424866,
            -0.1520950049161911,
            0.014848999679088593,
            0.1520950049161911,
            0.9882540106773376
        ],
        [
            0.41561299562454224,
            0.20131300389766693,
            0.16021700203418732,
            0.10847300291061401,
            0.7900140285491943,
            0.09797859936952591,
            0.3104510009288788,
            0.9380810260772705,
            -0.1537020057439804,
            0.024620700627565384,
            0.1537020057439804,
            0.9878100156784058
        ],
        [
            -0.42628899216651917,
            0.05817800015211105,
            0.462007999420166,
            0.3046700060367584,
            0.08667200058698654,
            0.06410499662160873,
            0.0,
            1.0,
            0.0,
            0.0,
            0.0,
            1.0
        ],
        [
            -0.42628899216651917,
            -0.4264020025730133,
            0.4682289958000183,
            0.7071139812469482,
            0.07423000037670135,
            0.06410499662160873,
            0.0,
            1.0,
            0.0,
            0.0,
            0.0,
            1.0
        ],
        [
            -0.42628899216651917,
            -0.2776170074939728,
            0.0972990021109581,
            0.05167999863624573,
            0.6862180233001709,
            0.04134399816393852,
            0.0,
            1.0,
            0.0,
            0.0,
            0.0,
            1.0
        ],
        [
            -0.42628899216651917,
            -0.37015900015830994,
            -0.29343199729919434,
            0.8194440007209778,
            0.14973199367523193,
            0.06455300003290176,
            0.0,
            1.0,
            0.0,
            0.0,
            0.0,
            1.0
        ],
        [
            -0.002512000035494566,
            0.38653698563575745,
            -0.3151110112667084,
            0.07975679636001587,
            0.0935932993888855,
            0.7855380177497864,
            -1.1645200037573621e-17,
            0.9982320070266724,
            -0.05944019928574562,
            -1.2359200008452855e-17,
            0.05944019928574562,
            0.9982320070266724
        ],
        [
            -0.002512000035494566,
            0.29473501443862915,
            -0.29099801182746887,
            0.06627430021762848,
            0.08421660214662552,
            0.7855380177497864,
            -0.0,
            0.9850040078163147,
            -0.17253300547599792,
            0.0,
            0.17253300547599792,
            0.9850040078163147
        ],
        [
            -0.42008501291275024,
            0.3163209855556488,
            -0.3065659999847412,
            0.6150919795036316,
            0.11301399767398834,
            0.07502909749746323,
            0.02793619967997074,
            0.9843329787254333,
            -0.17409099638462067,
            0.1243169978260994,
            0.16938599944114685,
            0.9776780009269714
        ],
        [
            -0.002512000035494566,
            0.20135800540447235,
            -0.2739720046520233,
            0.07346799969673157,
            0.08939199894666672,
            0.7855380177497864,
            0.0,
            1.0,
            0.0,
            0.0,
            0.0,
            1.0
        ],
        [
            -0.002512000035494566,
            0.5227940082550049,
            -0.36726999282836914,
            0.16537800431251526,
            0.08073420077562332,
            0.7855380177497864,
            -0.0,
            0.9159899950027466,
            -0.4012010097503662,
            0.0,
            0.4012010097503662,
            0.9159899950027466
        ]
    ],
    "ops": [
        [
            0,
            0,
            0,
            0,
            2,
            1,
            1,
            1,
            0,
            0,
            0,
            1,
            1,
            2,
            1,
            0,
            0,
            1,
            2,
            0,
            2,
            0,
            0,
            1,
            1,
            1,
            1
        ]
    ],
    "syms": [
        [
            0.0,
            0.9997720122337341,
            -0.021351300179958344,
            -0.0,
            -0.0025122500956058502,
            0.04912770166993141,
            0.462007999420166,
            0.0
        ],
        [
            0.0,
            0.9997550249099731,
            -0.02214360050857067,
            0.0007036169990897179,
            -0.0025122500956058502,
            -0.43578800559043884,
            0.4685269892215729,
            0.0
        ],
        [
            0.0,
            -2.2866700794604717e-18,
            0.9894570112228394,
            -0.1448259949684143,
            -0.002512000035494566,
            0.19888100028038025,
            -0.28764399886131287,
            0.0
        ],
        [
            0.0,
            0.9996809959411621,
            -0.02484319917857647,
            0.004577329847961664,
            -0.0026911599561572075,
            0.3059479892253876,
            -0.304654985666275,
            0.0
        ]
    ],
    "labels:": [
        [
            1,
            3,
            3,
            3,
            2,
            2,
            2,
            0,
            0,
            0,
            0,
            0
        ]
    ],
    "obj": 35603,
    "mat_index": 1075,
    "obbs": "N 19\n-0.002512 -0.102519 0.098242 1 0 0 0 1 0 0 0 1 0.888898 0.208916 0.791444\n0.414702 0.295575 -0.302744 -0.0259603 0.98369 -0.17799 0.965946 0.0705358 0.248942 0.257437 -0.165466 -0.952023 0.657848 0.0873962 0.116016\n-0.420085 0.316321 -0.306566 -0.124317 -0.169386 -0.977678 0.991849 -0.0489551 -0.117637 -0.0279362 -0.984333 0.174091 0.113014 0.0750291 0.615092\n-0.002512 0.011224 -0.260177 1 0 0 0 1 0 0 0 1 0.785538 0.06268 0.081512\n-0.002512 0.106876 -0.264182 1 0 0 -0 0.0758333 0.997121 0 -0.997121 0.0758333 0.785538 0.0810064 0.0620166\n-0.002512 0.201358 -0.273972 1 0 0 0 1 0 0 0 1 0.785538 0.073468 0.089392\n-0.002512 0.294735 -0.290998 1 0 0 0 0.172533 0.985004 0 -0.985004 0.172533 0.785538 0.0842166 0.0662743\n-0.002512 0.386537 -0.315111 1 1.23592e-17 1.16452e-17 -1.23592e-17 0.0594402 0.998232 1.16452e-17 -0.998232 0.0594402 0.785538 0.0935933 0.0797568\n-0.002512 0.522794 -0.36727 1 0 0 0 0.401201 0.91599 0 -0.91599 0.401201 0.785538 0.0807342 0.165378\n0.421265 0.0400775 0.462008 1 0 0 0 1 0 0 0 1 0.064104 0.340871 0.086672\n-0.426289 0.058178 0.462008 1 0 0 0 1 0 0 0 1 0.064105 0.30467 0.086672\n0.415613 0.201313 0.160217 -0.0246207 -0.153702 -0.98781 0.310451 0.938081 -0.153702 0.950271 -0.310451 0.0246207 0.790014 0.108473 0.0979786\n-0.432565 0.201753 0.160065 0.981228 -0.192281 0.014849 0.192281 0.969482 -0.152095 0.014849 0.152095 0.988254 0.0875671 0.100663 0.789418\n0.421265 -0.277617 0.097299 1 0 0 0 1 0 0 0 1 0.041344 0.05168 0.686218\n-0.426289 -0.277617 0.097299 1 0 0 0 1 0 0 0 1 0.041344 0.05168 0.686218\n-0.426289 -0.370159 -0.293432 1 0 0 0 1 0 0 0 1 0.064553 0.819444 0.149732\n0.421265 -0.391258 -0.293432 1 0 0 0 1 0 0 0 1 0.064552 0.77642 0.149733\n0.421265 -0.445174 0.468826 1 0 0 0 1 0 0 0 1 0.064104 0.669569 0.073037\n-0.426289 -0.426402 0.468229 1 0 0 0 1 0 0 0 1 0.064105 0.707114 0.07423\nC 75\n0 14\n0 16\n0 10\n0 3\n0 15\n0 17\n0 11\n0 4\n0 18\n0 12\n0 5\n0 1\n0 13\n0 9\n0 2\n1 3\n1 6\n1 11\n1 16\n1 5\n1 13\n1 4\n1 8\n1 7\n2 8\n2 12\n2 5\n2 4\n2 15\n2 6\n2 3\n2 7\n3 15\n3 11\n3 14\n3 6\n3 16\n3 13\n3 5\n3 12\n3 4\n4 7\n4 12\n4 5\n4 16\n4 11\n4 6\n4 15\n5 6\n5 8\n5 12\n5 11\n5 15\n5 16\n5 7\n6 7\n6 15\n6 11\n6 12\n6 8\n7 12\n7 11\n7 8\n9 11\n9 17\n9 13\n10 12\n10 18\n10 14\n11 16\n12 15\n13 17\n13 16\n14 18\n14 15\nS 7\n2\n1 0.414702 0.295575 -0.302744\n2 -0.420085 0.316321 -0.306566\n2\n-0.00269116 0.305948 -0.304655\n-0.999681 0.0248432 -0.00457733\n2\n3 -0.002512 0.011224 -0.260177\n7 -0.002512 0.386537 -0.315111\n2\n-0.002512 0.198881 -0.287644\n-2.28667e-18 0.989457 -0.144826\n2\n4 -0.002512 0.106876 -0.264182\n6 -0.002512 0.294735 -0.290998\n2\n-0.002512 0.200805 -0.27759\n0 0.989965 -0.141313\n2\n9 0.421265 0.0400775 0.462008\n10 -0.426289 0.058178 0.462008\n2\n-0.00251225 0.0491277 0.462008\n-0.999772 0.0213513 0\n2\n13 0.421265 -0.277617 0.097299\n14 -0.426289 -0.277617 0.097299\n2\n-0.002512 -0.277617 0.097299\n-1 0 0\n2\n15 -0.426289 -0.370159 -0.293432\n16 0.421265 -0.391258 -0.293432\n2\n-0.00251225 -0.380709 -0.293432\n0.99969 -0.0248863 5.8975e-07\n2\n17 0.421265 -0.445174 0.468826\n18 -0.426289 -0.426402 0.468229\n2\n-0.00251225 -0.435788 0.468527\n-0.999755 0.0221436 -0.000703617\nL 19\n1\n0\n0\n0\n0\n0\n0\n0\n0\n3\n3\n3\n3\n2\n2\n2\n2\n2\n2"
}