{
    "boxes": [
        [
            0.01731250062584877,
            -0.13589000701904297,
            0.14180700480937958,
            0.17214399576187134,
            0.6684550046920776,
            1.4577100276947021,
            0.0,
            1.0,
            0.0,
            0.0,
            0.0,
            1.0
        ],
        [
            -0.6927760243415833,
            -0.039434000849723816,
            0.4249509871006012,
            0.37220498919487,
            0.09848339855670929,
            0.048892199993133545,
            4.39885980085819e-06,
            0.9947689771652222,
            0.10215400159358978,
            -0.05008599907159805,
            -0.10202600061893463,
            0.9935200214385986
        ],
        [
            -0.6911519765853882,
            0.13753700256347656,
            0.11890900135040283,
            0.07931250333786011,
            0.7907450199127197,
            0.07668749988079071,
            0.024338100105524063,
            0.998652994632721,
            -0.04582050070166588,
            0.0005579660064540803,
            0.04582050070166588,
            0.9989500045776367
        ],
        [
            -0.6933010220527649,
            -0.05090149864554405,
            -0.19846299290657043,
            0.3186489939689636,
            0.11371699720621109,
            0.05000400170683861,
            0.0,
            1.0,
            0.0,
            0.0,
            0.0,
            1.0
        ],
        [
            -0.6927509903907776,
            -0.39185699820518494,
            -0.20086100697517395,
            0.3816080093383789,
            0.11686000227928162,
            0.04523000121116638,
            0.0,
            1.0,
            0.0,
            0.0,
            0.0,
            1.0
        ],
        [
            -0.6927549839019775,
            -0.39749500155448914,
            0.4336009919643402,
            0.37026000022888184,
            0.11635100096464157,
            0.04515000060200691,
            0.0,
            1.0,
            0.0,
            0.0,
            0.0,
            1.0
        ],
        [
            -0.33604198694229126,
            0.14597100019454956,
            -0.23298700153827667,
            0.7524870038032532,
            0.2201859951019287,
            0.6737030148506165,
            0.00037761201383545995,
            0.9317389726638794,
            -0.36313000321388245,
            0.000552445009816438,
            0.36312898993492126,
            0.9317389726638794
        ]
    ],
    "ops": [
        [
            0,
            0,
            0,
            0,
            1,
            1,
            2,
            1,
            0,
            0,
            1,
            2,
            1,
            0,
            2,
            1
        ]
    ],
    "syms": [
        [
            0.0,
            0.9999960064888,
            -0.0021089098881930113,
            -0.0016604199772700667,
            0.014461499638855457,
            -0.04092549905180931,
            0.4237770140171051,
            0.0
        ],
        [
            0.0,
            0.9999979734420776,
            0.0019015700090676546,
            0.00010782299796119332,
            0.014426499605178833,
            -0.39051198959350586,
            -0.20078499615192413,
            0.0
        ],
        [
            0.0,
            1.0,
            -2.064629916276317e-05,
            -6.191669672261924e-05,
            0.018901800736784935,
            0.14596399664878845,
            -0.2330089956521988,
            0.0
        ]
    ],
    "labels:": [
        [
            1,
            3,
            3,
            3,
            2,
            2,
            0
        ]
    ],
    "obj": 35618,
    "mat_index": 1083,
    "obbs": "N 13\n0.373845 0.145957 -0.233031 1 -0.000553648 -0.000378331 0.000553648 0.363368 0.931646 -0.000378331 -0.931646 0.363368 0.673703 0.220259 0.752492\n-0.336042 0.145971 -0.232987 1 -0.000552445 -0.000377612 0.000552445 0.363129 0.931739 -0.000377612 -0.931739 0.36313 0.673703 0.220186 0.752487\n0.723217 0.137611 0.118908 -0.000414679 -0.045496 -0.998964 0.0182183 0.998798 -0.045496 0.999834 -0.0182183 0.000414679 0.790737 0.0789181 0.0764108\n-0.691152 0.137537 0.118909 0.999704 -0.0243381 0.000557966 0.0243381 0.998653 -0.0458205 0.000557966 0.0458205 0.99895 0.0766875 0.0793125 0.790745\n0.0173125 -0.13589 0.141807 1 0 0 0 1 0 0 0 1 1.45771 0.172144 0.668455\n0.721604 -0.389167 -0.200709 1 0 0 0 1 0 0 0 1 0.04523 0.386987 0.117165\n0.7216 -0.397531 0.433914 1 0 0 0 1 0 0 0 1 0.04515 0.370187 0.115727\n-0.692755 -0.397495 0.433601 1 0 0 0 1 0 0 0 1 0.04515 0.37026 0.116351\n-0.692751 -0.391857 -0.200861 1 0 0 0 1 0 0 0 1 0.04523 0.381608 0.11686\n0.721331 -0.049554 -0.198463 1 0 0 0 1 0 0 0 1 0.048746 0.315954 0.113717\n0.721699 -0.042417 0.422603 0.00538727 -0.99291 -0.118744 0.99989 0.00370654 0.0143705 -0.0138284 -0.118809 0.992821 0.380122 0.0475791 0.0957404\n-0.692776 -0.039434 0.424951 -4.39886e-06 -0.994769 -0.102154 0.998745 -0.00512085 0.0498235 -0.050086 -0.102026 0.99352 0.372205 0.0488922 0.0984834\n-0.693301 -0.0509015 -0.198463 1 0 0 0 1 0 0 0 1 0.050004 0.318649 0.113717\nC 27\n0 2\n0 4\n0 5\n0 1\n0 9\n1 3\n1 4\n1 12\n1 8\n2 9\n2 10\n2 4\n3 11\n3 12\n3 4\n4 7\n4 8\n4 12\n4 9\n4 10\n4 5\n4 11\n4 6\n5 9\n6 10\n7 11\n8 12\nS 6\n2\n0 0.373845 0.145957 -0.233031\n1 -0.336042 0.145971 -0.232987\n2\n0.0189018 0.145964 -0.233009\n-1 2.06463e-05 6.19167e-05\n2\n2 0.723217 0.137611 0.118908\n3 -0.691152 0.137537 0.118909\n2\n0.0160327 0.137574 0.118908\n-1 -5.1715e-05 5.6591e-07\n2\n5 0.721604 -0.389167 -0.200709\n8 -0.692751 -0.391857 -0.200861\n2\n0.0144265 -0.390512 -0.200785\n-0.999998 -0.00190157 -0.000107823\n2\n6 0.7216 -0.397531 0.433914\n7 -0.692755 -0.397495 0.433601\n2\n0.0144225 -0.397513 0.433758\n-1 2.58068e-05 -0.000220595\n2\n9 0.721331 -0.049554 -0.198463\n12 -0.693301 -0.0509015 -0.198463\n2\n0.014015 -0.0502277 -0.198463\n-1 -0.000952544 0\n2\n10 0.721699 -0.042417 0.422603\n11 -0.692776 -0.039434 0.424951\n2\n0.0144615 -0.0409255 0.423777\n-0.999996 0.00210891 0.00166042\nL 13\n0\n0\n3\n3\n1\n2\n2\n2\n2\n3\n3\n3\n3"
}