{
    "boxes": [
        [
            0.0021486899349838495,
            -0.07261510193347931,
            0.12472199648618698,
            0.057080499827861786,
            0.7697870135307312,
            0.6860920190811157,
            -0.0015520600136369467,
            0.9991869926452637,
            -0.04028020054101944,
            -3.127140007563867e-05,
            0.04028020054101944,
            0.9991880059242249
        ],
        [
            -0.39389699697494507,
            0.26221099495887756,
            0.1671929955482483,
            0.0918160006403923,
            0.729610025882721,
            0.1239359974861145,
            0.0,
            1.0,
            0.0,
            0.0,
            0.0,
            1.0
        ],
        [
            -0.33821800351142883,
            0.0809905007481575,
            0.4699470102787018,
            0.3229910135269165,
            0.09380099922418594,
            0.13035400211811066,
            0.0,
            1.0,
            0.0,
            0.0,
            0.0,
            1.0
        ],
        [
            0.3486810028553009,
            -0.32982099056243896,
            -0.24594299495220184,
            0.4854840040206909,
            0.13696999847888947,
            0.08723799884319305,
            0.0,
            1.0,
            0.0,
            0.0,
            0.0,
            1.0
        ],
        [
            -0.35997799038887024,
            -0.5790929794311523,
            0.009418499656021595,
            0.13554100692272186,
            1.3806899785995483,
            0.056099001318216324,
            0.0,
            1.0,
            0.0,
            0.0,
            0.0,
            1.0
        ],
        [
            0.35662299394607544,
            -0.33193498849868774,
            0.11541900038719177,
            0.10287299752235413,
            0.6273850202560425,
            0.07133100181818008,
            0.0,
            1.0,
            0.0,
            0.0,
            0.0,
            1.0
        ],
        [
            0.0023105000145733356,
            -0.33164799213409424,
            -0.2401210069656372,
            0.09864799678325653,
            0.09406699985265732,
            0.6475229859352112,
            0.0,
            1.0,
            0.0,
            0.0,
            0.0,
            1.0
        ],
        [
            0.3404349982738495,
            -0.3146679997444153,
            0.46455299854278564,
            0.47684600949287415,
            0.10498800128698349,
            0.10373000055551529,
            0.0,
            1.0,
            0.0,
            0.0,
            0.0,
            1.0
        ],
        [
            -0.3416939973831177,
            0.39273399114608765,
            -0.24490299820899963,
            0.9956510066986084,
            0.14419400691986084,
            0.09266799688339233,
            0.0,
            1.0,
            0.0,
            0.0,
            0.0,
            1.0
        ],
        [
            0.0024355000350624323,
            0.1217230036854744,
            -0.23171700537204742,
            0.10184700042009354,
            0.0845400020480156,
            0.6480270028114319,
            0.0,
            1.0,
            0.0,
            0.0,
            0.0,
            1.0
        ],
        [
            -0.24845899641513824,
            0.4618130028247833,
            -0.2522670030593872,
            0.6168040037155151,
            0.09911130368709564,
            0.08360269665718079,
            -0.008860809728503227,
            0.9964240193367004,
            -0.08402550220489502,
            0.13621999323368073,
            0.0844482034444809,
            0.9870730042457581
        ]
    ],
    "ops": [
        [
            0,
            0,
            0,
            1,
            2,
            1,
            0,
            0,
            0,
            1,
            1,
            2,
            0,
            2,
            0,
            2,
            1,
            1,
            1,
            0,
            2,
            0,
            2,
            0,
            2,
            1,
            1,
            1
        ]
    ],
    "syms": [
        [
            0.0,
            0.9999200105667114,
            -0.012636800296604633,
            0.0009998310124501586,
            0.0021379999816417694,
            0.257205992937088,
            0.1675889939069748,
            0.0
        ],
        [
            0.0,
            0.9999079704284668,
            0.0059071797877550125,
            -0.012234199792146683,
            0.0021432500798255205,
            -0.3318679928779602,
            -0.24170300364494324,
            0.0
        ],
        [
            0.0,
            0.008989100344479084,
            0.0006152000278234482,
            0.9999589920043945,
            0.005499499849975109,
            -0.33142998814582825,
            0.11462800204753876,
            0.0
        ],
        [
            0.0,
            0.999908983707428,
            -0.009991570375859737,
            -0.009095240384340286,
            -0.0006462499732151628,
            -0.31126001477241516,
            0.4676559865474701,
            0.0
        ],
        [
            0.0,
            0.9994289875030518,
            -0.006231199949979782,
            0.0332087017595768,
            0.0035077501088380814,
            0.39058101177215576,
            -0.23343299329280853,
            0.0
        ],
        [
            0.0,
            -0.00042394601041451097,
            0.9982370138168335,
            -0.05935019999742508,
            0.002294250065460801,
            0.4543150067329407,
            -0.2514910101890564,
            0.0
        ],
        [
            1.0,
            -0.31172674894332886,
            0.3490394949913025,
            -0.1895194947719574,
            -0.24845899641513824,
            0.4618130028247833,
            -0.2522670030593872,
            0.20000000298023224
        ]
    ],
    "labels:": [
        [
            1,
            3,
            3,
            2,
            2,
            2,
            2,
            2,
            0,
            0,
            0
        ]
    ],
    "obj": 35627,
    "mat_index": 1091,
    "obbs": "N 24\n0.0024355 0.121723 -0.231717 1 0 0 0 1 0 0 0 1 0.648027 0.101847 0.08454\n0.002153 0.786907 -0.271265 1 0 0 0 1 0 0 0 1 0.647244 0.116964 0.085773\n0.00214869 -0.0726151 0.124722 0.999999 0.00155206 -3.12714e-05 -0.00155206 0.999187 -0.0402802 -3.12714e-05 0.0402802 0.999188 0.686092 0.0570805 0.769787\n0.253071 0.451094 -0.25099 -0.106726 -0.0543869 -0.9928 0.994288 -0.0057657 -0.10657 7.18286e-05 -0.998503 0.0546916 0.0858734 0.0798814 0.616853\n0.129591 0.458135 -0.251565 -0.000365102 0.998745 -0.0500926 0.994233 0.00573442 0.107086 0.107239 -0.0497646 -0.992987 0.612113 0.089671 0.0896845\n0.00195438 0.451694 -0.251417 0.0013884 -0.997844 0.0656213 0.993057 -0.00634295 -0.117462 0.117625 0.0653288 0.990907 0.621601 0.0793335 0.0875086\n-0.121126 0.453167 -0.251394 -0.0250083 0.996862 -0.0751068 0.999455 0.0233122 -0.023375 -0.0215507 -0.0756504 -0.996901 0.611554 0.0868046 0.0907047\n-0.248459 0.461813 -0.252267 0.00886081 -0.996424 0.0840255 0.990639 -0.0026997 -0.136481 0.13622 0.0844482 0.987073 0.616804 0.0836027 0.0991113\n0.398173 0.252201 0.167985 1 0 0 0 1 0 0 0 1 0.123944 0.092366 0.728042\n-0.393897 0.262211 0.167193 1 0 0 0 1 0 0 0 1 0.123936 0.091816 0.72961\n0.364251 -0.579093 0.0093725 1 0 0 0 1 0 0 0 1 0.056099 0.135541 1.38078\n-0.359978 -0.579093 0.0094185 1 0 0 0 1 0 0 0 1 0.056099 0.135541 1.38069\n0.363924 0.0728093 0.472987 0.2067 -0.00114755 -0.978404 0.975576 -0.0757449 0.206192 -0.0743457 -0.997127 -0.014537 0.0954506 0.0904642 0.343771\n-0.338218 0.0809905 0.469947 1 0 0 0 1 0 0 0 1 0.130354 0.322991 0.093801\n0.0086885 -0.331211 0.469377 1 0 0 0 1 0 0 0 1 0.630383 0.088439 0.081319\n-0.35573 -0.329516 0.123825 1 0 0 0 1 0 0 0 1 0.064597 0.098034 0.610622\n0.0023105 -0.331648 -0.240121 1 0 0 0 1 0 0 0 1 0.647523 0.098648 0.094067\n0.356623 -0.331935 0.115419 1 0 0 0 1 0 0 0 1 0.071331 0.102873 0.627385\n-0.344394 -0.333916 -0.237463 1 0 0 0 1 0 0 0 1 0.087267 0.477287 0.153936\n0.348681 -0.329821 -0.245943 1 0 0 0 1 0 0 0 1 0.087238 0.485484 0.13697\n0.340435 -0.314668 0.464553 1 0 0 0 1 0 0 0 1 0.10373 0.476846 0.104988\n-0.341727 -0.307852 0.470758 1 0 0 0 1 0 0 0 1 0.092601 0.488585 0.117462\n0.34871 0.388429 -0.221963 1 0 0 0 1 0 0 0 1 0.087181 1.00425 0.190077\n-0.341694 0.392734 -0.244903 1 0 0 0 1 0 0 0 1 0.092668 0.995651 0.144194\nC 91\n0 7\n0 4\n0 18\n0 5\n0 8\n0 2\n0 22\n0 19\n0 6\n0 9\n0 3\n0 23\n1 6\n1 5\n1 3\n1 23\n1 4\n1 7\n1 22\n2 22\n2 5\n2 6\n2 17\n2 18\n2 12\n2 23\n2 7\n2 8\n2 19\n2 13\n2 20\n2 3\n2 14\n2 4\n2 16\n2 21\n2 15\n3 5\n3 22\n3 4\n3 19\n3 8\n4 5\n4 6\n4 8\n4 22\n5 7\n5 6\n6 9\n6 7\n6 23\n7 23\n7 9\n8 12\n8 22\n9 13\n9 23\n10 17\n10 14\n10 19\n10 20\n10 16\n11 21\n11 15\n11 16\n11 14\n11 18\n12 17\n12 20\n12 14\n13 15\n13 21\n13 14\n14 17\n14 15\n14 21\n14 20\n15 16\n15 23\n15 21\n15 18\n16 22\n16 19\n16 23\n16 17\n16 18\n17 20\n17 22\n17 19\n18 23\n19 22\nS 10\n2\n0 0.0024355 0.121723 -0.231717\n1 0.002153 0.786907 -0.271265\n2\n0.00229425 0.454315 -0.251491\n-0.000423946 0.998237 -0.0593502\n5\n3 0.253071 0.451094 -0.25099\n4 0.129591 0.458135 -0.251565\n5 0.00195438 0.451694 -0.251417\n6 -0.121126 0.453167 -0.251394\n7 -0.248459 0.461813 -0.252267\n1\n0 0 0\n0 0 0\n2\n8 0.398173 0.252201 0.167985\n9 -0.393897 0.262211 0.167193\n2\n0.002138 0.257206 0.167589\n-0.99992 0.0126368 -0.000999831\n2\n10 0.364251 -0.579093 0.0093725\n11 -0.359978 -0.579093 0.0094185\n2\n0.002136 -0.579093 0.0093955\n-1 0 6.35158e-05\n2\n12 0.363924 0.0728093 0.472987\n13 -0.338218 0.0809905 0.469947\n2\n0.0128529 0.0768999 0.471467\n-0.999923 0.0116509 -0.00432832\n2\n15 -0.35573 -0.329516 0.123825\n17 0.356623 -0.331935 0.115419\n2\n0.000447 -0.330726 0.119622\n0.999925 -0.00339623 -0.0118001\n2\n14 0.0086885 -0.331211 0.469377\n16 0.0023105 -0.331648 -0.240121\n2\n0.0054995 -0.33143 0.114628\n-0.0089891 -0.0006152 -0.999959\n2\n18 -0.344394 -0.333916 -0.237463\n19 0.348681 -0.329821 -0.245943\n2\n0.00214325 -0.331868 -0.241703\n0.999908 0.00590718 -0.0122342\n2\n20 0.340435 -0.314668 0.464553\n21 -0.341727 -0.307852 0.470758\n2\n-0.00064625 -0.31126 0.467656\n-0.999909 0.00999157 0.00909524\n2\n22 0.34871 0.388429 -0.221963\n23 -0.341694 0.392734 -0.244903\n2\n0.00350775 0.390581 -0.233433\n-0.999429 0.0062312 -0.0332087\nL 24\n0\n0\n1\n0\n0\n0\n0\n0\n3\n3\n2\n2\n3\n3\n2\n2\n2\n2\n2\n2\n2\n2\n0\n0"
}