{
    "boxes": [
        [
            -0.009130770340561867,
            -0.1043889969587326,
            0.15910300612449646,
            0.2131109982728958,
            0.7409560084342957,
            0.8161770105361938,
            0.004278699867427349,
            0.9999750256538391,
            -0.00555810984224081,
            0.05234739929437637,
            0.005326570011675358,
            0.998615026473999
        ],
        [
            -0.4336099922657013,
            0.09864749759435654,
            0.14364799857139587,
            0.41564100980758667,
            0.6776610016822815,
            0.12681099772453308,
            -0.28054600954055786,
            0.9598109722137451,
            0.007588190026581287,
            -0.007588190026581287,
            -0.01012330036610365,
            0.9999200105667114
        ],
        [
            -0.2800320088863373,
            -0.49347200989723206,
            -0.1910730004310608,
            0.6815410256385803,
            0.07821550220251083,
            0.07097660005092621,
            0.21841299533843994,
            0.911761999130249,
            0.34782901406288147,
            -0.45021599531173706,
            -0.22208699584007263,
            0.8648599982261658
        ],
        [
            0.31487399339675903,
            -0.4781930148601532,
            0.40884700417518616,
            0.6762049794197083,
            0.06946360319852829,
            0.09926799684762955,
            -0.2563070058822632,
            0.9511449933052063,
            -0.1721310019493103,
            -0.5443570017814636,
            0.005117369815707207,
            0.8388379812240601
        ],
        [
            -0.32595399022102356,
            -0.4832780063152313,
            0.39873000979423523,
            0.6741430163383484,
            0.07301919907331467,
            0.07496420294046402,
            0.2267650067806244,
            0.9626500010490417,
            -0.1479319930076599,
            -0.18068499863147736,
            0.1908320039510727,
            0.9648500084877014
        ],
        [
            -0.008578520268201828,
            0.1953289955854416,
            -0.23775799572467804,
            0.7030389904975891,
            0.236175999045372,
            1.064769983291626,
            0.0018591299885883927,
            0.9746339917182922,
            -0.223798006772995,
            0.0023344000801444054,
            0.22379299998283386,
            0.9746339917182922
        ]
    ],
    "ops": [
        [
            0,
            0,
            2,
            1,
            0,
            2,
            0,
            0,
            1,
            1,
            1,
            0,
            1
        ]
    ],
    "syms": [
        [
            0.0,
            0.9999489784240723,
            -0.0017712999833747745,
            0.009945269674062729,
            -0.006918360013514757,
            0.09789170324802399,
            0.14789199829101562,
            0.0
        ],
        [
            0.0,
            0.9996389746665955,
            0.023304499685764313,
            0.013346999883651733,
            -0.006309039890766144,
            -0.4870910048484802,
            -0.18741799890995026,
            0.0
        ]
    ],
    "labels:": [
        [
            1,
            3,
            2,
            2,
            2,
            0
        ]
    ],
    "obj": 35629,
    "mat_index": 1093,
    "obbs": "N 8\n-0.00857852 0.195329 -0.237758 0.999996 -0.0023344 -0.00185913 0.0023344 0.223793 0.974634 -0.00185913 -0.974634 0.223798 1.06477 0.236176 0.703039\n-0.43361 0.0986475 0.143648 0.280546 -0.959811 -0.00758819 0.959811 0.280466 0.0101233 -0.00758819 -0.0101233 0.99992 0.415641 0.126811 0.677661\n0.419773 0.0971358 0.152135 -0.305273 -0.952054 -0.0200299 0.952124 -0.304799 -0.0235903 0.0163541 -0.0262724 0.999521 0.399351 0.118854 0.660462\n-0.00913077 -0.104389 0.159103 0.99862 -0.00456373 -0.0523233 0.0042787 0.999975 -0.00555811 0.0523474 0.00532657 0.998615 0.816177 0.213111 0.740956\n0.314874 -0.478193 0.408847 -0.256307 0.951145 -0.172131 -0.544357 0.00511737 0.838838 0.798738 0.308701 0.516451 0.676205 0.0694636 0.099268\n0.267414 -0.48071 -0.183764 0.202264 -0.910524 -0.360604 0.763584 0.377184 -0.524092 0.613212 -0.169346 0.771552 0.710257 0.0840185 0.085892\n-0.280032 -0.493472 -0.191073 0.450216 0.222087 -0.86486 0.865795 -0.345495 0.361983 -0.218413 -0.911762 -0.347829 0.0782155 0.0709766 0.681541\n-0.325954 -0.483278 0.39873 0.226765 0.96265 -0.147932 0.957043 -0.192065 0.217211 0.180685 -0.190832 -0.96485 0.674143 0.0749642 0.0730192\nC 15\n0 1\n0 6\n0 5\n0 3\n0 2\n1 3\n1 6\n1 7\n2 4\n2 3\n2 5\n3 7\n3 6\n3 4\n3 5\nS 2\n2\n1 -0.43361 0.0986475 0.143648\n2 0.419773 0.0971358 0.152135\n2\n-0.00691836 0.0978917 0.147892\n0.999949 -0.0017713 0.00994527\n2\n5 0.267414 -0.48071 -0.183764\n6 -0.280032 -0.493472 -0.191073\n2\n-0.00630904 -0.487091 -0.187418\n-0.999639 -0.0233045 -0.013347\nL 8\n0\n3\n3\n1\n2\n2\n2\n2"
}