{
    "boxes": [
        [
            0.004724219907075167,
            -0.07647369801998138,
            0.12490499764680862,
            0.04935549944639206,
            0.7700129747390747,
            0.6810700297355652,
            -0.011956400237977505,
            0.9989929795265198,
            -0.043238598853349686,
            -0.0002586189948488027,
            0.043238598853349686,
            0.9990649819374084
        ],
        [
            -0.3937489986419678,
            0.26128700375556946,
            0.16843099892139435,
            0.07359360158443451,
            0.7271639704704285,
            0.12472700327634811,
            0.014431700110435486,
            0.9998930096626282,
            0.0024651798885315657,
            -1.7789299818105064e-05,
            -0.0024651798885315657,
            0.9999970197677612
        ],
        [
            -0.36013901233673096,
            0.0845687985420227,
            0.46297499537467957,
            0.35393399000167847,
            0.11819399893283844,
            0.10580000281333923,
            -0.1372310072183609,
            0.9890069961547852,
            0.05507339909672737,
            -0.05507339909672737,
            -0.06313160061836243,
            0.9964839816093445
        ],
        [
            0.34042900800704956,
            -0.3247919976711273,
            -0.23746399581432343,
            0.4887630045413971,
            0.1539279967546463,
            0.10374099761247635,
            0.0,
            1.0,
            0.0,
            0.0,
            0.0,
            1.0
        ],
        [
            -0.35997799038887024,
            -0.5790929794311523,
            0.009418499656021595,
            0.13554100692272186,
            1.3806899785995483,
            0.056099001318216324,
            0.0,
            1.0,
            0.0,
            0.0,
            0.0,
            1.0
        ],
        [
            -0.3575209975242615,
            -0.33484598994255066,
            0.10908500105142593,
            0.09009400010108948,
            0.6064429879188538,
            0.061014000326395035,
            0.0,
            1.0,
            0.0,
            0.0,
            0.0,
            1.0
        ],
        [
            0.001233499962836504,
            -0.33309099078178406,
            -0.23992200195789337,
            0.10153300315141678,
            0.09378200024366379,
            0.6496769785881042,
            0.0,
            1.0,
            0.0,
            0.0,
            0.0,
            1.0
        ],
        [
            -0.34172698855400085,
            -0.31603801250457764,
            0.45259198546409607,
            0.4752660095691681,
            0.11488799750804901,
            0.0926010012626648,
            0.0,
            1.0,
            0.0,
            0.0,
            0.0,
            1.0
        ],
        [
            -0.3431810140609741,
            0.38985100388526917,
            -0.23517100512981415,
            1.0067499876022339,
            0.13001300394535065,
            0.10732299834489822,
            0.007615929935127497,
            0.9987850189208984,
            -0.048681799322366714,
            0.20240899920463562,
            0.04613570123910904,
            0.9782140254974365
        ],
        [
            0.0002479999966453761,
            0.1299780011177063,
            -0.23221400380134583,
            0.11835700273513794,
            0.08553499728441238,
            0.6521400213241577,
            0.0,
            1.0,
            0.0,
            0.0,
            0.0,
            1.0
        ],
        [
            -0.11889400333166122,
            0.4582290053367615,
            -0.25245600938796997,
            0.624343991279602,
            0.08896180242300034,
            0.09747140109539032,
            -0.003422129899263382,
            0.998898983001709,
            -0.04678170010447502,
            0.04678170010447502,
            0.04689069837331772,
            0.9978039860725403
        ]
    ],
    "ops": [
        [
            0,
            0,
            0,
            1,
            2,
            1,
            0,
            0,
            0,
            1,
            1,
            2,
            0,
            2,
            0,
            2,
            1,
            1,
            1,
            0,
            2,
            0,
            2,
            0,
            2,
            1,
            1,
            1
        ]
    ],
    "syms": [
        [
            0.0,
            0.9998419880867004,
            -0.014443200081586838,
            0.010392899625003338,
            0.0022117600310593843,
            0.2555670142173767,
            0.17254699766635895,
            0.0
        ],
        [
            0.0,
            0.9998819828033447,
            0.0014612999511882663,
            -0.01527160033583641,
            0.002075189957395196,
            -0.32528701424598694,
            -0.23229600489139557,
            0.0
        ],
        [
            0.0,
            -0.004316450096666813,
            0.014998599886894226,
            0.9998779892921448,
            -0.00029150000773370266,
            -0.3277919888496399,
            0.11333499848842621,
            0.0
        ],
        [
            0.0,
            0.9999769926071167,
            -0.006736509967595339,
            7.3294700086989906e-06,
            -0.0006462499732151628,
            -0.31833600997924805,
            0.4525949954986572,
            0.0
        ],
        [
            0.0,
            0.9999520182609558,
            -0.009514980018138885,
            -0.002182010095566511,
            0.0015211800346150994,
            0.3865709900856018,
            -0.23592400550842285,
            0.0
        ],
        [
            0.0,
            0.00023815600434318185,
            0.9982110261917114,
            -0.05978180095553398,
            0.0003257500065956265,
            0.45586100220680237,
            -0.2517310082912445,
            0.0
        ],
        [
            1.0,
            -0.310285747051239,
            0.3509317636489868,
            -0.18894325196743011,
            -0.2475460022687912,
            0.46440398693084717,
            -0.2516799867153168,
            0.20000000298023224
        ]
    ],
    "labels:": [
        [
            1,
            3,
            3,
            2,
            2,
            2,
            2,
            2,
            0,
            0,
            0
        ]
    ],
    "obj": 35634,
    "mat_index": 1097,
    "obbs": "N 24\n0.000248 0.129978 -0.232214 1 0 0 0 1 0 0 0 1 0.65214 0.118357 0.085535\n0.0004035 0.781743 -0.271248 1 0 0 0 1 0 0 0 1 0.643745 0.106877 0.085738\n0.00472422 -0.0764737 0.124905 0.999928 0.0119564 -0.000258619 -0.0119564 0.998993 -0.0432386 -0.000258619 0.0432386 0.999065 0.68107 0.0493555 0.770013\n0.250959 0.453889 -0.250947 -0.180472 -0.0766029 -0.980593 0.983561 -0.00790503 -0.180401 0.00606766 -0.99703 0.0767703 0.0953511 0.07394 0.600194\n0.127385 0.456785 -0.251504 0.0213857 -0.998515 0.0501047 0.987522 0.0132762 -0.156919 0.156021 0.0528354 0.98634 0.609489 0.0950055 0.0886185\n0.00631743 0.461234 -0.252375 -0.0380825 -0.0378829 -0.998556 0.999264 -0.00597266 -0.0378829 -0.00452892 -0.999264 0.0380825 0.0938095 0.0867699 0.617107\n-0.118894 0.458229 -0.252456 -0.0467817 -0.0468907 -0.997804 0.998899 0.00122608 -0.0468907 0.00342213 -0.998899 0.0467817 0.0889618 0.0974714 0.624344\n-0.247546 0.464404 -0.25168 1 0 0 0 1 0 0 0 1 0.062081 0.594832 0.114613\n0.398173 0.249847 0.176663 1 0 0 0 1 0 0 0 1 0.123944 0.087962 0.710687\n-0.393749 0.261287 0.168431 0.999896 -0.0144317 -1.77893e-05 0.0144317 0.999893 0.00246518 -1.77893e-05 -0.00246518 0.999997 0.124727 0.0735936 0.727164\n0.364251 -0.579093 0.0093725 1 0 0 0 1 0 0 0 1 0.056099 0.135541 1.38078\n-0.359978 -0.579093 0.0094185 1 0 0 0 1 0 0 0 1 0.056099 0.135541 1.38069\n0.351191 0.0618465 0.466572 1 0 0 0 1 0 0 0 1 0.092151 0.329459 0.087668\n-0.360139 0.0845688 0.462975 0.0550734 0.0631316 -0.996484 0.989007 0.133715 0.0631316 0.137231 -0.989007 -0.0550734 0.118194 0.1058 0.353934\n-0.357521 -0.334846 0.109085 1 0 0 0 1 0 0 0 1 0.061014 0.090094 0.606443\n0.0012335 -0.333091 -0.239922 1 0 0 0 1 0 0 0 1 0.649677 0.101533 0.093782\n0.356628 -0.329424 0.114393 1 0 0 0 1 0 0 0 1 0.071322 0.098208 0.625333\n-0.0018165 -0.322493 0.466591 1 0 0 0 1 0 0 0 1 0.651393 0.105877 0.08689\n-0.336279 -0.325781 -0.227128 -0.0217375 -0.994838 -0.0991195 0.994073 -0.0109445 -0.10816 0.106517 -0.100883 0.98918 0.469462 0.114489 0.124833\n0.340429 -0.324792 -0.237464 1 0 0 0 1 0 0 0 1 0.103741 0.488763 0.153928\n0.340435 -0.320634 0.452597 1 0 0 0 1 0 0 0 1 0.10373 0.464915 0.114878\n-0.341727 -0.316038 0.452592 1 0 0 0 1 0 0 0 1 0.092601 0.475266 0.114888\n0.346224 0.383291 -0.236676 0.0207864 0.996541 -0.0804565 0.999354 -0.0230707 -0.0275671 -0.0293279 -0.0798314 -0.996377 1.02321 0.113506 0.139631\n-0.343181 0.389851 -0.235171 -0.00761593 -0.998785 0.0486818 0.979271 -0.0173037 -0.201812 0.202409 0.0461357 0.978214 1.00675 0.107323 0.130013\nC 93\n0 7\n0 4\n0 18\n0 5\n0 8\n0 2\n0 22\n0 19\n0 6\n0 9\n0 3\n0 23\n1 6\n1 5\n1 3\n1 23\n1 4\n1 7\n1 22\n2 22\n2 5\n2 6\n2 17\n2 18\n2 12\n2 23\n2 7\n2 8\n2 19\n2 13\n2 20\n2 3\n2 14\n2 4\n2 16\n2 21\n2 15\n3 5\n3 22\n3 4\n3 19\n3 8\n4 5\n4 6\n4 8\n4 22\n5 7\n5 23\n5 6\n5 22\n6 9\n6 7\n6 23\n7 23\n7 9\n8 12\n8 22\n9 13\n9 23\n10 17\n10 19\n10 20\n10 15\n10 16\n11 21\n11 15\n11 14\n11 18\n11 17\n12 17\n12 20\n12 16\n13 17\n13 21\n13 14\n14 17\n14 18\n14 15\n14 21\n14 23\n15 16\n15 23\n15 19\n15 22\n15 18\n16 22\n16 19\n16 20\n16 17\n17 20\n17 21\n18 23\n19 22\nS 10\n2\n0 0.000248 0.129978 -0.232214\n1 0.0004035 0.781743 -0.271248\n2\n0.00032575 0.455861 -0.251731\n0.000238156 0.998211 -0.0597818\n5\n3 0.250959 0.453889 -0.250947\n4 0.127385 0.456785 -0.251504\n5 0.00631743 0.461234 -0.252375\n6 -0.118894 0.458229 -0.252456\n7 -0.247546 0.464404 -0.25168\n1\n0 0 0\n0 0 0\n2\n8 0.398173 0.249847 0.176663\n9 -0.393749 0.261287 0.168431\n2\n0.00221176 0.255567 0.172547\n-0.999842 0.0144432 -0.0103929\n2\n10 0.364251 -0.579093 0.0093725\n11 -0.359978 -0.579093 0.0094185\n2\n0.002136 -0.579093 0.0093955\n-1 0 6.35158e-05\n2\n12 0.351191 0.0618465 0.466572\n13 -0.360139 0.0845688 0.462975\n2\n-0.00447438 0.0732077 0.464774\n-0.999477 0.0319267 -0.00505382\n2\n14 -0.357521 -0.334846 0.109085\n16 0.356628 -0.329424 0.114393\n2\n-0.0004465 -0.332135 0.111739\n0.999944 0.00759182 0.0074308\n2\n15 0.0012335 -0.333091 -0.239922\n17 -0.0018165 -0.322493 0.466591\n2\n-0.0002915 -0.327792 0.113335\n-0.00431645 0.0149986 0.999878\n2\n18 -0.336279 -0.325781 -0.227128\n19 0.340429 -0.324792 -0.237464\n2\n0.00207519 -0.325287 -0.232296\n0.999882 0.0014613 -0.0152716\n2\n20 0.340435 -0.320634 0.452597\n21 -0.341727 -0.316038 0.452592\n2\n-0.00064625 -0.318336 0.452595\n-0.999977 0.00673651 -7.32947e-06\n2\n22 0.346224 0.383291 -0.236676\n23 -0.343181 0.389851 -0.235171\n2\n0.00152118 0.386571 -0.235924\n-0.999952 0.00951498 0.00218201\nL 24\n0\n0\n1\n0\n0\n0\n0\n0\n3\n3\n2\n2\n3\n3\n2\n2\n2\n2\n2\n2\n2\n2\n0\n0"
}