{
    "boxes": [
        [
            -0.0038209999911487103,
            -0.1947149932384491,
            0.18419499695301056,
            0.218532994389534,
            0.8952879905700684,
            0.8800100088119507,
            0.0,
            1.0,
            0.0,
            0.0,
            0.0,
            1.0
        ],
        [
            -0.43226099014282227,
            0.14933200180530548,
            0.06446599960327148,
            0.1442669928073883,
            1.0011199712753296,
            0.09836140275001526,
            -0.6649180054664612,
            0.7450199723243713,
            -0.053196799010038376,
            -0.0339834988117218,
            0.04097229987382889,
            0.9985820055007935
        ],
        [
            -0.427511990070343,
            0.015857499092817307,
            0.47250598669052124,
            0.24046699702739716,
            0.17471100389957428,
            0.032627999782562256,
            0.0,
            1.0,
            0.0,
            0.0,
            0.0,
            1.0
        ],
        [
            0.4304969906806946,
            0.12201199680566788,
            0.06158149987459183,
            0.13988399505615234,
            0.999688982963562,
            0.09858699887990952,
            0.0,
            1.0,
            0.0,
            0.0,
            0.0,
            1.0
        ],
        [
            -0.22055399417877197,
            0.18187400698661804,
            -0.4239160120487213,
            0.020152999088168144,
            0.028586000204086304,
            0.4093959927558899,
            0.0,
            1.0,
            0.0,
            0.0,
            0.0,
            1.0
        ],
        [
            0.41726401448249817,
            -0.09146799892187119,
            -0.26336100697517395,
            0.4135749936103821,
            0.14582400023937225,
            0.04499199986457825,
            -0.01591539941728115,
            0.9854210019111633,
            0.16938899457454681,
            -0.01078679971396923,
            -0.16956999897956848,
            0.98545902967453
        ],
        [
            0.41971901059150696,
            -0.4402320086956024,
            -0.35320600867271423,
            0.35716700553894043,
            0.10534200072288513,
            0.03704649955034256,
            0.012013000436127186,
            0.9681159853935242,
            0.25021499395370483,
            0.005981729831546545,
            -0.25029799342155457,
            0.9681500196456909
        ],
        [
            -0.427511990070343,
            -0.6074020266532898,
            0.08806899935007095,
            0.1161469966173172,
            0.9104300141334534,
            0.032627999782562256,
            0.0,
            1.0,
            0.0,
            0.0,
            0.0,
            1.0
        ],
        [
            -0.41290000081062317,
            -0.3420720100402832,
            0.5417559742927551,
            0.5600829720497131,
            0.14330899715423584,
            0.06779129803180695,
            0.011390799656510353,
            0.9783440232276917,
            -0.20667299628257751,
            0.0011270700488239527,
            0.2066739946603775,
            0.9784089922904968
        ],
        [
            -0.003813130082562566,
            0.2762509882450104,
            -0.23335100710391998,
            1.1751600503921509,
            0.14152799546718597,
            0.8208450078964233,
            0.002411779947578907,
            0.9792439937591553,
            -0.20267300307750702,
            0.002962040016427636,
            0.20266500115394592,
            0.9792439937591553
        ],
        [
            -0.0004934999742545187,
            0.09562099725008011,
            -0.27978599071502686,
            0.0815960019826889,
            0.05724300071597099,
            0.8082429766654968,
            0.0,
            1.0,
            0.0,
            0.0,
            0.0,
            1.0
        ]
    ],
    "ops": [
        [
            0,
            0,
            0,
            2,
            1,
            0,
            0,
            0,
            1,
            2,
            1,
            1,
            1,
            0,
            0,
            0,
            1,
            1,
            2,
            1,
            0,
            0,
            1,
            1
        ]
    ],
    "syms": [
        [
            0.0,
            0.9999729990959167,
            0.0073223598301410675,
            -0.00042777700582519174,
            -0.0038209999911487103,
            0.018959999084472656,
            0.47232499718666077,
            0.0
        ],
        [
            0.0,
            0.9999939799308777,
            -0.0033803300466388464,
            5.050779873272404e-05,
            -0.01761619932949543,
            0.18118900060653687,
            -0.42390599846839905,
            0.0
        ],
        [
            0.0,
            0.9988890290260315,
            -0.045299701392650604,
            -0.013001900166273117,
            -0.003920570015907288,
            -0.4210200011730194,
            -0.34769201278686523,
            0.0
        ]
    ],
    "labels:": [
        [
            1,
            3,
            3,
            3,
            3,
            3,
            2,
            2,
            2,
            0,
            0
        ]
    ],
    "obj": 35659,
    "mat_index": 1112,
    "obbs": "N 17\n-0.00381313 0.276251 -0.233351 0.999993 -0.00296204 -0.00241178 0.00296204 0.202665 0.979244 -0.00241178 -0.979244 0.202673 0.820845 0.141528 1.17516\n-0.220554 0.181874 -0.423916 1 0 0 0 1 0 0 0 1 0.409396 0.020153 0.028586\n0.185322 0.180503 -0.423895 1 0 0 0 1 0 0 0 1 0.442457 0.022805 0.027001\n-0.003821 -0.194715 0.184195 1 0 0 0 1 0 0 0 1 0.88001 0.218533 0.895288\n-0.427512 0.0158575 0.472506 1 0 0 0 1 0 0 0 1 0.032628 0.240467 0.174711\n-0.422329 -0.0438766 -0.248217 -0.00289094 0.154822 -0.987938 0.999964 0.00829215 -0.00162665 0.00794029 -0.987908 -0.154841 0.158359 0.0455434 0.344665\n0.41987 0.0220625 0.472144 1 0 0 0 1 0 0 0 1 0.032628 0.228777 0.173974\n0.417264 -0.091468 -0.263361 0.0159154 -0.985421 -0.169389 0.999815 0.0138568 0.0133283 -0.0107868 -0.16957 0.985459 0.413575 0.044992 0.145824\n-0.427512 -0.607402 0.088069 1 0 0 0 1 0 0 0 1 0.032628 0.116147 0.91043\n0.41987 -0.607379 0.0802675 1 0 0 0 1 0 0 0 1 0.032628 0.116188 0.925189\n-0.432261 0.149332 0.064466 -0.664918 0.74502 -0.0531968 0.746143 0.665783 -0.00192481 0.0339835 -0.0409723 -0.998582 0.144267 0.0983614 1.00112\n0.430497 0.122012 0.0615815 1 0 0 0 1 0 0 0 1 0.098587 0.139884 0.999689\n-0.0004935 0.095621 -0.279786 1 0 0 0 1 0 0 0 1 0.808243 0.081596 0.057243\n-0.4129 -0.342072 0.541756 0.0113908 0.978344 -0.206673 0.999934 -0.0113778 0.00125151 -0.00112707 -0.206674 -0.978409 0.560083 0.0677913 0.143309\n0.409899 -0.338699 0.538801 -0.00113473 0.984738 -0.174039 0.999373 0.00727519 0.0346482 0.0353856 -0.17389 -0.984129 0.569035 0.0567981 0.14068\n-0.42756 -0.401808 -0.342178 -0.00770682 -0.96738 -0.253213 0.999963 -0.00645926 -0.00575793 0.00393454 -0.253248 0.967393 0.437437 0.0360348 0.122412\n0.419719 -0.440232 -0.353206 -0.012013 -0.968116 -0.250215 0.99991 -0.0101337 -0.00879784 0.00598173 -0.250298 0.96815 0.357167 0.0370465 0.105342\nC 51\n0 7\n0 16\n0 10\n0 3\n0 15\n0 11\n0 12\n0 5\n0 8\n0 1\n0 9\n0 2\n1 2\n1 5\n1 10\n1 12\n2 12\n2 7\n2 11\n3 15\n3 11\n3 7\n3 14\n3 10\n3 6\n3 16\n3 13\n3 5\n3 12\n3 4\n4 13\n4 10\n5 12\n5 15\n5 10\n6 14\n6 11\n7 12\n7 16\n7 11\n7 9\n8 13\n8 15\n9 14\n9 16\n10 15\n10 12\n10 13\n11 14\n11 12\n12 15\nS 6\n2\n1 -0.220554 0.181874 -0.423916\n2 0.185322 0.180503 -0.423895\n2\n-0.0176162 0.181189 -0.423906\n0.999994 -0.00338033 5.05078e-05\n2\n4 -0.427512 0.0158575 0.472506\n6 0.41987 0.0220625 0.472144\n2\n-0.003821 0.01896 0.472325\n0.999973 0.00732236 -0.000427777\n2\n5 -0.422329 -0.0438766 -0.248217\n7 0.417264 -0.091468 -0.263361\n2\n-0.0025325 -0.0676723 -0.255789\n0.998235 -0.056584 -0.0180061\n2\n8 -0.427512 -0.607402 0.088069\n9 0.41987 -0.607379 0.0802675\n2\n-0.003821 -0.60739 0.0841683\n0.999958 2.65512e-05 -0.0092062\n2\n13 -0.4129 -0.342072 0.541756\n14 0.409899 -0.338699 0.538801\n2\n-0.00150034 -0.340385 0.540278\n0.999985 0.00409894 -0.00359103\n2\n15 -0.42756 -0.401808 -0.342178\n16 0.419719 -0.440232 -0.353206\n2\n-0.00392057 -0.42102 -0.347692\n0.998889 -0.0452997 -0.0130019\nL 17\n0\n3\n3\n1\n3\n3\n3\n3\n2\n2\n3\n3\n0\n2\n2\n2\n2"
}