{
    "boxes": [
        [
            0.007910540327429771,
            0.08005969971418381,
            0.12947799265384674,
            0.5142070055007935,
            0.9432780146598816,
            0.9801549911499023,
            -0.055383000522851944,
            0.9949129819869995,
            0.08414959907531738,
            0.002336170058697462,
            -0.08414959907531738,
            0.9964500069618225
        ],
        [
            -0.4607180058956146,
            0.11354000121355057,
            0.07934019714593887,
            0.4143970012664795,
            1.0470399856567383,
            0.10170800238847733,
            -0.29461199045181274,
            0.935588002204895,
            0.19462600350379944,
            -0.061377301812171936,
            -0.2217710018157959,
            0.973164975643158
        ],
        [
            0.3582470118999481,
            -0.4410029947757721,
            -0.3098379969596863,
            0.7151489853858948,
            0.06447490304708481,
            0.06419350206851959,
            -0.034659501165151596,
            0.977990984916687,
            0.2057500034570694,
            0.6569600105285645,
            -0.13284699618816376,
            0.7421290278434753
        ],
        [
            -0.3826119899749756,
            -0.4392859935760498,
            0.47963500022888184,
            0.7049430012702942,
            0.055036600679159164,
            0.06256809830665588,
            0.0585733987390995,
            0.9970800280570984,
            -0.04899200052022934,
            0.7022860050201416,
            -0.0062777698040008545,
            0.7118669748306274
        ],
        [
            0.003686089999973774,
            0.2360049933195114,
            -0.35043099522590637,
            0.5261499881744385,
            0.21378900110721588,
            0.9872909784317017,
            -0.01961049996316433,
            0.927947998046875,
            -0.37219199538230896,
            -0.028985800221562386,
            0.37158000469207764,
            0.927947998046875
        ]
    ],
    "ops": [
        [
            0,
            0,
            2,
            1,
            0,
            0,
            1,
            2,
            1,
            0,
            1
        ]
    ],
    "syms": [
        [
            0.0,
            0.9995229840278625,
            -0.010460400022566319,
            0.029041500762104988,
            -0.011036599986255169,
            0.10883399844169617,
            0.09240580350160599,
            0.0
        ],
        [
            0.0,
            0.9979310035705566,
            0.00200824998319149,
            -0.06426580250263214,
            -0.03552529960870743,
            -0.4417949914932251,
            -0.2844789922237396,
            0.0
        ]
    ],
    "labels:": [
        [
            1,
            3,
            2,
            2,
            0
        ]
    ],
    "obj": 2243,
    "mat_index": 112,
    "obbs": "N 8\n0.00368609 0.236005 -0.350431 -0.0196105 0.927948 -0.372192 -0.0289858 0.37158 0.927948 0.999387 0.0289858 0.0196105 0.52615 0.213789 0.987291\n0.438645 0.104127 0.105471 -0.305929 -0.932381 -0.192544 0.949932 -0.285444 -0.127084 0.0635303 -0.221782 0.973024 0.421111 0.0957433 0.964018\n-0.460718 0.11354 0.0793402 0.294612 -0.935588 -0.194626 0.953644 0.274761 0.12276 -0.0613773 -0.221771 0.973165 0.414397 0.101708 1.04704\n0.00791054 0.0800597 0.129478 0.998462 0.055383 0.00233617 -0.055383 0.994913 0.0841496 0.00233617 -0.0841496 0.99645 0.980155 0.514207 0.943278\n0.358247 -0.441003 -0.309838 -0.65696 0.132847 -0.742129 0.753128 0.160891 -0.637897 0.0346595 -0.977991 -0.20575 0.0644749 0.0641935 0.715149\n0.357692 -0.443657 0.479627 0.740068 -0.00490288 -0.672515 0.671157 0.0693081 0.738068 0.0429921 -0.997583 0.0545833 0.0565274 0.0673803 0.696315\n-0.429298 -0.442588 -0.259121 0.633161 -0.0809396 -0.769777 0.750643 -0.178362 0.636177 -0.188791 -0.98063 -0.052175 0.0518733 0.0702414 0.712836\n-0.382612 -0.439286 0.479635 -0.702286 0.00627777 -0.711867 0.709481 -0.0761029 -0.700603 -0.0585734 -0.99708 0.048992 0.0550366 0.0625681 0.704943\nC 15\n0 1\n0 6\n0 4\n0 3\n0 2\n1 3\n1 4\n1 5\n2 7\n2 6\n2 3\n3 6\n3 7\n3 4\n3 5\nS 3\n2\n1 0.438645 0.104127 0.105471\n2 -0.460718 0.11354 0.0793402\n2\n-0.0110366 0.108834 0.0924058\n-0.999523 0.0104604 -0.0290415\n2\n4 0.358247 -0.441003 -0.309838\n6 -0.429298 -0.442588 -0.259121\n2\n-0.0355253 -0.441795 -0.284479\n-0.997931 -0.00200825 0.0642658\n2\n5 0.357692 -0.443657 0.479627\n7 -0.382612 -0.439286 0.479635\n2\n-0.0124603 -0.441471 0.479631\n-0.999983 0.00590408 1.12701e-05\nL 8\n0\n3\n3\n1\n2\n2\n2\n2"
}