{
    "boxes": [
        [
            -0.030612299218773842,
            -0.19868400692939758,
            0.1446000039577484,
            0.24695299565792084,
            0.7261340022087097,
            0.7244309782981873,
            -0.026972899213433266,
            0.9968879818916321,
            0.07406830042600632,
            -0.20685699582099915,
            -0.07805769890546799,
            0.9752519726753235
        ],
        [
            -0.3714820146560669,
            -0.20836199820041656,
            -0.016467800363898277,
            0.19734600186347961,
            0.19734600186347961,
            0.020003600046038628,
            -0.12584899365901947,
            0.8053650259971619,
            0.5792660117149353,
            -0.17303599417209625,
            -0.5927780270576477,
            0.7865579724311829
        ],
        [
            0.3478870093822479,
            -0.20837299525737762,
            0.14050699770450592,
            0.19737400114536285,
            0.19737400114536285,
            0.020089099183678627,
            -0.02364340052008629,
            0.9939950108528137,
            0.10683999955654144,
            -0.21140700578689575,
            -0.10942400246858597,
            0.971252977848053
        ],
        [
            -0.4139710068702698,
            -0.02501939982175827,
            0.10618399828672409,
            0.5060709714889526,
            0.057719700038433075,
            0.02331010065972805,
            -0.09891989827156067,
            0.8178949952125549,
            0.5667999982833862,
            -0.1661369949579239,
            -0.575173020362854,
            0.8009840250015259
        ],
        [
            -0.430867999792099,
            0.17276699841022491,
            0.2201090008020401,
            0.034475501626729965,
            0.43001601099967957,
            0.09034939855337143,
            -0.10948900133371353,
            0.989342987537384,
            0.09598340094089508,
            -0.20149199664592743,
            -0.11665000021457672,
            0.9725189805030823
        ],
        [
            -0.042352501302957535,
            -0.6121010184288025,
            0.15876999497413635,
            0.5413060188293457,
            0.22034400701522827,
            0.138047993183136,
            0.07680340111255646,
            0.9385570287704468,
            -0.33647000789642334,
            -0.2080029994249344,
            0.3451240062713623,
            0.9152179956436157
        ],
        [
            -0.011195999570190907,
            -0.837224006652832,
            0.05930279940366745,
            0.04795309901237488,
            0.6326879858970642,
            0.31692299246788025,
            -0.0007526080007664859,
            0.9999989867210388,
            -0.0014539100229740143,
            -0.20791199803352356,
            0.0012656600447371602,
            0.9781469702720642
        ],
        [
            0.042337898164987564,
            0.3010070025920868,
            -0.15575499832630157,
            1.2542999982833862,
            0.41827601194381714,
            0.7267789840698242,
            0.031108999624848366,
            0.9960569739341736,
            -0.08308400213718414,
            -0.2487809956073761,
            0.08822450041770935,
            0.9645329713821411
        ]
    ],
    "ops": [
        [
            0,
            0,
            0,
            0,
            0,
            1,
            2,
            1,
            1,
            1,
            0,
            0,
            1,
            1,
            0,
            1
        ]
    ],
    "syms": [
        [
            0.0,
            0.977931022644043,
            0.0025547000113874674,
            0.2089110016822815,
            -0.038887299597263336,
            -0.024039600044488907,
            0.1863120049238205,
            0.0
        ]
    ],
    "labels:": [
        [
            1,
            3,
            3,
            3,
            3,
            2,
            2,
            0
        ]
    ],
    "obj": 35681,
    "mat_index": 1124,
    "obbs": "N 10\n0.0423379 0.301007 -0.155755 0.031109 0.996057 -0.083084 -0.248781 0.0882245 0.964533 0.96806 -0.00933595 0.250544 1.2543 0.418276 0.726779\n0.347887 -0.208373 0.140507 -0.0236434 0.993995 0.10684 0.977112 0.00037705 0.212725 0.211407 0.109424 -0.971253 0.197374 0.0200891 0.197374\n-0.371482 -0.208362 -0.0164678 0.125849 -0.805365 -0.579266 0.976842 -0.00124619 0.213958 -0.173036 -0.592778 0.786558 0.197346 0.0200036 0.197346\n-0.0306123 -0.198684 0.1446 0.206857 0.0780577 -0.975252 -0.0269729 0.996888 0.0740683 0.977999 0.0109838 0.208319 0.726134 0.246953 0.724431\n-0.0423525 -0.612101 0.15877 0.208003 -0.345124 -0.915218 0.975108 -0.000305113 0.22173 -0.0768034 -0.938557 0.33647 0.220344 0.138048 0.541306\n0.336196 -0.0230597 0.266439 0.173316 0.557669 -0.811767 0.974506 0.0221329 0.223267 0.142476 -0.829768 -0.539616 0.0594797 0.0232937 0.505582\n-0.413971 -0.0250194 0.106184 0.0989199 -0.817895 -0.5668 0.981129 -0.014933 0.192779 -0.166137 -0.575173 0.800984 0.506071 0.0233101 0.0577197\n0.303302 0.172679 0.380569 0.211313 0.118094 -0.970258 0.0572947 0.989471 0.132911 0.975738 -0.0836764 0.202322 0.430055 0.0346205 0.087765\n-0.430868 0.172767 0.220109 0.201492 0.11665 -0.972519 -0.109489 0.989343 0.0959834 0.973352 0.0871408 0.212116 0.430016 0.0344755 0.0903494\n-0.011196 -0.837224 0.0593028 -0.978147 -0.00103845 -0.207911 -0.000752608 0.999999 -0.00145391 0.207912 -0.00126566 -0.978147 0.316923 0.0479531 0.632688\nC 20\n0 1\n0 7\n0 6\n0 5\n0 4\n0 3\n0 8\n0 2\n1 3\n1 5\n2 6\n2 3\n3 8\n3 6\n3 7\n3 4\n3 5\n4 9\n5 7\n6 8\nS 2\n2\n5 0.336196 -0.0230597 0.266439\n6 -0.413971 -0.0250194 0.106184\n2\n-0.0388873 -0.0240396 0.186312\n-0.977931 -0.0025547 -0.208911\n2\n7 0.303302 0.172679 0.380569\n8 -0.430868 0.172767 0.220109\n2\n-0.063783 0.172723 0.300339\n-0.976939 0.000116896 -0.213519\nL 10\n0\n3\n3\n1\n2\n3\n3\n3\n3\n2"
}