{
    "boxes": [
        [
            -0.014234500005841255,
            -0.03588100150227547,
            0.1620119959115982,
            0.11548800021409988,
            0.8155249953269958,
            0.8712990283966064,
            0.0,
            1.0,
            0.0,
            0.0,
            0.0,
            1.0
        ],
        [
            -0.43960100412368774,
            -0.7971000075340271,
            -0.22405199706554413,
            0.019547000527381897,
            0.09216000139713287,
            0.025805000215768814,
            0.0,
            1.0,
            0.0,
            0.0,
            0.0,
            1.0
        ],
        [
            -0.43782100081443787,
            -0.40174999833106995,
            -0.26671499013900757,
            0.7751489877700806,
            0.023807799443602562,
            0.035254500806331635,
            -0.010896299965679646,
            0.9958490133285522,
            0.09036889672279358,
            0.22766299545764923,
            -0.0855301022529602,
            0.969976007938385
        ],
        [
            -0.43960100412368774,
            -0.7971000075340271,
            0.4192270040512085,
            0.019547000527381897,
            0.09216000139713287,
            0.025805000215768814,
            0.0,
            1.0,
            0.0,
            0.0,
            0.0,
            1.0
        ],
        [
            -0.42838698625564575,
            -0.7831180095672607,
            0.1050880029797554,
            0.03334679827094078,
            0.8086709976196289,
            0.04526359960436821,
            -0.1704840064048767,
            0.9853569865226746,
            0.0025265500880777836,
            0.00021695600298698992,
            -0.0025265500880777836,
            0.9999970197677612
        ],
        [
            -0.4030880033969879,
            -0.39861801266670227,
            0.4366520047187805,
            0.7983430027961731,
            0.0315685011446476,
            0.0358567014336586,
            0.007566799875348806,
            0.9847769737243652,
            -0.17365700006484985,
            0.2551349997520447,
            0.16601300239562988,
            0.952547013759613
        ],
        [
            0.0016133099561557174,
            -0.2927680015563965,
            0.4216800034046173,
            0.03152709826827049,
            0.01785369962453842,
            0.7895939946174622,
            0.0005345399840734899,
            0.9582319855690002,
            -0.28599101305007935,
            0.000717376999091357,
            0.28599101305007935,
            0.9582319855690002
        ],
        [
            0.4002319872379303,
            -0.39114999771118164,
            0.4373300075531006,
            0.7964670062065125,
            0.03199990093708038,
            0.03617069870233536,
            -0.0038401400670409203,
            0.9828060269355774,
            -0.1846040040254593,
            0.5512310266494751,
            0.15610599517822266,
            0.8196189999580383
        ],
        [
            -0.002650940092280507,
            0.3519749939441681,
            -0.30004099011421204,
            0.4897249937057495,
            0.14254499971866608,
            0.8553590178489685,
            -0.0022712498903274536,
            0.9751799702644348,
            -0.22140100598335266,
            -0.002844699891284108,
            0.22139400243759155,
            0.9751799702644348
        ],
        [
            -0.43777400255203247,
            0.19710099697113037,
            -0.23213699460029602,
            0.44227999448776245,
            0.055629998445510864,
            0.024625999853014946,
            0.0,
            1.0,
            0.0,
            0.0,
            0.0,
            1.0
        ]
    ],
    "ops": [
        [
            0,
            0,
            0,
            1,
            2,
            0,
            0,
            1,
            2,
            0,
            0,
            0,
            1,
            1,
            1,
            1,
            1,
            0,
            0,
            2,
            1,
            1
        ]
    ],
    "syms": [
        [
            0.0,
            1.0,
            0.0,
            0.0,
            -0.0027604999486356974,
            -0.7971000075340271,
            -0.22405199706554413,
            0.0
        ],
        [
            0.0,
            1.0,
            0.0,
            0.0,
            -0.0027604999486356974,
            -0.7971000075340271,
            0.4192270040512085,
            0.0
        ],
        [
            0.0,
            0.9998970031738281,
            -0.013429700396955013,
            0.005088950041681528,
            -0.004322059918195009,
            0.19127899408340454,
            -0.22993099689483643,
            0.0
        ]
    ],
    "labels:": [
        [
            1,
            2,
            2,
            2,
            2,
            2,
            2,
            2,
            0,
            0
        ]
    ],
    "obj": 35688,
    "mat_index": 1127,
    "obbs": "N 15\n-0.00265094 0.351975 -0.300041 -0.00227125 0.97518 -0.221401 -0.0028447 0.221394 0.97518 0.999993 0.0028447 0.00227125 0.489725 0.142545 0.855359\n-0.0142345 -0.035881 0.162012 1 0 0 0 1 0 0 0 1 0.871299 0.115488 0.815525\n0.42913 0.185458 -0.227725 0.00266743 -0.999523 0.0307541 0.996538 0.000101412 -0.0831381 0.0830953 0.0308694 0.996063 0.466347 0.0333166 0.0494786\n-0.437774 0.197101 -0.232137 1 0 0 0 1 0 0 0 1 0.024626 0.44228 0.05563\n0.00161331 -0.292768 0.42168 1 -0.000717377 -0.00053454 0.000717377 0.285991 0.958232 -0.00053454 -0.958232 0.285991 0.789594 0.0178537 0.0315271\n-0.439601 -0.7971 0.419227 1 0 0 0 1 0 0 0 1 0.025805 0.019547 0.09216\n-0.439601 -0.7971 -0.224052 1 0 0 0 1 0 0 0 1 0.025805 0.019547 0.09216\n0.43408 -0.7971 0.419227 1 0 0 0 1 0 0 0 1 0.025805 0.019547 0.09216\n0.43408 -0.7971 -0.224052 1 0 0 0 1 0 0 0 1 0.025805 0.019547 0.09216\n0.434016 -0.405855 -0.266528 -0.993888 -0.00527205 -0.110267 -0.10934 -0.0905847 0.989868 -0.0152071 0.995875 0.0894546 0.031488 0.0263005 0.7541\n-0.437821 -0.40175 -0.266715 0.973679 0.0311428 -0.225786 0.227663 -0.0855301 0.969976 0.0108963 -0.995849 -0.0903689 0.0352545 0.0238078 0.775149\n0.400232 -0.39115 0.43733 0.00384014 -0.982806 0.184604 0.834344 -0.098612 -0.542353 0.551231 0.156106 0.819619 0.796467 0.0361707 0.0319999\n-0.403088 -0.398618 0.436652 0.966876 -0.0515136 -0.249995 0.255135 0.166013 0.952547 -0.0075668 -0.984777 0.173657 0.0358567 0.0315685 0.798343\n0.419847 -0.780899 0.103539 1 0 0 0 1 0 0 0 1 0.048748 0.040054 0.815781\n-0.428387 -0.783118 0.105088 0.98536 0.170484 0.000216956 -0.170484 0.985357 0.00252655 0.000216956 -0.00252655 0.999997 0.0452636 0.0333468 0.808671\nC 28\n0 10\n0 3\n0 1\n0 9\n0 2\n1 3\n1 11\n1 2\n1 10\n1 4\n1 9\n1 12\n2 9\n3 10\n4 12\n4 11\n5 12\n5 14\n6 14\n6 10\n7 11\n7 13\n8 13\n8 9\n9 13\n10 14\n11 13\n12 14\nS 5\n2\n2 0.42913 0.185458 -0.227725\n3 -0.437774 0.197101 -0.232137\n2\n-0.00432206 0.191279 -0.229931\n-0.999897 0.0134297 -0.00508895\n2\n5 -0.439601 -0.7971 0.419227\n7 0.43408 -0.7971 0.419227\n2\n-0.0027605 -0.7971 0.419227\n1 0 0\n2\n6 -0.439601 -0.7971 -0.224052\n8 0.43408 -0.7971 -0.224052\n2\n-0.0027605 -0.7971 -0.224052\n1 0 0\n2\n9 0.434016 -0.405855 -0.266528\n10 -0.437821 -0.40175 -0.266715\n2\n-0.00190263 -0.403803 -0.266622\n-0.999989 0.00470792 -0.000214419\n2\n13 0.419847 -0.780899 0.103539\n14 -0.428387 -0.783118 0.105088\n2\n-0.00426992 -0.782008 0.104313\n-0.999995 -0.00261551 0.00182624\nL 15\n0\n1\n0\n0\n2\n2\n2\n2\n2\n2\n2\n2\n2\n2\n2"
}