{
    "boxes": [
        [
            0.001046229968778789,
            -0.10512199997901917,
            0.08926860243082047,
            0.06585049629211426,
            0.7109950184822083,
            0.8034669756889343,
            0.001523899962194264,
            0.995943009853363,
            -0.08996889740228653,
            6.869129720143974e-05,
            0.08996889740228653,
            0.9959449768066406
        ],
        [
            -0.39155998826026917,
            0.12627099454402924,
            0.08896090090274811,
            0.23199599981307983,
            0.7138919830322266,
            0.2862260043621063,
            0.6090959906578064,
            0.7879319787025452,
            0.09036000072956085,
            -0.11345300078392029,
            -0.026197100058197975,
            0.9931979775428772
        ],
        [
            -0.3945179879665375,
            -0.31966400146484375,
            -0.27743101119995117,
            0.9682130217552185,
            0.04307980090379715,
            0.03210670128464699,
            0.08113750070333481,
            0.9845970273017883,
            0.15487100183963776,
            -0.7121890187263489,
            -0.05143259838223457,
            0.7001010179519653
        ],
        [
            -0.4126330018043518,
            -0.4181019961833954,
            0.4477970004081726,
            0.7566980123519897,
            0.03443070128560066,
            0.03415840119123459,
            0.0591231994330883,
            0.9968119859695435,
            -0.05356840044260025,
            0.5552300214767456,
            0.011758700013160706,
            0.8316140174865723
        ],
        [
            -0.009830360300838947,
            0.34053200483322144,
            -0.2359289973974228,
            0.38266199827194214,
            0.09713070094585419,
            0.7661929726600647,
            -0.0014996599638834596,
            0.9650740027427673,
            -0.2619749903678894,
            -0.001961020054295659,
            0.26197201013565063,
            0.9650740027427673
        ]
    ],
    "ops": [
        [
            0,
            0,
            2,
            1,
            0,
            0,
            1,
            2,
            1,
            0,
            1
        ]
    ],
    "syms": [
        [
            0.0,
            0.9999970197677612,
            -0.0013379700249060988,
            0.002060570055618882,
            -0.0014332400169223547,
            0.12574900686740875,
            0.089764803647995,
            0.0
        ],
        [
            0.0,
            1.0,
            -3.177810140186921e-05,
            0.0001328310027020052,
            0.0014191899681463838,
            -0.3196769952774048,
            -0.27737900614738464,
            0.0
        ]
    ],
    "labels:": [
        [
            1,
            3,
            2,
            2,
            0
        ]
    ],
    "obj": 35704,
    "mat_index": 1133,
    "obbs": "N 8\n-0.00983036 0.340532 -0.235929 0.999997 0.00196102 0.00149966 -0.00196102 0.261972 0.965074 0.00149966 -0.965074 0.261975 0.766193 0.0971307 0.382662\n0.388694 0.125227 0.0905687 0.745276 0.663831 -0.0623875 -0.655833 0.746718 0.110884 0.120194 -0.0417235 0.991873 0.298969 0.230483 0.717834\n-0.39156 0.126271 0.0889609 -0.78494 0.615204 -0.0734368 0.609096 0.787932 0.09036 0.113453 0.0261971 -0.993198 0.286226 0.231996 0.713892\n0.00104623 -0.105122 0.0892686 -6.86913e-05 -0.0899689 -0.995945 0.0015239 0.995943 -0.0899689 0.999999 -0.0015239 6.86913e-05 0.710995 0.0658505 0.803467\n-0.394518 -0.319664 -0.277431 0.712189 0.0514326 -0.700101 0.697283 -0.167102 0.697046 -0.0811375 -0.984597 -0.154871 0.0430798 0.0321067 0.968213\n0.397356 -0.31969 -0.277326 -0.508918 0.105177 -0.854365 0.857866 0.144052 -0.49327 0.0711923 -0.983965 -0.163539 0.0323355 0.0325406 0.968159\n0.41498 -0.422383 0.44781 -0.0736963 0.996389 -0.0421759 0.687448 0.0813929 0.721658 0.722484 0.0241898 -0.690964 0.747878 0.0353643 0.0475914\n-0.412633 -0.418102 0.447797 -0.0591232 -0.996812 0.0535684 0.829593 -0.0789105 -0.552765 0.55523 0.0117587 0.831614 0.756698 0.0341584 0.0344307\nC 15\n0 1\n0 5\n0 4\n0 3\n0 2\n1 3\n1 5\n1 6\n2 7\n2 4\n2 3\n3 6\n3 7\n3 4\n3 5\nS 3\n2\n1 0.388694 0.125227 0.0905687\n2 -0.39156 0.126271 0.0889609\n2\n-0.00143324 0.125749 0.0897648\n-0.999997 0.00133797 -0.00206057\n2\n4 -0.394518 -0.319664 -0.277431\n5 0.397356 -0.31969 -0.277326\n2\n0.00141919 -0.319677 -0.277379\n1 -3.17781e-05 0.000132831\n2\n6 0.41498 -0.422383 0.44781\n7 -0.412633 -0.418102 0.447797\n2\n0.00117366 -0.420242 0.447804\n-0.999987 0.00517363 -1.61272e-05\nL 8\n0\n3\n3\n1\n2\n2\n2\n2"
}