{
    "boxes": [
        [
            0.01731250062584877,
            -0.13589000701904297,
            0.14180700480937958,
            0.17214399576187134,
            0.6684550046920776,
            1.4577100276947021,
            0.0,
            1.0,
            0.0,
            0.0,
            0.0,
            1.0
        ],
        [
            -0.692762017250061,
            -0.046742700040340424,
            0.42399001121520996,
            0.3870849907398224,
            0.09829120337963104,
            0.0490339994430542,
            -0.00010981899686157703,
            0.9945909976959229,
            0.10386600345373154,
            -0.05180620029568672,
            -0.10373199731111526,
            0.9932550191879272
        ],
        [
            -0.6942219734191895,
            -0.05632549896836281,
            -0.19846299290657043,
            0.32521700859069824,
            0.11371699720621109,
            0.048163000494241714,
            0.0,
            1.0,
            0.0,
            0.0,
            0.0,
            1.0
        ],
        [
            -0.6911649703979492,
            0.13743500411510468,
            0.11890999972820282,
            0.07968679815530777,
            0.7907530069351196,
            0.07688619941473007,
            0.028814900666475296,
            0.9985120296478271,
            -0.04630669951438904,
            0.0006676589837297797,
            0.04630669951438904,
            0.9989269971847534
        ],
        [
            -0.6927549839019775,
            -0.3955489993095398,
            0.4340740144252777,
            0.3741520047187805,
            0.11540599912405014,
            0.04515000060200691,
            0.0,
            1.0,
            0.0,
            0.0,
            0.0,
            1.0
        ],
        [
            -0.6927509903907776,
            -0.3899089992046356,
            -0.20086100697517395,
            0.38550400733947754,
            0.11686000227928162,
            0.04523000121116638,
            0.0,
            1.0,
            0.0,
            0.0,
            0.0,
            1.0
        ],
        [
            -0.33604198694229126,
            0.14597100019454956,
            -0.23298700153827667,
            0.7524870038032532,
            0.2201859951019287,
            0.6737030148506165,
            0.00037761201383545995,
            0.9317389726638794,
            -0.36313000321388245,
            0.000552445009816438,
            0.36312898993492126,
            0.9317389726638794
        ]
    ],
    "ops": [
        [
            0,
            0,
            0,
            0,
            1,
            1,
            2,
            1,
            0,
            0,
            1,
            2,
            1,
            0,
            2,
            1
        ]
    ],
    "syms": [
        [
            0.0,
            0.9999240040779114,
            -0.012320700101554394,
            -0.0007796469726599753,
            0.014367800205945969,
            -0.05545569956302643,
            0.42343801259994507,
            0.0
        ],
        [
            0.0,
            0.9998559951782227,
            -0.016927899792790413,
            0.0008469080203212798,
            0.01442249957472086,
            -0.4075219929218292,
            0.434673011302948,
            0.0
        ],
        [
            0.0,
            1.0,
            -2.064629916276317e-05,
            -6.191669672261924e-05,
            0.018901800736784935,
            0.14596399664878845,
            -0.2330089956521988,
            0.0
        ]
    ],
    "labels:": [
        [
            1,
            3,
            3,
            3,
            2,
            2,
            0
        ]
    ],
    "obj": 35709,
    "mat_index": 1136,
    "obbs": "N 13\n0.373845 0.145957 -0.233031 1 -0.000553648 -0.000378331 0.000553648 0.363368 0.931646 -0.000378331 -0.931646 0.363368 0.673703 0.220259 0.752492\n-0.336042 0.145971 -0.232987 1 -0.000552445 -0.000377612 0.000552445 0.363129 0.931739 -0.000377612 -0.931739 0.36313 0.673703 0.220186 0.752487\n0.721589 -0.0606625 -0.198098 1 0 0 0 1 0 0 0 1 0.049263 0.342567 0.112987\n0.721498 -0.0641687 0.422887 -0.000957179 -0.99511 -0.0987723 0.998907 -0.00556686 0.0464048 -0.0467277 -0.0986199 0.994027 0.421545 0.0486519 0.0988738\n-0.694222 -0.0563255 -0.198463 1 0 0 0 1 0 0 0 1 0.048163 0.325217 0.113717\n-0.692762 -0.0467427 0.42399 0.000109819 -0.994591 -0.103866 0.998657 -0.00527184 0.0515374 -0.0518062 -0.103732 0.993255 0.387085 0.049034 0.0982912\n0.0173125 -0.13589 0.141807 1 0 0 0 1 0 0 0 1 1.45771 0.172144 0.668455\n0.7216 -0.419494 0.435272 1 0 0 0 1 0 0 0 1 0.04515 0.326261 0.11301\n0.721602 -0.400763 -0.201038 1 0 0 0 1 0 0 0 1 0.045226 0.363797 0.116506\n-0.692751 -0.389909 -0.200861 1 0 0 0 1 0 0 0 1 0.04523 0.385504 0.11686\n-0.692755 -0.395549 0.434074 1 0 0 0 1 0 0 0 1 0.04515 0.374152 0.115406\n0.723212 0.137472 0.11892 -0.00045222 -0.0447723 -0.998997 0.0201887 0.998793 -0.0447723 0.999796 -0.0201887 0.00045222 0.790733 0.0793078 0.0765037\n-0.691165 0.137435 0.11891 -0.000667659 -0.0463067 -0.998927 0.0288149 0.998512 -0.0463067 0.999585 -0.0288149 0.000667659 0.790753 0.0796868 0.0768862\nC 27\n0 11\n0 8\n0 1\n0 6\n0 2\n1 6\n1 4\n1 9\n1 12\n2 8\n2 6\n2 11\n3 11\n3 7\n3 6\n4 12\n4 9\n4 6\n5 6\n5 12\n5 10\n6 9\n6 7\n6 10\n6 11\n6 12\n6 8\nS 6\n2\n0 0.373845 0.145957 -0.233031\n1 -0.336042 0.145971 -0.232987\n2\n0.0189018 0.145964 -0.233009\n-1 2.06463e-05 6.19167e-05\n2\n2 0.721589 -0.0606625 -0.198098\n4 -0.694222 -0.0563255 -0.198463\n2\n0.013684 -0.058494 -0.19828\n-0.999995 0.00306325 -0.000257802\n2\n3 0.721498 -0.0641687 0.422887\n5 -0.692762 -0.0467427 0.42399\n2\n0.0143678 -0.0554557 0.423438\n-0.999924 0.0123207 0.000779647\n2\n7 0.7216 -0.419494 0.435272\n10 -0.692755 -0.395549 0.434074\n2\n0.0144225 -0.407522 0.434673\n-0.999856 0.0169279 -0.000846908\n2\n8 0.721602 -0.400763 -0.201038\n9 -0.692751 -0.389909 -0.200861\n2\n0.0144255 -0.395336 -0.20095\n-0.999971 0.0076736 0.000125142\n2\n11 0.723212 0.137472 0.11892\n12 -0.691165 0.137435 0.11891\n2\n0.0160233 0.137454 0.118915\n-1 -2.60592e-05 -7.21215e-06\nL 13\n0\n0\n3\n3\n3\n3\n1\n2\n2\n2\n2\n3\n3"
}