{
    "boxes": [
        [
            -0.002512000035494566,
            -0.10251899808645248,
            0.09824199974536896,
            0.20891599357128143,
            0.7914440035820007,
            0.8888980150222778,
            0.0,
            1.0,
            0.0,
            0.0,
            0.0,
            1.0
        ],
        [
            -0.43256500363349915,
            0.20175300538539886,
            0.16006499528884888,
            0.10066299885511398,
            0.7894179821014404,
            0.08756709843873978,
            0.19228099286556244,
            0.9694820046424866,
            -0.1520950049161911,
            0.014848999679088593,
            0.1520950049161911,
            0.9882540106773376
        ],
        [
            0.41561299562454224,
            0.20131300389766693,
            0.16021700203418732,
            0.10847300291061401,
            0.7900140285491943,
            0.09797859936952591,
            0.3104510009288788,
            0.9380810260772705,
            -0.1537020057439804,
            0.024620700627565384,
            0.1537020057439804,
            0.9878100156784058
        ],
        [
            -0.42628899216651917,
            0.06611800193786621,
            0.462007999420166,
            0.2887899875640869,
            0.08667200058698654,
            0.06410499662160873,
            0.0,
            1.0,
            0.0,
            0.0,
            0.0,
            1.0
        ],
        [
            -0.42628899216651917,
            -0.425246000289917,
            0.4681299924850464,
            0.7094259858131409,
            0.0744279995560646,
            0.06410499662160873,
            0.0,
            1.0,
            0.0,
            0.0,
            0.0,
            1.0
        ],
        [
            -0.42628899216651917,
            -0.2776170074939728,
            0.0972990021109581,
            0.05167999863624573,
            0.6862180233001709,
            0.04134399816393852,
            0.0,
            1.0,
            0.0,
            0.0,
            0.0,
            1.0
        ],
        [
            -0.42628899216651917,
            -0.41443300247192383,
            -0.2939240038394928,
            0.73089599609375,
            0.1487479954957962,
            0.06455300003290176,
            0.0,
            1.0,
            0.0,
            0.0,
            0.0,
            1.0
        ],
        [
            -0.002512000035494566,
            0.38653698563575745,
            -0.3151110112667084,
            0.07975679636001587,
            0.0935932993888855,
            0.7855380177497864,
            -1.1645200037573621e-17,
            0.9982320070266724,
            -0.05944019928574562,
            -1.2359200008452855e-17,
            0.05944019928574562,
            0.9982320070266724
        ],
        [
            -0.002512000035494566,
            0.5227940082550049,
            -0.36726999282836914,
            0.16537800431251526,
            0.08073420077562332,
            0.7855380177497864,
            -0.0,
            0.9159899950027466,
            -0.4012010097503662,
            0.0,
            0.4012010097503662,
            0.9159899950027466
        ],
        [
            -0.4191870093345642,
            0.2711009979248047,
            -0.3055030107498169,
            0.7044479846954346,
            0.126787006855011,
            0.08730369806289673,
            0.027929600328207016,
            0.9821190237998962,
            -0.1861789971590042,
            0.1861789971590042,
            0.17788100242614746,
            0.9662789702415466
        ]
    ],
    "ops": [
        [
            0,
            0,
            0,
            0,
            2,
            1,
            1,
            1,
            0,
            0,
            0,
            1,
            1,
            2,
            1,
            0,
            2,
            0,
            0,
            2,
            1,
            1,
            1
        ]
    ],
    "syms": [
        [
            0.0,
            0.9998199939727783,
            -0.018947599455714226,
            0.0,
            -0.0025122500956058502,
            0.058086998760700226,
            0.462007999420166,
            0.0
        ],
        [
            0.0,
            0.9999030232429504,
            -0.013903999701142311,
            0.0005857460200786591,
            -0.0025122500956058502,
            -0.4311389923095703,
            0.4683780074119568,
            0.0
        ],
        [
            1.0,
            -0.0018840000266209245,
            0.38373100757598877,
            -0.25006675720214844,
            -0.002512000035494566,
            0.38653698563575745,
            -0.3151110112667084,
            0.20000000298023224
        ],
        [
            0.0,
            0.9998980164527893,
            0.013789200223982334,
            0.003678550012409687,
            -0.0022377099376171827,
            0.27685099840164185,
            -0.30396899580955505,
            0.0
        ]
    ],
    "labels:": [
        [
            1,
            3,
            3,
            3,
            2,
            2,
            2,
            0,
            0,
            0
        ]
    ],
    "obj": 35713,
    "mat_index": 1139,
    "obbs": "N 19\n-0.002512 0.522794 -0.36727 1 0 0 0 0.401201 0.91599 0 -0.91599 0.401201 0.785538 0.0807342 0.165378\n-0.002512 -0.102519 0.098242 1 0 0 0 1 0 0 0 1 0.888898 0.208916 0.791444\n0.414712 0.282601 -0.302435 -0.0293615 0.985828 -0.165173 0.962094 0.0726943 0.262849 0.271131 -0.151194 -0.950594 0.683309 0.0902162 0.121701\n-0.419187 0.271101 -0.305503 -0.0279296 -0.982119 0.186179 0.982119 -0.0616502 -0.177881 0.186179 0.177881 0.966279 0.704448 0.0873037 0.126787\n-0.002512 0.011224 -0.260177 1 0 0 0 1 0 0 0 1 0.785538 0.06268 0.081512\n-0.002512 0.106876 -0.264182 1 0 0 -0 0.0758333 0.997121 0 -0.997121 0.0758333 0.785538 0.0810064 0.0620166\n-0.002512 0.201358 -0.273972 1 0 0 0 1 0 0 0 1 0.785538 0.073468 0.089392\n-0.002512 0.294735 -0.290998 1 0 0 0 0.172533 0.985004 0 -0.985004 0.172533 0.785538 0.0842166 0.0662743\n-0.002512 0.386537 -0.315111 1 1.23592e-17 1.16452e-17 -1.23592e-17 0.0594402 0.998232 1.16452e-17 -0.998232 0.0594402 0.785538 0.0935933 0.0797568\n0.415613 0.201313 0.160217 -0.0246207 -0.153702 -0.98781 0.310451 0.938081 -0.153702 0.950271 -0.310451 0.0246207 0.790014 0.108473 0.0979786\n-0.432565 0.201753 0.160065 0.981228 -0.192281 0.014849 0.192281 0.969482 -0.152095 0.014849 0.152095 0.988254 0.0875671 0.100663 0.789418\n-0.426289 0.066118 0.462008 1 0 0 0 1 0 0 0 1 0.064105 0.28879 0.086672\n0.421265 0.050056 0.462008 1 0 0 0 1 0 0 0 1 0.064104 0.320914 0.086672\n0.421265 -0.277617 0.097299 1 0 0 0 1 0 0 0 1 0.041344 0.05168 0.686218\n-0.426289 -0.277617 0.097299 1 0 0 0 1 0 0 0 1 0.041344 0.05168 0.686218\n-0.426289 -0.414433 -0.293924 1 0 0 0 1 0 0 0 1 0.064553 0.730896 0.148748\n0.421265 -0.402755 -0.29355 1 0 0 0 1 0 0 0 1 0.064552 0.753427 0.149496\n0.421265 -0.437031 0.468627 1 0 0 0 1 0 0 0 1 0.064104 0.685855 0.073435\n-0.426289 -0.425246 0.46813 1 0 0 0 1 0 0 0 1 0.064105 0.709426 0.074428\nC 75\n0 2\n0 7\n0 3\n0 8\n0 6\n1 3\n1 17\n1 15\n1 6\n1 11\n1 2\n1 16\n1 14\n1 5\n1 10\n1 13\n1 4\n1 9\n1 12\n1 18\n2 8\n2 5\n2 9\n2 13\n2 16\n2 6\n2 7\n2 4\n3 15\n3 7\n3 14\n3 10\n3 6\n3 5\n3 8\n3 4\n4 7\n4 9\n4 13\n4 10\n4 5\n4 14\n4 16\n4 6\n4 15\n5 9\n5 6\n5 8\n5 15\n5 10\n5 16\n5 7\n6 9\n6 7\n6 10\n6 15\n6 16\n6 8\n7 10\n7 8\n7 9\n8 9\n8 10\n9 16\n9 12\n10 11\n10 15\n11 14\n11 18\n12 13\n12 17\n13 17\n13 16\n14 18\n14 15\nS 6\n2\n2 0.414712 0.282601 -0.302435\n3 -0.419187 0.271101 -0.305503\n2\n-0.00223771 0.276851 -0.303969\n-0.999898 -0.0137892 -0.00367855\n5\n4 -0.002512 0.011224 -0.260177\n5 -0.002512 0.106876 -0.264182\n6 -0.002512 0.201358 -0.273972\n7 -0.002512 0.294735 -0.290998\n8 -0.002512 0.386537 -0.315111\n1\n0 0 0\n0 0 0\n2\n11 -0.426289 0.066118 0.462008\n12 0.421265 0.050056 0.462008\n2\n-0.00251225 0.058087 0.462008\n0.99982 -0.0189476 0\n2\n13 0.421265 -0.277617 0.097299\n14 -0.426289 -0.277617 0.097299\n2\n-0.002512 -0.277617 0.097299\n-1 0 0\n2\n15 -0.426289 -0.414433 -0.293924\n16 0.421265 -0.402755 -0.29355\n2\n-0.00251225 -0.408594 -0.293737\n0.999905 0.0137777 0.000441228\n2\n17 0.421265 -0.437031 0.468627\n18 -0.426289 -0.425246 0.46813\n2\n-0.00251225 -0.431139 0.468378\n-0.999903 0.013904 -0.000585746\nL 19\n0\n1\n0\n0\n0\n0\n0\n0\n0\n3\n3\n3\n3\n2\n2\n2\n2\n2\n2"
}