{
    "boxes": [
        [
            -0.004005390219390392,
            -0.1356240063905716,
            0.28837600350379944,
            0.30190300941467285,
            0.8751149773597717,
            1.1743299961090088,
            -0.022159000858664513,
            0.9489200115203857,
            -0.3147369921207428,
            -0.0035785299260169268,
            0.3147369921207428,
            0.9491720199584961
        ],
        [
            -0.5596140027046204,
            -0.5074589848518372,
            0.3269540071487427,
            0.08483230322599411,
            0.7310619950294495,
            0.057218000292778015,
            -0.044397901743650436,
            0.928259015083313,
            0.3692759871482849,
            0.004467930179089308,
            -0.3694530129432678,
            0.9292389750480652
        ],
        [
            0.5558459758758545,
            -0.5112720131874084,
            0.33545100688934326,
            0.09684570133686066,
            0.712710976600647,
            0.07836739718914032,
            0.42726099491119385,
            0.8302040100097656,
            0.3580630123615265,
            -0.03537670150399208,
            -0.38037699460983276,
            0.9241549968719482
        ],
        [
            -0.5569790005683899,
            -0.4896320104598999,
            -0.2574880123138428,
            0.10210999846458435,
            0.574114978313446,
            0.07038000226020813,
            0.3062709867954254,
            0.8606709837913513,
            -0.4067470133304596,
            -0.032673999667167664,
            0.43653300404548645,
            0.8990949988365173
        ],
        [
            -0.5551679730415344,
            0.0463716983795166,
            -0.294295996427536,
            1.0160399675369263,
            0.13247999548912048,
            0.07430019974708557,
            0.0025706500746309757,
            0.8840939998626709,
            -0.46730300784111023,
            -0.10208799690008163,
            0.46509501338005066,
            0.8793550133705139
        ],
        [
            -0.43776699900627136,
            0.10266699641942978,
            -0.29833200573921204,
            0.9341610074043274,
            0.03850239887833595,
            0.057743001729249954,
            -0.0,
            0.8882529735565186,
            -0.4593540132045746,
            -0.0,
            0.4593540132045746,
            0.8882529735565186
        ],
        [
            -0.32072100043296814,
            0.10145899653434753,
            -0.2964639961719513,
            0.9341610074043274,
            0.03850239887833595,
            0.057743001729249954,
            -0.0,
            0.8882529735565186,
            -0.4593549966812134,
            0.0,
            0.4593549966812134,
            0.8882529735565186
        ],
        [
            -0.2052370011806488,
            0.10145899653434753,
            -0.2964639961719513,
            0.9341610074043274,
            0.03850239887833595,
            0.05774199962615967,
            -0.0,
            0.8882529735565186,
            -0.4593549966812134,
            0.0,
            0.4593549966812134,
            0.8882529735565186
        ],
        [
            -0.002313740085810423,
            0.4879480004310608,
            -0.49915701150894165,
            0.0643618032336235,
            0.021885400637984276,
            1.1685099601745605,
            0.0016223699785768986,
            0.9926109910011292,
            -0.12133099883794785,
            0.0018327600555494428,
            0.12132800370454788,
            0.9926109910011292
        ],
        [
            -0.08975250273942947,
            0.10145899653434753,
            -0.2964639961719513,
            0.9341610074043274,
            0.03850239887833595,
            0.057743001729249954,
            -0.0,
            0.8882529735565186,
            -0.4593549966812134,
            -0.0,
            0.4593549966812134,
            0.8882529735565186
        ],
        [
            0.004208089783787727,
            -0.28600001335144043,
            -0.09740609675645828,
            0.022145099937915802,
            0.06746579706668854,
            1.0792100429534912,
            0.0004506940022110939,
            0.7551450133323669,
            0.6555579900741577,
            -0.00016833700647111982,
            -0.6555579900741577,
            0.7551450133323669
        ],
        [
            -6.949999806238338e-05,
            0.22188599407672882,
            -0.30037200450897217,
            0.7739750146865845,
            0.10536599904298782,
            1.1604499816894531,
            -7.371919963361506e-09,
            0.9021459817886353,
            -0.43143001198768616,
            -1.1696999813182174e-08,
            0.43143001198768616,
            0.9021459817886353
        ],
        [
            0.025731999427080154,
            0.10145899653434753,
            -0.2964639961719513,
            0.9341610074043274,
            0.03850239887833595,
            0.05774199962615967,
            -0.0,
            0.8882529735565186,
            -0.4593549966812134,
            0.0,
            0.4593549966812134,
            0.8882529735565186
        ]
    ],
    "ops": [
        [
            0,
            0,
            0,
            0,
            2,
            1,
            1,
            1,
            0,
            0,
            1,
            2,
            0,
            0,
            1,
            2,
            1,
            0,
            0,
            2,
            1,
            0,
            0,
            0,
            1,
            1,
            1,
            1,
            1
        ]
    ],
    "syms": [
        [
            0.0,
            0.9999139904975891,
            -0.006070849951356649,
            0.01161929965019226,
            8.347819857590366e-06,
            -0.49301400780677795,
            -0.2510150074958801,
            0.0
        ],
        [
            0.0,
            0.9998940229415894,
            -0.004348319955170155,
            0.013892300426959991,
            -0.001321609946899116,
            0.043963100761175156,
            -0.2866010069847107,
            0.0
        ],
        [
            0.0,
            1.0,
            -2.0028400094654576e-17,
            0.0,
            0.025731699541211128,
            0.10145899653434753,
            -0.2964639961719513,
            0.0
        ],
        [
            0.0,
            1.0,
            0.0,
            0.0,
            0.025731800124049187,
            0.10145899653434753,
            -0.2964639961719513,
            0.0
        ]
    ],
    "labels:": [
        [
            1,
            2,
            2,
            2,
            0,
            0,
            0,
            0,
            0,
            0,
            0,
            0,
            0
        ]
    ],
    "obj": 2245,
    "mat_index": 114,
    "obbs": "N 19\n-6.95e-05 0.221886 -0.300372 -7.37192e-09 0.902146 -0.43143 -1.1697e-08 0.43143 0.902146 1 1.1697e-08 7.37192e-09 0.773975 0.105366 1.16045\n-0.00400539 -0.135624 0.288376 0.999748 0.022159 -0.00357853 -0.022159 0.94892 -0.314737 -0.00357853 0.314737 0.949172 1.17433 0.301903 0.875115\n0.552525 0.0415546 -0.278906 -0.000731391 0.839158 -0.543888 0.998207 -0.0319444 -0.050629 -0.0598599 -0.542949 -0.837629 1.02879 0.0670451 0.155742\n-0.437767 0.102667 -0.298332 1 0 0 -0 0.459354 0.888253 0 -0.888253 0.459354 0.057743 0.0385024 0.934161\n-0.320721 0.101459 -0.296464 1 0 0 0 0.459355 0.888253 0 -0.888253 0.459355 0.057743 0.0385024 0.934161\n-0.205237 0.101459 -0.296464 1 0 0 0 0.459355 0.888253 0 -0.888253 0.459355 0.057742 0.0385024 0.934161\n-0.0897525 0.101459 -0.296464 1 0 0 -0 0.459355 0.888253 0 -0.888253 0.459355 0.057743 0.0385024 0.934161\n0.025732 0.101459 -0.296464 1 0 0 0 0.459355 0.888253 0 -0.888253 0.459355 0.057742 0.0385024 0.934161\n0.141216 0.101459 -0.296464 1 0 0 0 0.459355 0.888253 0 -0.888253 0.459355 0.057742 0.0385024 0.934161\n0.256701 0.101459 -0.296464 1 0 0 0 0.459355 0.888253 0 -0.888253 0.459355 0.057742 0.0385024 0.934161\n0.372185 0.101459 -0.296464 1 0 0 -0 0.459355 0.888253 0 -0.888253 0.459355 0.057742 0.0385024 0.934161\n0.487669 0.101459 -0.296464 1 0 0 -0 0.459355 0.888253 0 -0.888253 0.459355 0.057743 0.0385024 0.934161\n-0.00231374 0.487948 -0.499157 0.999997 -0.00183276 -0.00162237 0.00183276 0.121328 0.992611 -0.00162237 -0.992611 0.121331 1.16851 0.0218854 0.0643618\n-0.555168 0.0463717 -0.294296 0.102088 -0.465095 -0.879355 0.994772 0.0454453 0.0914507 -0.00257065 -0.884094 0.467303 0.13248 0.0743002 1.01604\n0.00420809 -0.286 -0.0974061 1 -0.000450694 -0.000168337 0.000450694 0.755145 0.655558 -0.000168337 -0.655558 0.755145 1.07921 0.0221451 0.0674658\n-0.556979 -0.489632 -0.257488 0.032674 -0.436533 -0.899095 0.306271 0.860671 -0.406747 0.951383 -0.262077 0.161819 0.574115 0.10211 0.07038\n0.556996 -0.496395 -0.244543 0.95767 0.241416 -0.156803 -0.285278 0.868829 -0.404664 0.0385427 0.432267 0.900922 0.0722 0.0771666 0.591879\n0.555846 -0.511272 0.335451 -0.427261 -0.830204 -0.358063 0.903436 -0.407522 -0.13315 -0.0353767 -0.380377 0.924155 0.0968457 0.0783674 0.712711\n-0.559614 -0.507459 0.326954 -0.00446793 0.369453 -0.929239 0.999004 0.0429062 0.0122555 0.0443979 -0.928259 -0.369276 0.731062 0.057218 0.0848323\nC 95\n0 7\n0 10\n0 17\n0 4\n0 1\n0 14\n0 11\n0 18\n0 5\n0 8\n0 2\n0 15\n0 12\n0 6\n0 9\n0 16\n0 3\n0 13\n1 17\n1 6\n1 11\n1 15\n1 16\n1 5\n1 10\n1 3\n1 14\n1 4\n1 9\n1 18\n1 7\n1 2\n1 13\n1 8\n2 17\n2 11\n2 12\n2 14\n2 9\n2 16\n2 10\n3 12\n3 18\n3 5\n3 15\n3 4\n3 14\n3 13\n4 5\n4 15\n4 12\n4 6\n4 13\n4 18\n4 14\n5 14\n5 7\n5 6\n5 12\n6 7\n6 14\n6 8\n6 12\n7 12\n7 8\n7 14\n7 9\n8 12\n8 9\n8 10\n8 14\n9 14\n9 16\n9 11\n9 12\n9 10\n10 17\n10 14\n10 16\n10 11\n10 12\n11 16\n11 14\n11 12\n11 17\n12 13\n13 15\n13 18\n13 14\n14 17\n14 18\n14 15\n14 16\n15 18\n16 17\nS 6\n2\n13 -0.555168 0.0463717 -0.294296\n2 0.552525 0.0415546 -0.278906\n2\n-0.00132161 0.0439631 -0.286601\n0.999894 -0.00434832 0.0138923\n2\n3 -0.437767 0.102667 -0.298332\n11 0.487669 0.101459 -0.296464\n2\n0.0249515 0.102063 -0.297398\n0.999997 -0.0013054 0.00201836\n2\n4 -0.320721 0.101459 -0.296464\n10 0.372185 0.101459 -0.296464\n2\n0.0257317 0.101459 -0.296464\n1 -2.00284e-17 0\n2\n5 -0.205237 0.101459 -0.296464\n9 0.256701 0.101459 -0.296464\n2\n0.025732 0.101459 -0.296464\n1 0 0\n2\n6 -0.0897525 0.101459 -0.296464\n8 0.141216 0.101459 -0.296464\n2\n0.0257318 0.101459 -0.296464\n1 0 0\n2\n15 -0.556979 -0.489632 -0.257488\n16 0.556996 -0.496395 -0.244543\n2\n8.34782e-06 -0.493014 -0.251015\n0.999914 -0.00607085 0.0116193\nL 19\n0\n1\n0\n0\n0\n0\n0\n0\n0\n0\n0\n0\n0\n0\n0\n2\n2\n2\n2"
}