{
    "boxes": [
        [
            0.001046229968778789,
            -0.10512199997901917,
            0.08926860243082047,
            0.06585049629211426,
            0.7109950184822083,
            0.8034669756889343,
            0.001523899962194264,
            0.995943009853363,
            -0.08996889740228653,
            6.869129720143974e-05,
            0.08996889740228653,
            0.9959449768066406
        ],
        [
            -0.45002999901771545,
            0.20709200203418732,
            0.09053260087966919,
            0.03844229876995087,
            0.613323986530304,
            0.09634540230035782,
            0.274181991815567,
            0.9578120112419128,
            -0.08614040166139603,
            -0.1385129988193512,
            0.12797099351882935,
            0.9820579886436462
        ],
        [
            -0.4134010076522827,
            0.07915560156106949,
            0.4106389880180359,
            0.36214199662208557,
            0.047109298408031464,
            0.07461129873991013,
            -0.18748800456523895,
            0.9789159893989563,
            -0.08106870204210281,
            -0.14551100134849548,
            0.053942400962114334,
            0.9878849983215332
        ],
        [
            -0.4138840138912201,
            -0.44155898690223694,
            0.4493499994277954,
            0.7096610069274902,
            0.04253470152616501,
            0.03472049906849861,
            0.052412498742341995,
            0.9963740110397339,
            -0.06701470166444778,
            0.4854480028152466,
            0.03322320058941841,
            0.8736339807510376
        ],
        [
            -0.3945179879665375,
            -0.31966400146484375,
            -0.27743101119995117,
            0.9682130217552185,
            0.04307980090379715,
            0.03210670128464699,
            0.08113750070333481,
            0.9845970273017883,
            0.15487100183963776,
            -0.7121890187263489,
            -0.05143259838223457,
            0.7001010179519653
        ],
        [
            -0.009830360300838947,
            0.34053200483322144,
            -0.2359289973974228,
            0.38266199827194214,
            0.09713070094585419,
            0.7661929726600647,
            -0.0014996599638834596,
            0.9650740027427673,
            -0.2619749903678894,
            -0.001961020054295659,
            0.26197201013565063,
            0.9650740027427673
        ],
        [
            -0.285286009311676,
            0.1484300047159195,
            -0.21001799404621124,
            0.03780930116772652,
            0.04882439970970154,
            0.20016400516033173,
            0.014344300143420696,
            0.8835350275039673,
            -0.4681450128555298,
            0.19597800076007843,
            0.4566279947757721,
            0.8678039908409119
        ]
    ],
    "ops": [
        [
            0,
            0,
            0,
            1,
            2,
            1,
            0,
            0,
            1,
            2,
            1,
            0,
            0,
            2,
            1,
            1
        ]
    ],
    "syms": [
        [
            0.0,
            0.9999669790267944,
            0.0018924199976027012,
            0.007939839735627174,
            0.0017478499794378877,
            0.2079470008611679,
            0.09411980211734772,
            0.0
        ],
        [
            0.0,
            0.9999799728393555,
            0.006295680068433285,
            -0.0004124330007471144,
            0.0007273529772646725,
            -0.43894898891448975,
            0.4491789937019348,
            0.0
        ],
        [
            0.0,
            1.0,
            3.7809299101354554e-05,
            0.0006287940195761621,
            0.003012849949300289,
            0.14844100177288055,
            -0.20983600616455078,
            0.0
        ]
    ],
    "labels:": [
        [
            1,
            3,
            3,
            2,
            2,
            0,
            0
        ]
    ],
    "obj": 35762,
    "mat_index": 1161,
    "obbs": "N 12\n-0.00983036 0.340532 -0.235929 0.999997 0.00196102 0.00149966 -0.00196102 0.261972 0.965074 0.00149966 -0.965074 0.261975 0.766193 0.0971307 0.382662\n0.00104623 -0.105122 0.0892686 -6.86913e-05 -0.0899689 -0.995945 0.0015239 0.995943 -0.0899689 0.999999 -0.0015239 6.86913e-05 0.710995 0.0658505 0.803467\n0.453526 0.208802 0.097707 0.95892 0.229169 -0.167196 -0.246638 0.964706 -0.0922578 0.140152 0.129705 0.981598 0.0949888 0.0395621 0.611208\n-0.45003 0.207092 0.0905326 -0.95165 0.257331 -0.167757 0.274182 0.957812 -0.0861404 0.138513 -0.127971 -0.982058 0.0963454 0.0384423 0.613324\n0.413872 0.0811298 0.408855 0.19947 0.976679 -0.0794411 -0.00936087 0.0829658 0.996508 0.979859 -0.198029 0.0256917 0.35102 0.0531987 0.0691535\n-0.413401 0.0791556 0.410639 0.971429 0.197013 0.132329 -0.145511 0.0539424 0.987885 0.187488 -0.978916 0.0810687 0.0746113 0.0471093 0.362142\n-0.285286 0.14843 -0.210018 0.980503 -0.104194 -0.166603 0.195978 0.456628 0.867804 -0.0143443 -0.883535 0.468145 0.200164 0.0488244 0.0378093\n0.291312 0.148452 -0.209655 -0.975528 -0.115027 -0.187389 -0.213595 0.293514 0.931787 -0.0521795 0.949009 -0.3109 0.208009 0.047601 0.0370288\n0.415339 -0.436339 0.449008 0.702433 -0.00711819 -0.711715 0.709803 0.0809238 0.699736 0.0526138 -0.996695 0.0618961 0.0397139 0.0349458 0.719863\n0.397356 -0.31969 -0.277326 -0.508918 0.105177 -0.854365 0.857866 0.144052 -0.49327 0.0711923 -0.983965 -0.163539 0.0323355 0.0325406 0.968159\n-0.394518 -0.319664 -0.277431 0.712189 0.0514326 -0.700101 0.697283 -0.167102 0.697046 -0.0811375 -0.984597 -0.154871 0.0430798 0.0321067 0.968213\n-0.413884 -0.441559 0.44935 -0.0524125 -0.996374 0.0670147 0.872693 -0.0783215 -0.481947 0.485448 0.0332232 0.873634 0.709661 0.0347205 0.0425347\nC 27\n0 2\n0 7\n0 10\n0 3\n0 1\n0 6\n0 9\n1 3\n1 6\n1 11\n1 2\n1 5\n1 10\n1 4\n1 9\n1 8\n1 7\n2 9\n2 7\n2 4\n3 10\n3 6\n3 5\n4 8\n5 11\n6 10\n7 9\nS 5\n2\n2 0.453526 0.208802 0.097707\n3 -0.45003 0.207092 0.0905326\n2\n0.00174785 0.207947 0.0941198\n-0.999967 -0.00189242 -0.00793984\n2\n4 0.413872 0.0811298 0.408855\n5 -0.413401 0.0791556 0.410639\n2\n0.000235343 0.0801427 0.409747\n-0.999995 -0.00238637 0.00215639\n2\n6 -0.285286 0.14843 -0.210018\n7 0.291312 0.148452 -0.209655\n2\n0.00301285 0.148441 -0.209836\n1 3.78093e-05 0.000628794\n2\n8 0.415339 -0.436339 0.449008\n11 -0.413884 -0.441559 0.44935\n2\n0.000727353 -0.438949 0.449179\n-0.99998 -0.00629568 0.000412433\n2\n9 0.397356 -0.31969 -0.277326\n10 -0.394518 -0.319664 -0.277431\n2\n0.00141919 -0.319677 -0.277379\n-1 3.17781e-05 -0.000132831\nL 12\n0\n1\n3\n3\n3\n3\n0\n0\n2\n2\n2\n2"
}