{
    "boxes": [
        [
            0.004176510032266378,
            -0.07679759711027145,
            0.12562799453735352,
            0.06134000048041344,
            0.7688069939613342,
            0.6820610165596008,
            -0.002266070106998086,
            0.9991649985313416,
            -0.04080229997634888,
            -4.624979919753969e-05,
            0.04080229997634888,
            0.9991670250892639
        ],
        [
            -0.3753829896450043,
            0.25377699732780457,
            0.14907899498939514,
            0.14934000372886658,
            0.7651870250701904,
            0.1503330022096634,
            0.1934880018234253,
            0.9802510142326355,
            -0.04087749868631363,
            -0.04735789820551872,
            0.050947900861501694,
            0.9975780248641968
        ],
        [
            -0.35619500279426575,
            0.0655134990811348,
            0.4674209952354431,
            0.3618839979171753,
            0.09893450140953064,
            0.09212040156126022,
            -0.06786180287599564,
            0.996891975402832,
            0.04001859948039055,
            0.07188130170106888,
            -0.03512150049209595,
            0.9967949986457825
        ],
        [
            -0.3361479938030243,
            -0.3069390058517456,
            0.45259198546409607,
            0.45674800872802734,
            0.11488799750804901,
            0.10375899821519852,
            0.0,
            1.0,
            0.0,
            0.0,
            0.0,
            1.0
        ],
        [
            -0.35997799038887024,
            -0.5742589831352234,
            0.009418499656021595,
            0.14520899951457977,
            1.3806899785995483,
            0.056099001318216324,
            0.0,
            1.0,
            0.0,
            0.0,
            0.0,
            1.0
        ],
        [
            -0.35753199458122253,
            -0.33484598994255066,
            0.1119450032711029,
            0.09009400010108948,
            0.6121630072593689,
            0.06099199876189232,
            0.0,
            1.0,
            0.0,
            0.0,
            0.0,
            1.0
        ],
        [
            -0.008647999726235867,
            -0.3389909863471985,
            -0.23960399627685547,
            0.08973199874162674,
            0.09441699832677841,
            0.6299139857292175,
            0.0,
            1.0,
            0.0,
            0.0,
            0.0,
            1.0
        ],
        [
            -0.3441469967365265,
            -0.3264949917793274,
            -0.2399349957704544,
            0.49212899804115295,
            0.13425800204277039,
            0.08776099979877472,
            0.0,
            1.0,
            0.0,
            0.0,
            0.0,
            1.0
        ],
        [
            0.34874001145362854,
            0.3889920115470886,
            -0.23954099416732788,
            1.0112500190734863,
            0.1285099983215332,
            0.10388500243425369,
            0.017078200355172157,
            0.9965000152587891,
            -0.08182500302791595,
            -0.02110530063509941,
            0.08217799663543701,
            0.9963939785957336
        ],
        [
            0.008717999793589115,
            0.1299789994955063,
            -0.23221400380134583,
            0.11835899949073792,
            0.0855339989066124,
            0.6608160138130188,
            0.0,
            1.0,
            0.0,
            0.0,
            0.0,
            1.0
        ],
        [
            -0.248308002948761,
            0.4586949944496155,
            -0.25161999464035034,
            0.6158049702644348,
            0.09242849797010422,
            0.08319269865751266,
            0.0013993099564686418,
            0.9988489747047424,
            -0.04794999957084656,
            0.20264999568462372,
            0.046671800315380096,
            0.9781380295753479
        ]
    ],
    "ops": [
        [
            0,
            0,
            0,
            1,
            2,
            1,
            0,
            0,
            0,
            1,
            1,
            2,
            0,
            2,
            0,
            2,
            1,
            1,
            1,
            0,
            2,
            0,
            2,
            0,
            2,
            1,
            1,
            1
        ]
    ],
    "syms": [
        [
            0.0,
            0.9996489882469177,
            -0.0020557099487632513,
            0.026409100741147995,
            0.011395200155675411,
            0.2529819905757904,
            0.15929700434207916,
            0.0
        ],
        [
            0.0,
            0.9999759793281555,
            -0.004554810002446175,
            0.005210049916058779,
            0.0007402499904856086,
            -0.30847400426864624,
            0.45434701442718506,
            0.0
        ],
        [
            0.0,
            0.01127300038933754,
            0.005951019935309887,
            0.9999189972877502,
            -0.004651499912142754,
            -0.33688101172447205,
            0.11488600075244904,
            0.0
        ],
        [
            0.0,
            0.9999669790267944,
            -0.005973120220005512,
            -0.005571059882640839,
            -0.0021685000974684954,
            -0.3285369873046875,
            -0.24184000492095947,
            0.0
        ],
        [
            0.0,
            0.9998559951782227,
            -0.011879200115799904,
            -0.012133699841797352,
            0.0025560399517416954,
            0.39310500025749207,
            -0.23533999919891357,
            0.0
        ],
        [
            0.0,
            -0.017515599727630615,
            0.9980940222740173,
            -0.05917609855532646,
            0.002916499972343445,
            0.46056699752807617,
            -0.25181400775909424,
            0.0
        ],
        [
            1.0,
            -0.31126201152801514,
            0.34542474150657654,
            -0.18877950310707092,
            -0.248308002948761,
            0.4586949944496155,
            -0.25161999464035034,
            0.20000000298023224
        ]
    ],
    "labels:": [
        [
            1,
            3,
            3,
            2,
            2,
            2,
            2,
            2,
            0,
            0,
            0
        ]
    ],
    "obj": 35773,
    "mat_index": 1167,
    "obbs": "N 24\n-0.002885 0.791154 -0.271415 1 0 0 0 1 0 0 0 1 0.660482 0.103425 0.086071\n0.008718 0.129979 -0.232214 1 0 0 0 1 0 0 0 1 0.660816 0.118359 0.085534\n0.00417651 -0.0767976 0.125628 0.999997 0.00226607 -4.62498e-05 -0.00226607 0.999165 -0.0408023 -4.62498e-05 0.0408023 0.999167 0.682061 0.06134 0.768807\n0.251816 0.453081 -0.251362 1 0 0 0 1 0 0 0 1 0.062081 0.595062 0.115251\n0.126327 0.461057 -0.251934 0.00531595 0.998208 -0.0595964 0.998988 -0.00263979 0.0448939 0.0446561 -0.0597748 -0.997213 0.619084 0.0908154 0.0823954\n0.002128 0.458105 -0.252269 1 0 0 0 1 0 0 0 1 0.075236 0.612377 0.115454\n-0.122152 0.458291 -0.251711 0.00691488 -0.997705 0.0673627 0.985178 -0.00474908 -0.171468 0.171395 0.0675499 0.982884 0.62017 0.096621 0.092844\n-0.248308 0.458695 -0.25162 -0.00139931 -0.998849 0.04795 0.97925 -0.0110858 -0.202352 0.20265 0.0466718 0.978138 0.615805 0.0831927 0.0924285\n0.398173 0.252186 0.169515 1 0 0 0 1 0 0 0 1 0.123944 0.092395 0.724982\n-0.375383 0.253777 0.149079 0.0473579 -0.0509479 -0.997578 0.193488 0.980251 -0.0408775 0.979959 -0.191084 0.0562804 0.765187 0.14934 0.150333\n-0.359978 -0.574259 0.0094185 1 0 0 0 1 0 0 0 1 0.056099 0.145209 1.38069\n0.364251 -0.579093 0.0093725 1 0 0 0 1 0 0 0 1 0.056099 0.135541 1.38078\n0.362232 0.0640885 0.468872 -0.033452 -0.999301 -0.0166653 0.998864 -0.0328616 -0.0345225 0.0339508 -0.0178012 0.999265 0.358727 0.0767051 0.0896724\n-0.356195 0.0655135 0.467421 0.0678618 -0.996892 -0.0400186 0.995102 0.0705208 -0.0692744 0.0718813 -0.0351215 0.996795 0.361884 0.0921204 0.0989345\n0.356634 -0.336582 0.107065 1 0 0 0 1 0 0 0 1 0.07131 0.09358 0.610678\n-0.008648 -0.338991 -0.239604 1 0 0 0 1 0 0 0 1 0.629914 0.089732 0.094417\n-0.357532 -0.334846 0.111945 1 0 0 0 1 0 0 0 1 0.060992 0.090094 0.612163\n-0.000655 -0.334771 0.469377 1 0 0 0 1 0 0 0 1 0.611696 0.081319 0.081319\n0.337629 -0.310008 0.456103 1 0 0 0 1 0 0 0 1 0.109342 0.481644 0.121889\n-0.336148 -0.306939 0.452592 1 0 0 0 1 0 0 0 1 0.103759 0.456748 0.114888\n-0.344147 -0.326495 -0.239935 1 0 0 0 1 0 0 0 1 0.087761 0.492129 0.134258\n0.339811 -0.33058 -0.243746 1 0 0 0 1 0 0 0 1 0.104979 0.47715 0.133103\n0.34874 0.388992 -0.239541 0.0211053 -0.082178 -0.996394 0.999631 -0.0152897 0.0224348 -0.0170782 -0.9965 0.081825 0.12851 0.103885 1.01125\n-0.343628 0.397218 -0.231139 -0.0458726 -0.0456613 -0.997903 0.998941 -0.00566055 -0.0456613 -0.00356372 -0.998941 0.0458726 0.130464 0.0921558 0.992215\nC 94\n0 7\n0 4\n0 5\n0 22\n0 6\n0 3\n0 23\n1 6\n1 21\n1 5\n1 3\n1 20\n1 23\n1 4\n1 9\n1 7\n1 2\n1 22\n1 8\n2 22\n2 5\n2 6\n2 17\n2 18\n2 12\n2 23\n2 7\n2 8\n2 19\n2 13\n2 20\n2 3\n2 14\n2 4\n2 9\n2 16\n2 21\n2 15\n3 5\n3 22\n3 4\n3 8\n4 5\n4 6\n4 8\n4 22\n5 7\n5 9\n5 6\n6 9\n6 7\n6 23\n7 20\n7 23\n7 9\n8 12\n8 22\n9 20\n9 13\n9 23\n10 17\n10 19\n10 20\n10 15\n10 16\n11 21\n11 15\n11 14\n11 18\n11 17\n12 17\n12 18\n12 14\n13 17\n13 16\n13 19\n14 17\n14 18\n14 15\n14 21\n14 22\n15 20\n15 16\n15 23\n15 22\n15 21\n16 19\n16 23\n16 20\n16 17\n17 18\n17 19\n20 23\n21 22\nS 10\n2\n0 -0.002885 0.791154 -0.271415\n1 0.008718 0.129979 -0.232214\n2\n0.0029165 0.460567 -0.251814\n0.0175156 -0.998094 0.0591761\n5\n3 0.251816 0.453081 -0.251362\n4 0.126327 0.461057 -0.251934\n5 0.002128 0.458105 -0.252269\n6 -0.122152 0.458291 -0.251711\n7 -0.248308 0.458695 -0.25162\n1\n0 0 0\n0 0 0\n2\n8 0.398173 0.252186 0.169515\n9 -0.375383 0.253777 0.149079\n2\n0.0113952 0.252982 0.159297\n-0.999649 0.00205571 -0.0264091\n2\n10 -0.359978 -0.574259 0.0094185\n11 0.364251 -0.579093 0.0093725\n2\n0.002136 -0.576676 0.0093955\n0.999978 -0.00667454 -6.35144e-05\n2\n12 0.362232 0.0640885 0.468872\n13 -0.356195 0.0655135 0.467421\n2\n0.00301847 0.064801 0.468147\n-0.999996 0.00198346 -0.00201962\n2\n14 0.356634 -0.336582 0.107065\n16 -0.357532 -0.334846 0.111945\n2\n-0.000449 -0.335714 0.109505\n-0.999974 0.00243074 0.00683367\n2\n15 -0.008648 -0.338991 -0.239604\n17 -0.000655 -0.334771 0.469377\n2\n-0.0046515 -0.336881 0.114886\n0.011273 0.00595102 0.999919\n2\n18 0.337629 -0.310008 0.456103\n19 -0.336148 -0.306939 0.452592\n2\n0.00074025 -0.308474 0.454347\n-0.999976 0.00455481 -0.00521005\n2\n20 -0.344147 -0.326495 -0.239935\n21 0.339811 -0.33058 -0.243746\n2\n-0.0021685 -0.328537 -0.24184\n0.999967 -0.00597312 -0.00557106\n2\n22 0.34874 0.388992 -0.239541\n23 -0.343628 0.397218 -0.231139\n2\n0.00255604 0.393105 -0.23534\n-0.999856 0.0118792 0.0121337\nL 24\n0\n0\n1\n0\n0\n0\n0\n0\n3\n3\n2\n2\n3\n3\n2\n2\n2\n2\n2\n2\n2\n2\n0\n0"
}