{
    "boxes": [
        [
            0.002470460021868348,
            -0.03990260139107704,
            0.18231500685214996,
            0.10112100094556808,
            0.6828219890594482,
            0.7848799824714661,
            -0.0001660999987507239,
            0.9983440041542053,
            -0.05753190070390701,
            -4.781989900948247e-06,
            0.05753190070390701,
            0.9983440041542053
        ],
        [
            -0.3819569945335388,
            -0.418271005153656,
            -0.23273900151252747,
            0.743910014629364,
            0.05027259886264801,
            0.061839401721954346,
            0.026786699891090393,
            0.9584069848060608,
            0.2841460108757019,
            0.1366710066795349,
            -0.28508999943733215,
            0.9487069845199585
        ],
        [
            0.3853189945220947,
            -0.40953999757766724,
            -0.23024600744247437,
            0.7572839856147766,
            0.05197880044579506,
            0.05812320113182068,
            -0.050497300922870636,
            0.9583020210266113,
            0.28126001358032227,
            0.23707300424575806,
            -0.2620680034160614,
            0.9354770183563232
        ],
        [
            0.37341201305389404,
            -0.4118959903717041,
            0.49508100748062134,
            0.7343909740447998,
            0.05908320099115372,
            0.06502749770879745,
            -0.06716159731149673,
            0.9977290034294128,
            0.005101900082081556,
            -0.4126650094985962,
            -0.032433200627565384,
            0.9103050231933594
        ],
        [
            -0.398934006690979,
            -0.771323025226593,
            0.08668850362300873,
            0.03344599902629852,
            0.8249589800834656,
            0.040460001677274704,
            0.0,
            1.0,
            0.0,
            0.0,
            0.0,
            1.0
        ],
        [
            0.0022830800153315067,
            0.3088270127773285,
            -0.2685900032520294,
            0.7248889803886414,
            0.10761400312185287,
            0.7815420031547546,
            -0.0001877449976745993,
            0.9721279740333557,
            -0.23445099592208862,
            -0.00023840699577704072,
            0.23445099592208862,
            0.9721279740333557
        ]
    ],
    "ops": [
        [
            0,
            0,
            0,
            0,
            0,
            1,
            2,
            1,
            1,
            1,
            0,
            1
        ]
    ],
    "syms": [
        [
            0.0,
            0.9997320175170898,
            -0.020475799217820168,
            -0.01083260029554367,
            0.0018545599887147546,
            -0.4042859971523285,
            0.4991070032119751,
            0.0
        ]
    ],
    "labels:": [
        [
            1,
            2,
            2,
            2,
            2,
            0
        ]
    ],
    "obj": 35785,
    "mat_index": 1177,
    "obbs": "N 8\n0.00228308 0.308827 -0.26859 -0.000187745 0.972128 -0.234451 -0.000238407 0.234451 0.972128 1 0.000238407 0.000187745 0.724889 0.107614 0.781542\n0.00247046 -0.0399026 0.182315 1 0.0001661 -4.78199e-06 -0.0001661 0.998344 -0.0575319 -4.78199e-06 0.0575319 0.998344 0.78488 0.101121 0.682822\n0.385319 -0.40954 -0.230246 0.970179 0.113918 -0.213954 0.237073 -0.262068 0.935477 0.0504973 -0.958302 -0.28126 0.0581232 0.0519788 0.757284\n-0.369703 -0.396676 0.503133 0.984197 -0.061392 -0.166093 0.165372 -0.0166805 0.98609 -0.0633086 -0.997974 -0.00626434 0.0518315 0.0442888 0.763981\n0.373412 -0.411896 0.495081 -0.0671616 0.997729 0.0051019 -0.412665 -0.0324332 0.910305 0.908403 0.0590321 0.413907 0.734391 0.0590832 0.0650275\n-0.381957 -0.418271 -0.232739 0.990254 0.0134219 -0.138623 0.136671 -0.28509 0.948707 -0.0267867 -0.958407 -0.284146 0.0618394 0.0502726 0.74391\n0.403216 -0.771303 0.0871435 1 0 0 0 1 0 0 0 1 0.040855 0.03336 0.824475\n-0.398934 -0.771323 0.0866885 1 0 0 0 1 0 0 0 1 0.04046 0.033446 0.824959\nC 11\n0 1\n0 5\n0 2\n1 2\n1 3\n1 4\n1 5\n2 6\n3 7\n4 6\n5 7\nS 2\n2\n3 -0.369703 -0.396676 0.503133\n4 0.373412 -0.411896 0.495081\n2\n0.00185456 -0.404286 0.499107\n0.999732 -0.0204758 -0.0108326\n2\n6 0.403216 -0.771303 0.0871435\n7 -0.398934 -0.771323 0.0866885\n2\n0.00214125 -0.771313 0.086916\n-1 -2.4933e-05 -0.000567225\nL 8\n0\n1\n2\n2\n2\n2\n2\n2"
}