{
    "boxes": [
        [
            -0.004455499816685915,
            -0.1811169981956482,
            0.18470999598503113,
            0.21203400194644928,
            0.6724879741668701,
            0.7283809781074524,
            0.0,
            1.0,
            0.0,
            0.0,
            0.0,
            1.0
        ],
        [
            -0.3067069947719574,
            -0.47294801473617554,
            0.462893009185791,
            0.7354990243911743,
            0.06433349847793579,
            0.06484539806842804,
            0.05218249931931496,
            0.9973809719085693,
            -0.05007139965891838,
            -0.27360299229621887,
            0.0625,
            0.9598100185394287
        ],
        [
            -0.025056999176740646,
            -0.6163560152053833,
            0.14393199980258942,
            0.03616489842534065,
            0.8139640092849731,
            0.025398200377821922,
            0.0030697500333189964,
            0.9998739957809448,
            -0.015554199926555157,
            -0.6588889956474304,
            0.013722900301218033,
            0.75211501121521
        ],
        [
            -0.2722339928150177,
            -0.5832599997520447,
            -0.17859500646591187,
            0.5435680150985718,
            0.06006669998168945,
            0.06865330040454865,
            0.169187992811203,
            0.9619489908218384,
            0.21454499661922455,
            -0.6149280071258545,
            -0.06708750128746033,
            0.7857239842414856
        ],
        [
            -0.003822699887678027,
            0.36039799451828003,
            -0.2582530081272125,
            0.8331300020217896,
            0.17347599565982819,
            0.7897520065307617,
            0.0005148950149305165,
            0.9338070154190063,
            -0.35777801275253296,
            0.0007486700196750462,
            0.3577769994735718,
            0.9338070154190063
        ],
        [
            -0.2337159961462021,
            -0.18615899980068207,
            -0.12188500165939331,
            0.3341729938983917,
            0.053573399782180786,
            0.04874210059642792,
            0.018024299293756485,
            0.9996340274810791,
            0.02015480026602745,
            0.45982199907302856,
            -0.02618739940226078,
            0.887624979019165
        ]
    ],
    "ops": [
        [
            0,
            0,
            0,
            0,
            1,
            1,
            2,
            1,
            0,
            0,
            2,
            1,
            1
        ]
    ],
    "syms": [
        [
            0.0,
            1.0,
            -2.560680059104925e-07,
            1.2506600342021557e-06,
            -0.004457090049982071,
            -0.47294801473617554,
            0.4628939926624298,
            0.0
        ],
        [
            0.0,
            0.9997389912605286,
            0.02283339947462082,
            0.0007735529798083007,
            -0.004647030029445887,
            -0.18092800676822662,
            -0.12170799821615219,
            0.0
        ]
    ],
    "labels:": [
        [
            1,
            2,
            2,
            2,
            0,
            0
        ]
    ],
    "obj": 2250,
    "mat_index": 118,
    "obbs": "N 10\n-0.0038227 0.360398 -0.258253 1 -0.00074867 -0.000514895 0.00074867 0.357777 0.933807 -0.000514895 -0.933807 0.357778 0.789752 0.173476 0.83313\n-0.025057 -0.616356 0.143932 0.658889 -0.0137229 -0.752115 0.752234 0.00793967 0.658848 -0.00306975 -0.999874 0.0155542 0.813964 0.0253982 0.0361649\n0.0101613 -0.616653 0.146904 -0.663265 0.0076642 -0.748346 0.748062 -0.0226006 -0.663244 -0.0219963 -0.999715 0.00925688 0.81781 0.0254109 0.0327135\n-0.0044555 -0.181117 0.18471 1 0 0 0 1 0 0 0 1 0.728381 0.212034 0.672488\n0.224422 -0.175696 -0.12153 -0.902139 -0.0261064 -0.430656 -0.430402 -0.0149449 0.902514 -0.0299975 0.999547 0.00224612 0.0490416 0.0541494 0.312871\n-0.233716 -0.186159 -0.121885 0.887828 -0.0067312 -0.460126 0.459822 -0.0261874 0.887625 -0.0180243 -0.999634 -0.0201548 0.0487421 0.0535734 0.334173\n-0.272234 -0.58326 -0.178595 0.614928 0.0670875 -0.785724 0.77022 -0.264865 0.580179 -0.169188 -0.961949 -0.214545 0.0600667 0.0686533 0.543568\n0.262243 -0.57731 -0.177304 -0.700444 0.07702 -0.709539 0.700619 0.26372 -0.663012 0.136054 -0.961519 -0.238683 0.0584899 0.0697428 0.556601\n0.297793 -0.472948 0.462894 0.96043 0.0364041 -0.276131 0.273585 0.0624994 0.959815 0.0521992 -0.997381 0.0500667 0.0648393 0.0643329 0.735499\n-0.306707 -0.472948 0.462893 -0.960426 0.0363856 -0.276148 -0.273603 0.0625 0.95981 0.0521825 0.997381 -0.0500714 0.0648454 0.0643335 0.735499\nC 18\n0 7\n0 5\n0 4\n0 3\n1 2\n1 9\n1 7\n2 6\n2 8\n2 5\n3 8\n3 6\n3 7\n3 9\n3 4\n3 5\n4 7\n5 6\nS 4\n2\n1 -0.025057 -0.616356 0.143932\n2 0.0101613 -0.616653 0.146904\n2\n-0.00744786 -0.616504 0.145418\n0.996423 -0.00839882 0.0840915\n2\n4 0.224422 -0.175696 -0.12153\n5 -0.233716 -0.186159 -0.121885\n2\n-0.00464703 -0.180928 -0.121708\n-0.999739 -0.0228334 -0.000773553\n2\n6 -0.272234 -0.58326 -0.178595\n7 0.262243 -0.57731 -0.177304\n2\n-0.0049951 -0.580285 -0.177949\n0.999935 0.0111315 0.00241471\n2\n8 0.297793 -0.472948 0.462894\n9 -0.306707 -0.472948 0.462893\n2\n-0.00445709 -0.472948 0.462894\n-1 2.56068e-07 -1.25066e-06\nL 10\n0\n2\n2\n1\n0\n0\n2\n2\n2\n2"
}