{
    "boxes": [
        [
            0.00903099961578846,
            -0.15337499976158142,
            0.038254499435424805,
            0.3748509883880615,
            0.9021570086479187,
            1.0539100170135498,
            0.0,
            1.0,
            0.0,
            0.0,
            0.0,
            1.0
        ],
        [
            -0.4980970025062561,
            0.4950009882450104,
            0.17819799482822418,
            0.06151629984378815,
            0.5723850131034851,
            0.06550460308790207,
            0.40661200881004333,
            0.864916980266571,
            0.29425299167633057,
            -0.1471939980983734,
            -0.25585299730300903,
            0.9554439783096313
        ],
        [
            0.5159069895744324,
            0.4946720004081726,
            0.17435500025749207,
            0.06183759868144989,
            0.5717840194702148,
            0.07155609875917435,
            0.6296610236167908,
            0.7665029764175415,
            0.1264919936656952,
            0.11714600026607513,
            -0.2546420097351074,
            0.9599140286445618
        ],
        [
            -0.474480003118515,
            0.146356999874115,
            0.13875900208950043,
            0.8437780141830444,
            0.5026789903640747,
            0.04956819862127304,
            -0.0008787349797785282,
            0.9995179772377014,
            -0.031029000878334045,
            -0.12615400552749634,
            0.030670300126075745,
            0.991536021232605
        ],
        [
            -0.5174890160560608,
            0.05578700080513954,
            0.4082010090351105,
            0.7434920072555542,
            0.06197400018572807,
            0.059748999774456024,
            0.0,
            1.0,
            0.0,
            0.0,
            0.0,
            1.0
        ],
        [
            -0.30012398958206177,
            -0.4950940012931824,
            -0.2512440085411072,
            0.4566429853439331,
            0.13228599727153778,
            0.10447599738836288,
            0.0,
            1.0,
            0.0,
            0.0,
            0.0,
            1.0
        ],
        [
            -0.4917739927768707,
            -0.5442799925804138,
            0.41000598669052124,
            0.4566420018672943,
            0.13228599727153778,
            0.15537799894809723,
            0.0,
            1.0,
            0.0,
            0.0,
            0.0,
            1.0
        ],
        [
            0.010661499574780464,
            0.1968729943037033,
            -0.28384700417518616,
            0.9326559901237488,
            0.4691289961338043,
            0.9125670194625854,
            0.0,
            1.0,
            0.0,
            0.0,
            0.0,
            1.0
        ],
        [
            0.006312740035355091,
            0.625756025314331,
            -0.2966119945049286,
            0.055716898292303085,
            0.4734939932823181,
            0.9912260174751282,
            -0.0004608329909387976,
            0.9642689824104309,
            0.2649250030517578,
            6.215350003913045e-05,
            -0.2649250030517578,
            0.9642689824104309
        ]
    ],
    "ops": [
        [
            0,
            0,
            0,
            0,
            0,
            1,
            2,
            1,
            1,
            1,
            0,
            0,
            1,
            2,
            1,
            0,
            0,
            1,
            1
        ]
    ],
    "syms": [
        [
            0.0,
            0.9999309778213501,
            -0.01104199979454279,
            0.004129310138523579,
            0.009310239925980568,
            0.14101499319076538,
            0.1407569944858551,
            0.0
        ],
        [
            0.0,
            1.0,
            -8.078459927673975e-07,
            0.0,
            0.009340750053524971,
            -0.4950940012931824,
            -0.2512440085411072,
            0.0
        ]
    ],
    "labels:": [
        [
            1,
            3,
            3,
            3,
            3,
            2,
            2,
            0,
            0
        ]
    ],
    "obj": 35810,
    "mat_index": 1189,
    "obbs": "N 13\n0.0106615 0.196873 -0.283847 1 0 0 0 1 0 0 0 1 0.912567 0.932656 0.469129\n0.00631274 0.625756 -0.296612 1 0.000460833 6.21535e-05 -0.000460833 0.964269 0.264925 6.21535e-05 -0.264925 0.964269 0.991226 0.0557169 0.473494\n0.009031 -0.153375 0.0382545 1 0 0 0 1 0 0 0 1 1.05391 0.374851 0.902157\n-0.47448 0.146357 0.138759 0.126154 -0.0306703 -0.991536 0.99201 0.00478573 0.126066 0.000878735 -0.999518 0.031029 0.502679 0.0495682 0.843778\n0.515907 0.494672 0.174355 -0.117146 0.254642 -0.959914 0.629661 0.766503 0.126492 0.767987 -0.589602 -0.250131 0.571784 0.0618376 0.0715561\n-0.498097 0.495001 0.178198 0.147194 0.255853 -0.955444 0.901666 -0.431807 0.0232778 -0.406612 -0.864917 -0.294253 0.572385 0.0655046 0.0615163\n0.4931 0.135673 0.142755 -0.00337833 -0.99971 -0.0238432 0.991169 -0.000186828 -0.132605 0.132562 -0.0240806 0.990882 0.81965 0.0426523 0.491512\n0.535994 0.05604 0.408193 1 0 0 0 1 0 0 0 1 0.059795 0.743998 0.06199\n-0.517489 0.055787 0.408201 1 0 0 0 1 0 0 0 1 0.059749 0.743492 0.061974\n-0.300124 -0.495094 -0.251244 1 0 0 0 1 0 0 0 1 0.104476 0.456643 0.132286\n0.318806 -0.495094 -0.251244 1 0 0 0 1 0 0 0 1 0.104475 0.456642 0.132286\n0.510256 -0.54428 0.410006 1 0 0 0 1 0 0 0 1 0.155378 0.456642 0.132286\n-0.491774 -0.54428 0.410006 1 0 0 0 1 0 0 0 1 0.155378 0.456642 0.132286\nC 32\n0 10\n0 3\n0 4\n0 5\n0 1\n0 6\n0 9\n0 2\n1 3\n1 6\n1 5\n1 4\n2 8\n2 12\n2 9\n2 6\n2 10\n2 3\n2 7\n2 11\n3 9\n3 5\n3 12\n3 8\n4 7\n4 6\n5 8\n6 7\n6 10\n6 11\n7 11\n8 12\nS 4\n2\n3 -0.47448 0.146357 0.138759\n6 0.4931 0.135673 0.142755\n2\n0.00931024 0.141015 0.140757\n0.999931 -0.011042 0.00412931\n2\n7 0.535994 0.05604 0.408193\n8 -0.517489 0.055787 0.408201\n2\n0.009252 0.0559135 0.408197\n-1 -0.000240156 7.59386e-06\n2\n9 -0.300124 -0.495094 -0.251244\n10 0.318806 -0.495094 -0.251244\n2\n0.00934075 -0.495094 -0.251244\n1 -8.07846e-07 0\n2\n11 0.510256 -0.54428 0.410006\n12 -0.491774 -0.54428 0.410006\n2\n0.009241 -0.54428 0.410006\n-1 0 0\nL 13\n0\n0\n1\n3\n3\n3\n3\n3\n3\n2\n2\n2\n2"
}