{
    "boxes": [
        [
            0.012261000461876392,
            -0.0662975013256073,
            0.08016149699687958,
            0.2536109983921051,
            0.9351029992103577,
            0.9532899856567383,
            0.0,
            1.0,
            0.0,
            0.0,
            0.0,
            1.0
        ],
        [
            -0.4218049943447113,
            -0.0789249986410141,
            0.45003101229667664,
            0.2398120015859604,
            0.10106399655342102,
            0.10106299817562103,
            0.0,
            1.0,
            0.0,
            0.0,
            0.0,
            1.0
        ],
        [
            -0.4396289885044098,
            0.12244299799203873,
            0.17925399541854858,
            0.5048720240592957,
            0.5087080001831055,
            0.07338599860668182,
            0.0,
            1.0,
            0.0,
            0.0,
            0.0,
            1.0
        ],
        [
            -0.43324899673461914,
            0.13284599781036377,
            0.2863689959049225,
            0.4348619878292084,
            0.15249300003051758,
            0.05810169875621796,
            -0.006245879922062159,
            0.8672410249710083,
            -0.4978500008583069,
            0.053495701402425766,
            0.4974370002746582,
            0.8658490180969238
        ],
        [
            -0.44443899393081665,
            0.3395560085773468,
            0.19146500527858734,
            0.10021699965000153,
            0.47781699895858765,
            0.06735929846763611,
            -0.04790790006518364,
            0.9923110008239746,
            0.11412499845027924,
            -0.004677940160036087,
            -0.11447799950838089,
            0.9934149980545044
        ],
        [
            -0.28002798557281494,
            -0.4611259996891022,
            -0.30175501108169556,
            0.581059992313385,
            0.10514499992132187,
            0.11133600026369095,
            0.0537961982190609,
            0.9968370199203491,
            0.05850280076265335,
            -0.38817501068115234,
            -0.03310300037264824,
            0.9209910035133362
        ],
        [
            -0.4211899936199188,
            -0.4702489972114563,
            0.4499399960041046,
            0.5575540065765381,
            0.07967100292444229,
            0.0796699970960617,
            0.0,
            1.0,
            0.0,
            0.0,
            0.0,
            1.0
        ],
        [
            0.017076000571250916,
            0.2002280056476593,
            -0.22582599520683289,
            0.6616960167884827,
            0.5514190196990967,
            0.9522740244865417,
            0.0,
            1.0,
            0.0,
            0.0,
            0.0,
            1.0
        ],
        [
            0.04683860018849373,
            0.47201400995254517,
            -0.236953005194664,
            0.10014499723911285,
            0.5797920227050781,
            0.9661189913749695,
            -0.007595859933644533,
            0.927266001701355,
            0.3743259906768799,
            -0.10305800288915634,
            -0.37307000160217285,
            0.9220619797706604
        ]
    ],
    "ops": [
        [
            0,
            0,
            0,
            1,
            0,
            0,
            1,
            1,
            2,
            1,
            0,
            0,
            1,
            2,
            1,
            0,
            0,
            1,
            1
        ]
    ],
    "syms": [
        [
            0.0,
            0.9999480247497559,
            0.0,
            0.010154100134968758,
            0.014793300069868565,
            -0.0789249986410141,
            0.45446398854255676,
            0.0
        ],
        [
            0.0,
            0.9999399781227112,
            -4.843559872824699e-05,
            0.010948100127279758,
            0.01926730014383793,
            -0.4611400067806244,
            -0.29847800731658936,
            0.0
        ]
    ],
    "labels:": [
        [
            1,
            3,
            3,
            3,
            3,
            2,
            2,
            0,
            0
        ]
    ],
    "obj": 35824,
    "mat_index": 1198,
    "obbs": "N 15\n0.017076 0.200228 -0.225826 1 0 0 0 1 0 0 0 1 0.952274 0.661696 0.551419\n0.0468386 0.472014 -0.236953 -0.994646 0.0315735 -0.098396 -0.00759586 0.927266 0.374326 0.103058 0.37307 -0.922062 0.966119 0.100145 0.579792\n-0.421805 -0.078925 0.450031 1 0 0 0 1 0 0 0 1 0.101063 0.239812 0.101064\n0.451392 -0.078925 0.458898 1 0 0 0 1 0 0 0 1 0.101356 0.239812 0.101356\n0.012261 -0.0662975 0.0801615 1 0 0 0 1 0 0 0 1 0.95329 0.253611 0.935103\n-0.439629 0.122443 0.179254 1 0 0 0 1 0 0 0 1 0.073386 0.504872 0.508708\n0.463738 0.107494 0.236817 1 0 0 0 1 0 0 0 1 0.071117 0.47469 0.417633\n-0.433249 0.132846 0.286369 -0.0534957 -0.497437 -0.865849 0.998549 -0.0212248 -0.0495005 0.00624588 -0.867241 0.49785 0.152493 0.0581017 0.434862\n0.465233 0.133257 0.291024 0.00573344 -0.489591 -0.871933 0.999883 -0.00957476 0.011951 -0.0141997 -0.871899 0.489479 0.155148 0.0525497 0.434654\n-0.444439 0.339556 0.191465 0.00467794 0.114478 -0.993415 0.998841 0.0470585 0.0101264 0.0479079 -0.992311 -0.114125 0.477817 0.0673593 0.100217\n0.478322 0.331703 0.23489 -0.125435 -0.986573 -0.104596 0.992013 -0.126133 5.95893e-05 -0.0132517 -0.103753 0.994515 0.0888514 0.0705781 0.408515\n-0.280028 -0.461126 -0.301755 -0.920014 0.0722551 -0.385166 -0.388175 -0.033103 0.920991 0.0537962 0.996837 0.0585028 0.111336 0.105145 0.58106\n0.318563 -0.461155 -0.295201 -0.0592986 0.997472 0.039156 0.437722 -0.00927083 0.899062 0.897153 0.0704526 -0.436066 0.580554 0.116255 0.111391\n0.453763 -0.470249 0.459572 1 0 0 0 1 0 0 0 1 0.07863 0.557554 0.07863\n-0.42119 -0.470249 0.44994 1 0 0 0 1 0 0 0 1 0.07967 0.557554 0.079671\nC 48\n0 7\n0 10\n0 11\n0 4\n0 12\n0 5\n0 8\n0 1\n0 6\n0 9\n1 6\n1 5\n1 10\n1 4\n1 9\n1 8\n1 7\n2 5\n2 9\n2 14\n2 7\n2 4\n3 10\n3 6\n3 13\n3 8\n3 4\n4 7\n4 8\n4 12\n4 9\n4 13\n4 10\n4 5\n4 14\n4 11\n4 6\n5 9\n5 11\n5 7\n5 14\n6 10\n6 8\n6 13\n7 14\n7 9\n8 13\n8 10\nS 6\n2\n2 -0.421805 -0.078925 0.450031\n3 0.451392 -0.078925 0.458898\n2\n0.0147933 -0.078925 0.454464\n0.999948 0 0.0101541\n2\n5 -0.439629 0.122443 0.179254\n6 0.463738 0.107494 0.236817\n2\n0.0120547 0.114969 0.208036\n0.99784 -0.0165123 0.0635834\n2\n7 -0.433249 0.132846 0.286369\n8 0.465233 0.133257 0.291024\n2\n0.0159924 0.133051 0.288697\n0.999986 0.000458062 0.00518018\n2\n9 -0.444439 0.339556 0.191465\n10 0.478322 0.331703 0.23489\n2\n0.0169413 0.33563 0.213178\n0.998858 -0.00850097 0.0470063\n2\n11 -0.280028 -0.461126 -0.301755\n12 0.318563 -0.461155 -0.295201\n2\n0.0192673 -0.46114 -0.298478\n0.99994 -4.84356e-05 0.0109481\n2\n13 0.453763 -0.470249 0.459572\n14 -0.42119 -0.470249 0.44994\n2\n0.0162865 -0.470249 0.454756\n-0.999939 0 -0.0110074\nL 15\n0\n0\n3\n3\n1\n3\n3\n3\n3\n3\n3\n2\n2\n2\n2"
}