{
    "boxes": [
        [
            -0.006007879972457886,
            -0.11031699925661087,
            0.10559000074863434,
            0.24028199911117554,
            0.8340569734573364,
            0.8791679739952087,
            0.01130709983408451,
            0.9931979775428772,
            -0.11588999629020691,
            -0.05167609825730324,
            0.11632300168275833,
            0.9918659925460815
        ],
        [
            -0.4214380085468292,
            0.22191500663757324,
            0.09341549873352051,
            0.07644200325012207,
            0.6611379981040955,
            0.07408790290355682,
            -0.2510159909725189,
            0.9555850028991699,
            -0.15442900359630585,
            -0.07044479995965958,
            0.14108000695705414,
            0.9874889850616455
        ],
        [
            -0.44664400815963745,
            0.06024559959769249,
            0.43654298782348633,
            0.36187300086021423,
            0.06655669957399368,
            0.06477879732847214,
            0.010861599817872047,
            0.9750189781188965,
            -0.22185400128364563,
            -0.2460850030183792,
            0.21764999628067017,
            0.9444950222969055
        ],
        [
            -0.37991198897361755,
            -0.44471800327301025,
            -0.3688400089740753,
            0.6806780099868774,
            0.07679949700832367,
            0.06719320267438889,
            -0.017466599121689796,
            0.949554979801178,
            0.3131130039691925,
            -0.4896329939365387,
            -0.2811639904975891,
            0.8253520131111145
        ],
        [
            -0.4466699957847595,
            -0.43097200989723206,
            0.502282977104187,
            0.678725004196167,
            0.06841959804296494,
            0.05330359935760498,
            -0.007324500009417534,
            0.9970420002937317,
            -0.07650720328092575,
            -0.06437789648771286,
            0.07588040083646774,
            0.9950370192527771
        ],
        [
            -0.38396498560905457,
            0.2015089988708496,
            -0.28898099064826965,
            0.7255759835243225,
            0.11865700036287308,
            0.05654659867286682,
            0.003416159888729453,
            0.9961559772491455,
            -0.08752699941396713,
            0.035531800240278244,
            0.08735129982233047,
            0.9955440163612366
        ],
        [
            0.004762600176036358,
            0.26566600799560547,
            -0.2629980146884918,
            0.6450309753417969,
            0.12151399999856949,
            0.7356370091438293,
            0.017817199230194092,
            0.9534819722175598,
            -0.30092400312423706,
            -0.04711569845676422,
            0.30143800377845764,
            0.9523209929466248
        ],
        [
            0.007079690229147673,
            0.21962299942970276,
            -0.319676011800766,
            0.7080510258674622,
            0.1320039927959442,
            0.7382389903068542,
            0.01661130040884018,
            0.98260897397995,
            -0.1849440038204193,
            -0.04310129955410957,
            0.18550199270248413,
            0.9816979765892029
        ]
    ],
    "ops": [
        [
            0,
            0,
            0,
            1,
            2,
            1,
            0,
            0,
            1,
            2,
            1,
            0,
            2,
            0,
            0,
            1,
            1,
            1
        ]
    ],
    "syms": [
        [
            0.0,
            0.9991220235824585,
            0.0015937499701976776,
            0.04186049848794937,
            -0.01394519954919815,
            0.22256499528884888,
            0.11048799753189087,
            0.0
        ],
        [
            0.0,
            0.9987180233001709,
            0.02504570037126541,
            0.04398839920759201,
            0.008511999621987343,
            -0.4349769949913025,
            -0.3517319858074188,
            0.0
        ],
        [
            0.0,
            0.9985560178756714,
            0.03289709985256195,
            0.042478300631046295,
            0.005112749990075827,
            0.21432699263095856,
            -0.2724300026893616,
            0.0
        ]
    ],
    "labels:": [
        [
            1,
            3,
            3,
            2,
            2,
            0,
            0,
            0
        ]
    ],
    "obj": 35827,
    "mat_index": 1201,
    "obbs": "N 13\n0.0047626 0.265666 -0.262998 -0.998731 0.00278949 -0.0502948 -0.0471157 0.301438 0.952321 0.0178172 0.953482 -0.300924 0.735637 0.121514 0.645031\n-0.00600788 -0.110317 0.10559 -0.9986 0.0052264 -0.0526398 0.0113071 0.993198 -0.11589 0.0516761 -0.116323 -0.991866 0.879168 0.240282 0.834057\n-0.383965 0.201509 -0.288981 -0.0355318 -0.0873513 -0.995544 0.999363 -0.00651093 -0.0350968 -0.00341616 -0.996156 0.087527 0.118657 0.0565466 0.725576\n0.394191 0.227145 -0.255878 0.0194455 -0.136852 -0.990401 0.999803 -0.0011962 0.0197954 -0.00389376 -0.990591 0.136802 0.108377 0.0512038 0.678245\n0.393547 0.223215 0.127561 -0.0341109 -0.124866 -0.991587 0.506279 0.853282 -0.124866 0.861695 -0.506279 0.0341109 0.662629 0.0834387 0.0824731\n-0.421438 0.221915 0.0934155 0.0704448 -0.14108 -0.987489 -0.251016 0.955585 -0.154429 0.965416 0.258754 0.0319026 0.661138 0.076442 0.0740879\n0.395635 0.0641524 0.470494 -0.99895 0.00955834 -0.0448015 -0.0413517 0.232686 0.971672 0.0197123 0.972505 -0.232046 0.0610251 0.0631139 0.354272\n-0.446644 0.0602456 0.436543 -0.969187 -0.0443364 -0.242302 -0.246085 0.21765 0.944495 0.0108616 0.975019 -0.221854 0.0647788 0.0665567 0.361873\n0.00707969 0.219623 -0.319676 -0.998933 0.00833594 -0.0454331 -0.0431013 0.185502 0.981698 0.0166113 0.982609 -0.184944 0.738239 0.132004 0.708051\n-0.379912 -0.444718 -0.36884 -0.871754 0.138894 -0.469845 -0.489633 -0.281164 0.825352 -0.0174666 0.949555 0.313113 0.0671932 0.0767995 0.680678\n0.396936 -0.425236 -0.334624 0.959208 0.113439 -0.258942 0.281544 -0.300567 0.911259 0.0255427 -0.946991 -0.320244 0.0744226 0.0818831 0.718846\n0.394674 -0.425456 0.535744 -0.000241056 0.996982 -0.0776275 -0.169167 0.076468 0.982617 0.985587 0.0133688 0.168638 0.68996 0.0748571 0.0597486\n-0.44667 -0.430972 0.502283 -0.997899 -0.0122135 -0.0636317 -0.0643779 0.0758804 0.995037 -0.0073245 0.997042 -0.0765072 0.0533036 0.0684196 0.678725\nC 34\n0 10\n0 3\n0 4\n0 5\n0 8\n0 1\n0 9\n0 2\n1 3\n1 6\n1 11\n1 2\n1 5\n1 10\n1 4\n1 9\n1 12\n1 8\n1 7\n2 8\n2 5\n2 9\n3 10\n3 8\n3 4\n4 8\n4 10\n4 6\n5 8\n5 7\n6 11\n7 12\n8 9\n8 10\nS 5\n2\n2 -0.383965 0.201509 -0.288981\n3 0.394191 0.227145 -0.255878\n2\n0.00511275 0.214327 -0.27243\n0.998556 0.0328971 0.0424783\n2\n4 0.393547 0.223215 0.127561\n5 -0.421438 0.221915 0.0934155\n2\n-0.0139452 0.222565 0.110488\n-0.999122 -0.00159375 -0.0418605\n2\n6 0.395635 0.0641524 0.470494\n7 -0.446644 0.0602456 0.436543\n2\n-0.0255046 0.062199 0.453518\n-0.999178 -0.00463453 -0.0402754\n2\n9 -0.379912 -0.444718 -0.36884\n10 0.396936 -0.425236 -0.334624\n2\n0.008512 -0.434977 -0.351732\n0.998718 0.0250457 0.0439884\n2\n11 0.394674 -0.425456 0.535744\n12 -0.44667 -0.430972 0.502283\n2\n-0.0259976 -0.428214 0.519014\n-0.999189 -0.00655017 -0.0397386\nL 13\n0\n1\n0\n0\n3\n3\n3\n3\n0\n2\n2\n2\n2"
}