{
    "boxes": [
        [
            -0.0014270000392571092,
            -0.13329699635505676,
            0.2253659963607788,
            0.12609900534152985,
            0.7996379733085632,
            0.795993983745575,
            -1.8449499705752714e-09,
            0.9992110133171082,
            0.039721500128507614,
            3.6656500751464094e-11,
            -0.039721500128507614,
            0.9992110133171082
        ],
        [
            -0.44917500019073486,
            0.2388170063495636,
            -0.033283498138189316,
            0.04507799819111824,
            0.43700098991394043,
            0.06019999831914902,
            0.0,
            1.0,
            0.0,
            0.0,
            0.0,
            1.0
        ],
        [
            -0.4492399990558624,
            0.030352400615811348,
            0.25583699345588684,
            0.46345099806785583,
            0.04778499901294708,
            0.0719354972243309,
            -0.02762790024280548,
            0.9399930238723755,
            -0.34007298946380615,
            -0.0393529012799263,
            0.33891698718070984,
            0.9399930238723755
        ],
        [
            -0.44916999340057373,
            0.24305400252342224,
            -0.006155999843031168,
            0.050999999046325684,
            0.3683139979839325,
            0.07469800114631653,
            0.0,
            1.0,
            0.0,
            0.0,
            0.0,
            1.0
        ],
        [
            -0.0014280000468716025,
            -0.19884100556373596,
            0.3446420133113861,
            0.049750201404094696,
            0.026533300057053566,
            0.8457440137863159,
            -0.0,
            0.9396979808807373,
            -0.34200501441955566,
            0.0,
            0.34200501441955566,
            0.9396979808807373
        ],
        [
            -0.44917500019073486,
            -0.793586015701294,
            0.35463300347328186,
            0.014925000257790089,
            0.11608300358057022,
            0.058042000979185104,
            0.0,
            1.0,
            0.0,
            0.0,
            0.0,
            1.0
        ],
        [
            -0.45081400871276855,
            -0.4561370015144348,
            0.4240190088748932,
            0.6074849963188171,
            0.07986339926719666,
            0.07579520344734192,
            -0.01923389919102192,
            0.951632022857666,
            -0.3066369891166687,
            -0.09802710264921188,
            0.3034220039844513,
            0.9478009939193726
        ],
        [
            -0.0014285000506788492,
            -0.776174008846283,
            -0.35849401354789734,
            0.022979000583291054,
            0.02653300017118454,
            0.8413010239601135,
            0.0,
            1.0,
            0.0,
            0.0,
            0.0,
            1.0
        ],
        [
            -0.44917500019073486,
            -0.793586015701294,
            -0.25070399045944214,
            0.014925000257790089,
            0.11608199775218964,
            0.058042000979185104,
            0.0,
            1.0,
            0.0,
            0.0,
            0.0,
            1.0
        ],
        [
            -0.44917500019073486,
            -0.7567539811134338,
            0.06083200126886368,
            0.07416599988937378,
            0.8905640244483948,
            0.06019999831914902,
            0.0,
            1.0,
            0.0,
            0.0,
            0.0,
            1.0
        ],
        [
            -0.0022802900057286024,
            0.23200400173664093,
            -0.25635799765586853,
            1.0480300188064575,
            0.1988220065832138,
            0.8457409739494324,
            0.0018418700201436877,
            0.9837849736213684,
            -0.1793449968099594,
            0.002208000048995018,
            0.17934100329875946,
            0.9837849736213684
        ],
        [
            -0.400424987077713,
            0.24345199763774872,
            -0.22211100161075592,
            0.02775369957089424,
            0.02966970019042492,
            0.05047230049967766,
            0.010207300074398518,
            0.9883679747581482,
            -0.15173999965190887,
            0.0007789600058458745,
            0.15173999965190887,
            0.9884200096130371
        ]
    ],
    "ops": [
        [
            0,
            0,
            0,
            0,
            1,
            1,
            2,
            1,
            0,
            0,
            0,
            1,
            2,
            1,
            0,
            0,
            0,
            1,
            2,
            1,
            1,
            1,
            0,
            0,
            2,
            1,
            1
        ]
    ],
    "syms": [
        [
            0.0,
            0.9999949932098389,
            0.0024048099294304848,
            0.0019050899427384138,
            -0.001428249990567565,
            0.23989400267601013,
            -0.032430499792099,
            0.0
        ],
        [
            0.0,
            1.0,
            -0.0,
            -0.0,
            -0.001428249990567565,
            -0.793586015701294,
            0.35463300347328186,
            0.0
        ],
        [
            0.0,
            1.0,
            -0.0,
            -0.0,
            -0.001428249990567565,
            -0.793586015701294,
            -0.25070399045944214,
            0.0
        ],
        [
            0.0,
            1.0,
            9.346550200461934e-09,
            -5.261550084512123e-10,
            -0.0014280000468716025,
            0.24345199763774872,
            -0.22211100161075592,
            0.0
        ]
    ],
    "labels:": [
        [
            1,
            3,
            3,
            3,
            2,
            2,
            2,
            2,
            2,
            2,
            0,
            0
        ]
    ],
    "obj": 35873,
    "mat_index": 1220,
    "obbs": "N 20\n-0.00228029 0.232004 -0.256358 0.999996 -0.002208 -0.00184187 0.002208 0.179341 0.983785 -0.00184187 -0.983785 0.179345 0.845741 0.198822 1.04803\n-0.001427 -0.133297 0.225366 1 1.84495e-09 3.66565e-11 -1.84495e-09 0.999211 0.0397215 3.66565e-11 -0.0397215 0.999211 0.795994 0.126099 0.799638\n0.446319 -0.793586 0.354633 1 0 0 -0 1 0 0 -0 1 0.058041 0.014925 0.116083\n0.446319 -0.793586 -0.250704 1 0 0 0 1 0 0 0 1 0.058041 0.014925 0.116082\n-0.449175 -0.793586 -0.250704 1 0 0 0 1 0 0 0 1 0.058042 0.014925 0.116082\n-0.449175 -0.793586 0.354633 1 0 0 0 1 0 0 0 1 0.058042 0.014925 0.116083\n0.446335 0.0502077 0.246849 -0.998525 -0.00270477 -0.0542276 -0.0518865 0.341709 0.938372 0.015992 0.939802 -0.341345 0.0677287 0.0503426 0.405355\n-0.44924 0.0303524 0.255837 -0.0276279 0.939993 -0.340073 -0.0393529 0.338917 0.939993 0.998843 0.0393529 0.0276279 0.463451 0.047785 0.0719355\n0.446324 0.243054 -0.006156 1 0 0 0 1 0 0 0 1 0.074698 0.051 0.368314\n0.446319 0.24097 -0.0315775 1 0 0 0 1 0 0 0 1 0.060199 0.040771 0.440413\n-0.44917 0.243054 -0.006156 1 0 0 0 1 0 0 0 1 0.074698 0.051 0.368314\n-0.449175 0.238817 -0.0332835 1 0 0 0 1 0 0 0 1 0.0602 0.045078 0.437001\n-0.001428 -0.198841 0.344642 1 0 0 0 0.342005 0.939698 0 -0.939698 0.342005 0.845744 0.0265333 0.0497502\n-0.400425 0.243452 -0.222111 -0.00077896 -0.15174 -0.98842 0.0102073 0.988368 -0.15174 0.999948 -0.0102073 0.00077896 0.0296697 0.0277537 0.0504723\n0.397569 0.243452 -0.222111 0.999948 0.0102066 -0.00077895 -0.0102066 0.988367 -0.151748 -0.00077895 0.151748 0.988419 0.0504723 0.0277536 0.0296698\n0.447277 -0.432846 0.416707 0.00830098 0.951744 -0.306782 -0.131959 0.305152 0.943117 0.99122 0.0326539 0.128125 0.659231 0.0798758 0.0685691\n-0.450814 -0.456137 0.424019 -0.0192339 0.951632 -0.306637 -0.0980271 0.303422 0.947801 0.994998 0.0482887 0.0874497 0.607485 0.0798634 0.0757952\n-0.0014285 -0.776174 -0.358494 1 0 0 0 1 0 0 0 1 0.841301 0.022979 0.026533\n0.446319 -0.762116 0.060833 1 0 0 0 1 0 0 0 1 0.060199 0.063442 0.890566\n-0.449175 -0.756754 0.060832 1 0 0 0 1 0 0 0 1 0.0602 0.074166 0.890564\nC 40\n0 14\n0 10\n0 9\n0 11\n0 8\n0 1\n0 13\n1 15\n1 6\n1 16\n1 12\n1 7\n2 18\n2 15\n3 17\n3 18\n4 19\n4 17\n5 19\n5 16\n6 9\n6 15\n6 12\n6 8\n7 12\n7 16\n7 11\n7 10\n8 9\n8 14\n9 14\n10 11\n10 13\n11 13\n12 16\n12 15\n15 18\n16 19\n17 19\n17 18\nS 8\n2\n2 0.446319 -0.793586 0.354633\n5 -0.449175 -0.793586 0.354633\n2\n-0.00142825 -0.793586 0.354633\n-1 0 0\n2\n3 0.446319 -0.793586 -0.250704\n4 -0.449175 -0.793586 -0.250704\n2\n-0.00142825 -0.793586 -0.250704\n-1 0 0\n2\n6 0.446335 0.0502077 0.246849\n7 -0.44924 0.0303524 0.255837\n2\n-0.00145232 0.0402801 0.251343\n-0.999704 -0.0221638 0.0100328\n2\n8 0.446324 0.243054 -0.006156\n10 -0.44917 0.243054 -0.006156\n2\n-0.001423 0.243054 -0.006156\n-1 0 0\n2\n9 0.446319 0.24097 -0.0315775\n11 -0.449175 0.238817 -0.0332835\n2\n-0.00142825 0.239894 -0.0324305\n-0.999995 -0.00240481 -0.00190509\n2\n13 -0.400425 0.243452 -0.222111\n14 0.397569 0.243452 -0.222111\n2\n-0.001428 0.243452 -0.222111\n1 9.34655e-09 -5.26155e-10\n2\n15 0.447277 -0.432846 0.416707\n16 -0.450814 -0.456137 0.424019\n2\n-0.00176878 -0.444492 0.420363\n-0.999631 -0.0259248 0.00813958\n2\n18 0.446319 -0.762116 0.060833\n19 -0.449175 -0.756754 0.060832\n2\n-0.00142825 -0.759435 0.0608325\n-0.999982 0.00598765 -1.11668e-06\nL 20\n0\n1\n2\n2\n2\n2\n3\n3\n3\n3\n3\n3\n2\n0\n0\n2\n2\n2\n2\n2"
}