{
    "boxes": [
        [
            0.011039599776268005,
            -0.09861890226602554,
            0.2637059986591339,
            0.04783950001001358,
            0.7804750204086304,
            0.930965006351471,
            6.79614968248643e-05,
            0.969992995262146,
            -0.24313199520111084,
            8.38764026411809e-06,
            0.24313199520111084,
            0.969992995262146
        ],
        [
            -0.45824000239372253,
            -0.19247999787330627,
            0.04470770061016083,
            0.2720310091972351,
            1.2321499586105347,
            0.04132229834794998,
            -0.024629399180412292,
            0.8738890290260315,
            -0.4855009913444519,
            0.02789130061864853,
            0.4860599935054779,
            0.8734800219535828
        ],
        [
            -0.43128401041030884,
            -0.03190559893846512,
            0.34544000029563904,
            0.016068900004029274,
            0.6035839915275574,
            0.037490300834178925,
            0.039741601794958115,
            0.9959160089492798,
            -0.08106529712677002,
            0.0016141299856826663,
            0.08106529712677002,
            0.996707022190094
        ],
        [
            -0.48785400390625,
            -0.3485470116138458,
            -0.19989700615406036,
            0.1260019987821579,
            0.6845359802246094,
            0.04112130030989647,
            -0.07950899749994278,
            0.7584019899368286,
            -0.6469190120697021,
            -0.034638598561286926,
            0.6464800238609314,
            0.7621449828147888
        ],
        [
            0.5046560168266296,
            -0.38653698563575745,
            0.35074400901794434,
            0.05867990106344223,
            0.6768090128898621,
            0.03651310130953789,
            -0.021536100655794144,
            0.7667040228843689,
            0.641638994216919,
            -0.0032301300670951605,
            -0.641838014125824,
            0.7668330073356628
        ],
        [
            0.00011200000153621659,
            -0.3223609924316406,
            0.09599050134420395,
            0.5511990189552307,
            1.0544500350952148,
            1.0281800031661987,
            0.0,
            1.0,
            0.0,
            0.0,
            0.0,
            1.0
        ],
        [
            0.005099770147353411,
            0.17942599952220917,
            -0.2826020121574402,
            0.8011879920959473,
            0.01548170018941164,
            0.8371049761772156,
            0.00042613199912011623,
            0.8804180026054382,
            -0.47419801354408264,
            0.0007135270279832184,
            0.47419801354408264,
            0.8804180026054382
        ],
        [
            -0.43119698762893677,
            0.21793900430202484,
            -0.2315959930419922,
            0.7897989749908447,
            0.08212649822235107,
            0.04057890176773071,
            -0.0029668998904526234,
            0.7661479711532593,
            -0.642657995223999,
            -0.049111198633909225,
            0.641772985458374,
            0.7653200030326843
        ]
    ],
    "ops": [
        [
            0,
            0,
            0,
            1,
            2,
            1,
            0,
            2,
            0,
            0,
            1,
            1,
            1,
            0,
            0,
            2,
            1,
            1
        ]
    ],
    "syms": [
        [
            0.0,
            0.9999920129776001,
            -0.0013352700043469667,
            0.003749170107766986,
            0.004862749949097633,
            -0.1930990070104599,
            0.04644389823079109,
            0.0
        ],
        [
            0.0,
            0.9999889731407166,
            0.00408161012455821,
            -0.0022979099303483963,
            0.00603350019082427,
            -0.3465319871902466,
            -0.20103199779987335,
            0.0
        ],
        [
            0.0,
            0.9999899864196777,
            -0.0031417598947882652,
            -0.003023009980097413,
            0.004838880151510239,
            0.21656900644302368,
            -0.232914000749588,
            0.0
        ]
    ],
    "labels:": [
        [
            1,
            3,
            3,
            2,
            2,
            2,
            0,
            0
        ]
    ],
    "obj": 35878,
    "mat_index": 1223,
    "obbs": "N 12\n0.00509977 0.179426 -0.282602 1 -0.000713527 -0.000426132 0.000713527 0.474198 0.880418 -0.000426132 -0.880418 0.474198 0.837105 0.0154817 0.801188\n0.467966 -0.193717 0.0481802 0.0287245 -0.467965 -0.88328 0.999301 -0.00771987 0.0365875 -0.0239405 -0.883714 0.467416 1.23194 0.040927 0.279115\n-0.45824 -0.19248 0.0447077 -0.0246294 0.873889 -0.485501 0.999307 0.00797202 -0.0363453 -0.0278913 -0.48606 -0.87348 0.272031 0.0413223 1.23215\n0.0110396 -0.0986189 0.263706 1 -6.79615e-05 8.38764e-06 6.79615e-05 0.969993 -0.243132 8.38764e-06 0.243132 0.969993 0.930965 0.0478395 0.780475\n-0.431197 0.217939 -0.231596 0.0491112 -0.641773 -0.76532 0.998789 0.0338323 0.0357223 0.0029669 -0.766148 0.642658 0.0821265 0.0405789 0.789799\n0.440874 0.215199 -0.234233 0.00220461 0.755442 -0.655212 0.998946 -0.0316985 -0.0331864 -0.0458396 -0.654448 -0.754716 0.78999 0.0403809 0.081469\n0.441154 -0.0319056 0.34544 0.999196 0.0400605 -0.00162678 -0.0400605 0.995905 -0.0810501 -0.00162678 0.0810501 0.996709 0.0374956 0.0160514 0.603584\n-0.431284 -0.0319056 0.34544 -0.00161413 -0.0810653 -0.996707 0.0397416 0.995916 -0.0810653 0.999209 -0.0397416 0.00161413 0.603584 0.0160689 0.0374903\n0.499921 -0.344516 -0.202167 0.103786 0.768123 -0.631835 0.994192 -0.0983183 0.0437807 -0.0284919 -0.632709 -0.773866 0.124781 0.0422058 0.684623\n0.504656 -0.386537 0.350744 0.00323013 0.641838 -0.766833 0.999763 0.014442 0.0162992 0.0215361 -0.766704 -0.641639 0.676809 0.0365131 0.0586799\n-0.487854 -0.348547 -0.199897 -0.079509 0.758402 -0.646919 0.996232 0.0830057 -0.025131 0.0346386 -0.64648 -0.762145 0.126002 0.0411213 0.684536\n0.000112 -0.322361 0.0959905 1 0 0 0 1 0 0 0 1 1.02818 0.551199 1.05445\nC 46\n0 2\n0 7\n0 10\n0 3\n0 11\n0 4\n0 5\n0 8\n0 1\n0 6\n0 9\n1 3\n1 6\n1 11\n1 5\n1 9\n1 8\n2 10\n2 3\n2 7\n2 11\n2 4\n3 11\n3 7\n3 10\n3 6\n3 9\n3 5\n3 8\n3 4\n4 7\n4 10\n4 11\n5 9\n5 6\n5 8\n5 11\n6 9\n6 11\n6 8\n7 11\n7 10\n8 9\n8 11\n9 11\n10 11\nS 4\n2\n1 0.467966 -0.193717 0.0481802\n2 -0.45824 -0.19248 0.0447077\n2\n0.00486275 -0.193099 0.0464439\n-0.999992 0.00133527 -0.00374917\n2\n4 -0.431197 0.217939 -0.231596\n5 0.440874 0.215199 -0.234233\n2\n0.00483888 0.216569 -0.232914\n0.99999 -0.00314176 -0.00302301\n2\n6 0.441154 -0.0319056 0.34544\n7 -0.431284 -0.0319056 0.34544\n2\n0.004935 -0.0319056 0.34544\n-1 6.09831e-09 2.81354e-07\n2\n8 0.499921 -0.344516 -0.202167\n10 -0.487854 -0.348547 -0.199897\n2\n0.0060335 -0.346532 -0.201032\n-0.999989 -0.00408161 0.00229791\nL 12\n0\n3\n3\n1\n0\n0\n3\n3\n2\n2\n2\n2"
}