{
    "boxes": [
        [
            -0.03088420070707798,
            -0.23650400340557098,
            0.147257000207901,
            0.4368929862976074,
            0.7105290293693542,
            0.7232829928398132,
            0.0415010005235672,
            0.9848719835281372,
            -0.16824199259281158,
            -0.2042900025844574,
            0.1731940060853958,
            0.963467001914978
        ],
        [
            -0.3714820146560669,
            -0.20836199820041656,
            -0.016467800363898277,
            0.19734600186347961,
            0.19734600186347961,
            0.020003600046038628,
            -0.12584899365901947,
            0.8053650259971619,
            0.5792660117149353,
            -0.17303599417209625,
            -0.5927780270576477,
            0.7865579724311829
        ],
        [
            0.3478870093822479,
            -0.20837299525737762,
            0.14050699770450592,
            0.19737400114536285,
            0.19737400114536285,
            0.020089099183678627,
            -0.02364340052008629,
            0.9939950108528137,
            0.10683999955654144,
            -0.21140700578689575,
            -0.10942400246858597,
            0.971252977848053
        ],
        [
            -0.4139710068702698,
            -0.02501939982175827,
            0.10618399828672409,
            0.5060709714889526,
            0.057719700038433075,
            0.02331010065972805,
            -0.09891989827156067,
            0.8178949952125549,
            0.5667999982833862,
            -0.1661369949579239,
            -0.575173020362854,
            0.8009840250015259
        ],
        [
            -0.430867999792099,
            0.17276699841022491,
            0.2201090008020401,
            0.034475501626729965,
            0.43001601099967957,
            0.09034939855337143,
            -0.10948900133371353,
            0.989342987537384,
            0.09598340094089508,
            -0.20149199664592743,
            -0.11665000021457672,
            0.9725189805030823
        ],
        [
            -0.040820300579071045,
            -0.5881069898605347,
            0.1739480048418045,
            0.5065320134162903,
            0.1427910029888153,
            0.0767320990562439,
            0.08578330278396606,
            0.9375330209732056,
            -0.3371550142765045,
            -0.20175300538539886,
            0.34773701429367065,
            0.9156280159950256
        ],
        [
            -0.011224700137972832,
            -0.8225029706954956,
            0.059033799916505814,
            0.08140929788351059,
            0.6326709985733032,
            0.3169209957122803,
            -0.001379380002617836,
            0.9999650120735168,
            -0.008238060399889946,
            -0.2079170048236847,
            0.007771249860525131,
            0.978115975856781
        ],
        [
            0.042694199830293655,
            0.32779601216316223,
            -0.15346400439739227,
            1.1973899602890015,
            0.4399920105934143,
            0.7344949841499329,
            0.00022790199727751315,
            0.9967309832572937,
            -0.08079499751329422,
            -0.2795810103416443,
            0.07763650268316269,
            0.9569780230522156
        ]
    ],
    "ops": [
        [
            0,
            0,
            0,
            0,
            0,
            1,
            2,
            1,
            1,
            1,
            0,
            0,
            1,
            1,
            0,
            1
        ]
    ],
    "syms": [
        [
            0.0,
            0.977931022644043,
            0.0025547000113874674,
            0.2089110016822815,
            -0.038887299597263336,
            -0.024039600044488907,
            0.1863120049238205,
            0.0
        ]
    ],
    "labels:": [
        [
            1,
            3,
            3,
            3,
            3,
            2,
            2,
            0
        ]
    ],
    "obj": 35895,
    "mat_index": 1233,
    "obbs": "N 10\n0.0426942 0.327796 -0.153464 -0.960122 -0.0223707 -0.278685 -0.279581 0.0776365 0.956978 0.000227902 0.996731 -0.080795 0.734495 0.439992 1.19739\n0.347887 -0.208373 0.140507 -0.0236434 0.993995 0.10684 0.977112 0.00037705 0.212725 0.211407 0.109424 -0.971253 0.197374 0.0200891 0.197374\n-0.371482 -0.208362 -0.0164678 0.125849 -0.805365 -0.579266 0.976842 -0.00124619 0.213958 -0.173036 -0.592778 0.786558 0.197346 0.0200036 0.197346\n-0.0308842 -0.236504 0.147257 -0.97803 0.0056147 -0.208388 0.041501 0.984872 -0.168242 0.20429 -0.173194 -0.963467 0.723283 0.436893 0.710529\n-0.0408203 -0.588107 0.173948 0.201753 -0.347737 -0.915628 0.975673 -0.0105237 0.21898 -0.0857833 -0.937533 0.337155 0.142791 0.0767321 0.506532\n0.336196 -0.0230597 0.266439 0.173316 0.557669 -0.811767 0.974506 0.0221329 0.223267 0.142476 -0.829768 -0.539616 0.0594797 0.0232937 0.505582\n-0.413971 -0.0250194 0.106184 0.0989199 -0.817895 -0.5668 0.981129 -0.014933 0.192779 -0.166137 -0.575173 0.800984 0.506071 0.0233101 0.0577197\n0.303302 0.172679 0.380569 0.211313 0.118094 -0.970258 0.0572947 0.989471 0.132911 0.975738 -0.0836764 0.202322 0.430055 0.0346205 0.087765\n-0.430868 0.172767 0.220109 0.201492 0.11665 -0.972519 -0.109489 0.989343 0.0959834 0.973352 0.0871408 0.212116 0.430016 0.0344755 0.0903494\n-0.0112247 -0.822503 0.0590338 -0.978145 -0.00306203 -0.207899 -0.00137938 0.999965 -0.00823806 0.207917 -0.00777125 -0.978116 0.316921 0.0814093 0.632671\nC 20\n0 1\n0 7\n0 6\n0 5\n0 4\n0 3\n0 8\n0 2\n1 3\n1 5\n2 6\n2 3\n3 8\n3 6\n3 7\n3 4\n3 5\n4 9\n5 7\n6 8\nS 2\n2\n5 0.336196 -0.0230597 0.266439\n6 -0.413971 -0.0250194 0.106184\n2\n-0.0388873 -0.0240396 0.186312\n-0.977931 -0.0025547 -0.208911\n2\n7 0.303302 0.172679 0.380569\n8 -0.430868 0.172767 0.220109\n2\n-0.063783 0.172723 0.300339\n-0.976939 0.000116896 -0.213519\nL 10\n0\n3\n3\n1\n2\n3\n3\n3\n3\n2"
}