{
    "boxes": [
        [
            0.02792149968445301,
            -0.19650399684906006,
            0.19161200523376465,
            0.6208959817886353,
            0.8337860107421875,
            1.03656005859375,
            0.0,
            1.0,
            0.0,
            0.0,
            0.0,
            1.0
        ],
        [
            0.5448499917984009,
            0.3891940116882324,
            0.11734200268983841,
            0.09072569757699966,
            0.6305189728736877,
            0.09000720083713531,
            -0.38880500197410583,
            0.9200419783592224,
            0.04850419983267784,
            0.1060670018196106,
            -0.007597359828650951,
            0.9943299889564514
        ],
        [
            -0.5133209824562073,
            0.4712800085544586,
            0.16724799573421478,
            0.0324850007891655,
            0.693015992641449,
            0.43178099393844604,
            0.0,
            1.0,
            0.0,
            0.0,
            0.0,
            1.0
        ],
        [
            -0.49670401215553284,
            -0.0427435003221035,
            0.4407399892807007,
            0.9801509976387024,
            0.049858998507261276,
            0.08189599961042404,
            0.0,
            1.0,
            0.0,
            0.0,
            0.0,
            1.0
        ],
        [
            -0.3305929899215698,
            -0.5405020117759705,
            -0.1930679976940155,
            0.25881698727607727,
            0.052406299859285355,
            0.048752300441265106,
            0.0001214239964610897,
            0.7227550148963928,
            0.6911050081253052,
            5.189500006963499e-05,
            -0.6911050081253052,
            0.7227550148963928
        ],
        [
            0.026744499802589417,
            0.13995200395584106,
            -0.3701159954071045,
            1.2146999835968018,
            0.2298319935798645,
            0.9420689940452576,
            -6.971539789901726e-08,
            0.9761229753494263,
            -0.21721699833869934,
            -8.693449871088887e-08,
            0.21721699833869934,
            0.9761229753494263
        ],
        [
            0.41656601428985596,
            -0.08096650242805481,
            -0.24152399599552155,
            0.0446770004928112,
            0.0324850007891655,
            0.0446770004928112,
            0.40673699975013733,
            0.9135450124740601,
            -2.2813699527727627e-16,
            6.217509691699733e-17,
            2.2204500197172533e-16,
            1.0
        ],
        [
            -0.3630770146846771,
            -0.08096650242805481,
            -0.24152399599552155,
            0.0446770004928112,
            0.0324850007891655,
            0.0446770004928112,
            0.40673699975013733,
            0.9135450124740601,
            3.914950018611322e-16,
            3.4914800656218217e-17,
            -4.440889980918258e-16,
            1.0
        ],
        [
            -0.3630770146846771,
            -0.34084799885749817,
            -0.24152399599552155,
            0.0446770004928112,
            0.0324850007891655,
            0.0446770004928112,
            0.40673699975013733,
            0.9135450124740601,
            -2.2527399744577713e-16,
            5.513729868160836e-17,
            2.2204500197172533e-16,
            1.0
        ]
    ],
    "ops": [
        [
            0,
            0,
            0,
            0,
            2,
            1,
            1,
            1,
            0,
            2,
            1,
            0,
            0,
            1,
            0,
            0,
            2,
            1,
            1,
            1
        ]
    ],
    "syms": [
        [
            0.0,
            0.9994590282440186,
            -0.0322795994579792,
            -0.006283290218561888,
            0.03334470093250275,
            -0.05986249819397926,
            0.437406986951828,
            0.0
        ],
        [
            0.0,
            1.0,
            -2.4058399716864187e-10,
            -2.1648799419793363e-10,
            0.026744000613689423,
            -0.5405020117759705,
            -0.1930679976940155,
            0.0
        ],
        [
            0.0,
            1.0,
            7.120070280857983e-17,
            0.0,
            0.026744000613689423,
            -0.340846985578537,
            -0.24152399599552155,
            0.0
        ]
    ],
    "labels:": [
        [
            1,
            3,
            3,
            3,
            2,
            0,
            0,
            0,
            0
        ]
    ],
    "obj": 35913,
    "mat_index": 1243,
    "obbs": "N 12\n0.0267445 0.139952 -0.370116 1 8.69345e-08 6.97154e-08 -8.69345e-08 0.217217 0.976123 6.97154e-08 -0.976123 0.217217 0.942069 0.229832 1.2147\n0.0279215 -0.196504 0.191612 1 0 0 0 1 0 0 0 1 1.03656 0.620896 0.833786\n-0.513321 0.47128 0.167248 1 0 0 0 1 0 0 0 1 0.431781 0.032485 0.693016\n0.563393 -0.0769815 0.434075 1 0 0 0 1 0 0 0 1 0.055495 0.911675 0.062918\n-0.496704 -0.0427435 0.44074 1 0 0 0 1 0 0 0 1 0.081896 0.980151 0.049859\n0.54485 0.389194 0.117342 0.915194 0.391745 -0.0946322 -0.388805 0.920042 0.0485042 0.106067 -0.00759736 0.99433 0.0900072 0.0907257 0.630519\n0.416565 -0.340847 -0.241524 0.913545 0.406737 -1.75508e-16 9.32566e-17 2.22045e-16 1 0.406737 -0.913545 1.64917e-16 0.044677 0.032485 0.044677\n0.416566 -0.0809665 -0.241524 0.406737 0.913545 -2.28137e-16 6.21751e-17 2.22045e-16 1 0.913545 -0.406737 3.35139e-17 0.044677 0.032485 0.044677\n-0.363077 -0.340848 -0.241524 0.406737 0.913545 -2.25274e-16 5.51373e-17 2.22045e-16 1 0.913545 -0.406737 3.99432e-17 0.044677 0.032485 0.044677\n-0.363077 -0.0809665 -0.241524 0.406737 0.913545 3.91495e-16 3.49148e-17 -4.44089e-16 1 0.913545 -0.406737 -2.12524e-16 0.044677 0.032485 0.044677\n-0.330593 -0.540502 -0.193068 1 -5.1895e-05 -0.000121424 5.1895e-05 -0.691105 0.722755 -0.000121424 -0.722755 -0.691105 0.0487523 0.0524063 0.258817\n0.384081 -0.540502 -0.193068 1 -0.000121033 -0.000283193 0.000121033 -0.691105 0.722755 -0.000283193 -0.722755 -0.691104 0.048787 0.0524063 0.258817\nC 24\n0 2\n0 7\n0 10\n0 11\n0 5\n0 8\n0 1\n0 6\n0 9\n1 3\n1 6\n1 11\n1 5\n1 10\n1 4\n1 9\n1 8\n1 7\n2 4\n3 5\n6 7\n6 11\n8 9\n8 10\nS 3\n2\n3 0.563393 -0.0769815 0.434075\n4 -0.496704 -0.0427435 0.44074\n2\n0.0333447 -0.0598625 0.437407\n-0.999459 0.0322796 0.00628329\n2\n8 -0.363077 -0.340848 -0.241524\n6 0.416565 -0.340847 -0.241524\n2\n0.026744 -0.340847 -0.241524\n1 7.12007e-17 0\n2\n10 -0.330593 -0.540502 -0.193068\n11 0.384081 -0.540502 -0.193068\n2\n0.026744 -0.540502 -0.193068\n1 -2.40584e-10 -2.16488e-10\nL 12\n0\n1\n3\n3\n3\n3\n0\n0\n0\n0\n2\n2"
}