{
    "boxes": [
        [
            -0.0031968799885362387,
            -0.04485480114817619,
            0.16093599796295166,
            0.11422199755907059,
            0.8130829930305481,
            0.833965003490448,
            0.003279190044850111,
            0.9969810247421265,
            -0.0775747001171112,
            0.0001273829984711483,
            0.0775747001171112,
            0.996986985206604
        ],
        [
            0.0009490000084042549,
            -0.2896389961242676,
            0.4211379885673523,
            0.022650999948382378,
            0.017178000882267952,
            0.7748780250549316,
            0.0,
            1.0,
            0.0,
            0.0,
            0.0,
            1.0
        ],
        [
            -0.4261240065097809,
            -0.782604992389679,
            0.10248299688100815,
            0.03260120004415512,
            0.817628026008606,
            0.051065798848867416,
            -0.2487020045518875,
            0.9685680270195007,
            0.004804879892617464,
            0.0006070309900678694,
            -0.004804879892617464,
            0.9999880194664001
        ],
        [
            -0.43960100412368774,
            -0.7971000075340271,
            0.4192270040512085,
            0.019547000527381897,
            0.09216000139713287,
            0.025805000215768814,
            0.0,
            1.0,
            0.0,
            0.0,
            0.0,
            1.0
        ],
        [
            -0.40329399704933167,
            -0.39247599244117737,
            0.43223100900650024,
            0.8026390075683594,
            0.04286880046129227,
            0.0530082993209362,
            -0.006159219890832901,
            0.9861519932746887,
            -0.16572999954223633,
            -0.4710969924926758,
            0.143327996134758,
            0.8703590035438538
        ],
        [
            -0.43960100412368774,
            -0.7971000075340271,
            -0.22405199706554413,
            0.019547000527381897,
            0.09216000139713287,
            0.025805000215768814,
            0.0,
            1.0,
            0.0,
            0.0,
            0.0,
            1.0
        ],
        [
            -0.437406986951828,
            -0.411175012588501,
            -0.26739999651908875,
            0.7412829995155334,
            0.02516840025782585,
            0.04131609946489334,
            -0.021931400522589684,
            0.9956030249595642,
            0.09106960147619247,
            0.027776600793004036,
            -0.0904494971036911,
            0.9955139756202698
        ],
        [
            -0.002650940092280507,
            0.3519749939441681,
            -0.30004099011421204,
            0.4897249937057495,
            0.14254499971866608,
            0.8553590178489685,
            -0.0022712498903274536,
            0.9751799702644348,
            -0.22140100598335266,
            -0.002844699891284108,
            0.22139400243759155,
            0.9751799702644348
        ],
        [
            -0.43585699796676636,
            0.18727199733257294,
            -0.22849899530410767,
            0.46300700306892395,
            0.05159439891576767,
            0.032350100576877594,
            -0.0012597800232470036,
            0.9992039799690247,
            -0.03987320140004158,
            -0.1174900010228157,
            0.03944920003414154,
            0.9922900199890137
        ]
    ],
    "ops": [
        [
            0,
            0,
            0,
            0,
            0,
            1,
            1,
            2,
            1,
            0,
            0,
            1,
            2,
            1,
            1,
            0,
            0,
            2,
            1,
            1
        ]
    ],
    "syms": [
        [
            0.0,
            0.9999920129776001,
            -0.0014909900492057204,
            0.003618780057877302,
            -0.002734829904511571,
            -0.783236026763916,
            0.10401500016450882,
            0.0
        ],
        [
            0.0,
            1.0,
            0.0,
            0.0,
            -0.0027604999486356974,
            -0.7971000075340271,
            -0.22405199706554413,
            0.0
        ],
        [
            0.0,
            0.9999979734420776,
            -0.0005443560075946152,
            -0.0020833099260926247,
            -0.005886619910597801,
            0.18703800439834595,
            -0.22939400374889374,
            0.0
        ]
    ],
    "labels:": [
        [
            1,
            2,
            2,
            2,
            2,
            2,
            2,
            0,
            0
        ]
    ],
    "obj": 35935,
    "mat_index": 1255,
    "obbs": "N 15\n-0.00265094 0.351975 -0.300041 -0.00227125 0.97518 -0.221401 -0.0028447 0.221394 0.97518 0.999993 0.0028447 0.00227125 0.489725 0.142545 0.855359\n-0.00319688 -0.0448548 0.160936 -0.000127383 -0.0775747 -0.996987 0.00327919 0.996981 -0.0775747 0.999995 -0.00327919 0.000127383 0.813083 0.114222 0.833965\n0.424083 0.186804 -0.23029 -0.00484625 -0.999966 0.00664586 0.993854 -0.00555143 -0.110561 0.110594 0.00606921 0.993847 0.463038 0.0437565 0.0540166\n-0.435857 0.187272 -0.228499 0.11749 -0.0394492 -0.99229 0.993073 0.00593476 0.117346 0.00125978 -0.999204 0.0398732 0.0515944 0.0323501 0.463007\n-0.439601 -0.7971 0.419227 1 0 0 0 1 0 0 0 1 0.025805 0.019547 0.09216\n-0.439601 -0.7971 -0.224052 1 0 0 0 1 0 0 0 1 0.025805 0.019547 0.09216\n0.43408 -0.7971 -0.224052 1 0 0 0 1 0 0 0 1 0.025805 0.019547 0.09216\n0.43408 -0.7971 0.419227 1 0 0 0 1 0 0 0 1 0.025805 0.019547 0.09216\n0.000949 -0.289639 0.421138 1 0 0 0 1 0 0 0 1 0.774878 0.022651 0.017178\n-0.437407 -0.411175 -0.2674 -0.0219314 0.995603 0.0910696 0.0277766 -0.0904495 0.995514 0.999374 0.0243626 -0.0256708 0.741283 0.0251684 0.0413161\n0.433463 -0.411924 -0.26444 -0.0174327 0.996465 0.0821775 -0.207146 -0.0840062 0.974697 0.978155 -3.11313e-05 0.207879 0.755063 0.0297405 0.0335732\n0.394882 -0.384506 0.435223 -0.00196397 -0.982788 0.184728 0.925902 -0.0715701 -0.370923 0.377759 0.170311 0.910105 0.803969 0.0439038 0.035968\n-0.403294 -0.392476 0.432231 -0.00615922 0.986152 -0.16573 0.88206 0.0834357 0.463691 0.471097 -0.143328 -0.870359 0.802639 0.0530083 0.0428688\n0.420654 -0.783868 0.105547 0.000357047 0.00207741 -0.999998 0.333879 0.942614 0.00207741 0.942616 -0.333879 -0.000357047 0.815653 0.0303711 0.0505558\n-0.426124 -0.782605 0.102483 0.96858 0.248702 0.000607031 -0.248702 0.968568 0.00480488 0.000607031 -0.00480488 0.999988 0.0510658 0.0326012 0.817628\nC 28\n0 10\n0 3\n0 1\n0 9\n0 2\n1 3\n1 11\n1 2\n1 10\n1 9\n1 12\n1 8\n2 10\n3 9\n4 12\n4 14\n5 9\n5 14\n6 10\n6 13\n7 11\n7 13\n8 11\n8 12\n9 14\n10 13\n11 13\n12 14\nS 6\n2\n2 0.424083 0.186804 -0.23029\n3 -0.435857 0.187272 -0.228499\n2\n-0.00588662 0.187038 -0.229394\n-0.999998 0.000544356 0.00208331\n2\n4 -0.439601 -0.7971 0.419227\n7 0.43408 -0.7971 0.419227\n2\n-0.0027605 -0.7971 0.419227\n1 0 0\n2\n5 -0.439601 -0.7971 -0.224052\n6 0.43408 -0.7971 -0.224052\n2\n-0.0027605 -0.7971 -0.224052\n1 0 0\n2\n9 -0.437407 -0.411175 -0.2674\n10 0.433463 -0.411924 -0.26444\n2\n-0.00197167 -0.41155 -0.26592\n0.999994 -0.000860684 0.00339891\n2\n11 0.394882 -0.384506 0.435223\n12 -0.403294 -0.392476 0.432231\n2\n-0.0042059 -0.388491 0.433727\n-0.999943 -0.00998483 -0.00374837\n2\n13 0.420654 -0.783868 0.105547\n14 -0.426124 -0.782605 0.102483\n2\n-0.00273483 -0.783236 0.104015\n-0.999992 0.00149099 -0.00361878\nL 15\n0\n1\n0\n0\n2\n2\n2\n2\n2\n2\n2\n2\n2\n2\n2"
}