{
    "boxes": [
        [
            -0.02729490026831627,
            -0.2636840045452118,
            0.12815099954605103,
            0.4031609892845154,
            0.7560610175132751,
            0.724174976348877,
            0.011890299618244171,
            0.999925971031189,
            -0.0025527800898998976,
            -0.20788200199604034,
            0.004969129804521799,
            0.9781410098075867
        ],
        [
            -0.3714820146560669,
            -0.20836199820041656,
            -0.016467800363898277,
            0.19734600186347961,
            0.19734600186347961,
            0.020003600046038628,
            -0.12584899365901947,
            0.8053650259971619,
            0.5792660117149353,
            -0.17303599417209625,
            -0.5927780270576477,
            0.7865579724311829
        ],
        [
            0.3478870093822479,
            -0.20837299525737762,
            0.14050699770450592,
            0.19737400114536285,
            0.19737400114536285,
            0.020089099183678627,
            -0.02364340052008629,
            0.9939950108528137,
            0.10683999955654144,
            -0.21140700578689575,
            -0.10942400246858597,
            0.971252977848053
        ],
        [
            -0.4139710068702698,
            -0.02501939982175827,
            0.10618399828672409,
            0.5060709714889526,
            0.057719700038433075,
            0.02331010065972805,
            -0.09891989827156067,
            0.8178949952125549,
            0.5667999982833862,
            -0.1661369949579239,
            -0.575173020362854,
            0.8009840250015259
        ],
        [
            -0.430867999792099,
            0.17276699841022491,
            0.2201090008020401,
            0.034475501626729965,
            0.43001601099967957,
            0.09034939855337143,
            -0.10948900133371353,
            0.989342987537384,
            0.09598340094089508,
            -0.20149199664592743,
            -0.11665000021457672,
            0.9725189805030823
        ],
        [
            -0.03719710186123848,
            -0.5710639953613281,
            0.16801799833774567,
            0.4675680100917816,
            0.1278270035982132,
            0.06254159659147263,
            0.07932820171117783,
            0.9547759890556335,
            -0.2865470051765442,
            -0.2587690055370331,
            0.29732200503349304,
            0.9190419912338257
        ],
        [
            -0.011292500421404839,
            -0.8095600008964539,
            0.05917780101299286,
            0.10426700115203857,
            0.632686972618103,
            0.3169209957122803,
            -0.0023821101058274508,
            0.9999920129776001,
            -0.003185620065778494,
            -0.20791499316692352,
            0.002620730083435774,
            0.9781429767608643
        ],
        [
            0.043221499770879745,
            0.3856309950351715,
            -0.1549759954214096,
            1.0976300239562988,
            0.40369099378585815,
            0.7236989736557007,
            0.034707099199295044,
            0.9932169914245605,
            -0.11097799986600876,
            -0.25185200572013855,
            0.11615400016307831,
            0.9607700109481812
        ]
    ],
    "ops": [
        [
            0,
            0,
            0,
            0,
            0,
            1,
            2,
            1,
            1,
            1,
            0,
            0,
            1,
            1,
            0,
            1
        ]
    ],
    "syms": [
        [
            0.0,
            0.977931022644043,
            0.0025547000113874674,
            0.2089110016822815,
            -0.038887299597263336,
            -0.024039600044488907,
            0.1863120049238205,
            0.0
        ]
    ],
    "labels:": [
        [
            1,
            3,
            3,
            3,
            3,
            2,
            2,
            0
        ]
    ],
    "obj": 35951,
    "mat_index": 1261,
    "obbs": "N 10\n0.0432215 0.385631 -0.154976 0.0347071 0.993217 -0.110978 -0.251852 0.116154 0.96077 0.967143 -0.00539545 0.254175 1.09763 0.403691 0.723699\n0.347887 -0.208373 0.140507 -0.0236434 0.993995 0.10684 0.977112 0.00037705 0.212725 0.211407 0.109424 -0.971253 0.197374 0.0200891 0.197374\n-0.371482 -0.208362 -0.0164678 0.125849 -0.805365 -0.579266 0.976842 -0.00124619 0.213958 -0.173036 -0.592778 0.786558 0.197346 0.0200036 0.197346\n-0.0272949 -0.263684 0.128151 -0.978082 0.0110997 -0.207926 0.0118903 0.999926 -0.00255278 0.207882 -0.00496913 -0.978141 0.724175 0.403161 0.756061\n-0.0371971 -0.571064 0.168018 0.0793282 0.954776 -0.286547 0.962676 0.00124365 0.270653 0.258769 -0.297322 -0.919042 0.467568 0.0625416 0.127827\n0.336196 -0.0230597 0.266439 0.173316 0.557669 -0.811767 0.974506 0.0221329 0.223267 0.142476 -0.829768 -0.539616 0.0594797 0.0232937 0.505582\n-0.413971 -0.0250194 0.106184 0.0989199 -0.817895 -0.5668 0.981129 -0.014933 0.192779 -0.166137 -0.575173 0.800984 0.506071 0.0233101 0.0577197\n0.303302 0.172679 0.380569 0.211313 0.118094 -0.970258 0.0572947 0.989471 0.132911 0.975738 -0.0836764 0.202322 0.430055 0.0346205 0.087765\n-0.430868 0.172767 0.220109 0.201492 0.11665 -0.972519 -0.109489 0.989343 0.0959834 0.973352 0.0871408 0.212116 0.430016 0.0344755 0.0903494\n-0.0112925 -0.80956 0.0591778 -0.978144 -0.00299239 -0.207907 -0.00238211 0.999992 -0.00318562 0.207915 -0.00262073 -0.978143 0.316921 0.104267 0.632687\nC 20\n0 1\n0 7\n0 6\n0 5\n0 4\n0 3\n0 8\n0 2\n1 3\n1 5\n2 6\n2 3\n3 8\n3 6\n3 7\n3 4\n3 5\n4 9\n5 7\n6 8\nS 2\n2\n5 0.336196 -0.0230597 0.266439\n6 -0.413971 -0.0250194 0.106184\n2\n-0.0388873 -0.0240396 0.186312\n-0.977931 -0.0025547 -0.208911\n2\n7 0.303302 0.172679 0.380569\n8 -0.430868 0.172767 0.220109\n2\n-0.063783 0.172723 0.300339\n-0.976939 0.000116896 -0.213519\nL 10\n0\n3\n3\n1\n2\n3\n3\n3\n3\n2"
}