{
    "boxes": [
        [
            -0.0014270000392571092,
            -0.13329699635505676,
            0.2253659963607788,
            0.12609900534152985,
            0.7996379733085632,
            0.795993983745575,
            -1.8449499705752714e-09,
            0.9992110133171082,
            0.039721500128507614,
            3.6656500751464094e-11,
            -0.039721500128507614,
            0.9992110133171082
        ],
        [
            -0.400424987077713,
            0.24345199763774872,
            -0.22211100161075592,
            0.02775369957089424,
            0.02966970019042492,
            0.05047230049967766,
            0.010207300074398518,
            0.9883679747581482,
            -0.15173999965190887,
            0.0007789600058458745,
            0.15173999965190887,
            0.9884200096130371
        ],
        [
            -0.44916999340057373,
            0.24305400252342224,
            -0.006155999843031168,
            0.050999999046325684,
            0.3683139979839325,
            0.07469800114631653,
            0.0,
            1.0,
            0.0,
            0.0,
            0.0,
            1.0
        ],
        [
            -0.449290007352829,
            0.003929980099201202,
            0.2639929950237274,
            0.5211859941482544,
            0.049947500228881836,
            0.068088598549366,
            0.01392459962517023,
            0.9390630125999451,
            -0.3434630036354065,
            -0.0549624003469944,
            0.3436959981918335,
            0.9374709725379944
        ],
        [
            -0.44917500019073486,
            0.24097000062465668,
            -0.03498400002717972,
            0.0407710000872612,
            0.4336000084877014,
            0.06019999831914902,
            0.0,
            1.0,
            0.0,
            0.0,
            0.0,
            1.0
        ],
        [
            -0.0014285000506788492,
            -0.776174008846283,
            -0.35849401354789734,
            0.022979000583291054,
            0.02653300017118454,
            0.8413010239601135,
            0.0,
            1.0,
            0.0,
            0.0,
            0.0,
            1.0
        ],
        [
            -0.44917500019073486,
            -0.793586015701294,
            -0.25070399045944214,
            0.014925000257790089,
            0.11608199775218964,
            0.058042000979185104,
            0.0,
            1.0,
            0.0,
            0.0,
            0.0,
            1.0
        ],
        [
            -0.0014280000468716025,
            -0.19884100556373596,
            0.3446420133113861,
            0.049750201404094696,
            0.026533300057053566,
            0.8457440137863159,
            -0.0,
            0.9396979808807373,
            -0.34200501441955566,
            0.0,
            0.34200501441955566,
            0.9396979808807373
        ],
        [
            -0.44917500019073486,
            -0.793586015701294,
            0.35463300347328186,
            0.014925000257790089,
            0.11608300358057022,
            0.058042000979185104,
            0.0,
            1.0,
            0.0,
            0.0,
            0.0,
            1.0
        ],
        [
            -0.44917500019073486,
            -0.7760980129241943,
            0.018171999603509903,
            0.03547799959778786,
            0.8052440285682678,
            0.06019999831914902,
            0.0,
            1.0,
            0.0,
            0.0,
            0.0,
            1.0
        ],
        [
            -0.4486899971961975,
            -0.5006740093231201,
            0.4367690086364746,
            0.5768060088157654,
            0.14486899971961975,
            0.06748980283737183,
            0.013239099644124508,
            0.9934859871864319,
            -0.11317899823188782,
            0.010145699605345726,
            0.11304999887943268,
            0.9935380220413208
        ],
        [
            -0.0022802900057286024,
            0.23200400173664093,
            -0.25635799765586853,
            1.0480300188064575,
            0.1988220065832138,
            0.8457409739494324,
            0.0018418700201436877,
            0.9837849736213684,
            -0.1793449968099594,
            0.002208000048995018,
            0.17934100329875946,
            0.9837849736213684
        ]
    ],
    "ops": [
        [
            0,
            0,
            0,
            1,
            0,
            0,
            1,
            1,
            2,
            1,
            0,
            0,
            2,
            1,
            0,
            0,
            0,
            0,
            1,
            1,
            2,
            1,
            1,
            1,
            0,
            1
        ]
    ],
    "syms": [
        [
            0.0,
            1.0,
            9.346550200461934e-09,
            -5.261550084512123e-10,
            -0.0014280000468716025,
            0.24345199763774872,
            -0.22211100161075592,
            0.0
        ],
        [
            0.0,
            1.0,
            -0.0,
            -0.0,
            -0.001428249990567565,
            -0.793586015701294,
            -0.25070399045944214,
            0.0
        ],
        [
            0.0,
            1.0,
            -0.0,
            -0.0,
            -0.001428249990567565,
            -0.793586015701294,
            0.35463300347328186,
            0.0
        ]
    ],
    "labels:": [
        [
            1,
            3,
            3,
            3,
            3,
            2,
            2,
            2,
            2,
            2,
            2,
            0
        ]
    ],
    "obj": 35973,
    "mat_index": 1271,
    "obbs": "N 20\n-0.00228029 0.232004 -0.256358 0.999996 -0.002208 -0.00184187 0.002208 0.179341 0.983785 -0.00184187 -0.983785 0.179345 0.845741 0.198822 1.04803\n0.397569 0.243452 -0.222111 0.999948 0.0102066 -0.00077895 -0.0102066 0.988367 -0.151748 -0.00077895 0.151748 0.988419 0.0504723 0.0277536 0.0296698\n-0.400425 0.243452 -0.222111 -0.00077896 -0.15174 -0.98842 0.0102073 0.988368 -0.15174 0.999948 -0.0102073 0.00077896 0.0296697 0.0277537 0.0504723\n-0.001427 -0.133297 0.225366 1 1.84495e-09 3.66565e-11 -1.84495e-09 0.999211 0.0397215 3.66565e-11 -0.0397215 0.999211 0.795994 0.126099 0.799638\n0.446215 0.0086463 0.262747 -0.0142944 0.937854 -0.346737 -0.0205217 0.346424 0.937854 0.999687 0.0205217 0.0142944 0.514669 0.0487145 0.0672691\n-0.44929 0.00392998 0.263993 -0.998391 -0.00582366 -0.056399 -0.0549624 0.343696 0.937471 0.0139246 0.939063 -0.343463 0.0680886 0.0499475 0.521186\n0.446324 0.243054 -0.006156 1 0 0 0 1 0 0 0 1 0.074698 0.051 0.368314\n0.446319 0.24097 -0.036565 1 0 0 0 1 0 0 0 1 0.060199 0.040771 0.430438\n-0.44917 0.243054 -0.006156 1 0 0 0 1 0 0 0 1 0.074698 0.051 0.368314\n-0.449175 0.24097 -0.034984 1 0 0 0 1 0 0 0 1 0.0602 0.040771 0.4336\n0.446319 -0.776098 0.0179895 1 0 0 0 1 0 0 0 1 0.060199 0.035478 0.804879\n-0.449175 -0.776098 0.018172 1 0 0 0 1 0 0 0 1 0.0602 0.035478 0.805244\n-0.0014285 -0.776174 -0.358494 1 0 0 0 1 0 0 0 1 0.841301 0.022979 0.026533\n-0.001428 -0.198841 0.344642 1 0 0 0 0.342005 0.939698 0 -0.939698 0.342005 0.845744 0.0265333 0.0497502\n-0.44869 -0.500674 0.436769 -0.0101457 -0.11305 -0.993538 0.999861 -0.0143018 -0.00858296 -0.0132391 -0.993486 0.113179 0.144869 0.0674898 0.576806\n0.44691 -0.496618 0.432034 -0.0131535 -0.166689 -0.985922 0.999796 -0.0172928 -0.010415 -0.0153133 -0.985858 0.166883 0.13364 0.0690767 0.580531\n0.446319 -0.793586 -0.250704 1 0 0 0 1 0 0 0 1 0.058041 0.014925 0.116082\n0.446319 -0.793586 0.354633 1 0 0 -0 1 0 0 -0 1 0.058041 0.014925 0.116083\n-0.449175 -0.793586 -0.250704 1 0 0 0 1 0 0 0 1 0.058042 0.014925 0.116082\n-0.449175 -0.793586 0.354633 1 0 0 0 1 0 0 0 1 0.058042 0.014925 0.116083\nC 40\n0 7\n0 3\n0 8\n0 1\n0 6\n0 9\n0 2\n1 6\n1 7\n2 8\n2 9\n3 15\n3 14\n3 13\n3 5\n3 4\n4 7\n4 13\n4 6\n4 15\n5 9\n5 13\n5 8\n5 14\n6 7\n8 9\n10 17\n10 15\n10 12\n10 16\n11 14\n11 19\n11 18\n11 12\n12 16\n12 18\n13 15\n13 14\n14 19\n15 17\nS 8\n2\n1 0.397569 0.243452 -0.222111\n2 -0.400425 0.243452 -0.222111\n2\n-0.001428 0.243452 -0.222111\n-1 -9.34655e-09 5.26155e-10\n2\n4 0.446215 0.0086463 0.262747\n5 -0.44929 0.00392998 0.263993\n2\n-0.00153754 0.00628814 0.26337\n-0.999985 -0.00526659 0.00139047\n2\n6 0.446324 0.243054 -0.006156\n8 -0.44917 0.243054 -0.006156\n2\n-0.001423 0.243054 -0.006156\n-1 0 0\n2\n7 0.446319 0.24097 -0.036565\n9 -0.449175 0.24097 -0.034984\n2\n-0.00142825 0.24097 -0.0357745\n-0.999998 0 0.0017655\n2\n10 0.446319 -0.776098 0.0179895\n11 -0.449175 -0.776098 0.018172\n2\n-0.00142825 -0.776098 0.0180807\n-1 0 0.000203798\n2\n14 -0.44869 -0.500674 0.436769\n15 0.44691 -0.496618 0.432034\n2\n-0.000889904 -0.498646 0.434401\n0.999976 0.00452922 -0.00528659\n2\n16 0.446319 -0.793586 -0.250704\n18 -0.449175 -0.793586 -0.250704\n2\n-0.00142825 -0.793586 -0.250704\n-1 0 0\n2\n17 0.446319 -0.793586 0.354633\n19 -0.449175 -0.793586 0.354633\n2\n-0.00142825 -0.793586 0.354633\n-1 0 0\nL 20\n0\n3\n3\n1\n3\n3\n3\n3\n3\n3\n2\n2\n2\n2\n2\n2\n2\n2\n2\n2"
}