{
    "boxes": [
        [
            -0.03084239922463894,
            -0.23473100364208221,
            0.14674100279808044,
            0.43953201174736023,
            0.7096419930458069,
            0.723360002040863,
            0.03672580048441887,
            0.9832159876823425,
            -0.17871199548244476,
            -0.20453299582004547,
            0.18244199454784393,
            0.9617069959640503
        ],
        [
            0.3478870093822479,
            -0.20837299525737762,
            0.14050699770450592,
            0.19737400114536285,
            0.19737400114536285,
            0.020089099183678627,
            -0.02364340052008629,
            0.9939950108528137,
            0.10683999955654144,
            -0.21140700578689575,
            -0.10942400246858597,
            0.971252977848053
        ],
        [
            -0.3714820146560669,
            -0.20836199820041656,
            -0.016467800363898277,
            0.19734600186347961,
            0.19734600186347961,
            0.020003600046038628,
            -0.12584899365901947,
            0.8053650259971619,
            0.5792660117149353,
            -0.17303599417209625,
            -0.5927780270576477,
            0.7865579724311829
        ],
        [
            -0.4139710068702698,
            -0.02501939982175827,
            0.10618399828672409,
            0.5060709714889526,
            0.057719700038433075,
            0.02331010065972805,
            -0.09891989827156067,
            0.8178949952125549,
            0.5667999982833862,
            -0.1661369949579239,
            -0.575173020362854,
            0.8009840250015259
        ],
        [
            -0.430867999792099,
            0.17276699841022491,
            0.2201090008020401,
            0.034475501626729965,
            0.43001601099967957,
            0.09034939855337143,
            -0.10948900133371353,
            0.989342987537384,
            0.09598340094089508,
            -0.20149199664592743,
            -0.11665000021457672,
            0.9725189805030823
        ],
        [
            -0.03508859872817993,
            -0.5776900053024292,
            0.17447200417518616,
            0.48377299308776855,
            0.14337599277496338,
            0.0759316012263298,
            0.06876710057258606,
            0.9551820158958435,
            -0.2879199981689453,
            -0.21032099425792694,
            0.2959980070590973,
            0.9317460060119629
        ],
        [
            -0.011272599920630455,
            -0.8233469724655151,
            0.059119198471307755,
            0.07833869755268097,
            0.6326799988746643,
            0.3169200122356415,
            -0.0028187299612909555,
            0.9999780058860779,
            -0.006064420100301504,
            -0.20791900157928467,
            0.00534584978595376,
            0.9781309962272644
        ],
        [
            0.035388700664043427,
            0.3288710117340088,
            -0.1473270058631897,
            1.198449969291687,
            0.44820600748062134,
            0.7333009839057922,
            -0.001668820041231811,
            0.9962670207023621,
            -0.0863076001405716,
            -0.22796399891376495,
            0.0836561992764473,
            0.9700689911842346
        ]
    ],
    "ops": [
        [
            0,
            0,
            0,
            0,
            0,
            1,
            2,
            1,
            1,
            1,
            0,
            0,
            1,
            1,
            0,
            1
        ]
    ],
    "syms": [
        [
            0.0,
            0.977931022644043,
            0.0025547000113874674,
            0.2089110016822815,
            -0.038887299597263336,
            -0.024039600044488907,
            0.1863120049238205,
            0.0
        ]
    ],
    "labels:": [
        [
            1,
            3,
            3,
            3,
            3,
            2,
            2,
            0
        ]
    ],
    "obj": 35984,
    "mat_index": 1277,
    "obbs": "N 10\n0.0353887 0.328871 -0.147327 -0.00166882 0.996267 -0.0863076 -0.227964 0.0836562 0.970069 0.973668 0.0212939 0.226974 1.19845 0.448206 0.733301\n-0.371482 -0.208362 -0.0164678 0.125849 -0.805365 -0.579266 0.976842 -0.00124619 0.213958 -0.173036 -0.592778 0.786558 0.197346 0.0200036 0.197346\n0.347887 -0.208373 0.140507 -0.0236434 0.993995 0.10684 0.977112 0.00037705 0.212725 0.211407 0.109424 -0.971253 0.197374 0.0200891 0.197374\n-0.0308424 -0.234731 0.146741 -0.97817 -0.00123309 -0.207801 0.0367258 0.983216 -0.178712 0.204533 -0.182442 -0.961707 0.72336 0.439532 0.709642\n-0.0350886 -0.57769 0.174472 0.210321 -0.295998 -0.931746 0.975211 -0.00351781 0.22125 -0.0687671 -0.955182 0.28792 0.143376 0.0759316 0.483773\n-0.413971 -0.0250194 0.106184 0.0989199 -0.817895 -0.5668 0.981129 -0.014933 0.192779 -0.166137 -0.575173 0.800984 0.506071 0.0233101 0.0577197\n0.336196 -0.0230597 0.266439 0.173316 0.557669 -0.811767 0.974506 0.0221329 0.223267 0.142476 -0.829768 -0.539616 0.0594797 0.0232937 0.505582\n-0.430868 0.172767 0.220109 0.201492 0.11665 -0.972519 -0.109489 0.989343 0.0959834 0.973352 0.0871408 0.212116 0.430016 0.0344755 0.0903494\n0.303302 0.172679 0.380569 0.211313 0.118094 -0.970258 0.0572947 0.989471 0.132911 0.975738 -0.0836764 0.202322 0.430055 0.0346205 0.087765\n-0.0112726 -0.823347 0.0591192 -0.978142 -0.004018 -0.2079 -0.00281873 0.999978 -0.00606442 0.207919 -0.00534585 -0.978131 0.31692 0.0783387 0.63268\nC 20\n0 1\n0 7\n0 6\n0 5\n0 4\n0 3\n0 8\n0 2\n1 3\n1 5\n2 6\n2 3\n3 8\n3 6\n3 7\n3 4\n3 5\n4 9\n5 7\n6 8\nS 2\n2\n5 -0.413971 -0.0250194 0.106184\n6 0.336196 -0.0230597 0.266439\n2\n-0.0388873 -0.0240396 0.186312\n0.977931 0.0025547 0.208911\n2\n7 -0.430868 0.172767 0.220109\n8 0.303302 0.172679 0.380569\n2\n-0.063783 0.172723 0.300339\n0.976939 -0.000116896 0.213519\nL 10\n0\n3\n3\n1\n2\n3\n3\n3\n3\n2"
}