{
    "boxes": [
        [
            0.0009815000230446458,
            -0.18275199830532074,
            0.22285300493240356,
            0.48507800698280334,
            1.0539699792861938,
            0.9272090196609497,
            0.0,
            1.0,
            0.0,
            0.0,
            0.0,
            1.0
        ],
        [
            -0.483258992433548,
            -0.0704059973359108,
            0.23566100001335144,
            0.7202649712562561,
            0.9589679837226868,
            0.27321699261665344,
            -0.2651189863681793,
            0.9641550183296204,
            -0.010813100263476372,
            -0.05540810152888298,
            -0.004038120154291391,
            0.9984560012817383
        ],
        [
            -0.48502498865127563,
            -0.5268759727478027,
            0.6331959962844849,
            0.030906399711966515,
            0.05683840066194534,
            0.01925560086965561,
            -0.08477330207824707,
            0.9177340269088745,
            -0.38804200291633606,
            0.17868000268936157,
            0.3971329927444458,
            0.9001989960670471
        ],
        [
            0.4688499867916107,
            -0.5271360278129578,
            0.6568220257759094,
            0.03103880025446415,
            0.019109800457954407,
            0.05740420147776604,
            -0.3566870093345642,
            0.9179199934005737,
            0.17377200722694397,
            0.46378999948501587,
            0.012518900446593761,
            0.8858569860458374
        ],
        [
            -0.48171600699424744,
            -0.47151699662208557,
            0.6489880084991455,
            0.0924530029296875,
            0.09839800000190735,
            0.10110300034284592,
            0.0,
            1.0,
            0.0,
            0.0,
            0.0,
            1.0
        ],
        [
            -0.4344460070133209,
            -0.47151699662208557,
            -0.2770659923553467,
            0.0924530029296875,
            0.09839800000190735,
            0.10110300034284592,
            0.0,
            1.0,
            0.0,
            0.0,
            0.0,
            1.0
        ],
        [
            -0.44495099782943726,
            -0.5266169905662537,
            -0.2893570065498352,
            0.030892500653862953,
            0.0568464994430542,
            0.018827199935913086,
            -0.2532770037651062,
            0.9240760207176208,
            -0.28624001145362854,
            0.5975710153579712,
            0.38213399052619934,
            0.70489901304245
        ],
        [
            0.0009815080557018518,
            0.2819100022315979,
            -0.3635770082473755,
            1.049589991569519,
            0.307202011346817,
            1.0065900087356567,
            -2.3015699568418313e-08,
            0.9279890060424805,
            -0.3726080060005188,
            -3.4043001306827136e-08,
            0.3726080060005188,
            0.9279890060424805
        ],
        [
            0.003469299990683794,
            0.11629000306129456,
            -0.3209480047225952,
            1.1226199865341187,
            0.5316280126571655,
            1.0906800031661987,
            -0.004431690089404583,
            0.9849269986152649,
            -0.17291399836540222,
            -0.005277430173009634,
            0.17288999259471893,
            0.9849269986152649
        ]
    ],
    "ops": [
        [
            0,
            0,
            2,
            1,
            0,
            0,
            0,
            2,
            1,
            1,
            0,
            0,
            1,
            2,
            1,
            1,
            0,
            0,
            1,
            1
        ]
    ],
    "syms": [
        [
            0.0,
            1.0,
            -0.0008015169878490269,
            -0.0004160109965596348,
            0.0016245100414380431,
            -0.07079459726810455,
            0.23545899987220764,
            0.0
        ],
        [
            0.0,
            1.0,
            0.0,
            0.0,
            0.0009815000230446458,
            -0.47151699662208557,
            0.6489880084991455,
            0.0
        ],
        [
            0.0,
            1.0,
            -0.0,
            -0.0,
            0.0009815000230446458,
            -0.47151699662208557,
            -0.2770659923553467,
            0.0
        ]
    ],
    "labels:": [
        [
            1,
            3,
            2,
            2,
            2,
            2,
            2,
            0,
            0
        ]
    ],
    "obj": 2267,
    "mat_index": 130,
    "obbs": "N 13\n0.000981508 0.28191 -0.363577 1 3.4043e-08 2.30157e-08 -3.4043e-08 0.372608 0.927989 2.30157e-08 -0.927989 0.372608 1.00659 0.307202 1.04959\n0.486508 -0.0711833 0.235258 -0.276478 -0.960787 0.021184 0.959207 -0.277243 -0.0553058 0.0590102 0.005029 0.998245 0.725208 0.279777 0.95466\n-0.483259 -0.070406 0.235661 0.0554081 0.00403812 -0.998456 0.962622 0.265309 0.0544926 0.265119 -0.964155 0.0108131 0.958968 0.273217 0.720265\n0.0009815 -0.182752 0.222853 1 0 0 0 1 0 0 0 1 0.927209 0.485078 1.05397\n0.0034693 0.11629 -0.320948 -0.00443169 0.984927 -0.172914 -0.00527743 0.17289 0.984927 0.999976 0.00527743 0.00443169 1.12262 0.531628 1.09068\n-0.481716 -0.471517 0.648988 1 0 0 0 1 0 0 0 1 0.101103 0.092453 0.098398\n0.483679 -0.471517 0.648988 1 0 0 0 1 0 0 0 1 0.101103 0.092453 0.098398\n0.436408 -0.471517 -0.277066 1 0 0 0 1 0 0 0 1 0.101103 0.092453 0.098398\n-0.434446 -0.471517 -0.277066 1 0 0 0 1 0 0 0 1 0.101103 0.092453 0.098398\n0.46885 -0.527136 0.656822 -0.356687 0.91792 0.173772 0.46379 0.0125189 0.885857 0.81097 0.396567 -0.430188 0.0310388 0.0191098 0.0574042\n0.447342 -0.527393 -0.289762 0.627716 -0.407494 -0.663266 0.742919 0.0591463 0.666763 -0.232472 -0.911291 0.339862 0.0570447 0.0195092 0.0308397\n-0.444951 -0.526617 -0.289357 0.253277 -0.924076 0.28624 0.760763 0.00748574 -0.648987 0.597571 0.382134 0.704899 0.0308925 0.0188272 0.0568465\n-0.485025 -0.526876 0.633196 -0.0847733 0.917734 -0.388042 0.980248 0.00697741 -0.197647 -0.17868 -0.397133 -0.900199 0.0309064 0.0192556 0.0568384\nC 37\n0 2\n0 7\n0 10\n0 3\n0 11\n0 4\n0 8\n0 1\n1 3\n1 6\n1 10\n1 4\n1 9\n1 7\n2 8\n2 12\n2 5\n2 3\n2 11\n2 4\n3 11\n3 7\n3 10\n3 6\n3 9\n3 5\n3 12\n3 8\n3 4\n4 7\n4 8\n4 10\n4 11\n5 12\n6 9\n7 10\n8 11\nS 4\n2\n1 0.486508 -0.0711833 0.235258\n2 -0.483259 -0.070406 0.235661\n2\n0.00162451 -0.0707946 0.235459\n-1 0.000801517 0.000416011\n2\n5 -0.481716 -0.471517 0.648988\n6 0.483679 -0.471517 0.648988\n2\n0.0009815 -0.471517 0.648988\n1 0 0\n2\n7 0.436408 -0.471517 -0.277066\n8 -0.434446 -0.471517 -0.277066\n2\n0.0009815 -0.471517 -0.277066\n-1 0 0\n2\n10 0.447342 -0.527393 -0.289762\n11 -0.444951 -0.526617 -0.289357\n2\n0.00119553 -0.527005 -0.289559\n-1 0.000869557 0.000453584\nL 13\n0\n3\n3\n1\n0\n2\n2\n2\n2\n2\n2\n2\n2"
}