{
    "boxes": [
        [
            0.00443777022883296,
            0.041655100882053375,
            0.19125500321388245,
            0.13392899930477142,
            0.696196973323822,
            0.8131870031356812,
            -0.00548736983910203,
            0.9860770106315613,
            -0.1661989986896515,
            -0.00045919499825686216,
            0.1661989986896515,
            0.9860919713973999
        ],
        [
            0.009583000093698502,
            -0.6444050073623657,
            -0.2794699966907501,
            0.11345899850130081,
            0.05249800160527229,
            0.6259580254554749,
            0.0,
            1.0,
            0.0,
            0.0,
            0.0,
            1.0
        ],
        [
            0.009765000082552433,
            0.11232200264930725,
            -0.18608200550079346,
            0.06678000092506409,
            0.04714300110936165,
            0.6260660290718079,
            0.0,
            1.0,
            0.0,
            0.0,
            0.0,
            1.0
        ],
        [
            -0.3461669981479645,
            -0.21863900125026703,
            -0.22660699486732483,
            1.1360499858856201,
            0.04713999852538109,
            0.12358199805021286,
            0.006977680139243603,
            0.9926570057868958,
            0.12076099961996078,
            -0.040192801505327225,
            -0.12038800120353699,
            0.9919130206108093
        ],
        [
            -0.4086120128631592,
            -0.377811998128891,
            0.23215000331401825,
            0.9593830108642578,
            0.09928330034017563,
            0.0754266008734703,
            0.0020042299292981625,
            0.8856199979782104,
            -0.4644069969654083,
            0.07198789715766907,
            0.46307501196861267,
            0.8833910226821899
        ],
        [
            0.004381590057164431,
            0.6425020098686218,
            -0.2932550013065338,
            0.3521440029144287,
            0.0895543023943901,
            0.8285059928894043,
            0.011857200413942337,
            0.8727160096168518,
            -0.488085001707077,
            0.020214200019836426,
            0.4878099858760834,
            0.8727160096168518
        ],
        [
            -0.39428600668907166,
            0.4012700021266937,
            -0.1782809942960739,
            0.8949829936027527,
            0.10267999768257141,
            0.10376500338315964,
            0.006368069909512997,
            0.8813620209693909,
            -0.4723989963531494,
            0.02667750045657158,
            0.4720909893512726,
            0.8811460137367249
        ]
    ],
    "ops": [
        [
            0,
            0,
            2,
            0,
            0,
            0,
            1,
            2,
            1,
            1,
            1,
            0,
            0,
            2,
            1,
            1
        ]
    ],
    "syms": [
        [
            0.0,
            -0.008439029566943645,
            0.16668400168418884,
            0.9859740138053894,
            0.006922009866684675,
            -0.5918459892272949,
            0.03142689913511276,
            0.0
        ],
        [
            0.0,
            1.0,
            -0.0003743539855349809,
            -6.379230035236105e-05,
            0.009106120094656944,
            -0.21877199411392212,
            -0.22663000226020813,
            0.0
        ],
        [
            0.0,
            0.9999989867210388,
            -0.000885893008671701,
            0.0013817499857395887,
            0.006266910117119551,
            0.4009149968624115,
            -0.17772699892520905,
            0.0
        ]
    ],
    "labels:": [
        [
            1,
            2,
            2,
            2,
            2,
            0,
            0
        ]
    ],
    "obj": 36079,
    "mat_index": 1322,
    "obbs": "N 11\n0.00438159 0.642502 -0.293255 0.999725 -0.0202142 -0.0118572 0.0202142 0.48781 0.872716 -0.0118572 -0.872716 0.488085 0.828506 0.0895543 0.352144\n0.009765 0.112322 -0.186082 1 0 0 0 1 0 0 0 1 0.626066 0.06678 0.047143\n0.009583 -0.644405 -0.27947 1 0 0 0 1 0 0 0 1 0.625958 0.113459 0.052498\n0.00426102 -0.539287 0.342324 0.999975 -0.00592533 -0.00386167 0.00592533 0.403746 0.914852 -0.00386167 -0.914852 0.403771 0.805973 0.0570444 0.105558\n0.00443777 0.0416551 0.191255 0.999985 0.00548737 -0.000459195 -0.00548737 0.986077 -0.166199 -0.000459195 0.166199 0.986092 0.813187 0.133929 0.696197\n0.40682 0.40056 -0.177174 0.0166251 -0.443037 -0.896349 0.999843 0.0128084 0.0122138 0.00606965 -0.896412 0.44318 0.115788 0.116096 0.895421\n-0.394286 0.40127 -0.178281 0.00636807 0.881362 -0.472399 0.999624 -0.0182136 -0.0205063 -0.0266775 -0.472091 -0.881146 0.894983 0.103765 0.10268\n0.364379 -0.218905 -0.226653 -0.0136781 0.99241 0.12221 0.0342135 -0.121685 0.991979 0.999321 0.0177496 -0.0322894 1.13604 0.0452785 0.133015\n-0.346167 -0.218639 -0.226607 -0.999168 0.011775 -0.0390576 -0.0401928 -0.120388 0.991913 0.00697768 0.992657 0.120761 0.123582 0.04714 1.13605\n-0.408612 -0.377812 0.23215 -0.0719879 -0.463075 -0.883391 0.997403 -0.0352022 -0.0628258 -0.00200423 -0.88562 0.464407 0.0992833 0.0754266 0.959383\n0.405315 -0.387498 0.236545 0.00897572 -0.447122 -0.894428 0.999959 0.00469528 0.00768758 0.000762304 -0.89446 0.447146 0.112916 0.114916 0.936258\nC 27\n0 7\n0 5\n0 8\n0 6\n1 6\n1 5\n1 10\n1 4\n1 9\n1 8\n1 7\n2 8\n2 7\n3 10\n3 9\n4 7\n4 8\n4 9\n4 10\n4 5\n4 6\n5 10\n5 7\n6 9\n6 8\n7 10\n8 9\nS 4\n2\n2 0.009583 -0.644405 -0.27947\n3 0.00426102 -0.539287 0.342324\n2\n0.00692201 -0.591846 0.0314269\n-0.00843903 0.166684 0.985974\n2\n5 0.40682 0.40056 -0.177174\n6 -0.394286 0.40127 -0.178281\n2\n0.00626691 0.400915 -0.177727\n-0.999999 0.000885893 -0.00138175\n2\n7 0.364379 -0.218905 -0.226653\n8 -0.346167 -0.218639 -0.226607\n2\n0.00910612 -0.218772 -0.22663\n-1 0.000374354 6.37923e-05\n2\n9 -0.408612 -0.377812 0.23215\n10 0.405315 -0.387498 0.236545\n2\n-0.00164843 -0.382655 0.234347\n0.999915 -0.0118993 0.00539909\nL 11\n0\n2\n2\n2\n1\n0\n0\n2\n2\n2\n2"
}