{
    "boxes": [
        [
            0.002599499886855483,
            0.037653498351573944,
            0.14311100542545319,
            0.5500450134277344,
            0.7868540287017822,
            0.8221409916877747,
            0.0,
            1.0,
            0.0,
            0.0,
            0.0,
            1.0
        ],
        [
            -0.3874189853668213,
            -0.4889970123767853,
            -0.24727100133895874,
            0.6191490292549133,
            0.1470929980278015,
            0.043925099074840546,
            -0.0001350459933746606,
            0.9696490168571472,
            0.24450300633907318,
            0.015319599770009518,
            -0.24447199702262878,
            0.9695349931716919
        ],
        [
            -0.3887369930744171,
            -0.4744870066642761,
            0.2981779873371124,
            0.7621229887008667,
            0.16061200201511383,
            0.059620000422000885,
            0.011633300222456455,
            0.8600929975509644,
            -0.510004997253418,
            0.07878849655389786,
            0.5076659917831421,
            0.8579440116882324
        ],
        [
            0.3760110139846802,
            0.07285650074481964,
            -0.017331000417470932,
            0.4467490017414093,
            0.39180999994277954,
            0.07531899958848953,
            0.0,
            1.0,
            0.0,
            0.0,
            0.0,
            1.0
        ],
        [
            0.0024045000318437815,
            0.31038698554039,
            -0.1495559960603714,
            0.6035969853401184,
            0.20151999592781067,
            0.8213970065116882,
            0.0,
            1.0,
            0.0,
            0.0,
            0.0,
            1.0
        ],
        [
            0.002599499886855483,
            0.23279300332069397,
            -0.21132799983024597,
            0.7536630034446716,
            0.07797600328922272,
            0.8221409916877747,
            0.0,
            1.0,
            0.0,
            0.0,
            0.0,
            1.0
        ]
    ],
    "ops": [
        [
            0,
            0,
            0,
            1,
            2,
            1,
            0,
            2,
            0,
            0,
            1,
            1,
            1
        ]
    ],
    "syms": [
        [
            0.0,
            0.9999979734420776,
            0.0006979350000619888,
            0.0016872499836608768,
            0.002715710084885359,
            -0.4887250065803528,
            -0.24661199748516083,
            0.0
        ],
        [
            0.0,
            0.999770998954773,
            0.004953170195221901,
            -0.020840400829911232,
            2.4499999199179e-05,
            0.07099369913339615,
            -0.009493499994277954,
            0.0
        ]
    ],
    "labels:": [
        [
            1,
            2,
            2,
            0,
            0,
            0
        ]
    ],
    "obj": 36098,
    "mat_index": 1331,
    "obbs": "N 9\n0.0024045 0.310387 -0.149556 1 0 0 0 1 0 0 0 1 0.821397 0.603597 0.20152\n0.0025995 0.0376535 0.143111 1 0 0 0 1 0 0 0 1 0.822141 0.550045 0.786854\n0.0025995 0.232793 -0.211328 1 0 0 0 1 0 0 0 1 0.822141 0.753663 0.077976\n0.39285 -0.488452 -0.245954 0.0130072 -0.968517 -0.248607 0.999812 0.0161778 -0.0107143 0.0143989 -0.248421 0.968545 0.621636 0.0491453 0.147049\n0.393023 -0.47338 0.299174 -0.00779789 -0.508213 -0.861196 0.999954 0.00077147 -0.00950957 0.00549727 -0.861231 0.508184 0.158276 0.0454054 0.753188\n-0.388737 -0.474487 0.298178 -0.0787885 -0.507666 -0.857944 0.996823 -0.0501633 -0.0618596 -0.0116333 -0.860093 0.510005 0.160612 0.05962 0.762123\n-0.387419 -0.488997 -0.247271 0.000135046 -0.969649 -0.244503 0.999883 0.00387663 -0.0148217 0.0153196 -0.244472 0.969535 0.619149 0.0439251 0.147093\n0.376011 0.0728565 -0.017331 1 0 0 0 1 0 0 0 1 0.075319 0.446749 0.39181\n-0.375961 0.069131 -0.001656 1 0 0 0 1 0 0 0 1 0.065019 0.461194 0.42216\nC 27\n0 2\n0 7\n0 3\n0 4\n0 5\n0 8\n0 1\n0 6\n1 3\n1 6\n1 2\n1 5\n1 4\n1 8\n1 7\n2 8\n2 5\n2 6\n2 3\n2 7\n2 4\n3 7\n3 4\n4 7\n5 6\n5 8\n6 8\nS 3\n2\n3 0.39285 -0.488452 -0.245954\n6 -0.387419 -0.488997 -0.247271\n2\n0.00271571 -0.488725 -0.246612\n-0.999998 -0.000697935 -0.00168725\n2\n4 0.393023 -0.47338 0.299174\n5 -0.388737 -0.474487 0.298178\n2\n0.00214327 -0.473933 0.298676\n-0.999998 -0.00141625 -0.00127436\n2\n7 0.376011 0.0728565 -0.017331\n8 -0.375961 0.069131 -0.001656\n2\n2.45e-05 0.0709937 -0.0094935\n-0.999771 -0.00495317 0.0208404\nL 9\n0\n1\n0\n2\n2\n2\n2\n0\n0"
}