{
    "boxes": [
        [
            0.026744000613689423,
            -0.17165499925613403,
            0.19161200523376465,
            0.571196973323822,
            0.8337860107421875,
            1.0178699493408203,
            0.0,
            1.0,
            0.0,
            0.0,
            0.0,
            1.0
        ],
        [
            -0.5133209824562073,
            0.4712800085544586,
            0.16724799573421478,
            0.0324850007891655,
            0.693015992641449,
            0.43178099393844604,
            0.0,
            1.0,
            0.0,
            0.0,
            0.0,
            1.0
        ],
        [
            0.028111500665545464,
            -0.4806100130081177,
            0.4407770037651062,
            0.0586169995367527,
            0.048973001539707184,
            1.032520055770874,
            0.0,
            1.0,
            0.0,
            0.0,
            0.0,
            1.0
        ],
        [
            0.5605530142784119,
            -0.07072749733924866,
            0.42536500096321106,
            0.9241830110549927,
            0.0803380012512207,
            0.06117599830031395,
            0.0,
            1.0,
            0.0,
            0.0,
            0.0,
            1.0
        ],
        [
            -0.3305929899215698,
            -0.6223859786987305,
            -0.26453301310539246,
            0.016242999583482742,
            0.042112499475479126,
            0.042112499475479126,
            8.4849302029713e-17,
            1.0,
            4.440889980918258e-16,
            0.7071070075035095,
            -3.7401600053850687e-16,
            0.7071070075035095
        ],
        [
            -0.3305929899215698,
            -0.5384659767150879,
            -0.1927960067987442,
            0.2564440071582794,
            0.05337170138955116,
            0.04872699826955795,
            -1.3622400096835463e-08,
            0.7080979943275452,
            0.7061139941215515,
            -5.65378011074813e-09,
            -0.7061139941215515,
            0.7080979943275452
        ],
        [
            0.026744499802589417,
            0.13995200395584106,
            -0.3701159954071045,
            1.2146999835968018,
            0.2298319935798645,
            0.9420689940452576,
            -6.971539789901726e-08,
            0.9761229753494263,
            -0.21721699833869934,
            -8.693449871088887e-08,
            0.21721699833869934,
            0.9761229753494263
        ],
        [
            0.41656601428985596,
            -0.08096650242805481,
            -0.24152399599552155,
            0.0446770004928112,
            0.0324850007891655,
            0.0446770004928112,
            0.40673699975013733,
            0.9135450124740601,
            -2.2813699527727627e-16,
            6.217509691699733e-17,
            2.2204500197172533e-16,
            1.0
        ],
        [
            -0.3630770146846771,
            -0.08096650242805481,
            -0.24152399599552155,
            0.0446770004928112,
            0.0324850007891655,
            0.0446770004928112,
            0.40673699975013733,
            0.9135450124740601,
            3.914950018611322e-16,
            3.4914800656218217e-17,
            -4.440889980918258e-16,
            1.0
        ],
        [
            -0.3630770146846771,
            -0.34084799885749817,
            -0.24152399599552155,
            0.0446770004928112,
            0.0324850007891655,
            0.0446770004928112,
            0.40673699975013733,
            0.9135450124740601,
            -2.2527399744577713e-16,
            5.513729868160836e-17,
            2.2204500197172533e-16,
            1.0
        ]
    ],
    "ops": [
        [
            0,
            0,
            0,
            0,
            2,
            1,
            1,
            1,
            0,
            0,
            1,
            2,
            1,
            0,
            0,
            1,
            0,
            0,
            2,
            1,
            1,
            1
        ]
    ],
    "syms": [
        [
            0.0,
            0.9995530247688293,
            -0.026200100779533386,
            -0.014394399709999561,
            0.026748500764369965,
            -0.05673550069332123,
            0.4330520033836365,
            0.0
        ],
        [
            0.0,
            1.0,
            -0.0,
            -0.0,
            0.026744000613689423,
            -0.6223859786987305,
            -0.26453301310539246,
            0.0
        ],
        [
            0.0,
            1.0,
            7.120070280857983e-17,
            0.0,
            0.026744000613689423,
            -0.340846985578537,
            -0.24152399599552155,
            0.0
        ]
    ],
    "labels:": [
        [
            1,
            3,
            3,
            3,
            2,
            2,
            0,
            0,
            0,
            0
        ]
    ],
    "obj": 36101,
    "mat_index": 1332,
    "obbs": "N 14\n0.0267445 0.139952 -0.370116 1 8.69345e-08 6.97154e-08 -8.69345e-08 0.217217 0.976123 6.97154e-08 -0.976123 0.217217 0.942069 0.229832 1.2147\n0.0281115 -0.48061 0.440777 1 0 0 0 1 0 0 0 1 1.03252 0.058617 0.048973\n0.026744 -0.171655 0.191612 1 0 0 0 1 0 0 0 1 1.01787 0.571197 0.833786\n-0.513321 0.47128 0.167248 1 0 0 0 1 0 0 0 1 0.431781 0.032485 0.693016\n-0.507056 -0.0427435 0.44074 1 0 0 0 1 0 0 0 1 0.061192 0.980151 0.049859\n0.560553 -0.0707275 0.425365 1 0 0 0 1 0 0 0 1 0.061176 0.924183 0.080338\n0.416565 -0.340847 -0.241524 0.913545 0.406737 -1.75508e-16 9.32566e-17 2.22045e-16 1 0.406737 -0.913545 1.64917e-16 0.044677 0.032485 0.044677\n0.416566 -0.0809665 -0.241524 0.406737 0.913545 -2.28137e-16 6.21751e-17 2.22045e-16 1 0.913545 -0.406737 3.35139e-17 0.044677 0.032485 0.044677\n-0.363077 -0.340848 -0.241524 0.406737 0.913545 -2.25274e-16 5.51373e-17 2.22045e-16 1 0.913545 -0.406737 3.99432e-17 0.044677 0.032485 0.044677\n-0.363077 -0.0809665 -0.241524 0.406737 0.913545 3.91495e-16 3.49148e-17 -4.44089e-16 1 0.913545 -0.406737 -2.12524e-16 0.044677 0.032485 0.044677\n0.38408 -0.622386 -0.264533 0.707107 9.59474e-17 -0.707107 8.63545e-17 1 2.22045e-16 0.707107 -2.18071e-16 0.707107 0.0421125 0.016243 0.0421125\n-0.330593 -0.622386 -0.264533 0.707107 2.54021e-16 -0.707107 8.48493e-17 1 4.44089e-16 0.707107 -3.74016e-16 0.707107 0.0421125 0.016243 0.0421125\n0.384081 -0.538466 -0.192796 1 0 0 0 -0.706114 0.708098 0 -0.708098 -0.706114 0.048728 0.0533717 0.256444\n-0.330593 -0.538466 -0.192796 -1.36224e-08 0.708098 0.706114 -5.65378e-09 -0.706114 0.708098 1 5.65378e-09 1.36224e-08 0.256444 0.0533717 0.048727\nC 32\n0 2\n0 7\n0 10\n0 3\n0 11\n0 12\n0 8\n0 13\n0 6\n0 9\n1 2\n1 5\n1 4\n2 8\n2 12\n2 5\n2 9\n2 13\n2 6\n2 10\n2 7\n2 11\n2 4\n3 4\n6 7\n6 10\n6 12\n8 13\n8 9\n8 11\n10 12\n11 13\nS 4\n2\n4 -0.507056 -0.0427435 0.44074\n5 0.560553 -0.0707275 0.425365\n2\n0.0267485 -0.0567355 0.433052\n0.999553 -0.0262001 -0.0143944\n2\n8 -0.363077 -0.340848 -0.241524\n6 0.416565 -0.340847 -0.241524\n2\n0.026744 -0.340847 -0.241524\n1 7.12007e-17 0\n2\n10 0.38408 -0.622386 -0.264533\n11 -0.330593 -0.622386 -0.264533\n2\n0.026744 -0.622386 -0.264533\n-1 0 0\n2\n12 0.384081 -0.538466 -0.192796\n13 -0.330593 -0.538466 -0.192796\n2\n0.0267442 -0.538466 -0.192796\n-1 -3.88367e-15 -9.55383e-15\nL 14\n0\n3\n1\n3\n3\n3\n0\n0\n0\n0\n2\n2\n2\n2"
}