{
    "boxes": [
        [
            0.01027199998497963,
            -0.1502400040626526,
            0.17653599381446838,
            0.5995339751243591,
            1.0799000263214111,
            0.9023280143737793,
            0.0,
            1.0,
            0.0,
            0.0,
            0.0,
            1.0
        ],
        [
            -0.5083950161933899,
            -0.044768501073122025,
            0.15590399503707886,
            0.801701009273529,
            1.0906000137329102,
            0.20228800177574158,
            0.0,
            1.0,
            0.0,
            0.0,
            0.0,
            1.0
        ],
        [
            -0.5170180201530457,
            -0.4233019948005676,
            0.6308670043945312,
            0.2781749963760376,
            0.07925920188426971,
            0.09196759760379791,
            -0.015366099774837494,
            0.9929620027542114,
            -0.11743500083684921,
            -0.017288200557231903,
            0.11716800183057785,
            0.9929620027542114
        ],
        [
            -0.4891059994697571,
            -0.42329999804496765,
            -0.38270801305770874,
            0.2781830132007599,
            0.0792623981833458,
            0.09197039902210236,
            -0.019575800746679306,
            0.9929590225219727,
            0.11682599782943726,
            -0.017404599115252495,
            -0.11716900020837784,
            0.9929590225219727
        ],
        [
            0.014038999564945698,
            0.2831070125102997,
            -0.34259000420570374,
            0.7747060060501099,
            0.22302299737930298,
            1.1452499628067017,
            -0.009725930169224739,
            0.9208980202674866,
            -0.3896830081939697,
            -0.014675299637019634,
            0.3895280063152313,
            0.9208980202674866
        ],
        [
            0.013552599586546421,
            0.04813560098409653,
            -0.3683350086212158,
            1.0196800231933594,
            0.3736270070075989,
            1.2240400314331055,
            -0.012984300032258034,
            0.9871640205383301,
            -0.15918000042438507,
            -0.015244199894368649,
            0.15897899866104126,
            0.9871640205383301
        ]
    ],
    "ops": [
        [
            0,
            0,
            2,
            1,
            0,
            0,
            1,
            2,
            1,
            0,
            0,
            1,
            1
        ]
    ],
    "syms": [
        [
            0.0,
            0.9997879862785339,
            -0.002403789898380637,
            0.020469900220632553,
            0.0064107500948011875,
            -0.04600619897246361,
            0.16644400358200073,
            0.0
        ],
        [
            0.0,
            0.9998480081558228,
            1.2075299764546799e-06,
            0.017452500760555267,
            0.000634307973086834,
            -0.42330101132392883,
            0.6399030089378357,
            0.0
        ]
    ],
    "labels:": [
        [
            1,
            3,
            2,
            2,
            0,
            0
        ]
    ],
    "obj": 2275,
    "mat_index": 137,
    "obbs": "N 9\n0.014039 0.283107 -0.34259 -0.00972593 0.920898 -0.389683 -0.0146753 0.389528 0.920898 0.999845 0.0146753 0.00972593 0.774706 0.223023 1.14525\n0.521216 -0.047244 0.176984 1 0 0 0 1 0 0 0 1 0.194245 0.8067 1.08311\n-0.508395 -0.0447685 0.155904 1 0 0 0 1 0 0 0 1 0.202288 0.801701 1.0906\n0.010272 -0.15024 0.176536 1 0 0 0 1 0 0 0 1 0.902328 0.599534 1.0799\n0.0135526 0.0481356 -0.368335 -0.0129843 0.987164 -0.15918 -0.0152442 0.158979 0.987164 0.999799 0.0152442 0.0129843 1.01968 0.373627 1.22404\n0.518287 -0.423301 0.648939 -0.015444 0.99296 -0.117439 -0.0173758 0.117169 0.99296 0.99973 0.0173758 0.015444 0.27818 0.0792598 0.0919572\n0.535978 -0.423301 -0.364815 0.999659 0.0173424 0.0195057 -0.0173424 -0.117169 0.992961 0.0195057 -0.992961 -0.116828 0.0919649 0.0792567 0.278178\n-0.489106 -0.4233 -0.382708 -0.0195758 0.992959 0.116826 -0.0174046 -0.117169 0.992959 0.999657 0.0174046 0.0195758 0.278183 0.0792624 0.0919704\n-0.517018 -0.423302 0.630867 -0.0153661 0.992962 -0.117435 -0.0172882 0.117168 0.992962 0.999732 0.0172882 0.0153661 0.278175 0.0792592 0.0919676\nC 21\n0 1\n0 7\n0 6\n0 4\n0 3\n0 2\n1 3\n1 4\n1 5\n1 6\n2 7\n2 8\n2 4\n2 3\n3 8\n3 6\n3 7\n3 4\n3 5\n4 7\n4 6\nS 3\n2\n1 0.521216 -0.047244 0.176984\n2 -0.508395 -0.0447685 0.155904\n2\n0.00641075 -0.0460062 0.166444\n-0.999788 0.00240379 -0.0204699\n2\n5 0.518287 -0.423301 0.648939\n8 -0.517018 -0.423302 0.630867\n2\n0.000634308 -0.423301 0.639903\n-0.999848 -1.20753e-06 -0.0174525\n2\n6 0.535978 -0.423301 -0.364815\n7 -0.489106 -0.4233 -0.382708\n2\n0.0234359 -0.423301 -0.373762\n-0.999848 9.59692e-07 -0.0174521\nL 9\n0\n3\n3\n1\n0\n2\n2\n2\n2"
}