{
    "boxes": [
        [
            0.0036915000528097153,
            -0.044422999024391174,
            0.17563900351524353,
            0.05806399881839752,
            0.7766079902648926,
            0.8202790021896362,
            0.0,
            1.0,
            0.0,
            0.0,
            0.0,
            1.0
        ],
        [
            -0.3150689899921417,
            -0.4849109947681427,
            -0.18175600469112396,
            0.7386410236358643,
            0.06106029823422432,
            0.0520687997341156,
            0.08031199872493744,
            0.9689480066299438,
            0.23385800421237946,
            -0.1878490000963211,
            -0.2156990021467209,
            0.9582210183143616
        ],
        [
            0.3202179968357086,
            -0.45246198773384094,
            0.3436189889907837,
            0.7990260124206543,
            0.07225999981164932,
            0.04703669995069504,
            -0.08541739732027054,
            0.9765030145645142,
            -0.1978510022163391,
            -0.028645899146795273,
            0.1960880011320114,
            0.9801679849624634
        ],
        [
            0.0030712599400430918,
            0.4308120012283325,
            -0.26966598629951477,
            0.4767470061779022,
            0.11806699633598328,
            0.8070650100708008,
            -0.0010546200210228562,
            0.9887300133705139,
            -0.14970499277114868,
            -0.0012263200478628278,
            0.1497039943933487,
            0.9887300133705139
        ],
        [
            -0.259768009185791,
            0.15859399735927582,
            -0.2735550105571747,
            0.6170300245285034,
            0.1684200018644333,
            0.037985701113939285,
            0.07686170190572739,
            0.9558809995651245,
            -0.28352099657058716,
            -0.0029884499963372946,
            0.2845819890499115,
            0.9586470127105713
        ]
    ],
    "ops": [
        [
            0,
            0,
            0,
            1,
            2,
            1,
            0,
            0,
            2,
            1,
            1
        ]
    ],
    "syms": [
        [
            0.0,
            0.9999819993972778,
            0.002611770061776042,
            0.005444610025733709,
            0.0032888399437069893,
            -0.4840799868106842,
            -0.18002299964427948,
            0.0
        ],
        [
            0.0,
            0.9999849796295166,
            0.0029694701079279184,
            0.004545819945633411,
            0.0038441698998212814,
            0.15937699377536774,
            -0.2723569869995117,
            0.0
        ]
    ],
    "labels:": [
        [
            1,
            2,
            2,
            0,
            0
        ]
    ],
    "obj": 36161,
    "mat_index": 1372,
    "obbs": "N 8\n0.00307126 0.430812 -0.269666 0.999999 0.00122632 0.00105462 -0.00122632 0.149704 0.98873 0.00105462 -0.98873 0.149705 0.807065 0.118067 0.476747\n0.0036915 -0.044423 0.175639 1 0 0 0 1 0 0 0 1 0.820279 0.058064 0.776608\n-0.259768 0.158594 -0.273555 0.00298845 -0.284582 -0.958647 0.997037 -0.072836 0.02473 -0.0768617 -0.955881 0.283521 0.16842 0.0379857 0.61703\n0.267457 0.160159 -0.271159 -0.0755941 0.95915 -0.272609 0.997124 0.0741972 -0.0154445 0.00541323 -0.272993 -0.962001 0.617171 0.0364784 0.168993\n0.321646 -0.483248 -0.178289 0.000960091 0.227384 -0.973805 0.996208 0.0844994 0.0207128 0.0869957 -0.970132 -0.22644 0.0628123 0.0479812 0.743199\n0.320218 -0.452462 0.343619 -0.0854174 0.976503 -0.197851 0.995933 0.089391 0.0112234 0.0286459 -0.196088 -0.980168 0.799026 0.0470367 0.07226\n-0.315501 -0.474888 0.358432 0.108664 0.978654 -0.174439 0.307136 0.13384 0.942207 0.945442 -0.15596 -0.286036 0.748797 0.0607189 0.0622764\n-0.315069 -0.484911 -0.181756 -0.080312 -0.968948 -0.233858 0.978909 -0.120887 0.164693 -0.187849 -0.215699 0.958221 0.738641 0.0520688 0.0610603\nC 11\n0 1\n0 3\n0 2\n1 2\n1 3\n1 4\n1 5\n1 6\n1 7\n2 7\n3 4\nS 3\n2\n2 -0.259768 0.158594 -0.273555\n3 0.267457 0.160159 -0.271159\n2\n0.00384417 0.159377 -0.272357\n0.999985 0.00296947 0.00454582\n2\n4 0.321646 -0.483248 -0.178289\n7 -0.315069 -0.484911 -0.181756\n2\n0.00328884 -0.48408 -0.180023\n-0.999982 -0.00261177 -0.00544461\n2\n5 0.320218 -0.452462 0.343619\n6 -0.315501 -0.474888 0.358432\n2\n0.0023585 -0.463675 0.351026\n-0.999107 -0.0352459 0.0232808\nL 8\n0\n1\n0\n0\n2\n2\n2\n2"
}