{
    "boxes": [
        [
            -0.0011060000397264957,
            -0.11138799786567688,
            0.15771399438381195,
            0.22549299895763397,
            0.7462549805641174,
            0.7406439781188965,
            0.0,
            1.0,
            0.0,
            0.0,
            0.0,
            1.0
        ],
        [
            -0.41489899158477783,
            0.009867499582469463,
            0.4989140033721924,
            0.46487900614738464,
            0.07079900056123734,
            0.09239500015974045,
            0.0,
            1.0,
            0.0,
            0.0,
            0.0,
            1.0
        ],
        [
            -0.4134550094604492,
            0.019031699746847153,
            0.07864149659872055,
            0.4588339924812317,
            0.7938470244407654,
            0.09340719878673553,
            -0.12087800353765488,
            0.992667019367218,
            -1.5603700376232155e-05,
            1.5603700376232155e-05,
            1.761900057317689e-05,
            1.0
        ],
        [
            -0.4030030071735382,
            -0.47700798511505127,
            0.4989140033721924,
            0.5377659797668457,
            0.07079900056123734,
            0.06975399702787399,
            0.0,
            1.0,
            0.0,
            0.0,
            0.0,
            1.0
        ],
        [
            -0.4147759974002838,
            -0.25160300731658936,
            -0.27999600768089294,
            0.9865509867668152,
            0.0687130019068718,
            0.09123700112104416,
            0.0,
            1.0,
            0.0,
            0.0,
            0.0,
            1.0
        ],
        [
            -0.0031734800431877375,
            0.1730629950761795,
            -0.2475699931383133,
            0.800320029258728,
            0.2942369878292084,
            0.9452250003814697,
            0.011632800102233887,
            0.9842740297317505,
            -0.17626400291919708,
            -0.048657599836587906,
            0.17662499845027924,
            0.9830750226974487
        ]
    ],
    "ops": [
        [
            0,
            0,
            0,
            1,
            2,
            1,
            0,
            0,
            1,
            2,
            1,
            0,
            1
        ]
    ],
    "syms": [
        [
            0.0,
            0.9999849796295166,
            0.005482119973748922,
            -0.0,
            -0.004708250053226948,
            0.01211629994213581,
            0.4989140033721924,
            0.0
        ],
        [
            0.0,
            0.999970018863678,
            0.007798879873007536,
            -0.0,
            -0.0047205002047121525,
            -0.47390198707580566,
            0.4989140033721924,
            0.0
        ]
    ],
    "labels:": [
        [
            1,
            3,
            3,
            2,
            2,
            0
        ]
    ],
    "obj": 36170,
    "mat_index": 1378,
    "obbs": "N 10\n-0.00317348 0.173063 -0.24757 -0.998748 0.00285929 -0.049947 -0.0486576 0.176625 0.983075 0.0116328 0.984274 -0.176264 0.945225 0.294237 0.80032\n0.405483 0.014365 0.498914 1 0 0 0 1 0 0 0 1 0.092346 0.455886 0.070799\n-0.414899 0.0098675 0.498914 1 0 0 0 1 0 0 0 1 0.092395 0.464879 0.070799\n-0.001106 -0.111388 0.157714 1 0 0 0 1 0 0 0 1 0.740644 0.225493 0.746255\n0.393562 -0.470795 0.498914 1 0 0 0 1 0 0 0 1 0.069754 0.550191 0.070799\n-0.403003 -0.477008 0.498914 1 0 0 0 1 0 0 0 1 0.069754 0.537766 0.070799\n0.399632 -0.251474 -0.279553 -0.0471223 0.00509951 -0.998876 0.998613 -0.0232531 -0.0472286 -0.0234678 -0.999717 -0.0039967 0.0744753 0.0832911 0.986954\n-0.414776 -0.251603 -0.279996 1 0 0 0 1 0 0 0 1 0.091237 0.986551 0.068713\n0.404015 0.0190327 0.0786416 1.98037e-05 1.75385e-05 -1 0.992667 -0.120878 1.75385e-05 -0.120878 -0.992667 -1.98037e-05 0.793848 0.0934062 0.45884\n-0.413455 0.0190317 0.0786415 0.120878 -0.992667 1.56037e-05 0.992667 0.120878 -1.7619e-05 1.56037e-05 1.7619e-05 1 0.458834 0.0934072 0.793847\nC 21\n0 7\n0 6\n0 9\n0 3\n0 8\n1 3\n1 4\n1 8\n2 9\n2 5\n2 3\n3 8\n3 9\n3 6\n3 7\n3 4\n3 5\n4 8\n5 9\n6 8\n7 9\nS 4\n2\n1 0.405483 0.014365 0.498914\n2 -0.414899 0.0098675 0.498914\n2\n-0.00470825 0.0121163 0.498914\n-0.999985 -0.00548212 0\n2\n4 0.393562 -0.470795 0.498914\n5 -0.403003 -0.477008 0.498914\n2\n-0.0047205 -0.473902 0.498914\n-0.99997 -0.00779888 0\n2\n6 0.399632 -0.251474 -0.279553\n7 -0.414776 -0.251603 -0.279996\n2\n-0.00757208 -0.251538 -0.279775\n-1 -0.000157697 -0.000545156\n2\n8 0.404015 0.0190327 0.0786416\n9 -0.413455 0.0190317 0.0786415\n2\n-0.00472019 0.0190322 0.0786415\n-1 -1.16993e-06 -1.77587e-07\nL 10\n0\n3\n3\n1\n2\n2\n2\n2\n3\n3"
}