{
    "boxes": [
        [
            0.009240999817848206,
            -0.15417200326919556,
            0.038997501134872437,
            0.3764449954032898,
            0.9024490118026733,
            1.0536999702453613,
            0.0,
            1.0,
            0.0,
            0.0,
            0.0,
            1.0
        ],
        [
            0.5167880058288574,
            0.48738399147987366,
            0.20828400552272797,
            0.06462810188531876,
            0.5043449997901917,
            0.07112549990415573,
            -0.07554390281438828,
            0.9536799788475037,
            0.2911840081214905,
            0.16408400237560272,
            -0.2761479914188385,
            0.9470049738883972
        ],
        [
            -0.4989069998264313,
            0.4984860122203827,
            0.17234399914741516,
            0.06147729977965355,
            0.5840790271759033,
            0.06841959804296494,
            0.4781529903411865,
            0.8264240026473999,
            0.2973099946975708,
            -0.12351299822330475,
            -0.2718780040740967,
            0.9543730020523071
        ],
        [
            -0.47601601481437683,
            0.14639900624752045,
            0.1384669989347458,
            0.8450300097465515,
            0.5041419863700867,
            0.048194799572229385,
            0.0002895540092140436,
            0.9994300007820129,
            -0.03374649956822395,
            -0.12329400330781937,
            0.03352469950914383,
            0.9918040037155151
        ],
        [
            -0.5174890160560608,
            0.05578700080513954,
            0.4082010090351105,
            0.7434920072555542,
            0.06197400018572807,
            0.059748999774456024,
            0.0,
            1.0,
            0.0,
            0.0,
            0.0,
            1.0
        ],
        [
            -0.30012398958206177,
            -0.4950940012931824,
            -0.2512440085411072,
            0.4566429853439331,
            0.13228599727153778,
            0.10447599738836288,
            0.0,
            1.0,
            0.0,
            0.0,
            0.0,
            1.0
        ],
        [
            -0.4917739927768707,
            -0.5442799925804138,
            0.41000598669052124,
            0.4566420018672943,
            0.13228599727153778,
            0.15537799894809723,
            0.0,
            1.0,
            0.0,
            0.0,
            0.0,
            1.0
        ],
        [
            0.014770999550819397,
            0.1968729943037033,
            -0.2680160105228424,
            0.9326559901237488,
            0.500789999961853,
            0.9207860231399536,
            0.0,
            1.0,
            0.0,
            0.0,
            0.0,
            1.0
        ],
        [
            0.02472650073468685,
            0.6222919821739197,
            -0.28335800766944885,
            0.05632520094513893,
            0.4987489879131317,
            1.0005899667739868,
            -0.0014693399425595999,
            0.9635199904441833,
            0.26763299107551575,
            -0.0521358996629715,
            -0.26734301447868347,
            0.9621899724006653
        ]
    ],
    "ops": [
        [
            0,
            0,
            0,
            0,
            0,
            1,
            2,
            1,
            1,
            1,
            0,
            0,
            1,
            2,
            1,
            0,
            0,
            1,
            1
        ]
    ],
    "syms": [
        [
            0.0,
            0.9993199706077576,
            -0.011274700053036213,
            0.035107601433992386,
            0.008383260108530521,
            0.14093400537967682,
            0.15548500418663025,
            0.0
        ],
        [
            0.0,
            1.0,
            -8.078459927673975e-07,
            0.0,
            0.009340750053524971,
            -0.4950940012931824,
            -0.2512440085411072,
            0.0
        ]
    ],
    "labels:": [
        [
            1,
            3,
            3,
            3,
            3,
            2,
            2,
            0,
            0
        ]
    ],
    "obj": 36206,
    "mat_index": 1401,
    "obbs": "N 13\n0.014771 0.196873 -0.268016 1 0 0 0 1 0 0 0 1 0.920786 0.932656 0.50079\n0.0247265 0.622292 -0.283358 0.0521359 0.267343 -0.96219 -0.00146934 0.96352 0.267633 0.998639 -0.0125395 0.0506268 0.498749 0.0563252 1.00059\n0.009241 -0.154172 0.0389975 1 0 0 0 1 0 0 0 1 1.0537 0.376445 0.902449\n0.492783 0.135469 0.172502 -0.152355 0.00410644 -0.988317 0.988309 -0.0051778 -0.152375 -0.00574302 -0.999978 -0.00326957 0.417736 0.0409071 0.810278\n-0.476016 0.146399 0.138467 0.123294 -0.0335247 -0.991804 0.99237 0.00387355 0.123233 -0.000289554 -0.99943 0.0337465 0.504142 0.0481948 0.84503\n-0.517489 0.055787 0.408201 1 0 0 0 1 0 0 0 1 0.059749 0.743492 0.061974\n0.535994 0.05604 0.408193 1 0 0 0 1 0 0 0 1 0.059795 0.743998 0.06199\n-0.498907 0.498486 0.172344 0.123513 0.271878 -0.954373 0.478153 0.826424 0.29731 0.869548 -0.493058 -0.0279253 0.584079 0.0614773 0.0684196\n0.516788 0.487384 0.208284 0.0755439 -0.95368 -0.291184 0.983549 0.119319 -0.135623 0.164084 -0.276148 0.947005 0.0646281 0.0711255 0.504345\n-0.300124 -0.495094 -0.251244 1 0 0 0 1 0 0 0 1 0.104476 0.456643 0.132286\n0.318806 -0.495094 -0.251244 1 0 0 0 1 0 0 0 1 0.104475 0.456642 0.132286\n0.510256 -0.54428 0.410006 1 0 0 0 1 0 0 0 1 0.155378 0.456642 0.132286\n-0.491774 -0.54428 0.410006 1 0 0 0 1 0 0 0 1 0.155378 0.456642 0.132286\nC 32\n0 2\n0 7\n0 10\n0 3\n0 4\n0 8\n0 1\n0 9\n1 3\n1 4\n1 8\n1 7\n2 12\n2 5\n2 9\n2 6\n2 10\n2 3\n2 11\n2 4\n3 11\n3 10\n3 6\n3 8\n4 7\n4 12\n4 9\n4 5\n5 12\n5 7\n6 11\n6 8\nS 4\n2\n3 0.492783 0.135469 0.172502\n4 -0.476016 0.146399 0.138467\n2\n0.00838326 0.140934 0.155485\n-0.99932 0.0112747 -0.0351076\n2\n5 -0.517489 0.055787 0.408201\n6 0.535994 0.05604 0.408193\n2\n0.009252 0.0559135 0.408197\n1 0.000240156 -7.59386e-06\n2\n9 -0.300124 -0.495094 -0.251244\n10 0.318806 -0.495094 -0.251244\n2\n0.00934075 -0.495094 -0.251244\n1 -8.07846e-07 0\n2\n11 0.510256 -0.54428 0.410006\n12 -0.491774 -0.54428 0.410006\n2\n0.009241 -0.54428 0.410006\n-1 0 0\nL 13\n0\n0\n1\n3\n3\n3\n3\n3\n3\n2\n2\n2\n2"
}