{
    "boxes": [
        [
            0.0016547499690204859,
            -0.044102199375629425,
            0.16975900530815125,
            0.1266070008277893,
            0.7078790068626404,
            0.7870389819145203,
            -0.010275200009346008,
            0.9989529848098755,
            -0.04458190128207207,
            -0.0002291650016559288,
            0.04458190128207207,
            0.9990059733390808
        ],
        [
            -0.37115898728370667,
            -0.40807899832725525,
            0.5053210258483887,
            0.7178540229797363,
            0.03672780096530914,
            0.04585909843444824,
            0.08317849785089493,
            0.9965299963951111,
            0.0030013900250196457,
            0.03077719919383526,
            -0.005579280201345682,
            0.9995110034942627
        ],
        [
            -0.3821280002593994,
            -0.42341798543930054,
            -0.23910200595855713,
            0.7048130035400391,
            0.03592419996857643,
            0.05421990156173706,
            0.02607410028576851,
            0.9575520157814026,
            0.28707998991012573,
            0.05829089879989624,
            -0.2881459891796112,
            0.9558110237121582
        ],
        [
            -0.39846301078796387,
            -0.7681660056114197,
            0.0898045003414154,
            0.039760999381542206,
            0.8550029993057251,
            0.04140099883079529,
            0.0,
            1.0,
            0.0,
            0.0,
            0.0,
            1.0
        ],
        [
            0.002634109929203987,
            0.31718701124191284,
            -0.2753860056400299,
            0.7057330012321472,
            0.0957598015666008,
            0.7815120220184326,
            0.0010301100555807352,
            0.9739300012588501,
            -0.22684800624847412,
            0.001297620008699596,
            0.22684599459171295,
            0.9739300012588501
        ]
    ],
    "ops": [
        [
            0,
            0,
            0,
            0,
            1,
            1,
            2,
            1,
            0,
            1
        ]
    ],
    "syms": [
        [
            0.0,
            0.9999129772186279,
            -0.013158000074326992,
            -0.0005327680264599621,
            0.002682599937543273,
            -0.4129990041255951,
            0.5051220059394836,
            0.0
        ]
    ],
    "labels:": [
        [
            1,
            2,
            2,
            2,
            0
        ]
    ],
    "obj": 36229,
    "mat_index": 1412,
    "obbs": "N 8\n0.00263411 0.317187 -0.275386 0.999999 -0.00129762 -0.00103011 0.00129762 0.226846 0.97393 -0.00103011 -0.97393 0.226848 0.781512 0.0957598 0.705733\n0.00165475 -0.0441022 0.169759 0.999947 0.0102752 -0.000229165 -0.0102752 0.998953 -0.0445819 -0.000229165 0.0445819 0.999006 0.787039 0.126607 0.707879\n0.389347 -0.424337 -0.239144 -0.985922 -0.00800857 -0.167014 -0.157892 -0.284132 0.945695 -0.0550277 0.958752 0.278868 0.051359 0.0417178 0.717508\n0.376524 -0.417918 0.504922 -0.088003 0.996119 -0.0016771 -0.0357531 -0.00147608 0.99936 0.995478 0.0880066 0.0357443 0.69202 0.0369211 0.0490188\n-0.371159 -0.408079 0.505321 -0.996059 0.0830454 0.0311345 0.0307772 -0.00557928 0.999511 0.0831785 0.99653 0.00300139 0.0458591 0.0367278 0.717854\n-0.382128 -0.423418 -0.239102 0.0260741 0.957552 0.28708 0.0582909 -0.288146 0.955811 0.997959 -0.0081877 -0.0633296 0.704813 0.0359242 0.0542199\n0.403216 -0.765821 0.0914245 1 0 0 0 1 0 0 0 1 0.040855 0.044325 0.852113\n-0.398463 -0.768166 0.0898045 1 0 0 0 1 0 0 0 1 0.041401 0.039761 0.855003\nC 11\n0 1\n0 5\n0 2\n1 2\n1 3\n1 4\n1 5\n2 6\n3 6\n4 7\n5 7\nS 3\n2\n2 0.389347 -0.424337 -0.239144\n5 -0.382128 -0.423418 -0.239102\n2\n0.00360975 -0.423877 -0.239123\n-0.999999 0.00119086 5.40347e-05\n2\n3 0.376524 -0.417918 0.504922\n4 -0.371159 -0.408079 0.505321\n2\n0.0026826 -0.412999 0.505122\n-0.999913 0.013158 0.000532768\n2\n6 0.403216 -0.765821 0.0914245\n7 -0.398463 -0.768166 0.0898045\n2\n0.0023765 -0.766993 0.0906145\n-0.999994 -0.00292509 -0.00202074\nL 8\n0\n1\n2\n2\n2\n2\n2\n2"
}