{
    "boxes": [
        [
            -0.002799500012770295,
            -0.16790400445461273,
            0.14160700142383575,
            0.1771640032529831,
            0.7149800062179565,
            0.9663709998130798,
            0.0,
            1.0,
            0.0,
            0.0,
            0.0,
            1.0
        ],
        [
            -0.4922710061073303,
            0.1748179942369461,
            0.13538900017738342,
            0.05583500117063522,
            0.5245180130004883,
            0.07855899631977081,
            0.0,
            1.0,
            0.0,
            0.0,
            0.0,
            1.0
        ],
        [
            -0.47343799471855164,
            -0.11643099784851074,
            0.12003400176763535,
            0.19441600143909454,
            0.5714240074157715,
            0.11748699843883514,
            0.0,
            1.0,
            0.0,
            0.0,
            0.0,
            1.0
        ],
        [
            -0.48967599868774414,
            0.06659089773893356,
            -0.07292009890079498,
            0.19470000267028809,
            0.11960799992084503,
            0.06250090152025223,
            0.021320199593901634,
            0.9996640086174011,
            0.014719899743795395,
            -0.014719899743795395,
            -0.014407699927687645,
            0.9997879862785339
        ],
        [
            0.003378499997779727,
            -0.5404379963874817,
            0.09995699673891068,
            0.5980889797210693,
            0.14854200184345245,
            0.3393070101737976,
            0.0,
            1.0,
            0.0,
            0.0,
            0.0,
            1.0
        ],
        [
            0.003467499976977706,
            -0.8384770154953003,
            0.12381099909543991,
            0.03245000168681145,
            0.21636000275611877,
            0.5828570127487183,
            0.0,
            1.0,
            0.0,
            0.0,
            0.0,
            1.0
        ],
        [
            -0.004179699812084436,
            0.3398039937019348,
            -0.17817600071430206,
            1.0900599956512451,
            0.14546899497509003,
            0.9609670042991638,
            0.0033530700020492077,
            0.9980030059814453,
            -0.06308189779520035,
            0.00357168004848063,
            0.0630699023604393,
            0.9980030059814453
        ]
    ],
    "ops": [
        [
            0,
            0,
            0,
            0,
            1,
            1,
            2,
            1,
            0,
            0,
            1,
            1,
            0,
            1
        ]
    ],
    "syms": [
        [
            0.0,
            1.0,
            -0.0008213910041376948,
            0.0002000620006583631,
            0.0030362799298018217,
            0.17441099882125854,
            0.13548800349235535,
            0.0
        ]
    ],
    "labels:": [
        [
            1,
            3,
            3,
            3,
            2,
            2,
            0
        ]
    ],
    "obj": 36235,
    "mat_index": 1417,
    "obbs": "N 10\n-0.0041797 0.339804 -0.178176 0.999988 -0.00357168 -0.00335307 0.00357168 0.0630699 0.998003 -0.00335307 -0.998003 0.0630819 0.960967 0.145469 1.09006\n0.4847 -0.106004 0.124537 1 0 0 0 1 0 0 0 1 0.108493 0.215271 0.589182\n-0.473438 -0.116431 0.120034 1 0 0 0 1 0 0 0 1 0.117487 0.194416 0.571424\n-0.0027995 -0.167904 0.141607 1 0 0 0 1 0 0 0 1 0.966371 0.177164 0.71498\n0.0033785 -0.540438 0.099957 1 0 0 0 1 0 0 0 1 0.339307 0.598089 0.148542\n0.498227 0.0699545 -0.0742395 1 0 0 0 1 0 0 0 1 0.045532 0.185389 0.109581\n-0.489676 0.0665909 -0.0729201 -0.0213202 -0.999664 -0.0147199 0.999664 -0.0215324 0.0144077 -0.0147199 -0.0144077 0.999788 0.1947 0.0625009 0.119608\n0.498344 0.174004 0.135587 0.997857 -0.065426 0.000283224 0.065426 0.99782 -0.0086484 0.000283224 0.0086484 0.999963 0.0785324 0.0612691 0.524692\n-0.492271 0.174818 0.135389 1 0 0 0 1 0 0 0 1 0.078559 0.055835 0.524518\n0.0034675 -0.838477 0.123811 1 0 0 0 1 0 0 0 1 0.582857 0.03245 0.21636\nC 22\n0 7\n0 3\n0 4\n0 5\n0 8\n0 1\n0 6\n0 2\n1 3\n1 5\n1 7\n2 8\n2 6\n2 3\n3 7\n3 6\n3 5\n3 8\n3 4\n4 9\n5 7\n6 8\nS 3\n2\n1 0.4847 -0.106004 0.124537\n2 -0.473438 -0.116431 0.120034\n2\n0.0056305 -0.111217 0.122285\n-0.99993 -0.0108823 -0.00469941\n2\n5 0.498227 0.0699545 -0.0742395\n6 -0.489676 0.0665909 -0.0729201\n2\n0.00427555 0.0682727 -0.0735798\n-0.999993 -0.00340478 0.00133551\n2\n7 0.498344 0.174004 0.135587\n8 -0.492271 0.174818 0.135389\n2\n0.00303628 0.174411 0.135488\n-1 0.000821391 -0.000200062\nL 10\n0\n3\n3\n1\n2\n3\n3\n3\n3\n2"
}