{
    "boxes": [
        [
            0.006404499989002943,
            -0.10774999856948853,
            0.12577299773693085,
            0.16724500060081482,
            0.7591819763183594,
            0.9591050148010254,
            0.0,
            1.0,
            0.0,
            0.0,
            0.0,
            1.0
        ],
        [
            -0.3924430012702942,
            0.023779500275850296,
            0.14420899748802185,
            0.4680269956588745,
            0.7223079800605774,
            0.17415699362754822,
            0.0,
            1.0,
            0.0,
            0.0,
            0.0,
            1.0
        ],
        [
            -0.4120129942893982,
            -0.4957970082759857,
            -0.264272004365921,
            0.6692349910736084,
            0.11033400148153305,
            0.11784200370311737,
            0.054953400045633316,
            0.960752010345459,
            0.27191299200057983,
            -0.5432199835777283,
            -0.19972899556159973,
            0.8154879808425903
        ],
        [
            -0.4158700108528137,
            -0.5005530118942261,
            0.413224995136261,
            0.6334369778633118,
            0.11383099853992462,
            0.09585320204496384,
            0.005415999796241522,
            0.9987919926643372,
            0.04884609952569008,
            -0.15203900635242462,
            -0.047456398606300354,
            0.9872339963912964
        ],
        [
            0.005488879978656769,
            0.18853600323200226,
            -0.24514299631118774,
            0.7450770139694214,
            0.2523309886455536,
            0.9745950102806091,
            -0.005954550113528967,
            0.9580739736557007,
            -0.2864589989185333,
            -0.007995190098881721,
            0.2864089906215668,
            0.9580739736557007
        ]
    ],
    "ops": [
        [
            0,
            0,
            2,
            1,
            0,
            0,
            1,
            2,
            1,
            0,
            1
        ]
    ],
    "syms": [
        [
            0.0,
            0.9999189972877502,
            0.0077354200184345245,
            0.010090099647641182,
            0.003754999954253435,
            0.02684449963271618,
            0.14820699393749237,
            0.0
        ],
        [
            0.0,
            0.9999729990959167,
            0.0012646899558603764,
            -0.007226270157843828,
            0.007838110439479351,
            -0.49526599049568176,
            -0.26730599999427795,
            0.0
        ]
    ],
    "labels:": [
        [
            1,
            3,
            2,
            2,
            0
        ]
    ],
    "obj": 36292,
    "mat_index": 1455,
    "obbs": "N 8\n0.00548888 0.188536 -0.245143 -0.00595455 0.958074 -0.286459 -0.00799519 0.286409 0.958074 0.99995 0.00799519 0.00595455 0.745077 0.252331 0.974595\n0.399952 0.0299095 0.152205 1 0 0 0 1 0 0 0 1 0.183507 0.441339 0.706314\n-0.392443 0.0237795 0.144209 1 0 0 0 1 0 0 0 1 0.174157 0.468027 0.722308\n0.0064045 -0.10775 0.125773 1 0 0 0 1 0 0 0 1 0.959105 0.167245 0.759182\n-0.412013 -0.495797 -0.264272 0.0549534 0.960752 0.271913 -0.54322 -0.199729 0.815488 0.83779 -0.192522 0.510924 0.669235 0.110334 0.117842\n0.427689 -0.494735 -0.27034 0.00111837 -0.957334 -0.288981 0.850287 0.153006 -0.503587 0.526317 -0.245154 0.81418 0.669062 0.105354 0.116768\n0.429988 -0.500053 0.426079 1 0 0 0 1 0 0 0 1 0.095535 0.636522 0.115567\n-0.41587 -0.500553 0.413225 0.005416 0.998792 0.0488461 0.98836 -0.0127734 0.151599 0.152039 0.0474564 -0.987234 0.633437 0.0958532 0.113831\nC 15\n0 1\n0 5\n0 4\n0 3\n0 2\n1 3\n1 5\n1 6\n2 7\n2 4\n2 3\n3 6\n3 7\n3 4\n3 5\nS 3\n2\n1 0.399952 0.0299095 0.152205\n2 -0.392443 0.0237795 0.144209\n2\n0.003755 0.0268445 0.148207\n-0.999919 -0.00773542 -0.0100901\n2\n4 -0.412013 -0.495797 -0.264272\n5 0.427689 -0.494735 -0.27034\n2\n0.00783811 -0.495266 -0.267306\n0.999973 0.00126469 -0.00722627\n2\n6 0.429988 -0.500053 0.426079\n7 -0.41587 -0.500553 0.413225\n2\n0.00705909 -0.500303 0.419652\n-0.999884 -0.000591111 -0.0151953\nL 8\n0\n3\n3\n1\n2\n2\n2\n2"
}