{
    "boxes": [
        [
            -0.01733049936592579,
            -0.20130300521850586,
            0.14445899426937103,
            0.47494399547576904,
            1.2799700498580933,
            1.0805000066757202,
            4.8092301354382e-14,
            0.9974409937858582,
            -0.07149740308523178,
            1.4994000414167885e-15,
            0.07149740308523178,
            0.9974409937858582
        ],
        [
            -0.5724239945411682,
            0.0649074986577034,
            0.5890309810638428,
            0.3322629928588867,
            0.25293299555778503,
            0.1495719999074936,
            0.0,
            1.0,
            0.0,
            0.0,
            0.0,
            1.0
        ],
        [
            -0.5265610218048096,
            0.3813999891281128,
            0.1123410016298294,
            0.31662601232528687,
            1.264870047569275,
            0.39420101046562195,
            0.4924890100955963,
            0.8353649973869324,
            0.24417400360107422,
            -0.034018900245428085,
            -0.2618649899959564,
            0.9645050168037415
        ],
        [
            -0.012570500373840332,
            -0.2731359899044037,
            0.09890949726104736,
            0.4634610116481781,
            1.177489995956421,
            1.3411200046539307,
            0.0,
            1.0,
            0.0,
            0.0,
            0.0,
            1.0
        ],
        [
            -0.02677519991993904,
            0.3910290002822876,
            -0.3085959851741791,
            0.8403339982032776,
            0.28839099407196045,
            0.8701450228691101,
            0.008462109602987766,
            0.9791989922523499,
            -0.20272600650787354,
            0.010393000207841396,
            0.2026360034942627,
            0.9791989922523499
        ],
        [
            -0.01820649951696396,
            0.07575549930334091,
            -0.517624020576477,
            1.1612399816513062,
            0.23308700323104858,
            1.0754599571228027,
            0.0,
            1.0,
            0.0,
            0.0,
            0.0,
            1.0
        ]
    ],
    "ops": [
        [
            0,
            0,
            0,
            1,
            2,
            1,
            0,
            1,
            0,
            0,
            1,
            1
        ]
    ],
    "syms": [
        [
            0.0,
            0.9999769926071167,
            -0.006782730109989643,
            0.0004260159912519157,
            -0.01318570040166378,
            0.06111430004239082,
            0.5892689824104309,
            0.0
        ]
    ],
    "labels:": [
        [
            1,
            3,
            3,
            2,
            0,
            0
        ]
    ],
    "obj": 2286,
    "mat_index": 146,
    "obbs": "N 8\n-0.0267752 0.391029 -0.308596 0.99991 -0.010393 -0.00846211 0.010393 0.202636 0.979199 -0.00846211 -0.979199 0.202726 0.870145 0.288391 0.840334\n-0.0125705 -0.273136 0.0989095 1 0 0 0 1 0 0 0 1 1.34112 0.463461 1.17749\n-0.0173305 -0.201303 0.144459 -1.4994e-15 -0.0714974 -0.997441 4.80923e-14 0.997441 -0.0714974 1 -4.80764e-14 1.94292e-15 1.27997 0.474944 1.0805\n0.546053 0.057321 0.589507 1 0 0 0 1 0 0 0 1 0.147323 0.313814 0.252274\n-0.572424 0.0649075 0.589031 1 0 0 0 1 0 0 0 1 0.149572 0.332263 0.252933\n0.493765 0.392499 0.106119 0.399855 -0.891925 -0.211151 0.916556 0.3907 0.0853141 0.00640283 -0.227645 0.973723 0.299296 0.390883 1.27659\n-0.526561 0.3814 0.112341 -0.492489 -0.835365 -0.244174 0.869654 -0.483314 -0.100548 -0.0340189 -0.261865 0.964505 0.316626 0.394201 1.26487\n-0.0182065 0.0757555 -0.517624 1 0 0 0 1 0 0 0 1 1.07546 1.16124 0.233087\nC 20\n0 1\n0 7\n0 6\n0 5\n0 2\n1 2\n1 3\n1 4\n1 5\n1 6\n1 7\n2 7\n2 6\n2 4\n2 3\n2 5\n3 5\n4 6\n5 7\n6 7\nS 2\n2\n3 0.546053 0.057321 0.589507\n4 -0.572424 0.0649075 0.589031\n2\n-0.0131857 0.0611143 0.589269\n-0.999977 0.00678273 -0.000426016\n2\n5 0.493765 0.392499 0.106119\n6 -0.526561 0.3814 0.112341\n2\n-0.0163977 0.386949 0.10923\n-0.999922 -0.0108767 0.00609792\nL 8\n0\n2\n1\n3\n3\n3\n3\n0"
}