{
    "boxes": [
        [
            0.01863349974155426,
            -0.03530450165271759,
            0.10102800279855728,
            0.07516299933195114,
            0.8335769772529602,
            0.745507001876831,
            0.0,
            1.0,
            0.0,
            0.0,
            0.0,
            1.0
        ],
        [
            -0.4361810088157654,
            0.4634760022163391,
            0.07066600024700165,
            0.06351999938488007,
            0.5173060297966003,
            0.046940501779317856,
            -0.003503520041704178,
            0.9997910261154175,
            0.0201277993619442,
            3.526269938447513e-05,
            -0.0201277993619442,
            0.999796986579895
        ],
        [
            -0.38816601037979126,
            0.45511800050735474,
            -0.002597999991849065,
            0.05421699956059456,
            0.602541983127594,
            0.1358640044927597,
            0.0,
            1.0,
            0.0,
            0.0,
            0.0,
            1.0
        ],
        [
            0.014956500381231308,
            -0.8137959837913513,
            -0.45811399817466736,
            0.04044400155544281,
            0.06487999856472015,
            0.7040290236473083,
            0.0,
            1.0,
            0.0,
            0.0,
            0.0,
            1.0
        ],
        [
            -0.320266991853714,
            -0.4400300085544586,
            0.48659899830818176,
            0.7640659809112549,
            0.06041400134563446,
            0.04056299850344658,
            0.0,
            1.0,
            0.0,
            0.0,
            0.0,
            1.0
        ],
        [
            0.3514690101146698,
            -0.807699978351593,
            0.011908999644219875,
            0.053102001547813416,
            0.9471099972724915,
            0.05269800126552582,
            0.0,
            1.0,
            0.0,
            0.0,
            0.0,
            1.0
        ],
        [
            -0.31267300248146057,
            0.3484950065612793,
            -0.2894800007343292,
            0.7734280228614807,
            0.06534019857645035,
            0.05875679850578308,
            -0.006249819882214069,
            0.9971309900283813,
            -0.0754384994506836,
            0.02286680042743683,
            0.07556279748678207,
            0.996878981590271
        ],
        [
            0.018633000552654266,
            0.47876301407814026,
            -0.27645498514175415,
            0.3814699947834015,
            0.0789422020316124,
            0.7454839944839478,
            7.453230255194399e-10,
            0.9922969937324524,
            -0.12388300150632858,
            8.441590204633087e-10,
            0.12388300150632858,
            0.9922969937324524
        ],
        [
            0.013269900344312191,
            0.7278770208358765,
            -0.33449500799179077,
            0.055179499089717865,
            0.0498322993516922,
            0.6663860082626343,
            -0.003984199836850166,
            0.9629150032997131,
            -0.26977699995040894,
            -0.0005475750076584518,
            0.26977699995040894,
            0.962922990322113
        ]
    ],
    "ops": [
        [
            0,
            0,
            0,
            1,
            2,
            1,
            0,
            0,
            0,
            1,
            2,
            1,
            1,
            0,
            2,
            0,
            0,
            1,
            1,
            1
        ]
    ],
    "syms": [
        [
            0.0,
            1.0,
            -1.868609933453058e-09,
            -5.99523000688329e-11,
            0.018633300438523293,
            0.4634760022163391,
            0.07066600024700165,
            0.0
        ],
        [
            0.0,
            0.9999799728393555,
            0.00621192017570138,
            0.0007789789815433323,
            0.018631000071763992,
            -0.4379250109195709,
            0.48686298727989197,
            0.0
        ],
        [
            0.0,
            0.9999809861183167,
            0.0055473498068749905,
            -0.002738130046054721,
            0.018714899197220802,
            0.35033300518989563,
            -0.29038798809051514,
            0.0
        ]
    ],
    "labels:": [
        [
            1,
            3,
            3,
            2,
            2,
            2,
            0,
            0,
            0
        ]
    ],
    "obj": 36343,
    "mat_index": 1482,
    "obbs": "N 14\n0.018633 0.478763 -0.276455 1 -8.44159e-10 -7.45323e-10 8.44159e-10 0.123883 0.992297 -7.45323e-10 -0.992297 0.123883 0.745484 0.0789422 0.38147\n0.0132699 0.727877 -0.334495 0.999992 0.0039842 -0.000547575 -0.0039842 0.962915 -0.269777 -0.000547575 0.269777 0.962923 0.666386 0.0551795 0.0498323\n0.0186335 -0.0353045 0.101028 1 0 0 0 1 0 0 0 1 0.745507 0.075163 0.833577\n0.350103 0.352172 -0.291295 -0.0605316 -0.060286 -0.996344 0.998164 -0.00588557 -0.060286 -0.00222965 -0.998164 0.0605316 0.0679348 0.0566725 0.7819\n-0.312673 0.348495 -0.28948 -0.00624982 0.997131 -0.0754385 0.999719 0.00450528 -0.0232734 -0.0228668 -0.0755628 -0.996879 0.773428 0.0587568 0.0653402\n0.473447 0.463476 0.070666 3.52572e-05 0.0201278 -0.999797 0.00350297 0.999791 0.0201278 0.999994 -0.00350297 -3.52572e-05 0.517306 0.06352 0.0469415\n0.425432 0.455118 -0.002598 1 0 0 0 1 0 0 0 1 0.135865 0.054217 0.602542\n-0.436181 0.463476 0.070666 0.999994 0.00350352 3.52627e-05 -0.00350352 0.999791 0.0201278 3.52627e-05 -0.0201278 0.999797 0.0469405 0.06352 0.517306\n-0.388166 0.455118 -0.002598 1 0 0 0 1 0 0 0 1 0.135864 0.054217 0.602542\n0.35753 -0.43582 0.487127 1 0 0 0 1 0 0 0 1 0.040577 0.772619 0.05936\n-0.320267 -0.44003 0.486599 1 0 0 0 1 0 0 0 1 0.040563 0.764066 0.060414\n0.351469 -0.8077 0.011909 1 0 0 0 1 0 0 0 1 0.052698 0.053102 0.94711\n0.0149565 -0.813796 -0.458114 1 0 0 0 1 0 0 0 1 0.704029 0.040444 0.06488\n-0.316263 -0.807883 0.0262825 1 0 0 0 1 0 0 0 1 0.048457 0.052737 0.930613\nC 25\n0 7\n0 3\n0 4\n0 5\n0 8\n0 1\n0 6\n1 3\n1 6\n1 4\n1 8\n2 9\n2 10\n2 3\n2 4\n3 6\n3 5\n4 7\n4 8\n5 6\n7 8\n9 11\n10 13\n11 12\n12 13\nS 5\n2\n3 0.350103 0.352172 -0.291295\n4 -0.312673 0.348495 -0.28948\n2\n0.0187149 0.350333 -0.290388\n-0.999981 -0.00554735 0.00273813\n2\n5 0.473447 0.463476 0.070666\n7 -0.436181 0.463476 0.070666\n2\n0.0186333 0.463476 0.070666\n-1 1.86861e-09 5.99523e-11\n2\n6 0.425432 0.455118 -0.002598\n8 -0.388166 0.455118 -0.002598\n2\n0.0186332 0.455118 -0.002598\n-1 0 0\n2\n9 0.35753 -0.43582 0.487127\n10 -0.320267 -0.44003 0.486599\n2\n0.018631 -0.437925 0.486863\n-0.99998 -0.00621192 -0.000778979\n2\n11 0.351469 -0.8077 0.011909\n13 -0.316263 -0.807883 0.0262825\n2\n0.0176033 -0.807791 0.0190957\n-0.999768 -0.00027325 0.0215209\nL 14\n0\n0\n1\n0\n0\n3\n3\n3\n3\n2\n2\n2\n2\n2"
}