{
    "boxes": [
        [
            -0.0014270000392571092,
            -0.13329699635505676,
            0.2253659963607788,
            0.12609900534152985,
            0.7996379733085632,
            0.795993983745575,
            -1.8449499705752714e-09,
            0.9992110133171082,
            0.039721500128507614,
            3.6656500751464094e-11,
            -0.039721500128507614,
            0.9992110133171082
        ],
        [
            -0.44917500019073486,
            0.23872999846935272,
            -0.02728099934756756,
            0.0452519990503788,
            0.44900599122047424,
            0.06019999831914902,
            0.0,
            1.0,
            0.0,
            0.0,
            0.0,
            1.0
        ],
        [
            -0.44920700788497925,
            0.0704457014799118,
            0.2409300059080124,
            0.3525960147380829,
            0.04968719929456711,
            0.06665410101413727,
            0.015526600182056427,
            0.9420549869537354,
            -0.335099995136261,
            -0.05218049883842468,
            0.3354470133781433,
            0.9406129717826843
        ],
        [
            -0.0014285000506788492,
            -0.776174008846283,
            -0.35849401354789734,
            0.022979000583291054,
            0.02653300017118454,
            0.8413010239601135,
            0.0,
            1.0,
            0.0,
            0.0,
            0.0,
            1.0
        ],
        [
            -0.0014280000468716025,
            -0.19884100556373596,
            0.3446420133113861,
            0.049750201404094696,
            0.026533300057053566,
            0.8457440137863159,
            -0.0,
            0.9396979808807373,
            -0.34200501441955566,
            0.0,
            0.34200501441955566,
            0.9396979808807373
        ],
        [
            -0.4488599896430969,
            -0.4082629978656769,
            0.4058949947357178,
            0.6957579851150513,
            0.07603040337562561,
            0.06829150021076202,
            0.011284600012004375,
            0.9472659826278687,
            -0.320248007774353,
            -0.057219699025154114,
            0.32035601139068604,
            0.9455680251121521
        ],
        [
            -0.44917500019073486,
            -0.7563660144805908,
            0.06390749663114548,
            0.0749410018324852,
            0.896714985370636,
            0.06019999831914902,
            0.0,
            1.0,
            0.0,
            0.0,
            0.0,
            1.0
        ],
        [
            -0.0015472800005227327,
            0.23199999332427979,
            -0.2563779950141907,
            1.0480300188064575,
            0.19875800609588623,
            0.8481770157814026,
            0.0017262300243601203,
            0.983780026435852,
            -0.1793700009584427,
            0.002069429960101843,
            0.17936700582504272,
            0.983780026435852
        ]
    ],
    "ops": [
        [
            0,
            0,
            0,
            1,
            2,
            1,
            0,
            0,
            0,
            0,
            1,
            2,
            1,
            1,
            1,
            0,
            1
        ]
    ],
    "syms": [
        [
            0.0,
            0.9999650120735168,
            -0.007144419942051172,
            0.0042762598022818565,
            -0.001428249990567565,
            0.2355310022830963,
            -0.025366200134158134,
            0.0
        ],
        [
            0.0,
            0.9999250173568726,
            -0.01008750032633543,
            0.006980290170758963,
            -0.001185829984024167,
            -0.4127790033817291,
            0.4090209901332855,
            0.0
        ]
    ],
    "labels:": [
        [
            1,
            3,
            3,
            2,
            2,
            2,
            2,
            0
        ]
    ],
    "obj": 36345,
    "mat_index": 1483,
    "obbs": "N 12\n-0.00154728 0.232 -0.256378 0.999996 -0.00206943 -0.00172623 0.00206943 0.179367 0.98378 -0.00172623 -0.98378 0.17937 0.848177 0.198758 1.04803\n-0.001427 -0.133297 0.225366 1 1.84495e-09 3.66565e-11 -1.84495e-09 0.999211 0.0397215 3.66565e-11 -0.0397215 0.999211 0.795994 0.126099 0.799638\n0.446319 0.232332 -0.0234515 1 0 0 0 1 0 0 0 1 0.060199 0.058048 0.456665\n-0.449175 0.23873 -0.027281 1 0 0 0 1 0 0 0 1 0.0602 0.045252 0.449006\n0.446217 0.0536632 0.251909 -0.0225768 0.944933 -0.326484 -0.0316749 0.325727 0.944933 0.999243 0.0316749 0.0225768 0.362513 0.0433011 0.0681021\n-0.449207 0.0704457 0.24093 -0.998517 -0.00288113 -0.0543653 -0.0521805 0.335447 0.940613 0.0155266 0.942055 -0.3351 0.0666541 0.0496872 0.352596\n-0.001428 -0.198841 0.344642 1 0 0 0 0.342005 0.939698 0 -0.939698 0.342005 0.845744 0.0265333 0.0497502\n0.446488 -0.417295 0.412146 -0.998518 -0.00281405 -0.054352 -0.0523889 0.320285 0.945872 0.0147464 0.947317 -0.319957 0.0698029 0.0701621 0.674816\n-0.44886 -0.408263 0.405895 -0.998298 -0.00765413 -0.0578174 -0.0572197 0.320356 0.945568 0.0112846 0.947266 -0.320248 0.0682915 0.0760304 0.695758\n0.446319 -0.756755 0.0637755 1 0 0 0 1 0 0 0 1 0.060199 0.074164 0.896451\n-0.449175 -0.756366 0.0639075 1 0 0 0 1 0 0 0 1 0.0602 0.074941 0.896715\n-0.0014285 -0.776174 -0.358494 1 0 0 0 1 0 0 0 1 0.841301 0.022979 0.026533\nC 20\n0 1\n0 3\n0 2\n1 4\n1 5\n1 8\n1 6\n1 7\n2 4\n3 5\n4 7\n4 6\n5 6\n5 8\n6 7\n6 8\n7 9\n8 10\n9 11\n10 11\nS 4\n2\n2 0.446319 0.232332 -0.0234515\n3 -0.449175 0.23873 -0.027281\n2\n-0.00142825 0.235531 -0.0253662\n-0.999965 0.00714442 -0.00427626\n2\n4 0.446217 0.0536632 0.251909\n5 -0.449207 0.0704457 0.24093\n2\n-0.00149482 0.0620545 0.24642\n-0.999749 0.0187378 -0.0122573\n2\n7 0.446488 -0.417295 0.412146\n8 -0.44886 -0.408263 0.405895\n2\n-0.00118583 -0.412779 0.409021\n-0.999925 0.0100875 -0.00698029\n2\n9 0.446319 -0.756755 0.0637755\n10 -0.449175 -0.756366 0.0639075\n2\n-0.00142825 -0.756561 0.0638415\n-1 0.000433839 0.000147405\nL 12\n0\n1\n3\n3\n3\n3\n2\n2\n2\n2\n2\n2"
}