{
    "boxes": [
        [
            0.010771599598228931,
            -0.1267399936914444,
            0.20073600113391876,
            0.14532199501991272,
            0.821412980556488,
            0.8472380042076111,
            -0.001360399997793138,
            0.9902510046958923,
            -0.13928499817848206,
            -9.520530147710815e-05,
            0.13928499817848206,
            0.9902520179748535
        ],
        [
            -0.338811993598938,
            -0.29449599981307983,
            0.627016007900238,
            0.4713839888572693,
            0.13816599547863007,
            0.1308329999446869,
            0.013323199935257435,
            0.9430469870567322,
            -0.332394003868103,
            -0.20155000686645508,
            0.3281329870223999,
            0.9228789806365967
        ],
        [
            0.36165499687194824,
            -0.2808069884777069,
            -0.27442800998687744,
            0.6322399973869324,
            0.1728069931268692,
            0.1395220011472702,
            -0.00846066977828741,
            0.8193479776382446,
            0.5732349753379822,
            0.23315100371837616,
            -0.5558390021324158,
            0.7979249954223633
        ],
        [
            -0.3396280109882355,
            -0.2837759852409363,
            -0.2932029962539673,
            0.6268389821052551,
            0.16235700249671936,
            0.12472400069236755,
            -0.011257999576628208,
            0.8174949884414673,
            0.5758249759674072,
            0.09294980019330978,
            -0.5725129842758179,
            0.8146100044250488
        ],
        [
            0.005574489943683147,
            0.27589699625968933,
            -0.21155300736427307,
            0.6530789732933044,
            0.06485909968614578,
            0.8385769724845886,
            -0.01160299964249134,
            0.8873680233955383,
            -0.4609149992465973,
            -0.019099200144410133,
            0.4606649875640869,
            0.8873680233955383
        ],
        [
            -0.3397830128669739,
            0.23836800456047058,
            -0.29779401421546936,
            0.6960999965667725,
            0.1467829942703247,
            0.12547500431537628,
            0.012341300025582314,
            0.8717979788780212,
            -0.4897089898586273,
            -0.15706700086593628,
            0.48535698652267456,
            0.8600919842720032
        ]
    ],
    "ops": [
        [
            0,
            0,
            2,
            0,
            0,
            1,
            1,
            1,
            0,
            0,
            2,
            1,
            1
        ]
    ],
    "syms": [
        [
            0.0,
            0.9997979998588562,
            -0.005416010040789843,
            0.019358299672603607,
            0.011176900006830692,
            -0.2963919937610626,
            0.6337929964065552,
            0.0
        ],
        [
            0.0,
            0.9997640252113342,
            -0.0014157299883663654,
            0.021679000928997993,
            0.010769099928438663,
            0.23787100613117218,
            -0.29019299149513245,
            0.0
        ]
    ],
    "labels:": [
        [
            1,
            2,
            2,
            2,
            0,
            0
        ]
    ],
    "obj": 1315,
    "mat_index": 15,
    "obbs": "N 8\n0.00557449 0.275897 -0.211553 -0.011603 0.887368 -0.460915 -0.0190992 0.460665 0.887368 0.99975 0.0190992 0.011603 0.653079 0.0648591 0.838577\n0.0107716 -0.12674 0.200736 0.999999 0.0013604 -9.52053e-05 -0.0013604 0.990251 -0.139285 -9.52053e-05 0.139285 0.990252 0.847238 0.145322 0.821413\n-0.339783 0.238368 -0.297794 0.0123413 0.871798 -0.489709 -0.157067 0.485357 0.860092 0.987511 0.0663025 0.142921 0.6961 0.146783 0.125475\n0.361322 0.237375 -0.282591 0.00589792 0.87265 -0.48831 0.273144 0.468343 0.840266 0.961955 -0.138335 -0.235597 0.694934 0.156533 0.137163\n0.361165 -0.298287 0.640569 0.983847 -0.0796886 -0.160298 0.1777 0.326501 0.928342 -0.0216409 -0.941832 0.335388 0.126536 0.147582 0.467683\n0.361655 -0.280807 -0.274428 0.00846067 -0.819348 -0.573235 0.972404 0.140401 -0.186329 0.233151 -0.555839 0.797925 0.63224 0.139522 0.172807\n-0.339628 -0.283776 -0.293203 -0.0929498 0.572513 -0.81461 0.995607 0.0626937 -0.0695407 0.011258 -0.817495 -0.575825 0.162357 0.124724 0.626839\n-0.338812 -0.294496 0.627016 0.0133232 0.943047 -0.332394 -0.20155 0.328133 0.922879 0.979388 0.0546982 0.194443 0.471384 0.138166 0.130833\nC 13\n0 1\n0 6\n0 5\n0 3\n0 2\n1 2\n1 3\n1 4\n1 5\n1 6\n1 7\n2 6\n3 5\nS 2\n2\n2 -0.339783 0.238368 -0.297794\n3 0.361322 0.237375 -0.282591\n2\n0.0107691 0.237871 -0.290193\n0.999764 -0.00141573 0.021679\n2\n4 0.361165 -0.298287 0.640569\n7 -0.338812 -0.294496 0.627016\n2\n0.0111769 -0.296392 0.633793\n-0.999798 0.00541601 -0.0193583\nL 8\n0\n1\n0\n0\n2\n2\n2\n2"
}