{
    "boxes": [
        [
            0.046152498573064804,
            -0.14217999577522278,
            0.10800199955701828,
            0.4052770137786865,
            1.1220099925994873,
            0.9842829704284668,
            0.0,
            1.0,
            0.0,
            0.0,
            0.0,
            1.0
        ],
        [
            0.45307499170303345,
            0.015050999820232391,
            0.1341319978237152,
            0.7197399735450745,
            1.0096499919891357,
            0.3275049924850464,
            0.0,
            1.0,
            0.0,
            0.0,
            0.0,
            1.0
        ],
        [
            -0.49604400992393494,
            -0.008105129934847355,
            0.14917300641536713,
            0.6804019808769226,
            1.0550400018692017,
            0.27748000621795654,
            -0.0073266299441456795,
            0.9999579787254333,
            -0.005492960102856159,
            0.058194998651742935,
            0.0059101697988808155,
            0.9982879757881165
        ],
        [
            0.5415999889373779,
            -0.4181300103664398,
            -0.47796300053596497,
            0.15400999784469604,
            0.0635932981967926,
            0.06075679883360863,
            0.0005360519862733781,
            0.9999020099639893,
            0.013954900205135345,
            0.038380999118089676,
            -0.013965199701488018,
            0.9991660118103027
        ],
        [
            0.5828239917755127,
            -0.4176909923553467,
            0.59511399269104,
            0.15504999458789825,
            0.07172910124063492,
            0.060864899307489395,
            0.0012109200470149517,
            0.9999009966850281,
            0.014023999683558941,
            0.0382767990231514,
            -0.014059999957680702,
            0.9991679787635803
        ],
        [
            -0.03154969960451126,
            0.03271370008587837,
            -0.37403398752212524,
            1.0508300065994263,
            0.3212609887123108,
            1.229390025138855,
            -0.009885930456221104,
            0.9978330135345459,
            -0.06505089998245239,
            0.04532590135931969,
            0.06543440371751785,
            0.9968270063400269
        ]
    ],
    "ops": [
        [
            0,
            0,
            0,
            1,
            1,
            0,
            0,
            1,
            2,
            1,
            0,
            1
        ]
    ],
    "syms": [
        [
            0.0,
            0.9992629885673523,
            -0.0,
            -0.0383882001042366,
            -0.035155799239873886,
            -0.4181300103664398,
            -0.4558059871196747,
            0.0
        ]
    ],
    "labels:": [
        [
            1,
            3,
            3,
            2,
            2,
            0
        ]
    ],
    "obj": 36398,
    "mat_index": 1505,
    "obbs": "N 8\n-0.0315497 0.0327137 -0.374034 0.998923 0.00690607 -0.0458746 0.0453259 0.0654344 0.996827 0.00988593 -0.997833 0.0650509 1.22939 0.321261 1.05083\n0.453075 0.015051 0.134132 1 0 0 0 1 0 0 0 1 0.327505 0.71974 1.00965\n0.0461525 -0.14218 0.108002 1 0 0 0 1 0 0 0 1 0.984283 0.405277 1.12201\n0.5416 -0.41813 -0.477963 -0.038381 0.0139652 -0.999166 0.999263 0 -0.0383848 -0.000536052 -0.999902 -0.0139549 0.0635933 0.0607568 0.15401\n0.582824 -0.417691 0.595114 -0.00121092 -0.999901 -0.014024 0.999266 -0.000673122 -0.03829 0.0382768 -0.01406 0.999168 0.15505 0.0608649 0.0717291\n-0.570688 -0.41813 0.639421 -0.000536096 -0.999902 -0.0139567 0.999263 -4.44089e-16 -0.038383 0.0383792 -0.013967 0.999166 0.154124 0.0607568 0.0717078\n-0.611912 -0.41813 -0.43365 -0.0383497 0.0139965 -0.999166 0.999264 2.22045e-16 -0.0383535 -0.000536816 -0.999902 -0.0139862 0.0635999 0.0607576 0.154012\n-0.496044 -0.00810513 0.149173 0.00732663 -0.999958 0.00549296 0.998278 0.00699443 -0.0582358 0.058195 0.00591017 0.998288 0.680402 0.27748 1.05504\nC 15\n0 1\n0 7\n0 6\n0 3\n0 2\n1 2\n1 3\n1 4\n2 7\n2 6\n2 5\n2 3\n2 4\n5 7\n6 7\nS 2\n2\n3 0.5416 -0.41813 -0.477963\n6 -0.611912 -0.41813 -0.43365\n2\n-0.0351558 -0.41813 -0.455806\n-0.999263 0 0.0383882\n2\n4 0.582824 -0.417691 0.595114\n5 -0.570688 -0.41813 0.639421\n2\n0.00606789 -0.417911 0.617267\n-0.999263 -0.000380654 0.0383825\nL 8\n0\n3\n1\n2\n2\n2\n2\n3"
}