{
    "boxes": [
        [
            0.0036915000528097153,
            -0.08121100068092346,
            0.17563900351524353,
            0.1316400021314621,
            0.7766079902648926,
            0.8202790021896362,
            0.0,
            1.0,
            0.0,
            0.0,
            0.0,
            1.0
        ],
        [
            0.3199779987335205,
            -0.45030999183654785,
            0.3521040081977844,
            0.79830002784729,
            0.07418949902057648,
            0.048243198543787,
            -0.08786720037460327,
            0.970812976360321,
            -0.22316299378871918,
            0.11238200217485428,
            0.23226000368595123,
            0.966139018535614
        ],
        [
            -0.31201300024986267,
            -0.4511309862136841,
            0.3472500145435333,
            0.7978559732437134,
            0.07313720136880875,
            0.06717199832201004,
            0.08077450096607208,
            0.9773669838905334,
            -0.19552400708198547,
            0.6045470237731934,
            0.1079230010509491,
            0.7892240285873413
        ],
        [
            0.31431299448013306,
            -0.44512298703193665,
            -0.1678059995174408,
            0.8222600221633911,
            0.09199219942092896,
            0.07297089695930481,
            -0.0865619033575058,
            0.9617599844932556,
            0.2598550021648407,
            -0.20606400072574615,
            -0.27247899770736694,
            0.9398369789123535
        ],
        [
            0.0030712599400430918,
            0.4308120012283325,
            -0.26966598629951477,
            0.4767470061779022,
            0.11806699633598328,
            0.8070650100708008,
            -0.0010546200210228562,
            0.9887300133705139,
            -0.14970499277114868,
            -0.0012263200478628278,
            0.1497039943933487,
            0.9887300133705139
        ],
        [
            -0.259768009185791,
            0.15859399735927582,
            -0.2735550105571747,
            0.6170300245285034,
            0.1684200018644333,
            0.037985701113939285,
            0.07686170190572739,
            0.9558809995651245,
            -0.28352099657058716,
            -0.0029884499963372946,
            0.2845819890499115,
            0.9586470127105713
        ]
    ],
    "ops": [
        [
            0,
            0,
            0,
            0,
            2,
            1,
            1,
            1,
            0,
            0,
            2,
            1,
            1
        ]
    ],
    "syms": [
        [
            0.0,
            0.9998199939727783,
            0.0026654601097106934,
            -0.018784500658512115,
            0.003992820158600807,
            -0.44595101475715637,
            -0.16197599470615387,
            0.0
        ],
        [
            0.0,
            0.9999849796295166,
            0.0029694701079279184,
            0.004545819945633411,
            0.0038441698998212814,
            0.15937699377536774,
            -0.2723569869995117,
            0.0
        ]
    ],
    "labels:": [
        [
            1,
            2,
            2,
            2,
            0,
            0
        ]
    ],
    "obj": 36404,
    "mat_index": 1509,
    "obbs": "N 8\n0.00307126 0.430812 -0.269666 0.999999 0.00122632 0.00105462 -0.00122632 0.149704 0.98873 0.00105462 -0.98873 0.149705 0.807065 0.118067 0.476747\n0.0036915 -0.081211 0.175639 1 0 0 0 1 0 0 0 1 0.820279 0.13164 0.776608\n0.267457 0.160159 -0.271159 -0.0755941 0.95915 -0.272609 0.997124 0.0741972 -0.0154445 0.00541323 -0.272993 -0.962001 0.617171 0.0364784 0.168993\n-0.259768 0.158594 -0.273555 0.00298845 -0.284582 -0.958647 0.997037 -0.072836 0.02473 -0.0768617 -0.955881 0.283521 0.16842 0.0379857 0.61703\n-0.306327 -0.446778 -0.156146 -0.0807201 -0.966861 -0.242208 0.996729 -0.0792509 -0.015819 -0.00390045 -0.242693 0.970095 0.823985 0.0602674 0.0950164\n-0.312013 -0.451131 0.34725 -0.0807745 -0.977367 0.195524 0.792463 -0.181953 -0.582147 0.604547 0.107923 0.789224 0.797856 0.067172 0.0731372\n0.314313 -0.445123 -0.167806 0.0865619 -0.96176 -0.259855 0.974702 0.0278071 0.221771 -0.206064 -0.272479 0.939837 0.82226 0.0729709 0.0919922\n0.319978 -0.45031 0.352104 -0.112382 -0.23226 -0.966139 0.989772 0.0598124 -0.12951 0.0878672 -0.970813 0.223163 0.0741895 0.0482432 0.7983\nC 13\n0 1\n0 3\n0 2\n1 2\n1 3\n1 4\n1 5\n1 6\n1 7\n2 6\n3 4\n4 5\n6 7\nS 2\n2\n2 0.267457 0.160159 -0.271159\n3 -0.259768 0.158594 -0.273555\n2\n0.00384417 0.159377 -0.272357\n-0.999985 -0.00296947 -0.00454582\n2\n4 -0.306327 -0.446778 -0.156146\n6 0.314313 -0.445123 -0.167806\n2\n0.00399282 -0.445951 -0.161976\n0.99982 0.00266546 -0.0187845\nL 8\n0\n1\n0\n0\n2\n2\n2\n2"
}