{
    "boxes": [
        [
            0.0036915000528097153,
            -0.08725950121879578,
            0.17563900351524353,
            0.14373700320720673,
            0.7766079902648926,
            0.8202790021896362,
            0.0,
            1.0,
            0.0,
            0.0,
            0.0,
            1.0
        ],
        [
            -0.3426539897918701,
            -0.8113319873809814,
            -0.2662520110607147,
            0.06792370229959488,
            0.04958749935030937,
            0.04730150103569031,
            0.13371799886226654,
            0.9896270036697388,
            0.05251369997859001,
            -0.07173340022563934,
            -0.04318520054221153,
            0.9964889883995056
        ],
        [
            -0.3141230046749115,
            -0.4630550146102905,
            0.3484179973602295,
            0.7391679883003235,
            0.06476850062608719,
            0.05607039853930473,
            0.10496500134468079,
            0.9795070290565491,
            -0.17189699411392212,
            0.000523152993991971,
            0.17279799282550812,
            0.9849569797515869
        ],
        [
            0.3500329852104187,
            -0.8215640187263489,
            -0.26260998845100403,
            0.05231890082359314,
            0.04935630038380623,
            0.04762279987335205,
            -0.23927000164985657,
            0.8866479992866516,
            0.3957349956035614,
            -0.5790839791297913,
            -0.4574640095233917,
            0.6748250126838684
        ],
        [
            0.0045055001974105835,
            -0.11721500009298325,
            -0.0785674974322319,
            0.05963199958205223,
            0.045416999608278275,
            0.6117609739303589,
            0.0,
            1.0,
            0.0,
            0.0,
            0.0,
            1.0
        ],
        [
            0.3217810094356537,
            -0.47537699341773987,
            -0.17824600636959076,
            0.7227619886398315,
            0.05855549871921539,
            0.050027698278427124,
            -0.08809839934110641,
            0.9699029922485352,
            0.2269970029592514,
            -0.15128299593925476,
            -0.23826700448989868,
            0.9593449831008911
        ],
        [
            -0.25418299436569214,
            0.2520830035209656,
            -0.29689300060272217,
            0.41614800691604614,
            0.0370544008910656,
            0.042677100747823715,
            0.06047699972987175,
            0.9981589913368225,
            0.004509409889578819,
            -0.20023900270462036,
            0.00770610012114048,
            0.9797170162200928
        ],
        [
            -0.2765539884567261,
            -0.04319170117378235,
            -0.22817599773406982,
            0.08925910294055939,
            0.259880006313324,
            0.044461898505687714,
            0.1304820030927658,
            0.7752320170402527,
            0.6180539727210999,
            -0.08719310164451599,
            -0.6119949817657471,
            0.7860400080680847
        ],
        [
            0.0030712599400430918,
            0.4308120012283325,
            -0.26966598629951477,
            0.4767470061779022,
            0.11806699633598328,
            0.8070650100708008,
            -0.0010546200210228562,
            0.9887300133705139,
            -0.14970499277114868,
            -0.0012263200478628278,
            0.1497039943933487,
            0.9887300133705139
        ],
        [
            -0.2370380014181137,
            0.4260070025920868,
            -0.29252099990844727,
            0.09515199810266495,
            0.03783600032329559,
            0.022661199793219566,
            0.10524100065231323,
            0.978734016418457,
            -0.17608100175857544,
            -0.10700199753046036,
            0.1871809959411621,
            0.9764800071716309
        ]
    ],
    "ops": [
        [
            0,
            0,
            2,
            0,
            2,
            1,
            0,
            2,
            0,
            0,
            2,
            1,
            1,
            1,
            1,
            0,
            0,
            1,
            2,
            0,
            0,
            2,
            1,
            1,
            1
        ]
    ],
    "syms": [
        [
            0.0,
            -0.0004325319896452129,
            -0.011417300440371037,
            0.99993497133255,
            -0.3428040146827698,
            -0.8152710199356079,
            0.07877130061388016,
            0.0
        ],
        [
            0.0,
            0.9998210072517395,
            -0.01338099967688322,
            0.013380900025367737,
            0.003904070006683469,
            -0.4673120081424713,
            0.3526740074157715,
            0.0
        ],
        [
            0.0,
            0.002684619976207614,
            0.00440648989751935,
            0.999987006187439,
            0.35095301270484924,
            -0.820052981376648,
            0.08029770106077194,
            0.0
        ],
        [
            0.0,
            0.9994410276412964,
            -0.03157069906592369,
            -0.011030100286006927,
            0.005242010112851858,
            -0.4653779864311218,
            -0.17475299537181854,
            0.0
        ],
        [
            0.0,
            0.999987006187439,
            -0.005010670050978661,
            0.0005458180094137788,
            0.0013222800334915519,
            0.25080299377441406,
            -0.2967529892921448,
            0.0
        ],
        [
            0.0,
            0.9999970197677612,
            0.0015724999830126762,
            0.001774779986590147,
            0.004010799806565046,
            0.4263859987258911,
            -0.2920930087566376,
            0.0
        ]
    ],
    "labels:": [
        [
            1,
            2,
            2,
            2,
            2,
            2,
            0,
            0,
            0,
            0
        ]
    ],
    "obj": 36406,
    "mat_index": 1511,
    "obbs": "N 17\n0.00307126 0.430812 -0.269666 0.999999 0.00122632 0.00105462 -0.00122632 0.149704 0.98873 0.00105462 -0.98873 0.149705 0.807065 0.118067 0.476747\n0.0036915 -0.0872595 0.175639 1 0 0 0 1 0 0 0 1 0.820279 0.143737 0.776608\n0.256828 0.249522 -0.296614 -0.103258 0.994612 0.00923341 0.209495 0.0126726 0.977728 0.972342 0.102893 -0.209675 0.420422 0.0396963 0.0417678\n-0.254183 0.252083 -0.296893 -0.977879 0.0601533 -0.200337 -0.200239 0.0077061 0.979717 0.060477 0.998159 0.00450941 0.0426771 0.0370544 0.416148\n-0.342953 -0.819211 0.423795 -0.217732 -0.962565 0.161433 0.962565 -0.239133 -0.127606 0.161433 0.127606 0.978599 0.049021 0.0489536 0.0470521\n-0.342654 -0.811332 -0.266252 -0.98842 0.137016 -0.0652147 -0.0717334 -0.0431852 0.996489 0.133718 0.989627 0.0525137 0.0473015 0.0495875 0.0679237\n0.350033 -0.821564 -0.26261 -0.23927 0.886648 0.395735 -0.579084 -0.457464 0.674825 0.779366 -0.0676989 0.622901 0.0523189 0.0493563 0.0476228\n0.351874 -0.818542 0.423206 0.113646 -0.97903 0.169072 0.746973 -0.0280052 -0.664264 0.655069 0.201783 0.728126 0.0452421 0.0474193 0.0474364\n0.0045055 -0.117215 -0.0785675 1 0 0 0 1 0 0 0 1 0.611761 0.059632 0.045417\n0.284274 -0.0470882 -0.225181 -0.0447337 0.584072 -0.810468 0.997351 0.0726883 -0.00266513 0.057355 -0.808441 -0.585777 0.250675 0.0368025 0.0835066\n-0.276554 -0.0431917 -0.228176 0.0871931 0.611995 -0.78604 0.987609 -0.156454 -0.0122594 -0.130482 -0.775232 -0.618054 0.25988 0.0444619 0.0892591\n0.321781 -0.475377 -0.178246 -0.984557 -0.0501758 -0.167721 -0.151283 -0.238267 0.959345 -0.0880984 0.969903 0.226997 0.0500277 0.0585555 0.722762\n0.321931 -0.471568 0.35693 0.992741 0.0792361 -0.0904871 0.0751557 0.178709 0.981027 0.0939037 -0.980706 0.171457 0.0504189 0.0510082 0.719433\n-0.314123 -0.463055 0.348418 0.104965 0.979507 -0.171897 0.000523153 0.172798 0.984957 0.994476 -0.103476 0.0176253 0.739168 0.0647685 0.0560704\n-0.311297 -0.455379 -0.17126 0.0617003 0.9701 0.234734 0.089385 -0.239607 0.966746 0.994084 -0.0386669 -0.101496 0.676653 0.0650349 0.0585626\n-0.237038 0.426007 -0.292521 0.105241 0.978734 -0.176081 0.988673 -0.0839249 0.124425 0.107002 -0.187181 -0.97648 0.095152 0.0226612 0.037836\n0.24506 0.426765 -0.291666 0.0865663 -0.984533 0.152322 0.984533 0.0611656 -0.164178 0.152322 0.164178 0.974599 0.0951787 0.0233934 0.038853\nC 34\n0 16\n0 10\n0 3\n0 15\n0 1\n0 9\n0 2\n1 3\n1 11\n1 2\n1 14\n1 10\n1 13\n1 9\n1 12\n1 8\n2 8\n2 9\n2 16\n2 11\n3 15\n3 14\n3 10\n3 8\n4 13\n5 14\n6 11\n7 12\n8 9\n8 14\n8 10\n8 11\n9 11\n10 14\nS 7\n2\n2 0.256828 0.249522 -0.296614\n3 -0.254183 0.252083 -0.296893\n2\n0.00132228 0.250803 -0.296753\n-0.999987 0.00501067 -0.000545818\n2\n4 -0.342953 -0.819211 0.423795\n5 -0.342654 -0.811332 -0.266252\n2\n-0.342804 -0.815271 0.0787713\n0.000432532 0.0114173 -0.999935\n2\n6 0.350033 -0.821564 -0.26261\n7 0.351874 -0.818542 0.423206\n2\n0.350953 -0.820053 0.0802977\n0.00268462 0.00440649 0.999987\n2\n9 0.284274 -0.0470882 -0.225181\n10 -0.276554 -0.0431917 -0.228176\n2\n0.00386013 -0.0451399 -0.226678\n-0.999962 0.00694749 -0.0053396\n2\n11 0.321781 -0.475377 -0.178246\n14 -0.311297 -0.455379 -0.17126\n2\n0.00524201 -0.465378 -0.174753\n-0.999441 0.0315707 0.0110301\n2\n12 0.321931 -0.471568 0.35693\n13 -0.314123 -0.463055 0.348418\n2\n0.00390407 -0.467312 0.352674\n-0.999821 0.013381 -0.0133809\n2\n15 -0.237038 0.426007 -0.292521\n16 0.24506 0.426765 -0.291666\n2\n0.0040108 0.426386 -0.292093\n0.999997 0.0015725 0.00177478\nL 17\n0\n1\n0\n0\n2\n2\n2\n2\n2\n0\n0\n2\n2\n2\n2\n0\n0"
}