{
    "boxes": [
        [
            0.012993000447750092,
            -0.06940049678087234,
            0.12363900244235992,
            0.1780170053243637,
            0.683027982711792,
            0.7589600086212158,
            0.0,
            1.0,
            0.0,
            0.0,
            0.0,
            1.0
        ],
        [
            0.39284300804138184,
            -0.5197669863700867,
            0.387704998254776,
            0.5769760012626648,
            0.07562059909105301,
            0.06418360024690628,
            0.02133760042488575,
            0.9892920255661011,
            -0.1443839967250824,
            -0.216047003865242,
            0.14556699991226196,
            0.9654710292816162
        ],
        [
            -0.3799639940261841,
            -0.5092589855194092,
            0.3936620056629181,
            0.5963619947433472,
            0.05750240013003349,
            0.06255730241537094,
            0.020557699725031853,
            0.9881659746170044,
            -0.15200699865818024,
            -0.09800320118665695,
            0.1532990038394928,
            0.9833080172538757
        ],
        [
            0.3900189995765686,
            -0.2593750059604645,
            0.0923215001821518,
            0.060892000794410706,
            0.48221099376678467,
            0.05050399899482727,
            0.0,
            1.0,
            0.0,
            0.0,
            0.0,
            1.0
        ],
        [
            -0.38151898980140686,
            -0.5136449933052063,
            -0.21275900304317474,
            0.605135977268219,
            0.07013929635286331,
            0.059996098279953,
            -0.016616400331258774,
            0.9723600149154663,
            0.23289300501346588,
            -0.05435720086097717,
            -0.2334589958190918,
            0.9708459973335266
        ],
        [
            0.040690600872039795,
            -0.07840870320796967,
            -0.012956700287759304,
            1.7571799755096436,
            0.4525870084762573,
            0.8179469704627991,
            0.04050590097904205,
            0.8883559703826904,
            -0.4573659896850586,
            -0.019420700147747993,
            0.45835500955581665,
            0.8885570168495178
        ],
        [
            0.0038800500333309174,
            0.289000004529953,
            -0.317795991897583,
            0.9126690030097961,
            0.09779640287160873,
            0.7107970118522644,
            -0.002360460115596652,
            0.971015989780426,
            -0.2390040010213852,
            -0.0030118899885565042,
            0.23899699747562408,
            0.971015989780426
        ]
    ],
    "ops": [
        [
            0,
            0,
            0,
            0,
            0,
            1,
            2,
            1,
            1,
            1,
            0,
            0,
            1,
            1
        ]
    ],
    "syms": [
        [
            0.0,
            0.999888002872467,
            -0.009407510049641132,
            -0.011637100018560886,
            0.004678749945014715,
            -0.25575000047683716,
            0.09680619835853577,
            0.0
        ]
    ],
    "labels:": [
        [
            1,
            2,
            2,
            2,
            2,
            0,
            0
        ]
    ],
    "obj": 36416,
    "mat_index": 1515,
    "obbs": "N 9\n0.0406906 -0.0784087 -0.0129567 -0.998991 0.0271094 -0.0358185 -0.0194207 0.458355 0.888557 0.0405059 0.888356 -0.457366 0.817947 0.452587 1.75718\n0.390019 -0.259375 0.0923215 1 0 0 0 1 0 0 0 1 0.050504 0.060892 0.482211\n-0.380661 -0.252124 0.101291 1 0 0 0 1 0 0 0 1 0.050501 0.06669 0.475126\n0.012993 -0.0694005 0.123639 1 0 0 0 1 0 0 0 1 0.75896 0.178017 0.683028\n0.392046 -0.513478 -0.213589 0.961389 0.0795494 -0.263445 0.2746 -0.214471 0.937335 0.018063 -0.973485 -0.228035 0.0654052 0.0756795 0.605916\n-0.381519 -0.513645 -0.212759 -0.0166164 0.97236 0.232893 -0.0543572 -0.233459 0.970846 0.998383 0.00347253 0.056734 0.605136 0.0701393 0.0599961\n-0.379964 -0.509259 0.393662 0.0205577 0.988166 -0.152007 -0.0980032 0.153299 0.983308 0.994974 -0.00531738 0.0999948 0.596362 0.0575024 0.0625573\n0.392843 -0.519767 0.387705 -0.97615 -0.0105928 -0.216839 -0.216047 0.145567 0.965471 0.0213376 0.989292 -0.144384 0.0641836 0.0756206 0.576976\n0.00388005 0.289 -0.317796 0.999993 0.00301189 0.00236046 -0.00301189 0.238997 0.971016 0.00236046 -0.971016 0.239004 0.710797 0.0977964 0.912669\nC 23\n0 7\n0 3\n0 4\n0 5\n0 8\n0 1\n0 6\n0 2\n1 3\n1 4\n1 8\n1 7\n2 8\n2 5\n2 6\n2 3\n3 7\n3 6\n3 5\n3 8\n3 4\n4 8\n5 8\nS 2\n2\n1 0.390019 -0.259375 0.0923215\n2 -0.380661 -0.252124 0.101291\n2\n0.00467875 -0.25575 0.0968062\n-0.999888 0.00940751 0.0116371\n2\n4 0.392046 -0.513478 -0.213589\n5 -0.381519 -0.513645 -0.212759\n2\n0.00526309 -0.513562 -0.213174\n-0.999999 -0.000216203 0.00107206\nL 9\n0\n2\n2\n1\n2\n2\n2\n2\n0"
}