{
    "boxes": [
        [
            0.0036915000528097153,
            -0.044422999024391174,
            0.17563900351524353,
            0.05806399881839752,
            0.7766079902648926,
            0.8202790021896362,
            0.0,
            1.0,
            0.0,
            0.0,
            0.0,
            1.0
        ],
        [
            0.3500329852104187,
            -0.8215640187263489,
            -0.26260998845100403,
            0.05231890082359314,
            0.04935630038380623,
            0.04762279987335205,
            -0.23927000164985657,
            0.8866479992866516,
            0.3957349956035614,
            -0.5790839791297913,
            -0.4574640095233917,
            0.6748250126838684
        ],
        [
            0.003011000109836459,
            -0.11727400124073029,
            -0.07850199937820435,
            0.05951400101184845,
            0.05332399904727936,
            0.6155660152435303,
            0.0,
            1.0,
            0.0,
            0.0,
            0.0,
            1.0
        ],
        [
            -0.30764299631118774,
            -0.4674449861049652,
            -0.17320199310779572,
            0.7396739721298218,
            0.06664740294218063,
            0.060082800686359406,
            0.07089749723672867,
            0.9708420038223267,
            0.22899700701236725,
            0.13788600265979767,
            -0.23690900206565857,
            0.961696982383728
        ],
        [
            -0.34463798999786377,
            -0.8204309940338135,
            -0.26299700140953064,
            0.049392398446798325,
            0.04898519814014435,
            0.047185998409986496,
            0.06863480061292648,
            0.9297080039978027,
            0.36184701323509216,
            -0.13276900351047516,
            -0.3509640097618103,
            0.9269289970397949
        ],
        [
            -0.313726007938385,
            -0.4705820083618164,
            0.35473600029945374,
            0.7228670120239258,
            0.05382540076971054,
            0.044408198446035385,
            0.0825745016336441,
            0.9812949895858765,
            -0.17389899492263794,
            -0.026322999969124794,
            0.1765809953212738,
            0.9839339852333069
        ],
        [
            0.0030712599400430918,
            0.4308120012283325,
            -0.26966598629951477,
            0.4767470061779022,
            0.11806699633598328,
            0.8070650100708008,
            -0.0010546200210228562,
            0.9887300133705139,
            -0.14970499277114868,
            -0.0012263200478628278,
            0.1497039943933487,
            0.9887300133705139
        ],
        [
            -0.2472119927406311,
            0.3326849937438965,
            -0.28790000081062317,
            0.2875399887561798,
            0.04505699872970581,
            0.033919498324394226,
            0.07380169630050659,
            0.9972490072250366,
            -0.006954569835215807,
            -0.13676999509334564,
            0.017028899863362312,
            0.9904559850692749
        ],
        [
            -0.26988598704338074,
            0.01849360018968582,
            -0.2503730058670044,
            0.3659679889678955,
            0.14077399671077728,
            0.040747400373220444,
            0.08475320041179657,
            0.8535860180854797,
            -0.5140119791030884,
            0.012413700111210346,
            0.5149229764938354,
            0.8571460247039795
        ]
    ],
    "ops": [
        [
            0,
            0,
            2,
            0,
            0,
            2,
            1,
            1,
            0,
            2,
            0,
            2,
            1,
            1,
            1,
            0,
            0,
            0,
            1,
            2,
            1,
            1
        ]
    ],
    "syms": [
        [
            0.0,
            0.002684619976207614,
            0.00440648989751935,
            0.999987006187439,
            0.35095301270484924,
            -0.820052981376648,
            0.08029770106077194,
            0.0
        ],
        [
            0.0,
            0.9999449849128723,
            -0.010253899730741978,
            0.0022261100821197033,
            0.0041955700144171715,
            -0.47064200043678284,
            -0.17250800132751465,
            0.0
        ],
        [
            0.0,
            0.0024536000564694405,
            0.0017771499697118998,
            0.9999949932098389,
            -0.3437960147857666,
            -0.8198210000991821,
            0.08039890229701996,
            0.0
        ],
        [
            0.0,
            0.9999780058860779,
            0.004294699989259243,
            -0.005107120145112276,
            0.003194130025804043,
            -0.46922099590301514,
            0.3531169891357422,
            0.0
        ],
        [
            0.0,
            0.9996280074119568,
            0.027279000729322433,
            0.0002659129968378693,
            0.0024427000898867846,
            0.33949801325798035,
            -0.2878339886665344,
            0.0
        ]
    ],
    "labels:": [
        [
            1,
            2,
            2,
            2,
            2,
            2,
            0,
            0,
            0
        ]
    ],
    "obj": 36436,
    "mat_index": 1525,
    "obbs": "N 15\n0.00307126 0.430812 -0.269666 0.999999 0.00122632 0.00105462 -0.00122632 0.149704 0.98873 0.00105462 -0.98873 0.149705 0.807065 0.118067 0.476747\n0.0036915 -0.044423 0.175639 1 0 0 0 1 0 0 0 1 0.820279 0.058064 0.776608\n0.003011 -0.117274 -0.078502 1 0 0 0 1 0 0 0 1 0.615566 0.059514 0.053324\n0.350033 -0.821564 -0.26261 -0.23927 0.886648 0.395735 -0.579084 -0.457464 0.674825 0.779366 -0.0676989 0.622901 0.0523189 0.0493563 0.0476228\n0.351874 -0.818542 0.423206 0.113646 -0.97903 0.169072 0.746973 -0.0280052 -0.664264 0.655069 0.201783 0.728126 0.0452421 0.0474193 0.0474364\n-0.342953 -0.819211 0.423795 -0.217732 -0.962565 0.161433 0.962565 -0.239133 -0.127606 0.161433 0.127606 0.978599 0.049021 0.0489536 0.0470521\n-0.344638 -0.820431 -0.262997 -0.988768 0.111662 -0.0993481 -0.132769 -0.350964 0.926929 0.0686348 0.929708 0.361847 0.047186 0.0489852 0.0493924\n-0.247212 0.332685 -0.2879 0.0738017 0.997249 -0.00695457 -0.13677 0.0170289 0.990456 0.98785 -0.0721462 0.137651 0.28754 0.045057 0.0339195\n0.252098 0.346311 -0.287767 0.956615 0.0862338 -0.2783 0.276314 0.034412 0.960451 0.0924002 -0.99568 0.00909148 0.0354429 0.0466558 0.2597\n-0.307643 -0.467445 -0.173202 0.987907 -0.0366064 -0.150662 0.137886 -0.236909 0.961697 -0.0708975 -0.970842 -0.228997 0.0600828 0.0666474 0.739674\n-0.313726 -0.470582 0.354736 -0.996237 0.0766703 -0.0404117 -0.026323 0.176581 0.983934 0.0825745 0.981295 -0.173899 0.0444082 0.0538254 0.722867\n0.320114 -0.46786 0.351499 -0.0686987 0.982215 -0.17474 0.0429682 0.177904 0.983109 0.996712 0.06003 -0.0544258 0.729484 0.0594929 0.0533199\n0.316034 -0.47384 -0.171814 -0.0540278 0.970284 0.235858 -0.283847 -0.241382 0.92799 0.957346 -0.0168103 0.288454 0.729823 0.0765516 0.0671986\n-0.269886 0.0184936 -0.250373 -0.0124137 -0.514923 -0.857146 0.996325 -0.0790267 0.0330452 -0.0847532 -0.853586 0.514012 0.140774 0.0407474 0.365968\n0.277931 0.0354907 -0.256602 0.027224 -0.457308 -0.888892 0.997605 0.0689983 -0.004944 0.0635929 -0.886628 0.458091 0.14343 0.0377517 0.396108\nC 26\n0 14\n0 7\n0 8\n0 1\n0 13\n1 11\n1 2\n1 14\n1 10\n1 13\n1 9\n1 12\n1 8\n1 7\n2 12\n2 9\n2 13\n2 14\n3 12\n4 11\n5 10\n6 9\n7 13\n8 14\n9 13\n12 14\nS 6\n2\n3 0.350033 -0.821564 -0.26261\n4 0.351874 -0.818542 0.423206\n2\n0.350953 -0.820053 0.0802977\n0.00268462 0.00440649 0.999987\n2\n5 -0.342953 -0.819211 0.423795\n6 -0.344638 -0.820431 -0.262997\n2\n-0.343796 -0.819821 0.0803989\n-0.0024536 -0.00177715 -0.999995\n2\n7 -0.247212 0.332685 -0.2879\n8 0.252098 0.346311 -0.287767\n2\n0.0024427 0.339498 -0.287834\n0.999628 0.027279 0.000265913\n2\n9 -0.307643 -0.467445 -0.173202\n12 0.316034 -0.47384 -0.171814\n2\n0.00419557 -0.470642 -0.172508\n0.999945 -0.0102539 0.00222611\n2\n10 -0.313726 -0.470582 0.354736\n11 0.320114 -0.46786 0.351499\n2\n0.00319413 -0.469221 0.353117\n0.999978 0.0042947 -0.00510712\n2\n13 -0.269886 0.0184936 -0.250373\n14 0.277931 0.0354907 -0.256602\n2\n0.00402248 0.0269921 -0.253487\n0.999454 0.0310102 -0.0113654\nL 15\n0\n1\n2\n2\n2\n2\n2\n0\n0\n2\n2\n2\n2\n0\n0"
}