{
    "boxes": [
        [
            -0.004762819968163967,
            -0.07796899974346161,
            0.17152699828147888,
            0.18510699272155762,
            0.9238550066947937,
            0.8545809984207153,
            -0.004101950209587812,
            0.9997889995574951,
            0.02010509930551052,
            4.123949838685803e-05,
            -0.02010509930551052,
            0.9997979998588562
        ],
        [
            -0.00506999995559454,
            -0.5052109956741333,
            0.14071999490261078,
            0.05418600142002106,
            0.06836400181055069,
            0.7479979991912842,
            0.0,
            1.0,
            0.0,
            0.0,
            0.0,
            1.0
        ],
        [
            -0.4038189947605133,
            -0.4177449941635132,
            -0.22543899714946747,
            0.5550709962844849,
            0.11845000088214874,
            0.05903809890151024,
            0.007735820021480322,
            0.9999679923057556,
            0.001953700091689825,
            -0.10565699636936188,
            -0.0011254600249230862,
            0.9944019913673401
        ],
        [
            -0.390735000371933,
            -0.49302101135253906,
            0.18260599672794342,
            0.09891899675130844,
            0.7188529968261719,
            0.0646279975771904,
            0.026833800598978996,
            0.9993829727172852,
            -0.022676199674606323,
            0.022676199674606323,
            0.02206999994814396,
            0.9994990229606628
        ],
        [
            -0.3845289945602417,
            -0.4155310094356537,
            0.5712360143661499,
            0.5601760149002075,
            0.11789499968290329,
            0.09201399981975555,
            0.0,
            1.0,
            0.0,
            0.0,
            0.0,
            1.0
        ],
        [
            -0.00469245994463563,
            0.30348101258277893,
            -0.3182370066642761,
            0.842848002910614,
            0.15167999267578125,
            0.8554279804229736,
            0.0010054600425064564,
            0.9768959879875183,
            -0.21371500194072723,
            0.001249199965968728,
            0.21371300518512726,
            0.9768959879875183
        ]
    ],
    "ops": [
        [
            0,
            0,
            0,
            0,
            0,
            1,
            1,
            2,
            1,
            1,
            0,
            1
        ]
    ],
    "syms": [
        [
            0.0,
            0.9999939799308777,
            0.0032872799783945084,
            0.0009715019841678441,
            -0.004758189897984266,
            -0.4164330065250397,
            -0.22505100071430206,
            0.0
        ]
    ],
    "labels:": [
        [
            1,
            2,
            2,
            2,
            2,
            0
        ]
    ],
    "obj": 2296,
    "mat_index": 155,
    "obbs": "N 9\n-0.00469246 0.303481 -0.318237 0.999999 -0.0012492 -0.00100546 0.0012492 0.213713 0.976896 -0.00100546 -0.976896 0.213715 0.855428 0.15168 0.842848\n0.377229 -0.50029 0.183472 1 0 0 0 1 0 0 0 1 0.080102 0.09743 0.722637\n-0.00507 -0.505211 0.14072 1 0 0 0 1 0 0 0 1 0.747998 0.054186 0.068364\n-0.390735 -0.493021 0.182606 -0.0268338 -0.999383 0.0226762 0.999383 -0.0273345 -0.02207 0.0226762 0.02207 0.999499 0.098919 0.064628 0.718853\n-0.00476282 -0.077969 0.171527 0.999992 0.00410195 4.12395e-05 -0.00410195 0.999789 0.0201051 4.12395e-05 -0.0201051 0.999798 0.854581 0.185107 0.923855\n0.3751 -0.417815 0.581966 1 0 0 0 1 0 0 0 1 0.091736 0.555281 0.094144\n0.394302 -0.415121 -0.224663 0.00811525 -0.99976 0.0203469 0.997297 0.0066059 -0.0731806 0.0730286 0.0208858 0.997111 0.559733 0.0583463 0.116708\n-0.403819 -0.417745 -0.225439 0.00773582 0.999968 0.0019537 0.994373 -0.00789894 0.105644 0.105657 0.00112546 -0.994402 0.555071 0.0590381 0.11845\n-0.384529 -0.415531 0.571236 1 0 0 0 1 0 0 0 1 0.092014 0.560176 0.117895\nC 13\n0 7\n0 6\n0 4\n1 2\n1 5\n1 6\n2 3\n3 8\n3 7\n4 7\n4 6\n4 8\n4 5\nS 3\n2\n1 0.377229 -0.50029 0.183472\n3 -0.390735 -0.493021 0.182606\n2\n-0.00675316 -0.496655 0.183039\n-0.999955 0.00946549 -0.00112634\n2\n5 0.3751 -0.417815 0.581966\n8 -0.384529 -0.415531 0.571236\n2\n-0.0047145 -0.416673 0.576601\n-0.999896 0.00300576 -0.0141245\n2\n6 0.394302 -0.415121 -0.224663\n7 -0.403819 -0.417745 -0.225439\n2\n-0.00475819 -0.416433 -0.225051\n-0.999994 -0.00328728 -0.000971502\nL 9\n0\n2\n2\n2\n1\n2\n2\n2\n2"
}