{
    "boxes": [
        [
            0.0010217999806627631,
            -0.09157609939575195,
            0.10869599878787994,
            0.03607640042901039,
            0.6698660254478455,
            0.6837170124053955,
            0.0008413720061071217,
            0.996757984161377,
            -0.08045700192451477,
            3.390209894860163e-05,
            0.08045700192451477,
            0.996757984161377
        ],
        [
            -0.39826300740242004,
            0.12031900137662888,
            0.0970223993062973,
            0.25403499603271484,
            0.7200959920883179,
            0.3011850118637085,
            0.6498590111732483,
            0.752888023853302,
            0.1041250005364418,
            -0.07827679812908173,
            -0.06997109949588776,
            0.9944729804992676
        ],
        [
            -0.3945179879665375,
            -0.31966400146484375,
            -0.27743101119995117,
            0.9682130217552185,
            0.04307980090379715,
            0.03210670128464699,
            0.08113750070333481,
            0.9845970273017883,
            0.15487100183963776,
            -0.7121890187263489,
            -0.05143259838223457,
            0.7001010179519653
        ],
        [
            -0.4131839871406555,
            -0.4302240014076233,
            0.4487369954586029,
            0.7323830127716064,
            0.04066170006990433,
            0.034193698316812515,
            0.05281950160861015,
            0.9965720176696777,
            -0.06368110328912735,
            0.5245059728622437,
            0.026579100638628006,
            0.8509920239448547
        ],
        [
            -0.009830360300838947,
            0.34053200483322144,
            -0.2359289973974228,
            0.38266199827194214,
            0.09713070094585419,
            0.7661929726600647,
            -0.0014996599638834596,
            0.9650740027427673,
            -0.2619749903678894,
            -0.001961020054295659,
            0.26197201013565063,
            0.9650740027427673
        ]
    ],
    "ops": [
        [
            0,
            0,
            2,
            1,
            0,
            0,
            1,
            2,
            1,
            0,
            1
        ]
    ],
    "syms": [
        [
            0.0,
            0.9999340176582336,
            0.007829070091247559,
            -0.00838163960725069,
            -0.005286240018904209,
            0.12339600175619125,
            0.09372840076684952,
            0.0
        ],
        [
            0.0,
            1.0,
            -3.177810140186921e-05,
            0.0001328310027020052,
            0.0014191899681463838,
            -0.3196769952774048,
            -0.27737900614738464,
            0.0
        ]
    ],
    "labels:": [
        [
            1,
            3,
            2,
            2,
            0
        ]
    ],
    "obj": 36485,
    "mat_index": 1558,
    "obbs": "N 8\n-0.00983036 0.340532 -0.235929 0.999997 0.00196102 0.00149966 -0.00196102 0.261972 0.965074 0.00149966 -0.965074 0.261975 0.766193 0.0971307 0.382662\n0.387691 0.126473 0.0904343 0.747758 0.660972 -0.0630358 -0.653072 0.749292 0.109812 0.119815 -0.0409459 0.991952 0.298602 0.227069 0.717115\n-0.398263 0.120319 0.0970224 0.0782768 0.0699711 -0.994473 0.649859 0.752888 0.104125 0.756013 -0.654418 0.0134623 0.720096 0.254035 0.301185\n0.0010218 -0.0915761 0.108696 -3.39021e-05 -0.080457 -0.996758 0.000841372 0.996758 -0.080457 1 -0.000841372 3.39021e-05 0.669866 0.0360764 0.683717\n-0.394518 -0.319664 -0.277431 0.712189 0.0514326 -0.700101 0.697283 -0.167102 0.697046 -0.0811375 -0.984597 -0.154871 0.0430798 0.0321067 0.968213\n0.397356 -0.31969 -0.277326 -0.508918 0.105177 -0.854365 0.857866 0.144052 -0.49327 0.0711923 -0.983965 -0.163539 0.0323355 0.0325406 0.968159\n0.414598 -0.41646 0.447481 -0.0643997 0.996644 -0.050527 0.697209 0.0811607 0.712258 0.713969 0.0106414 -0.700096 0.759794 0.0351519 0.0386153\n-0.413184 -0.430224 0.448737 -0.0528195 -0.996572 0.0636811 0.849767 -0.0783501 -0.521304 0.524506 0.0265791 0.850992 0.732383 0.0341937 0.0406617\nC 15\n0 1\n0 5\n0 4\n0 3\n0 2\n1 3\n1 5\n1 6\n2 7\n2 4\n2 3\n3 6\n3 7\n3 4\n3 5\nS 3\n2\n1 0.387691 0.126473 0.0904343\n2 -0.398263 0.120319 0.0970224\n2\n-0.00528624 0.123396 0.0937284\n-0.999934 -0.00782907 0.00838164\n2\n4 -0.394518 -0.319664 -0.277431\n5 0.397356 -0.31969 -0.277326\n2\n0.00141919 -0.319677 -0.277379\n1 -3.17781e-05 0.000132831\n2\n6 0.414598 -0.41646 0.447481\n7 -0.413184 -0.430224 0.448737\n2\n0.000707078 -0.423342 0.448109\n-0.999861 -0.016625 0.00151756\nL 8\n0\n3\n3\n1\n2\n2\n2\n2"
}