{
    "boxes": [
        [
            -0.012109000235795975,
            -0.11743199825286865,
            0.1557289958000183,
            0.15191100537776947,
            0.823298990726471,
            0.7772079706192017,
            0.0,
            1.0,
            0.0,
            0.0,
            0.0,
            1.0
        ],
        [
            -0.3660129904747009,
            -0.5030109882354736,
            0.5294209718704224,
            0.6192449927330017,
            0.07591400295495987,
            0.06939899921417236,
            -2.2204500197172533e-16,
            1.0,
            7.02018987625343e-17,
            -7.02018987625343e-17,
            -7.02018987625343e-17,
            1.0
        ],
        [
            -0.2817550003528595,
            -0.5011690258979797,
            -0.2764750123023987,
            0.642408013343811,
            0.0745370015501976,
            0.07599339634180069,
            -4.903240096609807e-06,
            0.9808229804039001,
            0.1949000060558319,
            -4.024780082545476e-06,
            -0.1949000060558319,
            0.9808229804039001
        ],
        [
            -0.007712940219789743,
            0.3242909908294678,
            -0.2937760055065155,
            0.848812997341156,
            0.14377400279045105,
            0.6151779890060425,
            -0.0037905098870396614,
            0.9654560089111328,
            -0.2605389952659607,
            -0.004948980174958706,
            0.26052001118659973,
            0.9654560089111328
        ]
    ],
    "ops": [
        [
            0,
            0,
            0,
            1,
            2,
            1,
            0,
            1
        ]
    ],
    "syms": [
        [
            0.0,
            1.0,
            -0.0,
            -0.0,
            -0.012109199538826942,
            -0.5030109882354736,
            0.5294209718704224,
            0.0
        ]
    ],
    "labels:": [
        [
            1,
            2,
            2,
            0
        ]
    ],
    "obj": 1316,
    "mat_index": 16,
    "obbs": "N 6\n-0.00771294 0.324291 -0.293776 -0.00379051 0.965456 -0.260539 -0.00494898 0.26052 0.965456 0.999981 0.00494898 0.00379051 0.848813 0.143774 0.615178\n-0.012109 -0.117432 0.155729 1 0 0 0 1 0 0 0 1 0.777208 0.151911 0.823299\n0.341795 -0.503011 0.529421 2.22045e-16 -1 -0 1 2.22045e-16 0 0 -0 1 0.619245 0.0694 0.075914\n0.260226 -0.501169 -0.276475 1 -8.08913e-16 -9.85468e-16 8.08913e-16 -0.1949 0.980823 -9.85468e-16 -0.980823 -0.1949 0.075994 0.0745367 0.642408\n-0.281755 -0.501169 -0.276475 1 4.02478e-06 4.90324e-06 -4.02478e-06 -0.1949 0.980823 4.90324e-06 -0.980823 -0.1949 0.0759934 0.074537 0.642408\n-0.366013 -0.503011 0.529421 2.22045e-16 -1 -7.02019e-17 1 2.22045e-16 7.02019e-17 -7.02019e-17 -7.02019e-17 1 0.619245 0.069399 0.075914\nC 7\n0 1\n0 4\n0 3\n1 2\n1 3\n1 4\n1 5\nS 2\n2\n2 0.341795 -0.503011 0.529421\n5 -0.366013 -0.503011 0.529421\n2\n-0.0121092 -0.503011 0.529421\n-1 0 0\n2\n3 0.260226 -0.501169 -0.276475\n4 -0.281755 -0.501169 -0.276475\n2\n-0.0107645 -0.501169 -0.276475\n-1 8.04665e-08 1.59993e-08\nL 6\n0\n1\n2\n2\n2\n2"
}