{
    "boxes": [
        [
            0.0012855000095441937,
            -0.16956600546836853,
            0.12977099418640137,
            0.26927900314331055,
            0.8742579817771912,
            1.0222599506378174,
            0.0,
            1.0,
            0.0,
            0.0,
            0.0,
            1.0
        ],
        [
            -0.486625999212265,
            0.048360999673604965,
            0.08392299711704254,
            0.529367983341217,
            0.9678419828414917,
            0.12118600308895111,
            -0.10561300069093704,
            0.9931380152702332,
            -0.05023070052266121,
            -0.007645720150321722,
            0.049700699746608734,
            0.9987350106239319
        ],
        [
            -0.444472998380661,
            -0.46470800042152405,
            -0.3164539933204651,
            0.5102859735488892,
            0.1021369993686676,
            0.07736130058765411,
            0.05036740005016327,
            0.9655759930610657,
            0.2551969885826111,
            0.4646340012550354,
            -0.24884000420570374,
            0.8498200178146362
        ],
        [
            -0.48719000816345215,
            -0.4498090147972107,
            0.5185279846191406,
            0.5046060085296631,
            0.10085800290107727,
            0.06842970103025436,
            0.0620586983859539,
            0.9977359771728516,
            -0.025922300294041634,
            -0.4964410066604614,
            0.05338909849524498,
            0.8664270043373108
        ],
        [
            0.0005418600048869848,
            0.1769150048494339,
            -0.3482620120048523,
            0.782135009765625,
            0.13194599747657776,
            1.1155699491500854,
            -0.0011476499494165182,
            0.9640650153160095,
            -0.2656649947166443,
            -0.0015066800406202674,
            0.2656640112400055,
            0.9640650153160095
        ],
        [
            0.0031400099396705627,
            0.1736219972372055,
            -0.3980169892311096,
            0.7807160019874573,
            0.030531199648976326,
            1.1155600547790527,
            -3.478680099533449e-08,
            0.9794589877128601,
            -0.20164300501346588,
            -4.267799980084419e-08,
            0.20164300501346588,
            0.9794589877128601
        ]
    ],
    "ops": [
        [
            0,
            0,
            2,
            1,
            0,
            0,
            1,
            2,
            1,
            0,
            0,
            1,
            1
        ]
    ],
    "syms": [
        [
            0.0,
            0.999987006187439,
            0.0012984999921172857,
            -0.004897819831967354,
            -1.2971199794264976e-05,
            0.04899289831519127,
            0.08153969794511795,
            0.0
        ],
        [
            0.0,
            0.9999989867210388,
            -0.00031264699646271765,
            -0.001332139945589006,
            0.004158889874815941,
            -0.46484899520874023,
            -0.3170520067214966,
            0.0
        ]
    ],
    "labels:": [
        [
            1,
            3,
            2,
            2,
            0,
            0
        ]
    ],
    "obj": 2303,
    "mat_index": 160,
    "obbs": "N 9\n0.00054186 0.176915 -0.348262 -0.00114765 0.964065 -0.265665 -0.00150668 0.265664 0.964065 0.999998 0.00150668 0.00114765 0.782135 0.131946 1.11557\n0.4866 0.0496248 0.0791563 -0.003081 -0.00277161 -0.999991 0.994422 -0.105436 -0.00277161 -0.105428 -0.994422 0.003081 0.981406 0.128763 0.521535\n-0.486626 0.048361 0.083923 -0.105613 0.993138 -0.0502307 0.994378 0.105863 0.00234423 0.00764572 -0.0497007 -0.998735 0.529368 0.121186 0.967842\n0.0012855 -0.169566 0.129771 1 0 0 0 1 0 0 0 1 1.02226 0.269279 0.874258\n0.00314001 0.173622 -0.398017 -3.47868e-08 0.979459 -0.201643 -4.2678e-08 0.201643 0.979459 1 4.2678e-08 3.47868e-08 0.780716 0.0305312 1.11556\n-0.444473 -0.464708 -0.316454 -0.464634 0.24884 -0.84982 0.884069 0.0757698 -0.461173 -0.0503674 -0.965576 -0.255197 0.102137 0.0773613 0.510286\n0.484138 -0.450119 0.518001 0.0519147 -0.998561 0.013467 0.815135 0.0345801 -0.578238 0.57694 0.0409964 0.815757 0.503201 0.0739893 0.100629\n-0.48719 -0.449809 0.518528 0.496441 -0.0533891 -0.866427 0.865849 -0.0409005 0.49863 -0.0620587 -0.997736 0.0259223 0.100858 0.0684297 0.504606\n0.452791 -0.464989 -0.31765 0.579362 0.246208 -0.776995 0.812244 -0.0950855 0.575516 0.0678159 -0.964541 -0.25507 0.0986482 0.0535642 0.509539\nC 21\n0 1\n0 5\n0 4\n0 3\n0 8\n0 2\n1 3\n1 4\n1 8\n1 6\n2 7\n2 4\n2 3\n2 5\n3 7\n3 8\n3 6\n3 4\n3 5\n4 8\n4 5\nS 3\n2\n1 0.4866 0.0496248 0.0791563\n2 -0.486626 0.048361 0.083923\n2\n-1.29712e-05 0.0489929 0.0815397\n-0.999987 -0.0012985 0.00489782\n2\n5 -0.444473 -0.464708 -0.316454\n8 0.452791 -0.464989 -0.31765\n2\n0.00415889 -0.464849 -0.317052\n0.999999 -0.000312647 -0.00133214\n2\n6 0.484138 -0.450119 0.518001\n7 -0.48719 -0.449809 0.518528\n2\n-0.00152588 -0.449964 0.518265\n-1 0.000319249 0.000541979\nL 9\n0\n3\n3\n1\n0\n2\n2\n2\n2"
}