{
    "boxes": [
        [
            0.006659930106252432,
            -0.10499700158834457,
            0.17156299948692322,
            0.21833500266075134,
            0.7518470287322998,
            0.7027209997177124,
            -0.012179000303149223,
            0.9934700131416321,
            0.1134440004825592,
            0.0006930819945409894,
            -0.1134440004825592,
            0.9935439825057983
        ],
        [
            -0.218516007065773,
            -0.42075398564338684,
            -0.15043899416923523,
            0.7114449739456177,
            0.057798098772764206,
            0.058428000658750534,
            0.00016639000386931002,
            0.9999889731407166,
            -0.004625389818102121,
            -0.10484500229358673,
            0.0046173399314284325,
            0.9944779872894287
        ],
        [
            -0.21462500095367432,
            -0.772828996181488,
            0.22386999428272247,
            0.05218999832868576,
            0.7603510022163391,
            0.04974500089883804,
            0.0,
            1.0,
            0.0,
            0.0,
            0.0,
            1.0
        ],
        [
            0.002218380104750395,
            0.28737398982048035,
            -0.28769901394844055,
            0.7621539831161499,
            0.09538380056619644,
            0.705627977848053,
            -0.0047830501571297646,
            0.9712389707565308,
            -0.23805999755859375,
            -0.006096919998526573,
            0.23803000152111053,
            0.9712389707565308
        ]
    ],
    "ops": [
        [
            0,
            0,
            0,
            1,
            2,
            1,
            0,
            1
        ]
    ],
    "syms": [
        [
            0.0,
            0.9997159838676453,
            0.0034872100222855806,
            0.023594200611114502,
            0.012426899746060371,
            -0.4199489951133728,
            -0.14498800039291382,
            0.0
        ]
    ],
    "labels:": [
        [
            1,
            2,
            2,
            0
        ]
    ],
    "obj": 36648,
    "mat_index": 1643,
    "obbs": "N 6\n0.00221838 0.287374 -0.287699 0.99997 0.00609692 0.00478305 -0.00609692 0.23803 0.971239 0.00478305 -0.971239 0.23806 0.705628 0.0953838 0.762154\n0.00665993 -0.104997 0.171563 0.999926 0.012179 0.000693082 -0.012179 0.99347 0.113444 0.000693082 -0.113444 0.993544 0.702721 0.218335 0.751847\n-0.218516 -0.420754 -0.150439 0.00016639 0.999989 -0.00462539 -0.104845 0.00461734 0.994478 0.994489 0.000319478 0.104845 0.711445 0.0577981 0.058428\n0.24337 -0.419143 -0.139538 -0.0244224 0.999682 -0.0062234 -0.0771146 0.00432287 0.997013 0.996723 0.0248293 0.0769846 0.711956 0.0671765 0.0582038\n-0.214625 -0.772829 0.22387 1 0 0 0 1 0 0 0 1 0.049745 0.05219 0.760351\n0.24786 -0.769277 0.22998 1 0 0 0 1 0 0 0 1 0.049746 0.056642 0.760351\nC 7\n0 1\n0 3\n0 2\n1 2\n1 3\n2 4\n3 5\nS 2\n2\n2 -0.218516 -0.420754 -0.150439\n3 0.24337 -0.419143 -0.139538\n2\n0.0124269 -0.419949 -0.144988\n0.999716 0.00348721 0.0235942\n2\n4 -0.214625 -0.772829 0.22387\n5 0.24786 -0.769277 0.22998\n2\n0.0166173 -0.771053 0.226925\n0.999883 0.00767934 0.0132097\nL 6\n0\n1\n2\n2\n2\n2"
}