{
    "boxes": [
        [
            0.004156029783189297,
            -0.07120800018310547,
            0.12535400688648224,
            0.05212869867682457,
            0.7688220143318176,
            0.6820700168609619,
            -0.0014846200356259942,
            0.9989089965820312,
            -0.04667780175805092,
            -3.466830094112083e-05,
            0.04667780175805092,
            0.9989100098609924
        ],
        [
            -0.39389699697494507,
            0.25493499636650085,
            0.17584100365638733,
            0.08689899742603302,
            0.7123129963874817,
            0.1239359974861145,
            0.0,
            1.0,
            0.0,
            0.0,
            0.0,
            1.0
        ],
        [
            -0.35746800899505615,
            0.06900739669799805,
            0.46678200364112854,
            0.370743989944458,
            0.10771399736404419,
            0.07750429958105087,
            -0.020150400698184967,
            0.9981279969215393,
            0.057746898382902145,
            0.049178700894117355,
            -0.056699201464653015,
            0.9971789717674255
        ],
        [
            0.3486729860305786,
            -0.34203898906707764,
            0.4561240077018738,
            0.42210400104522705,
            0.121847003698349,
            0.08725299686193466,
            0.0,
            1.0,
            0.0,
            0.0,
            0.0,
            1.0
        ],
        [
            -0.35997799038887024,
            -0.5790929794311523,
            0.009418499656021595,
            0.13554100692272186,
            1.3806899785995483,
            0.056099001318216324,
            0.0,
            1.0,
            0.0,
            0.0,
            0.0,
            1.0
        ],
        [
            -0.3523559868335724,
            -0.3376609981060028,
            0.11408799886703491,
            0.09851399809122086,
            0.6300960183143616,
            0.07134400308132172,
            0.0,
            1.0,
            0.0,
            0.0,
            0.0,
            1.0
        ],
        [
            0.0023105000145733356,
            -0.33309099078178406,
            -0.24240000545978546,
            0.10153300315141678,
            0.08950799703598022,
            0.6475229859352112,
            0.0,
            1.0,
            0.0,
            0.0,
            0.0,
            1.0
        ],
        [
            -0.3443939983844757,
            -0.25308701395988464,
            -0.24361899495124817,
            0.6521869897842407,
            0.14162500202655792,
            0.08726699650287628,
            0.0,
            1.0,
            0.0,
            0.0,
            0.0,
            1.0
        ],
        [
            -0.344417005777359,
            0.4556179940700531,
            -0.23320099711418152,
            0.8698830008506775,
            0.16759899258613586,
            0.08722099661827087,
            0.0,
            1.0,
            0.0,
            0.0,
            0.0,
            1.0
        ],
        [
            0.0023139999248087406,
            0.12181799858808517,
            -0.23171700537204742,
            0.10082100331783295,
            0.0845400020480156,
            0.6480079889297485,
            0.0,
            1.0,
            0.0,
            0.0,
            0.0,
            1.0
        ],
        [
            -0.24318799376487732,
            0.45530301332473755,
            -0.25163400173187256,
            0.6277459859848022,
            0.08065540343523026,
            0.08607620000839233,
            -0.00012480400619097054,
            0.9982020258903503,
            -0.059945300221443176,
            0.007626750040799379,
            0.05994449928402901,
            0.9981729984283447
        ]
    ],
    "ops": [
        [
            0,
            0,
            0,
            1,
            2,
            1,
            0,
            0,
            0,
            1,
            1,
            2,
            0,
            2,
            0,
            2,
            1,
            1,
            1,
            0,
            2,
            0,
            2,
            0,
            2,
            1,
            1,
            1
        ]
    ],
    "syms": [
        [
            0.0,
            0.9999309778213501,
            0.0070437099784612656,
            -0.00945242028683424,
            0.0021379999816417694,
            0.25772398710250854,
            0.17209799587726593,
            0.0
        ],
        [
            0.0,
            0.9995719790458679,
            -0.026629099622368813,
            -0.012140500359237194,
            0.0020492500625550747,
            -0.33280500769615173,
            0.46033400297164917,
            0.0
        ],
        [
            0.0,
            -0.0002556979889050126,
            -0.0016430700197815895,
            0.9999989867210388,
            0.00221950002014637,
            -0.33367499709129333,
            0.11348800361156464,
            0.0
        ],
        [
            0.0,
            0.999629020690918,
            0.025947099551558495,
            0.008334489539265633,
            0.0020184998866170645,
            -0.24409599602222443,
            -0.24073000252246857,
            0.0
        ],
        [
            0.0,
            0.9992899894714355,
            0.03763829916715622,
            -0.0018756299978122115,
            -6.991849659243599e-05,
            0.4685870110988617,
            -0.2338470071554184,
            0.0
        ],
        [
            0.0,
            -0.01180140022188425,
            0.9981880187988281,
            -0.05901069939136505,
            -0.0016555000329390168,
            0.4575670063495636,
            -0.25156599283218384,
            0.0
        ],
        [
            1.0,
            -0.30667024850845337,
            0.34162500500679016,
            -0.18868325650691986,
            -0.24318799376487732,
            0.45530301332473755,
            -0.25163400173187256,
            0.20000000298023224
        ]
    ],
    "labels:": [
        [
            1,
            3,
            3,
            2,
            2,
            2,
            2,
            2,
            0,
            0,
            0
        ]
    ],
    "obj": 36657,
    "mat_index": 1650,
    "obbs": "N 24\n0.002314 0.121818 -0.231717 1 0 0 0 1 0 0 0 1 0.648008 0.100821 0.08454\n-0.005625 0.793316 -0.271415 1 0 0 0 1 0 0 0 1 0.655002 0.104262 0.086071\n0.00415603 -0.071208 0.125354 3.46683e-05 -0.0466778 -0.99891 -0.00148462 0.998909 -0.0466778 0.999999 0.00148462 -3.46683e-05 0.768822 0.0521287 0.68207\n0.253929 0.454712 -0.251803 0.00549953 0.99653 -0.083052 0.9995 -0.00806403 -0.0305745 -0.0311381 -0.0828423 -0.996076 0.626367 0.0787799 0.0954852\n0.128163 0.448153 -0.251297 -0.00316385 0.999015 -0.0442591 0.993538 0.00816169 0.113202 0.113452 -0.043615 -0.992586 0.616192 0.0882771 0.0934503\n0.00230191 0.455931 -0.251487 -0.109068 -0.0567426 -0.992413 0.994034 -0.00578597 -0.108916 0.000438081 -0.998372 0.0570352 0.0848358 0.0796993 0.626295\n-0.120085 0.457988 -0.252218 -0.225475 -0.0707611 -0.971676 0.974142 -0.00158143 -0.225932 0.0144506 -0.997492 0.0692879 0.0969266 0.0993591 0.620227\n-0.243188 0.455303 -0.251634 -0.000124804 0.998202 -0.0599453 0.999971 -0.000332612 -0.00762052 -0.00762675 -0.0599445 -0.998173 0.627746 0.0860762 0.0806554\n0.398173 0.260514 0.168354 1 0 0 0 1 0 0 0 1 0.123944 0.067896 0.727304\n-0.393897 0.254935 0.175841 1 0 0 0 1 0 0 0 1 0.123936 0.086899 0.712313\n0.364251 -0.579093 0.0093725 1 0 0 0 1 0 0 0 1 0.056099 0.135541 1.38078\n-0.359978 -0.579093 0.0094185 1 0 0 0 1 0 0 0 1 0.056099 0.135541 1.38069\n0.356514 0.0483 0.469834 1 0 0 0 1 0 0 0 1 0.102286 0.392292 0.094191\n-0.357468 0.0690074 0.466782 0.0201504 -0.998128 -0.0577469 0.998587 0.0229334 -0.0479442 0.0491787 -0.0566992 0.997179 0.370744 0.0775043 0.107714\n0.0023105 -0.333091 -0.2424 1 0 0 0 1 0 0 0 1 0.647523 0.101533 0.089508\n-0.352356 -0.337661 0.114088 1 0 0 0 1 0 0 0 1 0.071344 0.098514 0.630096\n0.0021285 -0.33426 0.469377 1 0 0 0 1 0 0 0 1 0.651119 0.099198 0.081319\n0.360038 -0.331935 0.114393 1 0 0 0 1 0 0 0 1 0.064503 0.102873 0.625333\n-0.344575 -0.32357 0.464543 1 0 0 0 1 0 0 0 1 0.086906 0.460201 0.104999\n0.348673 -0.342039 0.456124 1 0 0 0 1 0 0 0 1 0.087253 0.422104 0.121847\n0.348432 -0.235104 -0.237842 1 0 0 0 1 0 0 0 1 0.087737 0.679482 0.153172\n-0.344394 -0.253087 -0.243619 1 0 0 0 1 0 0 0 1 0.087267 0.652187 0.141625\n0.344278 0.481557 -0.234493 -0.0111942 -0.997809 0.0652117 0.997809 -0.0153996 -0.0643484 0.0652117 0.0643484 0.995795 0.826028 0.10938 0.128339\n-0.344417 0.455618 -0.233201 1 0 0 0 1 0 0 0 1 0.087221 0.869883 0.167599\nC 93\n0 20\n0 7\n0 4\n0 21\n0 5\n0 8\n0 2\n0 22\n0 6\n0 9\n0 3\n0 23\n1 6\n1 5\n1 3\n1 23\n1 4\n1 7\n1 22\n2 22\n2 5\n2 6\n2 17\n2 18\n2 12\n2 23\n2 7\n2 19\n2 13\n2 20\n2 3\n2 14\n2 4\n2 9\n2 16\n2 21\n2 15\n3 5\n3 22\n3 4\n3 20\n3 8\n4 5\n4 6\n4 8\n4 22\n4 20\n5 7\n5 6\n5 22\n6 9\n6 7\n6 23\n6 21\n7 21\n7 23\n7 9\n8 12\n8 22\n8 20\n9 21\n9 13\n9 23\n10 17\n10 14\n10 19\n10 20\n10 16\n11 21\n11 15\n11 16\n11 14\n11 18\n12 17\n12 19\n12 16\n13 16\n13 15\n13 18\n14 17\n14 15\n14 21\n14 20\n15 16\n15 21\n15 18\n16 19\n16 17\n16 18\n17 20\n17 19\n20 22\n21 23\nS 10\n2\n0 0.002314 0.121818 -0.231717\n1 -0.005625 0.793316 -0.271415\n2\n-0.0016555 0.457567 -0.251566\n-0.0118014 0.998188 -0.0590107\n5\n3 0.253929 0.454712 -0.251803\n4 0.128163 0.448153 -0.251297\n5 0.00230191 0.455931 -0.251487\n6 -0.120085 0.457988 -0.252218\n7 -0.243188 0.455303 -0.251634\n1\n0 0 0\n0 0 0\n2\n8 0.398173 0.260514 0.168354\n9 -0.393897 0.254935 0.175841\n2\n0.002138 0.257724 0.172098\n-0.999931 -0.00704371 0.00945242\n2\n10 0.364251 -0.579093 0.0093725\n11 -0.359978 -0.579093 0.0094185\n2\n0.002136 -0.579093 0.0093955\n-1 0 6.35158e-05\n2\n12 0.356514 0.0483 0.469834\n13 -0.357468 0.0690074 0.466782\n2\n-0.000476879 0.0586537 0.468308\n-0.999571 0.0289903 -0.0042721\n2\n15 -0.352356 -0.337661 0.114088\n17 0.360038 -0.331935 0.114393\n2\n0.00384075 -0.334798 0.11424\n0.999968 0.00803673 0.000427418\n2\n14 0.0023105 -0.333091 -0.2424\n16 0.0021285 -0.33426 0.469377\n2\n0.0022195 -0.333675 0.113488\n-0.000255698 -0.00164307 0.999999\n2\n18 -0.344575 -0.32357 0.464543\n19 0.348673 -0.342039 0.456124\n2\n0.00204925 -0.332805 0.460334\n0.999572 -0.0266291 -0.0121405\n2\n20 0.348432 -0.235104 -0.237842\n21 -0.344394 -0.253087 -0.243619\n2\n0.0020185 -0.244096 -0.24073\n-0.999629 -0.0259471 -0.00833449\n2\n22 0.344278 0.481557 -0.234493\n23 -0.344417 0.455618 -0.233201\n2\n-6.99185e-05 0.468587 -0.233847\n-0.99929 -0.0376383 0.00187563\nL 24\n0\n0\n1\n0\n0\n0\n0\n0\n3\n3\n2\n2\n3\n3\n2\n2\n2\n2\n2\n2\n2\n2\n0\n0"
}