{
    "boxes": [
        [
            0.01556050032377243,
            -0.006319589912891388,
            0.14906400442123413,
            0.25613000988960266,
            0.7026690244674683,
            0.8272510170936584,
            -0.020275000482797623,
            0.9991970062255859,
            0.03455119952559471,
            0.0003504029882606119,
            -0.03455119952559471,
            0.9994029998779297
        ],
        [
            0.2609870135784149,
            -0.4423219859600067,
            -0.2763350009918213,
            0.7762640118598938,
            0.10017099976539612,
            0.06476040184497833,
            -0.0682436004281044,
            0.9377269744873047,
            0.3406040072441101,
            0.0464182011783123,
            -0.33804601430892944,
            0.9399840235710144
        ],
        [
            -0.2984060049057007,
            -0.4404509961605072,
            0.470210999250412,
            0.7410680055618286,
            0.09817729890346527,
            0.08073870092630386,
            0.10001900047063828,
            0.9935070276260376,
            -0.05421910062432289,
            0.2842380106449127,
            0.02369149960577488,
            0.9584609866142273
        ],
        [
            0.3196769952774048,
            -0.4348660111427307,
            0.46836400032043457,
            0.7526410222053528,
            0.1024710014462471,
            0.08755269646644592,
            -0.07286030054092407,
            0.995881974697113,
            -0.05395720154047012,
            0.5134450197219849,
            0.08383540064096451,
            0.8540170192718506
        ],
        [
            0.016853399574756622,
            0.39285799860954285,
            -0.2110469937324524,
            0.8034200072288513,
            0.2596200108528137,
            0.8199669718742371,
            0.020372899249196053,
            0.9694129824638367,
            -0.2445870041847229,
            0.026144400238990784,
            0.24403800070285797,
            0.9694129824638367
        ]
    ],
    "ops": [
        [
            0,
            0,
            2,
            0,
            0,
            1,
            1,
            1,
            0,
            1
        ]
    ],
    "syms": [
        [
            0.0,
            0.9996950030326843,
            -0.01136079989373684,
            -0.021926600486040115,
            0.01900229975581169,
            -0.4395720064640045,
            -0.2710280120372772,
            0.0
        ]
    ],
    "labels:": [
        [
            1,
            2,
            2,
            2,
            0
        ]
    ],
    "obj": 2313,
    "mat_index": 167,
    "obbs": "N 6\n0.0168534 0.392858 -0.211047 0.999451 -0.0261444 -0.0203729 0.0261444 0.244038 0.969413 -0.0203729 -0.969413 0.244587 0.819967 0.25962 0.80342\n0.0155605 -0.00631959 0.149064 0.999794 0.020275 0.000350403 -0.020275 0.999197 0.0345512 0.000350403 -0.0345512 0.999403 0.827251 0.25613 0.702669\n-0.298406 -0.440451 0.470211 -0.100019 -0.993507 0.0542191 0.953522 -0.111275 -0.280023 0.284238 0.0236915 0.958461 0.741068 0.0807387 0.0981773\n0.319677 -0.434866 0.468364 -0.0728603 0.995882 -0.0539572 0.513445 0.0838354 0.854017 0.855024 0.0345199 -0.517439 0.752641 0.102471 0.0875527\n0.260987 -0.442322 -0.276335 0.0682436 -0.937727 -0.340604 0.996588 0.0799581 -0.0204581 0.0464182 -0.338046 0.939984 0.776264 0.0647604 0.100171\n-0.222982 -0.436822 -0.26572 0.151722 0.326716 -0.932865 0.986839 -0.103488 0.124256 -0.0559435 -0.93944 -0.338118 0.11392 0.0734017 0.793219\nC 7\n0 1\n0 5\n0 4\n1 2\n1 3\n1 4\n1 5\nS 1\n2\n4 0.260987 -0.442322 -0.276335\n5 -0.222982 -0.436822 -0.26572\n2\n0.0190023 -0.439572 -0.271028\n-0.999695 0.0113608 0.0219266\nL 6\n0\n1\n2\n2\n2\n2"
}