{
    "boxes": [
        [
            -0.004257350228726864,
            -0.0824609026312828,
            0.12496799975633621,
            0.05283169820904732,
            0.5958369970321655,
            0.5940120220184326,
            -0.0009942250326275826,
            0.9995070099830627,
            0.03138349950313568,
            1.5604999134666286e-05,
            -0.03138349950313568,
            0.9995070099830627
        ],
        [
            -0.2625429928302765,
            -0.47042199969291687,
            -0.1401270031929016,
            0.7805269956588745,
            0.04630589857697487,
            0.029192300513386726,
            0.07971680164337158,
            0.989920973777771,
            0.11705700308084488,
            -0.6934710144996643,
            -0.029282299801707268,
            0.7198889851570129
        ],
        [
            -0.26256701350212097,
            -0.47304099798202515,
            0.3450610041618347,
            0.7869009971618652,
            0.028403399512171745,
            0.03863079845905304,
            0.08316349983215332,
            0.9761890172958374,
            -0.2003449946641922,
            -0.4033310115337372,
            0.21681100130081177,
            0.8889979720115662
        ],
        [
            -0.004139000084251165,
            0.2585029900074005,
            -0.16161799430847168,
            0.6800969839096069,
            0.04027700051665306,
            0.5939980149269104,
            0.0,
            1.0,
            0.0,
            0.0,
            0.0,
            1.0
        ]
    ],
    "ops": [
        [
            0,
            0,
            0,
            1,
            2,
            1,
            0,
            1
        ]
    ],
    "syms": [
        [
            0.0,
            1.0,
            -4.9976199079537764e-05,
            -4.412139787746128e-06,
            -0.004164829850196838,
            -0.4704340100288391,
            -0.1401280015707016,
            0.0
        ]
    ],
    "labels:": [
        [
            1,
            2,
            2,
            0
        ]
    ],
    "obj": 2319,
    "mat_index": 172,
    "obbs": "N 6\n-0.004139 0.258503 -0.161618 1 0 0 0 1 0 0 0 1 0.593998 0.680097 0.040277\n-0.00425735 -0.0824609 0.124968 1 0.000994225 1.5605e-05 -0.000994225 0.999507 0.0313835 1.5605e-05 -0.0313835 0.999507 0.594012 0.0528317 0.595837\n0.254213 -0.470447 -0.140129 -0.692952 0.0225079 -0.720632 0.71602 0.138564 -0.684189 0.0844538 -0.990098 -0.112134 0.0409809 0.029193 0.780475\n0.254234 -0.472994 0.341291 0.900248 0.0265846 -0.434565 0.420149 0.208628 0.883147 0.114141 -0.977634 0.176648 0.0469083 0.0285188 0.785474\n-0.262567 -0.473041 0.345061 -0.911267 -0.00687296 -0.411758 -0.403331 0.216811 0.888998 0.0831635 0.976189 -0.200345 0.0386308 0.0284034 0.786901\n-0.262543 -0.470422 -0.140127 0.0797168 0.989921 0.117057 0.716061 -0.138563 0.684147 0.693471 0.0292823 -0.719889 0.780527 0.0291923 0.0463059\nC 7\n0 1\n0 5\n0 2\n1 2\n1 3\n1 4\n1 5\nS 2\n2\n2 0.254213 -0.470447 -0.140129\n5 -0.262543 -0.470422 -0.140127\n2\n-0.00416483 -0.470434 -0.140128\n-1 4.99762e-05 4.41214e-06\n2\n3 0.254234 -0.472994 0.341291\n4 -0.262567 -0.473041 0.345061\n2\n-0.00416644 -0.473017 0.343176\n-0.999973 -8.99701e-05 0.0072943\nL 6\n0\n1\n2\n2\n2\n2"
}