{
    "boxes": [
        [
            -0.002512000035494566,
            -0.10251899808645248,
            0.09824199974536896,
            0.20891599357128143,
            0.7914440035820007,
            0.8888980150222778,
            0.0,
            1.0,
            0.0,
            0.0,
            0.0,
            1.0
        ],
        [
            -0.43256500363349915,
            0.20175300538539886,
            0.16006499528884888,
            0.10066299885511398,
            0.7894179821014404,
            0.08756709843873978,
            0.19228099286556244,
            0.9694820046424866,
            -0.1520950049161911,
            0.014848999679088593,
            0.1520950049161911,
            0.9882540106773376
        ],
        [
            0.41561299562454224,
            0.20131300389766693,
            0.16021700203418732,
            0.10847300291061401,
            0.7900140285491943,
            0.09797859936952591,
            0.3104510009288788,
            0.9380810260772705,
            -0.1537020057439804,
            0.024620700627565384,
            0.1537020057439804,
            0.9878100156784058
        ],
        [
            -0.42628899216651917,
            0.04337650164961815,
            0.462007999420166,
            0.33427301049232483,
            0.08667200058698654,
            0.06410499662160873,
            0.0,
            1.0,
            0.0,
            0.0,
            0.0,
            1.0
        ],
        [
            -0.42628899216651917,
            -0.4497230052947998,
            0.46902400255203247,
            0.6604719758033752,
            0.07264000177383423,
            0.06410499662160873,
            0.0,
            1.0,
            0.0,
            0.0,
            0.0,
            1.0
        ],
        [
            -0.42628899216651917,
            -0.2776170074939728,
            0.0972990021109581,
            0.05167999863624573,
            0.6862180233001709,
            0.04134399816393852,
            0.0,
            1.0,
            0.0,
            0.0,
            0.0,
            1.0
        ],
        [
            -0.429639995098114,
            -0.4616900086402893,
            -0.30762600898742676,
            0.6430439949035645,
            0.09781680256128311,
            0.08585590124130249,
            0.004873789846897125,
            0.9894639849662781,
            0.14469799399375916,
            -0.38784098625183105,
            -0.13150300085544586,
            0.9122970104217529
        ],
        [
            -0.002512000035494566,
            0.38653698563575745,
            -0.3151110112667084,
            0.07975679636001587,
            0.0935932993888855,
            0.7855380177497864,
            -1.1645200037573621e-17,
            0.9982320070266724,
            -0.05944019928574562,
            -1.2359200008452855e-17,
            0.05944019928574562,
            0.9982320070266724
        ],
        [
            -0.002512000035494566,
            0.5227940082550049,
            -0.36726999282836914,
            0.16537800431251526,
            0.08073420077562332,
            0.7855380177497864,
            -0.0,
            0.9159899950027466,
            -0.4012010097503662,
            0.0,
            0.4012010097503662,
            0.9159899950027466
        ],
        [
            -0.4239110052585602,
            0.23302799463272095,
            -0.2990880012512207,
            0.781711995601654,
            0.12572699785232544,
            0.06882990151643753,
            0.009008239954710007,
            0.989201009273529,
            -0.1462859958410263,
            -0.06165130063891411,
            0.14656299352645874,
            0.9872779846191406
        ]
    ],
    "ops": [
        [
            0,
            0,
            0,
            0,
            2,
            1,
            1,
            1,
            0,
            0,
            0,
            1,
            1,
            2,
            1,
            0,
            2,
            0,
            0,
            2,
            1,
            1,
            1
        ]
    ],
    "syms": [
        [
            0.0,
            0.9999989867210388,
            0.0014712900156155229,
            -0.0,
            -0.0025122500956058502,
            0.04399999976158142,
            0.462007999420166,
            0.0
        ],
        [
            0.0,
            0.9999979734420776,
            0.0021426300518214703,
            -0.0,
            -0.0025122500956058502,
            -0.4488149881362915,
            0.46902400255203247,
            0.0
        ],
        [
            1.0,
            -0.0018840000266209245,
            0.38373100757598877,
            -0.25006675720214844,
            -0.002512000035494566,
            0.38653698563575745,
            -0.3151110112667084,
            0.20000000298023224
        ],
        [
            0.0,
            0.9999989867210388,
            0.0005726719973608851,
            -0.0014907099539414048,
            -0.0025132799055427313,
            0.23327000439167023,
            -0.2997159957885742,
            0.0
        ]
    ],
    "labels:": [
        [
            1,
            3,
            3,
            3,
            2,
            2,
            2,
            0,
            0,
            0
        ]
    ],
    "obj": 36790,
    "mat_index": 1738,
    "obbs": "N 19\n-0.002512 0.522794 -0.36727 1 0 0 0 0.401201 0.91599 0 -0.91599 0.401201 0.785538 0.0807342 0.165378\n-0.002512 -0.102519 0.098242 1 0 0 0 1 0 0 0 1 0.888898 0.208916 0.791444\n0.418884 0.233511 -0.300345 0.0873388 -0.123391 -0.988507 0.996141 0.0194203 0.0855892 0.00863625 -0.992168 0.124611 0.13072 0.0726399 0.779661\n-0.423911 0.233028 -0.299088 0.00900824 0.989201 -0.146286 0.998057 0.000125104 0.0623058 0.0616513 -0.146563 -0.987278 0.781712 0.0688299 0.125727\n-0.002512 0.011224 -0.260177 1 0 0 0 1 0 0 0 1 0.785538 0.06268 0.081512\n-0.002512 0.106876 -0.264182 1 0 0 -0 0.0758333 0.997121 0 -0.997121 0.0758333 0.785538 0.0810064 0.0620166\n-0.002512 0.201358 -0.273972 1 0 0 0 1 0 0 0 1 0.785538 0.073468 0.089392\n-0.002512 0.294735 -0.290998 1 0 0 0 0.172533 0.985004 0 -0.985004 0.172533 0.785538 0.0842166 0.0662743\n-0.002512 0.386537 -0.315111 1 1.23592e-17 1.16452e-17 -1.23592e-17 0.0594402 0.998232 1.16452e-17 -0.998232 0.0594402 0.785538 0.0935933 0.0797568\n0.415613 0.201313 0.160217 -0.0246207 -0.153702 -0.98781 0.310451 0.938081 -0.153702 0.950271 -0.310451 0.0246207 0.790014 0.108473 0.0979786\n-0.432565 0.201753 0.160065 0.981228 -0.192281 0.014849 0.192281 0.969482 -0.152095 0.014849 0.152095 0.988254 0.0875671 0.100663 0.789418\n0.421265 0.0446235 0.462008 1 0 0 0 1 0 0 0 1 0.064104 0.331779 0.086672\n-0.426289 0.0433765 0.462008 1 0 0 0 1 0 0 0 1 0.064105 0.334273 0.086672\n0.421265 -0.277617 0.097299 1 0 0 0 1 0 0 0 1 0.041344 0.05168 0.686218\n-0.426289 -0.277617 0.097299 1 0 0 0 1 0 0 0 1 0.041344 0.05168 0.686218\n-0.42964 -0.46169 -0.307626 0.00487379 0.989464 0.144698 0.921713 -0.060566 0.383114 0.387841 0.131503 -0.912297 0.643044 0.0858559 0.0978168\n0.427193 -0.456683 -0.309344 0.0186613 -0.988962 -0.14699 0.896787 0.0815588 -0.434881 0.442069 -0.123704 0.88841 0.654094 0.0913931 0.0988916\n0.421265 -0.447907 0.469024 1 0 0 0 1 0 0 0 1 0.064104 0.664104 0.07264\n-0.426289 -0.449723 0.469024 1 0 0 0 1 0 0 0 1 0.064105 0.660472 0.07264\nC 73\n0 2\n0 7\n0 3\n0 8\n0 6\n1 3\n1 17\n1 15\n1 6\n1 11\n1 2\n1 16\n1 14\n1 5\n1 10\n1 13\n1 4\n1 9\n1 12\n1 18\n2 8\n2 5\n2 9\n2 13\n2 16\n2 6\n2 7\n2 4\n3 15\n3 7\n3 14\n3 10\n3 6\n3 5\n3 8\n3 4\n4 7\n4 9\n4 13\n4 10\n4 5\n4 14\n4 16\n4 6\n4 15\n5 9\n5 6\n5 8\n5 15\n5 10\n5 16\n5 7\n6 9\n6 7\n6 10\n6 8\n7 10\n7 8\n7 9\n8 9\n8 10\n9 11\n9 16\n10 15\n10 12\n11 13\n11 17\n12 14\n12 18\n13 17\n13 16\n14 18\n14 15\nS 6\n2\n2 0.418884 0.233511 -0.300345\n3 -0.423911 0.233028 -0.299088\n2\n-0.00251328 0.23327 -0.299716\n-0.999999 -0.000572672 0.00149071\n5\n4 -0.002512 0.011224 -0.260177\n5 -0.002512 0.106876 -0.264182\n6 -0.002512 0.201358 -0.273972\n7 -0.002512 0.294735 -0.290998\n8 -0.002512 0.386537 -0.315111\n1\n0 0 0\n0 0 0\n2\n11 0.421265 0.0446235 0.462008\n12 -0.426289 0.0433765 0.462008\n2\n-0.00251225 0.044 0.462008\n-0.999999 -0.00147129 0\n2\n13 0.421265 -0.277617 0.097299\n14 -0.426289 -0.277617 0.097299\n2\n-0.002512 -0.277617 0.097299\n-1 0 0\n2\n15 -0.42964 -0.46169 -0.307626\n16 0.427193 -0.456683 -0.309344\n2\n-0.00122369 -0.459187 -0.308485\n0.999981 0.00584391 -0.0020059\n2\n17 0.421265 -0.447907 0.469024\n18 -0.426289 -0.449723 0.469024\n2\n-0.00251225 -0.448815 0.469024\n-0.999998 -0.00214263 0\nL 19\n0\n1\n0\n0\n0\n0\n0\n0\n0\n3\n3\n3\n3\n2\n2\n2\n2\n2\n2"
}