{
    "boxes": [
        [
            -0.07637249678373337,
            -0.0028649000450968742,
            0.14127500355243683,
            0.4535540044307709,
            0.7722799777984619,
            0.9438999891281128,
            0.04043219983577728,
            0.9991779923439026,
            -0.002804039977490902,
            5.671010148944333e-05,
            0.002804039977490902,
            0.9999960064888
        ],
        [
            -0.4541110098361969,
            0.12126100063323975,
            0.1390019953250885,
            0.33959200978279114,
            0.6187340021133423,
            0.10111899673938751,
            -0.27678999304771423,
            0.9608989953994751,
            0.007756169885396957,
            -0.007756169885396957,
            -0.01030530035495758,
            0.9999169707298279
        ],
        [
            0.26935699582099915,
            -0.5123180150985718,
            -0.1945199966430664,
            0.6446620225906372,
            0.06173010170459747,
            0.05488260090351105,
            -0.21469199657440186,
            0.9139919877052307,
            0.3442769944667816,
            -0.04075679928064346,
            -0.3605729937553406,
            0.9318400025367737
        ],
        [
            0.30533498525619507,
            -0.48865601420402527,
            0.40037301182746887,
            0.6636239886283875,
            0.06572210043668747,
            0.061827998608350754,
            -0.20167100429534912,
            0.9690690040588379,
            -0.1422480046749115,
            0.19102300703525543,
            0.1813579946756363,
            0.9646859765052795
        ],
        [
            -0.32696598768234253,
            -0.48944199085235596,
            0.3984130024909973,
            0.6611480116844177,
            0.06580819934606552,
            0.062410999089479446,
            0.23298700153827667,
            0.966463029384613,
            -0.1080079972743988,
            0.3744699954986572,
            0.013340099714696407,
            0.9271429777145386
        ],
        [
            -0.00844419002532959,
            0.21751399338245392,
            -0.23614799976348877,
            0.6580410003662109,
            0.256164014339447,
            1.0647799968719482,
            0.0011623699683696032,
            0.9770370125770569,
            -0.2130659967660904,
            0.0014431700110435486,
            0.2130649983882904,
            0.9770370125770569
        ]
    ],
    "ops": [
        [
            0,
            0,
            2,
            1,
            0,
            2,
            0,
            0,
            1,
            1,
            1,
            0,
            1
        ]
    ],
    "syms": [
        [
            0.0,
            0.9998599886894226,
            -0.016673000529408455,
            0.00172814994584769,
            -0.01762479916214943,
            0.11398299783468246,
            0.1397559940814972,
            0.0
        ],
        [
            0.0,
            0.999625027179718,
            -0.02033429965376854,
            -0.018357500433921814,
            -0.0044796098954975605,
            -0.5067480206489563,
            -0.18949100375175476,
            0.0
        ]
    ],
    "labels:": [
        [
            1,
            3,
            2,
            2,
            2,
            0
        ]
    ],
    "obj": 36793,
    "mat_index": 1741,
    "obbs": "N 8\n-0.00844419 0.217514 -0.236148 0.999998 -0.00144317 -0.00116237 0.00144317 0.213065 0.977037 -0.00116237 -0.977037 0.213066 1.06478 0.256164 0.658041\n-0.454111 0.121261 0.139002 0.27679 -0.960899 -0.00775617 0.960899 0.276707 0.0103053 -0.00775617 -0.0103053 0.999917 0.339592 0.101119 0.618734\n0.418862 0.106704 0.140511 -0.287545 -0.957234 0.03194 0.957234 -0.288337 -0.023746 0.03194 0.023746 0.999208 0.398361 0.131501 0.64176\n-0.0763725 -0.0028649 0.141275 0.999182 -0.0404322 5.67101e-05 0.0404322 0.999178 -0.00280404 5.67101e-05 0.00280404 0.999996 0.9439 0.453554 0.77228\n-0.278316 -0.501178 -0.184462 -0.976334 0.216155 -0.00692597 -0.078833 -0.325888 0.942116 0.201386 0.920366 0.335216 0.069651 0.0693271 0.672695\n0.269357 -0.512318 -0.19452 -0.214692 0.913992 0.344277 -0.0407568 -0.360573 0.93184 0.975831 0.186027 0.114664 0.644662 0.0617301 0.0548826\n0.305335 -0.488656 0.400373 -0.201671 0.969069 -0.142248 0.191023 0.181358 0.964686 0.960645 0.167377 -0.221689 0.663624 0.0657221 0.061828\n-0.326966 -0.489442 0.398413 -0.232987 -0.966463 0.108008 0.897491 -0.256458 -0.358804 0.37447 0.0133401 0.927143 0.661148 0.062411 0.0658082\nC 15\n0 1\n0 5\n0 4\n0 3\n0 2\n1 3\n1 4\n1 7\n2 6\n2 5\n2 3\n3 5\n3 6\n3 7\n3 4\nS 2\n2\n1 -0.454111 0.121261 0.139002\n2 0.418862 0.106704 0.140511\n2\n-0.0176248 0.113983 0.139756\n0.99986 -0.016673 0.00172815\n2\n4 -0.278316 -0.501178 -0.184462\n5 0.269357 -0.512318 -0.19452\n2\n-0.00447961 -0.506748 -0.189491\n0.999625 -0.0203343 -0.0183575\nL 8\n0\n3\n3\n1\n2\n2\n2\n2"
}