{
    "boxes": [
        [
            0.013992499560117722,
            -0.013285499997437,
            0.05147000029683113,
            0.27411699295043945,
            0.833191990852356,
            0.8342810273170471,
            0.0,
            1.0,
            0.0,
            0.0,
            0.0,
            1.0
        ],
        [
            -0.3353079855442047,
            -0.4129970073699951,
            -0.35903099179267883,
            0.6990309953689575,
            0.27394500374794006,
            0.06070540100336075,
            0.04735159873962402,
            0.957381010055542,
            0.28491899371147156,
            -0.6721619963645935,
            -0.1804569959640503,
            0.7180759906768799
        ],
        [
            0.42163801193237305,
            -0.4097590148448944,
            0.4234519898891449,
            0.7178419828414917,
            0.09730739891529083,
            0.22870999574661255,
            -0.2161870002746582,
            0.9757040143013,
            -0.035565100610256195,
            0.5827270150184631,
            0.15817099809646606,
            0.7971270084381104
        ],
        [
            -0.004862170200794935,
            0.3978390097618103,
            -0.3542259931564331,
            0.6203650236129761,
            0.05305999889969826,
            0.468095988035202,
            0.05684110149741173,
            0.9789299964904785,
            -0.19612500071525574,
            0.005504770204424858,
            0.19613200426101685,
            0.9805619716644287
        ],
        [
            0.012114400044083595,
            0.39434999227523804,
            -0.22023199498653412,
            0.8508070111274719,
            0.20239800214767456,
            0.9614369869232178,
            0.0002687149972189218,
            0.8357809782028198,
            -0.5490639805793762,
            0.0004980459925718606,
            0.5490630269050598,
            0.8357809782028198
        ]
    ],
    "ops": [
        [
            0,
            0,
            0,
            1,
            2,
            1,
            0,
            0,
            1,
            1
        ]
    ],
    "syms": [
        [
            0.0,
            0.999426007270813,
            -0.033866699784994125,
            -0.0010703799780458212,
            0.016476599499583244,
            -0.424917995929718,
            -0.3594070076942444,
            0.0
        ]
    ],
    "labels:": [
        [
            1,
            2,
            2,
            0,
            0
        ]
    ],
    "obj": 36794,
    "mat_index": 1742,
    "obbs": "N 7\n-0.00486217 0.397839 -0.354226 0.0568411 0.97893 -0.196125 0.00550477 0.196132 0.980562 0.998368 -0.0568159 0.00575958 0.620365 0.05306 0.468096\n0.0139925 -0.0132855 0.05147 1 0 0 0 1 0 0 0 1 0.834281 0.274117 0.833192\n-0.335308 -0.412997 -0.359031 0.672162 0.180457 -0.718076 0.738888 -0.225514 0.634971 -0.0473516 -0.957381 -0.284919 0.273945 0.0607054 0.699031\n0.368261 -0.436838 -0.359784 0.0602323 -0.965339 -0.253955 0.71837 0.218565 -0.660434 0.693048 -0.142654 0.706636 0.670681 0.0562849 0.244904\n0.421638 -0.409759 0.423452 0.783385 0.151604 -0.602763 0.582727 0.158171 0.797127 0.216187 -0.975704 0.0355651 0.22871 0.0973074 0.717842\n-0.339504 -0.424562 0.468709 0.0259983 0.987532 -0.155256 -0.549052 0.143892 0.823308 0.835384 0.063839 0.545948 0.68918 0.0822411 0.205484\n0.0121144 0.39435 -0.220232 0.000268715 0.835781 -0.549064 0.000498046 0.549063 0.835781 1 -0.000498046 -0.000268715 0.850807 0.202398 0.961437\nC 11\n0 1\n0 6\n0 3\n0 2\n1 2\n1 3\n1 4\n1 5\n1 6\n2 6\n3 6\nS 2\n2\n2 -0.335308 -0.412997 -0.359031\n3 0.368261 -0.436838 -0.359784\n2\n0.0164766 -0.424918 -0.359407\n0.999426 -0.0338667 -0.00107038\n2\n4 0.421638 -0.409759 0.423452\n5 -0.339504 -0.424562 0.468709\n2\n0.0410671 -0.417161 0.446081\n-0.998049 -0.01941 0.0593429\nL 7\n0\n1\n2\n2\n2\n2\n0"
}