{
    "boxes": [
        [
            -0.006738999858498573,
            -0.2076909989118576,
            0.23919400572776794,
            0.41389399766921997,
            0.7959110140800476,
            0.9129239916801453,
            0.0,
            1.0,
            0.0,
            0.0,
            0.0,
            1.0
        ],
        [
            -0.40122899413108826,
            0.07991799712181091,
            0.18176299333572388,
            1.0653400421142578,
            0.764723002910614,
            0.36405500769615173,
            0.05203520134091377,
            0.9785550236701965,
            -0.19930599629878998,
            0.0020814300514757633,
            0.19946900010108948,
            0.9799020290374756
        ],
        [
            -0.025378400459885597,
            0.24605900049209595,
            -0.18656200170516968,
            1.3217099905014038,
            0.524757981300354,
            1.1107699871063232,
            -0.015821300446987152,
            0.9745259881019592,
            -0.22371399402618408,
            0.04587030038237572,
            0.22421400249004364,
            0.9734600186347961
        ]
    ],
    "ops": [
        [
            0,
            0,
            2,
            1,
            0,
            1
        ]
    ],
    "syms": [
        [
            0.0,
            0.9996179938316345,
            -0.026521999388933182,
            0.007752799894660711,
            0.00011057999654440209,
            0.06926959753036499,
            0.1848759949207306,
            0.0
        ]
    ],
    "labels:": [
        [
            1,
            3,
            0
        ]
    ],
    "obj": 36796,
    "mat_index": 1744,
    "obbs": "N 4\n-0.0253784 0.246059 -0.186562 0.998822 0.00513955 -0.0482491 0.0458703 0.224214 0.97346 0.0158213 -0.974526 0.223714 1.11077 0.524758 1.32171\n0.40145 0.0586212 0.187989 0.0151982 -0.999591 0.024213 0.999591 0.0146028 -0.0245766 0.024213 0.0245766 0.999405 0.957071 0.347064 0.870088\n-0.401229 0.079918 0.181763 0.0520352 0.978555 -0.199306 0.998643 -0.0514043 0.00834264 -0.00208143 -0.199469 -0.979902 1.06534 0.364055 0.764723\n-0.006739 -0.207691 0.239194 1 0 0 0 1 0 0 0 1 0.912924 0.413894 0.795911\nC 5\n0 1\n0 3\n0 2\n1 3\n2 3\nS 1\n2\n1 0.40145 0.0586212 0.187989\n2 -0.401229 0.079918 0.181763\n2\n0.00011058 0.0692696 0.184876\n-0.999618 0.026522 -0.0077528\nL 4\n0\n3\n3\n1"
}