{
    "boxes": [
        [
            0.0019859999883919954,
            -0.22511200606822968,
            0.13561899960041046,
            0.15702499449253082,
            0.6828849911689758,
            0.743586003780365,
            0.0,
            1.0,
            0.0,
            0.0,
            0.0,
            1.0
        ],
        [
            -0.31490299105644226,
            -0.5567349791526794,
            -0.2936890125274658,
            0.6275759935379028,
            0.036639001220464706,
            0.06480850279331207,
            -0.0024128600489348173,
            0.9712219834327698,
            0.2381639927625656,
            -0.0018926600459963083,
            -0.23816800117492676,
            0.9712219834327698
        ],
        [
            -0.3149249851703644,
            -0.5960749983787537,
            0.04064600169658661,
            0.5268489718437195,
            0.8201360106468201,
            0.0634630024433136,
            0.0,
            1.0,
            0.0,
            0.0,
            0.0,
            1.0
        ],
        [
            -0.3150089979171753,
            -0.5501319766044617,
            0.42855900526046753,
            0.6150370240211487,
            0.04496460035443306,
            0.06649550050497055,
            0.003494560020044446,
            0.9932019710540771,
            -0.11635500192642212,
            -0.054898299276828766,
            0.11636999994516373,
            0.9916880130767822
        ],
        [
            0.0019859999883919954,
            0.31801798939704895,
            -0.13589300215244293,
            1.080989956855774,
            0.15717999637126923,
            0.743586003780365,
            0.0,
            1.0,
            0.0,
            0.0,
            0.0,
            1.0
        ],
        [
            -0.31492099165916443,
            0.25135499238967896,
            -0.189970001578331,
            1.0284099578857422,
            0.0900529995560646,
            0.06343299895524979,
            0.0,
            1.0,
            0.0,
            0.0,
            0.0,
            1.0
        ]
    ],
    "ops": [
        [
            0,
            0,
            0,
            0,
            1,
            1,
            2,
            1,
            0,
            0,
            2,
            1,
            1
        ]
    ],
    "syms": [
        [
            0.0,
            0.9992690086364746,
            0.0373356007039547,
            0.008166979998350143,
            -0.006119570229202509,
            -0.5451980233192444,
            -0.29116499423980713,
            0.0
        ],
        [
            0.0,
            0.9995740056037903,
            0.028814999386668205,
            0.004627029877156019,
            -0.006107749883085489,
            0.2602570056915283,
            -0.1885409951210022,
            0.0
        ]
    ],
    "labels:": [
        [
            1,
            2,
            2,
            2,
            0,
            0
        ]
    ],
    "obj": 36807,
    "mat_index": 1749,
    "obbs": "N 10\n0.001986 0.318018 -0.135893 1 0 0 0 1 0 0 0 1 0.743586 1.08099 0.15718\n-0.314925 -0.596075 0.040646 1 0 0 0 1 0 0 0 1 0.063463 0.526849 0.820136\n0.302706 -0.596003 0.048747 1 0 0 0 1 0 0 0 1 0.063461 0.526704 0.831856\n0.001986 -0.225112 0.135619 1 0 0 0 1 0 0 0 1 0.743586 0.157025 0.682885\n0.302706 0.269159 -0.187111 1 0 0 0 1 0 0 0 1 0.063392 0.992804 0.084335\n-0.314921 0.251355 -0.18997 1 0 0 0 1 0 0 0 1 0.063433 1.02841 0.090053\n-0.315009 -0.550132 0.428559 -0.998486 -0.00292216 -0.0549318 -0.0548983 0.11637 0.991688 0.00349456 0.993202 -0.116355 0.0664955 0.0449646 0.615037\n-0.314903 -0.556735 -0.293689 -0.00241286 0.971222 0.238164 -0.00189266 -0.238168 0.971222 0.999995 0.00189266 0.00241286 0.627576 0.036639 0.0648085\n0.302664 -0.533661 -0.288642 -0.0172559 0.972407 0.232651 -0.0136127 -0.232892 0.972407 0.999758 0.0136127 0.0172559 0.675057 0.0393474 0.074511\n0.302576 -0.558592 0.433823 -0.00411594 0.99343 -0.114364 -0.00461691 0.114345 0.99343 0.999981 0.00461691 0.00411594 0.596426 0.0353765 0.0655949\nC 23\n0 2\n0 7\n0 3\n0 4\n0 5\n0 8\n0 1\n1 3\n1 6\n1 5\n1 7\n2 8\n2 9\n2 3\n2 4\n3 7\n3 6\n3 9\n3 5\n3 8\n3 4\n4 8\n5 7\nS 4\n2\n1 -0.314925 -0.596075 0.040646\n2 0.302706 -0.596003 0.048747\n2\n-0.00611 -0.596039 0.0446965\n0.999914 0.000117374 0.0131151\n2\n4 0.302706 0.269159 -0.187111\n5 -0.314921 0.251355 -0.18997\n2\n-0.00610775 0.260257 -0.188541\n-0.999574 -0.028815 -0.00462703\n2\n6 -0.315009 -0.550132 0.428559\n9 0.302576 -0.558592 0.433823\n2\n-0.00621646 -0.554362 0.431191\n0.99987 -0.0136968 0.0085234\n2\n7 -0.314903 -0.556735 -0.293689\n8 0.302664 -0.533661 -0.288642\n2\n-0.00611957 -0.545198 -0.291165\n0.999269 0.0373356 0.00816698\nL 10\n0\n2\n2\n1\n0\n0\n2\n2\n2\n2"
}