{
    "boxes": [
        [
            0.004548000171780586,
            -0.01060550007969141,
            0.08563350141048431,
            0.16360299289226532,
            0.32365500926971436,
            0.5865600109100342,
            0.0,
            1.0,
            0.0,
            0.0,
            0.0,
            1.0
        ],
        [
            -0.3638339936733246,
            0.19166800379753113,
            0.05286049842834473,
            0.3662480115890503,
            0.3904989957809448,
            0.07590480148792267,
            -0.44337400794029236,
            0.8961160182952881,
            0.019879700616002083,
            -0.09516000002622604,
            -0.06911289691925049,
            0.9930599927902222
        ],
        [
            -0.32305100560188293,
            -0.4339269995689392,
            -0.10108199715614319,
            0.855663001537323,
            0.025756699964404106,
            0.14529499411582947,
            0.2676129937171936,
            0.9442229866981506,
            0.19189999997615814,
            -0.4384540021419525,
            -0.058010298758745193,
            0.8968799710273743
        ],
        [
            -0.36150598526000977,
            -0.42990100383758545,
            0.2653709948062897,
            0.8564440011978149,
            0.025732100009918213,
            0.14458799362182617,
            0.28829100728034973,
            0.9361929893493652,
            -0.2010750025510788,
            0.4429920017719269,
            0.055767498910427094,
            0.89478999376297
        ],
        [
            -0.0018124999478459358,
            0.2089730054140091,
            -0.1977580040693283,
            0.31656500697135925,
            0.26116201281547546,
            0.7919530272483826,
            0.0,
            1.0,
            0.0,
            0.0,
            0.0,
            1.0
        ]
    ],
    "ops": [
        [
            0,
            0,
            2,
            1,
            0,
            0,
            1,
            2,
            1,
            0,
            1
        ]
    ],
    "syms": [
        [
            0.0,
            0.9995179772377014,
            0.006433520000427961,
            0.03036540001630783,
            -0.002103290054947138,
            0.19399599730968475,
            0.06384990364313126,
            0.0
        ],
        [
            0.0,
            0.9999470114707947,
            0.0002699810138437897,
            0.010287200100719929,
            -0.007137279957532883,
            -0.4338420033454895,
            -0.09783170372247696,
            0.0
        ]
    ],
    "labels:": [
        [
            1,
            3,
            2,
            2,
            0
        ]
    ],
    "obj": 36834,
    "mat_index": 1763,
    "obbs": "N 8\n-0.0018125 0.208973 -0.197758 1 0 0 0 1 0 0 0 1 0.791953 0.316565 0.261162\n0.359628 0.196325 0.0748394 -0.421681 -0.905482 0.0478226 0.900291 -0.424378 -0.0968507 0.107991 0.00221417 0.994149 0.354578 0.0718251 0.35331\n-0.363834 0.191668 0.0528605 0.09516 0.0691129 -0.99306 0.891271 0.438405 0.115917 0.443374 -0.896116 -0.0198797 0.390499 0.0759048 0.366248\n0.004548 -0.0106055 0.0856335 1 0 0 0 1 0 0 0 1 0.58656 0.163603 0.323655\n0.308776 -0.433756 -0.0945817 0.857907 0.322366 -0.400096 0.440101 -0.0591925 0.895995 0.265156 -0.944763 -0.192655 0.145489 0.0257572 0.855851\n0.346737 -0.429871 0.259306 -0.851358 -0.343879 -0.396152 -0.439969 0.0568056 0.896214 -0.285686 0.937294 -0.199658 0.144514 0.0257004 0.856221\n-0.323051 -0.433927 -0.101082 0.267613 0.944223 0.1919 -0.438454 -0.0580103 0.89688 0.857987 -0.324156 0.398474 0.855663 0.0257567 0.145295\n-0.361506 -0.429901 0.265371 0.848909 -0.347034 -0.398648 0.442992 0.0557675 0.89479 -0.288291 -0.936193 0.201075 0.144588 0.0257321 0.856444\nC 19\n0 1\n0 7\n0 6\n0 5\n0 4\n0 3\n0 2\n1 3\n1 4\n1 5\n2 7\n2 6\n2 3\n3 6\n3 7\n3 4\n3 5\n4 5\n6 7\nS 3\n2\n1 0.359628 0.196325 0.0748394\n2 -0.363834 0.191668 0.0528605\n2\n-0.00210329 0.193996 0.0638499\n-0.999518 -0.00643352 -0.0303654\n2\n4 0.308776 -0.433756 -0.0945817\n6 -0.323051 -0.433927 -0.101082\n2\n-0.00713728 -0.433842 -0.0978317\n-0.999947 -0.000269981 -0.0102872\n2\n5 0.346737 -0.429871 0.259306\n7 -0.361506 -0.429901 0.265371\n2\n-0.00738476 -0.429886 0.262338\n-0.999963 -4.16519e-05 0.00856293\nL 8\n0\n3\n3\n1\n2\n2\n2\n2"
}