{
    "boxes": [
        [
            -0.030834399163722992,
            -0.22898000478744507,
            0.14728200435638428,
            0.4458320140838623,
            0.7048239707946777,
            0.7233200073242188,
            0.05334620177745819,
            0.9748989939689636,
            -0.21616199612617493,
            -0.20190100371837616,
            0.22253000736236572,
            0.9537910223007202
        ],
        [
            0.3478870093822479,
            -0.20837299525737762,
            0.14050699770450592,
            0.19737400114536285,
            0.19737400114536285,
            0.020089099183678627,
            -0.02364340052008629,
            0.9939950108528137,
            0.10683999955654144,
            -0.21140700578689575,
            -0.10942400246858597,
            0.971252977848053
        ],
        [
            -0.3714820146560669,
            -0.20836199820041656,
            -0.016467800363898277,
            0.19734600186347961,
            0.19734600186347961,
            0.020003600046038628,
            -0.12584899365901947,
            0.8053650259971619,
            0.5792660117149353,
            -0.17303599417209625,
            -0.5927780270576477,
            0.7865579724311829
        ],
        [
            -0.4139710068702698,
            -0.02501939982175827,
            0.10618399828672409,
            0.5060709714889526,
            0.057719700038433075,
            0.02331010065972805,
            -0.09891989827156067,
            0.8178949952125549,
            0.5667999982833862,
            -0.1661369949579239,
            -0.575173020362854,
            0.8009840250015259
        ],
        [
            -0.430867999792099,
            0.17276699841022491,
            0.2201090008020401,
            0.034475501626729965,
            0.43001601099967957,
            0.09034939855337143,
            -0.10948900133371353,
            0.989342987537384,
            0.09598340094089508,
            -0.20149199664592743,
            -0.11665000021457672,
            0.9725189805030823
        ],
        [
            -0.03690110146999359,
            -0.5740180015563965,
            0.17383800446987152,
            0.4770370125770569,
            0.13984699547290802,
            0.058726198971271515,
            0.07955440133810043,
            0.956866979598999,
            -0.27942100167274475,
            -0.2658489942550659,
            0.2905229926109314,
            0.9191960096359253
        ],
        [
            -0.01126100029796362,
            -0.8167009949684143,
            0.059079401195049286,
            0.09162849932909012,
            0.6326799988746643,
            0.3169209957122803,
            -0.0020588699262589216,
            0.9999799728393555,
            -0.006041740067303181,
            -0.2079170048236847,
            0.005481650121510029,
            0.9781309962272644
        ],
        [
            0.035307299345731735,
            0.31225699186325073,
            -0.15821300446987152,
            1.2318999767303467,
            0.4176729917526245,
            0.7331370115280151,
            0.004719130229204893,
            0.995913028717041,
            -0.09019889682531357,
            -0.2221830040216446,
            0.08898960053920746,
            0.9709349870681763
        ]
    ],
    "ops": [
        [
            0,
            0,
            0,
            0,
            0,
            1,
            2,
            1,
            1,
            1,
            0,
            0,
            1,
            1,
            0,
            1
        ]
    ],
    "syms": [
        [
            0.0,
            0.977931022644043,
            0.0025547000113874674,
            0.2089110016822815,
            -0.038887299597263336,
            -0.024039600044488907,
            0.1863120049238205,
            0.0
        ]
    ],
    "labels:": [
        [
            1,
            3,
            3,
            3,
            3,
            2,
            2,
            0
        ]
    ],
    "obj": 36843,
    "mat_index": 1768,
    "obbs": "N 10\n0.0353073 0.312257 -0.158213 -0.974994 -0.0154587 -0.221695 -0.222183 0.0889896 0.970935 0.00471913 0.995913 -0.0901989 0.733137 0.417673 1.2319\n-0.371482 -0.208362 -0.0164678 0.125849 -0.805365 -0.579266 0.976842 -0.00124619 0.213958 -0.173036 -0.592778 0.786558 0.197346 0.0200036 0.197346\n0.347887 -0.208373 0.140507 -0.0236434 0.993995 0.10684 0.977112 0.00037705 0.212725 0.211407 0.109424 -0.971253 0.197374 0.0200891 0.197374\n-0.0308344 -0.22898 0.147282 -0.977952 0.00723777 -0.208704 0.0533462 0.974899 -0.216162 0.201901 -0.22253 -0.953791 0.72332 0.445832 0.704824\n-0.0369011 -0.574018 0.173838 0.0795544 0.956867 -0.279421 0.960727 0.00115764 0.277495 0.265849 -0.290523 -0.919196 0.477037 0.0587262 0.139847\n-0.413971 -0.0250194 0.106184 0.0989199 -0.817895 -0.5668 0.981129 -0.014933 0.192779 -0.166137 -0.575173 0.800984 0.506071 0.0233101 0.0577197\n0.336196 -0.0230597 0.266439 0.173316 0.557669 -0.811767 0.974506 0.0221329 0.223267 0.142476 -0.829768 -0.539616 0.0594797 0.0232937 0.505582\n-0.430868 0.172767 0.220109 0.201492 0.11665 -0.972519 -0.109489 0.989343 0.0959834 0.973352 0.0871408 0.212116 0.430016 0.0344755 0.0903494\n0.303302 0.172679 0.380569 0.211313 0.118094 -0.970258 0.0572947 0.989471 0.132911 0.975738 -0.0836764 0.202322 0.430055 0.0346205 0.087765\n-0.011261 -0.816701 0.0590794 -0.978144 -0.00327003 -0.207902 -0.00205887 0.99998 -0.00604174 0.207917 -0.00548165 -0.978131 0.316921 0.0916285 0.63268\nC 20\n0 1\n0 7\n0 6\n0 5\n0 4\n0 3\n0 8\n0 2\n1 3\n1 5\n2 6\n2 3\n3 8\n3 6\n3 7\n3 4\n3 5\n4 9\n5 7\n6 8\nS 2\n2\n5 -0.413971 -0.0250194 0.106184\n6 0.336196 -0.0230597 0.266439\n2\n-0.0388873 -0.0240396 0.186312\n0.977931 0.0025547 0.208911\n2\n7 -0.430868 0.172767 0.220109\n8 0.303302 0.172679 0.380569\n2\n-0.063783 0.172723 0.300339\n0.976939 -0.000116896 0.213519\nL 10\n0\n3\n3\n1\n2\n3\n3\n3\n3\n2"
}