{
    "boxes": [
        [
            -0.010672999545931816,
            0.1734669953584671,
            0.008400499820709229,
            0.10395500063896179,
            0.775933027267456,
            0.7202240228652954,
            0.0,
            1.0,
            0.0,
            0.0,
            0.0,
            1.0
        ],
        [
            -0.29357901215553284,
            -0.3970229923725128,
            -0.09765060245990753,
            1.0521999597549438,
            0.10395500063896179,
            0.10345599800348282,
            0.09783419966697693,
            0.9952030181884766,
            -1.7922600363817764e-06,
            1.7922600363817764e-06,
            1.6247099665633868e-06,
            1.0
        ],
        [
            -0.29357901215553284,
            -0.3970229923725128,
            0.22213900089263916,
            1.0521999597549438,
            0.10395500063896179,
            0.10345599800348282,
            0.09783419966697693,
            0.9952030181884766,
            8.965399729277124e-07,
            -8.965399729277124e-07,
            -8.127270234581374e-07,
            1.0
        ],
        [
            -0.2426059991121292,
            0.4833270013332367,
            -0.14839200675487518,
            0.537693977355957,
            0.061199601739645004,
            0.062373001128435135,
            1.1173899583383218e-09,
            0.9811879992485046,
            -0.19305600225925446,
            1.3586699543211012e-09,
            0.19305600225925446,
            0.9811879992485046
        ],
        [
            -0.16529500484466553,
            0.4833270013332367,
            -0.19302800297737122,
            0.537693977355957,
            0.061199601739645004,
            0.062373001128435135,
            6.606280180676549e-07,
            0.9811879992485046,
            -0.19305600225925446,
            8.032779987843242e-07,
            0.19305600225925446,
            0.9811879992485046
        ],
        [
            -0.08798450231552124,
            0.4833270013332367,
            -0.23766300082206726,
            0.537693977355957,
            0.06120060011744499,
            0.062373001128435135,
            -1.6059099605669758e-09,
            0.9811879992485046,
            -0.19305600225925446,
            -1.9526800176805637e-09,
            0.19305600225925446,
            0.9811879992485046
        ],
        [
            -0.010672999545931816,
            0.7387250065803528,
            -0.23840700089931488,
            0.04418100044131279,
            0.21779200434684753,
            0.6612600088119507,
            -0.0,
            1.0,
            0.0,
            0.0,
            0.0,
            1.0
        ],
        [
            -0.010672999545931816,
            0.4833270013332367,
            -0.2822990119457245,
            0.537693977355957,
            0.061199601739645004,
            0.06237399950623512,
            2.2204500197172533e-16,
            0.9811879992485046,
            -0.19305600225925446,
            0.0,
            0.19305600225925446,
            0.9811879992485046
        ]
    ],
    "ops": [
        [
            0,
            0,
            0,
            1,
            2,
            1,
            0,
            0,
            1,
            2,
            0,
            2,
            0,
            0,
            1,
            1,
            1,
            1
        ]
    ],
    "syms": [
        [
            0.0,
            1.0,
            4.554630006481375e-10,
            -2.979789996970794e-06,
            -0.007846999913454056,
            -0.3970229923725128,
            -0.0976513996720314,
            0.0
        ],
        [
            0.0,
            1.0,
            2.393409912381845e-16,
            -5.983520148743183e-17,
            -0.010672999545931816,
            0.4833270013332367,
            -0.14839200675487518,
            0.0
        ],
        [
            0.0,
            1.0,
            9.334249715666713e-15,
            5.2056400300939075e-15,
            -0.010672999545931816,
            0.4833270013332367,
            -0.23766300082206726,
            0.0
        ]
    ],
    "labels:": [
        [
            1,
            2,
            2,
            0,
            0,
            0,
            0,
            0
        ]
    ],
    "obj": 36851,
    "mat_index": 1774,
    "obbs": "N 13\n-0.010673 0.738725 -0.238407 1 0 -0 -0 1 0 0 0 1 0.66126 0.044181 0.217792\n-0.010673 0.173467 0.0084005 1 0 0 0 1 0 0 0 1 0.720224 0.103955 0.775933\n0.22126 0.483327 -0.148392 1 1.35866e-09 1.11739e-09 -1.35866e-09 0.193056 0.981188 1.11739e-09 -0.981188 0.193056 0.062373 0.0611996 0.537694\n0.143949 0.483327 -0.193028 -6.60628e-07 0.981188 -0.193056 -8.03278e-07 0.193056 0.981188 1 8.03278e-07 6.60628e-07 0.537694 0.0611996 0.062373\n0.0666385 0.483327 -0.237663 1 -7.64115e-10 -6.2842e-10 7.64115e-10 0.193056 0.981188 -6.2842e-10 -0.981188 0.193056 0.062373 0.0612006 0.537694\n-0.010673 0.483327 -0.282299 2.22045e-16 0.981188 -0.193056 0 0.193056 0.981188 1 -2.17867e-16 4.28671e-17 0.537694 0.0611996 0.062374\n-0.0879845 0.483327 -0.237663 1 1.95268e-09 1.60591e-09 -1.95268e-09 0.193056 0.981188 1.60591e-09 -0.981188 0.193056 0.062373 0.0612006 0.537694\n-0.165295 0.483327 -0.193028 1 -8.03278e-07 -6.60628e-07 8.03278e-07 0.193056 0.981188 -6.60628e-07 -0.981188 0.193056 0.062373 0.0611996 0.537694\n-0.242606 0.483327 -0.148392 1 -1.35867e-09 -1.11739e-09 1.35867e-09 0.193056 0.981188 -1.11739e-09 -0.981188 0.193056 0.062373 0.0611996 0.537694\n0.277885 -0.397023 -0.0976523 0.0978342 -0.995203 -1.47607e-06 0.995203 0.0978342 1.6283e-06 -1.47607e-06 -1.6283e-06 1 1.0522 0.103456 0.103955\n0.277885 -0.397023 0.22214 0.0978342 -0.995203 7.37793e-07 0.995203 0.0978342 -8.13879e-07 7.37793e-07 8.13879e-07 1 1.0522 0.103456 0.103955\n-0.293579 -0.397023 -0.0976506 -0.0978342 -0.995203 1.79226e-06 0.995203 -0.0978342 -1.62471e-06 1.79226e-06 1.62471e-06 1 1.0522 0.103456 0.103955\n-0.293579 -0.397023 0.222139 -0.0978342 -0.995203 -8.9654e-07 0.995203 -0.0978342 8.12727e-07 -8.9654e-07 -8.12727e-07 1 1.0522 0.103456 0.103955\nC 43\n0 2\n0 7\n0 3\n0 4\n0 5\n0 8\n0 6\n1 3\n1 6\n1 11\n1 2\n1 5\n1 10\n1 4\n1 9\n1 12\n1 8\n1 7\n2 5\n2 9\n2 3\n2 4\n3 6\n3 9\n3 5\n3 4\n4 7\n4 9\n4 5\n4 6\n5 9\n5 6\n5 8\n5 11\n5 7\n6 7\n6 11\n6 8\n7 11\n7 8\n8 11\n9 10\n11 12\nS 5\n2\n8 -0.242606 0.483327 -0.148392\n2 0.22126 0.483327 -0.148392\n2\n-0.010673 0.483327 -0.148392\n1 2.39341e-16 -5.98352e-17\n2\n7 -0.165295 0.483327 -0.193028\n3 0.143949 0.483327 -0.193028\n2\n-0.010673 0.483327 -0.193028\n1 -3.59011e-16 -2.69258e-16\n2\n6 -0.0879845 0.483327 -0.237663\n4 0.0666385 0.483327 -0.237663\n2\n-0.010673 0.483327 -0.237663\n1 9.33425e-15 5.20564e-15\n2\n9 0.277885 -0.397023 -0.0976523\n11 -0.293579 -0.397023 -0.0976506\n2\n-0.007847 -0.397023 -0.0976514\n-1 -4.55463e-10 2.97979e-06\n2\n10 0.277885 -0.397023 0.22214\n12 -0.293579 -0.397023 0.222139\n2\n-0.007847 -0.397023 0.222139\n-1 -4.57143e-10 -1.49005e-06\nL 13\n0\n1\n0\n0\n0\n0\n0\n0\n0\n2\n2\n2\n2"
}