{
    "boxes": [
        [
            -0.007017499767243862,
            -0.2450210005044937,
            0.14349299669265747,
            0.3792229890823364,
            0.9525690078735352,
            0.7517650127410889,
            0.0,
            1.0,
            0.0,
            0.0,
            0.0,
            1.0
        ],
        [
            -0.409280002117157,
            0.13650000095367432,
            0.04214939847588539,
            1.1813900470733643,
            0.7589190006256104,
            0.22746899724006653,
            -0.08657950162887573,
            0.9949020147323608,
            -0.05171860009431839,
            0.05171860009431839,
            0.05633210018277168,
            0.9970719814300537
        ],
        [
            -0.34479498863220215,
            -0.5715000033378601,
            0.5624079704284668,
            0.2934750020503998,
            0.08171799778938293,
            0.07718399912118912,
            0.0,
            1.0,
            0.0,
            0.0,
            0.0,
            1.0
        ],
        [
            -0.30654698610305786,
            -0.571416974067688,
            -0.22204099595546722,
            0.2962479889392853,
            0.07700859755277634,
            0.0694304034113884,
            0.013733900152146816,
            0.9993849992752075,
            0.03226349875330925,
            0.0710735023021698,
            -0.03316060081124306,
            0.9969199895858765
        ],
        [
            -0.010272500105202198,
            0.14561399817466736,
            -0.21798500418663025,
            1.1543699502944946,
            0.5245000123977661,
            1.144469976425171,
            0.0,
            1.0,
            0.0,
            0.0,
            0.0,
            1.0
        ]
    ],
    "ops": [
        [
            0,
            0,
            2,
            1,
            0,
            0,
            1,
            2,
            1,
            0,
            1
        ]
    ],
    "syms": [
        [
            0.0,
            0.9999759793281555,
            0.0021189700346440077,
            0.0065653398633003235,
            -0.012528300285339355,
            0.1373409926891327,
            0.04475419968366623,
            0.0
        ],
        [
            0.0,
            0.9999549984931946,
            -0.0,
            0.009483509697020054,
            -0.01389320008456707,
            -0.5715000033378601,
            0.5655459761619568,
            0.0
        ]
    ],
    "labels:": [
        [
            1,
            3,
            2,
            2,
            0
        ]
    ],
    "obj": 2326,
    "mat_index": 178,
    "obbs": "N 8\n-0.0102725 0.145614 -0.217985 1 0 0 0 1 0 0 0 1 1.14447 1.15437 0.5245\n0.384224 0.138181 0.0473591 0.064269 -0.0848534 -0.994319 0.99381 -0.0850355 0.0714929 -0.0906188 -0.992758 0.078863 0.742447 0.238137 1.19628\n-0.40928 0.1365 0.0421494 0.0865795 -0.994902 0.0517186 0.994902 0.0836511 -0.0563321 0.0517186 0.0563321 0.997072 1.18139 0.227469 0.758919\n-0.0070175 -0.245021 0.143493 1 0 0 0 1 0 0 0 1 0.751765 0.379223 0.952569\n0.317009 -0.5715 0.568685 1 0 0 0 1 0 0 0 1 0.075897 0.293475 0.081271\n0.292374 -0.571371 -0.218114 -0.00594614 0.998786 0.048903 0.966814 -0.00674879 0.255392 0.255412 0.0487987 -0.9656 0.297098 0.0643403 0.0718154\n-0.306547 -0.571417 -0.222041 -0.0137339 -0.999385 -0.0322635 0.997377 -0.0113985 -0.0714852 0.0710735 -0.0331606 0.99692 0.296248 0.0694304 0.0770086\n-0.344795 -0.5715 0.562408 1 0 0 0 1 0 0 0 1 0.077184 0.293475 0.081718\nC 15\n0 1\n0 6\n0 5\n0 3\n0 2\n1 3\n1 4\n1 5\n2 7\n2 6\n2 3\n3 6\n3 7\n3 4\n3 5\nS 3\n2\n1 0.384224 0.138181 0.0473591\n2 -0.40928 0.1365 0.0421494\n2\n-0.0125283 0.137341 0.0447542\n-0.999976 -0.00211897 -0.00656534\n2\n4 0.317009 -0.5715 0.568685\n7 -0.344795 -0.5715 0.562408\n2\n-0.0138932 -0.5715 0.565546\n-0.999955 0 -0.00948351\n2\n5 0.292374 -0.571371 -0.218114\n6 -0.306547 -0.571417 -0.222041\n2\n-0.00708672 -0.571394 -0.220077\n-0.999978 -7.66034e-05 -0.00655697\nL 8\n0\n3\n3\n1\n2\n2\n2\n2"
}