{
    "boxes": [
        [
            -0.0008136039832606912,
            -0.07413069903850555,
            0.15104199945926666,
            0.13604199886322021,
            0.8076919913291931,
            0.858178973197937,
            0.0006477709976024926,
            0.999239981174469,
            -0.03898229822516441,
            1.2630600394913927e-05,
            0.03898229822516441,
            0.999239981174469
        ],
        [
            -0.49216100573539734,
            0.08809850364923477,
            0.07990249991416931,
            0.4373230040073395,
            0.68265300989151,
            0.11909499764442444,
            0.0,
            1.0,
            0.0,
            0.0,
            0.0,
            1.0
        ],
        [
            0.10634300112724304,
            -0.16929200291633606,
            0.13396300375461578,
            0.01185929961502552,
            0.013980699703097343,
            0.18147699534893036,
            0.17393900454044342,
            0.9841560125350952,
            -0.03437329828739166,
            0.003013289999216795,
            0.03437329828739166,
            0.999405026435852
        ],
        [
            -0.01201349962502718,
            -0.4398899972438812,
            0.1342339962720871,
            0.5124750137329102,
            0.1682630032300949,
            0.1682630032300949,
            0.0,
            1.0,
            0.0,
            0.0,
            0.0,
            1.0
        ],
        [
            0.2622610032558441,
            -0.19365499913692474,
            0.13485300540924072,
            0.02200230024755001,
            0.059006400406360626,
            0.13529199361801147,
            0.12809300422668457,
            0.9911640286445618,
            -0.034443099051713943,
            0.0022157400380820036,
            0.034443099051713943,
            0.9994040131568909
        ],
        [
            -0.010587000288069248,
            -0.6490139961242676,
            -0.15181300044059753,
            0.06690700352191925,
            0.5720940232276917,
            0.11167799681425095,
            0.0,
            1.0,
            0.0,
            0.0,
            0.0,
            1.0
        ],
        [
            -0.04201300069689751,
            -0.7201039791107178,
            -0.38865700364112854,
            0.09015060216188431,
            0.09195619821548462,
            0.15958499908447266,
            -0.1920280009508133,
            0.9804009795188904,
            0.04404440149664879,
            0.2581250071525574,
            0.007156809791922569,
            0.9660850167274475
        ],
        [
            -0.0019175000488758087,
            0.31345799565315247,
            -0.23731400072574615,
            0.9135609865188599,
            0.2220889925956726,
            0.841314971446991,
            0.0,
            1.0,
            0.0,
            0.0,
            0.0,
            1.0
        ],
        [
            -0.0019175000488758087,
            0.31605300307273865,
            -0.25652000308036804,
            0.9127479791641235,
            0.1938450038433075,
            0.8482670187950134,
            0.0,
            1.0,
            0.0,
            0.0,
            0.0,
            1.0
        ]
    ],
    "ops": [
        [
            0,
            0,
            2,
            1,
            0,
            0,
            0,
            1,
            1,
            0,
            0,
            1,
            2,
            1,
            1,
            0,
            0,
            1,
            1
        ]
    ],
    "syms": [
        [
            0.0,
            1.0,
            -0.0,
            -0.0,
            -0.004197999835014343,
            0.08809850364923477,
            0.07990249991416931,
            0.0
        ],
        [
            -1.0,
            0.0007154929917305708,
            0.9999840259552002,
            0.005538550205528736,
            -0.010101299732923508,
            -0.653249979019165,
            0.13432900607585907,
            0.20000000298023224
        ]
    ],
    "labels:": [
        [
            1,
            3,
            2,
            2,
            2,
            2,
            2,
            0,
            0
        ]
    ],
    "obj": 36895,
    "mat_index": 1800,
    "obbs": "N 18\n-0.0019175 0.313458 -0.237314 1 0 0 0 1 0 0 0 1 0.841315 0.913561 0.222089\n0.483765 0.0880985 0.0799025 1 0 0 0 1 0 0 0 1 0.119095 0.437323 0.682653\n-0.492161 0.0880985 0.0799025 1 0 0 0 1 0 0 0 1 0.119095 0.437323 0.682653\n-0.0120135 -0.43989 0.134234 1 0 0 0 1 0 0 0 1 0.168263 0.512475 0.168263\n0.262261 -0.193655 0.134853 0.99176 -0.128093 0.00221574 0.128093 0.991164 -0.0344431 0.00221574 0.0344431 0.999404 0.135292 0.0220023 0.0590064\n-0.010587 -0.649014 -0.151813 1 0 0 0 1 0 0 0 1 0.111678 0.066907 0.572094\n0.261663 -0.655077 0.045085 0.95101 -0.0174908 -0.308665 0.00531307 0.999176 -0.0402494 0.309114 0.0366376 0.950319 0.574394 0.0688926 0.112135\n0.157652 -0.653842 0.365709 -0.587649 0.0159277 -0.808959 0.0171069 0.999827 0.00725886 0.808935 -0.00957315 -0.58782 0.573553 0.0674306 0.111783\n-0.178949 -0.653603 0.36574 0.587714 0.0159753 -0.808911 -0.0088961 0.999872 0.0132831 0.80902 -0.000610539 0.587781 0.573554 0.0669315 0.1116\n-0.280286 -0.654715 0.0469255 0.30886 0.0142522 -0.951001 -0.0219902 0.999727 0.00784061 0.950853 0.018491 0.309089 0.111728 0.0676837 0.574451\n-0.000813604 -0.0741307 0.151042 1 -0.000647771 1.26306e-05 0.000647771 0.99924 -0.0389823 1.26306e-05 0.0389823 0.99924 0.858179 0.136042 0.807692\n-0.293284 -0.719952 0.575481 0.355834 -0.0246497 -0.934224 0.203273 0.97776 0.0516259 0.912174 -0.208273 0.352931 0.0919426 0.091064 0.159528\n-0.516999 -0.724802 0.0072155 1 0 0 0 1 0 0 0 1 0.092102 0.088922 0.154427\n-0.042013 -0.720104 -0.388657 -0.258125 -0.00715681 -0.966085 -0.192028 0.980401 0.0440444 0.946835 0.196884 -0.25444 0.0919562 0.0901506 0.159585\n0.478046 -0.72034 -0.0572655 0.839712 -0.023896 -0.542506 -0.0863089 0.980459 -0.176779 0.536129 0.195267 0.821241 0.0920696 0.0908165 0.159011\n0.322762 -0.719964 0.538774 0.616437 -0.207272 -0.759634 0.122961 0.978236 -0.167138 0.777744 0.00962418 0.628507 0.159251 0.0901806 0.0920702\n0.106343 -0.169292 0.133963 -0.00301329 -0.0343733 -0.999405 0.173939 0.984156 -0.0343733 0.984752 -0.173939 0.00301329 0.0139807 0.0118593 0.181477\n-0.0019175 0.316053 -0.25652 1 0 0 0 1 0 0 0 1 0.848267 0.912748 0.193845\nC 39\n0 10\n0 3\n0 17\n0 4\n0 1\n0 2\n1 17\n1 16\n1 10\n1 4\n2 10\n2 17\n3 7\n3 17\n3 6\n3 16\n3 9\n3 5\n3 8\n3 4\n4 10\n4 16\n5 9\n5 6\n5 13\n5 8\n5 7\n6 9\n6 14\n6 7\n6 8\n7 15\n7 8\n7 9\n8 9\n8 11\n9 12\n10 17\n10 16\nS 3\n2\n1 0.483765 0.0880985 0.0799025\n2 -0.492161 0.0880985 0.0799025\n2\n-0.004198 0.0880985 0.0799025\n-1 0 0\n5\n8 -0.178949 -0.653603 0.36574\n9 -0.280286 -0.654715 0.0469255\n5 -0.010587 -0.649014 -0.151813\n6 0.261663 -0.655077 0.045085\n7 0.157652 -0.653842 0.365709\n3\n-0.0101013 -0.65325 0.134329\n-0.000715493 -0.999984 -0.00553855\n5\n13 -0.042013 -0.720104 -0.388657\n12 -0.516999 -0.724802 0.0072155\n11 -0.293284 -0.719952 0.575481\n15 0.322762 -0.719964 0.538774\n14 0.478046 -0.72034 -0.0572655\n3\n-0.0102976 -0.721032 0.13511\n0.00330876 -0.999994 0.00115218\nL 18\n0\n3\n3\n2\n2\n2\n2\n2\n2\n2\n1\n2\n2\n2\n2\n2\n2\n0"
}