{
    "boxes": [
        [
            -0.01167100016027689,
            -0.07308050245046616,
            0.19776999950408936,
            0.12443900108337402,
            0.7065799832344055,
            0.8257439732551575,
            0.0,
            1.0,
            0.0,
            0.0,
            0.0,
            1.0
        ],
        [
            -0.4618940055370331,
            0.2666989862918854,
            0.07151710242033005,
            0.029139500111341476,
            0.40659299492836,
            0.1484609991312027,
            0.006579489912837744,
            0.9998419880867004,
            0.0165071003139019,
            -0.10458000004291534,
            -0.015728900209069252,
            0.9943919777870178
        ],
        [
            -0.4209330081939697,
            0.07753489911556244,
            -0.09913689643144608,
            0.35777199268341064,
            0.049915801733732224,
            0.04097890108823776,
            0.05994759872555733,
            0.9968810081481934,
            0.05132009834051132,
            -0.002123109996318817,
            -0.05128509923815727,
            0.9986820220947266
        ],
        [
            -0.4275430142879486,
            -0.3086560070514679,
            -0.1652899980545044,
            1.1438299417495728,
            0.07779470086097717,
            0.03955420106649399,
            0.020227300003170967,
            0.9867540001869202,
            0.1609559953212738,
            -0.2591080069541931,
            -0.15031500160694122,
            0.9540799856185913
        ],
        [
            0.40174400806427,
            -0.47549399733543396,
            0.4383229911327362,
            0.8166210055351257,
            0.0396994985640049,
            0.04679400101304054,
            -0.06511610001325607,
            0.9756190180778503,
            -0.20959000289440155,
            -0.38805899024009705,
            0.1687459945678711,
            0.9060549736022949
        ],
        [
            -0.43158599734306335,
            -0.47256898880004883,
            0.4364109933376312,
            0.8219950199127197,
            0.03346940129995346,
            0.0616489015519619,
            0.09993290156126022,
            0.9725109934806824,
            -0.21032500267028809,
            0.058986298739910126,
            0.2052209973335266,
            0.9769359827041626
        ],
        [
            -0.012683900073170662,
            0.2258560061454773,
            -0.2302190065383911,
            0.6515129804611206,
            0.10837099701166153,
            0.7555950284004211,
            0.0038265699986368418,
            0.9526169896125793,
            -0.30414798855781555,
            0.005238549783825874,
            0.3041270077228546,
            0.9526169896125793
        ]
    ],
    "ops": [
        [
            0,
            0,
            0,
            1,
            2,
            1,
            0,
            2,
            0,
            0,
            1,
            1,
            1,
            0,
            1
        ]
    ],
    "syms": [
        [
            0.0,
            1.0,
            -1.1858599657799118e-09,
            -3.4050000232571653e-12,
            -0.012808299623429775,
            0.2666989862918854,
            0.07151710242033005,
            0.0
        ],
        [
            0.0,
            0.9999949932098389,
            0.00042438198579475284,
            -0.0031141899526119232,
            -0.01332509983330965,
            -0.30847999453544617,
            -0.16658000648021698,
            0.0
        ]
    ],
    "labels:": [
        [
            1,
            3,
            3,
            2,
            2,
            2,
            0
        ]
    ],
    "obj": 36896,
    "mat_index": 1801,
    "obbs": "N 10\n-0.0126839 0.225856 -0.230219 0.999979 -0.00523855 -0.00382657 0.00523855 0.304127 0.952617 -0.00382657 -0.952617 0.304148 0.755595 0.108371 0.651513\n0.436278 0.266699 0.0715171 0.994495 0.00826898 -0.10446 -0.00657956 0.999842 0.0165071 0.10458 -0.0157289 0.994392 0.14846 0.0291395 0.406593\n-0.461894 0.266699 0.0715171 -0.994495 0.00826891 -0.10446 0.00657949 0.999842 0.0165071 0.10458 0.0157289 -0.994392 0.148461 0.0291395 0.406593\n-0.011671 -0.0730805 0.19777 1 0 0 0 1 0 0 0 1 0.825744 0.124439 0.70658\n0.401744 -0.475494 0.438323 -0.0651161 0.975619 -0.20959 -0.388059 0.168746 0.906055 0.919331 0.140332 0.36761 0.816621 0.0396995 0.046794\n0.400893 -0.308305 -0.16787 0.0183134 -0.985806 -0.166887 0.977445 0.0527761 -0.204489 0.210394 -0.159378 0.964538 1.14376 0.037798 0.0813639\n-0.427543 -0.308656 -0.16529 0.0202273 0.986754 0.160956 0.965636 -0.0610036 0.252636 0.259108 0.150315 -0.95408 1.14383 0.0395542 0.0777947\n-0.431586 -0.472569 0.436411 0.0999329 0.972511 -0.210325 0.0589863 0.205221 0.976936 0.993244 -0.110034 -0.0368565 0.821995 0.0334694 0.0616489\n0.395295 0.0773707 -0.0991817 0.0565953 -0.997201 -0.0488671 0.996478 0.0594522 -0.0591361 0.0618758 -0.0453482 0.997053 0.358265 0.0401386 0.0489907\n-0.420933 0.0775349 -0.0991369 0.00212311 0.0512851 -0.998682 0.998199 -0.0599775 -0.000957931 -0.0599476 -0.996881 -0.0513201 0.0499158 0.0409789 0.357772\nC 19\n0 1\n0 6\n0 5\n0 9\n0 3\n0 8\n0 2\n1 5\n1 8\n2 6\n2 9\n3 8\n3 9\n3 6\n3 7\n3 4\n3 5\n5 8\n6 9\nS 3\n2\n1 0.436278 0.266699 0.0715171\n2 -0.461894 0.266699 0.0715171\n2\n-0.0128083 0.266699 0.0715171\n-1 1.18586e-09 3.405e-12\n2\n5 0.400893 -0.308305 -0.16787\n6 -0.427543 -0.308656 -0.16529\n2\n-0.0133251 -0.30848 -0.16658\n-0.999995 -0.000424382 0.00311419\n2\n8 0.395295 0.0773707 -0.0991817\n9 -0.420933 0.0775349 -0.0991369\n2\n-0.0128186 0.0774528 -0.0991593\n-1 0.000201154 5.49472e-05\nL 10\n0\n3\n3\n1\n2\n2\n2\n2\n3\n3"
}