{
    "boxes": [
        [
            0.00480354018509388,
            -0.0753697007894516,
            0.25895100831985474,
            0.20882700383663177,
            0.6716539859771729,
            1.1374599933624268,
            -0.0036040099803358316,
            0.9944620132446289,
            -0.10503000020980835,
            -0.00018979099695570767,
            0.10503000020980835,
            0.9944689869880676
        ],
        [
            -0.5327709913253784,
            -0.49647098779678345,
            0.2884649932384491,
            0.10612600296735764,
            0.6664209961891174,
            0.080663301050663,
            -0.3502269983291626,
            0.9009990096092224,
            0.2560099959373474,
            -0.0018581199692562222,
            -0.2739889919757843,
            0.9617310166358948
        ],
        [
            0.5405120253562927,
            -0.49887800216674805,
            0.28766998648643494,
            0.09852699935436249,
            0.6671990156173706,
            0.07225090265274048,
            -0.26712098717689514,
            0.9250680208206177,
            0.269991010427475,
            -0.012983700260519981,
            -0.28360098600387573,
            0.9588540196418762
        ],
        [
            -0.5318779945373535,
            -0.38981500267982483,
            -0.074229396879673,
            0.09375909715890884,
            0.8516550064086914,
            0.06649719923734665,
            -0.016737600788474083,
            0.8366159796714783,
            -0.5475350022315979,
            -0.0067433700896799564,
            0.5475040078163147,
            0.8367760181427002
        ],
        [
            -0.5310090184211731,
            0.050906501710414886,
            -0.29016000032424927,
            0.944769024848938,
            0.13454100489616394,
            0.06939200311899185,
            0.007257089950144291,
            0.9059979915618896,
            -0.4232200086116791,
            -0.03439649939537048,
            0.42320701479911804,
            0.9053800106048584
        ],
        [
            0.004658999852836132,
            0.1895110011100769,
            -0.25739699602127075,
            0.6675710082054138,
            0.13639900088310242,
            1.1371599435806274,
            1.5764900496151313e-09,
            0.9532650113105774,
            -0.30213698744773865,
            2.153450084918518e-09,
            0.30213698744773865,
            0.9532650113105774
        ],
        [
            0.004658500198274851,
            0.464464008808136,
            -0.44703200459480286,
            0.061259400099515915,
            0.020823899656534195,
            1.014490008354187,
            -0.0,
            0.9950100183486938,
            -0.09977830201387405,
            0.0,
            0.09977830201387405,
            0.9950100183486938
        ]
    ],
    "ops": [
        [
            0,
            0,
            0,
            0,
            2,
            1,
            1,
            1,
            0,
            2,
            0,
            0,
            1,
            1,
            1
        ]
    ],
    "syms": [
        [
            0.0,
            0.9999549984931946,
            -0.00882359966635704,
            -0.003379190107807517,
            0.005040780175477266,
            -0.394553005695343,
            -0.07604379951953888,
            0.0
        ],
        [
            0.0,
            0.9999939799308777,
            -0.0034868200309574604,
            0.0005993479862809181,
            0.0060196202248334885,
            0.04903389886021614,
            -0.2898379862308502,
            0.0
        ]
    ],
    "labels:": [
        [
            1,
            2,
            2,
            2,
            0,
            0,
            0
        ]
    ],
    "obj": 36946,
    "mat_index": 1828,
    "obbs": "N 9\n0.004659 0.189511 -0.257397 1 -2.15345e-09 -1.57649e-09 2.15345e-09 0.302137 0.953265 -1.57649e-09 -0.953265 0.302137 1.13716 0.136399 0.667571\n0.0046585 0.464464 -0.447032 1 0 0 0 0.0997783 0.99501 0 -0.99501 0.0997783 1.01449 0.0208239 0.0612594\n0.00480354 -0.0753697 0.258951 0.999993 0.00360401 -0.000189791 -0.00360401 0.994462 -0.10503 -0.000189791 0.10503 0.994469 1.13746 0.208827 0.671654\n0.543048 0.0471614 -0.289516 0.0101019 0.892892 -0.450158 0.998236 0.0173365 0.0567882 0.0585099 -0.449938 -0.891141 0.949469 0.0722835 0.13543\n-0.531009 0.0509065 -0.29016 0.0343965 -0.423207 -0.90538 0.999382 0.00798687 0.0342345 -0.00725709 -0.905998 0.42322 0.134541 0.069392 0.944769\n0.541959 -0.399291 -0.0778582 0.0046361 -0.515403 -0.856935 0.999053 0.0394675 -0.0183327 0.0432698 -0.856039 0.515098 0.837276 0.0670237 0.0942297\n0.540512 -0.498878 0.28767 -0.963576 -0.252625 -0.0877666 -0.267121 0.925068 0.269991 0.0129837 0.283601 -0.958854 0.0722509 0.098527 0.667199\n-0.531878 -0.389815 -0.0742294 0.00674337 -0.547504 -0.836776 0.999837 0.0176978 -0.00352228 0.0167376 -0.836616 0.547535 0.851655 0.0664972 0.0937591\n-0.532771 -0.496471 0.288465 0.00185812 0.273989 -0.961731 -0.350227 0.900999 0.25601 0.936663 0.336349 0.0976325 0.666421 0.106126 0.0806633\nC 20\n0 1\n0 7\n0 4\n0 5\n0 3\n0 2\n1 3\n1 4\n2 7\n2 6\n2 8\n2 4\n2 3\n2 5\n3 6\n3 5\n4 7\n4 8\n5 6\n7 8\nS 2\n2\n3 0.543048 0.0471614 -0.289516\n4 -0.531009 0.0509065 -0.29016\n2\n0.00601962 0.0490339 -0.289838\n-0.999994 0.00348682 -0.000599348\n2\n5 0.541959 -0.399291 -0.0778582\n7 -0.531878 -0.389815 -0.0742294\n2\n0.00504078 -0.394553 -0.0760438\n-0.999955 0.0088236 0.00337919\nL 9\n0\n0\n1\n0\n0\n2\n2\n2\n2"
}