{
    "boxes": [
        [
            -0.0006569719989784062,
            -0.3153510093688965,
            0.44040998816490173,
            0.25748899579048157,
            0.5779410004615784,
            0.5649480223655701,
            -0.0035585500299930573,
            0.9721649885177612,
            -0.23426899313926697,
            -0.000422712997533381,
            0.23426899313926697,
            0.9721720218658447
        ],
        [
            -0.0002629999944474548,
            -0.36009401082992554,
            0.04940799996256828,
            0.08140309900045395,
            0.032864999026060104,
            0.5646920204162598,
            -0.0,
            0.7297400236129761,
            -0.6837249994277954,
            -0.0,
            0.6837249994277954,
            0.7297400236129761
        ],
        [
            0.23654299974441528,
            -0.5091720223426819,
            -0.06593800336122513,
            0.11130700260400772,
            0.6435819864273071,
            0.034837301820516586,
            -0.005867439787834883,
            0.9110910296440125,
            -0.41216298937797546,
            0.003906650003045797,
            0.41218799352645874,
            0.9110910296440125
        ],
        [
            -0.26750001311302185,
            -0.49476298689842224,
            0.26728901267051697,
            0.42088401317596436,
            0.10585200041532516,
            0.037365399301052094,
            -0.0036146799102425575,
            0.7213979959487915,
            -0.6925110220909119,
            0.04032159969210625,
            0.6920580267906189,
            0.7207149863243103
        ],
        [
            -0.2674010097980499,
            0.2146189957857132,
            -0.22656600177288055,
            1.3613500595092773,
            0.1897449940443039,
            0.034497201442718506,
            -0.0002660040045157075,
            0.8610659837722778,
            -0.5084940195083618,
            0.011235699988901615,
            0.508463978767395,
            0.8610100150108337
        ],
        [
            -0.00026698200963437557,
            0.819275975227356,
            -0.4703260064125061,
            0.10100500285625458,
            0.030713599175214767,
            0.5647519826889038,
            -0.000531181984115392,
            0.9494979977607727,
            -0.3137730062007904,
            -0.000734969973564148,
            0.3137719929218292,
            0.9494979977607727
        ]
    ],
    "ops": [
        [
            0,
            0,
            0,
            0,
            1,
            2,
            1,
            1,
            0,
            2,
            0,
            2,
            1,
            1
        ]
    ],
    "syms": [
        [
            0.0,
            0.9997699856758118,
            -0.008946419693529606,
            -0.01951489970088005,
            -0.0003684510011225939,
            -0.5070520043373108,
            -0.061313699930906296,
            0.0
        ],
        [
            0.0,
            0.9999989867210388,
            -0.0009985159849748015,
            0.0003872849920298904,
            -0.00024475500686094165,
            0.21435199677944183,
            -0.2264620065689087,
            0.0
        ],
        [
            1.0,
            -0.00022941056522540748,
            0.7994207143783569,
            -0.4472455680370331,
            -0.00026698200963437557,
            0.819275975227356,
            -0.4703260064125061,
            0.125
        ]
    ],
    "labels:": [
        [
            1,
            2,
            2,
            2,
            0,
            0
        ]
    ],
    "obj": 36951,
    "mat_index": 1830,
    "obbs": "N 16\n-0.000263 -0.360094 0.049408 1 0 0 -0 0.683725 0.72974 0 -0.72974 0.683725 0.564692 0.032865 0.0814031\n0.236543 -0.509172 -0.065938 -0.00586744 0.911091 -0.412163 0.999975 0.0037356 -0.0059778 -0.00390665 -0.412188 -0.911091 0.111307 0.0348373 0.643582\n0.267054 -0.49523 0.271478 -0.0299537 -0.725714 -0.687344 0.999515 -0.0158715 -0.0268003 0.00854016 -0.687813 0.725838 0.102947 0.0376838 0.419599\n-0.23728 -0.504932 -0.0566893 -0.00683648 0.9122 -0.409689 0.999977 0.0060319 -0.00325618 -0.000499085 -0.409702 -0.912219 0.112139 0.0332426 0.664182\n-0.2675 -0.494763 0.267289 -0.00361468 0.721398 -0.692511 0.99918 -0.025318 -0.0315895 -0.0403216 -0.692058 -0.720715 0.420884 0.0373654 0.105852\n-0.000656972 -0.315351 0.44041 0.999994 0.00355855 -0.000422713 -0.00355855 0.972165 -0.234269 -0.000422713 0.234269 0.972172 0.564948 0.257489 0.577941\n0.266911 0.214085 -0.226359 -0.0279801 -0.475957 -0.879023 0.999608 -0.0128637 -0.0248532 0.00052159 -0.879374 0.476131 0.185868 0.0376363 1.36845\n-0.267401 0.214619 -0.226566 -0.000266004 0.861066 -0.508494 0.999937 -0.00548426 -0.00980995 -0.0112357 -0.508464 -0.86101 1.36135 0.0344972 0.189745\n-0.000263 0.138987 -0.161563 -0.000427889 0.849852 -0.527021 -0.000768834 0.52702 0.849852 1 0.000768834 0.000427889 0.0810312 0.0310598 0.564742\n-0.000263 0.230125 -0.21457 -0.000242526 0.874091 -0.485762 -0.00041224 0.485762 0.874091 1 0.00041224 0.000242526 0.0808711 0.0306838 0.56472\n-0.000263 0.32313 -0.26445 -0.000639722 0.887683 -0.460455 -0.0010525 0.460454 0.887683 0.999999 0.0010525 0.000639722 0.0811937 0.0313576 0.564765\n-0.000263 0.417679 -0.311617 -0.000476601 0.89801 -0.439975 -0.000764237 0.439974 0.89801 1 0.000764237 0.000476601 0.0810578 0.0310545 0.564746\n-0.000263 0.513694 -0.355279 -0.00064373 0.9136 -0.406614 -0.000991112 0.406613 0.9136 0.999999 0.000991112 0.00064373 0.0811852 0.0312926 0.564764\n-0.000263 0.610978 -0.39588 -0.000815019 0.929939 -0.367712 -0.00119869 0.367711 0.929939 0.999999 0.00119869 0.000815019 0.0813115 0.0315111 0.564782\n-0.000263 0.709882 -0.433005 -0.000492608 0.939228 -0.343293 -0.000704532 0.343293 0.939228 1 0.000704532 0.000492608 0.081055 0.0309908 0.564746\n-0.000266982 0.819276 -0.470326 -0.000531182 0.949498 -0.313773 -0.00073497 0.313772 0.949498 1 0.00073497 0.000531182 0.101005 0.0307136 0.564752\nC 53\n0 7\n0 3\n0 4\n0 5\n0 1\n0 6\n0 2\n1 6\n1 2\n1 5\n2 5\n2 6\n3 7\n3 5\n3 4\n4 7\n4 5\n5 6\n5 7\n6 9\n6 14\n6 10\n6 15\n6 11\n6 12\n6 8\n6 13\n7 12\n7 11\n7 15\n7 10\n7 14\n7 8\n7 9\n7 13\n8 9\n8 10\n8 11\n9 11\n9 10\n9 12\n10 11\n10 12\n10 13\n11 14\n11 13\n11 12\n12 13\n12 14\n12 15\n13 15\n13 14\n14 15\nS 4\n2\n1 0.236543 -0.509172 -0.065938\n3 -0.23728 -0.504932 -0.0566893\n2\n-0.000368451 -0.507052 -0.0613137\n-0.99977 0.00894642 0.0195149\n2\n2 0.267054 -0.49523 0.271478\n4 -0.2675 -0.494763 0.267289\n2\n-0.000222997 -0.494996 0.269383\n-0.999969 0.000872873 -0.00783442\n2\n6 0.266911 0.214085 -0.226359\n7 -0.267401 0.214619 -0.226566\n2\n-0.000244755 0.214352 -0.226462\n-0.999999 0.000998516 -0.000387285\n8\n8 -0.000263 0.138987 -0.161563\n9 -0.000263 0.230125 -0.21457\n10 -0.000263 0.32313 -0.26445\n11 -0.000263 0.417679 -0.311617\n12 -0.000263 0.513694 -0.355279\n13 -0.000263 0.610978 -0.39588\n14 -0.000263 0.709882 -0.433005\n15 -0.000266982 0.819276 -0.470326\n1\n0 0 0\n0 0 0\nL 16\n2\n2\n2\n2\n2\n1\n0\n0\n0\n0\n0\n0\n0\n0\n0\n0"
}