{
    "boxes": [
        [
            0.007114499807357788,
            0.10751800239086151,
            0.09326550364494324,
            0.12324699759483337,
            0.6519209742546082,
            0.5792689919471741,
            0.0,
            1.0,
            0.0,
            0.0,
            0.0,
            1.0
        ],
        [
            0.003955000080168247,
            -0.49608299136161804,
            0.37603598833084106,
            0.046849001199007034,
            0.0513789989054203,
            0.451447993516922,
            0.0,
            1.0,
            0.0,
            0.0,
            0.0,
            1.0
        ],
        [
            0.269773006439209,
            -0.40638700127601624,
            -0.21559900045394897,
            0.965507984161377,
            0.10869699716567993,
            0.057120099663734436,
            -0.0015065999468788505,
            0.9970309734344482,
            0.0769926980137825,
            0.027917400002479553,
            -0.07692079991102219,
            0.996645987033844
        ],
        [
            -0.2552900016307831,
            -0.5429379940032959,
            0.06618549674749374,
            0.03792399913072586,
            0.5084649920463562,
            0.03742299973964691,
            0.0,
            1.0,
            0.0,
            0.0,
            0.0,
            1.0
        ],
        [
            -0.2385919988155365,
            -0.4052940011024475,
            0.3585140109062195,
            0.960099995136261,
            0.1095929965376854,
            0.0878560021519661,
            0.0,
            1.0,
            0.0,
            0.0,
            0.0,
            1.0
        ],
        [
            0.005537800025194883,
            0.3959159851074219,
            -0.20782099664211273,
            0.6315900087356567,
            0.08482009917497635,
            0.5131170153617859,
            0.008994759991765022,
            0.9971669912338257,
            -0.07467730343341827,
            0.009693140164017677,
            0.07458990067243576,
            0.9971669912338257
        ],
        [
            -0.255046010017395,
            0.28662100434303284,
            -0.20227399468421936,
            0.28542399406433105,
            0.08478400111198425,
            0.05495100095868111,
            0.0,
            1.0,
            0.0,
            0.0,
            0.0,
            1.0
        ]
    ],
    "ops": [
        [
            0,
            0,
            0,
            0,
            0,
            1,
            1,
            2,
            1,
            1,
            0,
            0,
            2,
            1,
            1
        ]
    ],
    "syms": [
        [
            0.0,
            0.9999470114707947,
            -0.0003298399969935417,
            -0.010259900242090225,
            0.005652839783579111,
            -0.40630000829696655,
            -0.21288900077342987,
            0.0
        ],
        [
            0.0,
            0.9999880194664001,
            0.0011787200346589088,
            -0.004835870116949081,
            0.007231580093502998,
            0.28692999482154846,
            -0.20354199409484863,
            0.0
        ]
    ],
    "labels:": [
        [
            1,
            2,
            2,
            2,
            2,
            0,
            0
        ]
    ],
    "obj": 36952,
    "mat_index": 1831,
    "obbs": "N 11\n0.0055378 0.395916 -0.207821 0.999913 -0.00969314 -0.00899476 0.00969314 0.0745899 0.997167 -0.00899476 -0.997167 0.0746773 0.513117 0.0848201 0.63159\n-0.25529 -0.542938 0.0661855 1 0 0 0 1 0 0 0 1 0.037423 0.037924 0.508465\n0.270832 -0.54238 0.0739075 1 0 0 0 1 0 0 0 1 0.045778 0.057087 0.549765\n0.003955 -0.496083 0.376036 1 0 0 0 1 0 0 0 1 0.451448 0.046849 0.051379\n0.0071145 0.107518 0.0932655 1 0 0 0 1 0 0 0 1 0.579269 0.123247 0.651921\n0.269509 0.287239 -0.204811 0.0113384 0.998009 -0.0620506 -0.0992467 0.0628714 0.993075 0.994998 -0.00510158 0.0997619 0.2864 0.0677976 0.0608318\n-0.255046 0.286621 -0.202274 1 0 0 0 1 0 0 0 1 0.054951 0.285424 0.084784\n-0.238592 -0.405294 0.358514 1 0 0 0 1 0 0 0 1 0.087856 0.9601 0.109593\n0.257987 -0.401977 0.366308 1 0 0 0 1 0 0 0 1 0.077524 0.966736 0.094008\n0.269773 -0.406387 -0.215599 0.0015066 -0.997031 -0.0769927 0.999609 0.00365098 -0.0277186 0.0279174 -0.0769208 0.996646 0.965508 0.0571201 0.108697\n-0.258467 -0.406213 -0.210179 0.167905 0.0636351 -0.983747 0.985803 -0.010167 0.167598 0.000663361 -0.997921 -0.0644388 0.116122 0.0636623 0.965675\nC 21\n0 6\n0 5\n0 10\n0 4\n0 9\n1 3\n1 10\n1 7\n2 9\n2 8\n2 3\n3 8\n3 7\n4 10\n4 7\n4 9\n4 6\n4 8\n4 5\n5 9\n6 10\nS 4\n2\n1 -0.25529 -0.542938 0.0661855\n2 0.270832 -0.54238 0.0739075\n2\n0.00777125 -0.542659 0.0700465\n0.999892 0.00105953 0.0146756\n2\n5 0.269509 0.287239 -0.204811\n6 -0.255046 0.286621 -0.202274\n2\n0.00723158 0.28693 -0.203542\n-0.999988 -0.00117872 0.00483587\n2\n7 -0.238592 -0.405294 0.358514\n8 0.257987 -0.401977 0.366308\n2\n0.0096975 -0.403636 0.362411\n0.999855 0.00667873 0.0156921\n2\n9 0.269773 -0.406387 -0.215599\n10 -0.258467 -0.406213 -0.210179\n2\n0.00565284 -0.4063 -0.212889\n-0.999947 0.00032984 0.0102599\nL 11\n0\n2\n2\n2\n1\n0\n0\n2\n2\n2\n2"
}