{
    "boxes": [
        [
            0.004058490041643381,
            -0.024524299427866936,
            0.20103700459003448,
            0.12999700009822845,
            0.6953240036964417,
            0.8362360000610352,
            0.004473850131034851,
            0.9926999807357788,
            -0.12052900344133377,
            0.00027060299180448055,
            0.12052900344133377,
            0.9927099943161011
        ],
        [
            -0.36899200081825256,
            -0.4042240083217621,
            0.5362589955329895,
            0.7063469886779785,
            0.018502000719308853,
            0.0528080016374588,
            0.0,
            1.0,
            0.0,
            0.0,
            0.0,
            1.0
        ],
        [
            -0.3690289855003357,
            -0.42976099252700806,
            -0.23407100141048431,
            0.6657000184059143,
            0.02054169960319996,
            0.06310579925775528,
            0.01628509908914566,
            0.9722549915313721,
            0.2333569973707199,
            -0.028445899486541748,
            -0.23284299671649933,
            0.9720979928970337
        ],
        [
            -0.3689799904823303,
            -0.7460389733314514,
            0.11349199712276459,
            0.023070000112056732,
            0.8623459935188293,
            0.05279700085520744,
            0.0,
            1.0,
            0.0,
            0.0,
            0.0,
            1.0
        ],
        [
            0.004041240084916353,
            0.22924299538135529,
            -0.2593970000743866,
            0.7180600166320801,
            0.10983099788427353,
            0.8371899724006653,
            -0.0018638999899849296,
            0.9477429986000061,
            -0.3190290033817291,
            -0.0025940800551325083,
            0.319023996591568,
            0.9477429986000061
        ]
    ],
    "ops": [
        [
            0,
            0,
            0,
            0,
            1,
            1,
            2,
            1,
            0,
            1
        ]
    ],
    "syms": [
        [
            0.0,
            0.9999499917030334,
            0.009419620037078857,
            -0.003221639897674322,
            0.004014249891042709,
            -0.4007109999656677,
            0.535057008266449,
            0.0
        ]
    ],
    "labels:": [
        [
            1,
            2,
            2,
            2,
            0
        ]
    ],
    "obj": 36967,
    "mat_index": 1844,
    "obbs": "N 8\n0.00404124 0.229243 -0.259397 -0.0018639 0.947743 -0.319029 -0.00259408 0.319024 0.947743 0.999995 0.00259408 0.0018639 0.71806 0.109831 0.83719\n0.00405849 -0.0245243 0.201037 0.99999 -0.00447385 0.000270603 0.00447385 0.9927 -0.120529 0.000270603 0.120529 0.99271 0.836236 0.129997 0.695324\n-0.369029 -0.429761 -0.234071 -0.999463 0.0224687 -0.0238648 -0.0284459 -0.232843 0.972098 0.0162851 0.972255 0.233357 0.0631058 0.0205417 0.6657\n0.377 -0.431191 -0.236891 0.999575 -0.0181105 -0.022856 0.0181105 -0.228776 0.973311 -0.022856 -0.973311 -0.228351 0.0675927 0.0148606 0.659691\n0.37702 -0.397197 0.533856 1 0 0 0 1 0 0 0 1 0.052753 0.69327 0.023309\n-0.368992 -0.404224 0.536259 1 0 0 0 1 0 0 0 1 0.052808 0.706347 0.018502\n0.377026 -0.74809 0.113653 1 0 0 0 1 0 0 0 1 0.052814 0.018968 0.862945\n-0.36898 -0.746039 0.113492 1 0 0 0 1 0 0 0 1 0.052797 0.02307 0.862346\nC 11\n0 1\n0 3\n0 2\n1 2\n1 3\n1 4\n1 5\n2 7\n3 6\n4 6\n5 7\nS 3\n2\n2 -0.369029 -0.429761 -0.234071\n3 0.377 -0.431191 -0.236891\n2\n0.00398538 -0.430476 -0.235481\n0.999991 -0.00191738 -0.00377897\n2\n4 0.37702 -0.397197 0.533856\n5 -0.368992 -0.404224 0.536259\n2\n0.00401425 -0.400711 0.535057\n-0.99995 -0.00941962 0.00322164\n2\n6 0.377026 -0.74809 0.113653\n7 -0.36898 -0.746039 0.113492\n2\n0.00402275 -0.747065 0.113573\n-0.999996 0.0027493 -0.000216485\nL 8\n0\n1\n2\n2\n2\n2\n2\n2"
}