{
    "boxes": [
        [
            0.005095629952847958,
            -0.1475140005350113,
            0.31966298818588257,
            0.2317740023136139,
            0.9193580150604248,
            1.158619999885559,
            0.001432509976439178,
            0.999779999256134,
            0.02094230055809021,
            -1.5001600331743248e-05,
            -0.02094230055809021,
            0.9997810125350952
        ],
        [
            0.009732499718666077,
            -0.20020100474357605,
            0.005402499809861183,
            0.5687310099601746,
            1.034980058670044,
            0.6348530054092407,
            0.0,
            1.0,
            0.0,
            0.0,
            0.0,
            1.0
        ],
        [
            0.007613420020788908,
            0.2889600098133087,
            -0.24521499872207642,
            0.7751780152320862,
            0.1890619993209839,
            1.1535899639129639,
            0.006640090141445398,
            0.9343540072441101,
            -0.3562850058078766,
            0.009638110175728798,
            0.35621699690818787,
            0.9343540072441101
        ],
        [
            0.005073280073702335,
            0.3127799928188324,
            -0.2831990122795105,
            0.8962249755859375,
            0.2317889928817749,
            1.159500002861023,
            -0.001612309948541224,
            0.9634379744529724,
            -0.26792699098587036,
            -0.0021218599285930395,
            0.2679229974746704,
            0.9634379744529724
        ]
    ],
    "ops": [
        [
            0,
            0,
            1,
            0,
            0,
            1,
            1
        ]
    ],
    "syms": [
        [
            0.0,
            0.0,
            0.0,
            0.0,
            0.0,
            0.0,
            0.0,
            0.0
        ]
    ],
    "labels:": [
        [
            1,
            2,
            0,
            0
        ]
    ],
    "obj": 36984,
    "mat_index": 1853,
    "obbs": "N 4\n0.00761342 0.28896 -0.245215 0.999932 -0.00963811 -0.00664009 0.00963811 0.356217 0.934354 -0.00664009 -0.934354 0.356285 1.15359 0.189062 0.775178\n0.0097325 -0.200201 0.0054025 1 0 0 0 1 0 0 0 1 0.634853 0.568731 1.03498\n0.00509563 -0.147514 0.319663 0.999999 -0.00143251 -1.50016e-05 0.00143251 0.99978 0.0209423 -1.50016e-05 -0.0209423 0.999781 1.15862 0.231774 0.919358\n0.00507328 0.31278 -0.283199 -0.00161231 0.963438 -0.267927 -0.00212186 0.267923 0.963438 0.999996 0.00212186 0.00161231 0.896225 0.231789 1.1595\nC 6\n0 1\n0 3\n0 2\n1 2\n1 3\n2 3\nS 0\nL 4\n0\n2\n1\n0"
}