{
    "boxes": [
        [
            -0.00851299986243248,
            -0.017224999144673347,
            0.12198600172996521,
            0.08424200117588043,
            0.731357991695404,
            0.7274399995803833,
            0.0,
            1.0,
            0.0,
            0.0,
            0.0,
            1.0
        ],
        [
            -0.37878501415252686,
            -0.42828500270843506,
            -0.22130799293518066,
            0.7749419808387756,
            0.1287589967250824,
            0.03579689934849739,
            0.168614000082016,
            0.9812309741973877,
            0.09356830269098282,
            -0.6987230181694031,
            0.052030399441719055,
            0.7134979963302612
        ],
        [
            -0.37901198863983154,
            -0.42828500270843506,
            0.4654819965362549,
            0.7749419808387756,
            0.1287589967250824,
            0.03579679876565933,
            0.168613001704216,
            0.9812309741973877,
            -0.0935693010687828,
            0.6987239718437195,
            -0.05202930048108101,
            0.7134969830513
        ],
        [
            -0.008628539741039276,
            0.32951900362968445,
            -0.22252599895000458,
            0.8071979880332947,
            0.025896800681948662,
            0.7276930212974548,
            -5.2460800361586735e-05,
            0.9381160140037537,
            -0.3463200032711029,
            -7.528819696744904e-05,
            0.3463200032711029,
            0.9381160140037537
        ],
        [
            -0.008624499663710594,
            0.3799780011177063,
            -0.3174310028553009,
            0.6441329717636108,
            0.09780000150203705,
            0.6893870234489441,
            0.0,
            1.0,
            0.0,
            0.0,
            0.0,
            1.0
        ],
        [
            -0.008651429787278175,
            0.038657400757074356,
            -0.2898220121860504,
            0.02885100059211254,
            0.15307900309562683,
            0.1076740026473999,
            -0.006193940062075853,
            0.9744229912757874,
            0.22463800013065338,
            0.0007047089748084545,
            -0.22463800013065338,
            0.9744420051574707
        ]
    ],
    "ops": [
        [
            0,
            0,
            0,
            1,
            2,
            1,
            0,
            0,
            0,
            1,
            1,
            1
        ]
    ],
    "syms": [
        [
            0.0,
            0.9999610185623169,
            -0.008852919563651085,
            -0.0004617529921233654,
            -0.008557460270822048,
            -0.43156298995018005,
            -0.22147899866104126,
            0.0
        ]
    ],
    "labels:": [
        [
            1,
            2,
            2,
            0,
            0,
            0
        ]
    ],
    "obj": 2335,
    "mat_index": 187,
    "obbs": "N 8\n-0.0086245 0.379978 -0.317431 1 0 0 0 1 0 0 0 1 0.689387 0.644133 0.0978\n-0.008513 -0.017225 0.121986 1 0 0 0 1 0 0 0 1 0.72744 0.084242 0.731358\n-0.00865143 0.0386574 -0.289822 -0.000704709 0.224638 -0.974442 -0.00619394 0.974423 0.224638 0.999981 0.00619394 0.000704709 0.153079 0.028851 0.107674\n-0.378785 -0.428285 -0.221308 0.168614 0.981231 0.0935683 0.695238 -0.185684 0.694382 0.698723 -0.0520304 -0.713498 0.774942 0.0357969 0.128759\n0.36167 -0.434841 -0.22165 -0.698929 -0.0508189 -0.713383 0.695239 0.185684 -0.69438 0.167752 -0.981294 -0.094449 0.128767 0.035797 0.774917\n0.361443 -0.434841 0.465823 0.698928 0.0508179 -0.713384 0.69524 0.185685 0.694379 0.167751 -0.981294 0.0944496 0.128767 0.0357971 0.774917\n-0.379012 -0.428285 0.465482 -0.168613 -0.981231 0.0935693 0.695237 -0.185684 -0.694382 0.698724 -0.0520293 0.713497 0.774942 0.0357968 0.128759\n-0.00862854 0.329519 -0.222526 -5.24608e-05 0.938116 -0.34632 -7.52882e-05 0.34632 0.938116 1 7.52882e-05 5.24608e-05 0.807198 0.0258968 0.727693\nC 16\n0 1\n0 7\n0 4\n0 3\n0 2\n1 2\n1 3\n1 4\n1 5\n1 6\n1 7\n2 7\n2 4\n2 3\n3 7\n4 7\nS 2\n2\n3 -0.378785 -0.428285 -0.221308\n4 0.36167 -0.434841 -0.22165\n2\n-0.00855746 -0.431563 -0.221479\n0.999961 -0.00885292 -0.000461753\n2\n5 0.361443 -0.434841 0.465823\n6 -0.379012 -0.428285 0.465482\n2\n-0.00878441 -0.431563 0.465653\n-0.999961 0.00885289 -0.000461653\nL 8\n0\n1\n0\n2\n2\n2\n2\n0"
}