{
    "boxes": [
        [
            -0.003850199980661273,
            -0.20492899417877197,
            0.22205999493598938,
            0.16283699870109558,
            0.8354920148849487,
            0.8184019923210144,
            0.001110570039600134,
            0.9798870086669922,
            -0.19955100119113922,
            0.00011193299724254757,
            0.19955100119113922,
            0.9798880219459534
        ],
        [
            -0.427511990070343,
            0.01589200086891651,
            0.4764209985733032,
            0.24053999781608582,
            0.16670699417591095,
            0.032627999782562256,
            0.0,
            1.0,
            0.0,
            0.0,
            0.0,
            1.0
        ],
        [
            -0.23537200689315796,
            0.14548900723457336,
            -0.27858901023864746,
            0.09293100237846375,
            0.3192409873008728,
            0.48723798990249634,
            0.0,
            1.0,
            0.0,
            0.0,
            0.0,
            1.0
        ],
        [
            -0.4493109881877899,
            0.1456570029258728,
            0.19882600009441376,
            0.0925929993391037,
            0.7314929962158203,
            0.07622499763965607,
            0.0,
            1.0,
            0.0,
            0.0,
            0.0,
            1.0
        ],
        [
            -0.4159359931945801,
            -0.22118599712848663,
            -0.28943198919296265,
            0.7039750218391418,
            0.15620499849319458,
            0.059295300394296646,
            -0.0010973400203511119,
            0.9844909906387329,
            0.1754329949617386,
            0.03394149988889694,
            -0.17529499530792236,
            0.9839310050010681
        ],
        [
            0.40614598989486694,
            -0.31811100244522095,
            0.5106319785118103,
            0.4863390028476715,
            0.1460379958152771,
            0.07024230062961578,
            -0.01626719906926155,
            0.9952269792556763,
            -0.09622140228748322,
            0.04325670003890991,
            0.09684450179338455,
            0.994359016418457
        ],
        [
            -0.427511990070343,
            -0.5961220264434814,
            0.1099499985575676,
            0.1387059986591339,
            1.0935399532318115,
            0.032627999782562256,
            0.0,
            1.0,
            0.0,
            0.0,
            0.0,
            1.0
        ],
        [
            0.39680299162864685,
            -0.25503799319267273,
            0.09805099666118622,
            0.08936800062656403,
            0.7219020128250122,
            0.07876099646091461,
            0.0,
            1.0,
            0.0,
            0.0,
            0.0,
            1.0
        ],
        [
            -0.0038677500560879707,
            0.2914760112762451,
            -0.23485399782657623,
            1.1439199447631836,
            0.1514109969139099,
            0.8205199837684631,
            -0.0020627800840884447,
            0.9818540215492249,
            -0.18962900340557098,
            -0.0024992800317704678,
            0.18962299823760986,
            0.9818540215492249
        ],
        [
            -0.005049999803304672,
            0.09424050152301788,
            -0.2803950011730194,
            0.08434099704027176,
            0.05601799860596657,
            0.81004798412323,
            0.0,
            1.0,
            0.0,
            0.0,
            0.0,
            1.0
        ]
    ],
    "ops": [
        [
            0,
            0,
            0,
            0,
            1,
            1,
            2,
            1,
            0,
            0,
            0,
            0,
            1,
            1,
            1,
            2,
            1,
            0,
            0,
            1,
            1
        ]
    ],
    "syms": [
        [
            0.0,
            0.999750018119812,
            -0.022354500368237495,
            -0.00037458998849615455,
            -0.0038209999911487103,
            0.006418250035494566,
            0.47626200318336487,
            0.0
        ],
        [
            0.0,
            0.9999719858169556,
            0.006464890204370022,
            -0.0037509899120777845,
            -0.00022562500089406967,
            -0.21849900484085083,
            -0.29099100828170776,
            0.0
        ]
    ],
    "labels:": [
        [
            1,
            3,
            3,
            3,
            2,
            2,
            2,
            2,
            0,
            0
        ]
    ],
    "obj": 37017,
    "mat_index": 1875,
    "obbs": "N 17\n-0.00386775 0.291476 -0.234854 -0.00206278 0.981854 -0.189629 -0.00249928 0.189623 0.981854 0.999995 0.00249928 0.00206278 1.14392 0.151411 0.82052\n0.228731 0.145792 -0.278543 1 0 0 0 1 0 0 0 1 0.489131 0.092325 0.319441\n-0.235372 0.145489 -0.278589 1 0 0 0 1 0 0 0 1 0.487238 0.092931 0.319241\n-0.0038502 -0.204929 0.22206 -0.000111933 -0.199551 -0.979888 0.00111057 0.979887 -0.199551 0.999999 -0.00111057 0.000111933 0.835492 0.162837 0.818402\n0.41987 -0.0030555 0.476103 1 0 0 0 1 0 0 0 1 0.032628 0.246673 0.166056\n-0.427512 0.015892 0.476421 1 0 0 0 1 0 0 0 1 0.032628 0.24054 0.166707\n0.419914 -0.589039 0.109326 -0.00167366 -0.0541424 -0.998532 0.999995 0.00245431 -0.00180919 0.00254866 -0.99853 0.0541381 1.09194 0.0345756 0.159543\n-0.427512 -0.596122 0.10995 1 0 0 0 1 0 0 0 1 0.032628 0.138706 1.09354\n0.441674 0.142714 0.203628 1 0 0 0 1 0 0 0 1 0.076235 0.09848 0.715595\n-0.449311 0.145657 0.198826 1 0 0 0 1 0 0 0 1 0.076225 0.092593 0.731493\n-0.412457 -0.254889 0.108759 1 0 0 0 1 0 0 0 1 0.062738 0.089796 0.748658\n0.396803 -0.255038 0.098051 1 0 0 0 1 0 0 0 1 0.078761 0.089368 0.721902\n-0.00505 0.0942405 -0.280395 1 0 0 0 1 0 0 0 1 0.810048 0.084341 0.056018\n-0.417049 -0.315574 0.520763 0.0393048 -0.11761 -0.992282 0.999226 0.00332011 0.0391864 -0.00131421 -0.993054 0.117649 0.134104 0.0580709 0.49748\n0.406146 -0.318111 0.510632 -0.0432567 -0.0968445 -0.994359 0.998932 0.0120133 -0.0446256 0.0162672 -0.995227 0.0962214 0.146038 0.0702423 0.486339\n0.415485 -0.215811 -0.29255 -0.0316553 0.180272 -0.983107 0.99936 0.0221267 -0.0281213 0.0166835 -0.983368 -0.180857 0.16205 0.0555187 0.695594\n-0.415936 -0.221186 -0.289432 -0.0339415 0.175295 -0.983931 0.999423 0.00703416 -0.0332227 0.00109734 -0.984491 -0.175433 0.156205 0.0592953 0.703975\nC 55\n0 7\n0 16\n0 10\n0 3\n0 15\n0 11\n0 12\n0 8\n0 1\n0 6\n0 9\n0 2\n1 15\n1 2\n1 12\n1 8\n2 12\n2 9\n2 16\n3 15\n3 11\n3 7\n3 14\n3 10\n3 6\n3 16\n3 13\n3 9\n3 5\n3 8\n3 4\n4 8\n4 14\n4 11\n5 9\n5 13\n5 10\n6 14\n6 15\n6 11\n7 16\n7 10\n7 13\n8 14\n8 15\n8 12\n9 16\n9 13\n9 12\n10 13\n10 16\n11 14\n11 15\n12 16\n12 15\nS 7\n2\n1 0.228731 0.145792 -0.278543\n2 -0.235372 0.145489 -0.278589\n2\n-0.00332075 0.14564 -0.278566\n-1 -0.000652873 -9.9116e-05\n2\n4 0.41987 -0.0030555 0.476103\n5 -0.427512 0.015892 0.476421\n2\n-0.003821 0.00641825 0.476262\n-0.99975 0.0223545 0.00037459\n2\n6 0.419914 -0.589039 0.109326\n7 -0.427512 -0.596122 0.10995\n2\n-0.00379897 -0.592581 0.109638\n-0.999965 -0.00835764 0.000735522\n2\n8 0.441674 0.142714 0.203628\n9 -0.449311 0.145657 0.198826\n2\n-0.0038185 0.144186 0.201228\n-0.99998 0.00330358 -0.00538944\n2\n10 -0.412457 -0.254889 0.108759\n11 0.396803 -0.255038 0.098051\n2\n-0.00782675 -0.254964 0.103405\n0.999912 -0.000184103 -0.0132307\n2\n13 -0.417049 -0.315574 0.520763\n14 0.406146 -0.318111 0.510632\n2\n-0.00545142 -0.316843 0.515697\n0.99992 -0.00308118 -0.0123059\n2\n15 0.415485 -0.215811 -0.29255\n16 -0.415936 -0.221186 -0.289432\n2\n-0.000225625 -0.218499 -0.290991\n-0.999972 -0.00646489 0.00375099\nL 17\n0\n3\n3\n1\n3\n3\n2\n2\n3\n3\n2\n2\n0\n2\n2\n2\n2"
}