{
    "boxes": [
        [
            -0.005152999889105558,
            -0.13109099864959717,
            0.13589400053024292,
            0.24919499456882477,
            0.7830529808998108,
            0.7504979968070984,
            0.0,
            1.0,
            0.0,
            0.0,
            0.0,
            1.0
        ],
        [
            -0.2980920076370239,
            -0.5225239992141724,
            -0.27080100774765015,
            0.6341069936752319,
            0.0787087008357048,
            0.055670998990535736,
            -0.0,
            0.9725540280342102,
            0.23267699778079987,
            0.0,
            -0.23267699778079987,
            0.9725540280342102
        ],
        [
            0.3067750036716461,
            -0.5220059752464294,
            0.48346900939941406,
            0.604557991027832,
            0.07486700266599655,
            0.10094799846410751,
            0.0,
            1.0,
            0.0,
            0.0,
            0.0,
            1.0
        ],
        [
            -0.33518800139427185,
            -0.5198299884796143,
            0.48143500089645386,
            0.6044340133666992,
            0.05567200109362602,
            0.05567200109362602,
            0.0,
            1.0,
            0.0,
            0.0,
            0.0,
            1.0
        ],
        [
            -0.008250409737229347,
            0.36351099610328674,
            -0.23123900592327118,
            0.8329300284385681,
            0.16172100603580475,
            0.6164550185203552,
            0.013189299963414669,
            0.9917050004005432,
            -0.12785500288009644,
            0.014997400343418121,
            0.1276549994945526,
            0.9917050004005432
        ]
    ],
    "ops": [
        [
            0,
            0,
            2,
            0,
            0,
            1,
            1,
            1,
            0,
            1
        ]
    ],
    "syms": [
        [
            0.0,
            0.9999939799308777,
            3.640030001861305e-07,
            0.003409659955650568,
            -0.00508299982175231,
            -0.5225239992141724,
            -0.2698020040988922,
            0.0
        ]
    ],
    "labels:": [
        [
            1,
            2,
            2,
            2,
            0
        ]
    ],
    "obj": 37038,
    "mat_index": 1889,
    "obbs": "N 6\n-0.00825041 0.363511 -0.231239 0.999801 -0.0149974 -0.0131893 0.0149974 0.127655 0.991705 -0.0131893 -0.991705 0.127855 0.616455 0.161721 0.83293\n-0.005153 -0.131091 0.135894 1 0 0 0 1 0 0 0 1 0.750498 0.249195 0.783053\n0.306775 -0.522006 0.483469 1 0 0 0 1 0 0 0 1 0.100948 0.604558 0.074867\n0.287926 -0.522524 -0.268803 1 0 0 -0 -0.232676 0.972554 0 -0.972554 -0.232676 0.055671 0.0787085 0.634107\n-0.335188 -0.51983 0.481435 1 0 0 0 1 0 0 0 1 0.055672 0.604434 0.055672\n-0.298092 -0.522524 -0.270801 1 0 -0 0 -0.232677 0.972554 0 -0.972554 -0.232677 0.055671 0.0787087 0.634107\nC 7\n0 1\n0 5\n0 3\n1 2\n1 3\n1 4\n1 5\nS 1\n2\n3 0.287926 -0.522524 -0.268803\n5 -0.298092 -0.522524 -0.270801\n2\n-0.005083 -0.522524 -0.269802\n-0.999994 -3.64003e-07 -0.00340966\nL 6\n0\n1\n2\n2\n2\n2"
}