{
    "boxes": [
        [
            0.004564499948173761,
            0.21692000329494476,
            0.027611499652266502,
            0.1905830055475235,
            0.734978973865509,
            0.6437489986419678,
            0.0,
            1.0,
            0.0,
            0.0,
            0.0,
            1.0
        ],
        [
            -0.260329008102417,
            -0.16769400238990784,
            0.3505449891090393,
            0.6360290050506592,
            0.12168099731206894,
            0.11652199923992157,
            0.0,
            1.0,
            0.0,
            0.0,
            0.0,
            1.0
        ],
        [
            -0.2641040086746216,
            -0.4863319993019104,
            -0.0072281998582184315,
            0.25742000341415405,
            1.5807700157165527,
            0.12004700303077698,
            -0.03352560102939606,
            0.976177990436554,
            -0.21436400711536407,
            -0.0003723170084413141,
            0.2144719958305359,
            0.9767299890518188
        ],
        [
            -0.2586660087108612,
            -0.21950200200080872,
            -0.15600000321865082,
            0.7304689884185791,
            0.10727900266647339,
            0.1172880008816719,
            0.0,
            1.0,
            0.0,
            0.0,
            0.0,
            1.0
        ],
        [
            0.00456500006839633,
            0.7995749711990356,
            -0.22835299372673035,
            0.0931679978966713,
            0.22020600736141205,
            0.6393539905548096,
            0.0,
            1.0,
            0.0,
            0.0,
            0.0,
            1.0
        ],
        [
            0.11904499679803848,
            0.5217700004577637,
            -0.2696070075035095,
            0.5162479877471924,
            0.06753099709749222,
            0.06703799962997437,
            0.0,
            1.0,
            0.0,
            0.0,
            0.0,
            1.0
        ],
        [
            -0.2706100046634674,
            0.5222839713096619,
            -0.20800800621509552,
            0.5206509828567505,
            0.060878999531269073,
            0.06149100139737129,
            0.0,
            1.0,
            0.0,
            0.0,
            0.0,
            1.0
        ],
        [
            -0.00209349999204278,
            0.5270900130271912,
            -0.3003070056438446,
            0.5382199883460999,
            0.0689070001244545,
            0.06646499782800674,
            0.0,
            1.0,
            0.0,
            0.0,
            0.0,
            1.0
        ]
    ],
    "ops": [
        [
            0,
            0,
            0,
            0,
            1,
            1,
            2,
            1,
            0,
            0,
            1,
            0,
            0,
            1,
            2,
            1,
            1
        ]
    ],
    "syms": [
        [
            0.0,
            0.999459981918335,
            0.03272039815783501,
            -0.002883929992094636,
            0.006264000199735165,
            -0.1589670032262802,
            0.3497749865055084,
            0.0
        ],
        [
            0.0,
            0.9999300241470337,
            -0.0076188500970602036,
            0.009017810225486755,
            0.003650429891422391,
            0.5201939940452576,
            -0.20553399622440338,
            0.0
        ]
    ],
    "labels:": [
        [
            1,
            2,
            2,
            2,
            0,
            0,
            0,
            0
        ]
    ],
    "obj": 37077,
    "mat_index": 1910,
    "obbs": "N 13\n0.004565 0.799575 -0.228353 1 0 0 0 1 0 0 0 1 0.639354 0.093168 0.220206\n0.277622 -0.488366 -0.00753553 -0.00350313 -0.208836 -0.977944 0.999924 -0.0122729 -0.000961035 -0.0118015 -0.977874 0.208863 1.58084 0.100966 0.251163\n-0.264104 -0.486332 -0.0072282 -0.0335256 0.976178 -0.214364 0.999438 0.0328253 -0.00682687 0.000372317 -0.214472 -0.97673 0.25742 0.120047 1.58077\n0.0045645 0.21692 0.0276115 1 0 0 0 1 0 0 0 1 0.643749 0.190583 0.734979\n0.277911 0.518104 -0.203061 0.996193 -0.0297052 -0.0819612 0.0819774 -0.000676591 0.996634 -0.0296607 -0.999558 0.00176114 0.0657206 0.0714115 0.510078\n0.119045 0.52177 -0.269607 1 0 0 0 1 0 0 0 1 0.067038 0.516248 0.067531\n-0.0020935 0.52709 -0.300307 1 0 0 0 1 0 0 0 1 0.066465 0.53822 0.068907\n-0.143192 0.52261 -0.27448 0.926245 -0.0192843 -0.376427 0.376284 -0.0107198 0.926442 -0.021901 -0.999757 -0.00267279 0.0723124 0.0609539 0.516999\n-0.27061 0.522284 -0.208008 1 0 0 0 1 0 0 0 1 0.061491 0.520651 0.060879\n-0.258666 -0.219502 -0.156 1 0 0 0 1 0 0 0 1 0.117288 0.730469 0.107279\n-0.260329 -0.167694 0.350545 1 0 0 0 1 0 0 0 1 0.116522 0.636029 0.121681\n0.277016 -0.211218 -0.1577 1 0 0 0 1 0 0 0 1 0.098545 0.744389 0.103849\n0.272857 -0.150239 0.349006 1 0 0 0 1 0 0 0 1 0.10683 0.632014 0.124856\nC 31\n0 7\n0 4\n0 5\n0 8\n0 6\n1 11\n1 12\n2 9\n2 10\n3 11\n3 7\n3 10\n3 6\n3 9\n3 5\n3 12\n3 8\n3 4\n4 5\n4 11\n4 6\n5 6\n5 11\n5 7\n6 9\n6 7\n6 11\n6 8\n7 8\n7 9\n8 9\nS 5\n2\n1 0.277622 -0.488366 -0.00753553\n2 -0.264104 -0.486332 -0.0072282\n2\n0.00675893 -0.487349 -0.00738187\n-0.999993 0.00375517 0.000567316\n2\n8 -0.27061 0.522284 -0.208008\n4 0.277911 0.518104 -0.203061\n2\n0.00365043 0.520194 -0.205534\n0.99993 -0.00761885 0.00901781\n2\n7 -0.143192 0.52261 -0.27448\n6 -0.0020935 0.52709 -0.300307\n2\n-0.0726429 0.52485 -0.287393\n0.983178 0.0312194 -0.179961\n2\n9 -0.258666 -0.219502 -0.156\n11 0.277016 -0.211218 -0.1577\n2\n0.00917475 -0.21536 -0.15685\n0.999875 0.0154606 -0.003175\n2\n10 -0.260329 -0.167694 0.350545\n12 0.272857 -0.150239 0.349006\n2\n0.006264 -0.158967 0.349775\n0.99946 0.0327204 -0.00288393\nL 13\n0\n2\n2\n1\n0\n0\n0\n0\n0\n2\n2\n2\n2"
}