{
    "boxes": [
        [
            -0.01861169934272766,
            -0.2680259943008423,
            0.13328300416469574,
            0.34213799238204956,
            1.404270052909851,
            0.7823699712753296,
            0.006871439982205629,
            0.9904549717903137,
            -0.13766400516033173,
            -0.10405299812555313,
            0.1376280039548874,
            0.9850029945373535
        ],
        [
            -0.27956101298332214,
            -0.4350470006465912,
            -0.7043449878692627,
            0.03437120094895363,
            0.28791099786758423,
            0.03657209873199463,
            0.04304429888725281,
            0.9300060272216797,
            -0.3650150001049042,
            -0.09633190184831619,
            0.3675149977207184,
            0.9250149726867676
        ],
        [
            0.26883000135421753,
            -0.41880300641059875,
            0.7376729846000671,
            0.037098199129104614,
            0.26972201466560364,
            0.034960001707077026,
            0.6184059977531433,
            0.6393409967422485,
            0.45696499943733215,
            -0.09745880216360092,
            -0.5146030187606812,
            0.8518720269203186
        ],
        [
            -0.4525029957294464,
            -0.4240970015525818,
            0.6548089981079102,
            0.03675549849867821,
            0.24760499596595764,
            0.03628470003604889,
            -0.27229198813438416,
            0.8226280212402344,
            0.4991390109062195,
            -0.07641980051994324,
            -0.5355899930000305,
            0.8410130143165588
        ],
        [
            0.0671515017747879,
            -0.39507800340652466,
            -0.5556190013885498,
            0.05221639946103096,
            0.0350554995238781,
            0.7806860208511353,
            -0.026033800095319748,
            0.9992930293083191,
            0.02712240070104599,
            -0.12670700252056122,
            -0.030211400240659714,
            0.9914799928665161
        ],
        [
            0.03520449995994568,
            0.024386899545788765,
            -0.28190600872039795,
            0.22295799851417542,
            0.21619699895381927,
            0.6919900178909302,
            -0.02276349999010563,
            0.999347984790802,
            0.02802320010960102,
            -0.12347400188446045,
            -0.030626200139522552,
            0.9918749928474426
        ],
        [
            0.04562700167298317,
            0.2227640002965927,
            -0.36367401480674744,
            0.22295799851417542,
            0.2161960005760193,
            0.691989004611969,
            -0.022763799875974655,
            0.999347984790802,
            0.028024999424815178,
            -0.12347400188446045,
            -0.03062799945473671,
            0.9918749928474426
        ],
        [
            0.0643254965543747,
            0.615693986415863,
            -0.5103700160980225,
            0.22295799851417542,
            0.2161960005760193,
            0.6919900178909302,
            -0.02276349999010563,
            0.999347984790802,
            0.028023099526762962,
            -0.12347400188446045,
            -0.030626000836491585,
            0.9918749928474426
        ],
        [
            0.024251699447631836,
            0.1757200062274933,
            -0.20397299528121948,
            1.1705700159072876,
            0.3409309983253479,
            0.7721949815750122,
            0.03835989907383919,
            0.8484010100364685,
            -0.5279620289802551,
            -0.11920800060033798,
            0.5284630060195923,
            0.8405449986457825
        ],
        [
            0.016281500458717346,
            -0.13017700612545013,
            -0.1334490031003952,
            0.2229589968919754,
            0.21619699895381927,
            0.6919900178909302,
            -0.0227643009275198,
            0.999347984790802,
            0.028029799461364746,
            -0.12347400188446045,
            -0.030632900074124336,
            0.9918749928474426
        ]
    ],
    "ops": [
        [
            0,
            0,
            2,
            0,
            0,
            0,
            2,
            1,
            1,
            1,
            1,
            0,
            0,
            2,
            1,
            0,
            0,
            0,
            1,
            1,
            1,
            1
        ]
    ],
    "syms": [
        [
            0.0,
            0.9901919960975647,
            0.004354740027338266,
            0.1396470069885254,
            0.08004169911146164,
            -0.43346598744392395,
            -0.6536300182342529,
            0.0
        ],
        [
            0.0,
            -0.12641899287700653,
            0.01905990019440651,
            0.9917939901351929,
            -0.0075262500904500484,
            -0.3838199973106384,
            0.03024899959564209,
            0.0
        ],
        [
            0.0,
            0.00971067976206541,
            0.9970470070838928,
            -0.07618200033903122,
            0.04669630154967308,
            0.33254700899124146,
            -0.372063010931015,
            0.0
        ]
    ],
    "labels:": [
        [
            1,
            2,
            2,
            2,
            2,
            0,
            0,
            0,
            0,
            0
        ]
    ],
    "obj": 37173,
    "mat_index": 1952,
    "obbs": "N 13\n0.0671515 -0.395078 -0.555619 -0.991598 -0.0223754 -0.127404 -0.126707 -0.0302114 0.99148 -0.0260338 0.999293 0.0271224 0.780686 0.0350555 0.0522164\n-0.082204 -0.372561 0.616117 -0.991598 -0.0223752 -0.127405 -0.126707 -0.0302316 0.991479 -0.0260362 0.999292 0.0271425 0.780687 0.0350553 0.0522164\n-0.452503 -0.424097 0.654809 -0.959175 -0.190857 -0.208702 -0.272292 0.822628 0.499139 0.0764198 0.53559 -0.841013 0.0362847 0.0367555 0.247605\n-0.279561 -0.435047 -0.704345 -0.994418 0.00465405 -0.105409 0.0430443 0.930006 -0.365015 0.0963319 -0.367515 -0.925015 0.0365721 0.0343712 0.287911\n0.439644 -0.431884 -0.602916 -0.99366 -0.0648653 -0.0918261 -0.0255852 0.925809 -0.377125 0.109476 -0.372384 -0.921599 0.0339162 0.0364696 0.307654\n0.26883 -0.418803 0.737673 -0.618406 -0.639341 -0.456965 0.779792 -0.571338 -0.255924 -0.0974588 -0.514603 0.851872 0.0370982 0.03496 0.269722\n-0.0186117 -0.268026 0.133283 -0.994548 -0.00755603 -0.104006 0.00687144 0.990455 -0.137664 0.104053 -0.137628 -0.985003 0.78237 0.342138 1.40427\n0.0242517 0.17572 -0.203973 -0.992128 -0.0306939 -0.121408 -0.119208 0.528463 0.840545 0.0383599 0.848401 -0.527962 0.772195 0.340931 1.17057\n0.0162815 -0.130177 -0.133449 -0.992087 -0.0191184 -0.124091 -0.123474 -0.0306329 0.991875 -0.0227643 0.999348 0.0280298 0.69199 0.216197 0.222959\n0.0352045 0.0243869 -0.281906 -0.992087 -0.0191184 -0.124091 -0.123474 -0.0306262 0.991875 -0.0227635 0.999348 0.0280232 0.69199 0.216197 0.222958\n0.045627 0.222764 -0.363674 -0.992087 -0.0191184 -0.124091 -0.123474 -0.030628 0.991875 -0.0227638 0.999348 0.028025 0.691989 0.216196 0.222958\n0.0477655 0.44233 -0.380451 -0.992087 -0.0191184 -0.124091 -0.123474 -0.0306288 0.991875 -0.0227638 0.999348 0.0280258 0.69199 0.216197 0.222958\n0.0643255 0.615694 -0.51037 -0.992087 -0.0191184 -0.124091 -0.123474 -0.030626 0.991875 -0.0227635 0.999348 0.0280231 0.69199 0.216196 0.222958\nC 25\n0 3\n0 4\n0 6\n1 6\n1 2\n1 5\n2 6\n3 6\n4 6\n5 6\n6 9\n6 7\n6 8\n7 12\n7 11\n7 10\n7 9\n7 8\n8 9\n8 10\n9 11\n9 10\n10 11\n10 12\n11 12\nS 3\n2\n0 0.0671515 -0.395078 -0.555619\n1 -0.082204 -0.372561 0.616117\n2\n-0.00752625 -0.38382 0.030249\n-0.126419 0.0190599 0.991794\n2\n3 -0.279561 -0.435047 -0.704345\n4 0.439644 -0.431884 -0.602916\n2\n0.0800417 -0.433466 -0.65363\n0.990192 0.00435474 0.139647\n2\n10 0.045627 0.222764 -0.363674\n11 0.0477655 0.44233 -0.380451\n2\n0.0466963 0.332547 -0.372063\n0.00971068 0.997047 -0.076182\nL 13\n2\n2\n2\n2\n2\n2\n1\n0\n0\n0\n0\n0\n0"
}