{
    "boxes": [
        [
            -0.0037620000075548887,
            -0.1141979992389679,
            0.14214299619197845,
            0.20161999762058258,
            0.7803000211715698,
            0.7695419788360596,
            0.0,
            1.0,
            0.0,
            0.0,
            0.0,
            1.0
        ],
        [
            -0.3862679898738861,
            0.27635401487350464,
            0.06305360049009323,
            0.07457450032234192,
            0.662680983543396,
            0.07356549799442291,
            -0.03719009831547737,
            0.977429986000061,
            -0.20796099305152893,
            -0.003911190200597048,
            0.20796099305152893,
            0.9781290292739868
        ],
        [
            -0.3860189914703369,
            0.05873199924826622,
            0.3691079914569855,
            0.5092059969902039,
            0.036786999553442,
            0.07051700353622437,
            0.0,
            1.0,
            0.0,
            0.0,
            0.0,
            1.0
        ],
        [
            -0.36072099208831787,
            -0.5180540084838867,
            -0.23437200486660004,
            0.6395930051803589,
            0.06563550233840942,
            0.061697300523519516,
            0.017634199932217598,
            0.9782950282096863,
            0.2064639925956726,
            -0.0022358899004757404,
            -0.2064570039510727,
            0.9784529805183411
        ],
        [
            -0.35540300607681274,
            -0.518297016620636,
            0.47981300950050354,
            0.6116099953651428,
            0.06553000211715698,
            0.061229001730680466,
            0.0,
            1.0,
            0.0,
            0.0,
            0.0,
            1.0
        ],
        [
            -0.0037579399067908525,
            0.21179699897766113,
            -0.26328301429748535,
            0.8690109848976135,
            0.12146099656820297,
            0.7660279870033264,
            0.00165841996204108,
            0.9884600043296814,
            -0.15147000551223755,
            0.0019319100538268685,
            0.1514669954776764,
            0.9884600043296814
        ]
    ],
    "ops": [
        [
            0,
            0,
            0,
            1,
            2,
            1,
            0,
            0,
            1,
            2,
            1,
            0,
            1
        ]
    ],
    "syms": [
        [
            0.0,
            0.9999979734420776,
            0.0019907900132238865,
            -0.00018015099340118468,
            -0.003487759968265891,
            0.27711600065231323,
            0.06298469752073288,
            0.0
        ],
        [
            0.0,
            0.9999989867210388,
            0.0002689340035431087,
            -0.001242839964106679,
            -0.0037633099127560854,
            -0.5179579854011536,
            -0.23481599986553192,
            0.0
        ]
    ],
    "labels:": [
        [
            1,
            3,
            3,
            2,
            2,
            0
        ]
    ],
    "obj": 37174,
    "mat_index": 1953,
    "obbs": "N 10\n-0.00375794 0.211797 -0.263283 0.999997 -0.00193191 -0.00165842 0.00193191 0.151467 0.98846 -0.00165842 -0.98846 0.15147 0.766028 0.121461 0.869011\n0.379292 0.277878 0.0629157 -0.0197739 -0.197373 -0.980129 0.196408 0.960452 -0.197373 0.980323 -0.196408 0.0197739 0.662917 0.079961 0.0863983\n-0.386268 0.276354 0.0630536 0.999301 0.0371901 -0.00391119 -0.0371901 0.97743 -0.207961 -0.00391119 0.207961 0.978129 0.0735655 0.0745745 0.662681\n-0.003762 -0.114198 0.142143 1 0 0 0 1 0 0 0 1 0.769542 0.20162 0.7803\n-0.360721 -0.518054 -0.234372 -0.0176342 -0.978295 -0.206464 0.999842 -0.0177158 -0.00145334 -0.00223589 -0.206457 0.978453 0.639593 0.0616973 0.0656355\n-0.355403 -0.518297 0.479813 1 0 0 0 1 0 0 0 1 0.061229 0.61161 0.06553\n0.353194 -0.517862 -0.23526 0.0176276 -0.977691 -0.209307 0.999842 0.017716 0.00145272 0.00228777 -0.2093 0.977849 0.639776 0.0616983 0.0655983\n0.347879 -0.518297 0.479813 1 0 0 0 1 0 0 0 1 0.06123 0.61161 0.06553\n0.378471 0.058734 0.368208 1 0 0 0 1 0 0 0 1 0.070472 0.50921 0.038917\n-0.386019 0.058732 0.369108 1 0 0 0 1 0 0 0 1 0.070517 0.509206 0.036787\nC 17\n0 1\n0 6\n0 4\n0 3\n0 2\n1 3\n1 8\n2 9\n2 3\n3 8\n3 9\n3 6\n3 7\n3 4\n3 5\n5 9\n7 8\nS 4\n2\n1 0.379292 0.277878 0.0629157\n2 -0.386268 0.276354 0.0630536\n2\n-0.00348776 0.277116 0.0629847\n-0.999998 -0.00199079 0.000180151\n2\n4 -0.360721 -0.518054 -0.234372\n6 0.353194 -0.517862 -0.23526\n2\n-0.00376331 -0.517958 -0.234816\n0.999999 0.000268934 -0.00124284\n2\n5 -0.355403 -0.518297 0.479813\n7 0.347879 -0.518297 0.479813\n2\n-0.00376225 -0.518297 0.479813\n1 0 0\n2\n8 0.378471 0.058734 0.368208\n9 -0.386019 0.058732 0.369108\n2\n-0.00377375 0.058733 0.368658\n-0.999999 -2.61612e-06 0.00117595\nL 10\n0\n3\n3\n1\n2\n2\n2\n2\n3\n3"
}