{
    "boxes": [
        [
            -0.002243499970063567,
            -0.22482700645923615,
            0.02198049984872341,
            1.1147600412368774,
            1.1140999794006348,
            1.1644999980926514,
            0.0,
            1.0,
            0.0,
            0.0,
            0.0,
            1.0
        ],
        [
            -0.5168120265007019,
            0.37751901149749756,
            0.16817699372768402,
            0.5517280101776123,
            0.778190016746521,
            0.06834899634122849,
            -0.15449899435043335,
            0.9871309995651245,
            0.041252799332141876,
            0.01920289918780327,
            -0.038745999336242676,
            0.9990649819374084
        ],
        [
            -0.5245270133018494,
            -0.6449909806251526,
            0.5404419898986816,
            0.23474599421024323,
            0.07717300206422806,
            0.04645799845457077,
            0.0,
            1.0,
            0.0,
            0.0,
            0.0,
            1.0
        ],
        [
            -0.5739529728889465,
            -0.7368469834327698,
            -0.20163500308990479,
            0.10591500252485275,
            0.0337848998606205,
            0.03378390148282051,
            -0.005846209824085236,
            0.9999690055847168,
            0.005183400120586157,
            0.6633039712905884,
            -1.1841400464618346e-06,
            0.7483500242233276
        ],
        [
            0.5691570043563843,
            -0.7368109822273254,
            -0.20190800726413727,
            0.10571999847888947,
            0.03382899984717369,
            0.03382899984717369,
            0.0,
            1.0,
            0.0,
            0.0,
            0.0,
            1.0
        ],
        [
            0.0029198399279266596,
            0.021460600197315216,
            -0.31574898958206177,
            1.5660699605941772,
            0.46043500304222107,
            1.159250020980835,
            0.003686009906232357,
            0.999550998210907,
            -0.029730800539255142,
            -0.05012600123882294,
            0.029878299683332443,
            0.9982960224151611
        ]
    ],
    "ops": [
        [
            0,
            0,
            2,
            1,
            0,
            2,
            0,
            0,
            1,
            1,
            1,
            0,
            1
        ]
    ],
    "syms": [
        [
            0.0,
            0.9992910027503967,
            -0.031153500080108643,
            0.021123800426721573,
            -0.006565739866346121,
            0.3616119921207428,
            0.17896300554275513,
            0.0
        ],
        [
            0.0,
            0.999925971031189,
            0.011835900135338306,
            0.002866229973733425,
            -0.0022762499283999205,
            -0.6388090252876282,
            0.5419399738311768,
            0.0
        ]
    ],
    "labels:": [
        [
            1,
            3,
            2,
            2,
            2,
            0
        ]
    ],
    "obj": 37197,
    "mat_index": 1969,
    "obbs": "N 8\n0.00291984 0.0214606 -0.315749 0.00368601 0.999551 -0.0297308 -0.050126 0.0298783 0.998296 0.998736 -0.00218944 0.0502137 1.56607 0.460435 1.15925\n0.50368 0.345705 0.189749 -0.141075 -0.986359 -0.0848216 0.98919 -0.143905 0.0281954 -0.040017 -0.079927 0.995997 0.574691 0.0722601 0.727432\n-0.516812 0.377519 0.168177 -0.0192029 0.038746 -0.999065 0.987806 0.155147 -0.0129695 0.154499 -0.987131 -0.0412528 0.77819 0.068349 0.551728\n-0.0022435 -0.224827 0.0219805 1 0 0 0 1 0 0 0 1 1.1645 1.11476 1.1141\n-0.573953 -0.736847 -0.201635 -0.00584621 0.999969 0.0051834 0.663304 -1.18414e-06 0.74835 0.748327 0.00781318 -0.663284 0.105915 0.0337849 0.0337839\n0.569157 -0.736811 -0.201908 1 0 0 0 1 0 0 0 1 0.033829 0.10572 0.033829\n0.519975 -0.632628 0.543437 1 0 0 0 1 0 0 0 1 0.046577 0.259639 0.071195\n-0.524527 -0.644991 0.540442 1 0 0 0 1 0 0 0 1 0.046458 0.234746 0.077173\nC 11\n0 1\n0 5\n0 4\n0 3\n0 2\n1 3\n2 3\n3 6\n3 7\n3 4\n3 5\nS 2\n2\n1 0.50368 0.345705 0.189749\n2 -0.516812 0.377519 0.168177\n2\n-0.00656574 0.361612 0.178963\n-0.999291 0.0311535 -0.0211238\n2\n6 0.519975 -0.632628 0.543437\n7 -0.524527 -0.644991 0.540442\n2\n-0.00227625 -0.638809 0.54194\n-0.999926 -0.0118359 -0.00286623\nL 8\n0\n3\n3\n1\n2\n2\n2\n2"
}