{
    "boxes": [
        [
            0.002671089954674244,
            -0.1262650042772293,
            0.07972980290651321,
            0.23820799589157104,
            0.7789930105209351,
            0.8486689925193787,
            -0.020193900913000107,
            0.9995989799499512,
            0.01986739970743656,
            0.0002006410068133846,
            -0.01986739970743656,
            0.9998030066490173
        ],
        [
            -0.3599250018596649,
            0.04378199949860573,
            0.1544020026922226,
            0.22764399647712708,
            0.6265630125999451,
            0.11991599947214127,
            0.0,
            1.0,
            0.0,
            0.0,
            0.0,
            1.0
        ],
        [
            -0.34421399235725403,
            -0.5033230185508728,
            -0.3295460045337677,
            0.6430619955062866,
            0.09788230061531067,
            0.0879421979188919,
            -0.015376600436866283,
            0.9794480204582214,
            0.20111200213432312,
            -0.4841090142726898,
            -0.1832820028066635,
            0.8555970191955566
        ],
        [
            -0.37762099504470825,
            -0.5065209865570068,
            0.43143099546432495,
            0.6192669868469238,
            0.07262100279331207,
            0.08538799732923508,
            0.0,
            1.0,
            0.0,
            0.0,
            0.0,
            1.0
        ],
        [
            0.0027580000460147858,
            0.31760498881340027,
            -0.22360900044441223,
            0.8011620044708252,
            0.1266379952430725,
            0.7796840071678162,
            0.0,
            1.0,
            0.0,
            0.0,
            0.0,
            1.0
        ]
    ],
    "ops": [
        [
            0,
            0,
            2,
            1,
            0,
            0,
            1,
            2,
            1,
            0,
            1
        ]
    ],
    "syms": [
        [
            0.0,
            0.9999849796295166,
            0.00540419016033411,
            0.00044824599171988666,
            0.0022173700854182243,
            0.04573909938335419,
            0.1545639932155609,
            0.0
        ],
        [
            0.0,
            0.9999970197677612,
            -0.0013995199697092175,
            -0.0019514600280672312,
            0.0025770000647753477,
            -0.5038080215454102,
            -0.3302229940891266,
            0.0
        ]
    ],
    "labels:": [
        [
            1,
            3,
            2,
            2,
            0
        ]
    ],
    "obj": 37231,
    "mat_index": 1987,
    "obbs": "N 8\n0.002758 0.317605 -0.223609 1 0 0 0 1 0 0 0 1 0.779684 0.801162 0.126638\n0.36436 0.0476962 0.154726 0.0839513 -0.996411 -0.0108038 0.99541 0.084357 -0.0451978 0.045947 -0.00695983 0.99892 0.22412 0.110915 0.630223\n-0.359925 0.043782 0.154402 1 0 0 0 1 0 0 0 1 0.119916 0.227644 0.626563\n0.00267109 -0.126265 0.0797298 -0.000200641 0.0198674 -0.999803 -0.0201939 0.999599 0.0198674 0.999796 0.0201939 0.000200641 0.778993 0.238208 0.848669\n-0.344214 -0.503323 -0.329546 0.484109 0.183282 -0.855597 0.874873 -0.084204 0.476977 0.0153766 -0.979448 -0.201112 0.0978823 0.0879422 0.643062\n0.349368 -0.504293 -0.330899 -0.316663 0.202596 -0.92665 0.948346 0.0479661 -0.31359 -0.0190843 -0.978087 -0.20732 0.0940796 0.0804241 0.640621\n0.383778 -0.506581 0.439442 1 0 0 0 1 0 0 0 1 0.084548 0.619182 0.056599\n-0.377621 -0.506521 0.431431 1 0 0 0 1 0 0 0 1 0.085388 0.619267 0.072621\nC 15\n0 1\n0 5\n0 4\n0 3\n0 2\n1 3\n1 5\n1 6\n2 7\n2 4\n2 3\n3 6\n3 7\n3 4\n3 5\nS 3\n2\n1 0.36436 0.0476962 0.154726\n2 -0.359925 0.043782 0.154402\n2\n0.00221737 0.0457391 0.154564\n-0.999985 -0.00540419 -0.000448246\n2\n4 -0.344214 -0.503323 -0.329546\n5 0.349368 -0.504293 -0.330899\n2\n0.002577 -0.503808 -0.330223\n0.999997 -0.00139952 -0.00195146\n2\n6 0.383778 -0.506581 0.439442\n7 -0.377621 -0.506521 0.431431\n2\n0.0030785 -0.506551 0.435437\n-0.999945 7.81413e-05 -0.0105208\nL 8\n0\n3\n3\n1\n2\n2\n2\n2"
}