{
    "boxes": [
        [
            -0.0017600399442017078,
            -0.20810100436210632,
            0.25290900468826294,
            0.3216240108013153,
            0.9109910130500793,
            1.0763100385665894,
            0.00020035500347148627,
            0.992887020111084,
            -0.11906000226736069,
            1.1969699698965997e-05,
            0.11906000226736069,
            0.992887020111084
        ],
        [
            0.2865700125694275,
            0.09384150058031082,
            -0.37563401460647583,
            0.035969000309705734,
            0.08375100046396255,
            0.6436399817466736,
            0.0,
            1.0,
            0.0,
            0.0,
            0.0,
            1.0
        ],
        [
            -0.5726150274276733,
            0.12700599431991577,
            -0.013350199908018112,
            0.06280720233917236,
            0.807712972164154,
            0.08152669668197632,
            -0.052058201283216476,
            0.995652973651886,
            -0.07723920047283173,
            -0.0020148400217294693,
            0.07723920047283173,
            0.9970110058784485
        ],
        [
            -0.001765000051818788,
            -0.6763870120048523,
            -0.36002299189567566,
            0.02871299907565117,
            0.09858100116252899,
            0.9140719771385193,
            0.0,
            1.0,
            0.0,
            0.0,
            0.0,
            1.0
        ],
        [
            -0.49680399894714355,
            -0.6713809967041016,
            0.06400550156831741,
            0.040846001356840134,
            0.9466950297355652,
            0.07812999933958054,
            0.0,
            1.0,
            0.0,
            0.0,
            0.0,
            1.0
        ],
        [
            -0.49680399894714355,
            -0.4525130093097687,
            0.5094860196113586,
            0.4710099995136261,
            0.20236100256443024,
            0.07812999933958054,
            0.0,
            1.0,
            0.0,
            0.0,
            0.0,
            1.0
        ],
        [
            -0.001765000051818788,
            0.0641971006989479,
            -0.05125359818339348,
            1.4486600160598755,
            0.7071880102157593,
            1.0660799741744995,
            4.020669855119356e-17,
            0.7138260006904602,
            -0.7003229856491089,
            9.57718977636756e-17,
            0.7003229856491089,
            0.7138260006904602
        ],
        [
            -0.0006699999794363976,
            0.34342899918556213,
            -0.28731998801231384,
            0.9053159952163696,
            0.1401890069246292,
            1.049090027809143,
            -0.0,
            0.9819589853286743,
            -0.18909500539302826,
            0.0,
            0.18909500539302826,
            0.9819589853286743
        ],
        [
            -0.0017644800245761871,
            0.29944300651550293,
            -0.36675798892974854,
            0.8010159730911255,
            0.040125101804733276,
            1.076300024986267,
            4.878369850302988e-07,
            0.9837579727172852,
            -0.17949999868869781,
            5.849040007888107e-07,
            0.17949999868869781,
            0.9837579727172852
        ]
    ],
    "ops": [
        [
            0,
            0,
            0,
            1,
            2,
            1,
            0,
            0,
            0,
            1,
            2,
            1,
            1,
            0,
            0,
            0,
            1,
            1,
            1
        ]
    ],
    "syms": [
        [
            0.0,
            0.9999409914016724,
            -9.942740143742412e-05,
            -0.010844100266695023,
            -0.007292119786143303,
            0.09387069940567017,
            -0.37244701385498047,
            0.0
        ],
        [
            0.0,
            0.9999740123748779,
            0.005299950018525124,
            -0.004902009852230549,
            -0.001765000051818788,
            -0.6687570214271545,
            0.06157879903912544,
            0.0
        ]
    ],
    "labels:": [
        [
            1,
            3,
            3,
            2,
            2,
            2,
            0,
            0,
            0
        ]
    ],
    "obj": 37236,
    "mat_index": 1990,
    "obbs": "N 13\n-0.00067 0.343429 -0.28732 1 0 0 0 0.189095 0.981959 0 -0.981959 0.189095 1.04909 0.140189 0.905316\n-0.301154 0.0938999 -0.36926 0.999989 -0.00467816 5.60755e-05 0.00467816 0.999702 -0.0239697 5.60755e-05 0.0239697 0.999713 0.620977 0.0369593 0.0961379\n0.28657 0.0938415 -0.375634 1 0 0 0 1 0 0 0 1 0.64364 0.035969 0.083751\n-0.00176004 -0.208101 0.252909 -1.19697e-05 -0.11906 -0.992887 0.000200355 0.992887 -0.11906 1 -0.000200355 1.19697e-05 0.910991 0.321624 1.07631\n-0.572615 0.127006 -0.0133502 0.998642 0.0520582 -0.00201484 -0.0520582 0.995653 -0.0772392 -0.00201484 0.0772392 0.997011 0.0815267 0.0628072 0.807713\n0.568333 0.126166 -0.00668278 0.998956 -0.0456353 0.00182983 0.0456353 0.995748 -0.0800233 0.00182983 0.0800233 0.996791 0.0825437 0.0613586 0.794512\n0.493274 -0.666133 0.059152 1 0 0 0 1 0 0 0 1 0.07813 0.051343 0.936948\n-0.001765 -0.676387 -0.360023 1 0 0 0 1 0 0 0 1 0.914072 0.028713 0.098581\n-0.496804 -0.671381 0.0640055 1 0 0 0 1 0 0 0 1 0.07813 0.040846 0.946695\n-0.00176448 0.299443 -0.366758 1 -5.84904e-07 -4.87837e-07 5.84904e-07 0.1795 0.983758 -4.87837e-07 -0.983758 0.1795 1.0763 0.0401251 0.801016\n-0.496804 -0.452513 0.509486 1 0 0 0 1 0 0 0 1 0.07813 0.47101 0.202361\n0.493274 -0.44996 0.509498 1 0 0 0 1 0 0 0 1 0.07813 0.465903 0.202385\n-0.001765 0.0641971 -0.0512536 1 -9.57719e-17 -4.02067e-17 9.57719e-17 0.700323 0.713826 -4.02067e-17 -0.713826 0.700323 1.06608 0.707188 1.44866\nC 37\n0 3\n0 4\n0 12\n0 5\n0 1\n0 9\n0 2\n1 3\n1 2\n1 4\n1 9\n1 12\n2 12\n2 5\n2 9\n2 3\n3 11\n3 10\n3 6\n3 9\n3 5\n3 12\n3 8\n3 4\n4 12\n4 9\n5 9\n5 12\n6 7\n6 11\n6 12\n7 8\n8 10\n8 12\n9 12\n10 12\n11 12\nS 4\n2\n1 -0.301154 0.0938999 -0.36926\n2 0.28657 0.0938415 -0.375634\n2\n-0.00729212 0.0938707 -0.372447\n0.999941 -9.94274e-05 -0.0108441\n2\n4 -0.572615 0.127006 -0.0133502\n5 0.568333 0.126166 -0.00668278\n2\n-0.00214099 0.126586 -0.0100165\n0.999983 -0.000736034 0.00584361\n2\n6 0.493274 -0.666133 0.059152\n8 -0.496804 -0.671381 0.0640055\n2\n-0.001765 -0.668757 0.0615788\n-0.999974 -0.00529995 0.00490201\n2\n10 -0.496804 -0.452513 0.509486\n11 0.493274 -0.44996 0.509498\n2\n-0.001765 -0.451236 0.509492\n0.999997 0.00257908 1.21202e-05\nL 13\n0\n3\n3\n1\n3\n3\n2\n2\n2\n0\n2\n2\n0"
}