{
    "boxes": [
        [
            -0.002647500019520521,
            -0.11798200011253357,
            0.10607600212097168,
            0.22934000194072723,
            1.0586800575256348,
            1.0512900352478027,
            0.0,
            1.0,
            0.0,
            0.0,
            0.0,
            1.0
        ],
        [
            -0.5089060068130493,
            0.2828409969806671,
            0.08152669668197632,
            0.14808499813079834,
            1.135040044784546,
            0.1298460066318512,
            0.08304189890623093,
            0.995851993560791,
            0.037178199738264084,
            0.01083619985729456,
            -0.038207199424505234,
            0.9992110133171082
        ],
        [
            -0.5025429725646973,
            0.07081490010023117,
            0.41957101225852966,
            0.44101300835609436,
            0.14816200733184814,
            0.08435449749231339,
            0.01009919960051775,
            0.9085190296173096,
            -0.4177210032939911,
            0.017728300765156746,
            0.41751399636268616,
            0.9084979891777039
        ],
        [
            -0.47059300541877747,
            -0.43126800656318665,
            -0.360291987657547,
            0.45537200570106506,
            0.11116400361061096,
            0.11539600044488907,
            0.0,
            1.0,
            0.0,
            0.0,
            0.0,
            1.0
        ],
        [
            -0.4635410010814667,
            -0.4308120012283325,
            0.5753030180931091,
            0.4561930000782013,
            0.12022200226783752,
            0.12950100004673004,
            0.0,
            1.0,
            0.0,
            0.0,
            0.0,
            1.0
        ],
        [
            -0.45645400881767273,
            0.26370400190353394,
            -0.4385730028152466,
            0.8115929961204529,
            0.14225299656391144,
            0.2100210040807724,
            0.06061989814043045,
            0.9788910150527954,
            -0.19518500566482544,
            0.19903700053691864,
            0.17976300418376923,
            0.9633640050888062
        ],
        [
            0.005431499797850847,
            0.5785120129585266,
            -0.5204560160636902,
            0.11689300090074539,
            0.08481200039386749,
            0.8221909999847412,
            0.0,
            1.0,
            0.0,
            0.0,
            0.0,
            1.0
        ]
    ],
    "ops": [
        [
            0,
            0,
            0,
            1,
            2,
            1,
            0,
            0,
            1,
            2,
            1,
            0,
            2,
            0,
            2,
            1,
            1
        ]
    ],
    "syms": [
        [
            0.0,
            0.9999600052833557,
            -0.00542647996917367,
            -0.007155729923397303,
            -0.00330614997074008,
            0.28009799122810364,
            0.07790859788656235,
            0.0
        ],
        [
            0.0,
            0.9999859929084778,
            0.0003104450006503612,
            0.005329220090061426,
            -0.005944749806076288,
            -0.4311240017414093,
            -0.35781601071357727,
            0.0
        ],
        [
            0.0,
            0.9999740123748779,
            0.0069330302067101,
            -0.001755130011588335,
            -0.007075429894030094,
            0.2668200135231018,
            -0.43936100602149963,
            0.0
        ],
        [
            1.0,
            -0.011431310325860977,
            -0.19188234210014343,
            0.24048666656017303,
            -0.00962080992758274,
            0.000954983988776803,
            -0.41397199034690857,
            0.25
        ]
    ],
    "labels:": [
        [
            1,
            3,
            3,
            2,
            2,
            0,
            0
        ]
    ],
    "obj": 37284,
    "mat_index": 2015,
    "obbs": "N 15\n-0.0026475 -0.117982 0.106076 1 0 0 0 1 0 0 0 1 1.05129 0.22934 1.05868\n-0.456454 0.263704 -0.438573 0.978115 -0.0972481 -0.183939 0.199037 0.179763 0.963364 -0.0606199 -0.978891 0.195185 0.210021 0.142253 0.811593\n0.442303 0.269935 -0.44015 0.0264192 0.981989 -0.187083 -0.280895 0.186901 0.941364 0.959375 0.0276807 0.280773 0.799806 0.146096 0.220151\n0.0054315 0.578512 -0.520456 1 0 0 0 1 0 0 0 1 0.822191 0.116893 0.084812\n-0.00567132 0.380132 -0.48537 0.999999 -0.000902946 -0.000729437 0.000902946 0.210209 0.977656 -0.000729437 -0.977656 0.21021 0.799961 0.066352 0.139531\n-0.0246284 0.190505 -0.453916 0.999984 0.00447458 0.00341664 -0.00447458 0.263385 0.96468 0.00341664 -0.96468 0.263401 0.800438 0.0602529 0.151773\n-0.00962081 0.000954984 -0.413972 0.00474054 0.963688 -0.266989 0.00623238 0.266958 0.963688 0.999969 -0.00623238 -0.00474054 0.118008 0.0647249 0.805127\n0.502294 0.277354 0.0742905 1 0 0 0 1 0 0 0 1 0.119212 0.17233 1.14464\n-0.508906 0.282841 0.0815267 -0.0830419 -0.995852 -0.0371782 0.996487 -0.0825735 -0.0139641 0.0108362 -0.0382072 0.999211 0.148085 0.129846 1.13504\n0.503667 0.0945967 0.407174 -0.06041 -0.400553 -0.91428 0.997904 -0.0455243 -0.0459908 -0.0232003 -0.915142 0.402463 0.148085 0.0913062 0.460621\n-0.502543 0.0708149 0.419571 -0.0177283 -0.417514 -0.908498 0.999792 -0.0165806 -0.01189 -0.0100992 -0.908519 0.417721 0.148162 0.0843545 0.441013\n0.458704 -0.43098 -0.35534 1 0 0 0 1 0 0 0 1 0.128587 0.455869 0.121067\n-0.470593 -0.431268 -0.360292 1 0 0 0 1 0 0 0 1 0.115396 0.455372 0.111164\n-0.463541 -0.430812 0.575303 1 0 0 0 1 0 0 0 1 0.129501 0.456193 0.120222\n0.465143 -0.43091 0.570167 1 0 0 0 1 0 0 0 1 0.115698 0.456102 0.130145\nC 41\n0 14\n0 2\n0 7\n0 10\n0 11\n0 12\n0 5\n0 8\n0 1\n0 13\n0 6\n0 9\n1 3\n1 6\n1 5\n1 4\n1 12\n1 8\n2 5\n2 6\n2 3\n2 7\n2 11\n2 4\n3 7\n3 8\n3 4\n4 7\n4 8\n4 5\n5 6\n5 8\n5 7\n6 7\n6 11\n6 12\n6 8\n7 9\n8 10\n9 14\n10 13\nS 6\n2\n1 -0.456454 0.263704 -0.438573\n2 0.442303 0.269935 -0.44015\n2\n-0.00707543 0.26682 -0.439361\n0.999974 0.00693303 -0.00175513\n4\n3 0.0054315 0.578512 -0.520456\n4 -0.00567132 0.380132 -0.48537\n5 -0.0246284 0.190505 -0.453916\n6 -0.00962081 0.000954984 -0.413972\n1\n0 0 0\n0 0 0\n2\n7 0.502294 0.277354 0.0742905\n8 -0.508906 0.282841 0.0815267\n2\n-0.00330615 0.280098 0.0779086\n-0.99996 0.00542648 0.00715573\n2\n9 0.503667 0.0945967 0.407174\n10 -0.502543 0.0708149 0.419571\n2\n0.000562344 0.0827058 0.413372\n-0.999645 -0.0236266 0.0123165\n2\n11 0.458704 -0.43098 -0.35534\n12 -0.470593 -0.431268 -0.360292\n2\n-0.00594475 -0.431124 -0.357816\n-0.999986 -0.000310445 -0.00532922\n2\n13 -0.463541 -0.430812 0.575303\n14 0.465143 -0.43091 0.570167\n2\n0.00080075 -0.430861 0.572735\n0.999985 -0.000104986 -0.00553086\nL 15\n1\n0\n0\n0\n0\n0\n0\n3\n3\n3\n3\n2\n2\n2\n2"
}