{
    "boxes": [
        [
            0.01440150011330843,
            -0.13572899997234344,
            0.12182500213384628,
            0.4556739926338196,
            0.9504799842834473,
            0.9625750184059143,
            0.0,
            1.0,
            0.0,
            0.0,
            0.0,
            1.0
        ],
        [
            0.015182499773800373,
            -0.4150649905204773,
            0.12182600051164627,
            0.18784199655056,
            0.11270499974489212,
            0.11270499974489212,
            0.0,
            1.0,
            0.0,
            0.0,
            0.0,
            1.0
        ],
        [
            -0.146915003657341,
            -0.5520510077476501,
            -0.10128200054168701,
            0.07403910160064697,
            0.5998029708862305,
            0.04696030169725418,
            -0.21064500510692596,
            0.9335799813270569,
            -0.2899250090122223,
            0.5487449765205383,
            0.35836800932884216,
            0.7552819848060608
        ],
        [
            -0.5281059741973877,
            0.15164299309253693,
            0.12182699888944626,
            1.019860029220581,
            0.05429359897971153,
            0.05796059966087341,
            -0.1584099978208542,
            0.9873319864273071,
            -0.009071250446140766,
            0.2483769953250885,
            0.04873879998922348,
            0.9674360156059265
        ],
        [
            0.015215500257909298,
            0.23111100494861603,
            -0.19093100726604462,
            0.8565580248832703,
            0.6781089901924133,
            1.3035500049591064,
            0.0,
            1.0,
            0.0,
            0.0,
            0.0,
            1.0
        ],
        [
            0.015182499773800373,
            -0.17274899780750275,
            -0.13210700452327728,
            0.03573000058531761,
            0.5078639984130859,
            1.0181000232696533,
            -4.188149858205519e-20,
            1.0,
            0.0,
            0.0,
            -0.0,
            1.0
        ]
    ],
    "ops": [
        [
            0,
            0,
            0,
            2,
            1,
            1,
            0,
            2,
            0,
            0,
            2,
            1,
            1,
            1
        ]
    ],
    "syms": [
        [
            -1.0,
            5.900350075194183e-08,
            1.0,
            8.952570169640239e-07,
            0.01518240012228489,
            -0.5520520210266113,
            0.12182500213384628,
            0.20000000298023224
        ],
        [
            0.0,
            0.9999939799308777,
            -0.003590669948607683,
            1.3139699603925692e-06,
            0.013348699547350407,
            0.14969900250434875,
            0.12182699888944626,
            0.0
        ],
        [
            0.0,
            -6.193669719323225e-07,
            0.9974709749221802,
            -0.07107669860124588,
            0.01518229953944683,
            0.22986799478530884,
            -0.16079600155353546,
            0.0
        ]
    ],
    "labels:": [
        [
            1,
            2,
            2,
            0,
            0,
            0
        ]
    ],
    "obj": 37292,
    "mat_index": 2021,
    "obbs": "N 12\n0.0152155 0.231111 -0.190931 1 0 0 0 1 0 0 0 1 1.30355 0.856558 0.678109\n0.0151825 -0.172749 -0.132107 1 4.18815e-20 0 -4.18815e-20 1 0 0 -0 1 1.0181 0.03573 0.507864\n0.015182 0.632486 -0.189486 1 0 0 0 1 0 0 0 1 1.29163 0.046483 0.669139\n0.0151825 -0.415065 0.121826 1 0 0 0 1 0 0 0 1 0.112705 0.187842 0.112705\n0.554804 0.147755 0.121828 0.158093 0.98729 -0.0162556 0.987032 -0.157544 0.0307874 0.0278351 -0.0209121 -0.999394 1.02822 0.0623016 0.0637706\n-0.528106 0.151643 0.121827 -0.248377 -0.0487388 -0.967436 0.955623 0.150999 -0.252952 0.15841 -0.987332 0.00907125 0.0542936 0.0579606 1.01986\n0.277461 -0.552052 0.207044 0.340825 0.933581 0.110746 -0.309019 -4.62116e-06 0.951056 0.887888 -0.358366 0.288493 0.0740389 0.0469607 0.599802\n0.177279 -0.552052 -0.101282 0.548745 -0.358368 -0.755282 0.809017 9.57979e-07 0.587785 -0.210643 -0.93358 0.289927 0.599803 0.0469609 0.0740391\n-0.146915 -0.552051 -0.101282 0.210645 -0.93358 0.289925 0.809017 1.18664e-06 -0.587786 0.548745 0.358368 0.755282 0.0740391 0.0469603 0.599803\n-0.247096 -0.552052 0.207044 -0.340825 0.933581 0.110746 0.309019 -4.56944e-06 0.951056 0.887888 0.358366 -0.288493 0.0740389 0.0469607 0.599802\n0.0151825 -0.552052 0.397601 3.19515e-07 -0.93358 -0.358368 1 2.9641e-07 1.19408e-07 -5.2527e-09 -0.358368 0.93358 0.0740388 0.046961 0.599802\n0.0144015 -0.135729 0.121825 1 0 0 0 1 0 0 0 1 0.962575 0.455674 0.95048\nC 42\n0 2\n0 7\n0 10\n0 3\n0 11\n0 4\n0 5\n0 8\n0 1\n0 6\n0 9\n1 3\n1 6\n1 11\n1 5\n1 10\n1 4\n1 9\n1 8\n1 7\n2 5\n2 4\n3 11\n3 7\n3 10\n3 6\n3 9\n3 8\n4 11\n4 6\n5 9\n5 11\n6 9\n6 7\n6 10\n6 8\n7 10\n7 9\n7 8\n8 9\n8 10\n9 10\nS 3\n2\n1 0.0151825 -0.172749 -0.132107\n2 0.015182 0.632486 -0.189486\n2\n0.0151823 0.229868 -0.160796\n-6.19367e-07 0.997471 -0.0710767\n2\n4 0.554804 0.147755 0.121828\n5 -0.528106 0.151643 0.121827\n2\n0.0133487 0.149699 0.121827\n-0.999994 0.00359067 -1.31397e-06\n5\n9 -0.247096 -0.552052 0.207044\n10 0.0151825 -0.552052 0.397601\n6 0.277461 -0.552052 0.207044\n7 0.177279 -0.552052 -0.101282\n8 -0.146915 -0.552051 -0.101282\n3\n0.0151824 -0.552052 0.121825\n5.90035e-08 1 8.95257e-07\nL 12\n0\n0\n0\n2\n0\n0\n2\n2\n2\n2\n2\n1"
}