{
    "boxes": [
        [
            -0.0014585000462830067,
            -0.033926498144865036,
            0.11218299716711044,
            0.0614750012755394,
            0.7353879809379578,
            0.7352290153503418,
            0.0,
            1.0,
            0.0,
            0.0,
            0.0,
            1.0
        ],
        [
            -0.3629299998283386,
            -0.3807179927825928,
            -0.23183399438858032,
            0.8356800079345703,
            0.18758900463581085,
            0.1294730007648468,
            0.2015029937028885,
            0.9641510248184204,
            0.17265500128269196,
            -0.6924499869346619,
            0.015552500262856483,
            0.7212979793548584
        ],
        [
            -0.3937869966030121,
            -0.39625900983810425,
            0.34116899967193604,
            0.810168981552124,
            0.17003899812698364,
            0.10633700340986252,
            0.16759300231933594,
            0.9832649827003479,
            -0.07143080234527588,
            0.44284701347351074,
            -0.010350699536502361,
            0.8965380191802979
        ],
        [
            -0.009728499688208103,
            0.2951909899711609,
            -0.24125799536705017,
            0.10916399955749512,
            0.10914800316095352,
            0.5585070252418518,
            0.0,
            1.0,
            0.0,
            0.0,
            0.0,
            1.0
        ],
        [
            -0.0049519301392138,
            0.3658910095691681,
            -0.267985999584198,
            0.7623670101165771,
            0.23705799877643585,
            0.7340750098228455,
            0.0011298599420115352,
            0.9036120176315308,
            -0.4283500015735626,
            0.001785979955457151,
            0.42834800481796265,
            0.9036120176315308
        ]
    ],
    "ops": [
        [
            0,
            0,
            0,
            1,
            2,
            1,
            0,
            0,
            1,
            1
        ]
    ],
    "syms": [
        [
            0.0,
            0.9999250173568726,
            -0.011137300170958042,
            -0.005135039798915386,
            -0.003973210230469704,
            -0.3847160041332245,
            -0.2336769998073578,
            0.0
        ]
    ],
    "labels:": [
        [
            1,
            2,
            2,
            0,
            0
        ]
    ],
    "obj": 37302,
    "mat_index": 2026,
    "obbs": "N 7\n-0.0014585 -0.0339265 0.112183 1 0 0 0 1 0 0 0 1 0.735229 0.061475 0.735388\n-0.36293 -0.380718 -0.231834 0.69245 -0.0155525 -0.721298 0.692755 -0.264898 0.67076 -0.201503 -0.964151 -0.172655 0.187589 0.129473 0.83568\n0.354984 -0.388714 -0.23552 -0.196055 0.964536 0.176729 -0.660981 -0.263118 0.702761 0.724339 0.0209656 0.689125 0.819147 0.13133 0.18821\n0.389187 -0.395069 0.344865 0.459186 0.00708184 -0.888312 0.871814 0.188395 0.452159 0.170556 -0.982068 0.0803343 0.17029 0.104897 0.809839\n-0.393787 -0.396259 0.341169 -0.167593 -0.983265 0.0714308 0.880795 -0.181886 -0.43717 0.442847 -0.0103507 0.896538 0.810169 0.106337 0.170039\n-0.0097285 0.295191 -0.241258 1 0 0 0 1 0 0 0 1 0.558507 0.109164 0.109148\n-0.00495193 0.365891 -0.267986 0.999998 -0.00178598 -0.00112986 0.00178598 0.428348 0.903612 -0.00112986 -0.903612 0.42835 0.734075 0.237058 0.762367\nC 12\n0 1\n0 6\n0 4\n0 3\n0 2\n1 5\n1 6\n2 6\n2 5\n3 6\n4 6\n5 6\nS 2\n2\n1 -0.36293 -0.380718 -0.231834\n2 0.354984 -0.388714 -0.23552\n2\n-0.00397321 -0.384716 -0.233677\n0.999925 -0.0111373 -0.00513504\n2\n3 0.389187 -0.395069 0.344865\n4 -0.393787 -0.396259 0.341169\n2\n-0.00230041 -0.395664 0.343017\n-0.999988 -0.00152022 -0.00472019\nL 7\n1\n2\n2\n2\n2\n0\n0"
}