{
    "boxes": [
        [
            -0.005271140020340681,
            -0.07971470057964325,
            0.17083600163459778,
            0.39607399702072144,
            0.8319699764251709,
            1.2210700511932373,
            -0.0018032999942079186,
            0.9945909976959229,
            -0.1038530021905899,
            -9.389250044478104e-05,
            0.1038530021905899,
            0.9945930242538452
        ],
        [
            0.5251060128211975,
            0.11593600362539291,
            0.07864949852228165,
            0.38479098677635193,
            0.6728050112724304,
            0.19831299781799316,
            0.39646100997924805,
            0.8038830161094666,
            -0.4433859884738922,
            0.25218600034713745,
            0.369022011756897,
            0.894553005695343
        ],
        [
            -0.011470000259578228,
            -0.42897599935531616,
            0.08784849941730499,
            0.33398398756980896,
            0.07444500178098679,
            0.0744440034031868,
            0.0,
            1.0,
            0.0,
            0.0,
            0.0,
            1.0
        ],
        [
            -0.011470000259578228,
            -0.5725449919700623,
            -0.2079389989376068,
            0.0583529993891716,
            0.5276110172271729,
            0.017983999103307724,
            0.0,
            1.0,
            0.0,
            0.0,
            0.0,
            1.0
        ],
        [
            -0.0853390023112297,
            0.24389900267124176,
            -0.3478209972381592,
            1.1443699598312378,
            0.27542001008987427,
            1.0260000228881836,
            -0.3497200012207031,
            0.8655520081520081,
            -0.358489990234375,
            0.013862499967217445,
            0.3873920142650604,
            0.9218109846115112
        ]
    ],
    "ops": [
        [
            0,
            0,
            2,
            1,
            0,
            0,
            2,
            1,
            1,
            0,
            1
        ]
    ],
    "syms": [
        [
            0.0,
            0.9985269904136658,
            -0.001234850031323731,
            -0.05424559861421585,
            -0.022833900526165962,
            0.1166130006313324,
            0.10841699689626694,
            0.0
        ],
        [
            -1.0,
            0.0,
            1.0,
            0.0,
            -0.011470000259578228,
            -0.5725449919700623,
            0.08784849941730499,
            0.25
        ]
    ],
    "labels:": [
        [
            1,
            3,
            2,
            2,
            0
        ]
    ],
    "obj": 37318,
    "mat_index": 2035,
    "obbs": "N 9\n-0.085339 0.243899 -0.347821 0.936752 0.317406 -0.147477 0.0138625 0.387392 0.921811 0.34972 -0.865552 0.35849 1.026 0.27542 1.14437\n0.525106 0.115936 0.0786495 -0.252186 -0.369022 -0.894553 0.882735 -0.466471 -0.0564253 -0.396461 -0.803883 0.443386 0.672805 0.198313 0.384791\n-0.570774 0.117291 0.138184 -0.434559 0.880798 -0.188024 0.893527 0.447817 0.0326897 0.112994 -0.153799 -0.98162 0.397702 0.170389 0.693722\n-0.01147 -0.428976 0.0878485 1 0 0 0 1 0 0 0 1 0.074444 0.333984 0.074445\n-0.00527114 -0.0797147 0.170836 0.999998 0.0018033 -9.38925e-05 -0.0018033 0.994591 -0.103853 -9.38925e-05 0.103853 0.994593 1.22107 0.396074 0.83197\n-0.307258 -0.572545 0.0878485 1 0 0 0 1 0 0 0 1 0.527612 0.058353 0.017985\n-0.01147 -0.572545 0.383636 1 0 0 0 1 0 0 0 1 0.017984 0.058353 0.527611\n-0.01147 -0.572545 -0.207939 1 0 0 0 1 0 0 0 1 0.017984 0.058353 0.527611\n0.284318 -0.572545 0.0878485 1 0 0 0 1 0 0 0 1 0.527612 0.058353 0.017985\nC 18\n0 1\n0 2\n0 5\n0 4\n0 3\n1 4\n2 4\n3 8\n3 6\n3 7\n3 4\n3 5\n5 6\n5 7\n5 8\n6 7\n6 8\n7 8\nS 2\n2\n1 0.525106 0.115936 0.0786495\n2 -0.570774 0.117291 0.138184\n2\n-0.0228339 0.116613 0.108417\n-0.998527 0.00123485 0.0542456\n4\n8 0.284318 -0.572545 0.0878485\n6 -0.01147 -0.572545 0.383636\n5 -0.307258 -0.572545 0.0878485\n7 -0.01147 -0.572545 -0.207939\n3\n-0.01147 -0.572545 0.0878485\n0 1 0\nL 9\n0\n3\n3\n2\n1\n2\n2\n2\n2"
}