{
    "boxes": [
        [
            0.046124499291181564,
            -0.2519479990005493,
            0.16031500697135925,
            0.6001669764518738,
            1.2122100591659546,
            1.3410999774932861,
            0.0,
            1.0,
            0.0,
            0.0,
            0.0,
            1.0
        ],
        [
            0.5718740224838257,
            0.3327940106391907,
            0.10532200336456299,
            0.6873660087585449,
            0.7026870250701904,
            0.19923299551010132,
            0.20444799959659576,
            0.977446973323822,
            -0.05289569869637489,
            0.2570590078830719,
            -0.0014702100306749344,
            0.9663950204849243
        ],
        [
            0.014602500014007092,
            -0.5847690105438232,
            0.1609649956226349,
            0.021824000403285027,
            1.0160200595855713,
            1.0160200595855713,
            -1.0455900277263827e-19,
            1.0,
            2.2204500197172533e-16,
            -0.544638991355896,
            -1.862789960692431e-16,
            0.8386710286140442
        ],
        [
            0.0008080449770204723,
            0.06356120109558105,
            -0.3334519863128662,
            1.3082300424575806,
            0.619841992855072,
            1.342360019683838,
            -0.019876699894666672,
            0.9816150069236755,
            -0.18983599543571472,
            0.03936630114912987,
            0.19049499928951263,
            0.9808989763259888
        ]
    ],
    "ops": [
        [
            0,
            0,
            2,
            1,
            0,
            1,
            0,
            1
        ]
    ],
    "syms": [
        [
            0.0,
            0.9987949728965759,
            -0.0003555539879016578,
            -0.04907739907503128,
            0.014945900067687035,
            0.33299198746681213,
            0.1326880007982254,
            0.0
        ]
    ],
    "labels:": [
        [
            1,
            3,
            2,
            0
        ]
    ],
    "obj": 2357,
    "mat_index": 205,
    "obbs": "N 5\n0.000808045 0.0635612 -0.333452 0.999027 0.0120239 -0.042429 0.0393663 0.190495 0.980899 0.0198767 -0.981615 0.189836 1.34236 0.619842 1.30823\n0.571874 0.332794 0.105322 -0.257059 0.00147021 -0.966395 0.944522 -0.211175 -0.251562 -0.204448 -0.977447 0.0528957 0.702687 0.199233 0.687366\n-0.541982 0.33319 0.160053 -0.235072 0.971269 -0.0371311 0.967593 0.237465 0.085869 0.0922192 -0.0157425 -0.995614 0.695535 0.206141 0.746558\n0.0461245 -0.251948 0.160315 1 0 0 0 1 0 0 0 1 1.3411 0.600167 1.21221\n0.0146025 -0.584769 0.160965 0.544639 1.86279e-16 -0.838671 -1.04559e-19 1 2.22045e-16 0.838671 -1.20846e-16 0.544639 1.01602 0.021824 1.01602\nC 7\n0 1\n0 4\n0 3\n0 2\n1 3\n2 3\n3 4\nS 1\n2\n1 0.571874 0.332794 0.105322\n2 -0.541982 0.33319 0.160053\n2\n0.0149459 0.332992 0.132688\n-0.998795 0.000355554 0.0490774\nL 5\n0\n3\n3\n1\n2"
}