{
    "boxes": [
        [
            0.011655500158667564,
            -0.0260624997317791,
            0.13134899735450745,
            0.042879000306129456,
            0.8575649857521057,
            0.8575649857521057,
            0.0,
            1.0,
            0.0,
            0.0,
            0.0,
            1.0
        ],
        [
            0.011655500158667564,
            -0.49549001455307007,
            -0.3626300096511841,
            0.0343019999563694,
            0.0343019999563694,
            0.8575649857521057,
            -0.0,
            1.0,
            -1.9434899513726123e-05,
            0.0,
            1.9434899513726123e-05,
            1.0
        ],
        [
            0.011655500158667564,
            -0.0635175034403801,
            0.03797850012779236,
            0.03430299833416939,
            0.03430299833416939,
            0.8575649857521057,
            -0.0,
            1.0,
            1.0890499879678828e-06,
            0.0,
            -1.0890499879678828e-06,
            1.0
        ],
        [
            -0.417508989572525,
            -0.3904770016670227,
            0.2251340001821518,
            0.8665549755096436,
            0.032987698912620544,
            0.043324101716279984,
            0.010280899703502655,
            0.8695690035820007,
            -0.4937039911746979,
            -0.1613519936800003,
            0.48870301246643066,
            0.8574000000953674
        ],
        [
            -0.41712701320648193,
            -0.3404709994792938,
            -0.27816998958587646,
            0.967756986618042,
            0.03012239933013916,
            0.0343019999563694,
            -0.0,
            0.8781279921531677,
            0.478426992893219,
            0.0,
            -0.478426992893219,
            0.8781279921531677
        ],
        [
            0.0011439200025051832,
            0.6652039885520935,
            -0.3783940076828003,
            0.3463509976863861,
            0.030622299760580063,
            0.8516250252723694,
            -0.0011788300471380353,
            0.867251992225647,
            -0.49786800146102905,
            -0.0020359999034553766,
            0.4978649914264679,
            0.867251992225647
        ],
        [
            0.011399700306355953,
            0.4034239947795868,
            -0.2291090041399002,
            1.0182600021362305,
            0.03427169844508171,
            0.8937559723854065,
            -0.0017195700202137232,
            0.8682060241699219,
            -0.4962010085582733,
            -0.002963369945064187,
            0.496194988489151,
            0.8682060241699219
        ]
    ],
    "ops": [
        [
            0,
            0,
            2,
            0,
            0,
            0,
            1,
            2,
            1,
            1,
            1,
            0,
            0,
            1,
            1
        ]
    ],
    "syms": [
        [
            0.0,
            0.0,
            6.274719892979119e-12,
            1.0,
            0.011655500158667564,
            -0.49549001455307007,
            -0.03875330090522766,
            0.0
        ],
        [
            0.0,
            0.9999849796295166,
            0.00461544981226325,
            -0.0029204199090600014,
            0.01152809988707304,
            -0.388496994972229,
            0.22388100624084473,
            0.0
        ]
    ],
    "labels:": [
        [
            1,
            2,
            2,
            2,
            2,
            0,
            0
        ]
    ],
    "obj": 37415,
    "mat_index": 2087,
    "obbs": "N 10\n0.00114392 0.665204 -0.378394 0.999997 0.002036 0.00117883 -0.002036 0.497865 0.867252 0.00117883 -0.867252 0.497868 0.851625 0.0306223 0.346351\n0.0116555 -0.0635175 0.0379785 1 0 0 -0 1 1.08905e-06 0 -1.08905e-06 1 0.857565 0.034303 0.034303\n0.0116555 -0.49549 -0.36263 1 0 0 0 1.94349e-05 1 0 -1 1.94349e-05 0.857565 0.034302 0.034302\n0.0116555 -0.49549 0.285123 1 0 0 -0 8.12895e-06 1 0 -1 8.12895e-06 0.857565 0.034303 0.034302\n0.0116555 -0.0260625 0.131349 1 0 0 0 1 0 0 0 1 0.857565 0.042879 0.857565\n0.440565 -0.386516 0.222628 -0.997666 -0.0215123 -0.0647995 -0.0669393 0.495132 0.866235 0.0134496 0.868552 -0.495416 0.0454558 0.0315921 0.875888\n-0.417509 -0.390477 0.225134 0.0102809 0.869569 -0.493704 -0.161352 0.488703 0.8574 0.986843 0.0708453 0.145331 0.866555 0.0329877 0.0433241\n0.440439 -0.340471 -0.27817 1 -2.48286e-11 -4.18017e-11 2.48286e-11 -0.478427 0.878128 -4.18017e-11 -0.878128 -0.478427 0.034303 0.0301224 0.967757\n-0.417127 -0.340471 -0.27817 1 0 -0 0 -0.478427 0.878128 0 -0.878128 -0.478427 0.034302 0.0301224 0.967757\n0.0113997 0.403424 -0.229109 0.999994 0.00296337 0.00171957 -0.00296337 0.496195 0.868206 0.00171957 -0.868206 0.496201 0.893756 0.0342717 1.01826\nC 22\n0 9\n1 6\n1 5\n1 4\n1 9\n1 8\n1 7\n2 8\n2 7\n3 6\n3 5\n4 7\n4 8\n4 9\n4 5\n4 6\n5 9\n5 7\n6 9\n6 8\n7 9\n8 9\nS 3\n2\n2 0.0116555 -0.49549 -0.36263\n3 0.0116555 -0.49549 0.285123\n2\n0.0116555 -0.49549 -0.0387533\n0 6.27472e-12 1\n2\n5 0.440565 -0.386516 0.222628\n6 -0.417509 -0.390477 0.225134\n2\n0.0115281 -0.388497 0.223881\n-0.999985 -0.00461545 0.00292042\n2\n7 0.440439 -0.340471 -0.27817\n8 -0.417127 -0.340471 -0.27817\n2\n0.0116557 -0.340471 -0.27817\n-1 1.29462e-16 6.47311e-17\nL 10\n0\n2\n2\n2\n1\n2\n2\n2\n2\n0"
}