{
    "boxes": [
        [
            0.009646819904446602,
            0.05911429971456528,
            0.18869400024414062,
            0.05183139815926552,
            0.6952000260353088,
            0.7979239821434021,
            0.0001492570008849725,
            0.996599018573761,
            -0.0824052020907402,
            6.1602499954460654e-06,
            0.0824052020907402,
            0.996599018573761
        ],
        [
            0.014715200290083885,
            0.11213500052690506,
            -0.1861959993839264,
            0.067945197224617,
            0.04329640045762062,
            0.6360020041465759,
            -0.0012906199553981423,
            0.9955980181694031,
            0.09372050315141678,
            -0.0011748300166800618,
            -0.09372200071811676,
            0.9955980181694031
        ],
        [
            0.008853410370647907,
            -0.011552199721336365,
            0.07050009816884995,
            0.08861599862575531,
            0.04417549818754196,
            0.8047029972076416,
            -0.0026496900245547295,
            0.8875880241394043,
            -0.46063101291656494,
            -0.004360340069979429,
            0.4606179893016815,
            0.8875880241394043
        ],
        [
            0.009657500311732292,
            -0.6467580199241638,
            -0.27933400869369507,
            0.11694200336933136,
            0.05232299864292145,
            0.6258090138435364,
            0.0,
            1.0,
            0.0,
            0.0,
            0.0,
            1.0
        ],
        [
            -0.4069890081882477,
            -0.3807060122489929,
            0.2328139990568161,
            0.9534590244293213,
            0.10108400136232376,
            0.08128940314054489,
            0.0055142599157989025,
            0.887037992477417,
            -0.46166300773620605,
            0.07006809860467911,
            0.4601919949054718,
            0.8850499987602234
        ],
        [
            -0.34662899374961853,
            -0.2189520001411438,
            -0.22690799832344055,
            1.136080026626587,
            0.04652110114693642,
            0.13265499472618103,
            0.016231099143624306,
            0.992497980594635,
            0.12117599695920944,
            -0.03199009969830513,
            -0.12061499804258347,
            0.9921839833259583
        ],
        [
            0.010072099976241589,
            0.632079005241394,
            -0.29908400774002075,
            0.36505600810050964,
            0.08477640151977539,
            0.8180480003356934,
            -0.007407139986753464,
            0.8700159788131714,
            -0.49296700954437256,
            -0.012709899805486202,
            0.49285900592803955,
            0.8700159788131714
        ],
        [
            -0.40594300627708435,
            0.3982290029525757,
            -0.1763020008802414,
            0.9007740020751953,
            0.10916200280189514,
            0.08186289668083191,
            0.0063058300875127316,
            0.8925089836120605,
            -0.45098501443862915,
            0.05698790028691292,
            0.4499410092830658,
            0.8912379741668701
        ]
    ],
    "ops": [
        [
            0,
            0,
            0,
            1,
            0,
            2,
            0,
            0,
            1,
            2,
            1,
            1,
            1,
            0,
            0,
            2,
            1,
            1
        ]
    ],
    "syms": [
        [
            0.0,
            -0.002529049990698695,
            0.16919200122356415,
            0.9855800271034241,
            0.008857529610395432,
            -0.5932400226593018,
            0.032416798174381256,
            0.0
        ],
        [
            0.0,
            0.9999520182609558,
            -0.0093043502420187,
            0.003053440013900399,
            0.004080189857631922,
            -0.3845309913158417,
            0.23406900465488434,
            0.0
        ],
        [
            0.0,
            0.999987006187439,
            0.0041136001236736774,
            -0.002898949896916747,
            0.009695179760456085,
            0.39993900060653687,
            -0.17750699818134308,
            0.0
        ]
    ],
    "labels:": [
        [
            1,
            2,
            2,
            2,
            2,
            2,
            0,
            0
        ]
    ],
    "obj": 37429,
    "mat_index": 2094,
    "obbs": "N 12\n0.0100721 0.632079 -0.299084 -0.00740714 0.870016 -0.492967 -0.0127099 0.492859 0.870016 0.999892 0.0127099 0.00740714 0.365056 0.0847764 0.818048\n0.0096575 -0.646758 -0.279334 1 0 0 0 1 0 0 0 1 0.625809 0.116942 0.052323\n0.0147152 0.112135 -0.186196 0.999998 0.00117483 0.00129062 -0.00117483 -0.093722 0.995598 0.00129062 -0.995598 -0.0937205 0.636002 0.0432964 0.0679452\n0.00885341 -0.0115522 0.0705001 0.999987 0.00436034 0.00264969 -0.00436034 0.460618 0.887588 0.00264969 -0.887588 0.460631 0.804703 0.0441755 0.088616\n0.00805756 -0.539723 0.344168 0.999967 -0.00705197 -0.00414027 0.00705197 0.4873 0.873206 -0.00414027 -0.873206 0.487333 0.813584 0.0529327 0.10603\n0.00964682 0.0591143 0.188694 -6.16025e-06 -0.0824052 -0.996599 0.000149257 0.996599 -0.0824052 1 -0.000149257 6.16025e-06 0.6952 0.0518314 0.797924\n0.425334 0.401649 -0.178711 -0.00626486 0.87758 -0.479389 0.999508 0.0202244 0.0239612 0.0307232 -0.479003 -0.877275 0.894868 0.0806875 0.108898\n-0.405943 0.398229 -0.176302 0.00630583 0.892509 -0.450985 0.998355 -0.0313207 -0.048025 -0.0569879 -0.449941 -0.891238 0.900774 0.0818629 0.109162\n0.41515 -0.388356 0.235325 0.0649801 -0.448776 -0.891279 0.997887 0.0294418 0.057928 0.00024408 -0.893159 0.449741 0.111863 0.0988797 0.936086\n-0.406989 -0.380706 0.232814 0.00551426 0.887038 -0.461663 0.997527 -0.0372282 -0.0596155 -0.0700681 -0.460192 -0.88505 0.953459 0.0812894 0.101084\n0.365478 -0.218618 -0.226902 -0.00687639 0.992542 0.121713 0.0402435 -0.121342 0.991795 0.999166 0.0117181 -0.039109 1.13604 0.0466219 0.123463\n-0.346629 -0.218952 -0.226908 -0.999356 0.0199807 -0.0297924 -0.0319901 -0.120615 0.992184 0.0162311 0.992498 0.121176 0.132655 0.0465211 1.13608\nC 35\n0 7\n0 10\n0 11\n0 6\n1 11\n1 10\n2 8\n2 5\n2 9\n2 6\n2 10\n2 3\n2 7\n2 11\n3 11\n3 7\n3 10\n3 6\n3 9\n3 5\n3 8\n4 8\n4 9\n5 9\n5 6\n5 8\n5 11\n5 10\n5 7\n6 10\n6 8\n7 11\n7 9\n8 10\n9 11\nS 4\n2\n1 0.0096575 -0.646758 -0.279334\n4 0.00805756 -0.539723 0.344168\n2\n0.00885753 -0.59324 0.0324168\n-0.00252905 0.169192 0.98558\n2\n6 0.425334 0.401649 -0.178711\n7 -0.405943 0.398229 -0.176302\n2\n0.00969518 0.399939 -0.177507\n-0.999987 -0.0041136 0.00289895\n2\n8 0.41515 -0.388356 0.235325\n9 -0.406989 -0.380706 0.232814\n2\n0.00408019 -0.384531 0.234069\n-0.999952 0.00930435 -0.00305344\n2\n10 0.365478 -0.218618 -0.226902\n11 -0.346629 -0.218952 -0.226908\n2\n0.00942446 -0.218785 -0.226905\n-1 -0.000469968 -9.47166e-06\nL 12\n0\n2\n2\n2\n2\n1\n0\n0\n2\n2\n2\n2"
}