{
    "boxes": [
        [
            0.009816999547183514,
            -0.30483201146125793,
            0.10891599953174591,
            0.39368900656700134,
            0.9684780240058899,
            1.048009991645813,
            0.0,
            1.0,
            0.0,
            0.0,
            0.0,
            1.0
        ],
        [
            0.010142999701201916,
            -0.5925250053405762,
            0.1281609982252121,
            0.1747249960899353,
            0.3211669921875,
            0.33775898814201355,
            0.020895199850201607,
            0.9996820092201233,
            0.014090299606323242,
            -0.707056999206543,
            0.004811820108443499,
            0.7071409821510315
        ],
        [
            0.0018281700322404504,
            -0.6817359924316406,
            0.112015001475811,
            0.03104029968380928,
            0.7598419785499573,
            0.7601829767227173,
            -0.00015494899707846344,
            1.0,
            0.00023010000586509705,
            -0.15643399953842163,
            -0.0002515070082154125,
            0.9876880049705505
        ],
        [
            0.0017177900299429893,
            0.37928301095962524,
            -0.00984697975218296,
            1.2654199600219727,
            1.1004600524902344,
            1.3298699855804443,
            -0.0033377399668097496,
            0.9988099932670593,
            -0.04866040125489235,
            -0.003504280000925064,
            0.04864870011806488,
            0.9988099932670593
        ]
    ],
    "ops": [
        [
            0,
            0,
            0,
            1,
            1,
            0,
            1
        ]
    ],
    "syms": [
        [
            0.0,
            0.0,
            0.0,
            0.0,
            0.0,
            0.0,
            0.0,
            0.0
        ]
    ],
    "labels:": [
        [
            1,
            2,
            2,
            0
        ]
    ],
    "obj": 37440,
    "mat_index": 2102,
    "obbs": "N 4\n0.00171779 0.379283 -0.00984698 -0.00333774 0.99881 -0.0486604 -0.00350428 0.0486487 0.99881 0.999988 0.00350428 0.00333774 1.26542 1.10046 1.32987\n0.009817 -0.304832 0.108916 1 0 0 0 1 0 0 0 1 1.04801 0.393689 0.968478\n0.010143 -0.592525 0.128161 0.707057 -0.00481182 -0.707141 0.0208952 0.999682 0.0140903 0.706848 -0.0247385 0.706932 0.321167 0.174725 0.337759\n0.00182817 -0.681736 0.112015 0.156434 0.000251507 -0.987688 -0.000154949 1 0.0002301 0.987688 0.000117046 0.156434 0.759842 0.0310403 0.760183\nC 4\n0 1\n1 3\n1 2\n2 3\nS 0\nL 4\n0\n1\n2\n2"
}