{
    "boxes": [
        [
            -0.02102700062096119,
            -0.1762779951095581,
            0.12660999596118927,
            0.15288099646568298,
            0.7238709926605225,
            1.0265599489212036,
            0.0,
            1.0,
            0.0,
            0.0,
            0.0,
            1.0
        ],
        [
            0.6314830183982849,
            0.03799600154161453,
            0.2030629962682724,
            0.3156999945640564,
            0.6963989734649658,
            0.3064729869365692,
            0.0,
            1.0,
            0.0,
            0.0,
            0.0,
            1.0
        ],
        [
            0.5173060297966003,
            -0.16668300330638885,
            -0.011873500421643257,
            0.3263370096683502,
            0.04553699865937233,
            0.18834799528121948,
            0.35836800932884216,
            0.9335809946060181,
            -7.873249785461667e-08,
            -3.7731498991888657e-07,
            2.2917099329333723e-07,
            1.0
        ],
        [
            -0.5743269920349121,
            -0.16408100724220276,
            -0.011873899959027767,
            0.31876298785209656,
            0.046950001269578934,
            0.1936970055103302,
            -0.30901598930358887,
            0.9510570168495178,
            -4.470379977306038e-08,
            5.703159899894672e-07,
            2.3231099532949884e-07,
            1.0
        ],
        [
            -0.6644269824028015,
            0.035306498408317566,
            0.20862199366092682,
            0.3194130063056946,
            0.6861339807510376,
            0.3063110113143921,
            0.0,
            1.0,
            0.0,
            0.0,
            0.0,
            1.0
        ],
        [
            -0.49905699491500854,
            -0.45718899369239807,
            -0.1849139928817749,
            0.38072898983955383,
            0.042132798582315445,
            0.04594599828124046,
            0.2719320058822632,
            0.9177939891815186,
            0.2893199920654297,
            -0.3112890124320984,
            -0.20059099793434143,
            0.9289039969444275
        ],
        [
            0.43300899863243103,
            -0.45931199193000793,
            -0.18497200310230255,
            0.36984699964523315,
            0.04079720005393028,
            0.04014220088720322,
            -0.2937830090522766,
            0.9140620231628418,
            0.2796109914779663,
            -0.06473950296640396,
            -0.31087398529052734,
            0.9482439756393433
        ],
        [
            -0.5525550246238708,
            -0.6313930153846741,
            -0.24197900295257568,
            0.05066699907183647,
            0.08520299941301346,
            0.08520100265741348,
            0.0,
            1.0,
            0.0,
            0.0,
            0.0,
            1.0
        ],
        [
            -0.5525550246238708,
            -0.6343969702720642,
            0.5135470032691956,
            0.044658999890089035,
            0.085207000374794,
            0.085207000374794,
            0.0,
            1.0,
            0.0,
            0.0,
            0.0,
            1.0
        ],
        [
            -0.4946900010108948,
            -0.45229700207710266,
            0.4533950090408325,
            0.37595099210739136,
            0.049403101205825806,
            0.03944069892168045,
            0.26523101329803467,
            0.9214190244674683,
            -0.28397101163864136,
            0.5608109831809998,
            0.09214770048856735,
            0.8227999806404114
        ],
        [
            -0.02005540020763874,
            0.2032410055398941,
            -0.3101769983768463,
            0.557483971118927,
            0.0841623991727829,
            0.8472719788551331,
            0.002155520021915436,
            0.9883319735527039,
            -0.15229900181293488,
            0.002513119950890541,
            0.15229299664497375,
            0.9883319735527039
        ],
        [
            -0.01733049936592579,
            0.18551300466060638,
            -0.22082899510860443,
            0.785742998123169,
            0.2918109893798828,
            1.1246000528335571,
            0.008861630223691463,
            0.9886580109596252,
            -0.14992499351501465,
            0.010306299664080143,
            0.14983299374580383,
            0.9886580109596252
        ]
    ],
    "ops": [
        [
            0,
            0,
            0,
            1,
            0,
            0,
            1,
            1,
            1,
            0,
            0,
            0,
            2,
            1,
            1,
            0,
            0,
            1,
            2,
            1,
            1,
            0,
            0,
            1,
            1
        ]
    ],
    "syms": [
        [
            0.0,
            0.9999989867210388,
            -0.0015847700415179133,
            1.4380900211108383e-05,
            -0.031029799953103065,
            -0.6322190165519714,
            -0.24197199940681458,
            0.0
        ],
        [
            0.0,
            1.0,
            -0.0004903730005025864,
            1.62977994477842e-05,
            -0.031013499945402145,
            -0.6346520185470581,
            0.5135560035705566,
            0.0
        ]
    ],
    "labels:": [
        [
            1,
            3,
            3,
            3,
            3,
            2,
            2,
            2,
            2,
            2,
            0,
            0
        ]
    ],
    "obj": 37442,
    "mat_index": 2103,
    "obbs": "N 15\n-0.0200554 0.203241 -0.310177 0.999995 -0.00251312 -0.00215552 0.00251312 0.152293 0.988332 -0.00215552 -0.988332 0.152299 0.847272 0.0841624 0.557484\n0.631483 0.037996 0.203063 1 0 0 0 1 0 0 0 1 0.306473 0.3157 0.696399\n-0.574327 -0.164081 -0.0118739 0.951057 0.309016 -6.1419e-07 5.70316e-07 2.32311e-07 1 0.309016 -0.951057 4.47038e-08 0.193697 0.04695 0.318763\n-0.021027 -0.176278 0.12661 1 0 0 0 1 0 0 0 1 1.02656 0.152881 0.723871\n-0.552555 -0.631393 -0.241979 1 0 0 0 1 0 0 0 1 0.085201 0.050667 0.085203\n0.490495 -0.633046 -0.241964 1 0 0 0 1 0 0 0 1 0.085214 0.047361 0.085215\n0.490528 -0.634908 0.513564 1 0 0 0 1 0 0 0 1 0.085279 0.043636 0.085279\n-0.552555 -0.634397 0.513547 1 0 0 0 1 0 0 0 1 0.085207 0.044659 0.085207\n0.517306 -0.166683 -0.0118735 0.358368 0.933581 -7.87325e-08 -3.77315e-07 2.29171e-07 1 0.933581 -0.358368 4.34381e-07 0.326337 0.045537 0.188348\n-0.664427 0.0353065 0.208622 1 0 0 0 1 0 0 0 1 0.306311 0.319413 0.686134\n-0.0173305 0.185513 -0.220829 0.999908 -0.0103063 -0.00886163 0.0103063 0.149833 0.988658 -0.00886163 -0.988658 0.149925 1.1246 0.291811 0.785743\n0.433009 -0.459312 -0.184972 0.953677 0.260476 0.150505 -0.0647395 -0.310874 0.948244 0.293783 -0.914062 -0.279611 0.0401422 0.0407972 0.369847\n0.434922 -0.461418 0.456029 -0.78053 -0.381284 -0.495373 -0.564271 0.0887084 0.82081 -0.269018 0.920192 -0.284387 0.043183 0.0401445 0.367054\n-0.49469 -0.452297 0.453395 0.784311 -0.377486 -0.492301 0.560811 0.0921477 0.8228 -0.265231 -0.921419 0.283971 0.0394407 0.0494031 0.375951\n-0.499057 -0.457189 -0.184914 0.271932 0.917794 0.28932 -0.311289 -0.200591 0.928904 0.910578 -0.342661 0.231152 0.380729 0.0421328 0.045946\nC 35\n0 14\n0 10\n0 3\n0 11\n0 8\n0 1\n0 9\n0 2\n1 3\n1 11\n1 10\n1 12\n1 8\n2 9\n2 10\n2 3\n2 14\n3 11\n3 14\n3 10\n3 13\n3 9\n3 12\n3 8\n4 14\n5 11\n6 12\n7 13\n8 10\n8 11\n9 14\n9 10\n9 13\n10 11\n10 14\nS 3\n2\n4 -0.552555 -0.631393 -0.241979\n5 0.490495 -0.633046 -0.241964\n2\n-0.0310298 -0.632219 -0.241972\n0.999999 -0.00158477 1.43809e-05\n2\n6 0.490528 -0.634908 0.513564\n7 -0.552555 -0.634397 0.513547\n2\n-0.0310135 -0.634652 0.513556\n-1 0.000490373 -1.62978e-05\n2\n12 0.434922 -0.461418 0.456029\n13 -0.49469 -0.452297 0.453395\n2\n-0.029884 -0.456857 0.454712\n-0.999948 0.00981035 -0.00283347\nL 15\n0\n3\n3\n1\n2\n2\n2\n2\n3\n3\n0\n2\n2\n2\n2"
}