{
    "boxes": [
        [
            -0.0023399998899549246,
            -0.17274700105190277,
            0.1396629959344864,
            0.21785899996757507,
            0.8428459763526917,
            0.8070300221443176,
            -0.0,
            0.9864580035209656,
            -0.164015993475914,
            0.0,
            0.164015993475914,
            0.9864580035209656
        ],
        [
            -0.3729119896888733,
            -0.5084630250930786,
            -0.2570529878139496,
            0.588953971862793,
            0.06710699945688248,
            0.067112997174263,
            0.0,
            1.0,
            0.0,
            0.0,
            0.0,
            1.0
        ],
        [
            0.36999401450157166,
            -0.47926899790763855,
            0.43809399008750916,
            0.6517220139503479,
            0.0658441036939621,
            0.07287269830703735,
            -0.014588099904358387,
            0.995652973651886,
            -0.09199479967355728,
            0.5293350219726562,
            0.0857447013258934,
            0.8440690040588379
        ],
        [
            -0.3711659908294678,
            -0.4792709946632385,
            0.43810001015663147,
            0.6517199873924255,
            0.06584390252828598,
            0.07282769680023193,
            -0.01449969969689846,
            0.995648980140686,
            -0.09204749763011932,
            0.5294299721717834,
            0.08573859930038452,
            0.8440099954605103
        ],
        [
            -0.0023399998899549246,
            -0.3242790102958679,
            -0.2570529878139496,
            0.06588000059127808,
            0.03294000029563904,
            0.7411500215530396,
            0.0,
            1.0,
            0.0,
            0.0,
            0.0,
            1.0
        ],
        [
            -0.37291398644447327,
            -0.0336495004594326,
            -0.25706401467323303,
            0.39253300428390503,
            0.06708399951457977,
            0.06710799783468246,
            0.0,
            1.0,
            0.0,
            0.0,
            0.0,
            1.0
        ],
        [
            -0.0023399998899549246,
            0.21881799399852753,
            -0.18050900101661682,
            0.8661440014839172,
            0.18165700137615204,
            0.8070300221443176,
            -0.0,
            0.9897680282592773,
            -0.14268499612808228,
            0.0,
            0.14268499612808228,
            0.9897680282592773
        ],
        [
            -0.0023399998899549246,
            0.19452600181102753,
            -0.2570529878139496,
            0.06588000059127808,
            0.03294000029563904,
            0.7740899920463562,
            0.0,
            1.0,
            0.0,
            0.0,
            0.0,
            1.0
        ]
    ],
    "ops": [
        [
            0,
            0,
            2,
            0,
            0,
            0,
            2,
            1,
            1,
            1,
            1,
            0,
            2,
            0,
            0,
            1,
            1,
            1
        ]
    ],
    "syms": [
        [
            0.0,
            0.9999989867210388,
            0.0011907200096175075,
            -0.0,
            -0.0023377500474452972,
            -0.5080220103263855,
            -0.2570529878139496,
            0.0
        ],
        [
            0.0,
            1.5014599806517648e-12,
            -0.01706629991531372,
            0.9998540282249451,
            -0.0023399998899549246,
            -0.33006399869918823,
            0.08188290148973465,
            0.0
        ],
        [
            0.0,
            0.9999989867210388,
            -0.0011940900003537536,
            0.0,
            -0.0023377500474452972,
            -0.0340920016169548,
            -0.25706401467323303,
            0.0
        ]
    ],
    "labels:": [
        [
            1,
            2,
            2,
            2,
            2,
            0,
            0,
            0
        ]
    ],
    "obj": 37465,
    "mat_index": 2114,
    "obbs": "N 11\n-0.00234 0.218818 -0.180509 1 0 0 0 0.142685 0.989768 0 -0.989768 0.142685 0.80703 0.181657 0.866144\n-0.00234 -0.172747 0.139663 1 0 -0 -0 0.986458 -0.164016 0 0.164016 0.986458 0.80703 0.217859 0.842846\n-0.00234 -0.324279 -0.257053 1 0 0 0 1 0 0 0 1 0.74115 0.06588 0.03294\n-0.00234 -0.335849 0.420819 1 -2.33939e-10 -2.01484e-10 2.33939e-10 0.14825 0.98895 -2.01484e-10 -0.98895 0.14825 0.74115 0.0333918 0.0660285\n-0.00234 0.194526 -0.257053 1 0 0 0 1 0 0 0 1 0.77409 0.06588 0.03294\n0.368236 -0.50758 -0.257053 1 0 0 0 1 0 0 0 1 0.067108 0.590719 0.067107\n-0.372912 -0.508463 -0.257053 1 0 0 0 1 0 0 0 1 0.067113 0.588954 0.067107\n-0.371166 -0.479271 0.4381 -0.0144997 0.995649 -0.0920475 0.52943 0.0857386 0.84401 0.84823 -0.0364949 -0.52837 0.65172 0.0658439 0.0728277\n0.369994 -0.479269 0.438094 -0.0145881 0.995653 -0.0919948 0.529335 0.0857447 0.844069 0.848288 -0.0363826 -0.528284 0.651722 0.0658441 0.0728727\n-0.372914 -0.0336495 -0.257064 1 0 0 0 1 0 0 0 1 0.067108 0.392533 0.067084\n0.368239 -0.0345345 -0.257064 1 0 0 0 1 0 0 0 1 0.067113 0.394303 0.067084\nC 25\n0 10\n0 4\n0 5\n0 1\n0 6\n0 9\n0 2\n1 3\n1 6\n1 2\n1 5\n1 10\n1 9\n1 8\n1 7\n2 5\n2 9\n2 6\n2 10\n3 7\n3 8\n4 9\n4 10\n5 10\n6 9\nS 3\n2\n2 -0.00234 -0.324279 -0.257053\n3 -0.00234 -0.335849 0.420819\n2\n-0.00234 -0.330064 0.0818829\n1.50146e-12 -0.0170663 0.999854\n2\n5 0.368236 -0.50758 -0.257053\n6 -0.372912 -0.508463 -0.257053\n2\n-0.00233775 -0.508022 -0.257053\n-0.999999 -0.00119072 0\n2\n9 -0.372914 -0.0336495 -0.257064\n10 0.368239 -0.0345345 -0.257064\n2\n-0.00233775 -0.034092 -0.257064\n0.999999 -0.00119409 0\nL 11\n0\n1\n2\n2\n0\n2\n2\n2\n2\n0\n0"
}