{
    "boxes": [
        [
            0.004819499794393778,
            -0.06827700138092041,
            0.1433980017900467,
            0.1801380068063736,
            0.6435089707374573,
            0.8214769959449768,
            0.0,
            1.0,
            0.0,
            0.0,
            0.0,
            1.0
        ],
        [
            -0.3760339915752411,
            -0.4477739930152893,
            -0.2020689994096756,
            0.7381150126457214,
            0.09065359830856323,
            0.07893440127372742,
            0.00299572991207242,
            0.9727759957313538,
            0.23172800242900848,
            -0.6245499849319458,
            -0.17915600538253784,
            0.7601580023765564
        ],
        [
            -0.38060399889945984,
            -0.2541530132293701,
            0.09309549629688263,
            0.07164499908685684,
            0.48554500937461853,
            0.05062999948859215,
            0.0,
            1.0,
            0.0,
            0.0,
            0.0,
            1.0
        ],
        [
            0.38837099075317383,
            -0.446276992559433,
            -0.20007100701332092,
            0.7429119944572449,
            0.07549680024385452,
            0.0940966010093689,
            -0.02676450088620186,
            0.9768999814987183,
            0.2120160013437271,
            -0.3115760087966919,
            -0.2096789926290512,
            0.9267979860305786
        ],
        [
            0.009739279747009277,
            0.36976298689842224,
            -0.3482460081577301,
            0.6594589948654175,
            0.08469749987125397,
            0.6277729868888855,
            -0.0020658099092543125,
            0.9779369831085205,
            -0.20888899266719818,
            -0.0025536699686199427,
            0.20888400077819824,
            0.9779369831085205
        ],
        [
            0.0026506599970161915,
            0.29132699966430664,
            -0.3240309953689575,
            0.9062640070915222,
            0.08556269854307175,
            0.7107489705085754,
            -0.005639470182359219,
            0.9725009799003601,
            -0.2328300029039383,
            -0.0071488600224256516,
            0.23278899490833282,
            0.9725009799003601
        ]
    ],
    "ops": [
        [
            0,
            0,
            2,
            0,
            2,
            0,
            2,
            1,
            1,
            1,
            0,
            0,
            1,
            1
        ]
    ],
    "syms": [
        [
            0.0,
            0.00031548700644634664,
            0.010470899753272533,
            0.9999449849128723,
            -0.37594300508499146,
            -0.4447300136089325,
            0.08862890303134918,
            0.0
        ],
        [
            0.0,
            0.9999849796295166,
            -5.384190080803819e-05,
            0.005527549888938665,
            0.004778000060468912,
            -0.25417301058769226,
            0.09522569924592972,
            0.0
        ],
        [
            0.0,
            -0.011544499546289444,
            0.006912759970873594,
            0.999908983707428,
            0.38501301407814026,
            -0.4442659914493561,
            0.09082429856061935,
            0.0
        ]
    ],
    "labels:": [
        [
            1,
            2,
            2,
            2,
            0,
            0
        ]
    ],
    "obj": 37474,
    "mat_index": 2120,
    "obbs": "N 9\n0.00973928 0.369763 -0.348246 0.999995 0.00255367 0.00206581 -0.00255367 0.208884 0.977937 0.00206581 -0.977937 0.208889 0.627773 0.0846975 0.659459\n-0.380604 -0.254153 0.0930955 1 0 0 0 1 0 0 0 1 0.05063 0.071645 0.485545\n0.39016 -0.254194 0.097356 1 0 0 0 1 0 0 0 1 0.050794 0.07138 0.478252\n0.0048195 -0.068277 0.143398 1 0 0 0 1 0 0 0 1 0.821477 0.180138 0.643509\n0.388371 -0.446277 -0.200071 -0.0267645 0.9769 0.212016 -0.311576 -0.209679 0.926798 0.949844 -0.0412537 0.30999 0.742912 0.0754968 0.0940966\n0.381654 -0.442255 0.38172 -0.00123766 -0.980137 0.19832 0.955007 -0.0599763 -0.290454 0.296579 0.189038 0.936112 0.736892 0.0847651 0.0948512\n-0.375851 -0.441686 0.379327 0.904188 -0.0793968 -0.41969 0.427088 0.153697 0.891052 -0.00624174 -0.984923 0.17288 0.0842221 0.0999119 0.738633\n-0.376034 -0.447774 -0.202069 -0.780979 0.147003 -0.60701 -0.62455 -0.179156 0.760158 0.00299573 0.972776 0.231728 0.0789344 0.0906536 0.738115\n0.00265066 0.291327 -0.324031 0.999959 0.00714886 0.00563947 -0.00714886 0.232789 0.972501 0.00563947 -0.972501 0.23283 0.710749 0.0855627 0.906264\nC 19\n0 7\n0 4\n0 3\n0 8\n1 3\n1 8\n1 6\n1 7\n2 8\n2 5\n2 3\n2 4\n3 5\n3 8\n3 6\n3 7\n3 4\n4 8\n7 8\nS 3\n2\n1 -0.380604 -0.254153 0.0930955\n2 0.39016 -0.254194 0.097356\n2\n0.004778 -0.254173 0.0952257\n0.999985 -5.38419e-05 0.00552755\n2\n4 0.388371 -0.446277 -0.200071\n5 0.381654 -0.442255 0.38172\n2\n0.385013 -0.444266 0.0908243\n-0.0115445 0.00691276 0.999909\n2\n6 -0.375851 -0.441686 0.379327\n7 -0.376034 -0.447774 -0.202069\n2\n-0.375943 -0.44473 0.0886289\n-0.000315487 -0.0104709 -0.999945\nL 9\n0\n2\n2\n1\n2\n2\n2\n2\n0"
}