{
    "boxes": [
        [
            0.0032055398914963007,
            -0.10089799761772156,
            0.14287599921226501,
            0.12503600120544434,
            0.8499069809913635,
            0.8503699898719788,
            -0.004795509856194258,
            0.9999690055847168,
            0.006290759891271591,
            1.5083899597811978e-05,
            -0.006290759891271591,
            0.9999799728393555
        ],
        [
            0.374781996011734,
            -0.42618298530578613,
            -0.2287299931049347,
            0.5877280235290527,
            0.1056009978055954,
            0.1059039980173111,
            0.0,
            1.0,
            0.0,
            0.0,
            0.0,
            1.0
        ],
        [
            -0.37495601177215576,
            -0.4245019853115082,
            0.5246829986572266,
            0.5965499877929688,
            0.09799910336732864,
            0.11046499758958817,
            0.05310939997434616,
            0.9954609870910645,
            -0.07897479832172394,
            -0.5055050253868103,
            0.09500530362129211,
            0.8575770258903503
        ],
        [
            -0.3743720054626465,
            -0.42551299929618835,
            -0.2400279939174652,
            0.5945879817008972,
            0.1027349978685379,
            0.10143899917602539,
            0.06520719826221466,
            0.9954259991645813,
            0.06981589645147324,
            -0.5962420105934143,
            -0.017235200852155685,
            0.802619993686676
        ],
        [
            0.0031534999143332243,
            0.7056859731674194,
            -0.22936199605464935,
            0.08479099720716476,
            0.05498199909925461,
            0.8893489837646484,
            0.0,
            1.0,
            0.0,
            0.0,
            0.0,
            1.0
        ],
        [
            0.003158499952405691,
            0.32587000727653503,
            -0.22822900116443634,
            0.7840459942817688,
            0.026388999074697495,
            0.09671500325202942,
            0.0,
            1.0,
            0.0,
            0.0,
            0.0,
            1.0
        ],
        [
            -0.40040698647499084,
            0.30413299798965454,
            -0.2277500033378601,
            0.7730510234832764,
            0.062146998941898346,
            0.07482799887657166,
            0.0,
            1.0,
            0.0,
            0.0,
            0.0,
            1.0
        ],
        [
            -0.304874986410141,
            0.30849799513816833,
            -0.23041799664497375,
            0.7696560025215149,
            0.030873000621795654,
            0.06374199688434601,
            0.0,
            1.0,
            0.0,
            0.0,
            0.0,
            1.0
        ],
        [
            -0.20467199385166168,
            0.3152180016040802,
            -0.23037900030612946,
            0.7854440212249756,
            0.033988699316978455,
            0.0706591010093689,
            0.002857330022379756,
            0.9999840259552002,
            0.004971089772880077,
            -0.04924070090055466,
            -0.004824390169233084,
            0.9987750053405762
        ],
        [
            -0.11460500210523605,
            0.3187749981880188,
            -0.22970500588417053,
            0.7889000177383423,
            0.02799299918115139,
            0.06025199964642525,
            0.0,
            1.0,
            0.0,
            0.0,
            0.0,
            1.0
        ]
    ],
    "ops": [
        [
            0,
            0,
            2,
            0,
            0,
            1,
            1,
            1,
            0,
            0,
            1,
            0,
            0,
            1,
            0,
            0,
            1,
            1,
            2,
            1,
            1
        ]
    ],
    "syms": [
        [
            0.0,
            -7.80436021159403e-05,
            -0.00040972899296320975,
            1.0,
            0.3747529983520508,
            -0.42633500695228577,
            0.14285700023174286,
            0.0
        ],
        [
            0.0,
            0.9999930262565613,
            0.003142809960991144,
            -0.002005399903282523,
            0.0013802499743178487,
            0.3053950071334839,
            -0.22855600714683533,
            0.0
        ]
    ],
    "labels:": [
        [
            1,
            2,
            2,
            2,
            0,
            0,
            0,
            0,
            0,
            0
        ]
    ],
    "obj": 37477,
    "mat_index": 2123,
    "obbs": "N 15\n0.0031535 0.705686 -0.229362 1 0 0 0 1 0 0 0 1 0.889349 0.084791 0.054982\n0.00320554 -0.100898 0.142876 0.999989 0.00479551 1.50839e-05 -0.00479551 0.999969 0.00629076 1.50839e-05 -0.00629076 0.99998 0.85037 0.125036 0.849907\n-0.400407 0.304133 -0.22775 1 0 0 0 1 0 0 0 1 0.074828 0.773051 0.062147\n-0.304875 0.308498 -0.230418 1 0 0 0 1 0 0 0 1 0.063742 0.769656 0.030873\n-0.204672 0.315218 -0.230379 0.00285733 0.999984 0.00497109 -0.0492407 -0.00482439 0.998775 0.998783 -0.00309861 0.0492261 0.785444 0.0339887 0.0706591\n-0.114605 0.318775 -0.229705 1 0 0 0 1 0 0 0 1 0.060252 0.7889 0.027993\n0.0031585 0.32587 -0.228229 1 0 0 0 1 0 0 0 1 0.096715 0.784046 0.026389\n0.120936 0.323352 -0.227968 1 0 0 0 1 0 0 0 1 0.060228 0.778649 0.02691\n0.208645 0.313994 -0.230538 1 0 0 0 1 0 0 0 1 0.062885 0.780368 0.029317\n0.307561 0.306117 -0.229167 0.999841 -0.012616 -0.0126195 0.012616 -0.000352271 0.99992 -0.0126195 -0.99992 -0.000193051 0.0625776 0.0334227 0.765523\n0.403168 0.306658 -0.229362 1 0 0 0 1 0 0 0 1 0.068063 0.74534 0.054982\n-0.374956 -0.424502 0.524683 0.0531094 0.995461 -0.0789748 0.861187 -0.00562323 0.508256 0.505505 -0.0950053 -0.857577 0.59655 0.110465 0.0979991\n0.374724 -0.426488 0.514444 1 0 0 0 1 0 0 0 1 0.10578 0.587123 0.105723\n-0.374372 -0.425513 -0.240028 0.0652072 0.995426 0.0698159 -0.596242 -0.0172352 0.80262 0.800152 -0.0939637 0.592391 0.594588 0.102735 0.101439\n0.374782 -0.426183 -0.22873 1 0 0 0 1 0 0 0 1 0.105904 0.587728 0.105601\nC 49\n0 7\n0 10\n0 3\n0 4\n0 5\n0 8\n0 6\n0 9\n0 2\n1 3\n1 6\n1 11\n1 2\n1 14\n1 5\n1 10\n1 13\n1 4\n1 9\n1 12\n1 8\n1 7\n2 5\n2 4\n2 13\n2 3\n3 6\n3 13\n3 5\n3 4\n4 13\n4 5\n4 6\n5 6\n5 13\n5 7\n6 9\n6 7\n6 8\n7 10\n7 14\n7 8\n7 9\n8 9\n8 14\n8 10\n9 14\n9 10\n10 14\nS 5\n2\n2 -0.400407 0.304133 -0.22775\n10 0.403168 0.306658 -0.229362\n2\n0.00138025 0.305395 -0.228556\n0.999993 0.00314281 -0.0020054\n2\n3 -0.304875 0.308498 -0.230418\n9 0.307561 0.306117 -0.229167\n2\n0.00134295 0.307307 -0.229793\n0.99999 -0.00388787 0.00204356\n2\n4 -0.204672 0.315218 -0.230379\n8 0.208645 0.313994 -0.230538\n2\n0.00198642 0.314606 -0.230459\n0.999996 -0.00296143 -0.000385987\n2\n5 -0.114605 0.318775 -0.229705\n7 0.120936 0.323352 -0.227968\n2\n0.0031655 0.321064 -0.228836\n0.999784 0.0194298 0.0073708\n2\n12 0.374724 -0.426488 0.514444\n14 0.374782 -0.426183 -0.22873\n2\n0.374753 -0.426335 0.142857\n7.80436e-05 0.000409729 -1\nL 15\n0\n1\n0\n0\n0\n0\n0\n0\n0\n0\n0\n2\n2\n2\n2"
}