{
    "boxes": [
        [
            0.01608950085937977,
            -0.08417049795389175,
            0.14862999320030212,
            0.17340099811553955,
            0.7502009868621826,
            0.9536489844322205,
            0.0,
            1.0,
            0.0,
            0.0,
            0.0,
            1.0
        ],
        [
            -0.4139130115509033,
            0.07687439769506454,
            0.3642730116844177,
            0.4185509979724884,
            0.16135799884796143,
            0.12290699779987335,
            -0.008440479636192322,
            0.8365640044212341,
            -0.5478039979934692,
            0.2326509952545166,
            0.5344330072402954,
            0.8125609755516052
        ],
        [
            0.43807798624038696,
            0.07796529680490494,
            0.3614009916782379,
            0.4198330044746399,
            0.1704549938440323,
            0.12018299847841263,
            0.011670099571347237,
            0.8554009795188904,
            -0.5178340077400208,
            0.08937100321054459,
            0.5149040222167969,
            0.8525760173797607
        ],
        [
            -0.4061160087585449,
            0.2613080143928528,
            0.017287500202655792,
            0.0992169976234436,
            0.6077209711074829,
            0.10918399691581726,
            0.0,
            1.0,
            0.0,
            0.0,
            0.0,
            1.0
        ],
        [
            -0.4089460074901581,
            -0.4682779908180237,
            -0.24856899678707123,
            0.6338379979133606,
            0.0892530009150505,
            0.10336299985647202,
            0.0,
            1.0,
            0.0,
            0.0,
            0.0,
            1.0
        ],
        [
            -0.4088670015335083,
            -0.46966201066970825,
            0.46675899624824524,
            0.6315850019454956,
            0.1139179989695549,
            0.10370299965143204,
            0.0,
            1.0,
            0.0,
            0.0,
            0.0,
            1.0
        ],
        [
            0.011679599992930889,
            0.28880301117897034,
            -0.2941490113735199,
            0.6135600209236145,
            0.028134100139141083,
            0.7456570267677307,
            -0.0012700400548055768,
            0.9647060036659241,
            -0.2633270025253296,
            -0.0016631700564175844,
            0.2633250057697296,
            0.9647060036659241
        ],
        [
            0.01655060052871704,
            0.24112899601459503,
            -0.3133400082588196,
            0.8484799861907959,
            0.14797399938106537,
            0.955062985420227,
            0.002710940083488822,
            0.9735299944877625,
            -0.22854399681091309,
            0.003421040019020438,
            0.22853399813175201,
            0.9735299944877625
        ]
    ],
    "ops": [
        [
            0,
            0,
            0,
            0,
            2,
            1,
            1,
            1,
            0,
            0,
            1,
            2,
            1,
            0,
            0,
            1,
            1
        ]
    ],
    "syms": [
        [
            0.0,
            0.9999759793281555,
            -0.0057520498521625996,
            0.0037435900885611773,
            0.017331499606370926,
            0.25887298583984375,
            0.0188727006316185,
            0.0
        ],
        [
            0.0,
            0.9999979734420776,
            -0.0018210200360044837,
            9.469780343351886e-05,
            0.016088999807834625,
            -0.4690519869327545,
            -0.24852900207042694,
            0.0
        ]
    ],
    "labels:": [
        [
            1,
            3,
            3,
            3,
            2,
            2,
            0,
            0
        ]
    ],
    "obj": 37490,
    "mat_index": 2130,
    "obbs": "N 11\n0.0116796 0.288803 -0.294149 -0.00127004 0.964706 -0.263327 -0.00166317 0.263325 0.964706 0.999998 0.00166317 0.00127004 0.61356 0.0281341 0.745657\n0.0160895 -0.0841705 0.14863 1 0 0 0 1 0 0 0 1 0.953649 0.173401 0.750201\n0.440779 0.256437 0.020458 1 0 0 0 1 0 0 0 1 0.103906 0.108984 0.603286\n-0.406116 0.261308 0.0172875 1 0 0 0 1 0 0 0 1 0.109184 0.099217 0.607721\n0.438078 0.0779653 0.361401 -0.089371 -0.514904 -0.852576 0.99593 -0.056229 -0.0704391 -0.0116701 -0.855401 0.517834 0.170455 0.120183 0.419833\n-0.413913 0.0768744 0.364273 -0.232651 -0.534433 -0.812561 0.972524 -0.120588 -0.199138 0.00844048 -0.836564 0.547804 0.161358 0.122907 0.418551\n0.0165506 0.241129 -0.31334 0.99999 -0.00342104 -0.00271094 0.00342104 0.228534 0.97353 -0.00271094 -0.97353 0.228544 0.955063 0.147974 0.84848\n-0.408946 -0.468278 -0.248569 1 0 0 0 1 0 0 0 1 0.103363 0.633838 0.089253\n0.441125 -0.469826 -0.248489 1 0 0 0 1 0 0 0 1 0.103529 0.631322 0.089408\n0.441071 -0.463058 0.466745 1 0 0 0 1 0 0 0 1 0.103651 0.644421 0.113909\n-0.408867 -0.469662 0.466759 1 0 0 0 1 0 0 0 1 0.103703 0.631585 0.113918\nC 23\n0 2\n0 7\n0 3\n0 8\n0 1\n0 6\n1 3\n1 6\n1 2\n1 5\n1 10\n1 4\n1 9\n1 8\n1 7\n2 6\n2 4\n3 6\n3 5\n4 9\n5 10\n6 7\n6 8\nS 3\n2\n2 0.440779 0.256437 0.020458\n3 -0.406116 0.261308 0.0172875\n2\n0.0173315 0.258873 0.0188727\n-0.999976 0.00575205 -0.00374359\n2\n7 -0.408946 -0.468278 -0.248569\n8 0.441125 -0.469826 -0.248489\n2\n0.016089 -0.469052 -0.248529\n0.999998 -0.00182102 9.46978e-05\n2\n9 0.441071 -0.463058 0.466745\n10 -0.408867 -0.469662 0.466759\n2\n0.016102 -0.46636 0.466752\n-0.99997 -0.00776973 1.70595e-05\nL 11\n0\n1\n3\n3\n3\n3\n0\n2\n2\n2\n2"
}