{
    "boxes": [
        [
            -0.023333000019192696,
            0.04498700052499771,
            0.06631000339984894,
            0.7973160147666931,
            1.102370023727417,
            1.5874099731445312,
            0.0,
            1.0,
            0.0,
            0.0,
            0.0,
            1.0
        ],
        [
            -0.604075014591217,
            0.18675099313259125,
            0.07407400012016296,
            0.3981209993362427,
            1.0944900512695312,
            0.12436799705028534,
            -0.5703200101852417,
            0.8214200139045715,
            -0.0018909999635070562,
            0.0018909999635070562,
            0.003615030087530613,
            0.9999920129776001
        ],
        [
            -0.691847026348114,
            -0.38127100467681885,
            -0.3317050039768219,
            0.11377199739217758,
            0.11389700323343277,
            0.10389400273561478,
            0.04158009961247444,
            0.9988899827003479,
            0.02214759960770607,
            -0.07222980260848999,
            -0.019103599712252617,
            0.9972050189971924
        ],
        [
            0.6499130129814148,
            -0.38127601146698,
            0.44691699743270874,
            0.11380799859762192,
            0.09031099826097488,
            0.1148110032081604,
            0.0,
            1.0,
            0.0,
            0.0,
            0.0,
            1.0
        ],
        [
            -0.6892939805984497,
            -0.38249799609184265,
            0.44780200719833374,
            0.11179299652576447,
            0.08927000313997269,
            0.09323219954967499,
            0.010700499638915062,
            0.9995189905166626,
            0.029107600450515747,
            -0.33202001452445984,
            -0.023906299844384193,
            0.942969024181366
        ],
        [
            -0.01205809973180294,
            0.22756899893283844,
            -0.3156009912490845,
            0.6280829906463623,
            0.35250499844551086,
            1.0044200420379639,
            0.011657999828457832,
            0.8811200261116028,
            -0.4727489948272705,
            0.01948229968547821,
            0.47249099612236023,
            0.8811200261116028
        ],
        [
            -0.004581380169838667,
            0.07038059830665588,
            -0.45799100399017334,
            0.7616879940032959,
            0.06893900036811829,
            1.2148900032043457,
            0.004036370199173689,
            0.9998019933700562,
            0.019488900899887085,
            0.003958419896662235,
            -0.01950489915907383,
            0.9998019933700562
        ]
    ],
    "ops": [
        [
            0,
            0,
            2,
            1,
            0,
            2,
            0,
            0,
            1,
            1,
            1,
            0,
            0,
            1,
            1
        ]
    ],
    "syms": [
        [
            0.0,
            0.999875009059906,
            0.013986200094223022,
            -0.007338319905102253,
            -0.03272790089249611,
            0.19474199414253235,
            0.06988070160150528,
            0.0
        ],
        [
            0.0,
            0.9999529719352722,
            -7.595709757879376e-05,
            0.009730599820613861,
            -0.021048199385404587,
            -0.3813219964504242,
            -0.32517701387405396,
            0.0
        ]
    ],
    "labels:": [
        [
            1,
            3,
            2,
            2,
            2,
            0,
            0
        ]
    ],
    "obj": 37505,
    "mat_index": 2141,
    "obbs": "N 9\n-0.0120581 0.227569 -0.315601 0.999742 -0.0194823 -0.011658 0.0194823 0.472491 0.88112 -0.011658 -0.88112 0.472749 1.00442 0.352505 0.628083\n0.538619 0.202734 0.0656875 -0.483679 -0.875224 0.006128 0.875224 -0.483704 -0.00361492 0.006128 0.00361492 0.999975 0.402467 0.124368 1.09606\n-0.604075 0.186751 0.074074 -0.001891 -0.00361503 -0.999992 0.82142 0.570312 -0.00361503 0.57032 -0.82142 0.001891 1.09449 0.124368 0.398121\n-0.023333 0.044987 0.06631 1 0 0 0 1 0 0 0 1 1.58741 0.797316 1.10237\n-0.00458138 0.0703806 -0.457991 0.999984 -0.00395842 -0.00403637 0.00395842 -0.0195049 0.999802 -0.00403637 -0.999802 -0.0194889 1.21489 0.068939 0.761688\n0.649913 -0.381276 0.446917 1 0 0 0 1 0 0 0 1 0.114811 0.113808 0.090311\n0.649751 -0.381373 -0.31865 1 0 0 0 1 0 0 0 1 0.115177 0.113552 0.092473\n-0.691847 -0.381271 -0.331705 0.0722298 0.0191036 -0.997205 0.996521 -0.0430636 0.0713553 -0.0415801 -0.99889 -0.0221476 0.113897 0.103894 0.113772\n-0.689294 -0.382498 0.447802 0.33202 0.0239063 -0.942969 0.943212 -0.0197545 0.331605 -0.0107005 -0.999519 -0.0291076 0.08927 0.0932322 0.111793\nC 17\n0 1\n0 7\n0 6\n0 4\n0 3\n0 2\n1 3\n1 4\n2 4\n2 3\n3 8\n3 6\n3 7\n3 4\n3 5\n4 7\n4 6\nS 2\n2\n1 0.538619 0.202734 0.0656875\n2 -0.604075 0.186751 0.074074\n2\n-0.0327279 0.194742 0.0698807\n-0.999875 -0.0139862 0.00733832\n2\n6 0.649751 -0.381373 -0.31865\n7 -0.691847 -0.381271 -0.331705\n2\n-0.0210482 -0.381322 -0.325177\n-0.999953 7.59571e-05 -0.0097306\nL 9\n0\n3\n3\n1\n0\n2\n2\n2\n2"
}