{
    "boxes": [
        [
            -0.004044500179588795,
            -0.10721000283956528,
            0.09087599813938141,
            0.3092319965362549,
            0.8674219846725464,
            1.0470999479293823,
            0.0,
            1.0,
            0.0,
            0.0,
            0.0,
            1.0
        ],
        [
            -0.48764899373054504,
            0.07110399752855301,
            0.09084749966859818,
            0.6411839723587036,
            0.8673610091209412,
            0.09160199761390686,
            0.0,
            1.0,
            0.0,
            0.0,
            0.0,
            1.0
        ],
        [
            -0.003982500173151493,
            -0.5529720187187195,
            -0.004878500010818243,
            0.5879309773445129,
            0.08995900303125381,
            0.08995900303125381,
            0.0,
            1.0,
            0.0,
            0.0,
            0.0,
            1.0
        ],
        [
            -0.18951399624347687,
            -0.8220149874687195,
            -0.1904119998216629,
            0.07532499730587006,
            0.011700799688696861,
            0.5344709753990173,
            -0.033818598836660385,
            0.9986240267753601,
            -0.040072001516819,
            -0.7071620225906372,
            0.004423330072313547,
            0.7070379853248596
        ],
        [
            -0.003963890019804239,
            0.28246501088142395,
            -0.31780698895454407,
            1.0373799800872803,
            0.16417400538921356,
            0.9153119921684265,
            -0.0009452420054003596,
            0.9475989937782288,
            -0.31946200132369995,
            -0.0013161799870431423,
            0.31946098804473877,
            0.9475989937782288
        ]
    ],
    "ops": [
        [
            0,
            0,
            2,
            1,
            0,
            0,
            2,
            1,
            1,
            0,
            1
        ]
    ],
    "syms": [
        [
            0.0,
            0.9999909996986389,
            -0.004345559980720282,
            2.9782000638078898e-05,
            -0.009177000261843204,
            0.0690246969461441,
            0.09086179733276367,
            0.0
        ],
        [
            -1.0,
            8.897569932742044e-05,
            1.0,
            0.000575617013964802,
            -0.0035679799038916826,
            -0.8221539855003357,
            -0.00733570009469986,
            0.25
        ]
    ],
    "labels:": [
        [
            1,
            3,
            2,
            2,
            0
        ]
    ],
    "obj": 37529,
    "mat_index": 2150,
    "obbs": "N 9\n-0.00396389 0.282465 -0.317807 0.999999 0.00131618 0.000945242 -0.00131618 0.319461 0.947599 0.000945242 -0.947599 0.319462 0.915312 0.164174 1.03738\n0.469295 0.0669455 0.090876 1 0 0 0 1 0 0 0 1 0.112382 0.650419 0.867422\n-0.487649 0.071104 0.0908475 1 0 0 0 1 0 0 0 1 0.091602 0.641184 0.867361\n-0.0039825 -0.552972 -0.0048785 1 0 0 0 1 0 0 0 1 0.089959 0.587931 0.089959\n-0.0040445 -0.10721 0.090876 1 0 0 0 1 0 0 0 1 1.0471 0.309232 0.867422\n-0.189514 -0.822015 -0.190412 -0.706243 -0.0522484 -0.706039 0.707162 -0.00442333 -0.707038 0.0338186 -0.998624 0.040072 0.534471 0.0117008 0.075325\n0.184192 -0.822081 -0.193027 0.0471959 0.998517 -0.0271217 0.707185 -0.0142254 0.706885 0.705452 -0.0525421 -0.706808 0.0754808 0.0126696 0.526908\n0.177645 -0.822259 0.176644 0.0477721 0.998387 0.030673 -0.704807 0.0119331 0.709298 0.707788 -0.0555033 0.704241 0.0779831 0.0133534 0.54575\n-0.186595 -0.822262 0.177453 0.705289 0.0500959 -0.707148 0.708566 -0.0183033 0.705407 0.0223949 -0.998577 -0.0484054 0.543093 0.0127389 0.0755366\nC 17\n0 1\n0 2\n0 4\n0 3\n1 4\n2 4\n3 8\n3 6\n3 7\n3 4\n3 5\n5 6\n5 7\n5 8\n6 7\n6 8\n7 8\nS 2\n2\n1 0.469295 0.0669455 0.090876\n2 -0.487649 0.071104 0.0908475\n2\n-0.009177 0.0690247 0.0908618\n-0.999991 0.00434556 -2.9782e-05\n4\n7 0.177645 -0.822259 0.176644\n8 -0.186595 -0.822262 0.177453\n5 -0.189514 -0.822015 -0.190412\n6 0.184192 -0.822081 -0.193027\n3\n-0.00356798 -0.822154 -0.0073357\n-8.89757e-05 -1 -0.000575617\nL 9\n0\n3\n3\n2\n1\n2\n2\n2\n2"
}