{
    "boxes": [
        [
            -0.0096220001578331,
            -0.21169500052928925,
            0.12189000099897385,
            0.13260699808597565,
            0.6471409797668457,
            0.6767899990081787,
            0.0,
            1.0,
            0.0,
            0.0,
            0.0,
            1.0
        ],
        [
            -0.43784600496292114,
            -0.007773939985781908,
            0.09280390292406082,
            0.5577250123023987,
            0.7351530194282532,
            0.16964499652385712,
            -0.1068819984793663,
            0.9942600131034851,
            0.004843390081077814,
            -0.004843390081077814,
            -0.005391890183091164,
            0.9999740123748779
        ],
        [
            -0.49717599153518677,
            0.28797000646591187,
            0.09377110004425049,
            0.19977900385856628,
            0.7422969937324524,
            0.19970400631427765,
            -0.45173799991607666,
            0.8908960223197937,
            -0.04730730131268501,
            -0.05797410011291504,
            0.023600300773978233,
            0.9980390071868896
        ],
        [
            -0.3561980128288269,
            -0.5504299998283386,
            -0.1734739989042282,
            0.5488370060920715,
            0.08618400245904922,
            0.08608099818229675,
            0.0,
            1.0,
            0.0,
            0.0,
            0.0,
            1.0
        ],
        [
            -0.3561980128288269,
            -0.5504299998283386,
            0.4003809988498688,
            0.5488370060920715,
            0.08618400245904922,
            0.08608099818229675,
            0.0,
            1.0,
            0.0,
            0.0,
            0.0,
            1.0
        ],
        [
            -0.008706970140337944,
            0.21662099659442902,
            -0.2907699942588806,
            1.0027999877929688,
            0.09945009648799896,
            0.79305499792099,
            -0.0006111650145612657,
            0.9841060042381287,
            -0.1775819957256317,
            -0.0007313200039789081,
            0.1775819957256317,
            0.9841060042381287
        ],
        [
            -0.00929281022399664,
            0.22344399988651276,
            -0.3202989995479584,
            1.023010015487671,
            0.09866949915885925,
            0.8160169720649719,
            0.010208000428974628,
            0.9843699932098389,
            -0.17581599950790405,
            0.012191999703645706,
            0.17568999528884888,
            0.9843699932098389
        ]
    ],
    "ops": [
        [
            0,
            0,
            0,
            1,
            2,
            1,
            0,
            0,
            1,
            2,
            1,
            0,
            0,
            1,
            1
        ]
    ],
    "syms": [
        [
            0.0,
            0.9999930262565613,
            0.003653140040114522,
            0.0005260949837975204,
            -0.00886061042547226,
            -0.006206780206412077,
            0.09302960336208344,
            0.0
        ],
        [
            0.0,
            1.0,
            -0.0,
            -0.0,
            -0.0096220001578331,
            -0.5504299998283386,
            -0.1734739989042282,
            0.0
        ]
    ],
    "labels:": [
        [
            1,
            3,
            3,
            2,
            2,
            0,
            0
        ]
    ],
    "obj": 37531,
    "mat_index": 2151,
    "obbs": "N 11\n-0.00870697 0.216621 -0.29077 1 0.00073132 0.000611165 -0.00073132 0.177582 0.984106 0.000611165 -0.984106 0.177582 0.793055 0.0994501 1.0028\n0.420125 -0.00463963 0.0932553 -0.0754023 -0.997147 0.00358673 0.997147 -0.0754143 -0.00332573 0.00358673 0.00332573 0.999988 0.559702 0.174221 0.735147\n-0.437846 -0.00777394 0.0928039 0.106882 -0.99426 -0.00484339 0.99426 0.106856 0.00539189 -0.00484339 -0.00539189 0.999974 0.557725 0.169645 0.735153\n-0.009622 -0.211695 0.12189 1 0 0 0 1 0 0 0 1 0.67679 0.132607 0.647141\n0.478279 0.288111 0.0937169 0.918183 -0.393675 -0.0442633 0.392153 0.919058 -0.0393521 0.0561724 0.0187744 0.998245 0.200547 0.202943 0.742161\n-0.497176 0.28797 0.0937711 -0.890265 -0.453594 -0.0409877 -0.451738 0.890896 -0.0473073 0.0579741 -0.0236003 -0.998039 0.199704 0.199779 0.742297\n-0.00929281 0.223444 -0.320299 0.999874 -0.012192 -0.010208 0.012192 0.17569 0.98437 -0.010208 -0.98437 0.175816 0.816017 0.0986695 1.02301\n0.336954 -0.55043 -0.173474 1 0 0 0 1 0 0 0 1 0.086081 0.548837 0.086184\n0.336954 -0.55043 0.400381 1 0 0 0 1 0 0 0 1 0.086081 0.548837 0.086184\n-0.356198 -0.55043 -0.173474 1 0 0 0 1 0 0 0 1 0.086081 0.548837 0.086184\n-0.356198 -0.55043 0.400381 1 0 0 0 1 0 0 0 1 0.086081 0.548837 0.086184\nC 27\n0 7\n0 3\n0 4\n0 5\n0 1\n0 6\n0 9\n0 2\n1 3\n1 6\n1 4\n1 8\n1 7\n2 5\n2 9\n2 6\n2 10\n2 3\n3 7\n3 10\n3 6\n3 9\n3 8\n4 6\n5 6\n6 9\n6 7\nS 4\n2\n1 0.420125 -0.00463963 0.0932553\n2 -0.437846 -0.00777394 0.0928039\n2\n-0.00886061 -0.00620678 0.0930296\n-0.999993 -0.00365314 -0.000526095\n2\n4 0.478279 0.288111 0.0937169\n5 -0.497176 0.28797 0.0937711\n2\n-0.00944834 0.288041 0.093744\n-1 -0.000145079 5.55371e-05\n2\n7 0.336954 -0.55043 -0.173474\n9 -0.356198 -0.55043 -0.173474\n2\n-0.009622 -0.55043 -0.173474\n-1 0 0\n2\n8 0.336954 -0.55043 0.400381\n10 -0.356198 -0.55043 0.400381\n2\n-0.009622 -0.55043 0.400381\n-1 0 0\nL 11\n0\n3\n3\n1\n3\n3\n0\n2\n2\n2\n2"
}