{
    "boxes": [
        [
            -0.005558200180530548,
            -0.18268099427223206,
            0.1984120011329651,
            0.08579879999160767,
            0.7660279870033264,
            0.9868119955062866,
            0.0009765980066731572,
            0.9999750256538391,
            0.006952379830181599,
            -3.394879968254827e-06,
            -0.006952379830181599,
            0.9999759793281555
        ],
        [
            -0.5283480286598206,
            -0.00457945978268981,
            -0.19648100435733795,
            0.10058700293302536,
            0.03451770171523094,
            0.2534340023994446,
            0.0979154035449028,
            0.9485689997673035,
            0.30104899406433105,
            -0.04329819977283478,
            -0.2981550097465515,
            0.9535350203514099
        ],
        [
            -0.5749430060386658,
            0.052521001547575,
            0.17773699760437012,
            0.0490959994494915,
            0.7589640021324158,
            0.16793900728225708,
            0.0,
            1.0,
            0.0,
            0.0,
            0.0,
            1.0
        ],
        [
            -0.005269410088658333,
            -0.5402939915657043,
            0.21464399993419647,
            0.6931189894676208,
            0.16505800187587738,
            0.19725100696086884,
            0.02241710014641285,
            0.9997180104255676,
            0.007816069759428501,
            -0.6116459965705872,
            0.007530170027166605,
            0.7910959720611572
        ],
        [
            -0.005452500190585852,
            -0.8890010118484497,
            0.2110690027475357,
            0.04423400014638901,
            0.3467249870300293,
            0.34654098749160767,
            0.0,
            1.0,
            0.0,
            0.0,
            0.0,
            1.0
        ],
        [
            -0.008708739653229713,
            0.340038001537323,
            -0.2929899990558624,
            1.0700600147247314,
            0.05097369849681854,
            0.8212800025939941,
            -0.0004095959884580225,
            0.9655370116233826,
            -0.26026400923728943,
            -0.0005346229881979525,
            0.26026400923728943,
            0.9655370116233826
        ]
    ],
    "ops": [
        [
            0,
            0,
            0,
            1,
            2,
            1,
            0,
            0,
            1,
            1,
            0,
            1
        ]
    ],
    "syms": [
        [
            0.0,
            0.9999369978904724,
            -0.011131400242447853,
            0.0016962999943643808,
            -0.011014300398528576,
            -0.010338500142097473,
            -0.19560399651527405,
            0.0
        ]
    ],
    "labels:": [
        [
            1,
            3,
            3,
            2,
            2,
            0
        ]
    ],
    "obj": 37579,
    "mat_index": 2182,
    "obbs": "N 8\n-0.00870874 0.340038 -0.29299 -0.000409596 0.965537 -0.260264 -0.000534623 0.260264 0.965537 1 0.000534623 0.000409596 1.07006 0.0509737 0.82128\n0.50632 -0.0160975 -0.194726 1 0 0 0 1 0 0 0 1 0.265573 0.108695 0.051036\n-0.528348 -0.00457946 -0.196481 0.0979154 0.948569 0.301049 -0.0432982 -0.298155 0.953535 0.994252 -0.106401 0.0118773 0.100587 0.0345177 0.253434\n-0.0055582 -0.182681 0.198412 1 -0.000976598 -3.39488e-06 0.000976598 0.999975 0.00695238 -3.39488e-06 -0.00695238 0.999976 0.986812 0.0857988 0.766028\n-0.00526941 -0.540294 0.214644 -0.790814 0.0225147 -0.611642 -0.611646 0.00753017 0.791096 0.0224171 0.999718 0.00781607 0.197251 0.165058 0.693119\n0.563913 0.0535225 0.177771 1 0 0 0 1 0 0 0 1 0.168055 0.047093 0.759034\n-0.574943 0.052521 0.177737 1 0 0 0 1 0 0 0 1 0.167939 0.049096 0.758964\n-0.0054525 -0.889001 0.211069 1 0 0 0 1 0 0 0 1 0.346541 0.044234 0.346725\nC 14\n0 1\n0 6\n0 5\n0 4\n0 3\n0 2\n1 3\n1 5\n2 6\n2 3\n3 6\n3 4\n3 5\n4 7\nS 2\n2\n1 0.50632 -0.0160975 -0.194726\n2 -0.528348 -0.00457946 -0.196481\n2\n-0.0110143 -0.0103385 -0.195604\n-0.999937 0.0111314 -0.0016963\n2\n5 0.563913 0.0535225 0.177771\n6 -0.574943 0.052521 0.177737\n2\n-0.0055145 0.0530217 0.177754\n-1 -0.000879391 -2.98545e-05\nL 8\n0\n3\n3\n1\n2\n3\n3\n2"
}