{
    "boxes": [
        [
            -0.0035665000323206186,
            -0.15789499878883362,
            0.1794469952583313,
            0.13007499277591705,
            0.7249370217323303,
            0.664559006690979,
            0.0,
            1.0,
            0.0,
            0.0,
            0.0,
            1.0
        ],
        [
            -0.28423699736595154,
            -0.4966300129890442,
            -0.23776200413703918,
            0.5765219926834106,
            0.07787469774484634,
            0.07052530348300934,
            0.1199830025434494,
            0.9780870079994202,
            0.17014800012111664,
            -0.21450500190258026,
            -0.1417970061302185,
            0.9663749933242798
        ],
        [
            -0.3108089864253998,
            -0.4957149922847748,
            0.5171290040016174,
            0.5736569762229919,
            0.04697800055146217,
            0.04820900037884712,
            0.0,
            1.0,
            0.0,
            0.0,
            0.0,
            1.0
        ],
        [
            -0.0012439800193533301,
            0.21784499287605286,
            -0.2027209997177124,
            0.8869150280952454,
            0.16894300282001495,
            0.7051399946212769,
            0.0029737299773842096,
            0.9970470070838928,
            -0.07673809677362442,
            0.0032113799825310707,
            0.07672859728336334,
            0.9970470070838928
        ]
    ],
    "ops": [
        [
            0,
            0,
            0,
            1,
            2,
            1,
            0,
            1
        ]
    ],
    "syms": [
        [
            0.0,
            0.9989259839057922,
            -0.008447820320725441,
            0.04556030035018921,
            -0.0063908700831234455,
            -0.49897998571395874,
            -0.22508999705314636,
            0.0
        ]
    ],
    "labels:": [
        [
            1,
            2,
            2,
            0
        ]
    ],
    "obj": 37583,
    "mat_index": 2186,
    "obbs": "N 6\n-0.00124398 0.217845 -0.202721 0.99999 -0.00321138 -0.00297373 0.00321138 0.0767286 0.997047 -0.00297373 -0.997047 0.0767381 0.70514 0.168943 0.886915\n-0.0035665 -0.157895 0.179447 1 0 0 0 1 0 0 0 1 0.664559 0.130075 0.724937\n0.271455 -0.50133 -0.212417 0.0899552 -0.99306 -0.0757608 0.991329 0.0965947 -0.0890845 0.0957844 -0.0670903 0.993139 0.571848 0.0611827 0.0720641\n0.303875 -0.495715 0.517129 1 0 0 0 1 0 0 0 1 0.048209 0.573657 0.046978\n-0.310809 -0.495715 0.517129 1 0 0 0 1 0 0 0 1 0.048209 0.573657 0.046978\n-0.284237 -0.49663 -0.237762 0.214505 0.141797 -0.966375 0.969325 -0.152446 0.192792 -0.119983 -0.978087 -0.170148 0.0778747 0.0705253 0.576522\nC 7\n0 1\n0 5\n0 2\n1 2\n1 3\n1 4\n1 5\nS 2\n2\n2 0.271455 -0.50133 -0.212417\n5 -0.284237 -0.49663 -0.237762\n2\n-0.00639087 -0.49898 -0.22509\n-0.998926 0.00844782 -0.0455603\n2\n3 0.303875 -0.495715 0.517129\n4 -0.310809 -0.495715 0.517129\n2\n-0.0034675 -0.495715 0.517129\n-1 0 0\nL 6\n0\n1\n2\n2\n2\n2"
}