{
    "boxes": [
        [
            -0.011726999655365944,
            -0.16495999693870544,
            0.17032399773597717,
            0.14703799784183502,
            0.7940850257873535,
            0.8510860204696655,
            0.0,
            1.0,
            0.0,
            0.0,
            0.0,
            1.0
        ],
        [
            -0.41777899861335754,
            -0.06023100018501282,
            0.5300769805908203,
            0.3564159870147705,
            0.07984799891710281,
            0.0784280002117157,
            0.0,
            1.0,
            0.0,
            0.0,
            0.0,
            1.0
        ],
        [
            -0.4155130088329315,
            0.1391409933567047,
            0.168846994638443,
            0.14161799848079681,
            0.7860289812088013,
            0.08295899629592896,
            0.0,
            1.0,
            0.0,
            0.0,
            0.0,
            1.0
        ],
        [
            -0.413673996925354,
            -0.08724559843540192,
            -0.22210100293159485,
            0.35567399859428406,
            0.06501439958810806,
            0.08284059911966324,
            -0.009425610303878784,
            0.9943860173225403,
            0.1053910031914711,
            -0.05554189905524254,
            -0.10575400292873383,
            0.9928399920463562
        ],
        [
            -0.41407400369644165,
            -0.5008879899978638,
            -0.3321169912815094,
            0.5341699719429016,
            0.08028490096330643,
            0.0835902988910675,
            -0.008933570235967636,
            0.9234830141067505,
            0.3835349977016449,
            -0.07579769939184189,
            -0.38307198882102966,
            0.9206029772758484
        ],
        [
            -0.41797900199890137,
            -0.49897998571395874,
            0.5423099994659424,
            0.5445410013198853,
            0.07900600135326385,
            0.07802899926900864,
            0.0,
            1.0,
            0.0,
            0.0,
            0.0,
            1.0
        ],
        [
            -0.015399600379168987,
            0.27021199464797974,
            -0.2542499899864197,
            0.8570320010185242,
            0.1813260018825531,
            0.751816987991333,
            -0.0001557729992782697,
            0.9826710224151611,
            -0.18535900115966797,
            -0.0001879030023701489,
            0.18535900115966797,
            0.9826710224151611
        ]
    ],
    "ops": [
        [
            0,
            0,
            0,
            0,
            1,
            1,
            2,
            1,
            0,
            0,
            1,
            2,
            1,
            0,
            1
        ]
    ],
    "syms": [
        [
            0.0,
            0.9999560117721558,
            -0.005385930184274912,
            0.007615350186824799,
            -0.02139279991388321,
            -0.062366001307964325,
            0.5330960154533386,
            0.0
        ],
        [
            0.0,
            0.9999709725379944,
            0.007198430132120848,
            0.0025354099925607443,
            -0.01785380020737648,
            -0.4980359971523285,
            -0.3311130106449127,
            0.0
        ]
    ],
    "labels:": [
        [
            1,
            3,
            3,
            3,
            2,
            2,
            0
        ]
    ],
    "obj": 37585,
    "mat_index": 2187,
    "obbs": "N 12\n-0.0153996 0.270212 -0.25425 1 0.000187903 0.000155773 -0.000187903 0.185359 0.982671 0.000155773 -0.982671 0.185359 0.751817 0.181326 0.857032\n0.377134 0.139156 0.168982 1 0 0 0 1 0 0 0 1 0.082889 0.141588 0.786297\n-0.415513 0.139141 0.168847 1 0 0 0 1 0 0 0 1 0.082959 0.141618 0.786029\n-0.011727 -0.16496 0.170324 1 0 0 0 1 0 0 0 1 0.851086 0.147038 0.794085\n-0.414074 -0.500888 -0.332117 -0.997083 0.0208468 -0.0734201 -0.0757977 -0.383072 0.920603 -0.00893357 0.923483 0.383535 0.0835903 0.0802849 0.53417\n0.378366 -0.495184 -0.330108 -0.99659 0.0157792 -0.0809932 -0.0808482 -0.383067 0.920176 -0.0165062 0.923586 0.383037 0.0875454 0.0812718 0.546624\n0.374634 -0.503208 0.546851 1 0 0 0 1 0 0 0 1 0.078029 0.536085 0.06994\n-0.417979 -0.49898 0.54231 1 0 0 0 1 0 0 0 1 0.078029 0.544541 0.079006\n0.379166 -0.0853997 -0.221873 0.0273563 0.994028 0.105645 -0.0695979 -0.103534 0.992188 0.9972 -0.0344952 0.0663499 0.352908 0.0663615 0.0867525\n0.374993 -0.064501 0.536115 1 0 0 0 1 0 0 0 1 0.078747 0.368156 0.067929\n-0.413674 -0.0872456 -0.222101 -0.00942561 0.994386 0.105391 -0.0555419 -0.105754 0.99284 0.998412 0.00350451 0.0562269 0.355674 0.0650144 0.0828406\n-0.417779 -0.060231 0.530077 1 0 0 0 1 0 0 0 1 0.078428 0.356416 0.079848\nC 25\n0 10\n0 3\n0 4\n0 5\n0 8\n0 1\n0 2\n1 3\n1 9\n1 8\n2 10\n2 3\n2 11\n3 11\n3 7\n3 10\n3 6\n3 9\n3 5\n3 8\n3 4\n4 10\n5 8\n6 9\n7 11\nS 5\n2\n1 0.377134 0.139156 0.168982\n2 -0.415513 0.139141 0.168847\n2\n-0.019189 0.139149 0.168914\n-1 -1.89239e-05 -0.000169054\n2\n4 -0.414074 -0.500888 -0.332117\n5 0.378366 -0.495184 -0.330108\n2\n-0.0178538 -0.498036 -0.331113\n0.999971 0.00719843 0.00253541\n2\n6 0.374634 -0.503208 0.546851\n7 -0.417979 -0.49898 0.54231\n2\n-0.021672 -0.501094 0.544581\n-0.999969 0.00533535 -0.00572898\n2\n8 0.379166 -0.0853997 -0.221873\n10 -0.413674 -0.0872456 -0.222101\n2\n-0.0172544 -0.0863227 -0.221987\n-0.999997 -0.00232826 -0.000286956\n2\n9 0.374993 -0.064501 0.536115\n11 -0.417779 -0.060231 0.530077\n2\n-0.0213928 -0.062366 0.533096\n-0.999956 0.00538593 -0.00761535\nL 12\n0\n3\n3\n1\n2\n2\n2\n2\n3\n3\n3\n3"
}