{
    "boxes": [
        [
            0.00842950027436018,
            -0.18728899955749512,
            0.08483999967575073,
            0.5089700222015381,
            1.3166799545288086,
            0.8383129835128784,
            0.0,
            1.0,
            0.0,
            0.0,
            0.0,
            1.0
        ],
        [
            -0.5169489979743958,
            0.0007304999744519591,
            0.050673000514507294,
            0.8785489797592163,
            1.2418800592422485,
            0.21890799701213837,
            0.0,
            1.0,
            0.0,
            0.0,
            0.0,
            1.0
        ],
        [
            -0.5169489979743958,
            -0.49327099323272705,
            -0.4515950083732605,
            0.10945399850606918,
            0.15809300541877747,
            0.16053199768066406,
            0.0,
            1.0,
            0.0,
            0.0,
            0.0,
            1.0
        ],
        [
            -0.5051389932632446,
            -0.49327099323272705,
            0.5733960270881653,
            0.10945399850606918,
            0.16053199768066406,
            0.15809300541877747,
            0.0,
            1.0,
            -9.214850257355852e-15,
            -0.5,
            7.98029973673271e-15,
            0.8660249710083008
        ],
        [
            0.008440000005066395,
            0.33720898628234863,
            -0.23387299478054047,
            0.6591070294380188,
            0.23089200258255005,
            0.8327280282974243,
            -0.0010682999854907393,
            0.8862839937210083,
            -0.4631420075893402,
            -0.0017636199481785297,
            0.46313899755477905,
            0.8862839937210083
        ],
        [
            0.00842950027436018,
            0.1885720044374466,
            -0.3432070016860962,
            0.6754480004310608,
            0.4605889916419983,
            0.8383129835128784,
            0.0,
            1.0,
            0.0,
            0.0,
            0.0,
            1.0
        ]
    ],
    "ops": [
        [
            0,
            0,
            2,
            1,
            0,
            0,
            1,
            2,
            1,
            0,
            0,
            1,
            1
        ]
    ],
    "syms": [
        [
            0.0,
            1.0,
            -0.0,
            -0.0,
            0.008429249748587608,
            0.0007304999744519591,
            0.050673000514507294,
            0.0
        ],
        [
            0.0,
            1.0,
            0.0,
            0.0,
            0.008429249748587608,
            -0.49327099323272705,
            -0.4515950083732605,
            0.0
        ]
    ],
    "labels:": [
        [
            1,
            3,
            2,
            2,
            0,
            0
        ]
    ],
    "obj": 37600,
    "mat_index": 2198,
    "obbs": "N 9\n0.00844 0.337209 -0.233873 -0.0010683 0.886284 -0.463142 -0.00176362 0.463139 0.886284 0.999998 0.00176362 0.0010683 0.659107 0.230892 0.832728\n0.533807 0.0007305 0.050673 1 0 0 0 1 0 0 0 1 0.218907 0.878549 1.24188\n-0.516949 0.0007305 0.050673 1 0 0 0 1 0 0 0 1 0.218908 0.878549 1.24188\n0.0084295 -0.187289 0.08484 1 0 0 0 1 0 0 0 1 0.838313 0.50897 1.31668\n0.0084295 0.188572 -0.343207 1 0 0 0 1 0 0 0 1 0.838313 0.675448 0.460589\n-0.516949 -0.493271 -0.451595 1 0 0 0 1 0 0 0 1 0.160532 0.109454 0.158093\n0.533807 -0.493271 -0.451595 1 0 0 0 1 0 0 0 1 0.160533 0.109454 0.158093\n0.521998 -0.493271 0.573396 -0.5 1.06603e-15 -0.866025 -5.60081e-16 1 1.55431e-15 0.866025 1.2622e-15 -0.5 0.160533 0.109454 0.158093\n-0.505139 -0.493271 0.573396 0.5 -7.9803e-15 -0.866025 0 1 -9.21485e-15 0.866025 4.60743e-15 0.5 0.160532 0.109454 0.158093\nC 17\n0 1\n0 4\n0 3\n0 2\n1 3\n1 4\n1 6\n1 7\n2 8\n2 4\n2 3\n2 5\n3 5\n3 8\n3 6\n3 7\n3 4\nS 3\n2\n1 0.533807 0.0007305 0.050673\n2 -0.516949 0.0007305 0.050673\n2\n0.00842925 0.0007305 0.050673\n-1 0 0\n2\n5 -0.516949 -0.493271 -0.451595\n6 0.533807 -0.493271 -0.451595\n2\n0.00842925 -0.493271 -0.451595\n1 0 0\n2\n7 0.521998 -0.493271 0.573396\n8 -0.505139 -0.493271 0.573396\n2\n0.00842906 -0.493271 0.573396\n-1 2.16178e-16 -2.10786e-07\nL 9\n0\n3\n3\n1\n0\n2\n2\n2\n2"
}