{
    "boxes": [
        [
            0.007846999913454056,
            -0.2086780071258545,
            0.04107550159096718,
            0.44508200883865356,
            1.0606499910354614,
            1.205989956855774,
            0.0,
            1.0,
            0.0,
            0.0,
            0.0,
            1.0
        ],
        [
            -0.5727419853210449,
            0.5253990292549133,
            0.1929509937763214,
            0.08025109767913818,
            0.6440669894218445,
            0.08158010244369507,
            0.25700899958610535,
            0.9152190089225769,
            0.310355007648468,
            -0.16362200677394867,
            -0.27529698610305786,
            0.9473329782485962
        ],
        [
            0.586912989616394,
            0.5239049792289734,
            0.1844789981842041,
            0.07081589847803116,
            0.650475025177002,
            0.07708869874477386,
            0.5760560035705566,
            0.8049910068511963,
            0.14194799959659576,
            0.12537600100040436,
            -0.25861498713493347,
            0.9578099846839905
        ],
        [
            -0.5479810237884521,
            0.12570199370384216,
            0.15022000670433044,
            0.9618129730224609,
            0.5581889748573303,
            0.05619560182094574,
            0.0016382200410589576,
            0.9994480013847351,
            -0.033188700675964355,
            -0.1236329972743988,
            0.03313659876585007,
            0.9917749762535095
        ],
        [
            -0.5943679809570312,
            0.01497500017285347,
            0.4499790072441101,
            0.8652039766311646,
            0.07330299913883209,
            0.07001200318336487,
            0.0,
            1.0,
            0.0,
            0.0,
            0.0,
            1.0
        ],
        [
            -0.5825510025024414,
            -0.5570449829101562,
            0.4498710036277771,
            0.306892991065979,
            0.07308600097894669,
            0.0463780015707016,
            0.0,
            1.0,
            0.0,
            0.0,
            0.0,
            1.0
        ],
        [
            -0.3388940095901489,
            -0.5555279850959778,
            -0.3739619851112366,
            0.32524800300598145,
            0.03781700134277344,
            0.07124540209770203,
            0.03553120046854019,
            0.9771929979324341,
            0.20935800671577454,
            0.5482320189476013,
            -0.19421400129795074,
            0.8134639859199524
        ],
        [
            0.007501500193029642,
            0.18390999734401703,
            -0.34892499446868896,
            1.0660300254821777,
            0.5242850184440613,
            1.047469973564148,
            0.0,
            1.0,
            0.0,
            0.0,
            0.0,
            1.0
        ],
        [
            0.00659578014165163,
            0.672324001789093,
            -0.3488439917564392,
            0.06786099821329117,
            0.5571190118789673,
            1.140220046043396,
            -0.0050415401346981525,
            0.9640939831733704,
            0.26551300287246704,
            0.0006815340020693839,
            -0.26551300287246704,
            0.9641069769859314
        ]
    ],
    "ops": [
        [
            0,
            0,
            0,
            0,
            0,
            1,
            2,
            1,
            1,
            1,
            0,
            0,
            1,
            2,
            1,
            0,
            0,
            1,
            1
        ]
    ],
    "syms": [
        [
            0.0,
            0.9999629855155945,
            9.61241967161186e-05,
            -0.008600370027124882,
            0.005440679844468832,
            0.12575499713420868,
            0.14545999467372894,
            0.0
        ],
        [
            0.0,
            0.9999960064888,
            0.002962700091302395,
            9.1883099230472e-05,
            0.007870499975979328,
            -0.555296003818512,
            0.4499250054359436,
            0.0
        ]
    ],
    "labels:": [
        [
            1,
            3,
            3,
            3,
            3,
            2,
            2,
            0,
            0
        ]
    ],
    "obj": 37628,
    "mat_index": 2217,
    "obbs": "N 13\n0.0075015 0.18391 -0.348925 1 0 0 0 1 0 0 0 1 1.04747 1.06603 0.524285\n0.00659578 0.672324 -0.348844 0.999987 0.00504154 0.000681534 -0.00504154 0.964094 0.265513 0.000681534 -0.265513 0.964107 1.14022 0.067861 0.557119\n0.007847 -0.208678 0.0410755 1 0 0 0 1 0 0 0 1 1.20599 0.445082 1.06065\n0.558862 0.125808 0.1407 0.00256817 -0.999697 0.0244656 0.99165 -0.000608403 -0.128955 0.12893 0.0245925 0.991349 0.95993 0.0546255 0.571449\n-0.547981 0.125702 0.15022 0.123633 -0.0331366 -0.991775 0.992327 0.00247849 0.123619 -0.00163822 -0.999448 0.0331887 0.558189 0.0561956 0.961813\n0.610091 0.015259 0.449979 1 0 0 0 1 0 0 0 1 0.069976 0.865766 0.073303\n-0.594368 0.014975 0.449979 1 0 0 0 1 0 0 0 1 0.070012 0.865204 0.073303\n0.586913 0.523905 0.184479 -0.125376 0.258615 -0.95781 0.576056 0.804991 0.141948 0.807738 -0.533956 -0.249903 0.650475 0.0708159 0.0770887\n-0.572742 0.525399 0.192951 -0.257009 -0.915219 -0.310355 0.952457 -0.294254 0.0789961 -0.163622 -0.275297 0.947333 0.0802511 0.0815801 0.644067\n0.598292 -0.553547 0.449979 1 0 0 0 1 0 0 0 1 0.046378 0.31389 0.073303\n-0.582551 -0.557045 0.449871 1 0 0 0 1 0 0 0 1 0.046378 0.306893 0.073086\n0.354864 -0.555528 -0.373962 -0.0355309 0.977193 0.209359 -0.548231 -0.194214 0.813464 0.835572 -0.0858738 0.542628 0.325248 0.0378166 0.0712455\n-0.338894 -0.555528 -0.373962 0.0355312 0.977193 0.209358 0.548232 -0.194214 0.813464 0.835571 0.0858733 -0.542629 0.325248 0.037817 0.0712454\nC 32\n0 2\n0 7\n0 3\n0 11\n0 4\n0 12\n0 8\n0 1\n1 3\n1 4\n1 8\n1 7\n2 12\n2 5\n2 9\n2 6\n2 10\n2 3\n2 11\n2 4\n3 11\n3 7\n3 9\n3 5\n4 8\n4 12\n4 10\n4 6\n5 9\n5 7\n6 10\n6 8\nS 4\n2\n3 0.558862 0.125808 0.1407\n4 -0.547981 0.125702 0.15022\n2\n0.00544068 0.125755 0.14546\n-0.999963 -9.61242e-05 0.00860037\n2\n5 0.610091 0.015259 0.449979\n6 -0.594368 0.014975 0.449979\n2\n0.0078615 0.015117 0.449979\n-1 -0.000235791 0\n2\n9 0.598292 -0.553547 0.449979\n10 -0.582551 -0.557045 0.449871\n2\n0.0078705 -0.555296 0.449925\n-0.999996 -0.0029627 -9.18831e-05\n2\n11 0.354864 -0.555528 -0.373962\n12 -0.338894 -0.555528 -0.373962\n2\n0.00798489 -0.555528 -0.373962\n-1 6.07004e-08 -2.48794e-07\nL 13\n0\n0\n1\n3\n3\n3\n3\n3\n3\n2\n2\n2\n2"
}