{
    "boxes": [
        [
            -0.004229499958455563,
            -0.12647800147533417,
            0.11526300013065338,
            0.13122700154781342,
            0.6747320294380188,
            0.9095889925956726,
            0.0,
            1.0,
            0.0,
            0.0,
            0.0,
            1.0
        ],
        [
            -0.4035710096359253,
            0.025290299206972122,
            -0.14016400277614594,
            0.25827398896217346,
            0.04278299957513809,
            0.06474749743938446,
            -0.012392500415444374,
            0.9917610287666321,
            0.1275009959936142,
            -0.010900500230491161,
            -0.12763799726963043,
            0.9917610287666321
        ],
        [
            -0.4236519932746887,
            0.17406000196933746,
            0.09907200187444687,
            0.06197569891810417,
            0.4638049900531769,
            0.07490339875221252,
            -0.022740600630640984,
            0.9996280074119568,
            -0.015031999908387661,
            -0.10467100143432617,
            0.012572599574923515,
            0.9944270253181458
        ],
        [
            0.48555201292037964,
            0.1854960024356842,
            0.08310720324516296,
            0.03975269943475723,
            0.4708020091056824,
            0.06903920322656631,
            -0.00028472699341364205,
            0.9998990297317505,
            0.014190499670803547,
            0.10452999919652939,
            -0.014082999899983406,
            0.9944220185279846
        ],
        [
            -0.44695401191711426,
            -0.08572480082511902,
            0.36060601472854614,
            0.5144230127334595,
            0.046330299228429794,
            0.08321110159158707,
            0.03906159847974777,
            0.9922670125961304,
            -0.11781200021505356,
            -0.014962599612772465,
            0.1184689998626709,
            0.9928449988365173
        ],
        [
            -0.5160179734230042,
            0.03620560094714165,
            0.34759101271629333,
            0.27765700221061707,
            0.04967759922146797,
            0.07540690153837204,
            0.0376725010573864,
            0.9873700141906738,
            -0.15388399362564087,
            -0.01714709959924221,
            0.15460899472236633,
            0.9878270030021667
        ],
        [
            -0.3986530005931854,
            -0.4283899962902069,
            -0.20482300221920013,
            0.676006019115448,
            0.028542600572109222,
            0.06550849974155426,
            -0.007016540039330721,
            0.9909030199050903,
            0.13439500331878662,
            -0.006128999870270491,
            -0.13443900644779205,
            0.9909030199050903
        ],
        [
            -0.5227280259132385,
            -0.42571601271629333,
            0.41554000973701477,
            0.6824420094490051,
            0.03162809833884239,
            0.07885719835758209,
            0.02501709945499897,
            0.9903110265731812,
            -0.13659299910068512,
            -0.03137490153312683,
            0.13734599947929382,
            0.9900259971618652
        ],
        [
            -0.003026729915291071,
            0.42811399698257446,
            -0.4602139890193939,
            0.32600799202919006,
            0.07195489853620529,
            0.8340380191802979,
            0.0008736000163480639,
            0.9859390258789062,
            -0.16710199415683746,
            0.001034119981341064,
            0.16710099577903748,
            0.9859390258789062
        ],
        [
            -0.43969398736953735,
            0.3748059868812561,
            -0.42416998744010925,
            0.3053250014781952,
            0.05113609880208969,
            0.06342709809541702,
            0.03540870174765587,
            0.9711779952049255,
            -0.23571200668811798,
            -0.02155259996652603,
            0.23654699325561523,
            0.9713810086250305
        ],
        [
            -0.4559420049190521,
            0.20541800558567047,
            -0.25342199206352234,
            0.06431619822978973,
            0.2810179889202118,
            0.06542540341615677,
            0.024566100910305977,
            0.9877700209617615,
            0.15396900475025177,
            -0.10638900101184845,
            -0.1505569964647293,
            0.9828600287437439
        ]
    ],
    "ops": [
        [
            0,
            0,
            0,
            0,
            1,
            1,
            0,
            0,
            1,
            1,
            2,
            1,
            0,
            0,
            1,
            2,
            1,
            0,
            0,
            0,
            1,
            2,
            1,
            1
        ]
    ],
    "syms": [
        [
            0.0,
            0.9999790191650391,
            0.004978119861334562,
            0.004130910150706768,
            -0.0014455500058829784,
            0.027292100712656975,
            -0.13850300014019012,
            0.0
        ],
        [
            0.0,
            0.9999799728393555,
            0.006322749890387058,
            0.0009494380210526288,
            -0.0014144600136205554,
            -0.42587798833847046,
            -0.2044460028409958,
            0.0
        ],
        [
            0.0,
            0.9999369978904724,
            -0.010234899818897247,
            0.004523139912635088,
            -0.0012250200379639864,
            0.3703179955482483,
            -0.4221870005130768,
            0.0
        ]
    ],
    "labels:": [
        [
            1,
            3,
            3,
            3,
            3,
            3,
            2,
            2,
            0,
            0,
            0
        ]
    ],
    "obj": 37630,
    "mat_index": 2219,
    "obbs": "N 20\n-0.00302673 0.428114 -0.460214 0.999999 -0.00103412 -0.0008736 0.00103412 0.167101 0.985939 -0.0008736 -0.985939 0.167102 0.834038 0.0719549 0.326008\n-0.0042295 -0.126478 0.115263 1 0 0 0 1 0 0 0 1 0.909589 0.131227 0.674732\n0.437244 0.36583 -0.420204 -0.0547511 0.963538 -0.261911 -0.0714748 0.257849 0.963538 0.995939 0.0714748 0.0547511 0.325695 0.0567913 0.0694277\n-0.439694 0.374806 -0.42417 -0.99914 0.0293151 -0.0293072 -0.0215526 0.236547 0.971381 0.0354087 0.971178 -0.235712 0.0634271 0.0511361 0.305325\n0.420735 0.177233 0.104 0.994513 -0.00416819 -0.104533 0.00439509 0.999988 0.00194032 0.104523 -0.0023891 0.99452 0.0740607 0.0522905 0.437099\n0.485552 0.185496 0.0831072 0.994522 0.00176648 -0.104516 -0.000284727 0.999899 0.0141905 0.10453 -0.014083 0.994422 0.0690392 0.0397527 0.470802\n-0.423652 0.17406 0.099072 0.104671 -0.0125726 -0.994427 -0.0227406 0.999628 -0.015032 0.994247 0.0241873 0.104347 0.463805 0.0619757 0.0749034\n-0.489426 0.182138 0.0939745 -0.994246 0.0249437 -0.104173 0.0220882 0.99935 0.0284756 0.104816 0.0260108 -0.994151 0.0695633 0.0504812 0.477587\n0.40068 0.029294 -0.136842 -0.999326 0.0350696 -0.0108331 -0.0165469 -0.166988 0.98582 0.0327633 0.985335 0.167456 0.0686594 0.0523562 0.299685\n0.444267 -0.0818724 0.35923 0.999973 -0.00550591 -0.00485733 0.00550591 0.124665 0.992184 -0.00485733 -0.992184 0.124692 0.0796733 0.049827 0.520694\n0.513212 0.0360875 0.347035 -0.0371394 0.981906 -0.185691 -0.0447832 0.183997 0.981906 0.998306 0.0447832 0.0371394 0.303506 0.0546225 0.0771878\n-0.403571 0.0252903 -0.140164 0.999864 0.0109005 0.0123925 -0.0109005 -0.127638 0.991761 0.0123925 -0.991761 -0.127501 0.0647475 0.042783 0.258274\n-0.446954 -0.0857248 0.360606 -0.999125 0.0370194 -0.0194745 -0.0149626 0.118469 0.992845 0.0390616 0.992267 -0.117812 0.0832111 0.0463303 0.514423\n-0.516018 0.0362056 0.347591 -0.999143 0.0345752 -0.0227551 -0.0171471 0.154609 0.987827 0.0376725 0.98737 -0.153884 0.0754069 0.0496776 0.277657\n-0.455942 0.205418 -0.253422 0.106389 0.150557 -0.98286 0.0245661 0.98777 0.153969 0.994021 -0.0405257 0.101389 0.281018 0.0643162 0.0654254\n0.453419 0.202609 -0.248853 0.994332 0.025475 -0.10322 -0.0148482 0.994628 0.102443 0.105275 -0.10033 0.989369 0.0642724 0.0557932 0.246243\n0.395824 -0.423366 -0.204068 0.000687673 0.991056 0.133446 0.000601284 -0.133446 0.991056 1 -0.000601284 -0.000687673 0.68585 0.0278533 0.0697467\n-0.398653 -0.42839 -0.204823 0.999957 0.006129 0.00701654 -0.006129 -0.134439 0.990903 0.00701654 -0.990903 -0.134395 0.0655085 0.0285426 0.676006\n-0.522728 -0.425716 0.41554 -0.999195 0.020482 -0.034507 -0.0313749 0.137346 0.990026 0.0250171 0.990311 -0.136593 0.0788572 0.0316281 0.682442\n0.520714 -0.432734 0.416286 0.999903 -0.0105161 -0.00918324 0.0105161 0.134649 0.990838 -0.00918324 -0.990838 0.134747 0.0862669 0.0290225 0.6675\nC 60\n0 14\n0 2\n0 3\n0 15\n1 17\n1 15\n1 6\n1 11\n1 16\n1 14\n1 5\n1 10\n1 13\n1 4\n1 19\n1 9\n1 12\n1 18\n1 8\n1 7\n2 8\n2 5\n2 15\n2 4\n3 11\n3 7\n3 14\n3 6\n4 8\n4 9\n4 10\n4 5\n4 16\n4 15\n5 9\n5 8\n5 15\n5 10\n6 17\n6 14\n6 7\n6 18\n6 11\n6 12\n6 13\n7 12\n7 11\n7 14\n7 18\n7 13\n8 16\n8 15\n9 10\n9 19\n10 19\n11 14\n11 17\n12 13\n12 18\n13 18\nS 9\n2\n2 0.437244 0.36583 -0.420204\n3 -0.439694 0.374806 -0.42417\n2\n-0.00122502 0.370318 -0.422187\n-0.999937 0.0102349 -0.00452314\n2\n4 0.420735 0.177233 0.104\n6 -0.423652 0.17406 0.099072\n2\n-0.00145865 0.175646 0.101536\n-0.999976 -0.0037578 -0.00583587\n2\n5 0.485552 0.185496 0.0831072\n7 -0.489426 0.182138 0.0939745\n2\n-0.00193681 0.183817 0.0885408\n-0.999932 -0.00344337 0.0111455\n2\n8 0.40068 0.029294 -0.136842\n11 -0.403571 0.0252903 -0.140164\n2\n-0.00144555 0.0272921 -0.138503\n-0.999979 -0.00497812 -0.00413091\n2\n9 0.444267 -0.0818724 0.35923\n12 -0.446954 -0.0857248 0.360606\n2\n-0.00134365 -0.0837986 0.359918\n-0.999989 -0.00432254 0.0015432\n2\n10 0.513212 0.0360875 0.347035\n13 -0.516018 0.0362056 0.347591\n2\n-0.00140298 0.0361465 0.347313\n-1 0.000114743 0.000540208\n2\n14 -0.455942 0.205418 -0.253422\n15 0.453419 0.202609 -0.248853\n2\n-0.00126145 0.204014 -0.251137\n0.999983 -0.00308912 0.00502466\n2\n16 0.395824 -0.423366 -0.204068\n17 -0.398653 -0.42839 -0.204823\n2\n-0.00141446 -0.425878 -0.204446\n-0.99998 -0.00632275 -0.000949438\n2\n18 -0.522728 -0.425716 0.41554\n19 0.520714 -0.432734 0.416286\n2\n-0.00100704 -0.429225 0.415913\n0.999977 -0.00672591 0.000714785\nL 20\n0\n1\n0\n0\n3\n3\n3\n3\n3\n3\n3\n3\n3\n3\n0\n0\n2\n2\n2\n2"
}