{
    "boxes": [
        [
            -0.001748480019159615,
            -0.1479949951171875,
            0.17154599726200104,
            0.16996000707149506,
            0.7924249768257141,
            0.7890809774398804,
            -0.00011372299923095852,
            0.999966025352478,
            -0.00827758014202118,
            -4.706840002199897e-07,
            0.00827758014202118,
            0.999966025352478
        ],
        [
            -0.33952999114990234,
            -0.48991701006889343,
            0.5142449736595154,
            0.5639200210571289,
            0.08702299743890762,
            0.09712699800729752,
            0.0,
            1.0,
            0.0,
            0.0,
            0.0,
            1.0
        ],
        [
            0.30924901366233826,
            -0.49634501338005066,
            -0.23335500061511993,
            0.6012600064277649,
            0.11204200237989426,
            0.10391200333833694,
            -0.11804799735546112,
            0.9756309986114502,
            0.18495699763298035,
            0.665340006351471,
            -0.0605567991733551,
            0.7440810203552246
        ],
        [
            -0.3127869963645935,
            -0.4947179853916168,
            -0.23337799310684204,
            0.6044690012931824,
            0.08834339678287506,
            0.09671919792890549,
            0.118367999792099,
            0.9753710031509399,
            0.18612200021743774,
            -0.0754576027393341,
            -0.17806200683116913,
            0.9811220169067383
        ],
        [
            -0.0025020900648087263,
            0.3122110068798065,
            -0.24274000525474548,
            1.0329099893569946,
            0.16058899462223053,
            0.7336689829826355,
            -1.4944799659133423e-05,
            0.9944279789924622,
            -0.10541599988937378,
            -1.6612799299764447e-05,
            0.10541599988937378,
            0.9944279789924622
        ]
    ],
    "ops": [
        [
            0,
            0,
            2,
            0,
            0,
            1,
            1,
            1,
            0,
            1
        ]
    ],
    "syms": [
        [
            0.0,
            0.9999989867210388,
            -0.0010579100344330072,
            5.428949953056872e-05,
            0.0012352500343695283,
            -0.4902780055999756,
            0.5142639875411987,
            0.0
        ]
    ],
    "labels:": [
        [
            1,
            2,
            2,
            2,
            0
        ]
    ],
    "obj": 2378,
    "mat_index": 222,
    "obbs": "N 6\n-0.00250209 0.312211 -0.24274 1 1.66128e-05 1.49448e-05 -1.66128e-05 0.105416 0.994428 1.49448e-05 -0.994428 0.105416 0.733669 0.160589 1.03291\n-0.00174848 -0.147995 0.171546 4.70684e-07 -0.00827758 -0.999966 -0.000113723 0.999966 -0.00827758 1 0.000113723 -4.70684e-07 0.792425 0.16996 0.789081\n-0.33953 -0.489917 0.514245 1 0 0 0 1 0 0 0 1 0.097127 0.56392 0.087023\n0.342001 -0.490638 0.514282 1 0 0 0 1 0 0 0 1 0.085496 0.562506 0.086909\n0.309249 -0.496345 -0.233355 -0.118048 0.975631 0.184957 0.66534 -0.0605568 0.744081 0.737148 0.210897 -0.641977 0.60126 0.112042 0.103912\n-0.312787 -0.494718 -0.233378 0.118368 0.975371 0.186122 -0.0754576 -0.178062 0.981122 0.990099 -0.130178 0.0525223 0.604469 0.0883434 0.0967192\nC 7\n0 1\n0 5\n0 4\n1 2\n1 3\n1 4\n1 5\nS 1\n2\n2 -0.33953 -0.489917 0.514245\n3 0.342001 -0.490638 0.514282\n2\n0.00123525 -0.490278 0.514264\n0.999999 -0.00105791 5.42895e-05\nL 6\n0\n1\n2\n2\n2\n2"
}