{
    "boxes": [
        [
            0.00455301022157073,
            0.0009274280164390802,
            0.12729500234127045,
            0.10374999791383743,
            0.8340110182762146,
            0.9099439978599548,
            -0.000901323975995183,
            0.9992039799690247,
            0.03987869992852211,
            1.7979000404011458e-05,
            -0.03987869992852211,
            0.9992049932479858
        ],
        [
            0.0015884999884292483,
            -0.7815539836883545,
            -0.36895498633384705,
            0.046456001698970795,
            0.08315800130367279,
            0.7982609868049622,
            0.0,
            1.0,
            0.0,
            0.0,
            0.0,
            1.0
        ],
        [
            0.4324460029602051,
            -0.43831300735473633,
            0.5812879800796509,
            0.7816839814186096,
            0.28900599479675293,
            0.04626860097050667,
            0.0012991500552743673,
            0.9774799942970276,
            0.2110220044851303,
            -0.0035294699482619762,
            -0.21101699769496918,
            0.9774760007858276
        ],
        [
            0.40759700536727905,
            -0.7780200242996216,
            0.011922500096261501,
            0.05352399870753288,
            0.7856690287590027,
            0.09389200061559677,
            0.0,
            1.0,
            0.0,
            0.0,
            0.0,
            1.0
        ],
        [
            -0.42265498638153076,
            0.32158300280570984,
            -0.3629460036754608,
            0.6268020272254944,
            0.1259700059890747,
            0.04992840066552162,
            -0.0007512340089306235,
            0.9323850274085999,
            -0.36146700382232666,
            0.05880200117826462,
            0.3608829975128174,
            0.9307559728622437
        ],
        [
            0.004557500127702951,
            0.29813599586486816,
            -0.34994301199913025,
            0.392551988363266,
            0.056295301765203476,
            0.9098989963531494,
            -0.0,
            0.9820680022239685,
            -0.18852899968624115,
            0.0,
            0.18852899968624115,
            0.9820680022239685
        ],
        [
            0.004433399997651577,
            0.3267579972743988,
            -0.4061869978904724,
            0.6530680060386658,
            0.11121100187301636,
            0.899662971496582,
            0.0005427279975265265,
            0.8769180178642273,
            -0.4806390106678009,
            0.0009163719951175153,
            0.4806379973888397,
            0.8769180178642273
        ]
    ],
    "ops": [
        [
            0,
            0,
            0,
            0,
            1,
            2,
            1,
            1,
            0,
            2,
            0,
            0,
            1,
            1,
            1
        ]
    ],
    "syms": [
        [
            0.0,
            0.9994909763336182,
            -0.028529200702905655,
            -0.014267600141465664,
            0.0048909601755440235,
            -0.4261089861392975,
            0.5873910188674927,
            0.0
        ],
        [
            0.0,
            0.9999330043792725,
            0.011335600167512894,
            -0.002431740052998066,
            0.0051511600613594055,
            0.326433002948761,
            -0.36398598551750183,
            0.0
        ]
    ],
    "labels:": [
        [
            1,
            2,
            2,
            2,
            0,
            0,
            0
        ]
    ],
    "obj": 37716,
    "mat_index": 2268,
    "obbs": "N 10\n0.0045575 0.298136 -0.349943 1 0 0 0 0.188529 0.982068 0 -0.982068 0.188529 0.909899 0.0562953 0.392552\n0.0044334 0.326758 -0.406187 0.999999 -0.000916372 -0.000542728 0.000916372 0.480638 0.876918 -0.000542728 -0.876918 0.480639 0.899663 0.111211 0.653068\n0.00455301 0.000927428 0.127295 1 0.000901324 1.7979e-05 -0.000901324 0.999204 0.0398787 1.7979e-05 -0.0398787 0.999205 0.909944 0.10375 0.834011\n0.432958 0.331283 -0.365026 -0.0487634 -0.401537 -0.914544 0.998797 -0.0149279 -0.0467016 0.00510019 -0.915721 0.401782 0.13786 0.0485239 0.605552\n-0.422655 0.321583 -0.362946 -0.058802 -0.360883 -0.930756 0.998269 -0.0205558 -0.0550972 0.000751234 -0.932385 0.361467 0.12597 0.0499284 0.626802\n0.432446 -0.438313 0.581288 -0.00129915 -0.97748 -0.211022 0.999993 -0.00201469 0.00317584 -0.00352947 -0.211017 0.977476 0.781684 0.0462686 0.289006\n-0.422664 -0.413905 0.593494 -0.00427558 -0.994467 -0.104964 0.99999 -0.00434538 0.000436288 -0.000889983 -0.104961 0.994476 0.753331 0.0482998 0.274148\n0.407597 -0.77802 0.0119225 1 0 0 0 1 0 0 0 1 0.093892 0.053524 0.785669\n0.0015885 -0.781554 -0.368955 1 0 0 0 1 0 0 0 1 0.798261 0.046456 0.083158\n-0.403649 -0.770405 0.0361965 1 0 0 0 1 0 0 0 1 0.084314 0.067037 0.833387\nC 15\n0 1\n0 4\n0 3\n0 2\n1 2\n1 3\n1 4\n2 6\n2 4\n2 3\n2 5\n5 7\n6 9\n7 8\n8 9\nS 3\n2\n3 0.432958 0.331283 -0.365026\n4 -0.422655 0.321583 -0.362946\n2\n0.00515116 0.326433 -0.363986\n-0.999933 -0.0113356 0.00243174\n2\n5 0.432446 -0.438313 0.581288\n6 -0.422664 -0.413905 0.593494\n2\n0.00489096 -0.426109 0.587391\n-0.999491 0.0285292 0.0142676\n2\n7 0.407597 -0.77802 0.0119225\n9 -0.403649 -0.770405 0.0361965\n2\n0.001974 -0.774213 0.0240595\n-0.999509 0.00938157 0.0299072\nL 10\n0\n0\n1\n0\n0\n2\n2\n2\n2\n2"
}