{
    "boxes": [
        [
            -0.00024780500098131597,
            -0.043916698545217514,
            0.0625900998711586,
            0.16173599660396576,
            0.6566519737243652,
            0.651453971862793,
            -0.0036407599691301584,
            0.9999930262565613,
            0.001248460030183196,
            2.272669917147141e-06,
            -0.001248460030183196,
            0.9999989867210388
        ],
        [
            -0.28507399559020996,
            -0.31887200474739075,
            0.4234539866447449,
            0.45217299461364746,
            0.1843550056219101,
            0.08471210300922394,
            0.0004718349955510348,
            0.9828619956970215,
            -0.18434500694274902,
            0.0288137998431921,
            0.18425500392913818,
            0.9824560284614563
        ],
        [
            -0.28555700182914734,
            -0.3204219937324524,
            -0.16217100620269775,
            0.45283499360084534,
            0.1831510066986084,
            0.08709239959716797,
            0.0031441200990229845,
            0.9871780276298523,
            -0.15959300100803375,
            0.056327901780605316,
            0.15916499495506287,
            0.9856439828872681
        ],
        [
            -0.2908110022544861,
            -0.5723540186882019,
            -0.051765501499176025,
            0.11097999662160873,
            0.42777499556541443,
            0.06939399987459183,
            0.0,
            1.0,
            0.0,
            0.0,
            0.0,
            1.0
        ],
        [
            -0.29082098603248596,
            -0.5712739825248718,
            0.5328689813613892,
            0.11313900351524353,
            0.42337700724601746,
            0.0693340003490448,
            0.0,
            1.0,
            0.0,
            0.0,
            0.0,
            1.0
        ],
        [
            -0.00015950000670272857,
            0.436924010515213,
            -0.21247099339962006,
            0.8623049855232239,
            0.10636600106954575,
            0.6510429978370667,
            0.0,
            1.0,
            0.0,
            0.0,
            0.0,
            1.0
        ]
    ],
    "ops": [
        [
            0,
            0,
            0,
            0,
            0,
            1,
            1,
            1,
            2,
            1,
            0,
            1
        ]
    ],
    "syms": [
        [
            0.0,
            0.9995139837265015,
            0.031146099790930748,
            -0.0014171800576150417,
            -0.0005360959912650287,
            -0.3100059926509857,
            0.42305099964141846,
            0.0
        ]
    ],
    "labels:": [
        [
            1,
            2,
            2,
            2,
            2,
            0
        ]
    ],
    "obj": 37726,
    "mat_index": 2274,
    "obbs": "N 10\n-0.0001595 0.436924 -0.212471 1 0 0 0 1 0 0 0 1 0.651043 0.862305 0.106366\n-0.290811 -0.572354 -0.0517655 1 0 0 0 1 0 0 0 1 0.069394 0.11098 0.427775\n0.290498 -0.573404 -0.051804 1 0 0 0 1 0 0 0 1 0.069361 0.108879 0.4277\n0.290446 -0.572374 0.532843 1 0 0 0 1 0 0 0 1 0.069469 0.11094 0.423324\n-0.290821 -0.571274 0.532869 1 0 0 0 1 0 0 0 1 0.069334 0.113139 0.423377\n-0.000247805 -0.0439167 0.0625901 -2.27267e-06 0.00124846 -0.999999 -0.00364076 0.999993 0.00124846 0.999993 0.00364076 2.27267e-06 0.656652 0.161736 0.651454\n0.288652 -0.313848 -0.162375 -0.024592 0.989695 -0.141064 0.999505 0.0271093 0.0159511 0.0196109 -0.140602 -0.989872 0.470093 0.0824164 0.183239\n0.284002 -0.301139 0.422647 0.002013 0.989051 -0.147562 0.99996 -0.000697801 0.00896408 0.00876296 -0.147574 -0.989012 0.458726 0.0834886 0.183658\n-0.285074 -0.318872 0.423454 0.000471835 0.982862 -0.184345 0.999585 -0.00577524 -0.0282331 -0.0288138 -0.184255 -0.982456 0.452173 0.0847121 0.184355\n-0.285557 -0.320422 -0.162171 0.00314412 0.987178 -0.159593 0.998407 -0.0120885 -0.0551052 -0.0563279 -0.159165 -0.985644 0.452835 0.0870924 0.183151\nC 15\n0 6\n0 5\n0 9\n1 4\n1 8\n1 9\n2 7\n2 6\n2 3\n3 7\n4 8\n5 9\n5 6\n5 7\n5 8\nS 4\n2\n1 -0.290811 -0.572354 -0.0517655\n2 0.290498 -0.573404 -0.051804\n2\n-0.00015675 -0.572879 -0.0517847\n0.999998 -0.00180713 -6.62298e-05\n2\n3 0.290446 -0.572374 0.532843\n4 -0.290821 -0.571274 0.532869\n2\n-0.00018775 -0.571824 0.532856\n-0.999998 0.00189156 4.559e-05\n2\n6 0.288652 -0.313848 -0.162375\n9 -0.285557 -0.320422 -0.162171\n2\n0.00154764 -0.317135 -0.162273\n-0.999934 -0.0114478 0.000354309\n2\n7 0.284002 -0.301139 0.422647\n8 -0.285074 -0.318872 0.423454\n2\n-0.000536096 -0.310006 0.423051\n-0.999514 -0.0311461 0.00141718\nL 10\n0\n2\n2\n2\n2\n1\n2\n2\n2\n2"
}