{
    "boxes": [
        [
            -0.0009075020207092166,
            -0.015019100159406662,
            0.11484099924564362,
            0.04681890085339546,
            0.8640729784965515,
            0.9482010006904602,
            8.940990170458463e-08,
            0.9925479888916016,
            -0.12185399979352951,
            5.467859942598352e-09,
            0.12185399979352951,
            0.9925479888916016
        ],
        [
            -0.3887160122394562,
            -0.4001559913158417,
            0.473798006772995,
            0.8213210105895996,
            0.11757899820804596,
            0.11611700057983398,
            0.09330719709396362,
            0.9891600012779236,
            -0.11338800191879272,
            -0.07714319974184036,
            0.12072499841451645,
            0.989683985710144
        ],
        [
            0.00796172022819519,
            -0.16654300689697266,
            -0.32902398705482483,
            0.14407199621200562,
            0.03615900129079819,
            0.7323240041732788,
            0.00969696044921875,
            0.9967389702796936,
            0.080109603703022,
            0.008948479779064655,
            -0.08019670099020004,
            0.9967389702796936
        ],
        [
            0.39806801080703735,
            -0.4513089954853058,
            -0.38690099120140076,
            0.7338690161705017,
            0.09294109791517258,
            0.05707849934697151,
            -0.09805040061473846,
            0.9900349974632263,
            0.1010809987783432,
            0.07171759754419327,
            -0.09427729994058609,
            0.9929590225219727
        ],
        [
            0.3836599886417389,
            -0.4005039930343628,
            0.4735899865627289,
            0.820472002029419,
            0.116116002202034,
            0.11612199991941452,
            -0.08906260132789612,
            0.9879999756813049,
            -0.12619200348854065,
            0.39307901263237,
            0.15127700567245483,
            0.9069749712944031
        ],
        [
            -0.3636220097541809,
            -0.12232699990272522,
            0.025710299611091614,
            0.16168199479579926,
            0.7261589765548706,
            0.04197259992361069,
            0.11286400258541107,
            0.9808430075645447,
            -0.1587730050086975,
            0.020274000242352486,
            0.15748800337314606,
            0.9873129725456238
        ],
        [
            0.33199000358581543,
            0.23023299872875214,
            -0.33226099610328674,
            0.6667410135269165,
            0.1331689953804016,
            0.0530008003115654,
            -0.09770119935274124,
            0.9939910173416138,
            0.049362100660800934,
            0.008101779967546463,
            -0.04880340024828911,
            0.9987760186195374
        ],
        [
            -0.00121541996486485,
            0.489780992269516,
            -0.3183470070362091,
            0.4707230031490326,
            0.07184959948062897,
            0.8736330270767212,
            7.439989713020623e-05,
            0.9833909869194031,
            -0.18150199949741364,
            8.938839891925454e-05,
            0.18150199949741364,
            0.9833909869194031
        ],
        [
            -0.0012308299774304032,
            0.4895150065422058,
            -0.3197149932384491,
            0.5349299907684326,
            0.08167649805545807,
            0.9927650094032288,
            0.00012178799806861207,
            0.9833710193634033,
            -0.18160800635814667,
            0.0001463390071876347,
            0.18160800635814667,
            0.9833710193634033
        ]
    ],
    "ops": [
        [
            0,
            0,
            0,
            2,
            1,
            0,
            2,
            0,
            0,
            2,
            1,
            1,
            1,
            1,
            0,
            2,
            0,
            0,
            1,
            1,
            1
        ]
    ],
    "syms": [
        [
            0.0,
            -0.01384930033236742,
            0.13084399700164795,
            0.9913060069084167,
            0.002710609929636121,
            -0.11693199723958969,
            0.04684070125222206,
            0.0
        ],
        [
            0.0,
            0.9993129968643188,
            -0.03606100007891655,
            -0.008583740331232548,
            0.000593103002756834,
            -0.4369660019874573,
            -0.3834860026836395,
            0.0
        ],
        [
            0.0,
            1.0,
            0.00015880299906712025,
            -4.9040700105251744e-05,
            -0.0005578810232691467,
            -0.12227000296115875,
            0.025692500174045563,
            0.0
        ],
        [
            0.0,
            0.9994800090789795,
            -0.031508300453424454,
            -0.006921039894223213,
            0.0006526330253109336,
            0.24067799746990204,
            -0.3299669921398163,
            0.0
        ]
    ],
    "labels:": [
        [
            1,
            2,
            2,
            2,
            2,
            2,
            0,
            0,
            0
        ]
    ],
    "obj": 37746,
    "mat_index": 2284,
    "obbs": "N 13\n-0.00121542 0.489781 -0.318347 1 -8.93884e-05 -7.43999e-05 8.93884e-05 0.181502 0.983391 -7.43999e-05 -0.983391 0.181502 0.873633 0.0718496 0.470723\n-0.000907502 -0.0150191 0.114841 1 -8.94099e-08 5.46786e-09 8.94099e-08 0.992548 -0.121854 5.46786e-09 0.121854 0.992548 0.948201 0.0468189 0.864073\n0.362507 -0.122212 0.0256747 0.0223027 -0.149038 -0.98858 0.994454 0.104968 0.00661032 0.102784 -0.983244 0.150552 0.725053 0.0381901 0.15545\n0.00796172 -0.166543 -0.329024 0.999913 -0.00894848 -0.00969696 0.00894848 -0.0801967 0.996739 -0.00969696 -0.996739 -0.0801096 0.732324 0.036159 0.144072\n-0.363622 -0.122327 0.0257103 -0.020274 -0.157488 -0.987313 0.993404 -0.114651 -0.00211095 -0.112864 -0.980843 0.158773 0.726159 0.0419726 0.161682\n-0.0025405 -0.0673209 0.422705 1 -6.42618e-06 -5.67118e-06 6.42618e-06 0.124336 0.99224 -5.67118e-06 -0.99224 0.124336 0.622474 0.037185 0.132861\n-0.00123083 0.489515 -0.319715 1 -0.000146339 -0.000121788 0.000146339 0.181608 0.983371 -0.000121788 -0.983371 0.181608 0.992765 0.0816765 0.53493\n0.398068 -0.451309 -0.386901 -0.0717176 0.0942773 -0.992959 0.992594 0.104609 -0.061759 0.0980504 -0.990035 -0.101081 0.0929411 0.0570785 0.733869\n-0.396882 -0.422623 -0.380072 -0.101282 -0.991425 -0.0825757 0.994218 -0.103844 0.0273339 -0.0356745 -0.0793298 0.99621 0.793389 0.0553772 0.0999423\n0.38366 -0.400504 0.47359 0.0890626 -0.988 0.126192 0.915181 0.0311741 -0.401835 0.393079 0.151277 0.906975 0.820472 0.116122 0.116116\n-0.388716 -0.400156 0.473798 0.0771432 -0.120725 -0.989684 0.992644 -0.0835976 0.0875714 -0.0933072 -0.98916 0.113388 0.117579 0.116117 0.821321\n0.33199 0.230233 -0.332261 0.0977012 -0.993991 -0.0493621 0.995183 0.0979815 -0.00328494 0.00810178 -0.0488034 0.998776 0.666741 0.0530008 0.133169\n-0.330684 0.251123 -0.327672 0.0251078 0.0227093 -0.999427 0.994695 -0.100327 0.0227093 -0.0997533 -0.994695 -0.0251078 0.127566 0.0548047 0.625671\nC 33\n0 11\n0 12\n0 6\n1 3\n1 11\n1 2\n1 5\n1 10\n1 4\n1 9\n1 12\n1 8\n1 7\n2 5\n2 9\n2 3\n2 7\n2 11\n3 11\n3 7\n3 12\n3 8\n3 4\n4 8\n4 12\n4 10\n4 5\n5 9\n5 10\n6 11\n6 12\n7 11\n8 12\nS 4\n2\n2 0.362507 -0.122212 0.0256747\n4 -0.363622 -0.122327 0.0257103\n2\n-0.000557881 -0.12227 0.0256925\n-1 -0.000158803 4.90407e-05\n2\n3 0.00796172 -0.166543 -0.329024\n5 -0.0025405 -0.0673209 0.422705\n2\n0.00271061 -0.116932 0.0468407\n-0.0138493 0.130844 0.991306\n2\n7 0.398068 -0.451309 -0.386901\n8 -0.396882 -0.422623 -0.380072\n2\n0.000593103 -0.436966 -0.383486\n-0.999313 0.036061 0.00858374\n2\n11 0.33199 0.230233 -0.332261\n12 -0.330684 0.251123 -0.327672\n2\n0.000652633 0.240678 -0.329967\n-0.99948 0.0315083 0.00692104\nL 13\n0\n1\n2\n2\n2\n2\n0\n2\n2\n2\n2\n0\n0"
}