{
    "boxes": [
        [
            0.0024273700546473265,
            -0.02148439921438694,
            0.14315399527549744,
            0.127701997756958,
            0.7585560083389282,
            0.782634973526001,
            0.0070124100893735886,
            0.9999750256538391,
            0.0005040050018578768,
            -1.7671700334176421e-06,
            -0.0005040050018578768,
            1.0
        ],
        [
            -0.3454490005970001,
            -0.043480999767780304,
            0.18116800487041473,
            0.0989937037229538,
            0.6847990155220032,
            0.09042719751596451,
            -0.38313600420951843,
            0.9229919910430908,
            -0.0359559990465641,
            0.0359559990465641,
            0.05379980057477951,
            0.9979040026664734
        ],
        [
            -0.3713349997997284,
            -0.4112299978733063,
            0.5060200095176697,
            0.7302089929580688,
            0.03586610034108162,
            0.053293898701667786,
            0.09388040006160736,
            0.9955729842185974,
            0.004605359863489866,
            -0.010656699538230896,
            -0.0036206399090588093,
            0.9999369978904724
        ],
        [
            -0.3846699893474579,
            -0.4286080002784729,
            -0.2416989952325821,
            0.6985399723052979,
            0.03733690083026886,
            0.049890100955963135,
            0.054717399179935455,
            0.9580590128898621,
            0.2812980115413666,
            0.11868499964475632,
            -0.2859629988670349,
            0.9508619904518127
        ],
        [
            -0.39846301078796387,
            -0.7690470218658447,
            0.08549050241708755,
            0.03799799829721451,
            0.8463749885559082,
            0.04140099883079529,
            0.0,
            1.0,
            0.0,
            0.0,
            0.0,
            1.0
        ],
        [
            0.0021646800450980663,
            0.3388879895210266,
            -0.29656198620796204,
            0.6532809734344482,
            0.05022389814257622,
            0.7815510034561157,
            -0.0006075329729355872,
            0.9805060029029846,
            -0.19648799300193787,
            -0.0007413590210489929,
            0.19648799300193787,
            0.9805060029029846
        ]
    ],
    "ops": [
        [
            0,
            0,
            0,
            1,
            0,
            0,
            1,
            1,
            2,
            1,
            0,
            1
        ]
    ],
    "syms": [
        [
            0.0,
            0.9999200105667114,
            -0.012640300206840038,
            0.0008222389733418822,
            -0.0023128699976950884,
            -0.04781870171427727,
            0.1814499944448471,
            0.0
        ]
    ],
    "labels:": [
        [
            1,
            2,
            2,
            2,
            2,
            0
        ]
    ],
    "obj": 37770,
    "mat_index": 2299,
    "obbs": "N 10\n0.00216468 0.338888 -0.296562 -0.000607533 0.980506 -0.196488 -0.000741359 0.196488 0.980506 1 0.000741359 0.000607533 0.653281 0.0502239 0.781551\n0.340823 -0.0521563 0.181732 0.0278876 -0.0193015 -0.999425 0.972065 -0.232574 0.0316157 -0.23305 -0.972387 0.0122764 0.682527 0.107879 0.103374\n-0.345449 -0.043481 0.181168 -0.035956 -0.0537998 -0.997904 0.922992 0.38104 -0.0537998 0.383136 -0.922992 0.035956 0.684799 0.0904272 0.0989937\n0.00242737 -0.0214844 0.143154 0.999975 -0.00701241 -1.76717e-06 0.00701241 0.999975 0.000504005 -1.76717e-06 -0.000504005 1 0.782635 0.127702 0.758556\n0.376639 -0.410736 0.505396 0.996206 0.0614235 0.0616513 -0.0614235 -0.00559246 0.998096 0.0616513 -0.998096 -0.00179841 0.0480998 0.0354666 0.709593\n0.387314 -0.427406 -0.244851 -0.0248551 0.957205 0.288343 -0.0960526 -0.289384 0.952382 0.995066 -0.00402454 0.0991347 0.694034 0.0278309 0.0549696\n-0.371335 -0.41123 0.50602 0.0938804 0.995573 0.00460536 -0.0106567 -0.00362064 0.999937 0.995526 -0.0939235 0.0102696 0.730209 0.0358661 0.0532939\n-0.38467 -0.428608 -0.241699 0.0547174 0.958059 0.281298 0.118685 -0.285963 0.950862 0.991423 -0.0186428 -0.129355 0.69854 0.0373369 0.0498901\n0.403216 -0.765821 0.087364 1 0 0 0 1 0 0 0 1 0.040855 0.044325 0.850018\n-0.398463 -0.769047 0.0854905 1 0 0 0 1 0 0 0 1 0.041401 0.037998 0.846375\nC 19\n0 1\n0 7\n0 5\n0 3\n0 2\n1 3\n1 4\n1 5\n2 7\n2 6\n2 3\n3 6\n3 7\n3 4\n3 5\n4 8\n5 8\n6 9\n7 9\nS 4\n2\n1 0.340823 -0.0521563 0.181732\n2 -0.345449 -0.043481 0.181168\n2\n-0.00231287 -0.0478187 0.18145\n-0.99992 0.0126403 -0.000822239\n2\n4 0.376639 -0.410736 0.505396\n6 -0.371335 -0.41123 0.50602\n2\n0.00265184 -0.410983 0.505708\n-0.999999 -0.000660475 0.000834845\n2\n5 0.387314 -0.427406 -0.244851\n7 -0.38467 -0.428608 -0.241699\n2\n0.00132202 -0.428007 -0.243275\n-0.99999 -0.001557 0.00408284\n2\n8 0.403216 -0.765821 0.087364\n9 -0.398463 -0.769047 0.0854905\n2\n0.0023765 -0.767434 0.0864272\n-0.999989 -0.00402463 -0.00233694\nL 10\n0\n2\n2\n1\n2\n2\n2\n2\n2\n2"
}