{
    "boxes": [
        [
            0.009491500444710255,
            -0.08984850347042084,
            0.14452999830245972,
            0.1057410016655922,
            0.6798009872436523,
            0.7602310180664062,
            0.0,
            1.0,
            0.0,
            0.0,
            0.0,
            1.0
        ],
        [
            -0.40475699305534363,
            0.1212019994854927,
            0.07783599942922592,
            0.4142650067806244,
            0.7514110207557678,
            0.12305200099945068,
            -0.3568490147590637,
            0.9328320026397705,
            0.049820199608802795,
            -0.049820199608802795,
            -0.07225970178842545,
            0.9961410164833069
        ],
        [
            -0.07661429792642593,
            -0.2764039933681488,
            0.016891200095415115,
            0.22037899494171143,
            0.11245500296354294,
            0.012515700422227383,
            -0.49022701382637024,
            0.7137359976768494,
            -0.5002580285072327,
            -0.701973021030426,
            0.016895100474357605,
            0.7120029926300049
        ],
        [
            -0.07684309780597687,
            -0.27597299218177795,
            0.19776800274848938,
            0.21998800337314606,
            0.11331599950790405,
            0.012066399678587914,
            -0.4942589998245239,
            0.7119529843330383,
            0.4988290071487427,
            0.7047970294952393,
            -0.007724849972873926,
            0.7093669772148132
        ],
        [
            -0.024507999420166016,
            -0.35452499985694885,
            0.1444700062274933,
            0.01093239989131689,
            0.11502700299024582,
            0.011038599535822868,
            -0.0803069993853569,
            0.9933670163154602,
            0.08229190111160278,
            0.7080979943275452,
            -0.0012504600454121828,
            0.7061129808425903
        ],
        [
            -0.16639000177383423,
            -0.5499640107154846,
            0.24834899604320526,
            0.5272870063781738,
            0.01234820019453764,
            0.02256920002400875,
            0.41551101207733154,
            0.7470980286598206,
            -0.5188400149345398,
            -0.38303300738334656,
            0.6610869765281677,
            0.6451740264892578
        ],
        [
            -0.2926599979400635,
            -0.8485890030860901,
            -0.197053000330925,
            0.012637999840080738,
            0.03244660049676895,
            0.032445698976516724,
            -2.4814798962324858e-06,
            1.0,
            8.269980185104941e-07,
            0.35836800932884216,
            1.172140002836386e-07,
            0.9335799813270569
        ],
        [
            0.17216600477695465,
            -0.5495219826698303,
            0.26759999990463257,
            0.5255540013313293,
            0.11269500106573105,
            0.011990300379693508,
            -0.46890199184417725,
            0.7510319948196411,
            -0.4648459851741791,
            -0.7091180086135864,
            -0.006340450141578913,
            0.7050619721412659
        ],
        [
            -0.14784100651741028,
            -0.5496780276298523,
            -0.05173030123114586,
            0.5254999995231628,
            0.11343500018119812,
            0.012546800076961517,
            0.4670200049877167,
            0.7511540055274963,
            0.46654000878334045,
            -0.7073460221290588,
            0.0007493129814974964,
            0.706866979598999
        ],
        [
            -0.023454200476408005,
            -0.35432401299476624,
            0.07195329666137695,
            0.013475200161337852,
            0.10976099967956543,
            0.014456899836659431,
            -0.4874669909477234,
            0.7262049913406372,
            -0.4847699999809265,
            -0.7084469795227051,
            -0.004431790206581354,
            0.7057499885559082
        ],
        [
            0.048536598682403564,
            -0.35429900884628296,
            0.07122070342302322,
            0.011744000017642975,
            0.11474200338125229,
            0.012148099951446056,
            -0.12443099915981293,
            0.9840319752693176,
            0.12727199494838715,
            0.7056819796562195,
            -0.0024053500965237617,
            0.7085239887237549
        ],
        [
            -0.21006600558757782,
            -0.48904699087142944,
            0.3300490081310272,
            0.7535060048103333,
            0.015192899852991104,
            0.04130399972200394,
            0.21850700676441193,
            0.9510570168495178,
            -0.21850700676441193,
            0.7071059942245483,
            5.338710025171167e-07,
            0.7071080207824707
        ],
        [
            -0.21006600558757782,
            -0.48904699087142944,
            -0.1146709993481636,
            0.7535060048103333,
            0.015193000435829163,
            0.041296299546957016,
            0.21851399540901184,
            0.9510539770126343,
            0.21851399540901184,
            -0.707099974155426,
            -3.2302000363415573e-06,
            0.7071130275726318
        ],
        [
            0.12179400026798248,
            -0.2759679853916168,
            0.0371255986392498,
            0.22349600493907928,
            0.01570579968392849,
            0.01763259992003441,
            0.32737699151039124,
            0.714480996131897,
            -0.6183369755744934,
            -0.45956599712371826,
            0.6921820044517517,
            0.5564919710159302
        ],
        [
            -0.09691619873046875,
            -0.2746559977531433,
            0.17791299521923065,
            0.22495399415493011,
            0.013795900158584118,
            0.017145300284028053,
            -0.3479270040988922,
            0.6930360198020935,
            0.6313859820365906,
            0.41747599840164185,
            -0.48847898840904236,
            0.7662259936332703
        ],
        [
            -0.09749790281057358,
            -0.2758199870586395,
            0.03683159872889519,
            0.013382899574935436,
            0.2250320017337799,
            0.01587500050663948,
            0.15874899923801422,
            0.7053430080413818,
            0.6908619999885559,
            0.3419739902019501,
            -0.6957020163536072,
            0.6317049860954285
        ],
        [
            0.3170360028743744,
            -0.8485890030860901,
            -0.19726499915122986,
            0.012638100422918797,
            0.03244660049676895,
            0.032445698976516724,
            -2.8952099455636926e-06,
            1.0,
            8.273490266219596e-07,
            0.35836800932884216,
            2.6515300532992114e-07,
            0.9335799813270569
        ],
        [
            -0.12769800424575806,
            -0.5498859882354736,
            -0.07197970151901245,
            0.5275959968566895,
            0.01879500038921833,
            0.012603799812495708,
            0.5202580094337463,
            0.7476119995117188,
            0.4128049910068512,
            -0.5636129975318909,
            -0.06258440017700195,
            0.8236650228500366
        ],
        [
            0.15365000069141388,
            -0.5496090054512024,
            -0.07113700360059738,
            0.5275840163230896,
            0.014353799633681774,
            0.024887600913643837,
            -0.5131639838218689,
            0.7521430253982544,
            0.41345301270484924,
            -0.17691999673843384,
            -0.5640689730644226,
            0.806551992893219
        ],
        [
            -0.011735999956727028,
            0.2121410071849823,
            -0.23249199986457825,
            0.7860170006752014,
            0.21094700694084167,
            0.8247510194778442,
            0.628633975982666,
            0.724452018737793,
            -0.28282299637794495,
            -0.001292250002734363,
            0.36463698744773865,
            0.9311490058898926
        ]
    ],
    "ops": [
        [
            0,
            0,
            2,
            1,
            0,
            0,
            1,
            0,
            0,
            1,
            1,
            2,
            0,
            2,
            0,
            0,
            1,
            2,
            1,
            1,
            0,
            0,
            1,
            0,
            0,
            1,
            2,
            1,
            0,
            2,
            0,
            0,
            1,
            1,
            0,
            2,
            0,
            0,
            1,
            1,
            1,
            1,
            1,
            1,
            0,
            1
        ]
    ],
    "syms": [
        [
            0.0,
            0.9999920129776001,
            0.0006136390147730708,
            0.004071889910846949,
            0.003981390036642551,
            0.12145300209522247,
            0.07950030267238617,
            0.0
        ],
        [
            0.0,
            0.9999899864196777,
            0.0009703609975986183,
            0.004411729983985424,
            0.012694899924099445,
            -0.2763180136680603,
            0.017285199835896492,
            0.0
        ],
        [
            0.0,
            0.0,
            0.0,
            1.0,
            -0.2926599979400635,
            -0.8485890030860901,
            0.10768900066614151,
            0.0
        ],
        [
            0.0,
            0.9995859861373901,
            -0.0011660100426524878,
            -0.028744300827383995,
            0.017292499542236328,
            -0.5493410229682922,
            0.272053986787796,
            0.0
        ],
        [
            0.0,
            0.9999780058860779,
            -0.003209159942343831,
            -0.005758500192314386,
            0.011014900170266628,
            -0.4897570013999939,
            0.3287760019302368,
            0.0
        ],
        [
            0.0,
            0.017054999247193336,
            0.00409974018111825,
            0.9998459815979004,
            0.12299200147390366,
            -0.2756800055503845,
            0.10737600177526474,
            0.0
        ],
        [
            0.0,
            0.0,
            0.0,
            1.0,
            0.3170360028743744,
            -0.8485890030860901,
            0.10768900066614151,
            0.0
        ]
    ],
    "labels:": [
        [
            1,
            3,
            2,
            2,
            2,
            2,
            2,
            2,
            2,
            2,
            2,
            2,
            2,
            2,
            2,
            2,
            2,
            2,
            2,
            0
        ]
    ],
    "obj": 2393,
    "mat_index": 231,
    "obbs": "N 32\n-0.011736 0.212141 -0.232492 0.628634 0.724452 -0.282823 -0.00129225 0.364637 0.931149 0.7777 -0.584987 0.23016 0.786017 0.210947 0.824751\n0.41272 0.121703 0.0811647 -0.382432 -0.923336 0.034577 0.921564 -0.38387 -0.0579959 0.0668228 0.00968544 0.997718 0.453432 0.106413 0.697592\n-0.404757 0.121202 0.077836 0.356849 -0.932832 -0.0498202 0.932832 0.35299 0.0722597 -0.0498202 -0.0722597 0.996141 0.414265 0.123052 0.751411\n0.0094915 -0.0898485 0.14453 1 0 0 0 1 0 0 0 1 0.760231 0.105741 0.679801\n0.102004 -0.276231 0.0176792 0.497644 0.713277 -0.493545 -0.499477 0.700849 0.509249 0.709136 -0.00691015 0.705038 0.220206 0.0123387 0.112652\n0.121794 -0.275968 0.0371256 0.459566 -0.692182 -0.556492 0.825605 0.101984 0.554956 -0.327377 -0.714481 0.618337 0.0157058 0.0176326 0.223496\n0.101568 -0.275855 0.197755 0.70425 0.00952703 -0.709888 -0.51034 0.70191 -0.496866 0.493544 0.712202 0.499182 0.11333 0.0119415 0.219451\n0.124191 -0.275392 0.177626 0.886172 0.0244844 -0.46271 -0.338771 0.715529 -0.610944 0.316124 0.698153 0.642376 0.0171682 0.0116476 0.225344\n-0.0768431 -0.275973 0.197768 -0.704797 0.00772485 -0.709367 0.508889 0.702184 -0.497965 0.494259 -0.711953 -0.498829 0.113316 0.0120664 0.219988\n-0.0969162 -0.274656 0.177913 -0.347927 0.693036 0.631386 0.417476 -0.488479 0.766226 0.839441 0.530179 -0.119371 0.224954 0.0137959 0.0171453\n-0.0766143 -0.276404 0.0168912 0.701973 -0.0168951 -0.712003 0.516634 0.700211 0.492741 0.490227 -0.713736 0.500258 0.112455 0.0125157 0.220379\n-0.0974979 -0.27582 0.0368316 0.926203 0.135974 -0.351651 0.158749 0.705343 0.690862 0.341974 -0.695702 0.631705 0.015875 0.0133829 0.225032\n-0.0234542 -0.354324 0.0719533 -0.487467 0.726205 -0.48477 0.510371 0.687464 0.516638 0.708447 0.00443179 -0.70575 0.0134752 0.0144569 0.109761\n0.0485366 -0.354299 0.0712207 -0.705682 0.00240535 -0.708524 0.697516 0.177976 -0.694115 0.124431 -0.984032 -0.127272 0.114742 0.0121481 0.011744\n0.0475807 -0.354348 0.144257 0.705173 -0.00239844 -0.709032 0.702961 -0.128254 0.699569 -0.0926142 -0.991738 -0.0887554 0.111349 0.0136459 0.0110453\n-0.024508 -0.354525 0.14447 -0.080307 0.993367 0.0822919 -0.701533 -0.114977 0.703301 0.708098 -0.00125046 0.706113 0.0109324 0.0110386 0.115027\n-0.16639 -0.549964 0.248349 0.415511 0.747098 -0.51884 -0.383033 0.661087 0.645174 0.825007 -0.0693438 0.560852 0.527287 0.0123482 0.0225692\n-0.137581 -0.54916 0.276507 0.431599 0.749525 -0.501931 -0.526427 0.661128 0.534588 0.732528 0.0335022 0.679912 0.52539 0.0119593 0.112706\n-0.147841 -0.549678 -0.0517303 0.707346 -0.000749313 -0.706867 -0.530617 0.660126 -0.531676 0.46702 0.751154 0.46654 0.113435 0.0125468 0.5255\n-0.127698 -0.549886 -0.0719797 0.563613 0.0625844 -0.823665 -0.641617 0.66118 -0.388804 0.520258 0.747612 0.412805 0.018795 0.0126038 0.527596\n0.172411 -0.549868 -0.0514746 0.468628 -0.749774 -0.467147 0.52853 0.66169 -0.531811 0.707845 0.0023201 0.706364 0.525582 0.0118933 0.113202\n0.15365 -0.549609 -0.071137 -0.513164 0.752143 0.413453 -0.17692 -0.564069 0.806552 0.839858 0.340745 0.422529 0.527584 0.0143538 0.0248876\n0.194209 -0.550036 0.246184 -0.391027 0.748012 -0.53626 0.437616 0.66368 0.606647 0.809685 0.00253944 -0.586859 0.527426 0.0120518 0.0206289\n0.172166 -0.549522 0.2676 0.709118 0.00634045 -0.705062 0.526576 0.660236 0.535543 0.468902 -0.751032 0.464846 0.112695 0.0119903 0.525554\n0.317036 -0.848589 -0.197265 0.93358 2.9994e-06 -0.358368 -2.89521e-06 1 8.27349e-07 0.358368 2.65153e-07 0.93358 0.0324457 0.0126381 0.0324466\n-0.29266 -0.848589 -0.197053 0.93358 2.61303e-06 -0.358368 -2.48148e-06 1 8.26998e-07 0.358368 1.17214e-07 0.93358 0.0324457 0.012638 0.0324466\n-0.29266 -0.848589 0.412431 0.358368 1.17214e-07 -0.93358 -2.48148e-06 1 -8.26998e-07 0.93358 2.61303e-06 0.358368 0.0324466 0.012638 0.0324457\n0.317036 -0.848589 0.412643 0.358368 2.65153e-07 -0.93358 -2.89521e-06 1 -8.27349e-07 0.93358 2.9994e-06 0.358368 0.0324466 0.0126381 0.0324457\n-0.210066 -0.489047 0.330049 0.6725 -0.309016 -0.672498 0.707106 5.33871e-07 0.707108 -0.218507 -0.951057 0.218507 0.041304 0.0151929 0.753506\n0.232096 -0.490466 0.327503 -0.664652 -0.354001 -0.657967 -0.703794 0.0010079 0.710403 -0.25082 0.935244 -0.249814 0.0400174 0.0156679 0.753341\n0.234725 -0.489022 -0.114727 -0.222014 0.949599 0.221296 0.703788 -0.00101085 0.710409 0.674827 0.313466 -0.668092 0.753565 0.015668 0.0379958\n-0.210066 -0.489047 -0.114671 0.218514 0.951054 0.218514 -0.7071 -3.2302e-06 0.707113 0.672503 -0.309025 0.67249 0.753506 0.015193 0.0412963\nC 312\n0 20\n0 7\n0 10\n0 17\n0 4\n0 30\n0 1\n0 14\n0 21\n0 11\n0 18\n0 5\n0 8\n0 31\n0 2\n0 28\n0 15\n0 22\n0 12\n0 19\n0 6\n0 9\n0 16\n0 3\n0 29\n0 23\n0 13\n1 6\n1 5\n1 30\n1 3\n1 4\n1 7\n1 29\n2 28\n2 11\n2 8\n2 3\n2 9\n2 31\n2 10\n3 7\n3 11\n3 28\n3 6\n3 5\n3 10\n3 31\n3 9\n3 4\n3 30\n3 8\n3 29\n4 19\n4 10\n4 5\n4 16\n4 15\n4 21\n4 12\n4 31\n4 11\n4 6\n4 17\n4 8\n4 22\n4 13\n4 29\n4 7\n4 18\n4 9\n4 23\n4 14\n4 20\n4 30\n5 8\n5 18\n5 11\n5 21\n5 14\n5 30\n5 17\n5 10\n5 7\n5 20\n5 13\n5 23\n5 29\n5 16\n5 9\n5 6\n5 19\n5 12\n5 22\n5 15\n6 9\n6 28\n6 7\n6 10\n6 23\n6 13\n6 16\n6 14\n6 29\n6 11\n6 30\n6 20\n6 17\n6 15\n6 18\n6 8\n6 21\n6 22\n6 12\n6 19\n7 12\n7 19\n7 22\n7 8\n7 21\n7 15\n7 18\n7 17\n7 11\n7 20\n7 14\n7 13\n7 30\n7 16\n7 29\n7 10\n7 23\n7 9\n8 15\n8 21\n8 12\n8 31\n8 18\n8 9\n8 28\n8 22\n8 13\n8 19\n8 10\n8 29\n8 16\n8 23\n8 14\n8 20\n8 11\n8 17\n9 21\n9 14\n9 16\n9 19\n9 20\n9 13\n9 23\n9 29\n9 18\n9 11\n9 12\n9 22\n9 15\n9 28\n9 17\n9 10\n9 31\n10 17\n10 18\n10 13\n10 23\n10 14\n10 30\n10 19\n10 20\n10 15\n10 31\n10 16\n10 11\n10 21\n10 12\n10 22\n10 28\n11 28\n11 22\n11 21\n11 15\n11 16\n11 31\n11 20\n11 14\n11 19\n11 13\n11 23\n11 18\n11 12\n11 17\n12 31\n12 17\n12 28\n12 22\n12 13\n12 18\n12 23\n12 20\n12 14\n12 19\n12 30\n12 16\n12 21\n12 15\n13 17\n13 30\n13 20\n13 23\n13 16\n13 29\n13 19\n13 22\n13 15\n13 18\n13 31\n13 21\n13 14\n14 17\n14 18\n14 15\n14 21\n14 22\n14 28\n14 19\n14 23\n14 29\n14 16\n14 30\n14 20\n15 20\n15 29\n15 16\n15 23\n15 28\n15 19\n15 22\n15 21\n15 31\n15 18\n15 17\n16 28\n16 22\n16 19\n16 23\n16 26\n16 20\n16 17\n16 21\n16 18\n16 31\n17 20\n17 23\n17 18\n17 29\n17 22\n17 28\n17 31\n17 21\n17 26\n17 19\n18 19\n18 30\n18 20\n18 25\n18 31\n18 21\n18 22\n18 28\n18 23\n19 23\n19 22\n19 21\n19 31\n19 25\n19 20\n19 30\n20 30\n20 21\n20 31\n20 22\n20 24\n20 29\n20 23\n21 31\n21 24\n21 30\n21 23\n21 22\n22 23\n22 29\n22 30\n22 27\n23 28\n23 27\n23 30\n23 29\n24 30\n25 31\n26 28\n27 29\n28 31\n28 29\n29 30\n30 31\nS 12\n2\n1 0.41272 0.121703 0.0811647\n2 -0.404757 0.121202 0.077836\n2\n0.00398139 0.121453 0.0795003\n-0.999992 -0.000613639 -0.00407189\n2\n4 0.102004 -0.276231 0.0176792\n10 -0.0766143 -0.276404 0.0168912\n2\n0.0126949 -0.276318 0.0172852\n-0.99999 -0.000970361 -0.00441173\n2\n6 0.101568 -0.275855 0.197755\n8 -0.0768431 -0.275973 0.197768\n2\n0.0123622 -0.275914 0.197761\n-1 -0.000658961 7.54475e-05\n2\n14 0.0475807 -0.354348 0.144257\n15 -0.024508 -0.354525 0.14447\n2\n0.0115364 -0.354436 0.144364\n-0.999993 -0.00245143 0.00294619\n2\n16 -0.16639 -0.549964 0.248349\n22 0.194209 -0.550036 0.246184\n2\n0.0139097 -0.55 0.247266\n0.999982 -0.000199418 -0.00600489\n2\n17 -0.137581 -0.54916 0.276507\n23 0.172166 -0.549522 0.2676\n2\n0.0172925 -0.549341 0.272054\n0.999586 -0.00116601 -0.0287443\n2\n18 -0.147841 -0.549678 -0.0517303\n20 0.172411 -0.549868 -0.0514746\n2\n0.012285 -0.549773 -0.0516025\n1 -0.000591914 0.000798313\n2\n5 0.121794 -0.275968 0.0371256\n7 0.124191 -0.275392 0.177626\n2\n0.122992 -0.27568 0.107376\n0.017055 0.00409974 0.999846\n2\n24 0.317036 -0.848589 -0.197265\n27 0.317036 -0.848589 0.412643\n2\n0.317036 -0.848589 0.107689\n0 0 1\n2\n25 -0.29266 -0.848589 -0.197053\n26 -0.29266 -0.848589 0.412431\n2\n-0.29266 -0.848589 0.107689\n0 0 1\n2\n28 -0.210066 -0.489047 0.330049\n29 0.232096 -0.490466 0.327503\n2\n0.0110149 -0.489757 0.328776\n0.999978 -0.00320916 -0.0057585\n2\n30 0.234725 -0.489022 -0.114727\n31 -0.210066 -0.489047 -0.114671\n2\n0.0123294 -0.489035 -0.114699\n-1 -5.53226e-05 0.00012605\nL 32\n0\n3\n3\n1\n2\n2\n2\n2\n2\n2\n2\n2\n2\n2\n2\n2\n2\n2\n2\n2\n2\n2\n2\n2\n2\n2\n2\n2\n2\n2\n2\n2"
}