{
    "boxes": [
        [
            0.0007650000043213367,
            -0.057036999613046646,
            0.1165279969573021,
            0.1378840059041977,
            0.831275999546051,
            0.9064499735832214,
            0.0,
            1.0,
            0.0,
            0.0,
            0.0,
            1.0
        ],
        [
            0.4175589978694916,
            -0.4023889899253845,
            0.4994400143623352,
            0.749750018119812,
            0.07303400337696075,
            0.0678040012717247,
            -2.2204500197172533e-16,
            1.0,
            -2.2204500197172533e-16,
            -4.9303800698841484e-32,
            2.2204500197172533e-16,
            1.0
        ],
        [
            -0.40048399567604065,
            -0.2591739892959595,
            0.11312700062990189,
            0.03604299947619438,
            0.7242479920387268,
            0.047915998846292496,
            0.0,
            1.0,
            0.0,
            0.0,
            0.0,
            1.0
        ],
        [
            -0.3857710063457489,
            -0.39910298585891724,
            -0.2938010096549988,
            0.7570779919624329,
            0.11123300343751907,
            0.0650079995393753,
            0.0,
            1.0,
            0.0,
            0.0,
            0.0,
            1.0
        ],
        [
            4.999999873689376e-05,
            0.042734500020742416,
            -0.2786349952220917,
            0.02734299935400486,
            0.07082100212574005,
            0.7101100087165833,
            0.0,
            1.0,
            0.0,
            0.0,
            0.0,
            1.0
        ],
        [
            4.999999873689376e-05,
            0.15764300525188446,
            -0.28398799896240234,
            0.02734299935400486,
            0.07082100212574005,
            0.7101100087165833,
            0.0,
            1.0,
            0.0,
            0.0,
            0.0,
            1.0
        ],
        [
            4.999999873689376e-05,
            0.27487099170684814,
            -0.29130399227142334,
            0.02734299935400486,
            0.07082100212574005,
            0.7101100087165833,
            0.0,
            1.0,
            0.0,
            0.0,
            0.0,
            1.0
        ],
        [
            4.999999873689376e-05,
            0.6769430041313171,
            -0.3330569863319397,
            0.054687000811100006,
            0.07081999629735947,
            0.7101100087165833,
            0.0,
            1.0,
            0.0,
            0.0,
            0.0,
            1.0
        ],
        [
            -0.3858039975166321,
            0.3285579979419708,
            -0.2942349910736084,
            0.753790020942688,
            0.08703359961509705,
            0.07063470035791397,
            0.007508390117436647,
            0.9950659871101379,
            -0.09892740100622177,
            0.008291619829833508,
            0.09886480122804642,
            0.9950659871101379
        ]
    ],
    "ops": [
        [
            0,
            0,
            0,
            0,
            1,
            1,
            2,
            1,
            0,
            0,
            1,
            2,
            0,
            2,
            0,
            0,
            2,
            1,
            1,
            1,
            1
        ]
    ],
    "syms": [
        [
            0.0,
            0.999908983707428,
            -0.0007592519978061318,
            -0.013433200307190418,
            -0.0002145000034943223,
            -0.402072012424469,
            0.5050529837608337,
            0.0
        ],
        [
            0.0,
            0.0,
            0.9968580007553101,
            -0.07920339703559875,
            4.999999873689376e-05,
            0.31671398878097534,
            -0.30040401220321655,
            0.0
        ],
        [
            0.0,
            0.0,
            0.9990710020065308,
            -0.043094098567962646,
            4.999999873689376e-05,
            0.3307200074195862,
            -0.2937130033969879,
            0.0
        ],
        [
            0.0,
            0.9999970197677612,
            -0.0019502999493852258,
            0.0011225600028410554,
            0.00016692500503268093,
            0.3278050124645233,
            -0.2938019931316376,
            0.0
        ]
    ],
    "labels:": [
        [
            1,
            2,
            2,
            2,
            0,
            0,
            0,
            0,
            0
        ]
    ],
    "obj": 37814,
    "mat_index": 2327,
    "obbs": "N 16\n5e-05 0.676943 -0.333057 1 0 0 0 1 0 0 0 1 0.71011 0.054687 0.07082\n0.000765 -0.057037 0.116528 1 0 0 0 1 0 0 0 1 0.90645 0.137884 0.831276\n0.386138 0.327052 -0.293369 -0.0117683 0.995576 -0.0932183 -0.0129207 0.0930655 0.995576 0.999847 0.0129207 0.0117683 0.756615 0.0844993 0.0741342\n-0.385804 0.328558 -0.294235 0.999937 -0.00829162 -0.00750839 0.00829162 0.0988648 0.995066 -0.00750839 -0.995066 0.0989274 0.0706347 0.0870336 0.75379\n5e-05 0.0427345 -0.278635 1 0 0 0 1 0 0 0 1 0.71011 0.027343 0.070821\n5e-05 0.157643 -0.283988 1 0 0 0 1 0 0 0 1 0.71011 0.027343 0.070821\n5e-05 0.274871 -0.291304 1 0 0 0 1 0 0 0 1 0.71011 0.027343 0.070821\n5e-05 0.38657 -0.296123 1 0 0 0 1 0 0 0 1 0.71011 0.027343 0.070821\n5e-05 0.493806 -0.306471 1 0 0 0 1 0 0 0 1 0.71011 0.027343 0.07082\n5e-05 0.590693 -0.322172 1 0 0 0 1 0 0 0 1 0.71011 0.027343 0.070821\n0.410213 -0.259175 0.113127 -0.0415648 0.0107805 -0.999078 0.999136 8.28226e-14 -0.0415672 -0.000448114 -0.999942 -0.0107711 0.726701 0.0357281 0.0438713\n-0.400484 -0.259174 0.113127 1 0 0 0 1 0 0 0 1 0.047916 0.036043 0.724248\n0.386643 -0.409028 -0.29691 0.991047 0.0226431 -0.131578 0.133215 -0.101935 0.985831 0.00890984 -0.994533 -0.104039 0.0785804 0.0881491 0.736769\n-0.385771 -0.399103 -0.293801 1 0 0 0 1 0 0 0 1 0.065008 0.757078 0.111233\n-0.417988 -0.401755 0.510665 -2.2174e-16 0.99863 -0.052336 1 2.22045e-16 0 1.16209e-17 -0.052336 -0.99863 0.751388 0.067804 0.0791708\n0.417559 -0.402389 0.49944 4.93038e-32 -2.22045e-16 -1 1 2.22045e-16 0 2.22045e-16 -1 2.22045e-16 0.073034 0.067804 0.74975\nC 47\n0 2\n0 3\n0 8\n0 9\n1 3\n1 15\n1 11\n1 2\n1 14\n1 5\n1 10\n1 13\n1 4\n1 12\n2 8\n2 12\n2 5\n2 9\n2 6\n2 10\n2 7\n2 4\n3 11\n3 7\n3 6\n3 13\n3 9\n3 5\n3 8\n3 4\n4 12\n4 13\n4 5\n4 6\n5 6\n5 13\n5 12\n5 7\n6 7\n6 8\n7 8\n7 9\n8 9\n10 15\n10 12\n11 14\n11 13\nS 7\n2\n2 0.386138 0.327052 -0.293369\n3 -0.385804 0.328558 -0.294235\n2\n0.000166925 0.327805 -0.293802\n-0.999997 0.0019503 -0.00112256\n2\n4 5e-05 0.0427345 -0.278635\n9 5e-05 0.590693 -0.322172\n2\n5e-05 0.316714 -0.300404\n0 0.996858 -0.0792034\n2\n5 5e-05 0.157643 -0.283988\n8 5e-05 0.493806 -0.306471\n2\n5e-05 0.325724 -0.29523\n0 0.997771 -0.0667309\n2\n6 5e-05 0.274871 -0.291304\n7 5e-05 0.38657 -0.296123\n2\n5e-05 0.33072 -0.293713\n0 0.999071 -0.0430941\n2\n10 0.410213 -0.259175 0.113127\n11 -0.400484 -0.259174 0.113127\n2\n0.0048645 -0.259174 0.113127\n-1 6.84734e-17 -1.71183e-17\n2\n12 0.386643 -0.409028 -0.29691\n13 -0.385771 -0.399103 -0.293801\n2\n0.000436138 -0.404066 -0.295356\n-0.999909 0.0128486 0.00402399\n2\n14 -0.417988 -0.401755 0.510665\n15 0.417559 -0.402389 0.49944\n2\n-0.0002145 -0.402072 0.505053\n0.999909 -0.000759252 -0.0134332\nL 16\n0\n1\n0\n0\n0\n0\n0\n0\n0\n0\n2\n2\n2\n2\n2\n2"
}