{
    "boxes": [
        [
            0.0046913200058043,
            -0.14539699256420135,
            0.1309089958667755,
            0.15798500180244446,
            0.7178720235824585,
            0.7862300276756287,
            0.00920759979635477,
            0.9995409846305847,
            -0.02886120043694973,
            0.0001329020014964044,
            0.02886120043694973,
            0.9995830059051514
        ],
        [
            -0.3694849908351898,
            0.023049699142575264,
            0.12233199924230576,
            0.3443709909915924,
            0.5843989849090576,
            0.12480899691581726,
            -0.03155900165438652,
            0.997393012046814,
            -0.06490050256252289,
            -0.04321020096540451,
            0.0635107010602951,
            0.9970449805259705
        ],
        [
            -0.37801098823547363,
            -0.49807900190353394,
            -0.20670799911022186,
            0.6248540282249451,
            0.03200550004839897,
            0.06082649901509285,
            0.20251800119876862,
            0.9246410131454468,
            0.3225310146808624,
            -0.15576399862766266,
            -0.294746994972229,
            0.9427949786186218
        ],
        [
            -0.3739669919013977,
            -0.4976649880409241,
            0.4662199914455414,
            0.5980039834976196,
            0.04006500169634819,
            0.051637500524520874,
            0.1549520045518875,
            0.9797340035438538,
            -0.12692900002002716,
            0.25495201349258423,
            0.08447179943323135,
            0.9632570147514343
        ],
        [
            0.37614598870277405,
            -0.49167001247406006,
            0.46718499064445496,
            0.6102820038795471,
            0.030028000473976135,
            0.05099879950284958,
            -0.16812600195407867,
            0.9743599891662598,
            -0.14952200651168823,
            0.10881999880075455,
            0.16909900307655334,
            0.9795730113983154
        ],
        [
            0.0049538398161530495,
            -0.2256300002336502,
            -0.11354900151491165,
            0.049364201724529266,
            0.0314318984746933,
            0.6766819953918457,
            -0.0015745599521324039,
            0.9898390173912048,
            0.14218400418758392,
            -0.0013645499711856246,
            -0.1421860009431839,
            0.9898390173912048
        ],
        [
            -0.0017243899637833238,
            0.22460299730300903,
            -0.23077799379825592,
            0.8725860118865967,
            0.23943300545215607,
            0.8370000123977661,
            0.014911400154232979,
            0.9724069833755493,
            -0.2328139990568161,
            0.018900100141763687,
            0.23252500593662262,
            0.9724069833755493
        ]
    ],
    "ops": [
        [
            0,
            0,
            2,
            1,
            0,
            2,
            0,
            0,
            0,
            2,
            1,
            1,
            1,
            1,
            0,
            1
        ]
    ],
    "syms": [
        [
            0.0,
            0.999908983707428,
            0.012286599725484848,
            -0.005543970037251711,
            -0.004167539998888969,
            0.0275385994464159,
            0.12030699849128723,
            0.0
        ],
        [
            0.0,
            0.9999799728393555,
            -0.006376930046826601,
            -0.0003648870042525232,
            -0.0029732300899922848,
            -0.5004709959030151,
            -0.2068450003862381,
            0.0
        ],
        [
            0.0,
            -0.01843089982867241,
            0.034759100526571274,
            0.9992259740829468,
            5.161890044291795e-07,
            -0.2162880003452301,
            0.15499399602413177,
            0.0
        ]
    ],
    "labels:": [
        [
            1,
            3,
            2,
            2,
            2,
            2,
            0
        ]
    ],
    "obj": 37820,
    "mat_index": 2331,
    "obbs": "N 10\n-0.00172439 0.224603 -0.230778 0.99971 -0.0189001 -0.0149114 0.0189001 0.232525 0.972407 -0.0149114 -0.972407 0.232814 0.837 0.239433 0.872586\n0.36115 0.0320275 0.118281 -0.0514762 -0.997932 0.0384956 0.997932 -0.0528855 -0.0365353 0.0384956 0.0365353 0.998591 0.338154 0.133886 0.591009\n-0.369485 0.0230497 0.122332 -0.031559 0.997393 -0.0649005 0.998567 0.0342701 0.0410932 0.0432102 -0.0635107 -0.997045 0.344371 0.124809 0.584399\n0.00469132 -0.145397 0.130909 0.999958 -0.0092076 0.000132902 0.0092076 0.999541 -0.0288612 0.000132902 0.0288612 0.999583 0.78623 0.157985 0.717872\n0.372064 -0.502863 -0.206982 -0.156642 0.935947 0.315383 -0.000150882 -0.319348 0.947638 0.987655 0.148392 0.0501644 0.618948 0.027934 0.054212\n0.376146 -0.49167 0.467185 0.979741 0.148421 -0.134459 0.10882 0.169099 0.979573 0.168126 -0.97436 0.149522 0.0509988 0.030028 0.610282\n-0.373967 -0.497665 0.46622 -0.154952 -0.979734 0.126929 0.954458 -0.181619 -0.236696 0.254952 0.0844718 0.963257 0.598004 0.0516375 0.040065\n-0.378011 -0.498079 -0.206708 0.202518 0.924641 0.322531 -0.155764 -0.294747 0.942795 0.966811 -0.241171 0.0843344 0.624854 0.0320055 0.0608265\n0.00495384 -0.22563 -0.113549 -0.00157456 0.989839 0.142184 -0.00136455 -0.142186 0.989839 0.999998 0.00136455 0.00157456 0.0493642 0.0314319 0.676682\n-0.00495281 -0.206947 0.423537 0.999991 0.00318444 0.00270861 -0.00318444 0.160438 0.987041 0.00270861 -0.987041 0.160447 0.688559 0.0297198 0.0627187\nC 26\n0 7\n0 3\n0 4\n0 8\n0 1\n0 2\n1 3\n1 5\n1 4\n1 9\n1 8\n2 8\n2 9\n2 6\n2 3\n2 7\n3 7\n3 6\n3 9\n3 5\n3 8\n3 4\n4 8\n5 9\n6 9\n7 8\nS 3\n2\n1 0.36115 0.0320275 0.118281\n2 -0.369485 0.0230497 0.122332\n2\n-0.00416754 0.0275386 0.120307\n-0.999909 -0.0122866 0.00554397\n2\n4 0.372064 -0.502863 -0.206982\n7 -0.378011 -0.498079 -0.206708\n2\n-0.00297323 -0.500471 -0.206845\n-0.99998 0.00637693 0.000364887\n2\n8 0.00495384 -0.22563 -0.113549\n9 -0.00495281 -0.206947 0.423537\n2\n5.16189e-07 -0.216288 0.154994\n-0.0184309 0.0347591 0.999226\nL 10\n0\n3\n3\n1\n2\n2\n2\n2\n2\n2"
}