{
    "boxes": [
        [
            0.0025285000447183847,
            -0.06731849908828735,
            0.14799800515174866,
            0.1652889996767044,
            0.7335060238838196,
            0.7983989715576172,
            0.0021687198895961046,
            0.9999799728393555,
            -0.0059809498488903046,
            6.4855698838073295e-06,
            0.0059809498488903046,
            0.9999819993972778
        ],
        [
            -0.4085310101509094,
            -0.7577970027923584,
            -0.2586109936237335,
            0.038825999945402145,
            0.03646000102162361,
            0.037344999611377716,
            0.0,
            1.0,
            0.0,
            0.0,
            0.0,
            1.0
        ],
        [
            -0.3568800091743469,
            -0.44651100039482117,
            -0.2173510044813156,
            0.669402003288269,
            0.03772500157356262,
            0.042446598410606384,
            0.12829099595546722,
            0.984013020992279,
            0.12353000044822693,
            -0.6735380291938782,
            -0.004976250231266022,
            0.7391359806060791
        ],
        [
            -0.3819189965724945,
            -0.757614016532898,
            0.5320619940757751,
            0.039109401404857635,
            0.03906340152025223,
            0.034756001085042953,
            0.0547959990799427,
            0.9974799752235413,
            0.045071400701999664,
            -0.4389750063419342,
            -0.016477299854159355,
            0.8983479738235474
        ],
        [
            -0.34688401222229004,
            -0.4258269965648651,
            0.47039398550987244,
            0.7122380137443542,
            0.036886900663375854,
            0.03375700116157532,
            0.10478299856185913,
            0.9817309975624084,
            -0.1588210016489029,
            0.6057990193367004,
            0.06364119797945023,
            0.793067991733551
        ],
        [
            0.0018810799811035395,
            0.24852100014686584,
            -0.27394598722457886,
            0.6626819968223572,
            0.06447090208530426,
            0.8646169900894165,
            0.0030843999702483416,
            0.9854869842529297,
            -0.1697240024805069,
            0.0036609999369829893,
            0.16971300542354584,
            0.9854869842529297
        ]
    ],
    "ops": [
        [
            0,
            0,
            0,
            1,
            0,
            0,
            1,
            1,
            2,
            1,
            0,
            1
        ]
    ],
    "syms": [
        [
            0.0,
            1.0,
            0.0,
            0.0,
            0.0014692499535158277,
            -0.7577970027923584,
            -0.2586109936237335,
            0.0
        ]
    ],
    "labels:": [
        [
            1,
            2,
            2,
            2,
            2,
            0
        ]
    ],
    "obj": 2398,
    "mat_index": 235,
    "obbs": "N 10\n0.00188108 0.248521 -0.273946 0.999989 -0.003661 -0.0030844 0.003661 0.169713 0.985487 -0.0030844 -0.985487 0.169724 0.864617 0.0644709 0.662682\n-0.408531 -0.757797 -0.258611 1 0 0 0 1 0 0 0 1 0.037345 0.038826 0.03646\n0.41147 -0.757797 -0.258611 1 0 0 0 1 0 0 0 1 0.037344 0.038826 0.03646\n0.384858 -0.757614 0.532062 0.896816 0.0689822 -0.436993 0.439001 -0.016475 0.898336 0.0547697 -0.997482 -0.0450582 0.0347554 0.0390635 0.0391092\n-0.381919 -0.757614 0.532062 -0.896827 0.0690111 -0.436965 -0.438975 -0.0164773 0.898348 0.054796 0.99748 0.0450714 0.034756 0.0390634 0.0391094\n0.0025285 -0.0673185 0.147998 -6.48557e-06 -0.00598095 -0.999982 0.00216872 0.99998 -0.00598095 0.999998 -0.00216872 6.48557e-06 0.733506 0.165289 0.798399\n-0.35688 -0.446511 -0.217351 0.128291 0.984013 0.12353 0.727934 -0.178027 0.662131 0.673538 0.00497625 -0.739136 0.669402 0.0424466 0.037725\n-0.346884 -0.425827 0.470394 -0.104783 -0.981731 0.158821 0.788688 -0.179314 -0.588063 0.605799 0.0636412 0.793068 0.712238 0.033757 0.0368869\n0.349129 -0.426707 0.470628 0.491312 -0.129542 -0.861296 0.867227 0.164496 0.469955 0.0808011 -0.977834 0.193161 0.0430007 0.0357239 0.710553\n0.361447 -0.446548 -0.219435 -0.62793 0.0021452 -0.778266 0.765572 0.181602 -0.617187 0.140011 -0.98337 -0.115676 0.0288361 0.0366226 0.668264\nC 11\n0 6\n0 5\n0 9\n1 6\n2 9\n3 8\n4 7\n5 9\n5 6\n5 7\n5 8\nS 4\n2\n1 -0.408531 -0.757797 -0.258611\n2 0.41147 -0.757797 -0.258611\n2\n0.00146925 -0.757797 -0.258611\n1 0 0\n2\n3 0.384858 -0.757614 0.532062\n4 -0.381919 -0.757614 0.532062\n2\n0.00146951 -0.757614 0.532062\n-1 1.03411e-07 -2.58728e-08\n2\n6 -0.35688 -0.446511 -0.217351\n9 0.361447 -0.446548 -0.219435\n2\n0.00228382 -0.446529 -0.218393\n0.999996 -5.21727e-05 -0.00290177\n2\n7 -0.346884 -0.425827 0.470394\n8 0.349129 -0.426707 0.470628\n2\n0.00112248 -0.426267 0.470511\n0.999999 -0.00126392 0.000336863\nL 10\n0\n2\n2\n2\n2\n1\n2\n2\n2\n2"
}