{
    "boxes": [
        [
            0.004110999871045351,
            -0.10074800252914429,
            0.13066400587558746,
            0.15789200365543365,
            0.843172013759613,
            0.899832010269165,
            0.0,
            1.0,
            0.0,
            0.0,
            0.0,
            1.0
        ],
        [
            0.4037429988384247,
            -0.38430699706077576,
            -0.2745240032672882,
            0.7076299786567688,
            0.061387799680233,
            0.06636829674243927,
            0.02169569954276085,
            0.9755839705467224,
            0.21855199337005615,
            0.34586501121520996,
            -0.21243000030517578,
            0.9139209985733032
        ],
        [
            -0.38029301166534424,
            -0.3847079873085022,
            -0.2755270004272461,
            0.7071970105171204,
            0.0566054992377758,
            0.054134100675582886,
            -0.04545240104198456,
            0.9758470058441162,
            0.21367500722408295,
            0.13216200470924377,
            -0.20614099502563477,
            0.9695559740066528
        ],
        [
            -0.4213399887084961,
            -0.42805299162864685,
            0.5300859808921814,
            0.5951110124588013,
            0.04812749847769737,
            0.05102970078587532,
            0.0018553499830886722,
            0.9999970197677612,
            0.0015385199803858995,
            -0.6293420195579529,
            -2.7982099709333852e-05,
            0.7771279811859131
        ],
        [
            0.011411500163376331,
            0.19009900093078613,
            -0.17405499517917633,
            0.5985199809074402,
            0.37152099609375,
            0.9740229845046997,
            0.0,
            1.0,
            0.0,
            0.0,
            0.0,
            1.0
        ],
        [
            0.011473000049591064,
            0.23430800437927246,
            -0.15796199440956116,
            0.5932070016860962,
            0.4406369924545288,
            1.0371500253677368,
            0.0,
            1.0,
            0.0,
            0.0,
            0.0,
            1.0
        ]
    ],
    "ops": [
        [
            0,
            0,
            2,
            0,
            0,
            1,
            1,
            1,
            0,
            0,
            1,
            1
        ]
    ],
    "syms": [
        [
            0.0,
            0.03162039816379547,
            -0.05093640089035034,
            0.9982010126113892,
            0.41648998856544495,
            -0.40484100580215454,
            0.1278800070285797,
            0.0
        ]
    ],
    "labels:": [
        [
            1,
            2,
            2,
            2,
            0,
            0
        ]
    ],
    "obj": 37945,
    "mat_index": 2409,
    "obbs": "N 7\n0.0114115 0.190099 -0.174055 1 0 0 0 1 0 0 0 1 0.974023 0.59852 0.371521\n0.004111 -0.100748 0.130664 1 0 0 0 1 0 0 0 1 0.899832 0.157892 0.843172\n-0.380293 -0.384708 -0.275527 -0.0454524 0.975847 0.213675 0.132162 -0.206141 0.969556 0.990186 0.0723083 -0.1196 0.707197 0.0566055 0.0541341\n0.403743 -0.384307 -0.274524 0.938033 0.0557614 -0.342029 0.345865 -0.21243 0.913921 -0.0216957 -0.975584 -0.218552 0.0663683 0.0613878 0.70763\n0.429238 -0.425376 0.530285 1 0 0 0 1 0 0 0 1 0.048757 0.600477 0.044556\n-0.42134 -0.428053 0.530086 0.629342 2.79821e-05 -0.777128 0.777126 -0.0024101 0.62934 -0.00185535 -0.999997 -0.00153852 0.0481275 0.0510297 0.595111\n0.011473 0.234308 -0.157962 1 0 0 0 1 0 0 0 1 1.03715 0.593207 0.440637\nC 11\n0 1\n0 6\n0 3\n0 2\n1 2\n1 3\n1 4\n1 5\n1 6\n2 6\n3 6\nS 1\n2\n3 0.403743 -0.384307 -0.274524\n4 0.429238 -0.425376 0.530285\n2\n0.41649 -0.404841 0.12788\n0.0316204 -0.0509364 0.998201\nL 7\n0\n1\n2\n2\n2\n2\n0"
}