{
    "boxes": [
        [
            -0.01765109971165657,
            -0.3003610074520111,
            0.26145800948143005,
            0.2710709869861603,
            0.6710000038146973,
            0.7683730125427246,
            0.012018599547445774,
            0.9994699954986572,
            0.030254200100898743,
            -0.00018185499357059598,
            -0.030254200100898743,
            0.9995419979095459
        ],
        [
            -0.4340980052947998,
            -0.204476997256279,
            0.3868870139122009,
            0.37719398736953735,
            0.10533899813890457,
            0.040163200348615646,
            -0.35631999373435974,
            0.8577229976654053,
            -0.3706049919128418,
            0.030527399852871895,
            0.4071139991283417,
            0.91286700963974
        ],
        [
            -0.48011600971221924,
            -0.07363290339708328,
            0.17897099256515503,
            0.12650200724601746,
            0.3652310073375702,
            0.03811119869351387,
            -0.33037900924682617,
            0.9433619976043701,
            0.030297299847006798,
            -0.030297299847006798,
            -0.04268280044198036,
            0.9986289739608765
        ],
        [
            -0.014670999720692635,
            -0.6396650075912476,
            0.28334200382232666,
            0.5235660076141357,
            0.4561209976673126,
            0.7216399908065796,
            0.0,
            1.0,
            0.0,
            0.0,
            0.0,
            1.0
        ],
        [
            -0.009902999736368656,
            0.25883999466896057,
            -0.14617599546909332,
            1.2209099531173706,
            0.4272899925708771,
            1.1767100095748901,
            0.0,
            1.0,
            0.0,
            0.0,
            0.0,
            1.0
        ]
    ],
    "ops": [
        [
            0,
            0,
            0,
            1,
            2,
            1,
            0,
            1,
            0,
            1
        ]
    ],
    "syms": [
        [
            0.0,
            0.9999819993972778,
            -0.0011042299447581172,
            0.005918810144066811,
            -0.0125839002430439,
            -0.2049430012702942,
            0.389382004737854,
            0.0
        ]
    ],
    "labels:": [
        [
            1,
            3,
            3,
            2,
            0
        ]
    ],
    "obj": 37957,
    "mat_index": 2413,
    "obbs": "N 7\n-0.009903 0.25884 -0.146176 1 0 0 0 1 0 0 0 1 1.17671 1.22091 0.42729\n-0.434098 -0.204477 0.386887 -0.0305274 -0.407114 -0.912867 0.933865 0.313959 -0.171247 0.35632 -0.857723 0.370605 0.105339 0.0401632 0.377194\n0.40893 -0.205408 0.391877 -0.128072 -0.324834 -0.93706 0.923635 -0.383217 0.00660603 -0.361243 -0.864655 0.349107 0.100997 0.0453112 0.37633\n-0.0176511 -0.300361 0.261458 0.999928 -0.0120186 -0.000181855 0.0120186 0.99947 0.0302542 -0.000181855 -0.0302542 0.999542 0.768373 0.271071 0.671\n-0.014671 -0.639665 0.283342 1 0 0 0 1 0 0 0 1 0.72164 0.523566 0.456121\n-0.480116 -0.0736329 0.178971 0.330379 -0.943362 -0.0302973 0.943362 0.329009 0.0426828 -0.0302973 -0.0426828 0.998629 0.126502 0.0381112 0.365231\n0.461564 -0.0698956 0.185439 -0.336741 -0.941499 0.0136511 0.940355 -0.337005 -0.0464675 0.0483496 -0.00281059 0.998827 0.136053 0.0367038 0.380209\nC 15\n0 1\n0 6\n0 5\n0 4\n0 3\n0 2\n1 3\n1 4\n1 5\n2 6\n2 4\n2 3\n3 6\n3 4\n3 5\nS 2\n2\n1 -0.434098 -0.204477 0.386887\n2 0.40893 -0.205408 0.391877\n2\n-0.0125839 -0.204943 0.389382\n0.999982 -0.00110423 0.00591881\n2\n5 -0.480116 -0.0736329 0.178971\n6 0.461564 -0.0698956 0.185439\n2\n-0.00927553 -0.0717642 0.182205\n0.999969 0.00396856 0.00686888\nL 7\n0\n3\n3\n1\n2\n3\n3"
}