{
    "boxes": [
        [
            -0.002772500040009618,
            -0.1266539990901947,
            0.22772200405597687,
            0.2768529951572418,
            0.8925409913063049,
            0.8560029864311218,
            0.0,
            1.0,
            0.0,
            0.0,
            0.0,
            1.0
        ],
        [
            -0.38565799593925476,
            -0.4454300105571747,
            0.609063982963562,
            0.42050701379776,
            0.2040649950504303,
            0.10531900078058243,
            0.018085600808262825,
            0.9792370200157166,
            -0.20191200077533722,
            0.04981920123100281,
            0.20081199705600739,
            0.9783620238304138
        ],
        [
            -0.39186999201774597,
            -0.567516028881073,
            0.15764500200748444,
            0.16317899525165558,
            0.8176829814910889,
            0.07780200242996216,
            0.0,
            1.0,
            0.0,
            0.0,
            0.0,
            1.0
        ],
        [
            -0.38840100169181824,
            -0.4475820064544678,
            -0.30072200298309326,
            0.4086799919605255,
            0.19902099668979645,
            0.10667599737644196,
            0.037209801375865936,
            0.9843950271606445,
            0.1719920039176941,
            -0.07259169965982437,
            -0.1689939945936203,
            0.9829400181770325
        ],
        [
            -0.002772500040009618,
            0.2862290143966675,
            -0.2794730067253113,
            1.1595799922943115,
            0.15957799553871155,
            0.8560029864311218,
            0.0,
            1.0,
            0.0,
            0.0,
            0.0,
            1.0
        ]
    ],
    "ops": [
        [
            0,
            0,
            0,
            0,
            1,
            1,
            2,
            1,
            0,
            1
        ]
    ],
    "syms": [
        [
            0.0,
            0.9999899864196777,
            0.0021573600824922323,
            0.003941619768738747,
            -0.003949029836803675,
            -0.4446069896221161,
            0.6105679869651794,
            0.0
        ]
    ],
    "labels:": [
        [
            1,
            2,
            2,
            2,
            0
        ]
    ],
    "obj": 37960,
    "mat_index": 2415,
    "obbs": "N 8\n-0.0027725 0.286229 -0.279473 1 0 0 0 1 0 0 0 1 0.856003 1.15958 0.159578\n0.386327 -0.567448 0.157618 1 0 0 0 1 0 0 0 1 0.077801 0.163284 0.817783\n-0.39187 -0.567516 0.157645 1 0 0 0 1 0 0 0 1 0.077802 0.163179 0.817683\n-0.0027725 -0.126654 0.227722 1 0 0 0 1 0 0 0 1 0.856003 0.276853 0.892541\n0.38308 -0.451894 -0.302726 1 0 0 0 1 0 0 0 1 0.084298 0.388492 0.245624\n0.37776 -0.443783 0.612073 -0.0127305 0.983046 -0.182918 0.999507 0.0177586 0.0258764 0.028686 -0.182498 -0.982788 0.421009 0.103546 0.20208\n-0.385658 -0.44543 0.609064 -0.0498192 -0.200812 -0.978362 0.998594 -0.0277533 -0.045153 -0.0180856 -0.979237 0.201912 0.204065 0.105319 0.420507\n-0.388401 -0.447582 -0.300722 -0.0372098 -0.984395 -0.171992 0.996667 -0.0490602 0.0651707 -0.0725917 -0.168994 0.98294 0.40868 0.106676 0.199021\nC 15\n0 1\n0 7\n0 4\n0 3\n0 2\n1 3\n1 4\n1 5\n2 7\n2 6\n2 3\n3 6\n3 7\n3 4\n3 5\nS 3\n2\n1 0.386327 -0.567448 0.157618\n2 -0.39187 -0.567516 0.157645\n2\n-0.00277175 -0.567482 0.157631\n-1 -8.8024e-05 3.34106e-05\n2\n4 0.38308 -0.451894 -0.302726\n7 -0.388401 -0.447582 -0.300722\n2\n-0.00266073 -0.449738 -0.301724\n-0.999981 0.00558976 0.00259753\n2\n5 0.37776 -0.443783 0.612073\n6 -0.385658 -0.44543 0.609064\n2\n-0.00394903 -0.444607 0.610568\n-0.99999 -0.00215736 -0.00394162\nL 8\n0\n2\n2\n1\n2\n2\n2\n2"
}