{
    "boxes": [
        [
            0.005160179920494556,
            0.026643000543117523,
            0.013531100004911423,
            0.6073160171508789,
            1.1852999925613403,
            0.8424350023269653,
            -0.06010640040040016,
            0.844560980796814,
            0.5320749878883362,
            -0.03491919860243797,
            -0.5344910025596619,
            0.8444520235061646
        ],
        [
            -0.42171600461006165,
            0.012325500138103962,
            -0.1734829992055893,
            0.34373098611831665,
            0.0839420035481453,
            0.041436001658439636,
            0.0,
            1.0,
            0.0,
            0.0,
            0.0,
            1.0
        ],
        [
            -0.43946799635887146,
            0.12004599720239639,
            0.12393900007009506,
            0.24745699763298035,
            0.668612003326416,
            0.0980067029595375,
            -0.243367001414299,
            0.8465849757194519,
            0.4733560085296631,
            0.024832500144839287,
            -0.48243001103401184,
            0.8755819797515869
        ],
        [
            -0.4207780063152313,
            -0.48061299324035645,
            -0.1756650060415268,
            0.7053149938583374,
            0.07957799732685089,
            0.03955100104212761,
            0.0,
            1.0,
            0.0,
            0.0,
            0.0,
            1.0
        ],
        [
            -0.43666499853134155,
            -0.41390299797058105,
            0.33421799540519714,
            0.8393970131874084,
            0.08660099655389786,
            0.04572800174355507,
            0.0,
            1.0,
            0.0,
            0.0,
            0.0,
            1.0
        ],
        [
            0.011590399779379368,
            0.19581900537014008,
            -0.21853700280189514,
            0.769661009311676,
            0.22199900448322296,
            0.8314499855041504,
            0.028157100081443787,
            0.988893985748291,
            -0.14593100547790527,
            -0.028037600219249725,
            0.1467130035161972,
            0.9887819886207581
        ]
    ],
    "ops": [
        [
            0,
            0,
            0,
            1,
            2,
            1,
            0,
            0,
            1,
            2,
            1,
            0,
            1
        ]
    ],
    "syms": [
        [
            0.0,
            0.9997199773788452,
            -0.0017734500579535961,
            0.023615600541234016,
            0.012907300144433975,
            0.011554500088095665,
            -0.1632159948348999,
            0.0
        ],
        [
            0.0,
            0.9996880292892456,
            0.002321799984201789,
            0.024852899834513664,
            0.008928249590098858,
            -0.4796150028705597,
            -0.16498200595378876,
            0.0
        ]
    ],
    "labels:": [
        [
            1,
            3,
            3,
            2,
            2,
            0
        ]
    ],
    "obj": 38057,
    "mat_index": 2460,
    "obbs": "N 10\n0.0115904 0.195819 -0.218537 -0.99921 0.0237497 -0.0318572 -0.0280376 0.146713 0.988782 0.0281571 0.988894 -0.145931 0.83145 0.221999 0.769661\n0.44753 0.0107835 -0.152949 1 0 0 0 1 0 0 0 1 0.057205 0.376213 0.082347\n-0.421716 0.0123255 -0.173483 1 0 0 0 1 0 0 0 1 0.041436 0.343731 0.083942\n0.441483 0.1224 0.133207 -0.242363 -0.869236 -0.430916 0.968843 -0.240199 -0.0603862 -0.051016 -0.432126 0.900369 0.2486 0.0989167 0.651913\n-0.439468 0.120046 0.123939 0.243367 -0.846585 -0.473356 0.969616 0.224842 0.0963847 0.0248325 -0.48243 0.875582 0.247457 0.0980067 0.668612\n0.00516018 0.026643 0.0135311 -0.997581 -0.0321774 -0.0616177 -0.0601064 0.844561 0.532075 0.0349192 0.534491 -0.844452 0.842435 0.607316 1.1853\n0.438634 -0.478618 -0.154299 1 0 0 0 1 0 0 0 1 0.039412 0.709309 0.079649\n0.430165 -0.412683 0.357036 1 0 0 0 1 0 0 0 1 0.047987 0.841199 0.083627\n-0.420778 -0.480613 -0.175665 1 0 0 0 1 0 0 0 1 0.039551 0.705315 0.079578\n-0.436665 -0.413903 0.334218 1 0 0 0 1 0 0 0 1 0.045728 0.839397 0.086601\nC 23\n0 2\n0 3\n0 4\n0 5\n0 8\n0 1\n0 6\n1 3\n1 6\n1 5\n2 8\n2 5\n2 4\n3 7\n3 6\n3 5\n4 8\n4 9\n4 5\n5 9\n5 6\n5 8\n5 7\nS 4\n2\n1 0.44753 0.0107835 -0.152949\n2 -0.421716 0.0123255 -0.173483\n2\n0.0129073 0.0115545 -0.163216\n-0.99972 0.00177345 -0.0236156\n2\n3 0.441483 0.1224 0.133207\n4 -0.439468 0.120046 0.123939\n2\n0.00100732 0.121223 0.128573\n-0.999941 -0.00267172 -0.0105201\n2\n6 0.438634 -0.478618 -0.154299\n8 -0.420778 -0.480613 -0.175665\n2\n0.00892825 -0.479615 -0.164982\n-0.999688 -0.0023218 -0.0248529\n2\n7 0.430165 -0.412683 0.357036\n9 -0.436665 -0.413903 0.334218\n2\n-0.00325025 -0.413293 0.345627\n-0.999653 -0.00140579 -0.0263144\nL 10\n0\n3\n3\n3\n3\n1\n2\n2\n2\n2"
}