{
    "boxes": [
        [
            -0.006999500095844269,
            -0.04528750106692314,
            0.17565900087356567,
            0.4653410017490387,
            0.7379199862480164,
            0.7491269707679749,
            0.0,
            1.0,
            0.0,
            0.0,
            0.0,
            1.0
        ],
        [
            -0.4389519989490509,
            -0.06681399792432785,
            0.15409600734710693,
            1.054800033569336,
            0.7865890264511108,
            0.21108199656009674,
            0.0,
            1.0,
            0.0,
            0.0,
            0.0,
            1.0
        ],
        [
            -0.4722850024700165,
            -0.5773720145225525,
            -0.29322099685668945,
            0.07006940245628357,
            0.15213699638843536,
            0.14351999759674072,
            0.1380849927663803,
            0.9886090159416199,
            0.05986449867486954,
            -0.0041568698361516,
            -0.05986449867486954,
            0.9981979727745056
        ],
        [
            -0.46959900856018066,
            -0.5778380036354065,
            0.46622899174690247,
            0.05923699960112572,
            0.15161100029945374,
            0.12852899730205536,
            0.0,
            1.0,
            0.0,
            0.0,
            0.0,
            1.0
        ],
        [
            -0.007021000143140554,
            0.11645600199699402,
            -0.26517999172210693,
            1.3520300388336182,
            0.2152319997549057,
            1.0749399662017822,
            0.0,
            1.0,
            0.0,
            0.0,
            0.0,
            1.0
        ]
    ],
    "ops": [
        [
            0,
            0,
            2,
            1,
            0,
            0,
            1,
            2,
            1,
            0,
            1
        ]
    ],
    "syms": [
        [
            0.0,
            0.9998700022697449,
            -0.007441319990903139,
            0.014323299750685692,
            -0.0045427498407661915,
            -0.07004699856042862,
            0.1603190004825592,
            0.0
        ],
        [
            0.0,
            1.0,
            -0.0005277380114421248,
            0.00040250399615615606,
            -0.010691000148653984,
            -0.5776150226593018,
            -0.29303500056266785,
            0.0
        ]
    ],
    "labels:": [
        [
            1,
            3,
            2,
            2,
            0
        ]
    ],
    "obj": 38085,
    "mat_index": 2473,
    "obbs": "N 8\n-0.007021 0.116456 -0.26518 1 0 0 0 1 0 0 0 1 1.07494 1.35203 0.215232\n0.429867 -0.07328 0.166542 1 0 0 0 1 0 0 0 1 0.201169 1.01094 0.761697\n-0.438952 -0.066814 0.154096 1 0 0 0 1 0 0 0 1 0.211082 1.0548 0.786589\n-0.0069995 -0.0452875 0.175659 1 0 0 0 1 0 0 0 1 0.749127 0.465341 0.73792\n-0.472285 -0.577372 -0.293221 0.990412 -0.138085 -0.00415687 0.138085 0.988609 0.0598645 -0.00415687 -0.0598645 0.998198 0.14352 0.0700694 0.152137\n0.450903 -0.577859 -0.292849 0.999853 -0.0171128 -0.000393518 0.0171128 0.998797 0.0459633 -0.000393518 -0.0459633 0.998943 0.136282 0.062662 0.152076\n0.455262 -0.581144 0.459712 0.999995 -0.00329056 0.000100955 0.00329056 0.998114 -0.0613024 0.000100955 0.0613024 0.998119 0.128147 0.0581512 0.168455\n-0.469599 -0.577838 0.466229 1 0 0 0 1 0 0 0 1 0.128529 0.059237 0.151611\nC 11\n0 1\n0 5\n0 4\n0 3\n0 2\n1 3\n1 5\n1 6\n2 7\n2 4\n2 3\nS 3\n2\n1 0.429867 -0.07328 0.166542\n2 -0.438952 -0.066814 0.154096\n2\n-0.00454275 -0.070047 0.160319\n-0.99987 0.00744132 -0.0143233\n2\n4 -0.472285 -0.577372 -0.293221\n5 0.450903 -0.577859 -0.292849\n2\n-0.010691 -0.577615 -0.293035\n1 -0.000527738 0.000402504\n2\n6 0.455262 -0.581144 0.459712\n7 -0.469599 -0.577838 0.466229\n2\n-0.00716801 -0.579491 0.46297\n-0.999969 0.00357449 0.00704521\nL 8\n0\n3\n3\n1\n2\n2\n2\n2"
}