{
    "boxes": [
        [
            0.011138499714434147,
            -0.027279000729322433,
            0.01352549996227026,
            0.25808200240135193,
            0.7918789982795715,
            0.7316269874572754,
            0.0,
            1.0,
            0.0,
            0.0,
            0.0,
            1.0
        ],
        [
            -0.3659049868583679,
            0.3107430040836334,
            0.06669650226831436,
            0.01026770006865263,
            0.5609560012817383,
            0.08254169672727585,
            -0.00630810996517539,
            0.9989529848098755,
            0.04530449956655502,
            -0.10438399761915207,
            -0.04571570083498955,
            0.9934859871864319
        ],
        [
            -0.35930800437927246,
            0.16647499799728394,
            0.36450299620628357,
            0.29284700751304626,
            0.03822999820113182,
            0.058319199830293655,
            -0.20791199803352356,
            0.9781479835510254,
            -2.1719200610977062e-16,
            0.0,
            2.2204500197172533e-16,
            1.0
        ],
        [
            -0.002276899991557002,
            -0.5148059725761414,
            -0.36637699604034424,
            0.7971199750900269,
            0.08760090172290802,
            0.030494600534439087,
            0.0019867499358952045,
            0.9820640087127686,
            0.18853799998760223,
            0.01974179968237877,
            -0.1885399967432022,
            0.9818670153617859
        ],
        [
            -0.0035844999365508556,
            -0.8923649787902832,
            -0.42771199345588684,
            0.01720299944281578,
            0.05046100169420242,
            0.048629000782966614,
            0.0,
            1.0,
            0.0,
            0.0,
            0.0,
            1.0
        ],
        [
            0.4316050112247467,
            -0.8923649787902832,
            -0.010775499977171421,
            0.01720299944281578,
            0.048629000782966614,
            0.05046100169420242,
            0.0,
            1.0,
            0.0,
            0.0,
            0.0,
            1.0
        ],
        [
            -0.07649549841880798,
            -0.1275230050086975,
            0.00037399999564513564,
            0.028629999607801437,
            0.5359920263290405,
            0.038993000984191895,
            0.0,
            1.0,
            0.0,
            0.0,
            0.0,
            1.0
        ],
        [
            0.36994901299476624,
            -0.514814019203186,
            -0.009444559924304485,
            0.7971460223197937,
            0.030295299366116524,
            0.08829359710216522,
            -0.1910170018672943,
            0.9815840125083923,
            0.002185029909014702,
            0.017230799421668053,
            0.0011274500284343958,
            0.9998509883880615
        ],
        [
            0.04759959876537323,
            0.3273540139198303,
            -0.28733399510383606,
            0.010715600103139877,
            0.28483399748802185,
            0.7323859930038452,
            -0.001491780043579638,
            0.9989380240440369,
            0.04605330154299736,
            -0.10449399799108505,
            -0.04595699906349182,
            0.9934629797935486
        ],
        [
            -0.08184149861335754,
            0.3571150004863739,
            -0.36818501353263855,
            0.661175012588501,
            0.06606099754571915,
            0.07166139781475067,
            -0.01178709976375103,
            0.984013020992279,
            -0.17770500481128693,
            0.6208480000495911,
            0.14651399850845337,
            0.770117998123169
        ],
        [
            0.01982630044221878,
            0.3573150038719177,
            -0.37927699089050293,
            0.6616899967193604,
            0.06764339655637741,
            0.06639830023050308,
            -0.01565600000321865,
            0.9815170168876648,
            -0.19073300063610077,
            0.3538359999656677,
            0.18385200202465057,
            0.9170600175857544
        ],
        [
            0.015854500234127045,
            0.6815840005874634,
            -0.3854919970035553,
            0.05404840037226677,
            0.18404899537563324,
            0.6582030057907104,
            6.593859893655463e-07,
            0.9960169792175293,
            -0.08916710317134857,
            2.9456499461844032e-08,
            0.08916710317134857,
            0.9960169792175293
        ],
        [
            -0.25932401418685913,
            0.35579198598861694,
            -0.2657560110092163,
            0.6587569713592529,
            0.08200839906930923,
            0.06337939947843552,
            -0.013921099714934826,
            0.9901970028877258,
            -0.13898399472236633,
            -0.3947890102863312,
            0.12226100265979767,
            0.910601019859314
        ],
        [
            -0.17725199460983276,
            0.356222003698349,
            -0.3310610055923462,
            0.6603819727897644,
            0.08129899948835373,
            0.06698700040578842,
            -0.008498240262269974,
            0.9883639812469482,
            -0.151869997382164,
            -0.5328549742698669,
            0.12404000014066696,
            0.8370659947395325
        ]
    ],
    "ops": [
        [
            0,
            0,
            0,
            1,
            2,
            1,
            0,
            0,
            1,
            2,
            0,
            0,
            0,
            1,
            1,
            2,
            1,
            1,
            0,
            0,
            2,
            1,
            0,
            0,
            1,
            0,
            0,
            1,
            2,
            1,
            1,
            1
        ]
    ],
    "syms": [
        [
            0.0,
            0.9987019896507263,
            -0.001923189964145422,
            0.050895098596811295,
            0.022198300808668137,
            0.30999499559402466,
            0.08647479861974716,
            0.0
        ],
        [
            0.0,
            0.011504000052809715,
            -0.00012371099728625268,
            0.9999340176582336,
            0.001920580049045384,
            -0.5148509740829468,
            -0.0015306799905374646,
            0.0
        ],
        [
            0.0,
            0.9999340176582336,
            -0.0,
            -0.011459000408649445,
            0.007817000150680542,
            -0.8923649787902832,
            -0.005919000133872032,
            0.0
        ],
        [
            0.0,
            0.9999840259552002,
            0.00036072300281375647,
            0.005594810005277395,
            0.018176399171352386,
            0.35715100169181824,
            -0.36762499809265137,
            0.0
        ],
        [
            0.0,
            0.9999859929084778,
            -0.0003531760012265295,
            0.0052926200442016125,
            0.019140399992465973,
            0.3556939959526062,
            -0.2642819881439209,
            0.0
        ]
    ],
    "labels:": [
        [
            1,
            3,
            3,
            2,
            2,
            2,
            2,
            2,
            0,
            0,
            0,
            0,
            0,
            0
        ]
    ],
    "obj": 2418,
    "mat_index": 248,
    "obbs": "N 24\n0.0111385 -0.027279 0.0135255 1 0 0 0 1 0 0 0 1 0.731627 0.258082 0.791879\n0.297605 0.355596 -0.262808 0.00770014 -0.987883 0.15501 0.895585 -0.0621434 -0.440529 0.444824 0.142217 0.884255 0.659019 0.0662782 0.072863\n0.213375 0.35626 -0.326843 -0.520611 -0.172091 -0.836271 0.853745 -0.094436 -0.512056 0.00914611 -0.980544 0.196086 0.0813237 0.0642233 0.66062\n0.118194 0.357187 -0.367066 -0.73708 -0.121605 -0.664774 -0.675772 0.142356 0.723234 0.00668552 0.982317 -0.187105 0.0703484 0.0666942 0.661261\n0.0198263 0.357315 -0.379277 0.935177 -0.0531307 -0.350174 0.353836 0.183852 0.91706 0.015656 -0.981517 0.190733 0.0663983 0.0676434 0.66169\n-0.0818415 0.357115 -0.368185 0.783843 -0.10125 -0.612649 0.620848 0.146514 0.770118 0.0117871 -0.984013 0.177705 0.0716614 0.066061 0.661175\n-0.177252 0.356222 -0.331061 0.532855 -0.12404 -0.837066 0.846164 0.0880381 0.5256 0.00849824 -0.988364 0.15187 0.081299 0.066987 0.660382\n-0.259324 0.355792 -0.265756 0.394789 -0.122261 -0.910601 0.918666 0.0675457 0.389217 0.0139211 -0.990197 0.138984 0.0820084 0.0633794 0.658757\n0.0158545 0.681584 -0.385492 -2.94565e-08 -0.0891671 -0.996017 6.59386e-07 0.996017 -0.0891671 1 -6.59386e-07 2.94565e-08 0.184049 0.0540484 0.658203\n0.410302 0.309248 0.106253 0.994171 0.0289764 -0.103851 -0.0242268 0.998615 0.0467072 0.105061 -0.043919 0.993496 0.0674029 0.0114683 0.480804\n-0.365905 0.310743 0.0666965 -0.994517 -0.00153794 -0.104563 -0.00630811 0.998953 0.0453045 0.104384 0.0457157 -0.993486 0.0825417 0.0102677 0.560956\n0.386978 0.166475 0.364503 -0.978148 0.207912 -4.61657e-17 0 2.22045e-16 1 0.207912 0.978148 -2.17192e-16 0.0583182 0.03823 0.292847\n-0.359308 0.166475 0.364503 -0.207912 0.978148 -2.17192e-16 0 2.22045e-16 1 0.978148 0.207912 -4.61657e-17 0.292847 0.03823 0.0583192\n-0.0764955 -0.127523 0.000374 1 0 0 0 1 0 0 0 1 0.038993 0.02863 0.535992\n0.0917295 -0.127523 0.0003585 1 0 0 0 1 0 0 0 1 0.038993 0.02863 0.535991\n0.0475996 0.327354 -0.287334 -0.994524 0.00333028 -0.104452 -0.00149178 0.998938 0.0460533 0.104494 0.045957 -0.993463 0.732386 0.0107156 0.284834\n0.00611806 -0.514896 0.363316 -0.00229554 0.977125 -0.212655 0.999987 0.00129136 -0.00486092 -0.00447511 -0.212664 -0.977115 0.797157 0.030346 0.0949183\n0.369949 -0.514814 -0.00944456 0.981435 0.191026 -0.0171289 0.0172308 0.00112745 0.999851 0.191017 -0.981584 -0.00218503 0.0882936 0.0302953 0.797146\n-0.0022769 -0.514806 -0.366377 -0.00198675 -0.982064 -0.188538 0.999803 0.00177136 -0.0197623 0.0197418 -0.18854 0.981867 0.79712 0.0304946 0.0876009\n-0.352008 -0.514884 -0.00118187 -0.97755 0.210687 0.00246958 0.00283849 0.00144861 0.999995 0.210682 0.977552 -0.00201412 0.0943162 0.0305155 0.797172\n0.431605 -0.892365 -0.0107755 1 0 0 0 1 0 0 0 1 0.050461 0.017203 0.048629\n-0.0035845 -0.892365 -0.427712 1 0 0 0 1 0 0 0 1 0.048629 0.017203 0.050461\n-0.415971 -0.892365 -0.0010625 1 0 0 0 1 0 0 0 1 0.050461 0.017203 0.048629\n0.0062155 -0.892365 0.427509 1 0 0 0 1 0 0 0 1 0.048629 0.017203 0.050461\nC 85\n0 14\n0 7\n0 16\n0 10\n0 3\n0 15\n0 17\n0 11\n0 4\n0 18\n0 12\n0 5\n0 1\n0 19\n0 13\n0 6\n0 9\n0 2\n1 3\n1 17\n1 15\n1 2\n1 14\n1 4\n1 9\n1 8\n2 18\n2 8\n2 5\n2 4\n2 9\n2 15\n2 3\n2 14\n3 15\n3 14\n3 6\n3 13\n3 5\n3 8\n3 18\n3 4\n4 7\n4 8\n4 18\n4 13\n4 5\n4 14\n4 6\n4 15\n5 6\n5 13\n5 8\n5 18\n5 15\n5 10\n5 7\n5 14\n6 14\n6 7\n6 10\n6 15\n6 18\n6 8\n6 13\n7 15\n7 19\n7 10\n7 8\n7 13\n9 15\n9 11\n10 15\n10 12\n13 16\n13 19\n13 14\n13 18\n14 17\n14 18\n14 16\n16 23\n17 20\n18 21\n19 22\nS 10\n2\n7 -0.259324 0.355792 -0.265756\n1 0.297605 0.355596 -0.262808\n2\n0.0191404 0.355694 -0.264282\n0.999986 -0.000353176 0.00529262\n2\n6 -0.177252 0.356222 -0.331061\n2 0.213375 0.35626 -0.326843\n2\n0.0180616 0.356241 -0.328952\n0.999942 9.68336e-05 0.0107981\n2\n5 -0.0818415 0.357115 -0.368185\n3 0.118194 0.357187 -0.367066\n2\n0.0181764 0.357151 -0.367625\n0.999984 0.000360723 0.00559481\n2\n9 0.410302 0.309248 0.106253\n10 -0.365905 0.310743 0.0666965\n2\n0.0221983 0.309995 0.0864748\n-0.998702 0.00192319 -0.0508951\n2\n11 0.386978 0.166475 0.364503\n12 -0.359308 0.166475 0.364503\n2\n0.0138352 0.166475 0.364503\n-1 0 0\n2\n13 -0.0764955 -0.127523 0.000374\n14 0.0917295 -0.127523 0.0003585\n2\n0.007617 -0.127523 0.00036625\n1 0 -9.21385e-05\n2\n17 0.369949 -0.514814 -0.00944456\n19 -0.352008 -0.514884 -0.00118187\n2\n0.00897048 -0.514849 -0.00531321\n-0.999935 -9.63828e-05 0.0114441\n2\n16 0.00611806 -0.514896 0.363316\n18 -0.0022769 -0.514806 -0.366377\n2\n0.00192058 -0.514851 -0.00153068\n-0.011504 0.000123711 -0.999934\n2\n20 0.431605 -0.892365 -0.0107755\n22 -0.415971 -0.892365 -0.0010625\n2\n0.007817 -0.892365 -0.005919\n-0.999934 0 0.011459\n2\n21 -0.0035845 -0.892365 -0.427712\n23 0.0062155 -0.892365 0.427509\n2\n0.0013155 -0.892365 -0.0001015\n0.0114583 0 0.999934\nL 24\n1\n0\n0\n0\n0\n0\n0\n0\n0\n3\n3\n3\n3\n2\n2\n0\n2\n2\n2\n2\n2\n2\n2\n2"
}