{
    "boxes": [
        [
            0.008671130053699017,
            -0.21455399692058563,
            0.13596799969673157,
            0.37042200565338135,
            1.089840054512024,
            1.0811200141906738,
            -0.009794680401682854,
            0.9908829927444458,
            -0.13436999917030334,
            -0.0006610670243389904,
            0.13436999917030334,
            0.99093097448349
        ],
        [
            -0.4823189973831177,
            0.39644700288772583,
            0.12404300272464752,
            0.12019400298595428,
            1.177940011024475,
            0.1041480004787445,
            0.09053520113229752,
            0.9786800146102905,
            0.18435899913311005,
            0.005258279852569103,
            -0.18558600544929504,
            0.9826139807701111
        ],
        [
            -0.4933669865131378,
            -7.23784978617914e-05,
            0.6525899767875671,
            0.5017380118370056,
            0.07201199978590012,
            0.09251350164413452,
            -0.03809120133519173,
            0.9986709952354431,
            0.03472939878702164,
            -0.03676370158791542,
            -0.036131601780653,
            0.9986709952354431
        ],
        [
            -0.4872319996356964,
            -0.46794500946998596,
            0.6130859851837158,
            0.322519987821579,
            0.0997759997844696,
            0.08680299669504166,
            0.0,
            1.0,
            0.0,
            0.0,
            0.0,
            1.0
        ],
        [
            -0.4865579903125763,
            -0.4898270070552826,
            -0.35874900221824646,
            0.27884000539779663,
            0.07343299686908722,
            0.08839400112628937,
            0.0,
            1.0,
            0.0,
            0.0,
            0.0,
            1.0
        ],
        [
            -0.4715149998664856,
            0.1219789981842041,
            -0.3901199996471405,
            0.8299310207366943,
            0.15990200638771057,
            0.12537600100040436,
            0.005882760044187307,
            0.986873984336853,
            -0.1613840013742447,
            0.05844780057668686,
            0.16077199578285217,
            0.9852589964866638
        ],
        [
            0.0045013101771473885,
            0.30017998814582825,
            -0.2952069938182831,
            0.8152469992637634,
            0.24058499932289124,
            0.9246349930763245,
            0.0007894770242273808,
            0.9448760151863098,
            -0.3274269998073578,
            0.0011091099586337805,
            0.3274259865283966,
            0.9448760151863098
        ],
        [
            0.008072740398347378,
            -0.1166130006313324,
            -0.3442089855670929,
            0.13828100264072418,
            0.04957069829106331,
            0.9266740083694458,
            -0.0034737999085336924,
            0.981344997882843,
            0.19222399592399597,
            -0.002859360072761774,
            -0.19223399460315704,
            0.981344997882843
        ],
        [
            0.010099000297486782,
            0.03932800143957138,
            -0.3303839862346649,
            0.13956399261951447,
            0.047621000558137894,
            0.9159079790115356,
            0.0,
            1.0,
            0.0,
            0.0,
            0.0,
            1.0
        ],
        [
            0.0073074097745120525,
            0.34869301319122314,
            -0.4011180102825165,
            0.12723200023174286,
            0.0517750009894371,
            0.9359210133552551,
            -0.004812479950487614,
            0.9286019802093506,
            -0.37104499340057373,
            -0.007105249911546707,
            0.3710080087184906,
            0.9286019802093506
        ],
        [
            0.007696500048041344,
            0.48712098598480225,
            -0.48049598932266235,
            0.06665100157260895,
            0.1059190034866333,
            0.9397649765014648,
            0.0,
            1.0,
            0.0,
            0.0,
            0.0,
            1.0
        ],
        [
            0.006635270081460476,
            0.20277699828147888,
            -0.35239699482917786,
            0.13450300693511963,
            0.04660779982805252,
            0.9232209920883179,
            -0.0022125300019979477,
            0.9743580222129822,
            -0.2249940037727356,
            -0.0027816500514745712,
            0.2249870002269745,
            0.9743580222129822
        ]
    ],
    "ops": [
        [
            0,
            0,
            0,
            1,
            2,
            1,
            0,
            0,
            1,
            2,
            1,
            0,
            2,
            0,
            0,
            1,
            1,
            0,
            0,
            1,
            0,
            0,
            1,
            1,
            1,
            1
        ]
    ],
    "syms": [
        [
            0.0,
            0.9999600052833557,
            -0.001293670036830008,
            -0.008877219632267952,
            0.00981311034411192,
            0.39581000804901123,
            0.11967399716377258,
            0.0
        ],
        [
            0.0,
            0.9999669790267944,
            0.005701499991118908,
            -0.005786930210888386,
            0.010782499797642231,
            -0.46510499715805054,
            0.6102039813995361,
            0.0
        ],
        [
            0.0,
            0.999970018863678,
            0.0073672397993505,
            0.0024254899471998215,
            0.008184569887816906,
            0.1255130022764206,
            -0.3889560103416443,
            0.0
        ]
    ],
    "labels:": [
        [
            1,
            3,
            3,
            2,
            2,
            0,
            0,
            0,
            0,
            0,
            0,
            0
        ]
    ],
    "obj": 38111,
    "mat_index": 2487,
    "obbs": "N 17\n0.00450131 0.30018 -0.295207 0.999999 -0.00110911 -0.000789477 0.00110911 0.327426 0.944876 -0.000789477 -0.944876 0.327427 0.924635 0.240585 0.815247\n0.00867113 -0.214554 0.135968 0.999952 0.00979468 -0.000661067 -0.00979468 0.990883 -0.13437 -0.000661067 0.13437 0.990931 1.08112 0.370422 1.08984\n0.501945 0.395174 0.115305 0.0985069 -0.968284 -0.229615 0.995135 0.0954161 0.0245531 -0.00186538 -0.230917 0.972972 0.131986 0.103779 1.19745\n-0.482319 0.396447 0.124043 -0.00525828 0.185586 -0.982614 0.995879 -0.0879917 -0.0219483 -0.0905352 -0.97868 -0.184359 1.17794 0.104148 0.120194\n0.511853 -0.00387945 0.652185 0.996691 -0.0244047 -0.0775379 0.0766594 -0.0350848 0.99644 -0.0270382 -0.999086 -0.0330978 0.0878301 0.0733163 0.495174\n-0.493367 -7.23785e-05 0.65259 -0.0380912 0.998671 0.0347294 -0.0367637 -0.0361316 0.998671 0.998598 0.0367637 0.0380912 0.501738 0.072012 0.0925135\n-0.471515 0.121979 -0.39012 0.00588276 0.986874 -0.161384 0.998273 -0.0152286 -0.0567348 -0.0584478 -0.160772 -0.985259 0.829931 0.125376 0.159902\n0.00807274 -0.116613 -0.344209 0.99999 0.00285936 0.0034738 -0.00285936 -0.192234 0.981345 0.0034738 -0.981345 -0.192224 0.926674 0.0495707 0.138281\n0.010099 0.039328 -0.330384 1 0 0 0 1 0 0 0 1 0.915908 0.139564 0.047621\n0.0076965 0.487121 -0.480496 1 0 0 0 1 0 0 0 1 0.939765 0.066651 0.105919\n0.00730741 0.348693 -0.401118 -0.00481248 0.928602 -0.371045 -0.00710525 0.371008 0.928602 0.999963 0.00710525 0.00481248 0.127232 0.051775 0.935921\n0.00663527 0.202777 -0.352397 0.999994 0.00278165 0.00221253 -0.00278165 0.224987 0.974358 0.00221253 -0.974358 0.224994 0.923221 0.0466078 0.134503\n0.487884 0.129047 -0.387793 0.0336314 -0.175854 -0.983842 0.999431 0.00845379 0.0326533 0.002575 -0.98438 0.176038 0.153678 0.128305 0.818806\n0.508796 -0.462266 0.607322 0.996866 0.026376 -0.07458 0.0773821 -0.129351 0.988575 0.0164277 -0.991248 -0.130986 0.0862254 0.0808465 0.334351\n0.511175 -0.490156 -0.358713 1 0 0 0 1 0 0 0 1 0.077036 0.278231 0.073366\n-0.487232 -0.467945 0.613086 1 0 0 0 1 0 0 0 1 0.086803 0.32252 0.099776\n-0.486558 -0.489827 -0.358749 1 0 0 0 1 0 0 0 1 0.088394 0.27884 0.073433\nC 58\n0 14\n0 7\n0 16\n0 10\n0 3\n0 11\n0 12\n0 8\n0 1\n0 6\n0 9\n0 2\n1 3\n1 15\n1 6\n1 11\n1 2\n1 16\n1 14\n1 5\n1 13\n1 4\n1 12\n1 8\n1 7\n2 12\n2 4\n2 9\n2 10\n2 11\n3 11\n3 10\n3 6\n3 9\n3 5\n4 13\n5 15\n6 9\n6 7\n6 10\n6 16\n6 11\n6 8\n7 12\n7 16\n7 11\n7 14\n7 8\n8 10\n8 11\n8 12\n9 11\n9 10\n9 12\n10 11\n10 12\n11 12\n12 14\nS 5\n2\n2 0.501945 0.395174 0.115305\n3 -0.482319 0.396447 0.124043\n2\n0.00981311 0.39581 0.119674\n-0.99996 0.00129367 0.00887722\n2\n4 0.511853 -0.00387945 0.652185\n5 -0.493367 -7.23785e-05 0.65259\n2\n0.00924297 -0.00197591 0.652388\n-0.999993 0.00378728 0.000402569\n2\n6 -0.471515 0.121979 -0.39012\n12 0.487884 0.129047 -0.387793\n2\n0.00818457 0.125513 -0.388956\n0.99997 0.00736724 0.00242549\n2\n13 0.508796 -0.462266 0.607322\n15 -0.487232 -0.467945 0.613086\n2\n0.0107825 -0.465105 0.610204\n-0.999967 -0.0057015 0.00578693\n2\n14 0.511175 -0.490156 -0.358713\n16 -0.486558 -0.489827 -0.358749\n2\n0.0123085 -0.489992 -0.358731\n-1 0.000330249 -3.55807e-05\nL 17\n0\n1\n3\n3\n3\n3\n0\n0\n0\n0\n0\n0\n0\n2\n2\n2\n2"
}