{
    "boxes": [
        [
            -0.002512000035494566,
            -0.10251899808645248,
            0.09824199974536896,
            0.20891599357128143,
            0.7914440035820007,
            0.8888980150222778,
            0.0,
            1.0,
            0.0,
            0.0,
            0.0,
            1.0
        ],
        [
            -0.43256500363349915,
            0.20175300538539886,
            0.16006499528884888,
            0.10066299885511398,
            0.7894179821014404,
            0.08756709843873978,
            0.19228099286556244,
            0.9694820046424866,
            -0.1520950049161911,
            0.014848999679088593,
            0.1520950049161911,
            0.9882540106773376
        ],
        [
            0.41561299562454224,
            0.20131300389766693,
            0.16021700203418732,
            0.10847300291061401,
            0.7900140285491943,
            0.09797859936952591,
            0.3104510009288788,
            0.9380810260772705,
            -0.1537020057439804,
            0.024620700627565384,
            0.1537020057439804,
            0.9878100156784058
        ],
        [
            -0.42628899216651917,
            0.037353500723838806,
            0.462007999420166,
            0.3463189899921417,
            0.08667200058698654,
            0.06410499662160873,
            0.0,
            1.0,
            0.0,
            0.0,
            0.0,
            1.0
        ],
        [
            -0.4283910095691681,
            -0.47061100602149963,
            -0.3065339922904968,
            0.6256009936332703,
            0.08260490000247955,
            0.0679256021976471,
            0.00451780017465353,
            0.9910470247268677,
            0.133432999253273,
            -0.0819028988480568,
            -0.13262000679969788,
            0.9877769947052002
        ],
        [
            0.4306209981441498,
            -0.4620310068130493,
            -0.29809701442718506,
            0.6452640295028687,
            0.09439539909362793,
            0.08655209839344025,
            -0.02991979941725731,
            0.9938830137252808,
            0.10630899667739868,
            0.378464013338089,
            -0.08717360347509384,
            0.9215019941329956
        ],
        [
            -0.42628899216651917,
            -0.2776170074939728,
            0.0972990021109581,
            0.05167999863624573,
            0.6862180233001709,
            0.04134399816393852,
            0.0,
            1.0,
            0.0,
            0.0,
            0.0,
            1.0
        ],
        [
            -0.4263080060482025,
            -0.45066899061203003,
            0.4691239893436432,
            0.6585800051689148,
            0.0724409967660904,
            0.064069002866745,
            0.0,
            1.0,
            0.0,
            0.0,
            0.0,
            1.0
        ],
        [
            -0.002512000035494566,
            0.38653698563575745,
            -0.3151110112667084,
            0.07975679636001587,
            0.0935932993888855,
            0.7855380177497864,
            -1.1645200037573621e-17,
            0.9982320070266724,
            -0.05944019928574562,
            -1.2359200008452855e-17,
            0.05944019928574562,
            0.9982320070266724
        ],
        [
            -0.002512000035494566,
            0.5227940082550049,
            -0.36726999282836914,
            0.16537800431251526,
            0.08073420077562332,
            0.7855380177497864,
            -0.0,
            0.9159899950027466,
            -0.4012010097503662,
            0.0,
            0.4012010097503662,
            0.9159899950027466
        ],
        [
            -0.42283400893211365,
            0.21505899727344513,
            -0.3007340133190155,
            0.8167210221290588,
            0.13429899513721466,
            0.06835629791021347,
            0.012516399845480919,
            0.9890480041503906,
            -0.1470640003681183,
            -0.06011660024523735,
            0.14755399525165558,
            0.9872249960899353
        ]
    ],
    "ops": [
        [
            0,
            0,
            0,
            0,
            2,
            1,
            1,
            1,
            0,
            0,
            0,
            0,
            1,
            2,
            1,
            1,
            1,
            0,
            2,
            0,
            0,
            2,
            1,
            1,
            1
        ]
    ],
    "syms": [
        [
            0.0,
            0.9999859929084778,
            0.005302240140736103,
            -0.0,
            -0.0025122500956058502,
            0.03960049897432327,
            0.462007999420166,
            0.0
        ],
        [
            0.0,
            1.0,
            -0.0,
            -0.0,
            -0.002512000035494566,
            -0.2776170074939728,
            0.0972990021109581,
            0.0
        ],
        [
            1.0,
            -0.0018840000266209245,
            0.38373100757598877,
            -0.25006675720214844,
            -0.002512000035494566,
            0.38653698563575745,
            -0.3151110112667084,
            0.20000000298023224
        ],
        [
            0.0,
            0.9999009966850281,
            0.013856399804353714,
            0.0024637600872665644,
            -0.001224540057592094,
            0.2209009975194931,
            -0.2996949851512909,
            0.0
        ]
    ],
    "labels:": [
        [
            1,
            3,
            3,
            3,
            2,
            2,
            2,
            2,
            0,
            0,
            0
        ]
    ],
    "obj": 38127,
    "mat_index": 2493,
    "obbs": "N 19\n-0.002512 0.522794 -0.36727 1 0 0 0 0.401201 0.91599 0 -0.91599 0.401201 0.785538 0.0807342 0.165378\n-0.002512 -0.102519 0.098242 1 0 0 0 1 0 0 0 1 0.888898 0.208916 0.791444\n0.420385 0.226744 -0.298656 -0.00296641 0.991515 -0.129956 0.999617 0.00651362 0.0268788 0.0274973 -0.129827 -0.991155 0.793705 0.0668527 0.126259\n-0.422834 0.215059 -0.300734 0.0125164 0.989048 -0.147064 0.998113 -0.0035155 0.0613051 0.0601166 -0.147554 -0.987225 0.816721 0.0683563 0.134299\n-0.002512 0.011224 -0.260177 1 0 0 0 1 0 0 0 1 0.785538 0.06268 0.081512\n-0.002512 0.106876 -0.264182 1 0 0 -0 0.0758333 0.997121 0 -0.997121 0.0758333 0.785538 0.0810064 0.0620166\n-0.002512 0.201358 -0.273972 1 0 0 0 1 0 0 0 1 0.785538 0.073468 0.089392\n-0.002512 0.294735 -0.290998 1 0 0 0 0.172533 0.985004 0 -0.985004 0.172533 0.785538 0.0842166 0.0662743\n-0.002512 0.386537 -0.315111 1 1.23592e-17 1.16452e-17 -1.23592e-17 0.0594402 0.998232 1.16452e-17 -0.998232 0.0594402 0.785538 0.0935933 0.0797568\n0.415613 0.201313 0.160217 -0.0246207 -0.153702 -0.98781 0.310451 0.938081 -0.153702 0.950271 -0.310451 0.0246207 0.790014 0.108473 0.0979786\n-0.432565 0.201753 0.160065 0.981228 -0.192281 0.014849 0.192281 0.969482 -0.152095 0.014849 0.152095 0.988254 0.0875671 0.100663 0.789418\n0.421265 0.0418475 0.462008 1 0 0 0 1 0 0 0 1 0.064104 0.337331 0.086672\n-0.426289 0.0373535 0.462008 1 0 0 0 1 0 0 0 1 0.064105 0.346319 0.086672\n0.421265 -0.277617 0.097299 1 0 0 0 1 0 0 0 1 0.041344 0.05168 0.686218\n-0.426289 -0.277617 0.097299 1 0 0 0 1 0 0 0 1 0.041344 0.05168 0.686218\n0.421265 -0.446138 0.468924 1 0 0 0 1 0 0 0 1 0.064104 0.667641 0.072839\n0.430621 -0.462031 -0.298097 0.0299198 -0.993883 -0.106309 0.925132 0.0678054 -0.373541 0.378464 -0.0871736 0.921502 0.645264 0.0865521 0.0943954\n-0.428391 -0.470611 -0.306534 -0.0045178 -0.991047 -0.133433 0.99663 -0.0153912 0.0805705 -0.0819029 -0.13262 0.987777 0.625601 0.0679256 0.0826049\n-0.426308 -0.450669 0.469124 1 0 0 0 1 0 0 0 1 0.064069 0.65858 0.072441\nC 72\n0 2\n0 7\n0 3\n0 8\n0 6\n1 3\n1 17\n1 15\n1 6\n1 11\n1 2\n1 16\n1 14\n1 5\n1 10\n1 13\n1 4\n1 9\n1 12\n1 18\n2 8\n2 5\n2 9\n2 13\n2 16\n2 6\n2 7\n2 4\n3 7\n3 17\n3 14\n3 10\n3 6\n3 5\n3 8\n3 4\n4 7\n4 9\n4 13\n4 10\n4 5\n4 14\n4 16\n4 6\n4 17\n5 9\n5 6\n5 8\n5 17\n5 10\n5 16\n5 7\n6 9\n6 7\n6 10\n6 8\n7 10\n7 8\n7 9\n8 9\n8 10\n9 11\n9 16\n10 12\n11 13\n11 15\n12 14\n12 18\n13 16\n13 15\n14 17\n14 18\nS 5\n2\n2 0.420385 0.226744 -0.298656\n3 -0.422834 0.215059 -0.300734\n2\n-0.00122454 0.220901 -0.299695\n-0.999901 -0.0138564 -0.00246376\n5\n4 -0.002512 0.011224 -0.260177\n5 -0.002512 0.106876 -0.264182\n6 -0.002512 0.201358 -0.273972\n7 -0.002512 0.294735 -0.290998\n8 -0.002512 0.386537 -0.315111\n1\n0 0 0\n0 0 0\n2\n11 0.421265 0.0418475 0.462008\n12 -0.426289 0.0373535 0.462008\n2\n-0.00251225 0.0396005 0.462008\n-0.999986 -0.00530224 0\n2\n13 0.421265 -0.277617 0.097299\n14 -0.426289 -0.277617 0.097299\n2\n-0.002512 -0.277617 0.097299\n-1 0 0\n2\n15 0.421265 -0.446138 0.468924\n18 -0.426308 -0.450669 0.469124\n2\n-0.00252125 -0.448404 0.469024\n-0.999986 -0.00534519 0.000234785\nL 19\n0\n1\n0\n0\n0\n0\n0\n0\n0\n3\n3\n3\n3\n2\n2\n2\n2\n2\n2"
}