{
    "boxes": [
        [
            -0.0064650001004338264,
            -0.2594119906425476,
            0.13327600061893463,
            0.5713229775428772,
            1.0812699794769287,
            1.2346899509429932,
            0.0,
            1.0,
            0.0,
            0.0,
            0.0,
            1.0
        ],
        [
            -0.5252310037612915,
            0.30957600474357605,
            0.15046000480651855,
            0.6320859789848328,
            0.61661297082901,
            0.20071199536323547,
            -0.21616800129413605,
            0.9759129881858826,
            -0.029409799724817276,
            -0.2236649990081787,
            -0.02017669938504696,
            0.9744570255279541
        ],
        [
            -0.0071454402059316635,
            -0.5762360095977783,
            0.15126800537109375,
            0.020774999633431435,
            0.9349349737167358,
            0.9349349737167358,
            -2.197330020984098e-22,
            1.0,
            1.1102199806005023e-16,
            -0.10452800244092941,
            -1.1041400045748906e-16,
            0.994521975517273
        ],
        [
            0.0041742101311683655,
            0.042932599782943726,
            -0.27780699729919434,
            1.241379976272583,
            0.6387900114059448,
            1.244480013847351,
            -0.013571199961006641,
            0.9850339889526367,
            -0.17182299494743347,
            -0.016141600906848907,
            0.17160099744796753,
            0.9850339889526367
        ]
    ],
    "ops": [
        [
            0,
            0,
            2,
            1,
            0,
            1,
            0,
            1
        ]
    ],
    "syms": [
        [
            0.0,
            0.9992390275001526,
            0.0032447699923068285,
            0.03886609897017479,
            -0.0019052800489589572,
            0.31127598881721497,
            0.17081600427627563,
            0.0
        ]
    ],
    "labels:": [
        [
            1,
            3,
            2,
            0
        ]
    ],
    "obj": 38132,
    "mat_index": 2497,
    "obbs": "N 5\n0.00417421 0.0429326 -0.277807 -0.0135712 0.985034 -0.171823 -0.0161416 0.171601 0.985034 0.999778 0.0161416 0.0135712 1.24138 0.63879 1.24448\n0.52142 0.312975 0.191171 -0.216573 -0.974554 0.0577906 0.951354 -0.223964 -0.211578 0.219138 0.00915715 0.975651 0.631428 0.199049 0.54587\n-0.525231 0.309576 0.15046 0.223665 0.0201767 -0.974457 0.950392 0.217225 0.22264 0.216168 -0.975913 0.0294098 0.616613 0.200712 0.632086\n-0.006465 -0.259412 0.133276 1 0 0 0 1 0 0 0 1 1.23469 0.571323 1.08127\n-0.00714544 -0.576236 0.151268 -0.994522 1.16048e-17 -0.104528 -2.19733e-22 1 1.11022e-16 0.104528 1.10414e-16 -0.994522 0.934935 0.020775 0.934935\nC 7\n0 1\n0 4\n0 3\n0 2\n1 3\n2 3\n3 4\nS 1\n2\n1 0.52142 0.312975 0.191171\n2 -0.525231 0.309576 0.15046\n2\n-0.00190528 0.311276 0.170816\n-0.999239 -0.00324477 -0.0388661\nL 5\n0\n3\n3\n1\n2"
}