{
    "boxes": [
        [
            -0.007883500307798386,
            0.04339500144124031,
            0.13465799391269684,
            0.488072007894516,
            0.6975700259208679,
            0.8584129810333252,
            0.0,
            1.0,
            0.0,
            0.0,
            0.0,
            1.0
        ],
        [
            -0.4175899922847748,
            0.1088699996471405,
            0.0017445599660277367,
            0.34458398818969727,
            0.030239799991250038,
            0.025375299155712128,
            -0.06786909699440002,
            0.934158980846405,
            0.3503449857234955,
            0.2815000116825104,
            -0.31895700097084045,
            0.9049999713897705
        ],
        [
            0.3968009948730469,
            0.10249800235033035,
            0.0035006499383598566,
            0.3602440059185028,
            0.03243270143866539,
            0.03960509970784187,
            0.0491085983812809,
            0.9417080283164978,
            0.33282700181007385,
            0.3406180143356323,
            -0.3290430009365082,
            0.8807439804077148
        ],
        [
            -0.4297040104866028,
            0.2758429944515228,
            -0.0785892978310585,
            0.028557300567626953,
            0.2781449854373932,
            0.019784800708293915,
            -0.02822449989616871,
            0.9994490146636963,
            0.017468899488449097,
            0.0002465939905960113,
            -0.017468899488449097,
            0.9998469948768616
        ],
        [
            -0.0067980000749230385,
            -0.25590598583221436,
            0.352508008480072,
            0.024392999708652496,
            0.02073800005018711,
            0.770363986492157,
            0.0,
            1.0,
            0.0,
            0.0,
            0.0,
            1.0
        ],
        [
            -0.40712299942970276,
            -0.4054419994354248,
            0.36707600951194763,
            0.8103029727935791,
            0.06143200024962425,
            0.03626750037074089,
            0.06471870094537735,
            0.9849309921264648,
            -0.16038300096988678,
            0.4713680148124695,
            0.1114870011806488,
            0.874862015247345
        ],
        [
            -0.42616501450538635,
            -0.40850698947906494,
            -0.18639999628067017,
            0.8019109964370728,
            0.027772799134254456,
            0.05093669891357422,
            0.08425849676132202,
            0.9266129732131958,
            0.36645498871803284,
            -0.5162670016288757,
            -0.2739570140838623,
            0.8114280104637146
        ],
        [
            -0.44881701469421387,
            -0.7897480130195618,
            0.04194150120019913,
            0.03061399981379509,
            0.7333130240440369,
            0.019504999741911888,
            0.0,
            1.0,
            0.0,
            0.0,
            0.0,
            1.0
        ],
        [
            -0.008084950037300587,
            0.3070090115070343,
            -0.23305700719356537,
            0.6948750019073486,
            0.11015799641609192,
            0.6859210133552551,
            0.0018989000236615539,
            0.9859309792518616,
            -0.16714400053024292,
            0.002247900003567338,
            0.16714000701904297,
            0.9859309792518616
        ]
    ],
    "ops": [
        [
            0,
            0,
            0,
            0,
            2,
            1,
            1,
            1,
            0,
            0,
            2,
            1,
            0,
            0,
            1,
            2,
            1,
            1,
            0,
            1
        ]
    ],
    "syms": [
        [
            0.0,
            0.9999979734420776,
            0.001760210026986897,
            0.0006276160129345953,
            -0.00781157985329628,
            0.27658599615097046,
            -0.07832449674606323,
            0.0
        ],
        [
            0.0,
            0.9999859929084778,
            -0.00046148800174705684,
            -0.005207560025155544,
            -0.006800469942390919,
            -0.4056270122528076,
            0.3649910092353821,
            0.0
        ],
        [
            0.0,
            0.9999380111694336,
            -0.010110899806022644,
            -0.004728659987449646,
            -0.00785916019231081,
            -0.41273701190948486,
            -0.1883780062198639,
            0.0
        ]
    ],
    "labels:": [
        [
            1,
            3,
            3,
            3,
            2,
            2,
            2,
            2,
            0
        ]
    ],
    "obj": 38135,
    "mat_index": 2499,
    "obbs": "N 13\n-0.00808495 0.307009 -0.233057 0.999996 -0.0022479 -0.0018989 0.0022479 0.16714 0.985931 -0.0018989 -0.985931 0.167144 0.685921 0.110158 0.694875\n-0.0078835 0.043395 0.134658 1 0 0 0 1 0 0 0 1 0.858413 0.488072 0.69757\n0.414081 0.277329 -0.0780597 0.98857 -0.150754 -0.00133185 0.150754 0.988415 0.0175669 -0.00133185 -0.0175669 0.999845 0.0206394 0.0251895 0.279334\n-0.429704 0.275843 -0.0785893 0.999602 0.0282245 0.000246594 -0.0282245 0.999449 0.0174689 0.000246594 -0.0174689 0.999847 0.0197848 0.0285573 0.278145\n0.396801 0.102498 0.00350065 -0.340618 0.329043 -0.880744 0.938918 0.0701147 -0.336921 -0.0491086 -0.941708 -0.332827 0.0324327 0.0396051 0.360244\n-0.41759 0.10887 0.00174456 0.957158 0.160043 -0.241318 0.2815 -0.318957 0.905 0.0678691 -0.934159 -0.350345 0.0253753 0.0302398 0.344584\n-0.006798 -0.255906 0.352508 1 0 0 0 1 0 0 0 1 0.770364 0.024393 0.020738\n0.410446 -0.416967 -0.190356 0.752617 0.297971 -0.587181 0.653531 -0.229135 0.721384 0.0804076 -0.926666 -0.367184 0.0489485 0.0273875 0.78032\n-0.426165 -0.408507 -0.1864 0.0842585 0.926613 0.366455 -0.516267 -0.273957 0.811428 0.852273 -0.257558 0.455297 0.801911 0.0277728 0.0509367\n0.393522 -0.405812 0.362906 0.442336 -0.128848 -0.887545 0.894984 0.127213 0.427576 0.0578152 -0.983471 0.171588 0.061548 0.0349289 0.810325\n-0.407123 -0.405442 0.367076 -0.471368 -0.111487 -0.874862 0.879559 -0.13222 -0.45705 -0.0647187 -0.984931 0.160383 0.061432 0.0362675 0.810303\n0.432974 -0.789818 0.0409095 1 0 0 0 1 0 0 0 1 0.019536 0.030479 0.735313\n-0.448817 -0.789748 0.0419415 1 0 0 0 1 0 0 0 1 0.019505 0.030614 0.733313\nC 26\n0 2\n0 7\n0 3\n0 4\n0 5\n0 8\n0 1\n1 3\n1 6\n1 2\n1 5\n1 10\n1 4\n1 9\n1 8\n1 7\n2 4\n3 5\n4 7\n5 8\n6 9\n6 10\n7 11\n8 12\n9 11\n10 12\nS 4\n2\n2 0.414081 0.277329 -0.0780597\n3 -0.429704 0.275843 -0.0785893\n2\n-0.00781158 0.276586 -0.0783245\n-0.999998 -0.00176021 -0.000627616\n2\n7 0.410446 -0.416967 -0.190356\n8 -0.426165 -0.408507 -0.1864\n2\n-0.00785916 -0.412737 -0.188378\n-0.999938 0.0101109 0.00472866\n2\n9 0.393522 -0.405812 0.362906\n10 -0.407123 -0.405442 0.367076\n2\n-0.00680047 -0.405627 0.364991\n-0.999986 0.000461488 0.00520756\n2\n11 0.432974 -0.789818 0.0409095\n12 -0.448817 -0.789748 0.0419415\n2\n-0.00792175 -0.789783 0.0414255\n-0.999999 7.88168e-05 0.00117034\nL 13\n0\n1\n3\n3\n3\n3\n2\n2\n2\n2\n2\n2\n2"
}