{
    "boxes": [
        [
            -4.149999949731864e-05,
            -0.1265069991350174,
            0.21351000666618347,
            0.25772398710250854,
            1.0997600555419922,
            1.1796300411224365,
            0.0,
            1.0,
            0.0,
            0.0,
            0.0,
            1.0
        ],
        [
            -0.47206801176071167,
            -0.3568379878997803,
            0.6092709898948669,
            0.3564609885215759,
            0.047041699290275574,
            0.04163359850645065,
            0.28959399461746216,
            0.8931260108947754,
            -0.34418100118637085,
            0.5751760005950928,
            0.1250379979610443,
            0.808417022228241
        ],
        [
            0.47237199544906616,
            -0.3568379878997803,
            -0.21544300019741058,
            0.3566969931125641,
            0.040335800498723984,
            0.04845200106501579,
            -0.2810640037059784,
            0.8948299884796143,
            0.3468160033226013,
            -0.5880900025367737,
            -0.4461750090122223,
            0.674593985080719
        ],
        [
            -0.47206801176071167,
            -0.3568379878997803,
            -0.21544300019741058,
            0.35605698823928833,
            0.04289039969444275,
            0.04124080017209053,
            0.29721999168395996,
            0.8936709761619568,
            0.33617299795150757,
            -0.23549699783325195,
            -0.27259400486946106,
            0.9328629970550537
        ],
        [
            0.0020179999992251396,
            0.22111199796199799,
            -0.38500601053237915,
            0.8807960152626038,
            0.2498299926519394,
            1.182379961013794,
            0.0013641399564221501,
            0.9432229995727539,
            -0.3321569859981537,
            0.001926630036905408,
            0.3321540057659149,
            0.9432229995727539
        ]
    ],
    "ops": [
        [
            0,
            0,
            2,
            0,
            0,
            1,
            1,
            1,
            0,
            1
        ]
    ],
    "syms": [
        [
            0.0,
            1.0,
            -0.0,
            -0.0,
            0.00015199999324977398,
            -0.3568379878997803,
            0.6092709898948669,
            0.0
        ]
    ],
    "labels:": [
        [
            1,
            2,
            2,
            2,
            0
        ]
    ],
    "obj": 38137,
    "mat_index": 2500,
    "obbs": "N 6\n0.002018 0.221112 -0.385006 0.999997 -0.00192663 -0.00136414 0.00192663 0.332154 0.943223 -0.00136414 -0.943223 0.332157 1.18238 0.24983 0.880796\n-4.15e-05 -0.126507 0.21351 1 0 0 0 1 0 0 0 1 1.17963 0.257724 1.09976\n0.472372 -0.356838 0.609271 -0.304789 0.894842 -0.32613 0.588824 0.446181 0.67395 0.748592 0.0133792 -0.662896 0.356205 0.0403258 0.0434\n0.472372 -0.356838 -0.215443 -0.281064 0.89483 0.346816 -0.58809 -0.446175 0.674594 0.758388 -0.0143551 0.651645 0.356697 0.0403358 0.048452\n-0.472068 -0.356838 -0.215443 -0.29722 -0.893671 -0.336173 0.925311 -0.356433 0.129437 -0.235497 -0.272594 0.932863 0.356057 0.0412408 0.0428904\n-0.472068 -0.356838 0.609271 -0.575176 -0.125038 -0.808417 0.765054 -0.432077 -0.477495 -0.289594 -0.893126 0.344181 0.0470417 0.0416336 0.356461\nC 7\n0 1\n0 4\n0 3\n1 2\n1 3\n1 4\n1 5\nS 1\n2\n2 0.472372 -0.356838 0.609271\n5 -0.472068 -0.356838 0.609271\n2\n0.000152 -0.356838 0.609271\n-1 0 0\nL 6\n0\n1\n2\n2\n2\n2"
}