{
    "boxes": [
        [
            -0.007646230049431324,
            0.027712000533938408,
            0.1538349986076355,
            0.27612701058387756,
            0.9402570128440857,
            1.0684700012207031,
            0.0033389399759471416,
            0.9990919828414917,
            0.04247700050473213,
            -7.094640022842214e-05,
            -0.04247700050473213,
            0.9990969896316528
        ],
        [
            -0.49013400077819824,
            0.20521900057792664,
            0.06313499808311462,
            0.20961500704288483,
            0.30650800466537476,
            0.1840520054101944,
            0.0,
            1.0,
            0.0,
            0.0,
            0.0,
            1.0
        ],
        [
            -0.4952220022678375,
            0.36222800612449646,
            0.07467009872198105,
            0.19357700645923615,
            0.536532998085022,
            0.2611269950866699,
            -0.020082900300621986,
            0.9971789717674255,
            0.0723273977637291,
            -0.05159910023212433,
            -0.07327940315008163,
            0.9959759712219238
        ],
        [
            -0.00438150018453598,
            -0.34495699405670166,
            0.07185699790716171,
            0.5589600205421448,
            0.4492740035057068,
            0.4555889964103699,
            0.0,
            1.0,
            0.0,
            0.0,
            0.0,
            1.0
        ],
        [
            0.0004998120130039752,
            -0.5545240044593811,
            -0.22663000226020813,
            0.21951299905776978,
            0.39301401376724243,
            0.2110929936170578,
            0.2645620107650757,
            0.8307049870491028,
            -0.4898320138454437,
            -0.04161680117249489,
            0.5172920227050781,
            0.8547959923744202
        ],
        [
            -0.0011940000113099813,
            -0.6825649738311768,
            -0.4281890094280243,
            0.23418299853801727,
            0.26524800062179565,
            0.1719139963388443,
            0.0,
            1.0,
            0.0,
            0.0,
            0.0,
            1.0
        ],
        [
            0.013055900111794472,
            0.48527899384498596,
            -0.2371329963207245,
            0.8706070184707642,
            0.25081300735473633,
            1.1260299682617188,
            -0.00467116991057992,
            0.9186660051345825,
            -0.39500799775123596,
            -0.007093059830367565,
            0.3949719965457916,
            0.9186660051345825
        ],
        [
            0.0026390699204057455,
            0.44979798793792725,
            -0.30270299315452576,
            0.8857929706573486,
            0.23947900533676147,
            1.0322099924087524,
            -0.001279989955946803,
            0.9658730030059814,
            -0.25901299715042114,
            -0.0016684699803590775,
            0.25901100039482117,
            0.9658730030059814
        ]
    ],
    "ops": [
        [
            0,
            0,
            0,
            1,
            2,
            1,
            0,
            0,
            0,
            1,
            2,
            1,
            1,
            0,
            0,
            1,
            1
        ]
    ],
    "syms": [
        [
            0.0,
            0.9999759793281555,
            -0.006748660001903772,
            -0.0012397599639371037,
            -0.006382749881595373,
            0.20195400714874268,
            0.06253530085086823,
            0.0
        ],
        [
            -1.0,
            0.008371509611606598,
            0.9999639987945557,
            0.001552150002680719,
            -0.006326660048216581,
            -0.5541809797286987,
            0.07386849820613861,
            0.20000000298023224
        ]
    ],
    "labels:": [
        [
            1,
            3,
            3,
            2,
            2,
            2,
            0,
            0
        ]
    ],
    "obj": 38140,
    "mat_index": 2503,
    "obbs": "N 18\n0.0130559 0.485279 -0.237133 0.999964 0.00709306 0.00467117 -0.00709306 0.394972 0.918666 0.00467117 -0.918666 0.395008 1.12603 0.250813 0.870607\n-0.0043815 -0.344957 0.071857 1 0 0 0 1 0 0 0 1 0.455589 0.55896 0.449274\n-0.189806 -0.555491 0.31149 -0.353661 0.84891 0.392778 0.820403 0.079818 0.566188 0.449292 0.522475 -0.724677 0.209921 0.251005 0.390598\n-0.293437 -0.549738 -0.0211431 0.846371 0.459804 0.26877 -0.265746 -0.0727429 0.961295 0.461558 -0.885036 0.0606236 0.351105 0.197596 0.223819\n0.000499812 -0.554524 -0.22663 0.0416168 -0.517292 -0.854796 0.96347 -0.205762 0.171427 -0.264562 -0.830705 0.489832 0.393014 0.211093 0.219513\n0.281945 -0.557191 -0.00650833 -0.816009 0.526909 0.237688 0.340041 0.10505 0.934525 0.46744 0.843405 -0.264892 0.39714 0.213283 0.21584\n0.169166 -0.553962 0.312134 0.168697 -0.710815 -0.682849 0.855021 0.450201 -0.257407 0.490388 -0.540427 0.683709 0.227528 0.224827 0.386004\n-0.00764623 0.027712 0.153835 0.999994 -0.00333894 -7.09464e-05 0.00333894 0.999092 0.042477 -7.09464e-05 -0.042477 0.999097 1.06847 0.276127 0.940257\n0.477369 0.198689 0.0619355 1 0 0 0 1 0 0 0 1 0.181919 0.213944 0.302091\n-0.490134 0.205219 0.063135 1 0 0 0 1 0 0 0 1 0.184052 0.209615 0.306508\n0.48056 0.352235 0.0944999 0.998413 -0.0562702 -0.00236499 0.0562702 0.994889 0.0838435 -0.00236499 -0.0838435 0.996476 0.258976 0.216732 0.507176\n-0.495222 0.362228 0.0746701 -0.998466 -0.01627 -0.0529252 -0.0200829 0.997179 0.0723274 0.0515991 0.0732794 -0.995976 0.261127 0.193577 0.536533\n0.293679 -0.682405 0.494888 -0.440488 0.665614 -0.602436 0.835497 0.0583906 -0.546384 -0.328504 -0.744009 -0.581838 0.242949 0.172517 0.231032\n0.491247 -0.686131 -0.0774139 -0.738284 0.624371 -0.255143 -0.136471 0.232172 0.963053 0.66054 0.745826 -0.0862003 0.231627 0.216473 0.229605\n-0.001194 -0.682565 -0.428189 1 0 0 0 1 0 0 0 1 0.171914 0.234183 0.265248\n-0.308968 -0.679225 0.482752 0.205056 -0.835794 -0.509314 0.835794 -0.121257 0.535486 -0.509314 -0.535486 0.673687 0.22981 0.179748 0.259287\n-0.481358 -0.677384 -0.0842247 0.884766 0.39168 0.252537 -0.293485 0.0473485 0.95479 0.362015 -0.918882 0.156845 0.271902 0.175109 0.227217\n0.00263907 0.449798 -0.302703 -0.00127999 0.965873 -0.259013 -0.00166847 0.259011 0.965873 0.999998 0.00166847 0.00127999 0.885793 0.239479 1.03221\nC 55\n0 7\n0 10\n0 17\n0 11\n0 8\n0 1\n0 9\n1 3\n1 15\n1 17\n1 6\n1 2\n1 16\n1 14\n1 5\n1 13\n1 4\n1 9\n1 12\n1 8\n1 7\n2 12\n2 5\n2 15\n2 16\n2 6\n2 3\n2 4\n3 15\n3 14\n3 6\n3 16\n3 5\n3 4\n4 5\n4 14\n4 16\n4 6\n5 6\n5 13\n5 12\n6 12\n6 13\n7 11\n7 10\n7 8\n7 9\n7 17\n8 10\n8 17\n9 11\n9 17\n10 17\n11 17\n15 16\nS 4\n5\n4 0.000499812 -0.554524 -0.22663\n3 -0.293437 -0.549738 -0.0211431\n2 -0.189806 -0.555491 0.31149\n6 0.169166 -0.553962 0.312134\n5 0.281945 -0.557191 -0.00650833\n3\n-0.00632666 -0.554181 0.0738685\n-0.00837151 -0.999964 -0.00155215\n2\n8 0.477369 0.198689 0.0619355\n9 -0.490134 0.205219 0.063135\n2\n-0.00638275 0.201954 0.0625353\n-0.999976 0.00674866 0.00123976\n2\n10 0.48056 0.352235 0.0944999\n11 -0.495222 0.362228 0.0746701\n2\n-0.00733112 0.357232 0.084585\n-0.999741 0.0102386 -0.0203167\n5\n16 -0.481358 -0.677384 -0.0842247\n15 -0.308968 -0.679225 0.482752\n12 0.293679 -0.682405 0.494888\n13 0.491247 -0.686131 -0.0774139\n14 -0.001194 -0.682565 -0.428189\n3\n-0.00131867 -0.681542 0.0775626\n0.00937155 0.999943 -0.00519308\nL 18\n0\n2\n2\n2\n2\n2\n2\n1\n3\n3\n3\n3\n2\n2\n2\n2\n2\n0"
}