{
    "boxes": [
        [
            0.006408149842172861,
            -0.015403100289404392,
            0.10085400193929672,
            0.10313200205564499,
            0.8920530080795288,
            0.8615189790725708,
            -0.0008854779880493879,
            0.9999989867210388,
            0.0007325040060095489,
            0.1045290008187294,
            -0.0006359330145642161,
            0.994521975517273
        ],
        [
            0.34512099623680115,
            -0.43046799302101135,
            0.4193420112133026,
            0.7503740191459656,
            0.07859399914741516,
            0.11310599744319916,
            -0.05427059903740883,
            0.9985060095787048,
            -0.006386000197380781,
            0.4116060137748718,
            0.028197400271892548,
            0.9109259843826294
        ],
        [
            0.29526299238204956,
            -0.3813270032405853,
            -0.3210369944572449,
            0.8440840244293213,
            0.06836669892072678,
            0.09649710357189178,
            -0.01951099932193756,
            0.9993129968643188,
            0.03149700164794922,
            -0.36435800790786743,
            -0.036443401128053665,
            0.9305459856987
        ],
        [
            0.3762759864330292,
            -0.20256799459457397,
            0.051524899899959564,
            0.29198798537254333,
            0.6866840124130249,
            0.04060399904847145,
            0.25972700119018555,
            0.9656360149383545,
            0.009475570172071457,
            0.06804510205984116,
            -0.028088200837373734,
            0.9972869753837585
        ],
        [
            -0.026537800207734108,
            -0.19550800323486328,
            -0.31060799956321716,
            0.25994399189949036,
            0.04458729922771454,
            0.5824249982833862,
            -0.009267380461096764,
            0.9957079887390137,
            -0.09208379685878754,
            0.10452599823474884,
            0.09254790097475052,
            0.9902070164680481
        ],
        [
            0.2974480092525482,
            0.38975799083709717,
            -0.3572390079498291,
            0.7940000295639038,
            0.0650561973452568,
            0.10292600095272064,
            0.017213700339198112,
            0.9915350079536438,
            -0.12869399785995483,
            -0.38717201352119446,
            0.12528200447559357,
            0.9134560227394104
        ],
        [
            -0.029711000621318817,
            0.746366024017334,
            -0.34626999497413635,
            0.228411003947258,
            0.2092220038175583,
            0.8994200229644775,
            -0.007641919888556004,
            0.9930109977722168,
            -0.11777199804782867,
            0.1090719997882843,
            0.11790099740028381,
            0.9870169758796692
        ],
        [
            -0.01771949976682663,
            0.32291901111602783,
            -0.364205002784729,
            0.729610025882721,
            0.06384620070457458,
            0.6131070256233215,
            -0.03028789907693863,
            0.9956679940223694,
            -0.0879037007689476,
            0.08128219842910767,
            0.09010619670152664,
            0.992609977722168
        ]
    ],
    "ops": [
        [
            0,
            0,
            2,
            0,
            2,
            0,
            2,
            0,
            2,
            1,
            1,
            1,
            1,
            0,
            2,
            0,
            0,
            1,
            1,
            1
        ]
    ],
    "syms": [
        [
            0.0,
            0.9966599941253662,
            -0.002176170004531741,
            -0.0816332995891571,
            0.0331231988966465,
            -0.42978599667549133,
            0.44489699602127075,
            0.0
        ],
        [
            0.0,
            0.995540976524353,
            -0.04430060088634491,
            -0.08327829837799072,
            -0.02049810066819191,
            -0.3672749996185303,
            -0.294624000787735,
            0.0
        ],
        [
            0.0,
            0.9968180060386658,
            -0.0008838290232233703,
            -0.07970820367336273,
            0.0016785400221124291,
            -0.20223499834537506,
            0.0814787968993187,
            0.0
        ],
        [
            0.0,
            0.09279929846525192,
            -0.008480199612677097,
            0.995648980140686,
            0.010740799829363823,
            -0.1989150047302246,
            0.08935560286045074,
            0.0
        ],
        [
            0.0,
            0.995652973651886,
            -0.0480956993997097,
            -0.07976190000772476,
            -0.024115899577736855,
            0.40529099106788635,
            -0.331479012966156,
            0.0
        ]
    ],
    "labels:": [
        [
            1,
            2,
            2,
            2,
            2,
            0,
            0,
            0
        ]
    ],
    "obj": 2422,
    "mat_index": 251,
    "obbs": "N 13\n-0.029711 0.746366 -0.34627 0.994004 -0.00530295 -0.109211 0.109072 0.117901 0.987017 0.00764192 -0.993011 0.117772 0.89942 0.209222 0.228411\n-0.0177195 0.322919 -0.364205 0.996231 0.0229191 -0.0836592 0.0812822 0.0901062 0.99261 0.0302879 -0.995668 0.0879037 0.613107 0.0638462 0.72961\n0.297448 0.389758 -0.357239 0.0172137 0.991535 -0.128694 -0.387172 0.125282 0.913456 0.921847 0.0341028 0.386051 0.794 0.0650562 0.102926\n-0.34568 0.420824 -0.305718 0.85413 -0.0257684 -0.519421 0.518358 0.122899 0.846286 0.0420288 -0.992085 0.118329 0.0973736 0.0603167 0.731976\n0.376276 -0.202568 0.0515249 -0.259727 -0.965636 -0.00947557 0.963282 -0.258377 -0.073002 0.0680451 -0.0280882 0.997287 0.291988 0.040604 0.686684\n-0.0265378 -0.195508 -0.310608 0.994479 -0.000448517 -0.104935 0.104526 0.0925479 0.990207 0.00926738 -0.995708 0.0920838 0.582425 0.0445873 0.259944\n-0.372919 -0.201903 0.111433 0.255867 -0.965907 -0.0394357 0.962315 0.258378 -0.0848024 0.0921006 -0.0162514 0.995617 0.290735 0.040604 0.686729\n0.0480194 -0.202322 0.489319 0.992651 -0.011995 -0.120417 0.112259 -0.280311 0.953322 -0.0451895 -0.959834 -0.276904 0.573219 0.0520945 0.280325\n0.00640815 -0.0154031 0.100854 0.994521 0.000957195 -0.104528 -0.000885478 0.999999 0.000732504 0.104529 -0.000635933 0.994522 0.861519 0.103132 0.892053\n-0.336259 -0.353224 -0.26821 0.00465987 0.999696 0.0242005 0.493025 -0.0233517 0.869702 0.870003 0.00787875 -0.492984 0.900965 0.0664819 0.11019\n0.295263 -0.381327 -0.321037 -0.931055 -0.00667974 -0.364819 -0.364358 -0.0364434 0.930546 -0.019511 0.999313 0.031497 0.0964971 0.0683667 0.844084\n0.345121 -0.430468 0.419342 0.909745 0.0468079 -0.412521 0.411606 0.0281974 0.910926 0.0542706 -0.998506 0.006386 0.113106 0.078594 0.750374\n-0.278874 -0.429105 0.470452 -0.966162 0.000941327 -0.257935 -0.257807 0.0281974 0.965785 0.00818222 0.999602 -0.0270006 0.111013 0.0785943 0.750174\nC 39\n0 2\n0 3\n0 1\n1 3\n1 6\n1 2\n1 5\n1 10\n1 4\n1 9\n1 8\n2 8\n2 5\n2 10\n2 4\n3 6\n3 9\n3 5\n3 8\n4 7\n4 8\n4 10\n4 5\n4 11\n5 9\n5 6\n5 8\n5 10\n6 9\n6 7\n6 12\n6 8\n7 12\n7 11\n7 8\n8 9\n8 10\n8 11\n8 12\nS 5\n2\n2 0.297448 0.389758 -0.357239\n3 -0.34568 0.420824 -0.305718\n2\n-0.0241159 0.405291 -0.331479\n-0.995653 0.0480957 0.0797619\n2\n4 0.376276 -0.202568 0.0515249\n6 -0.372919 -0.201903 0.111433\n2\n0.00167854 -0.202235 0.0814788\n-0.996818 0.000883829 0.0797082\n2\n5 -0.0265378 -0.195508 -0.310608\n7 0.0480194 -0.202322 0.489319\n2\n0.0107408 -0.198915 0.0893556\n0.0927993 -0.0084802 0.995649\n2\n9 -0.336259 -0.353224 -0.26821\n10 0.295263 -0.381327 -0.321037\n2\n-0.0204981 -0.367275 -0.294624\n0.995541 -0.0443006 -0.0832783\n2\n11 0.345121 -0.430468 0.419342\n12 -0.278874 -0.429105 0.470452\n2\n0.0331232 -0.429786 0.444897\n-0.99666 0.00217617 0.0816333\nL 13\n0\n0\n0\n0\n2\n2\n2\n2\n1\n2\n2\n2\n2"
}