{
    "boxes": [
        [
            0.01418980024755001,
            -0.06353230029344559,
            0.0772038996219635,
            0.3834879994392395,
            0.8775990009307861,
            1.055340051651001,
            -0.02515210025012493,
            0.9996830224990845,
            0.0010728599736467004,
            1.3494500308297575e-05,
            -0.0010728599736467004,
            0.9999989867210388
        ],
        [
            -0.4815079867839813,
            0.3126380145549774,
            0.05958409979939461,
            0.7747600078582764,
            0.6536830067634583,
            0.23213499784469604,
            -0.2170490026473999,
            0.966729998588562,
            -0.13536199927330017,
            -0.1204570010304451,
            0.1110830008983612,
            0.9864839911460876
        ],
        [
            -0.0160559993237257,
            -0.42747798562049866,
            0.14861999452114105,
            0.44516900181770325,
            0.13447800278663635,
            0.16719399392604828,
            0.0,
            1.0,
            0.0,
            0.0,
            0.0,
            1.0
        ],
        [
            -0.000743500015232712,
            -0.7067070007324219,
            0.14584000408649445,
            0.17527300119400024,
            1.0032800436019897,
            1.0039499998092651,
            0.0,
            1.0,
            0.0,
            0.0,
            0.0,
            1.0
        ],
        [
            0.006354040000587702,
            0.319925993680954,
            -0.30344900488853455,
            0.8152620196342468,
            0.40122100710868835,
            1.0769200325012207,
            0.0017684700433164835,
            0.9891200065612793,
            -0.14710000157356262,
            0.0020509199239313602,
            0.14709599316120148,
            0.9891200065612793
        ]
    ],
    "ops": [
        [
            0,
            0,
            2,
            1,
            0,
            0,
            1,
            1,
            0,
            1
        ]
    ],
    "syms": [
        [
            0.0,
            0.9997360110282898,
            -0.01085629966109991,
            0.02024650014936924,
            0.014327599667012691,
            0.30725398659706116,
            0.06962569802999496,
            0.0
        ]
    ],
    "labels:": [
        [
            1,
            3,
            2,
            2,
            0
        ]
    ],
    "obj": 38249,
    "mat_index": 2552,
    "obbs": "N 6\n0.00635404 0.319926 -0.303449 0.999996 -0.00205092 -0.00176847 0.00205092 0.147096 0.98912 -0.00176847 -0.98912 0.1471 1.07692 0.401221 0.815262\n0.510164 0.30187 0.0796673 -0.230152 -0.97314 0.00539808 0.972082 -0.230155 -0.0456731 0.0456887 -0.00526436 0.998942 0.705213 0.169957 0.640003\n-0.481508 0.312638 0.0595841 -0.217049 0.96673 -0.135362 0.9687 0.230421 0.0923385 0.120457 -0.111083 -0.986484 0.77476 0.232135 0.653683\n0.0141898 -0.0635323 0.0772039 0.999684 0.0251521 1.34945e-05 -0.0251521 0.999683 0.00107286 1.34945e-05 -0.00107286 0.999999 1.05534 0.383488 0.877599\n-0.016056 -0.427478 0.14862 1 0 0 0 1 0 0 0 1 0.167194 0.445169 0.134478\n-0.0007435 -0.706707 0.14584 1 0 0 0 1 0 0 0 1 1.00395 0.175273 1.00328\nC 9\n0 1\n0 4\n0 3\n0 2\n1 3\n2 4\n2 3\n3 4\n4 5\nS 1\n2\n1 0.510164 0.30187 0.0796673\n2 -0.481508 0.312638 0.0595841\n2\n0.0143276 0.307254 0.0696257\n-0.999736 0.0108563 -0.0202465\nL 6\n0\n3\n3\n1\n2\n2"
}