{
    "boxes": [
        [
            -0.00426972983404994,
            -0.08802759647369385,
            0.22021900117397308,
            0.09134639799594879,
            0.8040599822998047,
            0.8044220209121704,
            0.0021588599774986506,
            0.9998729825019836,
            0.01576180011034012,
            -1.7014799595926888e-05,
            -0.01576180011034012,
            0.9998760223388672
        ],
        [
            -0.35263898968696594,
            -0.8246369957923889,
            0.4580009877681732,
            0.02368910051882267,
            0.04503929987549782,
            0.04503929987549782,
            -5.865270130685358e-18,
            1.0,
            -1.999809910557815e-06,
            0.6293200254440308,
            1.5541500033577904e-06,
            0.7771459817886353
        ],
        [
            -0.30565598607063293,
            -0.466731995344162,
            0.39033299684524536,
            0.7108010053634644,
            0.025249600410461426,
            0.01682260073721409,
            0.13420100510120392,
            0.9740129709243774,
            -0.182451993227005,
            0.702010989189148,
            0.03650340065360069,
            0.7112299799919128
        ],
        [
            0.34044501185417175,
            -0.8246369957923889,
            -0.2342119961977005,
            0.023689299821853638,
            0.04503989964723587,
            0.04503989964723587,
            -9.07340017874958e-06,
            1.0,
            5.555190000450239e-06,
            0.10452800244092941,
            -4.576329956762493e-06,
            0.994521975517273
        ],
        [
            0.2998630106449127,
            -0.46757400035858154,
            -0.16220299899578094,
            0.710677981376648,
            0.018025100231170654,
            0.016821200028061867,
            -0.11185699701309204,
            0.9725959897041321,
            0.20382599532604218,
            -0.25889700651168823,
            -0.22655299305915833,
            0.9389600157737732
        ],
        [
            -0.35263898968696594,
            -0.8246369957923889,
            -0.2342119961977005,
            0.02368910051882267,
            0.04503989964723587,
            0.04503989964723587,
            -1.0822700109234786e-16,
            1.0,
            5.555190000450239e-06,
            0.35836800932884216,
            -5.186219823372085e-06,
            0.9335799813270569
        ],
        [
            -0.30869001150131226,
            -0.4679659903049469,
            -0.16682200133800507,
            0.7108389735221863,
            0.029773900285363197,
            0.016810499131679535,
            0.11265700310468674,
            0.9724689722061157,
            0.20399199426174164,
            -0.6934499740600586,
            -0.07008799910545349,
            0.7170869708061218
        ],
        [
            -0.0019333000527694821,
            0.2961899936199188,
            -0.3047049939632416,
            0.804714024066925,
            0.11256299912929535,
            0.7539169788360596,
            -0.002625799970701337,
            0.9533770084381104,
            -0.30177000164985657,
            -0.0035853199660778046,
            0.3017599880695343,
            0.9533770084381104
        ]
    ],
    "ops": [
        [
            0,
            0,
            0,
            1,
            2,
            0,
            0,
            1,
            0,
            0,
            1,
            1,
            1,
            1,
            0,
            1
        ]
    ],
    "syms": [
        [
            0.0,
            1.0,
            -5.2634298697284976e-08,
            0.0008484310237690806,
            -0.006097270175814629,
            -0.8246369957923889,
            0.458296000957489,
            0.0
        ]
    ],
    "labels:": [
        [
            1,
            2,
            2,
            2,
            2,
            2,
            2,
            0
        ]
    ],
    "obj": 38263,
    "mat_index": 2559,
    "obbs": "N 10\n-0.0019333 0.29619 -0.304705 0.99999 0.00358532 0.0026258 -0.00358532 0.30176 0.953377 0.0026258 -0.953377 0.30177 0.753917 0.112563 0.804714\n0.340445 -0.824637 -0.234212 0.994522 9.60437e-06 -0.104528 -9.0734e-06 1 5.55519e-06 0.104528 -4.57633e-06 0.994522 0.0450399 0.0236893 0.0450399\n0.340445 -0.824637 0.45859 0.777146 1.0221e-05 -0.62932 -9.0734e-06 1 5.03668e-06 0.62932 1.79584e-06 0.777146 0.0450401 0.0236893 0.0450399\n-0.352639 -0.824637 0.458001 -0.62932 -1.55415e-06 -0.777146 -5.86527e-18 1 -1.99981e-06 0.777146 -1.25852e-06 -0.62932 0.0450393 0.0236891 0.0450393\n-0.352639 -0.824637 -0.234212 0.93358 1.9908e-06 -0.358368 -1.08227e-16 1 5.55519e-06 0.358368 -5.18622e-06 0.93358 0.0450399 0.0236891 0.0450399\n-0.00426973 -0.0880276 0.220219 1.70148e-05 0.0157618 -0.999876 0.00215886 0.999873 0.0157618 0.999998 -0.00215886 -1.70148e-05 0.80406 0.0913464 0.804422\n-0.30869 -0.467966 -0.166822 0.69345 0.070088 -0.717087 0.711642 -0.222243 0.666463 -0.112657 -0.972469 -0.203992 0.0297739 0.0168105 0.710839\n0.299863 -0.467574 -0.162203 0.258897 0.226553 -0.93896 0.959406 0.0522595 0.277144 0.111857 -0.972596 -0.203826 0.0180251 0.0168212 0.710678\n0.296756 -0.466417 0.390746 0.506704 -0.113519 -0.854614 0.85463 0.196531 0.480608 0.113401 -0.973904 0.1966 0.0215793 0.016824 0.710748\n-0.305656 -0.466732 0.390333 -0.702011 -0.0365034 -0.71123 0.699407 -0.223531 -0.678869 -0.134201 -0.974013 0.182452 0.0252496 0.0168226 0.710801\nC 11\n0 7\n0 6\n0 5\n1 7\n2 8\n3 9\n4 6\n5 9\n5 6\n5 7\n5 8\nS 2\n2\n2 0.340445 -0.824637 0.45859\n3 -0.352639 -0.824637 0.458001\n2\n-0.00609727 -0.824637 0.458296\n-1 5.26343e-08 -0.000848431\n2\n8 0.296756 -0.466417 0.390746\n9 -0.305656 -0.466732 0.390333\n2\n-0.00445039 -0.466574 0.39054\n-1 -0.00052199 -0.00068415\nL 10\n0\n2\n2\n2\n2\n1\n2\n2\n2\n2"
}