{
    "boxes": [
        [
            0.014282500371336937,
            0.08998650312423706,
            0.10164999961853027,
            0.46297499537467957,
            0.8267269730567932,
            1.209439992904663,
            0.0,
            1.0,
            0.0,
            0.0,
            0.0,
            1.0
        ],
        [
            -0.5098239779472351,
            0.3163290023803711,
            0.00026852599694393575,
            0.09970419853925705,
            0.5162879824638367,
            0.20361000299453735,
            -0.08969669789075851,
            0.994117021560669,
            0.060718901455402374,
            -0.20440100133419037,
            -0.07804100215435028,
            0.9757710099220276
        ],
        [
            -0.1596670001745224,
            -0.5377950072288513,
            -0.14551100134849548,
            0.8470969796180725,
            0.045654598623514175,
            0.2108439952135086,
            0.44813400506973267,
            0.7761319875717163,
            0.44361698627471924,
            -0.7059680223464966,
            0.00281137996353209,
            0.7082380056381226
        ],
        [
            0.015617099590599537,
            0.38950100541114807,
            -0.2967509925365448,
            0.4377880096435547,
            0.24663899838924408,
            0.8702750205993652,
            -0.005025370046496391,
            0.9219430088996887,
            -0.3872930109500885,
            -0.0075616901740431786,
            0.38725098967552185,
            0.9219430088996887
        ]
    ],
    "ops": [
        [
            0,
            0,
            2,
            1,
            0,
            2,
            1,
            0,
            1
        ]
    ],
    "syms": [
        [
            0.0,
            0.9999600052833557,
            -0.00729320989921689,
            -0.005118140019476414,
            0.010393399745225906,
            0.31253498792648315,
            -0.0023941199760884047,
            0.0
        ],
        [
            -1.0,
            -5.362280064424851e-10,
            0.9999989867210388,
            0.0012289800215512514,
            0.014282500371336937,
            -0.5380079746246338,
            0.027161000296473503,
            0.25
        ]
    ],
    "labels:": [
        [
            1,
            3,
            2,
            0
        ]
    ],
    "obj": 38278,
    "mat_index": 2572,
    "obbs": "N 8\n0.0156171 0.389501 -0.296751 0.999959 0.00756169 0.00502537 -0.00756169 0.387251 0.921943 0.00502537 -0.921943 0.387293 0.870275 0.246639 0.437788\n0.53061 0.308741 -0.00505677 -0.25515 0.0762568 -0.96389 0.0959424 0.993962 0.0532392 0.96213 -0.0788939 -0.260926 0.523929 0.118522 0.213744\n-0.509824 0.316329 0.000268526 -0.974769 -0.0751125 -0.210199 -0.0896967 0.994117 0.0607189 0.204401 0.078041 -0.975771 0.20361 0.0997042 0.516288\n0.0142825 0.0899865 0.10165 1 0 0 0 1 0 0 0 1 1.20944 0.462975 0.826727\n0.187705 -0.53822 0.199833 -0.549874 -0.62807 -0.550606 -0.705968 -0.00281154 0.708238 -0.446371 0.778152 -0.441851 0.21013 0.0456552 0.847109\n0.188232 -0.537795 -0.145511 -0.448133 0.776132 0.443616 0.705968 0.00281151 0.708238 0.548439 0.630564 -0.549185 0.847097 0.0456545 0.210844\n-0.159667 -0.537795 -0.145511 0.448134 0.776132 0.443617 -0.705968 0.00281138 0.708238 0.548439 -0.630565 0.549184 0.847097 0.0456546 0.210844\n-0.15914 -0.53822 0.199833 0.549875 -0.628069 -0.550605 0.705968 -0.00281141 0.708238 -0.446371 -0.778152 0.441851 0.210129 0.0456553 0.847109\nC 11\n0 1\n0 3\n0 2\n1 3\n2 3\n4 7\n4 6\n4 5\n5 6\n5 7\n6 7\nS 2\n2\n1 0.53061 0.308741 -0.00505677\n2 -0.509824 0.316329 0.000268526\n2\n0.0103934 0.312535 -0.00239412\n-0.99996 0.00729321 0.00511814\n4\n6 -0.159667 -0.537795 -0.145511\n5 0.188232 -0.537795 -0.145511\n4 0.187705 -0.53822 0.199833\n7 -0.15914 -0.53822 0.199833\n3\n0.0142825 -0.538008 0.027161\n-5.36228e-10 0.999999 0.00122898\nL 8\n0\n3\n3\n1\n2\n2\n2\n2"
}