{
    "boxes": [
        [
            0.0010573799954727292,
            0.10159900039434433,
            0.09569910168647766,
            0.04633599892258644,
            0.7628620266914368,
            0.7628610134124756,
            1.0414700213345895e-09,
            1.0,
            7.4459500787327215e-09,
            -0.10452800244092941,
            -7.296300008619028e-09,
            0.994521975517273
        ],
        [
            0.2548089921474457,
            -0.4897119998931885,
            0.3424859941005707,
            0.07313639670610428,
            0.5766980051994324,
            0.010531599633395672,
            -0.000889702991116792,
            0.9999949932098389,
            -0.00308182998560369,
            -0.7060089707374573,
            0.0015544299967586994,
            0.708200991153717
        ],
        [
            -0.24299100041389465,
            -0.48998498916625977,
            -0.1610250025987625,
            0.0774495005607605,
            0.012165900319814682,
            0.6045420169830322,
            0.006705049891024828,
            0.9999179840087891,
            0.010882300324738026,
            0.7049859762191772,
            -0.012444799765944481,
            0.7091119885444641
        ],
        [
            -0.3218480050563812,
            -0.35288500785827637,
            0.09959650039672852,
            0.9760770201683044,
            0.10806199908256531,
            0.25225499272346497,
            0.4500269889831543,
            0.893002986907959,
            0.004533539991825819,
            -0.004425359889864922,
            -0.0028465199284255505,
            0.9999859929084778
        ],
        [
            0.0004666559980250895,
            -0.35272300243377686,
            -0.2273319959640503,
            0.9760710000991821,
            0.2517080008983612,
            0.09953570365905762,
            0.0034826600458472967,
            0.8925060033798218,
            0.4510219991207123,
            0.0019585900008678436,
            -0.4510299861431122,
            0.892507016658783
        ],
        [
            0.0010575000196695328,
            0.7630680203437805,
            -0.30156001448631287,
            0.2346230000257492,
            0.1760600060224533,
            0.7532989978790283,
            0.0,
            1.0,
            0.0,
            0.0,
            0.0,
            1.0
        ],
        [
            0.001057520043104887,
            0.29215601086616516,
            -0.31264400482177734,
            0.7000920176506042,
            0.2974179983139038,
            0.17762300372123718,
            1.8184900341111643e-07,
            0.8910059928894043,
            -0.45399099588394165,
            1.3138300118953339e-06,
            0.45399099588394165,
            0.8910059928894043
        ]
    ],
    "ops": [
        [
            0,
            0,
            0,
            1,
            2,
            0,
            2,
            0,
            2,
            1,
            1,
            1,
            0,
            0,
            1,
            1
        ]
    ],
    "syms": [
        [
            0.0,
            0.9999330043792725,
            0.0007952650194056332,
            -0.011532099917531013,
            0.003958649933338165,
            -0.4899120032787323,
            0.3453789949417114,
            0.0
        ],
        [
            0.0,
            0.999966025352478,
            0.003428430063650012,
            -0.007433089893311262,
            0.0009385260054841638,
            -0.3517780005931854,
            0.09719710052013397,
            0.0
        ],
        [
            0.0,
            0.00551627017557621,
            0.003363549942150712,
            0.9999790191650391,
            0.0022523500956594944,
            -0.3516339957714081,
            0.09637539833784103,
            0.0
        ]
    ],
    "labels:": [
        [
            1,
            2,
            2,
            2,
            2,
            0,
            0
        ]
    ],
    "obj": 38344,
    "mat_index": 2601,
    "obbs": "N 11\n0.0010575 0.763068 -0.30156 1 0 0 0 1 0 0 0 1 0.753299 0.234623 0.17606\n-0.246891 -0.490111 0.348272 -0.00142392 0.999988 0.00462894 -0.705503 -0.00428513 0.708694 0.708706 -0.00225661 0.705501 0.0748524 0.0109942 0.580021\n0.254809 -0.489712 0.342486 0.706009 -0.00155443 -0.708201 0.708202 0.00280589 0.706004 0.000889703 -0.999995 0.00308183 0.576698 0.0105316 0.0731364\n0.250242 -0.487845 -0.155707 0.000359282 -0.999998 -0.00198236 0.707918 0.00165447 -0.706292 0.706294 -0.00114959 0.707917 0.0748641 0.0102883 0.583434\n-0.242991 -0.489985 -0.161025 0.709189 0.00291724 -0.705012 0.704986 -0.0124448 0.709112 -0.00670505 -0.999918 -0.0108823 0.604542 0.0121659 0.0774495\n0.00105738 0.101599 0.0956991 -0.994522 1.81408e-09 -0.104528 1.04147e-09 1 7.44595e-09 0.104528 7.2963e-09 -0.994522 0.762861 0.046336 0.762862\n0.00105752 0.292156 -0.312644 -1.31383e-06 -0.453991 -0.891006 1 -7.58499e-07 -1.08808e-06 -1.81849e-07 -0.891006 0.453991 0.297418 0.177623 0.700092\n0.323725 -0.350672 0.0947978 0.881885 0.471029 0.0202755 -0.0192297 -0.00703323 0.99979 0.471073 -0.88209 0.00285526 0.247284 0.10402 0.975821\n0.00403804 -0.350545 0.420082 -0.0129611 -0.464702 -0.885372 0.999915 -0.00490239 -0.0120648 0.00126612 -0.885454 0.464726 0.245034 0.104073 0.975857\n0.000466656 -0.352723 -0.227332 -0.00195859 0.45103 -0.892507 0.999992 -0.00222493 -0.00331884 -0.00348266 -0.892506 -0.451022 0.251708 0.0995357 0.976071\n-0.321848 -0.352885 0.0995965 0.450027 0.893003 0.00453354 -0.00442536 -0.00284652 0.999986 0.893004 -0.450041 0.00267085 0.976077 0.108062 0.252255\nC 28\n0 6\n1 2\n1 10\n1 4\n1 8\n2 8\n2 3\n2 7\n3 7\n3 9\n3 4\n4 9\n4 10\n5 9\n5 6\n5 8\n5 10\n5 7\n6 9\n6 7\n6 10\n6 8\n7 10\n7 9\n7 8\n8 9\n8 10\n9 10\nS 4\n2\n1 -0.246891 -0.490111 0.348272\n2 0.254809 -0.489712 0.342486\n2\n0.00395865 -0.489912 0.345379\n0.999933 0.000795265 -0.0115321\n2\n3 0.250242 -0.487845 -0.155707\n4 -0.242991 -0.489985 -0.161025\n2\n0.00362528 -0.488915 -0.158366\n-0.999932 -0.00434028 -0.0107816\n2\n7 0.323725 -0.350672 0.0947978\n10 -0.321848 -0.352885 0.0995965\n2\n0.000938526 -0.351778 0.0971971\n-0.999966 -0.00342843 0.00743309\n2\n8 0.00403804 -0.350545 0.420082\n9 0.000466656 -0.352723 -0.227332\n2\n0.00225235 -0.351634 0.0963754\n-0.00551627 -0.00336355 -0.999979\nL 11\n0\n2\n2\n2\n2\n1\n0\n2\n2\n2\n2"
}