{
    "boxes": [
        [
            -0.0008777069742791355,
            -0.28630098700523376,
            0.11768800020217896,
            0.21622000634670258,
            1.0119600296020508,
            0.8101419806480408,
            0.014447499997913837,
            0.9951580166816711,
            -0.09722159802913666,
            0.0007040110067464411,
            0.09722159802913666,
            0.9952629804611206
        ],
        [
            -0.411190003156662,
            0.197161003947258,
            0.07728250324726105,
            0.019863000139594078,
            0.9746149778366089,
            0.1992119997739792,
            0.0,
            1.0,
            0.0,
            0.0,
            0.0,
            1.0
        ],
        [
            0.4039810001850128,
            0.1148030012845993,
            0.07673750072717667,
            0.184579998254776,
            0.9756969809532166,
            0.19923700392246246,
            0.0,
            1.0,
            0.0,
            0.0,
            0.0,
            1.0
        ],
        [
            -0.4278630018234253,
            -0.11055299639701843,
            0.44226500391960144,
            0.598796010017395,
            0.13306599855422974,
            0.04989999905228615,
            0.0,
            1.0,
            0.0,
            0.0,
            0.0,
            1.0
        ],
        [
            -0.015561900101602077,
            0.2862899899482727,
            -0.37782299518585205,
            1.1930299997329712,
            0.01686589978635311,
            0.12974900007247925,
            -0.011771599762141705,
            0.9060620069503784,
            -0.42298099398612976,
            -0.01848430000245571,
            0.42274099588394165,
            0.9060620069503784
        ],
        [
            -0.005839500110596418,
            0.197161003947258,
            -0.3949950039386749,
            0.019863000139594078,
            0.09880699962377548,
            0.8932570219039917,
            0.0,
            1.0,
            0.0,
            0.0,
            0.0,
            1.0
        ],
        [
            -0.25761300325393677,
            0.1995529979467392,
            -0.33637499809265137,
            0.9954169988632202,
            0.016634399071335793,
            0.13132299482822418,
            -0.11793600022792816,
            0.8988779783248901,
            -0.4220309853553772,
            -0.021219300106167793,
            0.4226189851760864,
            0.9060590267181396
        ],
        [
            -0.12954199314117432,
            0.24420300126075745,
            -0.356658011674881,
            1.0950700044631958,
            0.016634300351142883,
            0.13170799612998962,
            -0.06459580361843109,
            0.9038509726524353,
            -0.42294400930404663,
            -0.019296500831842422,
            0.42261800169944763,
            0.9061020016670227
        ]
    ],
    "ops": [
        [
            0,
            0,
            0,
            0,
            2,
            1,
            1,
            1,
            0,
            0,
            1,
            0,
            0,
            1,
            2,
            1,
            1
        ]
    ],
    "syms": [
        [
            0.0,
            0.999970018863678,
            -0.00047991800238378346,
            0.007682870142161846,
            -0.008451280184090137,
            -0.11075399816036224,
            0.44548699259757996,
            0.0
        ],
        [
            0.0,
            1.0,
            -0.0006315190112218261,
            -0.00010246899910271168,
            -0.012187100015580654,
            0.1993979960680008,
            -0.33640000224113464,
            0.0
        ]
    ],
    "labels:": [
        [
            1,
            3,
            3,
            3,
            0,
            0,
            0,
            0
        ]
    ],
    "obj": 38347,
    "mat_index": 2604,
    "obbs": "N 11\n0.41096 -0.110956 0.44871 -0.0012284 -0.00119004 -0.999999 0.999496 -0.0317098 -0.00119004 -0.0317083 -0.999496 0.0012284 0.168299 0.0522871 0.60099\n-0.427863 -0.110553 0.442265 1 0 0 0 1 0 0 0 1 0.0499 0.598796 0.133066\n0.403981 0.114803 0.0767375 1 0 0 0 1 0 0 0 1 0.199237 0.18458 0.975697\n-0.41119 0.197161 0.0772825 1 0 0 0 1 0 0 0 1 0.199212 0.019863 0.974615\n-0.000877707 -0.286301 0.117688 0.999895 -0.0144475 0.000704011 0.0144475 0.995158 -0.0972216 0.000704011 0.0972216 0.995263 0.810142 0.21622 1.01196\n-0.257613 0.199553 -0.336375 0.992794 0.115812 -0.0307683 -0.0212193 0.422619 0.906059 0.117936 -0.898878 0.422031 0.131323 0.0166344 0.995417\n-0.129542 0.244203 -0.356658 0.997725 0.0666918 -0.00985825 -0.0192965 0.422618 0.906102 0.0645958 -0.903851 0.422944 0.131708 0.0166343 1.09507\n-0.0155619 0.28629 -0.377823 0.99976 0.0184843 0.0117716 -0.0184843 0.422741 0.906062 0.0117716 -0.906062 0.422981 0.129749 0.0168659 1.19303\n0.106018 0.243286 -0.357468 -0.999013 0.0278919 -0.034571 -0.0195564 0.422618 0.906097 0.0398831 0.905878 -0.421656 0.130853 0.0166344 1.09493\n0.233239 0.199243 -0.336426 -0.99563 0.0733357 -0.0578216 -0.0214904 0.422618 0.906053 0.0908825 0.903336 -0.419195 0.130467 0.0166343 0.995284\n-0.0058395 0.197161 -0.394995 1 0 0 0 1 0 0 0 1 0.893257 0.019863 0.098807\nC 31\n0 4\n0 2\n1 3\n1 4\n2 8\n2 4\n2 9\n2 10\n3 7\n3 10\n3 6\n3 5\n4 7\n4 8\n4 9\n4 5\n4 6\n5 6\n5 8\n5 10\n5 7\n6 9\n6 7\n6 10\n6 8\n7 10\n7 9\n7 8\n8 9\n8 10\n9 10\nS 3\n2\n0 0.41096 -0.110956 0.44871\n1 -0.427863 -0.110553 0.442265\n2\n-0.00845128 -0.110754 0.445487\n-0.99997 0.000479918 -0.00768287\n2\n5 -0.257613 0.199553 -0.336375\n9 0.233239 0.199243 -0.336426\n2\n-0.0121871 0.199398 -0.3364\n1 -0.000631519 -0.000102469\n2\n6 -0.129542 0.244203 -0.356658\n8 0.106018 0.243286 -0.357468\n2\n-0.0117616 0.243745 -0.357063\n0.999987 -0.0038928 -0.00343795\nL 11\n3\n3\n3\n3\n1\n0\n0\n0\n0\n0\n0"
}