{
    "boxes": [
        [
            0.018106000497937202,
            -0.13394500315189362,
            0.2262990027666092,
            0.2591649889945984,
            1.16798996925354,
            0.8780779838562012,
            0.013670500367879868,
            0.990913987159729,
            -0.13380099833011627,
            0.000918738020118326,
            0.13380099833011627,
            0.9910079836845398
        ],
        [
            -0.42972099781036377,
            -0.011223999783396721,
            0.1561879962682724,
            0.6055359840393066,
            1.0849599838256836,
            0.03581799939274788,
            0.0,
            1.0,
            0.0,
            0.0,
            0.0,
            1.0
        ],
        [
            0.4647749960422516,
            0.2534880042076111,
            0.1097870022058487,
            0.09273979812860489,
            0.7247260212898254,
            0.03313170000910759,
            0.008406500332057476,
            0.9932540059089661,
            0.11565700173377991,
            -0.012148399837315083,
            -0.11555100232362747,
            0.9932270050048828
        ],
        [
            0.020179999992251396,
            -0.5314080119132996,
            -0.513260006904602,
            0.03535199910402298,
            0.12562599778175354,
            0.8800879716873169,
            0.0,
            1.0,
            0.0,
            0.0,
            0.0,
            1.0
        ],
        [
            -0.42958199977874756,
            -0.37435901165008545,
            0.7268779873847961,
            0.3265010118484497,
            0.1113710030913353,
            0.03647330030798912,
            0.0002486750017851591,
            0.9991139769554138,
            0.04207820072770119,
            0.010267400182783604,
            -0.042078498750925064,
            0.9990620017051697
        ],
        [
            -0.42454999685287476,
            -0.5265330076217651,
            0.0887724980711937,
            0.04548199847340584,
            1.1946699619293213,
            0.046170998364686966,
            0.0,
            1.0,
            0.0,
            0.0,
            0.0,
            1.0
        ],
        [
            0.02041120082139969,
            0.3285529911518097,
            -0.39157700538635254,
            0.9153239727020264,
            0.21228399872779846,
            0.8809729814529419,
            -0.0005508249741978943,
            0.9647409915924072,
            -0.2632020115852356,
            -0.0007212330237962306,
            0.2632020115852356,
            0.9647409915924072
        ]
    ],
    "ops": [
        [
            0,
            0,
            0,
            1,
            2,
            1,
            0,
            0,
            0,
            1,
            2,
            1,
            1,
            0,
            1
        ]
    ],
    "syms": [
        [
            0.0,
            0.9999449849128723,
            0.0012031899532303214,
            0.010374999605119228,
            0.01719300076365471,
            -0.010686200112104416,
            0.1608249992132187,
            0.0
        ],
        [
            0.0,
            0.999908983707428,
            -0.01339459978044033,
            -0.0016643400304019451,
            0.01747809909284115,
            -0.38034799695014954,
            0.7261340022087097,
            0.0
        ]
    ],
    "labels:": [
        [
            1,
            3,
            3,
            2,
            2,
            2,
            0
        ]
    ],
    "obj": 38363,
    "mat_index": 2614,
    "obbs": "N 11\n0.0204112 0.328553 -0.391577 1 0.000721233 0.000550825 -0.000721233 0.263202 0.964741 0.000550825 -0.964741 0.263202 0.880973 0.212284 0.915324\n0.464107 -0.0101485 0.165462 1 0 0 0 1 0 0 0 1 0.035838 0.603535 1.10536\n-0.429721 -0.011224 0.156188 1 0 0 0 1 0 0 0 1 0.035818 0.605536 1.08496\n0.018106 -0.133945 0.226299 0.999906 -0.0136705 0.000918738 0.0136705 0.990914 -0.133801 0.000918738 0.133801 0.991008 0.878078 0.259165 1.16799\n0.464775 0.253488 0.109787 -0.0084065 -0.993254 -0.115657 0.999891 -0.00975462 0.0110951 -0.0121484 -0.115551 0.993227 0.0927398 0.0331317 0.724726\n-0.431004 0.252031 0.127306 -0.0186615 -0.993286 -0.114171 0.999757 -0.0198767 0.00951433 -0.0117198 -0.113965 0.993416 0.0918795 0.032579 0.724745\n0.464538 -0.386337 0.72539 -0.00696556 -0.979385 -0.201885 0.999964 -0.0058508 -0.00611796 0.00481065 -0.20192 0.97939 0.344851 0.0367603 0.117511\n-0.429582 -0.374359 0.726878 -0.000248675 -0.999114 -0.0420782 0.999947 0.00018359 -0.0102687 0.0102674 -0.0420785 0.999062 0.326501 0.0364733 0.111371\n0.02018 -0.531408 -0.51326 1 0 0 0 1 0 0 0 1 0.880088 0.035352 0.125626\n0.454132 -0.528967 0.082814 1 0 0 0 1 0 0 0 1 0.055623 0.040606 1.1571\n-0.42455 -0.526533 0.0887725 1 0 0 0 1 0 0 0 1 0.046171 0.045482 1.19467\nC 26\n0 3\n0 4\n0 5\n0 1\n0 2\n1 3\n1 6\n1 4\n1 9\n1 8\n2 8\n2 5\n2 10\n2 3\n2 7\n3 7\n3 10\n3 6\n3 9\n3 5\n3 8\n3 4\n6 9\n7 10\n8 9\n8 10\nS 4\n2\n1 0.464107 -0.0101485 0.165462\n2 -0.429721 -0.011224 0.156188\n2\n0.017193 -0.0106862 0.160825\n-0.999945 -0.00120319 -0.010375\n2\n4 0.464775 0.253488 0.109787\n5 -0.431004 0.252031 0.127306\n2\n0.0168856 0.252759 0.118546\n-0.999807 -0.00162619 0.0195536\n2\n6 0.464538 -0.386337 0.72539\n7 -0.429582 -0.374359 0.726878\n2\n0.0174781 -0.380348 0.726134\n-0.999909 0.0133946 0.00166434\n2\n9 0.454132 -0.528967 0.082814\n10 -0.42455 -0.526533 0.0887725\n2\n0.0147905 -0.52775 0.0857932\n-0.999973 0.00276998 0.006781\nL 11\n0\n3\n3\n1\n3\n3\n2\n2\n2\n2\n2"
}