{
    "boxes": [
        [
            -0.0017839999636635184,
            -0.1007630005478859,
            0.08740700036287308,
            0.15176700055599213,
            0.6425439715385437,
            0.7886559963226318,
            0.0,
            1.0,
            0.0,
            0.0,
            0.0,
            1.0
        ],
        [
            0.3805679976940155,
            -0.48724400997161865,
            -0.22460000216960907,
            0.6759009957313538,
            0.09099429845809937,
            0.08516599982976913,
            -0.09564980119466782,
            0.9932810068130493,
            0.06514520198106766,
            0.6805319786071777,
            0.017490899190306664,
            0.7325090169906616
        ],
        [
            -0.38401299715042114,
            -0.490325003862381,
            -0.22620199620723724,
            0.669713020324707,
            0.07954800128936768,
            0.09130749851465225,
            0.10906200110912323,
            0.9920579791069031,
            0.06266260147094727,
            0.4224889874458313,
            -0.10332299768924713,
            0.9004589915275574
        ],
        [
            -0.0018360000103712082,
            0.7690879702568054,
            -0.217071995139122,
            0.17843900620937347,
            0.031286999583244324,
            0.9818919897079468,
            0.0,
            1.0,
            0.0,
            0.0,
            0.0,
            1.0
        ],
        [
            -0.3704659938812256,
            0.291595995426178,
            -0.21174000203609467,
            0.8001689910888672,
            0.04562319815158844,
            0.11265899986028671,
            -0.08392269909381866,
            0.9964630007743835,
            0.0042450400069355965,
            0.020626800134778023,
            -0.0025219900999218225,
            0.999783992767334
        ],
        [
            -0.1306380033493042,
            0.29663199186325073,
            -0.21170100569725037,
            0.7816200256347656,
            0.04202700033783913,
            0.22165100276470184,
            0.0,
            1.0,
            0.0,
            0.0,
            0.0,
            1.0
        ]
    ],
    "ops": [
        [
            0,
            0,
            0,
            1,
            2,
            1,
            0,
            0,
            0,
            1,
            2,
            1,
            1
        ]
    ],
    "syms": [
        [
            0.0,
            -0.0069145699962973595,
            -0.007731980178505182,
            0.9999459981918335,
            0.37841200828552246,
            -0.489656001329422,
            0.08726640045642853,
            0.0
        ],
        [
            0.0,
            0.9999849796295166,
            -0.001631080056540668,
            0.005191260017454624,
            -0.010038199834525585,
            0.29100799560546875,
            -0.20986899733543396,
            0.0
        ]
    ],
    "labels:": [
        [
            1,
            2,
            2,
            0,
            0,
            0
        ]
    ],
    "obj": 38406,
    "mat_index": 2642,
    "obbs": "N 10\n-0.001836 0.769088 -0.217072 1 0 0 0 1 0 0 0 1 0.981892 0.178439 0.031287\n-0.001784 -0.100763 0.087407 1 0 0 0 1 0 0 0 1 0.788656 0.151767 0.642544\n0.35039 0.290421 -0.207998 -0.987398 0.0654159 -0.144106 -0.143458 0.0145154 0.98955 0.066824 0.997753 -0.00494802 0.139992 0.0657645 0.800642\n0.133999 0.294628 -0.211726 1 0 0 0 1 0 0 0 1 0.208065 0.811569 0.041978\n-0.370466 0.291596 -0.21174 0.996259 0.0839921 -0.0203422 0.0206268 -0.00252199 0.999784 0.0839227 -0.996463 -0.00424504 0.112659 0.0456232 0.800169\n-0.130638 0.296632 -0.211701 1 0 0 0 1 0 0 0 1 0.221651 0.78162 0.042027\n0.380568 -0.487244 -0.2246 0.0956498 -0.993281 -0.0651452 0.726448 0.114398 -0.677633 0.680532 0.0174909 0.732509 0.675901 0.085166 0.0909943\n0.376255 -0.492067 0.399133 -0.060351 0.994308 -0.087798 0.886322 0.0938376 0.453463 0.459121 -0.0504504 -0.88694 0.664704 0.0844524 0.0885397\n-0.384949 -0.489534 0.390058 0.0968183 0.993487 -0.0600866 -0.638455 0.108306 0.762 0.763545 -0.035413 0.644783 0.670849 0.0861056 0.0952568\n-0.384013 -0.490325 -0.226202 0.109062 0.992058 0.0626626 0.422489 -0.103323 0.900459 0.899782 -0.0717317 -0.430402 0.669713 0.079548 0.0913075\nC 19\n0 5\n0 4\n0 3\n0 2\n1 2\n1 3\n1 4\n1 5\n1 8\n1 6\n1 9\n1 7\n2 6\n2 3\n3 5\n3 6\n4 9\n4 5\n5 9\nS 4\n2\n4 -0.370466 0.291596 -0.21174\n2 0.35039 0.290421 -0.207998\n2\n-0.0100382 0.291008 -0.209869\n0.999985 -0.00163108 0.00519126\n2\n5 -0.130638 0.296632 -0.211701\n3 0.133999 0.294628 -0.211726\n2\n0.001681 0.29563 -0.211714\n0.999971 -0.00757431 -9.2577e-05\n2\n6 0.380568 -0.487244 -0.2246\n7 0.376255 -0.492067 0.399133\n2\n0.378412 -0.489656 0.0872664\n-0.00691457 -0.00773198 0.999946\n2\n8 -0.384949 -0.489534 0.390058\n9 -0.384013 -0.490325 -0.226202\n2\n-0.384481 -0.489929 0.081928\n0.00151956 -0.00128382 -0.999998\nL 10\n0\n1\n0\n0\n0\n0\n2\n2\n2\n2"
}