{
    "boxes": [
        [
            0.0023870000150054693,
            -0.08328650146722794,
            0.16420799493789673,
            0.16463099420070648,
            0.7912600040435791,
            0.9028339982032776,
            0.0,
            1.0,
            0.0,
            0.0,
            0.0,
            1.0
        ],
        [
            0.4198009967803955,
            0.23924900591373444,
            -0.011369500309228897,
            0.07648660242557526,
            0.5433679819107056,
            0.040966399013996124,
            0.05224119871854782,
            0.9984040260314941,
            -0.02145720086991787,
            0.12029500305652618,
            0.015038600191473961,
            0.9926239848136902
        ],
        [
            0.4613020122051239,
            0.06304570287466049,
            0.32281801104545593,
            0.38837599754333496,
            0.051822301000356674,
            0.05115969851613045,
            -0.026998700574040413,
            0.898177981376648,
            -0.43880200386047363,
            0.5125629901885986,
            0.3893040120601654,
            0.7653239965438843
        ],
        [
            -0.4170129895210266,
            0.25105199217796326,
            -0.02646690048277378,
            0.07990379631519318,
            0.4404259920120239,
            0.06963130086660385,
            0.02969609946012497,
            0.9946950078010559,
            -0.09848760068416595,
            -0.1054759994149208,
            0.10109899938106537,
            0.9892690181732178
        ],
        [
            -0.00665850006043911,
            -0.8023959994316101,
            -0.36394599080085754,
            0.041873998939991,
            0.1066339984536171,
            0.7941409945487976,
            0.0,
            1.0,
            0.0,
            0.0,
            0.0,
            1.0
        ],
        [
            0.45935699343681335,
            -0.4830720126628876,
            0.42290300130844116,
            0.7534130215644836,
            0.27969300746917725,
            0.057581301778554916,
            0.11342299729585648,
            0.9750329852104187,
            0.19090700149536133,
            0.33149901032447815,
            -0.21827499568462372,
            0.9178590178489685
        ],
        [
            0.38104701042175293,
            -0.8035190105438232,
            -0.049272000789642334,
            0.03921699896454811,
            0.5826280117034912,
            0.0499269999563694,
            0.0,
            1.0,
            0.0,
            0.0,
            0.0,
            1.0
        ],
        [
            -0.001225590007379651,
            0.26980599761009216,
            -0.31515899300575256,
            0.8526679873466492,
            0.16727499663829803,
            0.9094629883766174,
            0.006210640072822571,
            0.9540209770202637,
            -0.29967498779296875,
            0.00846047978848219,
            0.29962000250816345,
            0.9540209770202637
        ]
    ],
    "ops": [
        [
            0,
            0,
            0,
            0,
            1,
            1,
            2,
            1,
            0,
            0,
            0,
            1,
            2,
            1,
            1,
            0,
            1
        ]
    ],
    "syms": [
        [
            0.0,
            0.9999399781227112,
            -0.004424749873578548,
            -0.009981820359826088,
            2.667909939191304e-05,
            0.2411070019006729,
            -0.007179160136729479,
            0.0
        ],
        [
            0.0,
            0.9998800158500671,
            0.004546849988400936,
            -0.014805800281465054,
            0.0013443599455058575,
            -0.48515498638153076,
            0.42968499660491943,
            0.0
        ]
    ],
    "labels:": [
        [
            1,
            3,
            3,
            3,
            2,
            2,
            2,
            0
        ]
    ],
    "obj": 38413,
    "mat_index": 2647,
    "obbs": "N 13\n-0.00122559 0.269806 -0.315159 0.999945 -0.00846048 -0.00621064 0.00846048 0.29962 0.954021 -0.00621064 -0.954021 0.299675 0.909463 0.167275 0.852668\n0.002387 -0.0832865 0.164208 1 0 0 0 1 0 0 0 1 0.902834 0.164631 0.79126\n0.461302 0.0630457 0.322818 -0.0269987 0.898178 -0.438802 0.512563 0.389304 0.765324 0.858225 -0.204251 -0.470883 0.388376 0.0518223 0.0511597\n-0.456048 0.0599094 0.335554 0.0547423 0.90749 -0.416492 -0.465786 0.392161 0.793255 0.883203 0.150571 0.444164 0.372495 0.0472873 0.0467954\n0.417064 0.248119 -0.0328703 0.0208381 -0.997508 0.0674036 0.992507 0.0125209 -0.121542 0.120395 0.0694312 0.990295 0.0776633 0.0696305 0.441124\n0.419801 0.239249 -0.0113695 -0.0522412 -0.998404 0.0214572 0.991363 -0.0544371 -0.119318 0.120295 0.0150386 0.992624 0.0764866 0.0409664 0.543368\n-0.417013 0.251052 -0.0264669 0.0296961 0.994695 -0.0984876 0.993978 -0.0189894 0.107919 0.105476 -0.101099 -0.989269 0.0799038 0.0696313 0.440426\n-0.419747 0.242964 -0.0029888 0.106586 0.00204259 -0.994301 0.994223 -0.0129573 0.106551 -0.0126658 -0.999914 -0.00341185 0.548908 0.0400098 0.0765548\n0.459357 -0.483072 0.422903 -0.113423 -0.975033 -0.190907 0.936613 -0.0408209 -0.34798 0.331499 -0.218275 0.917859 0.753413 0.0575813 0.279693\n-0.456668 -0.487238 0.436467 -0.104231 0.971746 0.211769 0.941926 0.0281051 0.334642 0.319235 0.234351 -0.918242 0.746925 0.0574022 0.272273\n-0.390232 -0.800841 -0.032813 1 0 0 0 1 0 0 0 1 0.043156 0.038765 0.596792\n0.381047 -0.803519 -0.049272 1 0 0 0 1 0 0 0 1 0.049927 0.039217 0.582628\n-0.0066585 -0.802396 -0.363946 1 0 0 0 1 0 0 0 1 0.794141 0.041874 0.106634\nC 25\n0 7\n0 4\n0 5\n0 1\n0 6\n1 3\n1 6\n1 2\n1 5\n1 4\n1 9\n1 8\n1 7\n2 8\n2 5\n2 4\n3 7\n3 6\n3 9\n4 5\n6 7\n8 11\n9 10\n10 12\n11 12\nS 5\n2\n2 0.461302 0.0630457 0.322818\n3 -0.456048 0.0599094 0.335554\n2\n0.00262726 0.0614775 0.329186\n-0.999898 -0.00341853 0.0138824\n2\n4 0.417064 0.248119 -0.0328703\n6 -0.417013 0.251052 -0.0264669\n2\n2.52852e-05 0.249586 -0.0296686\n-0.999964 0.00351724 0.00767695\n2\n5 0.419801 0.239249 -0.0113695\n7 -0.419747 0.242964 -0.0029888\n2\n2.66791e-05 0.241107 -0.00717916\n-0.99994 0.00442475 0.00998182\n2\n8 0.459357 -0.483072 0.422903\n9 -0.456668 -0.487238 0.436467\n2\n0.00134436 -0.485155 0.429685\n-0.99988 -0.00454685 0.0148058\n2\n10 -0.390232 -0.800841 -0.032813\n11 0.381047 -0.803519 -0.049272\n2\n-0.00459225 -0.80218 -0.0410425\n0.999766 -0.00347004 -0.0213349\nL 13\n0\n1\n3\n3\n3\n3\n3\n3\n2\n2\n2\n2\n2"
}