{
    "boxes": [
        [
            0.0017890000017359853,
            -0.20436899363994598,
            0.15816199779510498,
            0.18126000463962555,
            0.8041229844093323,
            0.6153600215911865,
            0.0,
            1.0,
            0.0,
            0.0,
            0.0,
            1.0
        ],
        [
            -0.2423509955406189,
            -0.5323619842529297,
            -0.23766300082206726,
            0.5573909878730774,
            0.10617200285196304,
            0.09319800138473511,
            -2.1719200610977062e-16,
            0.9781479835510254,
            0.20791199803352356,
            4.616570106658067e-17,
            -0.20791199803352356,
            0.9781479835510254
        ],
        [
            -0.24965399503707886,
            -0.5481529831886292,
            0.5128170251846313,
            0.556335985660553,
            0.1063690036535263,
            0.0931989997625351,
            -3.262540096345438e-16,
            0.9876880049705505,
            -0.15643399953842163,
            6.404799925993989e-16,
            0.15643399953842163,
            0.9876880049705505
        ],
        [
            0.001885910052806139,
            0.305307000875473,
            -0.2011670023202896,
            1.1932499408721924,
            0.1945050060749054,
            0.6196110248565674,
            0.0037678400985896587,
            0.9989759922027588,
            -0.04509289935231209,
            0.003941730130463839,
            0.04507799819111824,
            0.9989759922027588
        ]
    ],
    "ops": [
        [
            0,
            0,
            0,
            1,
            2,
            1,
            0,
            1
        ]
    ],
    "syms": [
        [
            0.0,
            1.0,
            0.0,
            0.0,
            0.006823250092566013,
            -0.5323619842529297,
            -0.23766300082206726,
            0.0
        ]
    ],
    "labels:": [
        [
            1,
            2,
            2,
            0
        ]
    ],
    "obj": 38426,
    "mat_index": 2657,
    "obbs": "N 6\n0.00188591 0.305307 -0.201167 0.999985 -0.00394173 -0.00376784 0.00394173 0.045078 0.998976 -0.00376784 -0.998976 0.0450929 0.619611 0.194505 1.19325\n0.001789 -0.204369 0.158162 1 0 0 0 1 0 0 0 1 0.61536 0.18126 0.804123\n-0.242351 -0.532362 -0.237663 2.17192e-16 -0.978148 -0.207912 1 2.22045e-16 0 4.61657e-17 -0.207912 0.978148 0.557391 0.093198 0.106172\n0.255998 -0.532362 -0.237663 2.17192e-16 -0.978148 -0.207912 1 2.22045e-16 0 4.61657e-17 -0.207912 0.978148 0.557391 0.093199 0.106172\n0.255998 -0.548153 0.512817 -2.19311e-16 0.987688 -0.156434 1 2.22045e-16 0 3.47354e-17 -0.156434 -0.987688 0.556336 0.093199 0.106369\n-0.249654 -0.548153 0.512817 -6.4048e-16 -0.156434 -0.987688 1 2.22045e-16 -6.83632e-16 3.26254e-16 -0.987688 0.156434 0.106369 0.093199 0.556336\nC 7\n0 1\n0 3\n0 2\n1 2\n1 3\n1 4\n1 5\nS 2\n2\n2 -0.242351 -0.532362 -0.237663\n3 0.255998 -0.532362 -0.237663\n2\n0.00682325 -0.532362 -0.237663\n1 0 0\n2\n4 0.255998 -0.548153 0.512817\n5 -0.249654 -0.548153 0.512817\n2\n0.0031715 -0.548153 0.512817\n-1 0 4.39125e-16\nL 6\n0\n1\n2\n2\n2\n2"
}