{
    "boxes": [
        [
            0.002743530087172985,
            0.010127999819815159,
            0.14966200292110443,
            0.12111499905586243,
            0.7446439862251282,
            0.7977240085601807,
            0.009474660269916058,
            0.9967820048332214,
            -0.07960259914398193,
            0.0003777109959628433,
            0.07960259914398193,
            0.9968270063400269
        ],
        [
            0.30372899770736694,
            -0.40682798624038696,
            -0.16442400217056274,
            0.811493992805481,
            0.11800599843263626,
            0.14144399762153625,
            -0.13505400717258453,
            0.9656929969787598,
            0.22180399298667908,
            0.05918009951710701,
            -0.21559399366378784,
            0.9746879935264587
        ],
        [
            -0.3017300069332123,
            -0.4037579894065857,
            -0.17984600365161896,
            0.8094599843025208,
            0.13531899452209473,
            0.1575240045785904,
            0.1343510001897812,
            0.960781991481781,
            0.24258700013160706,
            0.6077669858932495,
            -0.2732490003108978,
            0.7456240057945251
        ],
        [
            -0.33471500873565674,
            -0.39521199464797974,
            0.39683499932289124,
            0.8177869915962219,
            0.16813799738883972,
            0.1965630054473877,
            0.22061599791049957,
            0.9688599705696106,
            -0.11242499947547913,
            -0.616532027721405,
            0.22784000635147095,
            0.7536429762840271
        ],
        [
            0.01585559919476509,
            0.27702799439430237,
            -0.241798996925354,
            0.6377589702606201,
            0.14718300104141235,
            0.796763002872467,
            0.04838800057768822,
            0.9749220013618469,
            -0.21722400188446045,
            -0.0049311500042676926,
            0.2177090048789978,
            0.9760010242462158
        ]
    ],
    "ops": [
        [
            0,
            0,
            0,
            0,
            2,
            1,
            1,
            1,
            0,
            1
        ]
    ],
    "syms": [
        [
            0.0,
            0.9998599886894226,
            0.00033676999737508595,
            0.016734600067138672,
            0.007976369932293892,
            -0.3950960040092468,
            0.4025709927082062,
            0.0
        ]
    ],
    "labels:": [
        [
            1,
            2,
            2,
            2,
            0
        ]
    ],
    "obj": 2438,
    "mat_index": 266,
    "obbs": "N 6\n0.0158556 0.277028 -0.241799 -0.998816 0.0461556 -0.015342 -0.00493115 0.217709 0.976001 0.048388 0.974922 -0.217224 0.796763 0.147183 0.637759\n0.00274353 0.010128 0.149662 -0.000377711 -0.0796026 -0.996827 0.00947466 0.996782 -0.0796026 0.999955 -0.00947466 0.000377711 0.744644 0.121115 0.797724\n-0.30173 -0.403758 -0.179846 0.782668 0.0472611 -0.620642 0.607767 -0.273249 0.745624 -0.134351 -0.960782 -0.242587 0.157524 0.135319 0.80946\n0.303729 -0.406828 -0.164424 0.989069 0.144762 -0.028033 0.0591801 -0.215594 0.974688 0.135054 -0.965693 -0.221804 0.141444 0.118006 0.811494\n0.350668 -0.394981 0.408306 -0.238666 0.962327 -0.130254 0.327518 0.206038 0.922107 0.914205 0.177415 -0.364353 0.80998 0.16357 0.158842\n-0.334715 -0.395212 0.396835 0.220616 0.96886 -0.112425 -0.616532 0.22784 0.753643 0.755789 -0.0969522 0.647598 0.817787 0.168138 0.196563\nC 8\n0 1\n0 3\n0 2\n1 2\n1 3\n1 4\n1 5\n2 5\nS 1\n2\n4 0.350668 -0.394981 0.408306\n5 -0.334715 -0.395212 0.396835\n2\n0.00797637 -0.395096 0.402571\n-0.99986 -0.00033677 -0.0167346\nL 6\n0\n1\n2\n2\n2\n2"
}