{
    "boxes": [
        [
            0.007028600201010704,
            -0.10151000320911407,
            0.1441500037908554,
            0.12957000732421875,
            0.7099689841270447,
            0.791700005531311,
            -0.0010564100230112672,
            0.9999979734420776,
            0.001590200001373887,
            8.399550210924644e-07,
            -0.001590200001373887,
            0.9999989867210388
        ],
        [
            -0.3640710115432739,
            -0.45093798637390137,
            -0.2252490073442459,
            0.662634015083313,
            0.05821000039577484,
            0.05413639917969704,
            0.007119049783796072,
            0.9933000206947327,
            0.11534599959850311,
            0.006340050138533115,
            -0.11539199948310852,
            0.9933000206947327
        ],
        [
            -0.3573929965496063,
            -0.4572190046310425,
            0.4771389961242676,
            0.6425909996032715,
            0.0438539981842041,
            0.06264299899339676,
            0.0,
            1.0,
            0.0,
            0.0,
            0.0,
            1.0
        ],
        [
            0.006996090058237314,
            0.25400999188423157,
            -0.23451100289821625,
            0.6956300139427185,
            0.05606430023908615,
            0.7928580045700073,
            -0.0021472598891705275,
            0.9679219722747803,
            -0.25123998522758484,
            -0.0027757599018514156,
            0.2512339949607849,
            0.9679219722747803
        ]
    ],
    "ops": [
        [
            0,
            0,
            0,
            1,
            2,
            1,
            0,
            1
        ]
    ],
    "syms": [
        [
            0.0,
            0.9999939799308777,
            -0.0035335500724613667,
            0.0006751629989594221,
            0.0068872300907969475,
            -0.4522489905357361,
            -0.22499799728393555,
            0.0
        ]
    ],
    "labels:": [
        [
            1,
            2,
            2,
            0
        ]
    ],
    "obj": 38434,
    "mat_index": 2662,
    "obbs": "N 6\n0.00699609 0.25401 -0.234511 -0.00214726 0.967922 -0.25124 -0.00277576 0.251234 0.967922 0.999994 0.00277576 0.00214726 0.69563 0.0560643 0.792858\n0.0070286 -0.10151 0.14415 -8.39955e-07 0.0015902 -0.999999 -0.00105641 0.999998 0.0015902 0.999999 0.00105641 8.39955e-07 0.709969 0.12957 0.7917\n0.377845 -0.45356 -0.224748 0.999814 0.0128453 0.0144002 -0.0128453 -0.113852 0.993415 0.0144002 -0.993415 -0.113666 0.0596693 0.0608319 0.657525\n0.381707 -0.457311 0.479676 1 0 0 0 1 0 0 0 1 0.042231 0.642392 0.038761\n-0.357393 -0.457219 0.477139 1 0 0 0 1 0 0 0 1 0.062643 0.642591 0.043854\n-0.364071 -0.450938 -0.225249 0.00711905 0.9933 0.115346 0.00634005 -0.115392 0.9933 0.999955 -0.00634005 -0.00711905 0.662634 0.05821 0.0541364\nC 7\n0 1\n0 5\n0 2\n1 2\n1 3\n1 4\n1 5\nS 2\n2\n2 0.377845 -0.45356 -0.224748\n5 -0.364071 -0.450938 -0.225249\n2\n0.00688723 -0.452249 -0.224998\n-0.999994 0.00353355 -0.000675163\n2\n3 0.381707 -0.457311 0.479676\n4 -0.357393 -0.457219 0.477139\n2\n0.012157 -0.457265 0.478407\n-0.999994 0.000125151 -0.00343185\nL 6\n0\n1\n2\n2\n2\n2"
}