{
    "boxes": [
        [
            -0.011945200152695179,
            -0.032909199595451355,
            0.16182099282741547,
            0.10647299885749817,
            0.8152740001678467,
            0.8537330031394958,
            -0.0024073401000350714,
            0.9999330043792725,
            -0.01128540001809597,
            -1.3584300177171826e-05,
            0.01128540001809597,
            0.9999359846115112
        ],
        [
            -0.002420000033453107,
            -0.291702002286911,
            0.4212679862976074,
            0.026784999296069145,
            0.01743900030851364,
            0.7819499969482422,
            0.0,
            1.0,
            0.0,
            0.0,
            0.0,
            1.0
        ],
        [
            -0.4306589961051941,
            -0.7841200232505798,
            0.10251399874687195,
            0.03411269932985306,
            0.8035380244255066,
            0.03833099827170372,
            -0.009552190080285072,
            0.9999539852142334,
            0.0009045900078490376,
            4.320510015531909e-06,
            -0.0009045900078490376,
            1.0
        ],
        [
            -0.43960100412368774,
            -0.7971000075340271,
            0.4192270040512085,
            0.019547000527381897,
            0.09216000139713287,
            0.025805000215768814,
            0.0,
            1.0,
            0.0,
            0.0,
            0.0,
            1.0
        ],
        [
            -0.40972599387168884,
            -0.39285799860954285,
            0.4318520128726959,
            0.814507007598877,
            0.04130670055747032,
            0.03370840102434158,
            0.004875769838690758,
            0.9852610230445862,
            -0.17098799347877502,
            0.36499398946762085,
            0.15744000673294067,
            0.9176009893417358
        ],
        [
            -0.43960100412368774,
            -0.7971000075340271,
            -0.22405199706554413,
            0.019547000527381897,
            0.09216000139713287,
            0.025805000215768814,
            0.0,
            1.0,
            0.0,
            0.0,
            0.0,
            1.0
        ],
        [
            -0.43916499614715576,
            -0.41527000069618225,
            -0.2649509906768799,
            0.748507022857666,
            0.02986449934542179,
            0.036443598568439484,
            0.022182699292898178,
            0.996088981628418,
            0.08552780002355576,
            0.16353599727153778,
            -0.08801180124282837,
            0.9826040267944336
        ],
        [
            -0.002650940092280507,
            0.3519749939441681,
            -0.30004099011421204,
            0.4897249937057495,
            0.14254499971866608,
            0.8553590178489685,
            -0.0022712498903274536,
            0.9751799702644348,
            -0.22140100598335266,
            -0.002844699891284108,
            0.22139400243759155,
            0.9751799702644348
        ],
        [
            -0.43446600437164307,
            0.18697300553321838,
            -0.23213699460029602,
            0.4625360071659088,
            0.055629998445510864,
            0.031241999939084053,
            0.0,
            1.0,
            0.0,
            0.0,
            0.0,
            1.0
        ]
    ],
    "ops": [
        [
            0,
            0,
            0,
            0,
            0,
            1,
            1,
            2,
            1,
            0,
            0,
            1,
            2,
            1,
            1,
            0,
            0,
            2,
            1,
            1
        ]
    ],
    "syms": [
        [
            0.0,
            0.9999849796295166,
            -0.0054896799847483635,
            0.00045576601405628026,
            -0.002323139924556017,
            -0.7864720225334167,
            0.10270900279283524,
            0.0
        ],
        [
            0.0,
            1.0,
            -0.0,
            -0.0,
            -0.0027604999486356974,
            -0.7971000075340271,
            -0.22405199706554413,
            0.0
        ],
        [
            0.0,
            0.9999840259552002,
            -0.0030250600539147854,
            0.004853920079767704,
            -0.0026484800036996603,
            0.1856669932603836,
            -0.2300409972667694,
            0.0
        ]
    ],
    "labels:": [
        [
            1,
            2,
            2,
            2,
            2,
            2,
            2,
            0,
            0
        ]
    ],
    "obj": 38441,
    "mat_index": 2665,
    "obbs": "N 15\n-0.00265094 0.351975 -0.300041 -0.00227125 0.97518 -0.221401 -0.0028447 0.221394 0.97518 0.999993 0.0028447 0.00227125 0.489725 0.142545 0.855359\n-0.0119452 -0.0329092 0.161821 1.35843e-05 -0.0112854 -0.999936 -0.00240734 0.999933 -0.0112854 0.999997 0.00240734 -1.35843e-05 0.815274 0.106473 0.853733\n0.429169 0.18436 -0.227945 0.00250608 -0.999318 0.0368535 0.996015 -0.00079104 -0.0891798 0.0891481 0.0369302 0.995334 0.468655 0.0330297 0.0505649\n-0.434466 0.186973 -0.232137 1 0 0 0 1 0 0 0 1 0.031242 0.462536 0.05563\n-0.00242 -0.291702 0.421268 1 0 0 0 1 0 0 0 1 0.78195 0.026785 0.017439\n0.43408 -0.7971 0.419227 1 0 0 0 1 0 0 0 1 0.025805 0.019547 0.09216\n0.43408 -0.7971 -0.224052 1 0 0 0 1 0 0 0 1 0.025805 0.019547 0.09216\n-0.439601 -0.7971 -0.224052 1 0 0 0 1 0 0 0 1 0.025805 0.019547 0.09216\n-0.439601 -0.7971 0.419227 1 0 0 0 1 0 0 0 1 0.025805 0.019547 0.09216\n-0.439165 -0.41527 -0.264951 0.0221827 0.996089 0.0855278 0.163536 -0.0880118 0.982604 0.986288 -0.00780986 -0.164849 0.748507 0.0298645 0.0364436\n0.43297 -0.413432 -0.263565 -0.00524161 0.99665 0.0816199 -0.243637 -0.0804343 0.966525 0.969852 -0.0148195 0.243243 0.768974 0.0338232 0.0252627\n0.403063 -0.397656 0.436147 0.468396 -0.146287 -0.871324 0.883507 0.082552 0.461085 0.00447893 -0.985792 0.167912 0.0414127 0.0336707 0.811313\n-0.409726 -0.392858 0.431852 -0.00487577 -0.985261 0.170988 0.930997 -0.0668837 -0.358847 0.364994 0.15744 0.917601 0.814507 0.0337084 0.0413067\n0.426013 -0.788823 0.102904 1 0 0 0 1 0 0 0 1 0.036417 0.024206 0.791244\n-0.430659 -0.78412 0.102514 0.999954 0.00955219 4.32051e-06 -0.00955219 0.999954 0.00090459 4.32051e-06 -0.00090459 1 0.038331 0.0341127 0.803538\nC 28\n0 10\n0 3\n0 1\n0 9\n0 2\n1 3\n1 11\n1 2\n1 10\n1 4\n1 9\n1 12\n2 10\n3 9\n4 12\n4 11\n5 13\n5 11\n6 10\n6 13\n7 14\n7 9\n8 14\n8 12\n9 14\n10 13\n11 13\n12 14\nS 6\n2\n2 0.429169 0.18436 -0.227945\n3 -0.434466 0.186973 -0.232137\n2\n-0.00264848 0.185667 -0.230041\n-0.999984 0.00302506 -0.00485392\n2\n5 0.43408 -0.7971 0.419227\n8 -0.439601 -0.7971 0.419227\n2\n-0.0027605 -0.7971 0.419227\n-1 0 0\n2\n6 0.43408 -0.7971 -0.224052\n7 -0.439601 -0.7971 -0.224052\n2\n-0.0027605 -0.7971 -0.224052\n-1 0 0\n2\n9 -0.439165 -0.41527 -0.264951\n10 0.43297 -0.413432 -0.263565\n2\n-0.00309769 -0.414351 -0.264258\n0.999997 0.00210792 0.00159005\n2\n11 0.403063 -0.397656 0.436147\n12 -0.409726 -0.392858 0.431852\n2\n-0.00333189 -0.395257 0.433999\n-0.999969 0.00590294 -0.00528502\n2\n13 0.426013 -0.788823 0.102904\n14 -0.430659 -0.78412 0.102514\n2\n-0.00232314 -0.786472 0.102709\n-0.999985 0.00548968 -0.000455766\nL 15\n0\n1\n0\n0\n2\n2\n2\n2\n2\n2\n2\n2\n2\n2\n2"
}