{
    "boxes": [
        [
            0.01000209990888834,
            -0.09889169782400131,
            0.18082000315189362,
            0.18908600509166718,
            0.9186840057373047,
            0.9200509786605835,
            -0.01536440011113882,
            0.9992390275001526,
            0.03584960103034973,
            0.00027550800587050617,
            -0.03584960103034973,
            0.9993569850921631
        ],
        [
            0.48913899064064026,
            -0.005984719842672348,
            0.14994899928569794,
            0.24682000279426575,
            0.9908199906349182,
            0.40213900804519653,
            -0.5686950087547302,
            0.8188949823379517,
            0.07744079828262329,
            -0.018850799649953842,
            -0.10709799826145172,
            0.9940699934959412
        ],
        [
            0.012891000136733055,
            -0.42108699679374695,
            -0.5080170035362244,
            0.031248999759554863,
            0.1729319989681244,
            0.9215720295906067,
            0.0,
            1.0,
            0.0,
            0.0,
            0.0,
            1.0
        ],
        [
            -0.5461300015449524,
            -0.2058749943971634,
            0.5774490237236023,
            0.44562700390815735,
            0.14087800681591034,
            0.20504899322986603,
            0.01266040001064539,
            0.9989339709281921,
            0.04438909888267517,
            0.012109300121665001,
            -0.044542599469423294,
            0.9989339709281921
        ],
        [
            -0.5336459875106812,
            -0.4062800109386444,
            -0.009160620160400867,
            0.06288210302591324,
            1.2308199405670166,
            0.22524599730968475,
            0.007599540054798126,
            0.9999709725379944,
            -0.001012739958241582,
            3.8482398849737365e-06,
            0.001012739958241582,
            0.9999989867210388
        ],
        [
            0.005022650118917227,
            0.34998399019241333,
            -0.23218600451946259,
            0.7159090042114258,
            0.1026649996638298,
            0.8914219737052917,
            -0.0011664499761536717,
            0.9954550266265869,
            -0.09522590041160583,
            -0.0012833599466830492,
            0.09522440284490585,
            0.9954550266265869
        ],
        [
            0.0024801299441605806,
            0.3292030096054077,
            -0.2529419958591461,
            0.7864440083503723,
            0.1854259967803955,
            1.0269299745559692,
            -0.008635349571704865,
            0.9971929788589478,
            -0.074379101395607,
            -0.009303060360252857,
            0.07429859787225723,
            0.9971929788589478
        ]
    ],
    "ops": [
        [
            0,
            0,
            2,
            1,
            0,
            0,
            0,
            1,
            2,
            1,
            1,
            0,
            0,
            1,
            1
        ]
    ],
    "syms": [
        [
            0.0,
            0.998652994632721,
            -0.05145759880542755,
            -0.006709369830787182,
            0.007903659716248512,
            0.018811900168657303,
            0.1531819999217987,
            0.0
        ],
        [
            0.0,
            0.9999319911003113,
            0.011358399875462055,
            0.0026168599724769592,
            0.004984910134226084,
            -0.1996150016784668,
            0.5788909792900085,
            0.0
        ]
    ],
    "labels:": [
        [
            1,
            3,
            2,
            2,
            2,
            0,
            0
        ]
    ],
    "obj": 38449,
    "mat_index": 2669,
    "obbs": "N 10\n0.00502265 0.349984 -0.232186 -0.00116645 0.995455 -0.0952259 -0.00128336 0.0952244 0.995455 0.999998 0.00128336 0.00116645 0.715909 0.102665 0.891422\n0.0100021 -0.0988917 0.18082 0.999882 0.0153644 0.000275508 -0.0153644 0.999239 0.0358496 0.000275508 -0.0358496 0.999357 0.920051 0.189086 0.918684\n0.489139 -0.00598472 0.149949 0.0188508 0.107098 -0.99407 -0.568695 0.818895 0.0774408 0.822332 0.563863 0.0763428 0.99082 0.24682 0.402139\n-0.473332 0.0436086 0.156415 0.798298 -0.597882 -0.0725045 0.601878 0.796286 0.0605946 0.0215058 -0.0920114 0.995526 0.343264 0.324242 0.991813\n0.00248013 0.329203 -0.252942 0.999919 0.00930306 0.00863535 -0.00930306 0.0742986 0.997193 0.00863535 -0.997193 0.0743791 1.02693 0.185426 0.786444\n-0.54613 -0.205875 0.577449 0.999847 -0.0121093 -0.0126604 0.0121093 -0.0445426 0.998934 -0.0126604 -0.998934 -0.0443891 0.205049 0.140878 0.445627\n0.5561 -0.193355 0.580333 -0.00403862 0.998017 0.0628173 -0.00379238 -0.0628326 0.998017 0.999985 0.00379238 0.00403862 0.434327 0.140352 0.223094\n0.541462 -0.409044 -0.0064365 1 0 0 0 1 0 0 0 1 0.251267 0.055334 1.2359\n0.012891 -0.421087 -0.508017 1 0 0 0 1 0 0 0 1 0.921572 0.031249 0.172932\n-0.533646 -0.40628 -0.00916062 -3.84824e-06 -0.00101274 -0.999999 0.00759954 0.999971 -0.00101274 0.999971 -0.00759954 3.84824e-06 1.23082 0.0628821 0.225246\nC 22\n0 2\n0 3\n0 4\n0 1\n1 3\n1 6\n1 2\n1 5\n1 4\n1 9\n1 7\n2 8\n2 6\n2 7\n2 4\n3 4\n3 9\n3 5\n5 9\n6 7\n7 8\n8 9\nS 3\n2\n2 0.489139 -0.00598472 0.149949\n3 -0.473332 0.0436086 0.156415\n2\n0.00790366 0.0188119 0.153182\n-0.998653 0.0514576 0.00670937\n2\n5 -0.54613 -0.205875 0.577449\n6 0.5561 -0.193355 0.580333\n2\n0.00498491 -0.199615 0.578891\n0.999932 0.0113584 0.00261686\n2\n7 0.541462 -0.409044 -0.0064365\n9 -0.533646 -0.40628 -0.00916062\n2\n0.0039083 -0.407662 -0.00779856\n-0.999993 0.00257066 -0.0025338\nL 10\n0\n1\n3\n3\n0\n2\n2\n2\n2\n2"
}