{
    "boxes": [
        [
            0.007321999873965979,
            0.038001999258995056,
            0.13515500724315643,
            0.3514159917831421,
            0.9136800169944763,
            1.0908000469207764,
            0.0,
            1.0,
            0.0,
            0.0,
            0.0,
            1.0
        ],
        [
            -0.44578999280929565,
            0.32242700457572937,
            0.056819599121809006,
            0.39934200048446655,
            0.5580480098724365,
            0.3651469945907593,
            -0.001595349982380867,
            0.9984819889068604,
            0.05505850166082382,
            -0.10448499768972397,
            -0.05492369830608368,
            0.9930089712142944
        ],
        [
            -0.008964099921286106,
            -0.34053000807762146,
            0.0550169013440609,
            0.5282629728317261,
            0.5775169730186462,
            0.5221099853515625,
            -0.026889199391007423,
            0.9994350075721741,
            0.02016960084438324,
            0.5873709917068481,
            -0.0005299519980326295,
            0.8093180060386658
        ],
        [
            0.017560400068759918,
            -0.5218819975852966,
            -0.3226169943809509,
            0.32422399520874023,
            0.5928850173950195,
            0.351949006319046,
            0.09471769630908966,
            0.8418670296669006,
            -0.5313079953193665,
            0.042731501162052155,
            0.5297769904136658,
            0.8470600247383118
        ],
        [
            -0.0075811599381268024,
            0.5202100276947021,
            -0.1671620011329651,
            0.7358800172805786,
            0.12137699872255325,
            0.722815990447998,
            0.004489770159125328,
            0.9533780217170715,
            -0.3017440140247345,
            0.006130199879407883,
            0.3017149865627289,
            0.9533780217170715
        ],
        [
            0.008923700079321861,
            0.4429680109024048,
            -0.26185598969459534,
            0.9279119968414307,
            0.4700410068035126,
            1.158810019493103,
            0.017057299613952637,
            0.9872999787330627,
            -0.15794600546360016,
            -0.0413970984518528,
            0.15853099524974823,
            0.98648601770401
        ]
    ],
    "ops": [
        [
            0,
            0,
            2,
            1,
            0,
            0,
            2,
            1,
            1,
            0,
            0,
            1,
            1
        ]
    ],
    "syms": [
        [
            0.0,
            0.9994459748268127,
            0.03155960142612457,
            0.0105899004265666,
            -0.0030674398876726627,
            0.33640700578689575,
            0.06151049956679344,
            0.0
        ],
        [
            -1.0,
            -0.009984100237488747,
            0.9991009831428528,
            0.041212599724531174,
            0.002494900021702051,
            -0.5356360077857971,
            0.05030180141329765,
            0.20000000298023224
        ]
    ],
    "labels:": [
        [
            1,
            3,
            2,
            2,
            0,
            0
        ]
    ],
    "obj": 38462,
    "mat_index": 2672,
    "obbs": "N 11\n-0.00758116 0.52021 -0.167162 0.999971 -0.0061302 -0.00448977 0.0061302 0.301715 0.953378 -0.00448977 -0.953378 0.301744 0.722816 0.121377 0.73588\n0.439655 0.350387 0.0662015 1 0 0 0 1 0 0 0 1 0.368292 0.463308 0.558311\n-0.44579 0.322427 0.0568196 -0.994525 0.00416858 -0.104414 -0.00159535 0.998482 0.0550585 0.104485 0.0549237 -0.993009 0.365147 0.399342 0.558048\n-0.0089641 -0.34053 0.0550169 -0.587371 0.000529952 -0.809318 0.808871 0.0336089 -0.587024 0.0268892 -0.999435 -0.0201696 0.577517 0.52211 0.528263\n0.0175604 -0.521882 -0.322617 -0.0427315 -0.529777 -0.84706 0.994587 -0.102935 0.014205 -0.0947177 -0.841867 0.531308 0.592885 0.351949 0.324224\n0.3539 -0.526054 -0.0645486 0.526983 0.849212 -0.0335971 0.22988 -0.104372 0.967606 0.818196 -0.517635 -0.250219 0.323945 0.354217 0.580244\n0.239374 -0.546757 0.365597 -0.177609 -0.874826 -0.450705 0.848682 0.0956897 -0.520175 0.49819 -0.474893 0.725454 0.328965 0.304124 0.489257\n-0.245515 -0.550879 0.351635 -0.396012 0.857068 0.329558 0.73247 0.0784032 0.676269 0.553771 0.509202 -0.658826 0.322663 0.329104 0.490365\n-0.352844 -0.532605 -0.0785576 -0.496406 0.867369 -0.0353863 -0.246107 -0.101525 0.963911 0.832474 0.4872 0.263863 0.332443 0.311339 0.55373\n0.007322 0.038002 0.135155 1 0 0 0 1 0 0 0 1 1.0908 0.351416 0.91368\n0.0089237 0.442968 -0.261856 0.0170573 0.9873 -0.157946 -0.0413971 0.158531 0.986486 0.998997 -0.0102883 0.0435755 0.927912 0.470041 1.15881\nC 32\n0 10\n0 3\n0 1\n0 9\n0 2\n1 3\n1 10\n1 9\n2 9\n2 10\n2 3\n3 7\n3 10\n3 6\n3 9\n3 5\n3 8\n3 4\n4 7\n4 8\n4 9\n4 5\n4 6\n5 9\n5 6\n5 8\n5 7\n6 7\n6 8\n7 8\n8 9\n9 10\nS 2\n2\n1 0.439655 0.350387 0.0662015\n2 -0.44579 0.322427 0.0568196\n2\n-0.00306744 0.336407 0.0615105\n-0.999446 -0.0315596 -0.0105899\n5\n6 0.239374 -0.546757 0.365597\n5 0.3539 -0.526054 -0.0645486\n4 0.0175604 -0.521882 -0.322617\n8 -0.352844 -0.532605 -0.0785576\n7 -0.245515 -0.550879 0.351635\n3\n0.0024949 -0.535636 0.0503018\n0.0099841 -0.999101 -0.0412126\nL 11\n0\n3\n3\n2\n2\n2\n2\n2\n2\n1\n0"
}