{
    "boxes": [
        [
            0.0005014999769628048,
            -0.08811250329017639,
            0.08207900077104568,
            0.13353100419044495,
            0.7819280028343201,
            0.8187249898910522,
            0.0,
            1.0,
            0.0,
            0.0,
            0.0,
            1.0
        ],
        [
            -0.39200299978256226,
            0.27115800976753235,
            0.04766190052032471,
            0.07061690092086792,
            0.7823669910430908,
            0.14576399326324463,
            0.5442289710044861,
            0.8387770056724548,
            0.0163768008351326,
            -0.17916299402713776,
            0.09713269770145416,
            0.9790130257606506
        ],
        [
            -0.42293301224708557,
            0.06576850265264511,
            0.4038020074367523,
            0.41869300603866577,
            0.0633779987692833,
            0.0384799987077713,
            0.0,
            1.0,
            0.0,
            0.0,
            0.0,
            1.0
        ],
        [
            -0.2749980092048645,
            -0.49029698967933655,
            -0.3254829943180084,
            0.6663500070571899,
            0.05847550183534622,
            0.04997200146317482,
            0.04933679848909378,
            0.9904170036315918,
            0.12899699807167053,
            0.35479700565338135,
            -0.1381099969148636,
            0.9246860146522522
        ],
        [
            -0.37303799390792847,
            -0.486966997385025,
            0.43826600909233093,
            0.6641780138015747,
            0.060509998351335526,
            0.06010099872946739,
            0.0,
            1.0,
            0.0,
            0.0,
            0.0,
            1.0
        ],
        [
            -0.2683280110359192,
            0.11117599904537201,
            -0.3130800127983093,
            0.5905619859695435,
            0.07171790301799774,
            0.056593701243400574,
            -0.04061479866504669,
            0.992618978023529,
            -0.11427299678325653,
            0.18875400722026825,
            0.11993099749088287,
            0.9746739864349365
        ],
        [
            0.0005014999769628048,
            0.3615170121192932,
            -0.31150999665260315,
            0.5872520208358765,
            0.10078900307416916,
            0.7192109823226929,
            -3.9555000941327023e-10,
            0.9982510209083557,
            -0.059122100472450256,
            -4.196699932013104e-10,
            0.059122100472450256,
            0.9982510209083557
        ],
        [
            0.0005014999769628048,
            0.35983800888061523,
            -0.3280380070209503,
            0.587261974811554,
            0.084265798330307,
            0.7223870158195496,
            -2.189479930692073e-09,
            0.9979249835014343,
            -0.0643875002861023,
            -2.335299953415415e-09,
            0.0643875002861023,
            0.9979249835014343
        ]
    ],
    "ops": [
        [
            0,
            0,
            0,
            1,
            2,
            1,
            0,
            0,
            1,
            2,
            1,
            0,
            2,
            0,
            0,
            1,
            1,
            1
        ]
    ],
    "syms": [
        [
            0.0,
            0.9999979734420776,
            0.0005639630253426731,
            0.0018730299780145288,
            -0.0019803899340331554,
            0.2713780105113983,
            0.0483924001455307,
            0.0
        ],
        [
            0.0,
            0.9999930262565613,
            -0.0024342599790543318,
            0.0027556600980460644,
            0.0004161509859841317,
            -0.4909670054912567,
            -0.3247239887714386,
            0.0
        ],
        [
            0.0,
            0.9999799728393555,
            -0.006182889919728041,
            0.0009503740002401173,
            0.0014608900528401136,
            0.1095070019364357,
            -0.31282299757003784,
            0.0
        ]
    ],
    "labels:": [
        [
            1,
            3,
            3,
            2,
            2,
            0,
            0,
            0
        ]
    ],
    "obj": 38467,
    "mat_index": 2676,
    "obbs": "N 13\n0.0005015 0.361517 -0.31151 1 4.1967e-10 3.9555e-10 -4.1967e-10 0.0591221 0.998251 3.9555e-10 -0.998251 0.0591221 0.719211 0.100789 0.587252\n0.0005015 -0.0881125 0.082079 1 0 0 0 1 0 0 0 1 0.818725 0.133531 0.781928\n0.388042 0.271598 0.0491229 0.810377 0.550416 -0.200826 -0.557707 0.829704 0.0235532 0.17959 0.0929152 0.979344 0.153185 0.0644145 0.78222\n-0.392003 0.271158 0.0476619 0.179163 -0.0971327 -0.979013 0.544229 0.838777 0.0163768 0.819582 -0.535742 0.20314 0.782367 0.0706169 0.145764\n0.423836 0.0608365 0.404026 1 0 0 0 1 0 0 0 1 0.038876 0.408833 0.064596\n-0.422933 0.0657685 0.403802 1 0 0 0 1 0 0 0 1 0.03848 0.418693 0.063378\n0.0005015 0.359838 -0.328038 1 2.3353e-09 2.18948e-09 -2.3353e-09 0.0643875 0.997925 2.18948e-09 -0.997925 0.0643875 0.722387 0.0842658 0.587262\n0.27583 -0.491638 -0.323965 -0.907136 -0.0133889 -0.420624 -0.415354 -0.132327 0.899983 -0.0677098 0.991116 0.114478 0.0576195 0.0576508 0.664519\n-0.274998 -0.490297 -0.325483 0.933641 0.000146738 -0.358211 0.354797 -0.13811 0.924686 -0.0493368 -0.990417 -0.128997 0.049972 0.0584755 0.66635\n0.374042 -0.486967 0.438266 1 0 0 0 1 0 0 0 1 0.060101 0.664178 0.06051\n-0.373038 -0.486967 0.438266 1 0 0 0 1 0 0 0 1 0.060101 0.664178 0.06051\n-0.268328 0.111176 -0.31308 0.981184 0.0180166 -0.192232 0.188754 0.119931 0.974674 0.0406148 -0.992619 0.114273 0.0565937 0.0717179 0.590562\n0.27125 0.107839 -0.312567 -0.983649 0.0356685 -0.17653 -0.171571 0.112434 0.978735 0.0547581 0.993019 -0.104476 0.0604817 0.0763667 0.598211\nC 33\n0 2\n0 7\n0 3\n0 11\n0 12\n0 8\n0 1\n0 6\n1 3\n1 6\n1 11\n1 2\n1 5\n1 10\n1 4\n1 9\n1 12\n1 8\n1 7\n2 12\n2 6\n2 4\n3 11\n3 6\n3 5\n4 9\n5 10\n6 7\n6 11\n6 12\n6 8\n7 12\n8 11\nS 5\n2\n2 0.388042 0.271598 0.0491229\n3 -0.392003 0.271158 0.0476619\n2\n-0.00198039 0.271378 0.0483924\n-0.999998 -0.000563963 -0.00187303\n2\n4 0.423836 0.0608365 0.404026\n5 -0.422933 0.0657685 0.403802\n2\n0.0004515 0.0633025 0.403914\n-0.999983 0.00582439 -0.00026453\n2\n7 0.27583 -0.491638 -0.323965\n8 -0.274998 -0.490297 -0.325483\n2\n0.000416151 -0.490967 -0.324724\n-0.999993 0.00243426 -0.00275566\n2\n9 0.374042 -0.486967 0.438266\n10 -0.373038 -0.486967 0.438266\n2\n0.0005015 -0.486967 0.438266\n-1 0 0\n2\n11 -0.268328 0.111176 -0.31308\n12 0.27125 0.107839 -0.312567\n2\n0.00146089 0.109507 -0.312823\n0.99998 -0.00618289 0.000950374\nL 13\n0\n1\n3\n3\n3\n3\n0\n2\n2\n2\n2\n0\n0"
}