{
    "boxes": [
        [
            0.0002823919930960983,
            -0.09022379666566849,
            0.12986400723457336,
            0.16571900248527527,
            0.6588519811630249,
            0.7254850268363953,
            -0.0009816749952733517,
            0.9989500045776367,
            0.045805901288986206,
            2.249509998364374e-05,
            -0.045805901288986206,
            0.9989500045776367
        ],
        [
            -0.33245500922203064,
            -0.46604499220848083,
            0.4802910089492798,
            0.6159499883651733,
            0.04222450032830238,
            0.0689781978726387,
            -0.016862399876117706,
            0.9892730116844177,
            -0.14510099589824677,
            0.10156100243330002,
            0.14606599509716034,
            0.9840480089187622
        ],
        [
            -0.38220199942588806,
            -0.40469399094581604,
            -0.23637600243091583,
            0.7548879981040955,
            0.03284920006990433,
            0.04794429987668991,
            -0.004306939896196127,
            0.964148998260498,
            0.26532500982284546,
            -0.04316530004143715,
            -0.2652600109577179,
            0.9632099866867065
        ],
        [
            0.00030876201344653964,
            0.26020801067352295,
            -0.22273799777030945,
            0.6069089770317078,
            0.05488650128245354,
            0.7254310250282288,
            0.0005100609851069748,
            0.9933630228042603,
            -0.11501599848270416,
            0.0005725250230170786,
            0.11501599848270416,
            0.9933630228042603
        ]
    ],
    "ops": [
        [
            0,
            0,
            0,
            1,
            2,
            1,
            0,
            1
        ]
    ],
    "syms": [
        [
            0.0,
            0.9999510049819946,
            0.009899959899485111,
            -0.0006672600284218788,
            0.0018298999639227986,
            -0.46273601055145264,
            0.48006701469421387,
            0.0
        ]
    ],
    "labels:": [
        [
            1,
            2,
            2,
            0
        ]
    ],
    "obj": 38482,
    "mat_index": 2684,
    "obbs": "N 6\n0.000308762 0.260208 -0.222738 1 -0.000572525 -0.000510061 0.000572525 0.115016 0.993363 -0.000510061 -0.993363 0.115016 0.725431 0.0548865 0.606909\n0.000282392 -0.0902238 0.129864 1 0.000981675 2.24951e-05 -0.000981675 0.99895 0.0458059 2.24951e-05 -0.0458059 0.99895 0.725485 0.165719 0.658852\n-0.332455 -0.466045 0.480291 0.994686 0.00185684 -0.102934 0.101561 0.146066 0.984048 0.0168624 -0.989273 0.145101 0.0689782 0.0422245 0.61595\n0.336115 -0.459426 0.479844 -0.975475 -0.0139234 -0.219669 -0.219377 0.142904 0.965118 0.0179539 0.989639 -0.142454 0.062626 0.0460535 0.628391\n0.382707 -0.404694 -0.236376 0.999058 0.00729682 -0.0427702 0.0431729 -0.265259 0.96321 -0.00431682 -0.964149 -0.265325 0.0479519 0.0328494 0.754888\n-0.382202 -0.404694 -0.236376 -0.00430694 0.964149 0.265325 -0.0431653 -0.26526 0.96321 0.999059 -0.00730435 0.0427603 0.754888 0.0328492 0.0479443\nC 7\n0 1\n0 5\n0 4\n1 2\n1 3\n1 4\n1 5\nS 2\n2\n2 -0.332455 -0.466045 0.480291\n3 0.336115 -0.459426 0.479844\n2\n0.0018299 -0.462736 0.480067\n0.999951 0.00989996 -0.00066726\n2\n4 0.382707 -0.404694 -0.236376\n5 -0.382202 -0.404694 -0.236376\n2\n0.000252469 -0.404694 -0.236376\n-1 -9.86385e-08 6.28309e-08\nL 6\n0\n1\n2\n2\n2\n2"
}