{
    "boxes": [
        [
            -0.008185500279068947,
            -0.16165399551391602,
            0.2098730057477951,
            0.20187899470329285,
            1.2006200551986694,
            0.9353330135345459,
            0.0,
            1.0,
            0.0,
            0.0,
            0.0,
            1.0
        ],
        [
            -0.5097090005874634,
            0.17482900619506836,
            0.1592479944229126,
            0.10963399708271027,
            1.211459994316101,
            0.09552109986543655,
            -0.031160200014710426,
            0.9601590037345886,
            0.27771100401878357,
            0.004414699971675873,
            -0.27771100401878357,
            0.9606549739837646
        ],
        [
            -0.5083900094032288,
            -0.12962700426578522,
            0.7360810041427612,
            0.26166099309921265,
            0.08960200101137161,
            0.10243099927902222,
            -0.03617589920759201,
            0.9656389951705933,
            -0.25735801458358765,
            -0.04703859984874725,
            0.25559601187705994,
            0.9656389951705933
        ],
        [
            -0.01510000042617321,
            -0.4709160029888153,
            -0.25214800238609314,
            0.054691001772880554,
            0.10469400137662888,
            0.8923860192298889,
            0.0,
            1.0,
            0.0,
            0.0,
            0.0,
            1.0
        ],
        [
            -0.5086519718170166,
            -0.36106398701667786,
            0.7297160029411316,
            0.2825999855995178,
            0.09617120027542114,
            0.09903360158205032,
            0.043301600962877274,
            0.9123820066452026,
            0.4070430099964142,
            0.02807850018143654,
            -0.40837499499320984,
            0.9123820066452026
        ],
        [
            -0.49689000844955444,
            -0.4644150137901306,
            0.1300940066576004,
            0.07074800133705139,
            1.094849944114685,
            0.11472799628973007,
            0.0,
            1.0,
            0.0,
            0.0,
            0.0,
            1.0
        ],
        [
            -0.500980019569397,
            0.44301000237464905,
            -0.47901400923728943,
            0.2595379948616028,
            0.10952399671077728,
            0.10506899654865265,
            0.00688559003174305,
            0.8176169991493225,
            -0.575721025466919,
            -0.18709200620651245,
            0.5666220188140869,
            0.8024569749832153
        ],
        [
            0.38434600830078125,
            0.07533829659223557,
            -0.4332619905471802,
            0.6613519787788391,
            0.1605450063943863,
            0.14117999374866486,
            -0.015780599787831306,
            0.9662359952926636,
            -0.257176011800766,
            0.04870209842920303,
            0.25764501094818115,
            0.9650110006332397
        ],
        [
            -0.014093199744820595,
            0.21683800220489502,
            -0.390720009803772,
            0.7308989763259888,
            0.1012519970536232,
            0.9059799909591675,
            -5.501509804162197e-06,
            0.960099995136261,
            -0.2796579897403717,
            -7.332630048040301e-06,
            0.2796579897403717,
            0.960099995136261
        ],
        [
            0.003976889885962009,
            0.2882170081138611,
            -0.282929003238678,
            0.8917199969291687,
            0.1146019995212555,
            0.9280880093574524,
            -0.03797280043363571,
            0.9949079751968384,
            -0.09336479753255844,
            0.015793999657034874,
            0.09401810169219971,
            0.9954450130462646
        ],
        [
            -0.008155499584972858,
            0.4069499969482422,
            -0.45032599568367004,
            0.1116499975323677,
            0.07865399867296219,
            0.9227970242500305,
            0.0,
            1.0,
            0.0,
            0.0,
            0.0,
            1.0
        ]
    ],
    "ops": [
        [
            0,
            0,
            0,
            1,
            2,
            1,
            0,
            0,
            0,
            1,
            2,
            1,
            1,
            0,
            0,
            1,
            2,
            0,
            0,
            0,
            1,
            1,
            1,
            1
        ]
    ],
    "syms": [
        [
            0.0,
            0.9999549984931946,
            -0.00025585200637578964,
            0.009455629624426365,
            -0.0141805000603199,
            0.1747020035982132,
            0.16393400728702545,
            0.0
        ],
        [
            0.0,
            0.9999790191650391,
            0.0046861800365149975,
            0.004390520043671131,
            -0.013261400163173676,
            -0.35874301195144653,
            0.7318909764289856,
            0.0
        ],
        [
            0.0,
            0.9999020099639893,
            0.011555800214409828,
            0.00785776972770691,
            -0.015409800224006176,
            0.4486219882965088,
            -0.47519800066947937,
            0.0
        ]
    ],
    "labels:": [
        [
            1,
            3,
            3,
            2,
            2,
            2,
            0,
            0,
            0,
            0,
            0
        ]
    ],
    "obj": 38506,
    "mat_index": 2699,
    "obbs": "N 17\n0.00397689 0.288217 -0.282929 0.999154 0.0363252 -0.0192837 0.015794 0.0940181 0.995445 0.0379728 -0.994908 0.0933648 0.928088 0.114602 0.89172\n-0.0081855 -0.161654 0.209873 1 0 0 0 1 0 0 0 1 0.935333 0.201879 1.20062\n0.47016 0.454234 -0.471382 0.989268 -0.100299 -0.106252 0.143855 0.541216 0.828487 -0.0255909 -0.834881 0.549836 0.115471 0.0925072 0.250735\n-0.50098 0.44301 -0.479014 -0.982318 -0.102187 -0.156871 -0.187092 0.566622 0.802457 0.00688559 0.817617 -0.575721 0.105069 0.109524 0.259538\n0.481348 0.174575 0.16862 -0.00193497 0.281505 -0.959558 -0.0134687 0.959465 0.281505 0.999907 0.0134687 0.00193497 1.21106 0.115554 0.0918965\n-0.509709 0.174829 0.159248 -0.0044147 0.277711 -0.960655 -0.0311602 0.960159 0.277711 0.999505 0.0311602 0.0044147 1.21146 0.109634 0.0955211\n0.476913 -0.135105 0.734426 -0.00195949 0.977499 -0.210929 -0.0672277 0.210324 0.975318 0.997736 0.0160914 0.0653029 0.258808 0.0935095 0.100315\n-0.50839 -0.129627 0.736081 0.998238 0.0470386 0.0361759 -0.0470386 0.255596 0.965639 0.0361759 -0.965639 0.257358 0.102431 0.089602 0.261661\n-0.413964 0.0574682 -0.41763 0.00888603 -0.346396 -0.938046 0.999878 -0.00895008 0.0127768 -0.0128214 -0.938046 0.346274 0.18817 0.135551 0.674284\n0.384346 0.0753383 -0.433262 -0.0157806 0.966236 -0.257176 0.998689 0.00270342 -0.0511235 -0.0487021 -0.257645 -0.965011 0.661352 0.14118 0.160545\n-0.0081555 0.40695 -0.450326 1 0 0 0 1 0 0 0 1 0.922797 0.11165 0.078654\n-0.0140932 0.216838 -0.39072 -5.50151e-06 0.9601 -0.279658 -7.33263e-06 0.279658 0.9601 1 7.33263e-06 5.50151e-06 0.730899 0.101252 0.90598\n-0.508652 -0.361064 0.729716 0.998667 -0.0280785 -0.0433016 0.0280785 -0.408375 0.912382 -0.0433016 -0.912382 -0.407043 0.0990336 0.0961712 0.2826\n0.482129 -0.356421 0.734066 0.998092 0.0389566 -0.047906 0.058725 -0.359178 0.93142 0.0190782 -0.932456 -0.36078 0.0944029 0.0914476 0.270129\n0.470318 -0.462658 0.134662 1 0 0 0 1 0 0 0 1 0.111494 0.074262 1.10399\n-0.0151 -0.470916 -0.252148 1 0 0 0 1 0 0 0 1 0.892386 0.054691 0.104694\n-0.49689 -0.464415 0.130094 1 0 0 0 1 0 0 0 1 0.114728 0.070748 1.09485\nC 56\n0 2\n0 10\n0 3\n0 11\n0 4\n0 5\n0 8\n0 1\n0 9\n1 15\n1 6\n1 11\n1 16\n1 14\n1 5\n1 13\n1 4\n1 9\n1 12\n1 8\n1 7\n2 9\n2 10\n2 11\n2 4\n3 11\n3 10\n3 5\n3 8\n4 9\n4 13\n4 10\n4 11\n4 6\n5 8\n5 12\n5 11\n5 10\n5 7\n6 14\n6 13\n7 12\n7 16\n8 10\n8 16\n8 15\n8 11\n9 15\n9 11\n9 14\n9 10\n10 11\n12 16\n13 14\n14 15\n15 16\nS 6\n2\n2 0.47016 0.454234 -0.471382\n3 -0.50098 0.44301 -0.479014\n2\n-0.0154098 0.448622 -0.475198\n-0.999902 -0.0115558 -0.00785777\n2\n4 0.481348 0.174575 0.16862\n5 -0.509709 0.174829 0.159248\n2\n-0.0141805 0.174702 0.163934\n-0.999955 0.000255852 -0.00945563\n2\n6 0.476913 -0.135105 0.734426\n7 -0.50839 -0.129627 0.736081\n2\n-0.0157383 -0.132366 0.735254\n-0.999983 0.00555913 0.00167908\n2\n8 -0.413964 0.0574682 -0.41763\n9 0.384346 0.0753383 -0.433262\n2\n-0.0148091 0.0664032 -0.425446\n0.999558 0.0223751 -0.0195721\n2\n12 -0.508652 -0.361064 0.729716\n13 0.482129 -0.356421 0.734066\n2\n-0.0132614 -0.358743 0.731891\n0.999979 0.00468618 0.00439052\n2\n14 0.470318 -0.462658 0.134662\n16 -0.49689 -0.464415 0.130094\n2\n-0.013286 -0.463537 0.132378\n-0.999987 -0.00181655 -0.00472385\nL 17\n0\n1\n0\n0\n3\n3\n3\n3\n0\n0\n0\n0\n2\n2\n2\n2\n2"
}