{
    "boxes": [
        [
            -0.0034749400801956654,
            -0.08288150280714035,
            0.042189400643110275,
            0.19213199615478516,
            0.7975839972496033,
            0.8810279965400696,
            -0.00036686399835161865,
            0.9974610209465027,
            -0.07120820134878159,
            -1.3078500160190742e-05,
            0.07120820134878159,
            0.9974610209465027
        ],
        [
            -0.4627639949321747,
            0.11006800085306168,
            0.32815998792648315,
            0.42171698808670044,
            0.07523559778928757,
            0.060339100658893585,
            -0.006890700198709965,
            0.9983490109443665,
            -0.05702190101146698,
            -0.06267520040273666,
            0.05648000165820122,
            0.9964349865913391
        ],
        [
            -0.4157159924507141,
            0.1266070008277893,
            -0.21361400187015533,
            0.4140489995479584,
            0.0991721972823143,
            0.06858229637145996,
            -0.04395100101828575,
            0.9633240103721619,
            0.2647179961204529,
            -0.10609299689531326,
            -0.26797598600387573,
            0.9575660228729248
        ],
        [
            0.4327920079231262,
            0.3448050022125244,
            0.029428699985146523,
            0.1023939996957779,
            0.6371700167655945,
            0.10590299963951111,
            0.012256699614226818,
            0.999845027923584,
            -0.012641199864447117,
            0.1564989984035492,
            0.010568199679255486,
            0.9876220226287842
        ],
        [
            -0.46411100029945374,
            -0.43933799862861633,
            0.36338600516319275,
            0.7420650124549866,
            0.06138769909739494,
            0.06475310027599335,
            0.013068700209259987,
            0.998520016670227,
            -0.05278740078210831,
            -0.20573699474334717,
            0.05434750020503998,
            0.9770969748497009
        ],
        [
            -0.4058850109577179,
            -0.42763400077819824,
            -0.3358229994773865,
            0.7900220155715942,
            0.06502290070056915,
            0.06730280071496964,
            -0.013210100121796131,
            0.9724220037460327,
            0.2328539937734604,
            0.030886100605130196,
            -0.23236599564552307,
            0.972137987613678
        ],
        [
            -0.014049000106751919,
            0.4341279864311218,
            -0.3742240071296692,
            0.3364880084991455,
            0.1852640062570572,
            0.8152689933776855,
            -0.04638209939002991,
            0.890034019947052,
            -0.4535290002822876,
            0.009729109704494476,
            0.4543980062007904,
            0.8907449841499329
        ]
    ],
    "ops": [
        [
            0,
            0,
            0,
            0,
            1,
            1,
            2,
            1,
            0,
            0,
            1,
            2,
            1,
            0,
            1
        ]
    ],
    "syms": [
        [
            0.0,
            1.0,
            8.645060006529093e-05,
            0.0006337739760056138,
            -0.002878990024328232,
            0.11010800302028656,
            0.328451007604599,
            0.0
        ],
        [
            0.0,
            0.999908983707428,
            -0.01351260021328926,
            0.0004197710077278316,
            -0.0032128500752151012,
            -0.44556599855422974,
            0.36357998847961426,
            0.0
        ]
    ],
    "labels:": [
        [
            1,
            3,
            3,
            3,
            2,
            2,
            0
        ]
    ],
    "obj": 2443,
    "mat_index": 270,
    "obbs": "N 12\n-0.014049 0.434128 -0.374224 0.998876 0.0369022 -0.0297352 0.00972911 0.454398 0.890745 0.0463821 -0.890034 0.453529 0.815269 0.185264 0.336488\n0.414056 0.117728 -0.198734 -0.0231613 0.23187 -0.972471 0.999477 -0.0165868 -0.0277594 -0.0225667 -0.972605 -0.231365 0.0835648 0.0639064 0.431388\n0.457006 0.110147 0.328743 -0.00916711 0.997469 -0.0705093 -0.00983755 0.0704188 0.997469 0.99991 0.00983755 0.00916711 0.460515 0.0726008 0.0635264\n-0.462764 0.110068 0.32816 -0.99801 -0.01044 -0.0621826 -0.0626752 0.05648 0.996435 -0.0068907 0.998349 -0.0570219 0.0603391 0.0752356 0.421717\n-0.415716 0.126607 -0.213614 0.043951 -0.963324 -0.264718 0.993384 0.0140013 0.11398 -0.106093 -0.267976 0.957566 0.414049 0.0685823 0.0991722\n-0.00347494 -0.0828815 0.0421894 1 0.000366864 -1.30785e-05 -0.000366864 0.997461 -0.0712082 -1.30785e-05 0.0712082 0.997461 0.881028 0.192132 0.797584\n-0.464111 -0.439338 0.363386 -0.97852 0.00190906 -0.206143 -0.205737 0.0543475 0.977097 0.0130687 0.99852 -0.0527874 0.0647531 0.0613877 0.742065\n0.457686 -0.451795 0.363773 0.98935 0.0121584 -0.145048 0.144177 0.0550234 0.988021 0.0199938 -0.998411 0.0526844 0.0692858 0.0611103 0.716985\n0.401761 -0.434469 -0.336517 -0.996623 0.0198085 -0.0796837 -0.0821 -0.226125 0.970632 0.0012083 0.973897 0.226987 0.0727169 0.0659835 0.775838\n-0.405885 -0.427634 -0.335823 0.999436 0.020034 -0.0269648 0.0308861 -0.232366 0.972138 0.0132101 -0.972422 -0.232854 0.0673028 0.0650229 0.790022\n0.432792 0.344805 0.0294287 -0.156499 -0.0105682 -0.987622 0.0122567 0.999845 -0.0126412 0.987602 -0.0140834 -0.156345 0.63717 0.102394 0.105903\n-0.441162 0.346458 0.0427559 0.155998 -0.0188313 -0.987578 0.0463768 0.998855 -0.0117206 0.986668 -0.0439723 0.156692 0.609666 0.0925319 0.105183\nC 21\n0 1\n0 11\n0 5\n0 10\n0 4\n1 5\n1 8\n1 10\n2 7\n2 10\n2 5\n3 11\n3 6\n3 5\n4 9\n4 5\n4 11\n5 9\n5 8\n5 6\n5 7\nS 5\n2\n1 0.414056 0.117728 -0.198734\n4 -0.415716 0.126607 -0.213614\n2\n-0.000829952 0.122168 -0.206174\n-0.999782 0.0106976 -0.0179295\n2\n2 0.457006 0.110147 0.328743\n3 -0.462764 0.110068 0.32816\n2\n-0.00287899 0.110108 0.328451\n-1 -8.64506e-05 -0.000633774\n2\n6 -0.464111 -0.439338 0.363386\n7 0.457686 -0.451795 0.363773\n2\n-0.00321285 -0.445566 0.36358\n0.999909 -0.0135126 0.000419771\n2\n8 0.401761 -0.434469 -0.336517\n9 -0.405885 -0.427634 -0.335823\n2\n-0.00206215 -0.431052 -0.33617\n-0.999964 0.00846311 0.000859804\n2\n10 0.432792 0.344805 0.0294287\n11 -0.441162 0.346458 0.0427559\n2\n-0.00418495 0.345631 0.0360923\n-0.999882 0.00189129 0.0152475\nL 12\n0\n3\n3\n3\n3\n1\n2\n2\n2\n2\n3\n3"
}