{
    "boxes": [
        [
            0.007530000060796738,
            0.2091040015220642,
            0.05731400102376938,
            0.2381419986486435,
            0.6328179836273193,
            0.6302419900894165,
            0.0,
            1.0,
            0.0,
            0.0,
            0.0,
            1.0
        ],
        [
            0.0046329800970852375,
            -0.4076389968395233,
            -0.2340719997882843,
            0.0848219022154808,
            0.05844280123710632,
            0.48371198773384094,
            -0.003933679778128862,
            0.9995020031929016,
            0.03132230043411255,
            -0.003812310053035617,
            -0.031337298452854156,
            0.9995020031929016
        ],
        [
            0.2643609941005707,
            -0.37863001227378845,
            -0.23302899301052094,
            1.03302001953125,
            0.13982999324798584,
            0.11658000200986862,
            0.0,
            1.0,
            0.0,
            0.0,
            0.0,
            1.0
        ],
        [
            -0.26753899455070496,
            -0.37095001339912415,
            0.3038179874420166,
            1.0513099431991577,
            0.14014500379562378,
            0.0801049992442131,
            0.0,
            1.0,
            0.0,
            0.0,
            0.0,
            1.0
        ],
        [
            0.007439999841153622,
            -0.0691550001502037,
            0.02709149941802025,
            0.7650840282440186,
            0.5723729729652405,
            0.6300619840621948,
            0.0,
            1.0,
            0.0,
            0.0,
            0.0,
            1.0
        ],
        [
            0.2918129861354828,
            -0.4104210138320923,
            0.036599498242139816,
            0.0826139971613884,
            0.48018699884414673,
            0.053787000477313995,
            0.0,
            1.0,
            0.0,
            0.0,
            0.0,
            1.0
        ],
        [
            0.0105061000213027,
            0.6120520234107971,
            -0.2278980016708374,
            0.5185490250587463,
            0.079202800989151,
            0.5197259783744812,
            -0.022188300266861916,
            0.9978809952735901,
            -0.06116750091314316,
            0.032080598175525665,
            0.06186170130968094,
            0.9975690245628357
        ],
        [
            -0.26573601365089417,
            0.5911269783973694,
            -0.23646199703216553,
            0.6497460007667542,
            0.09648799896240234,
            0.09883999824523926,
            0.009499330073595047,
            0.9984570145606995,
            -0.05471060052514076,
            0.3068479895591736,
            0.04916270077228546,
            0.9504879713058472
        ]
    ],
    "ops": [
        [
            0,
            0,
            2,
            0,
            2,
            1,
            0,
            2,
            0,
            0,
            1,
            1,
            1,
            1,
            0,
            0,
            2,
            1,
            1
        ]
    ],
    "syms": [
        [
            0.0,
            0.004870939999818802,
            1.7438000213587657e-05,
            0.9999880194664001,
            0.005953989923000336,
            -0.4076339900493622,
            0.03712699934840202,
            0.0
        ],
        [
            0.0,
            0.9994120001792908,
            -0.012338699772953987,
            -0.03199480101466179,
            0.0002929510083049536,
            -0.37536999583244324,
            -0.2245749980211258,
            0.0
        ],
        [
            0.0,
            0.9997320175170898,
            -0.023158499971032143,
            -9.097070142161101e-05,
            0.0017067500157281756,
            -0.37718600034713745,
            0.3037930130958557,
            0.0
        ],
        [
            0.0,
            0.9999880194664001,
            -0.004563339985907078,
            0.0019847899675369263,
            0.004380660131573677,
            0.5898950099945068,
            -0.23592600226402283,
            0.0
        ]
    ],
    "labels:": [
        [
            1,
            2,
            2,
            2,
            2,
            2,
            0,
            0
        ]
    ],
    "obj": 38507,
    "mat_index": 2700,
    "obbs": "N 12\n0.0105061 0.612052 -0.227898 0.999239 0.0201721 -0.0333852 0.0320806 0.0618617 0.997569 0.0221883 -0.997881 0.0611675 0.519726 0.0792028 0.518549\n0.00463298 -0.407639 -0.234072 0.999985 0.00381231 0.00393368 -0.00381231 -0.0313373 0.999502 0.00393368 -0.999502 -0.0313223 0.483712 0.0584428 0.0848219\n0.00744 -0.069155 0.0270915 1 0 0 0 1 0 0 0 1 0.630062 0.765084 0.572373\n0.291813 -0.410421 0.0365995 1 0 0 0 1 0 0 0 1 0.053787 0.082614 0.480187\n0.007275 -0.407629 0.308327 1 0 0 0 1 0 0 0 1 0.486848 0.086147 0.058185\n0.00753 0.209104 0.057314 1 0 0 0 1 0 0 0 1 0.630242 0.238142 0.632818\n0.274498 0.588662 -0.235389 0.0908444 -0.0665185 -0.993641 0.995858 0.0099537 0.0903807 0.00387842 -0.997736 0.0671472 0.0835509 0.101171 0.655028\n-0.265736 0.591127 -0.236462 -0.00949933 -0.998457 0.0547106 0.951711 -0.0258168 -0.305907 0.306848 0.0491627 0.950488 0.649746 0.09884 0.096488\n-0.263775 -0.37211 -0.216121 0.112845 0.0610008 -0.991738 0.993576 0.00164681 0.113156 0.0085358 -0.998136 -0.0604231 0.145658 0.103217 1.04855\n0.264361 -0.37863 -0.233029 1 0 0 0 1 0 0 0 1 0.11658 1.03302 0.13983\n0.270952 -0.383423 0.303768 1 0 0 0 1 0 0 0 1 0.103398 1.02636 0.140243\n-0.267539 -0.37095 0.303818 1 0 0 0 1 0 0 0 1 0.080105 1.05131 0.140145\nC 32\n0 2\n0 7\n0 5\n0 8\n0 6\n0 9\n1 3\n1 2\n1 9\n1 8\n2 8\n2 5\n2 9\n2 6\n2 10\n2 3\n2 7\n2 11\n2 4\n3 10\n3 9\n3 4\n4 10\n4 11\n5 9\n5 6\n5 8\n5 11\n5 10\n5 7\n6 9\n7 8\nS 4\n2\n1 0.00463298 -0.407639 -0.234072\n4 0.007275 -0.407629 0.308327\n2\n0.00595399 -0.407634 0.037127\n0.00487094 1.7438e-05 0.999988\n2\n6 0.274498 0.588662 -0.235389\n7 -0.265736 0.591127 -0.236462\n2\n0.00438066 0.589895 -0.235926\n-0.999988 0.00456334 -0.00198479\n2\n8 -0.263775 -0.37211 -0.216121\n9 0.264361 -0.37863 -0.233029\n2\n0.000292951 -0.37537 -0.224575\n0.999412 -0.0123387 -0.0319948\n2\n10 0.270952 -0.383423 0.303768\n11 -0.267539 -0.37095 0.303818\n2\n0.00170675 -0.377186 0.303793\n-0.999732 0.0231585 9.09707e-05\nL 12\n0\n2\n2\n2\n2\n1\n0\n0\n2\n2\n2\n2"
}