{
    "boxes": [
        [
            0.008053549565374851,
            -0.06130890175700188,
            0.3100300133228302,
            0.0951962023973465,
            0.9638540148735046,
            1.1510800123214722,
            0.002708619926124811,
            0.9835709929466248,
            -0.18049900233745575,
            0.0002464760036673397,
            0.18049900233745575,
            0.9835749864578247
        ],
        [
            -0.43762698769569397,
            -0.13203799724578857,
            -0.34699198603630066,
            0.8192189931869507,
            0.048448801040649414,
            0.015995599329471588,
            -0.006503580138087273,
            0.9998909831047058,
            -0.013271099887788296,
            0.6795589923858643,
            0.014155300334095955,
            0.7334840297698975
        ],
        [
            0.223131000995636,
            -0.4951370060443878,
            -0.1007160022854805,
            0.09805189818143845,
            0.6264380216598511,
            0.0334152989089489,
            -0.0014533300418406725,
            0.9999359846115112,
            0.011204300448298454,
            -0.6759840250015259,
            -0.009238990023732185,
            0.7368590235710144
        ],
        [
            -0.43650099635124207,
            -0.26739001274108887,
            0.6246259808540344,
            0.5475940108299255,
            0.04400920122861862,
            0.015295400284230709,
            -0.0020912999752908945,
            0.9999960064888,
            0.0018822300480678678,
            -0.6712049841880798,
            -0.0027989400550723076,
            0.7412670254707336
        ],
        [
            0.21875900030136108,
            -0.49382299184799194,
            0.3736740052700043,
            0.10085199773311615,
            0.6740099787712097,
            0.05702950060367584,
            0.020367499440908432,
            0.99931401014328,
            -0.030928300693631172,
            0.6760269999504089,
            0.009025880135595798,
            0.7368220090866089
        ],
        [
            -0.21481500566005707,
            -0.49162399768829346,
            0.38562700152397156,
            0.10510499775409698,
            0.625756025314331,
            0.025866299867630005,
            -0.00603165989741683,
            0.9999539852142334,
            0.0075156898237764835,
            -0.6762189865112305,
            -0.009615509770810604,
            0.7366380095481873
        ],
        [
            0.007965659722685814,
            0.26896199584007263,
            -0.3499169945716858,
            0.9204959869384766,
            0.09742859750986099,
            1.1514699459075928,
            -0.0014244499616324902,
            0.9013040065765381,
            -0.43318501114845276,
            -0.0022650600876659155,
            0.4331820011138916,
            0.9013040065765381
        ]
    ],
    "ops": [
        [
            0,
            0,
            0,
            1,
            2,
            0,
            2,
            0,
            0,
            1,
            1,
            1,
            1,
            0,
            1
        ]
    ],
    "syms": [
        [
            0.0,
            0.9999840259552002,
            0.00038475499604828656,
            0.005708789918571711,
            0.004871409852057695,
            -0.13186700642108917,
            -0.3444660007953644,
            0.0
        ],
        [
            0.0,
            0.9999979734420776,
            6.062089960323647e-05,
            -0.001959220040589571,
            0.0068208398297429085,
            -0.2673630118370056,
            0.623757004737854,
            0.0
        ]
    ],
    "labels:": [
        [
            1,
            2,
            2,
            2,
            2,
            2,
            0
        ]
    ],
    "obj": 38518,
    "mat_index": 2706,
    "obbs": "N 10\n0.00796566 0.268962 -0.349917 -0.00142445 0.901304 -0.433185 -0.00226506 0.433182 0.901304 0.999996 0.00226506 0.00142445 0.920496 0.0974286 1.15147\n0.00805355 -0.0613089 0.31003 0.999996 -0.00270862 0.000246476 0.00270862 0.983571 -0.180499 0.000246476 0.180499 0.983575 1.15108 0.0951962 0.963854\n0.44737 -0.131697 -0.34194 -0.00522829 0.999981 -0.00329602 0.706121 0.00602571 0.708065 0.708072 0.00137458 -0.706139 0.819356 0.0169189 0.0589639\n-0.437627 -0.132038 -0.346992 -0.679559 -0.0141553 -0.733484 0.733592 -0.00424825 -0.679577 0.00650358 -0.999891 0.0132711 0.0484488 0.0159956 0.819219\n-0.436501 -0.26739 0.624626 0.671205 0.00279894 -0.741267 0.741269 0.000286854 0.671208 0.0020913 -0.999996 -0.00188223 0.0440092 0.0152954 0.547594\n0.450143 -0.267336 0.622889 -0.000689233 0.999989 0.00468654 -0.705108 -0.00380921 0.70909 0.7091 -0.00281579 0.705102 0.548292 0.0169447 0.0502167\n0.223131 -0.495137 -0.100716 0.675984 0.00923899 -0.736859 0.736915 -0.00650301 0.675954 0.00145333 -0.999936 -0.0112043 0.626438 0.0334153 0.0980519\n0.218759 -0.493823 0.373674 -0.676027 -0.00902588 -0.736822 0.736596 -0.0359156 -0.675379 -0.0203675 -0.999314 0.0309283 0.67401 0.0570295 0.100852\n-0.214815 -0.491624 0.385627 -0.00603166 0.999954 0.00751569 0.736676 -0.000639094 0.676245 0.676219 0.00961551 -0.736638 0.105105 0.0258663 0.625756\n-0.211912 -0.491972 -0.0909685 -0.00347154 -0.999897 0.0139584 0.737745 -0.0119839 -0.674973 0.67507 0.00795452 0.737711 0.104354 0.0464893 0.653131\nC 17\n0 1\n0 3\n0 2\n1 2\n1 3\n1 4\n1 5\n2 6\n3 9\n4 8\n5 7\n6 9\n6 7\n6 8\n7 8\n7 9\n8 9\nS 3\n2\n2 0.44737 -0.131697 -0.34194\n3 -0.437627 -0.132038 -0.346992\n2\n0.00487141 -0.131867 -0.344466\n-0.999984 -0.000384755 -0.00570879\n2\n4 -0.436501 -0.26739 0.624626\n5 0.450143 -0.267336 0.622889\n2\n0.00682084 -0.267363 0.623757\n0.999998 6.06209e-05 -0.00195922\n2\n6 0.223131 -0.495137 -0.100716\n9 -0.211912 -0.491972 -0.0909685\n2\n0.00560936 -0.493555 -0.0958423\n-0.999723 0.00727368 0.0224\nL 10\n0\n1\n2\n2\n2\n2\n2\n2\n2\n2"
}