{
    "boxes": [
        [
            -0.0024790000170469284,
            -0.11768099665641785,
            0.13696099817752838,
            0.15118899941444397,
            0.8252310156822205,
            0.9064239859580994,
            0.0,
            1.0,
            0.0,
            0.0,
            0.0,
            1.0
        ],
        [
            -0.4452660083770752,
            0.01890449970960617,
            0.5107139945030212,
            0.4602929949760437,
            0.08319000154733658,
            0.08243600279092789,
            0.0,
            1.0,
            0.0,
            0.0,
            0.0,
            1.0
        ],
        [
            -0.4429660141468048,
            0.20709699392318726,
            0.13105300068855286,
            0.13009899854660034,
            0.8131459951400757,
            0.08611299842596054,
            0.0,
            1.0,
            0.0,
            0.0,
            0.0,
            1.0
        ],
        [
            -0.441195011138916,
            -0.0021821099799126387,
            -0.2563549876213074,
            0.41107800602912903,
            0.0962740033864975,
            0.08267070353031158,
            -0.0023461999371647835,
            0.9962999820709229,
            0.08591560274362564,
            -0.0021525700576603413,
            -0.08592060208320618,
            0.9962999820709229
        ],
        [
            -0.4415209889411926,
            -0.45555999875068665,
            -0.38528499007225037,
            0.585964024066925,
            0.08692330121994019,
            0.08962249755859375,
            -0.013190699741244316,
            0.924822986125946,
            0.38016900420188904,
            -0.043902698904275894,
            -0.38037100434303284,
            0.9237909913063049
        ],
        [
            -0.44568800926208496,
            -0.4661409854888916,
            0.5296840071678162,
            0.569087028503418,
            0.06511999666690826,
            0.08757500350475311,
            -0.005250540096312761,
            0.9995890259742737,
            -0.02817929908633232,
            -0.11283399909734726,
            0.02740750089287758,
            0.9932360053062439
        ],
        [
            -0.011421400122344494,
            0.28274300694465637,
            -0.30750900506973267,
            0.789093017578125,
            0.18825599551200867,
            0.7837449908256531,
            -0.00014894400374032557,
            0.9776149988174438,
            -0.21040399372577667,
            -0.00018441099382471293,
            0.21040399372577667,
            0.9776149988174438
        ]
    ],
    "ops": [
        [
            0,
            0,
            0,
            0,
            1,
            1,
            2,
            1,
            0,
            0,
            1,
            2,
            1,
            0,
            1
        ]
    ],
    "syms": [
        [
            0.0,
            0.9999650120735168,
            0.0002541959984228015,
            -0.00836918968707323,
            -0.01746179908514023,
            0.01901319995522499,
            0.5071340203285217,
            0.0
        ],
        [
            0.0,
            0.9999920129776001,
            0.003562350058928132,
            0.001667469972744584,
            -0.013744800351560116,
            -0.45403701066970825,
            -0.38457199931144714,
            0.0
        ]
    ],
    "labels:": [
        [
            1,
            3,
            3,
            3,
            2,
            2,
            0
        ]
    ],
    "obj": 38558,
    "mat_index": 2731,
    "obbs": "N 12\n-0.0114214 0.282743 -0.307509 -0.000148944 0.977615 -0.210404 -0.000184411 0.210404 0.977615 1 0.000184411 0.000148944 0.789093 0.188256 0.783745\n0.41246 0.211493 0.133436 0.000421643 -0.0293914 -0.999568 -0.0286795 0.999156 -0.0293914 0.999589 0.0286795 -0.000421643 0.818166 0.120153 0.0884664\n-0.442966 0.207097 0.131053 1 0 0 0 1 0 0 0 1 0.086113 0.130099 0.813146\n-0.002479 -0.117681 0.136961 1 0 0 0 1 0 0 0 1 0.906424 0.151189 0.825231\n-0.441521 -0.45556 -0.385285 -0.0131907 0.924823 0.380169 -0.0439027 -0.380371 0.923791 0.998949 -0.004505 0.0456195 0.585964 0.0869233 0.0896225\n0.414032 -0.452513 -0.383859 0.0100128 0.924712 0.380536 -0.0985224 -0.377791 0.920634 0.995084 -0.0467095 0.0873221 0.592639 0.0899848 0.0919021\n0.409789 -0.465057 0.52918 1 0 0 0 1 0 0 0 1 0.08133 0.571248 0.070874\n-0.445688 -0.466141 0.529684 -0.9936 -0.00839461 -0.112644 -0.112834 0.0274075 0.993236 -0.00525054 0.999589 -0.0281793 0.087575 0.06512 0.569087\n0.414457 0.0049105 -0.262177 1 0 0 0 1 0 0 0 1 0.081725 0.416031 0.116381\n0.410342 0.019122 0.503553 1 0 0 0 1 0 0 0 1 0.082437 0.444642 0.09697\n-0.445266 0.0189045 0.510714 1 0 0 0 1 0 0 0 1 0.082436 0.460293 0.08319\n-0.441195 -0.00218211 -0.256355 -0.0023462 0.9963 0.0859156 -0.00215257 -0.0859206 0.9963 0.999995 0.00215257 0.0023462 0.411078 0.096274 0.0826707\nC 25\n0 3\n0 11\n0 4\n0 5\n0 8\n0 1\n0 2\n1 3\n1 9\n1 8\n2 10\n2 3\n2 11\n3 11\n3 7\n3 10\n3 6\n3 9\n3 5\n3 8\n3 4\n4 11\n5 8\n6 9\n7 10\nS 5\n2\n1 0.41246 0.211493 0.133436\n2 -0.442966 0.207097 0.131053\n2\n-0.0152533 0.209295 0.132244\n-0.999983 -0.00513983 -0.00278544\n2\n4 -0.441521 -0.45556 -0.385285\n5 0.414032 -0.452513 -0.383859\n2\n-0.0137448 -0.454037 -0.384572\n0.999992 0.00356235 0.00166747\n2\n6 0.409789 -0.465057 0.52918\n7 -0.445688 -0.466141 0.529684\n2\n-0.0179493 -0.465599 0.529432\n-0.999999 -0.00126763 0.000589414\n2\n8 0.414457 0.0049105 -0.262177\n11 -0.441195 -0.00218211 -0.256355\n2\n-0.0133691 0.0013642 -0.259266\n-0.999943 -0.00828865 0.00680288\n2\n9 0.410342 0.019122 0.503553\n10 -0.445266 0.0189045 0.510714\n2\n-0.0174618 0.0190132 0.507134\n-0.999965 -0.000254196 0.00836919\nL 12\n0\n3\n3\n1\n2\n2\n2\n2\n3\n3\n3\n3"
}