{
    "boxes": [
        [
            -0.0018975000130012631,
            -0.10430199652910233,
            0.17995700240135193,
            0.2535899877548218,
            1.1100499629974365,
            0.890513002872467,
            0.0,
            1.0,
            0.0,
            0.0,
            0.0,
            1.0
        ],
        [
            -0.4587100148200989,
            0.004712169989943504,
            -0.28568699955940247,
            0.34130701422691345,
            0.07546450197696686,
            0.09690219908952713,
            0.10363300144672394,
            0.943244993686676,
            0.3155139982700348,
            0.07430639863014221,
            -0.32367798686027527,
            0.943244993686676
        ],
        [
            -0.4570310115814209,
            0.03480150178074837,
            0.453029990196228,
            0.324290007352829,
            0.09045629948377609,
            0.09553930163383484,
            0.10376500338315964,
            0.994081974029541,
            -0.03215570002794266,
            0.0531185008585453,
            0.026745300740003586,
            0.99822998046875
        ],
        [
            -0.4444110095500946,
            0.14716599881649017,
            0.10005299746990204,
            0.10952900350093842,
            0.7309619784355164,
            0.10068199783563614,
            0.0,
            1.0,
            0.0,
            0.0,
            0.0,
            1.0
        ],
        [
            -0.4884189963340759,
            -0.31984901428222656,
            -0.3875260055065155,
            0.4169270098209381,
            0.07330279797315598,
            0.08254099637269974,
            0.10080700367689133,
            0.9660069942474365,
            0.23804999887943268,
            -0.002931759925559163,
            -0.2389799952507019,
            0.971019983291626
        ],
        [
            -0.4838230013847351,
            -0.31210899353027344,
            0.5343890190124512,
            0.4446769952774048,
            0.08754190057516098,
            0.08456649631261826,
            0.0802173987030983,
            0.9242669939994812,
            -0.3732239902019501,
            -0.03621629998087883,
            0.3768860101699829,
            0.9255509972572327
        ],
        [
            -0.0020687601063400507,
            0.28458699584007263,
            -0.44352999329566956,
            0.8450850248336792,
            0.175028994679451,
            0.8910650014877319,
            -0.0014950300101190805,
            0.9685260057449341,
            -0.24890699982643127,
            -0.0019278300460428,
            0.2489040046930313,
            0.9685260057449341
        ]
    ],
    "ops": [
        [
            0,
            0,
            0,
            0,
            1,
            1,
            2,
            1,
            0,
            0,
            1,
            2,
            1,
            0,
            1
        ]
    ],
    "syms": [
        [
            0.0,
            0.9999420046806335,
            -0.009037310257554054,
            -0.0058944798074662685,
            -0.0015089099761098623,
            0.0005800669896416366,
            -0.28838199377059937,
            0.0
        ],
        [
            0.0,
            0.9999240040779114,
            -0.011964400298893452,
            -0.0030897899996489286,
            -0.0013072999427095056,
            -0.3256779909133911,
            -0.38903099298477173,
            0.0
        ]
    ],
    "labels:": [
        [
            1,
            3,
            3,
            3,
            2,
            2,
            0
        ]
    ],
    "obj": 38604,
    "mat_index": 2755,
    "obbs": "N 12\n-0.00206876 0.284587 -0.44353 -0.00149503 0.968526 -0.248907 -0.00192783 0.248904 0.968526 0.999997 0.00192783 0.00149503 0.845085 0.175029 0.891065\n0.453318 0.0328419 0.453514 0.994846 0.100971 -0.00932664 0.00339499 0.0587593 0.998266 0.101344 -0.993153 0.0581137 0.0936121 0.0719409 0.308619\n0.455692 -0.00355204 -0.291077 0.99575 0.0896211 0.0212202 0.00923002 -0.326354 0.945203 0.0916354 -0.940989 -0.325794 0.0930422 0.0659349 0.345158\n-0.45871 0.00471217 -0.285687 0.991836 -0.0743064 -0.103633 0.0743064 -0.323678 0.943245 -0.103633 -0.943245 -0.315514 0.0969022 0.0754645 0.341307\n-0.457031 0.0348015 0.45303 0.103765 0.994082 -0.0321557 0.0531185 0.0267453 0.99823 0.993182 -0.105289 -0.050029 0.32429 0.0904563 0.0955393\n-0.0018975 -0.104302 0.179957 1 0 0 0 1 0 0 0 1 0.890513 0.25359 1.11005\n0.485805 -0.331506 -0.390536 -0.103859 0.967738 0.229555 -0.0817433 -0.238328 0.967738 0.991227 0.0817433 0.103859 0.392378 0.0771939 0.0876823\n-0.488419 -0.319849 -0.387526 0.100807 0.966007 0.23805 -0.00293176 -0.23898 0.97102 0.994902 -0.0985835 -0.0212587 0.416927 0.0733028 0.082541\n-0.483823 -0.312109 0.534389 -0.996119 0.0607285 -0.0637064 -0.0362163 0.376886 0.925551 0.0802174 0.924267 -0.373224 0.0845665 0.0875419 0.444677\n0.483238 -0.309023 0.534942 0.995312 0.0847431 -0.0466134 0.0127083 0.363188 0.931629 0.0958785 -0.927854 0.360409 0.0846184 0.0849873 0.450036\n0.440479 0.147166 0.101537 1 0 0 0 1 0 0 0 1 0.1004 0.109529 0.730967\n-0.444411 0.147166 0.100053 1 0 0 0 1 0 0 0 1 0.100682 0.109529 0.730962\nC 29\n0 7\n0 10\n0 3\n0 11\n0 5\n0 6\n0 2\n1 5\n1 10\n1 9\n2 5\n2 6\n2 10\n3 11\n3 7\n3 5\n4 8\n4 5\n4 11\n5 9\n5 6\n5 8\n5 11\n5 10\n5 7\n6 10\n7 11\n8 11\n9 10\nS 5\n2\n1 0.453318 0.0328419 0.453514\n4 -0.457031 0.0348015 0.45303\n2\n-0.00185616 0.0338217 0.453272\n-0.999998 0.00215266 -0.000532165\n2\n2 0.455692 -0.00355204 -0.291077\n3 -0.45871 0.00471217 -0.285687\n2\n-0.00150891 0.000580067 -0.288382\n-0.999942 0.00903731 0.00589448\n2\n6 0.485805 -0.331506 -0.390536\n7 -0.488419 -0.319849 -0.387526\n2\n-0.0013073 -0.325678 -0.389031\n-0.999924 0.0119644 0.00308979\n2\n8 -0.483823 -0.312109 0.534389\n9 0.483238 -0.309023 0.534942\n2\n-0.000292522 -0.310566 0.534665\n0.999995 0.00319101 0.000570871\n2\n10 0.440479 0.147166 0.101537\n11 -0.444411 0.147166 0.100053\n2\n-0.001966 0.147166 0.100795\n-0.999999 0 -0.00167648\nL 12\n0\n3\n3\n3\n3\n1\n2\n2\n2\n2\n3\n3"
}