{
    "boxes": [
        [
            -0.004390370100736618,
            -0.06266000121831894,
            0.17671099305152893,
            0.12633100152015686,
            0.6957889795303345,
            0.7378079891204834,
            -0.000395365001168102,
            0.9999939799308777,
            0.0033497600816190243,
            6.621909847126517e-07,
            -0.0033497600816190243,
            0.9999939799308777
        ],
        [
            -0.3397749960422516,
            -0.39296799898147583,
            -0.2646059989929199,
            0.7881410121917725,
            0.061003901064395905,
            0.048542898148298264,
            0.12975500524044037,
            0.960545003414154,
            0.24600200355052948,
            0.12246300280094147,
            -0.2617250084877014,
            0.9573420286178589
        ],
        [
            0.33463799953460693,
            -0.39494699239730835,
            -0.2556779980659485,
            0.7811610102653503,
            0.09192830324172974,
            0.055296000093221664,
            -0.11848100274801254,
            0.9560229778289795,
            0.2682949900627136,
            0.14462000131607056,
            -0.25070300698280334,
            0.9572010040283203
        ],
        [
            -0.3427009880542755,
            -0.40968599915504456,
            0.4492560029029846,
            0.7418410181999207,
            0.04850120097398758,
            0.05788299813866615,
            0.12095600366592407,
            0.982388973236084,
            -0.142412006855011,
            -0.662198007106781,
            0.1867319941520691,
            0.7256889939308167
        ],
        [
            -0.3838199973106384,
            -0.7776380181312561,
            0.07416760176420212,
            0.07317639887332916,
            0.8582119941711426,
            0.02826620079576969,
            0.21850399672985077,
            0.9758340120315552,
            -0.0019467499805614352,
            0.0019467499805614352,
            0.0015590500552207232,
            0.9999970197677612
        ],
        [
            -0.005945280194282532,
            0.3023830056190491,
            -0.198730006814003,
            0.7047330141067505,
            0.22499200701713562,
            0.751384973526001,
            -0.01855270005762577,
            0.9179379940032959,
            -0.39628899097442627,
            -0.028209200128912926,
            0.3957189917564392,
            0.9179379940032959
        ]
    ],
    "ops": [
        [
            0,
            0,
            0,
            0,
            0,
            1,
            2,
            1,
            1,
            1,
            0,
            1
        ]
    ],
    "syms": [
        [
            0.0,
            0.9999309778213501,
            -0.007642639800906181,
            -0.0089327497407794,
            -0.006934550125151873,
            -0.4122520089149475,
            0.44625699520111084,
            0.0
        ]
    ],
    "labels:": [
        [
            1,
            2,
            2,
            2,
            2,
            0
        ]
    ],
    "obj": 38614,
    "mat_index": 2762,
    "obbs": "N 8\n-0.00594528 0.302383 -0.19873 -0.0185527 0.917938 -0.396289 -0.0282092 0.395719 0.917938 0.99943 0.0282092 0.0185527 0.704733 0.224992 0.751385\n-0.00439037 -0.06266 0.176711 -6.62191e-07 0.00334976 -0.999994 -0.000395365 0.999994 0.00334976 1 0.000395365 6.62191e-07 0.695789 0.126331 0.737808\n0.328832 -0.414818 0.443257 0.616301 -0.0198072 -0.787262 0.776561 0.181414 0.603359 0.130869 -0.983207 0.127187 0.0570512 0.0338152 0.750335\n0.334638 -0.394947 -0.255678 0.118481 -0.956023 -0.268295 0.982368 0.152211 -0.108557 0.14462 -0.250703 0.957201 0.781161 0.055296 0.0919283\n-0.339775 -0.392968 -0.264606 -0.122463 0.261725 -0.957342 0.983955 -0.0940936 -0.151591 -0.129755 -0.960545 -0.246002 0.0610039 0.0485429 0.788141\n-0.342701 -0.409686 0.449256 -0.739502 -0.00652857 -0.673123 -0.662198 0.186732 0.725689 0.120956 0.982389 -0.142412 0.057883 0.0485012 0.741841\n0.377639 -0.769747 0.0731725 0.0768902 -0.99704 3.82247e-05 0.99704 0.0768902 -4.1286e-05 3.82247e-05 4.1286e-05 1 0.0874059 0.0239605 0.857418\n-0.38382 -0.777638 0.0741676 -0.218504 -0.975834 0.00194675 0.975834 -0.218507 -0.00155905 0.00194675 0.00155905 0.999997 0.0731764 0.0282662 0.858212\nC 11\n0 1\n0 4\n0 3\n1 2\n1 3\n1 4\n1 5\n2 6\n3 6\n4 7\n5 7\nS 2\n2\n2 0.328832 -0.414818 0.443257\n5 -0.342701 -0.409686 0.449256\n2\n-0.00693455 -0.412252 0.446257\n-0.999931 0.00764264 0.00893275\n2\n6 0.377639 -0.769747 0.0731725\n7 -0.38382 -0.777638 0.0741676\n2\n-0.00309088 -0.773692 0.07367\n-0.999945 -0.0103628 0.00130671\nL 8\n0\n1\n2\n2\n2\n2\n2\n2"
}