{
    "boxes": [
        [
            -0.007360000163316727,
            -0.10174299776554108,
            0.14988400042057037,
            0.06218399852514267,
            0.6020749807357788,
            0.7001219987869263,
            0.0,
            1.0,
            0.0,
            0.0,
            0.0,
            1.0
        ],
        [
            -0.36366599798202515,
            -0.4620710015296936,
            -0.20200799405574799,
            0.7718440294265747,
            0.05304969847202301,
            0.03605189919471741,
            0.2041420042514801,
            0.9479960203170776,
            0.2441920042037964,
            -0.5901399850845337,
            -0.07984960079193115,
            0.8033419847488403
        ],
        [
            0.3577759861946106,
            -0.4599960148334503,
            0.369051992893219,
            0.728193998336792,
            0.04690089821815491,
            0.03851880133152008,
            -0.1538199931383133,
            0.9850040078163147,
            -0.07814270257949829,
            -0.5597180128097534,
            -0.021687500178813934,
            0.8283990025520325
        ],
        [
            -0.36707401275634766,
            -0.4563930034637451,
            0.35390201210975647,
            0.7281050086021423,
            0.04072219878435135,
            0.025543900206685066,
            0.17512500286102295,
            0.9831600189208984,
            -0.05222129821777344,
            0.009062949568033218,
            0.0514288991689682,
            0.99863600730896
        ],
        [
            -0.007335499860346317,
            0.24768300354480743,
            -0.14054499566555023,
            0.6905099749565125,
            0.11031000316143036,
            0.6999430060386658,
            0.0,
            1.0,
            0.0,
            0.0,
            0.0,
            1.0
        ]
    ],
    "ops": [
        [
            0,
            0,
            2,
            0,
            0,
            1,
            1,
            1,
            0,
            1
        ]
    ],
    "syms": [
        [
            0.0,
            0.9984350204467773,
            -0.008540250360965729,
            0.0552728995680809,
            0.008005769923329353,
            -0.4652499854564667,
            -0.18143199384212494,
            0.0
        ]
    ],
    "labels:": [
        [
            1,
            2,
            2,
            2,
            0
        ]
    ],
    "obj": 38622,
    "mat_index": 2764,
    "obbs": "N 6\n-0.0073355 0.247683 -0.140545 1 0 0 0 1 0 0 0 1 0.699943 0.69051 0.11031\n-0.00736 -0.101743 0.149884 1 0 0 0 1 0 0 0 1 0.700122 0.062184 0.602075\n-0.363666 -0.462071 -0.202008 0.59014 0.0798496 -0.803342 0.781064 -0.308103 0.54315 -0.204142 -0.947996 -0.244192 0.0530497 0.0360519 0.771844\n0.379677 -0.46843 -0.160857 -0.598698 0.0519976 -0.799285 0.770779 0.308812 -0.557256 0.217853 -0.949701 -0.224964 0.0382048 0.0378173 0.76889\n0.357776 -0.459996 0.369052 0.559718 0.0216875 -0.828399 0.814282 0.171162 0.55466 0.15382 -0.985004 0.0781427 0.0469009 0.0385188 0.728194\n-0.367074 -0.456393 0.353902 -0.00906295 -0.0514289 -0.998636 0.984504 -0.17536 9.61864e-05 -0.175125 -0.98316 0.0522213 0.0407222 0.0255439 0.728105\nC 7\n0 1\n0 3\n0 2\n1 2\n1 3\n1 4\n1 5\nS 1\n2\n2 -0.363666 -0.462071 -0.202008\n3 0.379677 -0.46843 -0.160857\n2\n0.00800577 -0.46525 -0.181432\n0.998435 -0.00854025 0.0552729\nL 6\n0\n1\n2\n2\n2\n2"
}