{
    "boxes": [
        [
            0.01888350024819374,
            -0.13121700286865234,
            0.21389099955558777,
            0.16279800236225128,
            0.5242869853973389,
            1.3832800388336182,
            0.0,
            1.0,
            0.0,
            0.0,
            0.0,
            1.0
        ],
        [
            -0.692575991153717,
            -0.04413929954171181,
            0.424560010433197,
            0.38162699341773987,
            0.09855510294437408,
            0.0491240993142128,
            -0.0019378700526431203,
            0.994845986366272,
            0.10138200223445892,
            -0.049205899238586426,
            -0.10135400295257568,
            0.993632972240448
        ],
        [
            -0.6918969750404358,
            -0.04935749992728233,
            -0.19846299290657043,
            0.32174500823020935,
            0.11371699720621109,
            0.05278100073337555,
            0.0,
            1.0,
            0.0,
            0.0,
            0.0,
            1.0
        ],
        [
            -0.6911519765853882,
            0.13753700256347656,
            0.11890900135040283,
            0.07931850105524063,
            0.7907450199127197,
            0.07669349759817123,
            0.02446959912776947,
            0.9986500144004822,
            -0.04582029953598976,
            0.0005609819781966507,
            0.04582029953598976,
            0.9989500045776367
        ],
        [
            -0.6927509903907776,
            -0.392071008682251,
            -0.2007090002298355,
            0.3811799883842468,
            0.11716499924659729,
            0.04523000121116638,
            0.0,
            1.0,
            0.0,
            0.0,
            0.0,
            1.0
        ],
        [
            -0.689864993095398,
            -0.1731709986925125,
            0.11600500345230103,
            0.09758300334215164,
            0.6168509721755981,
            0.043352000415325165,
            0.0,
            1.0,
            0.0,
            0.0,
            0.0,
            1.0
        ],
        [
            -0.6927549839019775,
            -0.4048439860343933,
            0.43407100439071655,
            0.3555620014667511,
            0.11541099846363068,
            0.04515000060200691,
            0.0,
            1.0,
            0.0,
            0.0,
            0.0,
            1.0
        ],
        [
            -0.33604198694229126,
            0.14597100019454956,
            -0.23298700153827667,
            0.7524870038032532,
            0.2201859951019287,
            0.6737030148506165,
            0.00037761201383545995,
            0.9317389726638794,
            -0.36313000321388245,
            0.000552445009816438,
            0.36312898993492126,
            0.9317389726638794
        ]
    ],
    "ops": [
        [
            0,
            0,
            0,
            0,
            1,
            1,
            2,
            1,
            0,
            0,
            0,
            1,
            1,
            2,
            1,
            0,
            2,
            1
        ]
    ],
    "syms": [
        [
            0.0,
            0.9999949932098389,
            -0.003238220000639558,
            0.0006659090286120772,
            0.014460899867117405,
            -0.046428900212049484,
            0.42503100633621216,
            0.0
        ],
        [
            0.0,
            0.9999949932098389,
            -0.0030702899675816298,
            -0.00010782200115500018,
            0.014426499605178833,
            -0.39424198865890503,
            -0.20078499615192413,
            0.0
        ],
        [
            0.0,
            1.0,
            -2.064629916276317e-05,
            -6.191669672261924e-05,
            0.018901800736784935,
            0.14596399664878845,
            -0.2330089956521988,
            0.0
        ]
    ],
    "labels:": [
        [
            1,
            3,
            3,
            3,
            2,
            2,
            2,
            0
        ]
    ],
    "obj": 38624,
    "mat_index": 2766,
    "obbs": "N 15\n0.373845 0.145957 -0.233031 1 -0.000553648 -0.000378331 0.000553648 0.363368 0.931646 -0.000378331 -0.931646 0.363368 0.673703 0.220259 0.752492\n-0.336042 0.145971 -0.232987 1 -0.000552445 -0.000377612 0.000552445 0.363129 0.931739 -0.000377612 -0.931739 0.36313 0.673703 0.220186 0.752487\n0.0188835 -0.131217 0.213891 1 0 0 0 1 0 0 0 1 1.38328 0.162798 0.524287\n0.721355 -0.0551755 -0.198463 1 0 0 0 1 0 0 0 1 0.048698 0.327501 0.113717\n0.721498 -0.0487184 0.425502 -0.000525228 -0.99598 -0.0895751 0.999299 -0.00387662 0.0372445 -0.037442 -0.0894927 0.995283 0.389529 0.0478925 0.100014\n-0.692576 -0.0441393 0.42456 0.00193787 -0.994846 -0.101382 0.998787 -0.00306304 0.0491487 -0.0492059 -0.101354 0.993633 0.381627 0.0491241 0.0985551\n-0.691897 -0.0493575 -0.198463 1 0 0 0 1 0 0 0 1 0.052781 0.321745 0.113717\n0.723217 0.13761 0.118908 -0.00041771 -0.0454959 -0.998964 0.0183515 0.998796 -0.0454959 0.999832 -0.0183515 0.00041771 0.790737 0.0789242 0.0764168\n-0.691152 0.137537 0.118909 -0.000560982 -0.0458203 -0.99895 0.0244696 0.99865 -0.0458203 0.9997 -0.0244696 0.000560982 0.790745 0.0793185 0.0766935\n0.72449 -0.173171 0.116005 1 0 0 0 1 0 0 0 1 0.043352 0.097583 0.616851\n-0.689865 -0.173171 0.116005 1 0 0 0 1 0 0 0 1 0.043352 0.097583 0.616851\n0.7216 -0.399483 0.434158 1 0 0 0 1 0 0 0 1 0.04515 0.366283 0.115238\n0.721604 -0.396413 -0.200861 1 0 0 0 1 0 0 0 1 0.04523 0.372495 0.11686\n-0.692755 -0.404844 0.434071 1 0 0 0 1 0 0 0 1 0.04515 0.355562 0.115411\n-0.692751 -0.392071 -0.200709 1 0 0 0 1 0 0 0 1 0.04523 0.38118 0.117165\nC 41\n0 2\n0 7\n0 3\n0 12\n0 1\n0 9\n1 6\n1 2\n1 14\n1 10\n1 8\n2 8\n2 12\n2 5\n2 9\n2 13\n2 6\n2 10\n2 3\n2 14\n2 7\n2 11\n2 4\n3 7\n3 9\n3 12\n4 7\n4 9\n4 11\n5 13\n5 8\n5 10\n6 14\n6 10\n6 8\n7 9\n8 10\n9 11\n9 12\n10 13\n10 14\nS 7\n2\n0 0.373845 0.145957 -0.233031\n1 -0.336042 0.145971 -0.232987\n2\n0.0189018 0.145964 -0.233009\n-1 2.06463e-05 6.19167e-05\n2\n3 0.721355 -0.0551755 -0.198463\n6 -0.691897 -0.0493575 -0.198463\n2\n0.0147292 -0.0522665 -0.198463\n-0.999992 0.00411671 0\n2\n4 0.721498 -0.0487184 0.425502\n5 -0.692576 -0.0441393 0.42456\n2\n0.0144609 -0.0464289 0.425031\n-0.999995 0.00323822 -0.000665909\n2\n7 0.723217 0.13761 0.118908\n8 -0.691152 0.137537 0.118909\n2\n0.0160325 0.137574 0.118908\n-1 -5.17126e-05 5.66024e-07\n2\n9 0.72449 -0.173171 0.116005\n10 -0.689865 -0.173171 0.116005\n2\n0.0173125 -0.173171 0.116005\n-1 0 0\n2\n11 0.7216 -0.399483 0.434158\n13 -0.692755 -0.404844 0.434071\n2\n0.0144225 -0.402164 0.434115\n-0.999993 -0.00379004 -6.11582e-05\n2\n12 0.721604 -0.396413 -0.200861\n14 -0.692751 -0.392071 -0.200709\n2\n0.0144265 -0.394242 -0.200785\n-0.999995 0.00307029 0.000107822\nL 15\n0\n0\n1\n3\n3\n3\n3\n3\n3\n2\n2\n2\n2\n2\n2"
}