{
    "boxes": [
        [
            0.004957499913871288,
            -0.0542140007019043,
            0.13740499317646027,
            0.13926999270915985,
            0.7065399885177612,
            0.7240790128707886,
            0.0,
            1.0,
            0.0,
            0.0,
            0.0,
            1.0
        ],
        [
            -0.40098199248313904,
            0.3095549941062927,
            -0.013625799678266048,
            0.07814040035009384,
            0.3500730097293854,
            0.16000600159168243,
            0.6283699870109558,
            0.7458239793777466,
            0.22113099694252014,
            -0.3874559998512268,
            0.05356819927692413,
            0.9203310012817383
        ],
        [
            -0.3828650116920471,
            -0.41904500126838684,
            -0.2051820009946823,
            0.7710630297660828,
            0.026114799082279205,
            0.04850370064377785,
            0.10415100306272507,
            0.9349930286407471,
            0.3390290141105652,
            -0.11119599640369415,
            -0.327798992395401,
            0.9381809830665588
        ],
        [
            -0.41133201122283936,
            -0.792693018913269,
            -0.34038400650024414,
            0.02830900065600872,
            0.039337001740932465,
            0.039337001740932465,
            0.0,
            1.0,
            0.0,
            0.0,
            0.0,
            1.0
        ],
        [
            -0.3648880124092102,
            -0.40565600991249084,
            0.40345698595046997,
            0.7603750228881836,
            0.028239499777555466,
            0.14501400291919708,
            0.1834769994020462,
            0.9802389740943909,
            -0.07394629716873169,
            0.5328869819641113,
            -0.035967301577329636,
            0.8454220294952393
        ],
        [
            -0.41133201122283936,
            -0.7940919995307922,
            0.4142740070819855,
            0.02551019936800003,
            0.039170801639556885,
            0.03917180001735687,
            6.696780019410653e-06,
            1.0,
            -2.00294000135548e-11,
            -0.10452800244092941,
            7.000239747867454e-07,
            0.994521975517273
        ],
        [
            0.007230699993669987,
            0.20604699850082397,
            -0.19832299649715424,
            0.5558580160140991,
            0.20947100222110748,
            0.7886710166931152,
            0.042404498904943466,
            0.9583730101585388,
            -0.2823539972305298,
            -0.01329679973423481,
            0.28312501311302185,
            0.9589909911155701
        ]
    ],
    "ops": [
        [
            0,
            0,
            2,
            1,
            0,
            0,
            1,
            0,
            0,
            1,
            1,
            2,
            1,
            0,
            1
        ]
    ],
    "syms": [
        [
            0.0,
            0.9998869895935059,
            -0.011264500208199024,
            0.009972910396754742,
            0.004167119972407818,
            0.3049910068511963,
            -0.009584859944880009,
            0.0
        ],
        [
            0.0,
            0.9999819993972778,
            -0.005916819907724857,
            -0.0013318300480023026,
            0.001320500043220818,
            -0.42131900787353516,
            -0.20569400489330292,
            0.0
        ]
    ],
    "labels:": [
        [
            1,
            3,
            2,
            2,
            2,
            2,
            0
        ]
    ],
    "obj": 38646,
    "mat_index": 2777,
    "obbs": "N 12\n0.0072307 0.206047 -0.198323 0.0424045 0.958373 -0.282354 -0.0132968 0.283125 0.958991 0.999012 -0.0369111 0.0247491 0.555858 0.209471 0.788671\n0.409316 0.300427 -0.00554389 0.71186 0.636242 -0.297409 -0.616448 0.768939 0.169485 0.336522 0.0626876 0.939587 0.158494 0.0680853 0.33794\n-0.400982 0.309555 -0.0136258 0.387456 -0.0535682 -0.920331 0.62837 0.745824 0.221131 0.674559 -0.663986 0.322634 0.350073 0.0781404 0.160006\n0.0049575 -0.054214 0.137405 1 0 0 0 1 0 0 0 1 0.724079 0.13927 0.70654\n0.385506 -0.423592 -0.206206 0.957334 0.165255 -0.23707 0.278327 -0.306546 0.910255 0.0777517 -0.937401 -0.339462 0.0468292 0.0289529 0.762961\n0.383061 -0.402227 0.410226 -0.204134 0.974898 -0.0888952 -0.55383 -0.040132 0.831662 0.807219 0.219003 0.54812 0.76088 0.0292513 0.138771\n-0.364888 -0.405656 0.403457 0.826056 -0.19452 -0.528955 0.532887 -0.0359673 0.845422 -0.183477 -0.980239 0.0739463 0.145014 0.0282395 0.760375\n-0.382865 -0.419045 -0.205182 0.104151 0.934993 0.339029 -0.111196 -0.327799 0.938181 0.988326 -0.135412 0.069827 0.771063 0.0261148 0.0485037\n-0.411332 -0.792693 -0.340384 1 0 0 0 1 0 0 0 1 0.039337 0.028309 0.039337\n0.421215 -0.792693 -0.340384 1 0 0 0 1 0 0 0 1 0.039336 0.028309 0.039337\n0.421215 -0.794092 0.414274 -0.994522 -2.69554e-06 -0.104528 -2.71039e-06 1 1.65837e-16 0.104528 2.83313e-07 -0.994522 0.0391718 0.0255101 0.0391708\n-0.411332 -0.794092 0.414274 -0.994522 6.66009e-06 -0.104528 6.69678e-06 1 -2.00294e-11 0.104528 -7.00024e-07 -0.994522 0.0391718 0.0255102 0.0391708\nC 15\n0 1\n0 7\n0 4\n0 3\n0 2\n1 3\n2 3\n3 6\n3 7\n3 4\n3 5\n4 9\n5 10\n6 11\n7 8\nS 5\n2\n1 0.409316 0.300427 -0.00554389\n2 -0.400982 0.309555 -0.0136258\n2\n0.00416712 0.304991 -0.00958486\n-0.999887 0.0112645 -0.00997291\n2\n4 0.385506 -0.423592 -0.206206\n7 -0.382865 -0.419045 -0.205182\n2\n0.0013205 -0.421319 -0.205694\n-0.999982 0.00591682 0.00133183\n2\n5 0.383061 -0.402227 0.410226\n6 -0.364888 -0.405656 0.403457\n2\n0.0090867 -0.403941 0.406842\n-0.999949 -0.00458428 -0.00904922\n2\n8 -0.411332 -0.792693 -0.340384\n9 0.421215 -0.792693 -0.340384\n2\n0.00494125 -0.792693 -0.340384\n1 0 0\n2\n10 0.421215 -0.794092 0.414274\n11 -0.411332 -0.794092 0.414274\n2\n0.00494153 -0.794092 0.414274\n-1 -3.4865e-08 -1.24865e-07\nL 12\n0\n3\n3\n1\n2\n2\n2\n2\n2\n2\n2\n2"
}