{
    "boxes": [
        [
            -0.012830999679863453,
            -0.11949899792671204,
            0.16256000101566315,
            0.14129599928855896,
            0.6657090187072754,
            0.7418140172958374,
            0.0,
            1.0,
            0.0,
            0.0,
            0.0,
            1.0
        ],
        [
            -0.012830499559640884,
            -0.29789999127388,
            -0.17275099456310272,
            0.05584760010242462,
            0.013141199946403503,
            0.673458993434906,
            -2.1211699931245054e-13,
            0.9728059768676758,
            0.23162199556827545,
            -1.6771799877732252e-13,
            -0.23162199556827545,
            0.9728059768676758
        ],
        [
            -0.3659859895706177,
            -0.49005499482154846,
            0.4325529932975769,
            0.647845983505249,
            0.04742199927568436,
            0.03550399839878082,
            0.0,
            1.0,
            0.0,
            0.0,
            0.0,
            1.0
        ],
        [
            -0.3700920045375824,
            -0.2829189896583557,
            0.14187000691890717,
            0.02463800087571144,
            0.5604339838027954,
            0.02463899925351143,
            0.0,
            1.0,
            0.0,
            0.0,
            0.0,
            1.0
        ],
        [
            -0.365666002035141,
            -0.4790860116481781,
            -0.19271700084209442,
            0.6955350041389465,
            0.05442899838089943,
            0.03981490060687065,
            -0.005367550067603588,
            0.9745979905128479,
            0.22389599680900574,
            0.07907810062170029,
            -0.22278399765491486,
            0.971655011177063
        ],
        [
            -0.012887299992144108,
            0.3753319978713989,
            -0.281466007232666,
            0.5498080253601074,
            0.1345369964838028,
            0.5846449732780457,
            -0.00016269899788312614,
            0.9428499937057495,
            -0.33321601152420044,
            -0.00023006100673228502,
            0.33321601152420044,
            0.9428499937057495
        ],
        [
            -0.013434999622404575,
            0.2797279953956604,
            -0.2808440029621124,
            0.865539014339447,
            0.061604999005794525,
            0.676518976688385,
            -0.0015123899793252349,
            0.9569969773292542,
            -0.29009199142456055,
            -0.002038789913058281,
            0.2900890111923218,
            0.9569969773292542
        ]
    ],
    "ops": [
        [
            0,
            0,
            0,
            0,
            0,
            1,
            1,
            2,
            1,
            1,
            0,
            0,
            1,
            1
        ]
    ],
    "syms": [
        [
            0.0,
            0.999987006187439,
            0.004657949786633253,
            -0.0018461899599060416,
            -0.012830800376832485,
            -0.48840999603271484,
            0.4319010078907013,
            0.0
        ]
    ],
    "labels:": [
        [
            1,
            2,
            2,
            2,
            2,
            0,
            0
        ]
    ],
    "obj": 38654,
    "mat_index": 2782,
    "obbs": "N 10\n-0.0128873 0.375332 -0.281466 -0.000162699 0.94285 -0.333216 -0.000230061 0.333216 0.94285 1 0.000230061 0.000162699 0.549808 0.134537 0.584645\n-0.0128305 -0.2979 -0.172751 -2.12117e-13 0.972806 0.231622 -1.67718e-13 -0.231622 0.972806 1 1.67502e-13 2.12288e-13 0.0558476 0.0131412 0.673459\n0.344431 -0.282919 0.14187 1 0 0 0 1 0 0 0 1 0.024638 0.024638 0.560434\n-0.370092 -0.282919 0.14187 1 0 0 0 1 0 0 0 1 0.024639 0.024638 0.560434\n-0.012831 -0.119499 0.16256 1 0 0 0 1 0 0 0 1 0.741814 0.141296 0.665709\n-0.365666 -0.479086 -0.192717 0.996854 0.0229207 -0.0758736 0.0790781 -0.222784 0.971655 0.00536755 -0.974598 -0.223896 0.0398149 0.054429 0.695535\n0.340338 -0.475819 -0.193812 -0.995027 0.00400044 -0.0995293 -0.0978912 -0.22407 0.969644 -0.0184225 0.974565 0.223347 0.0512345 0.0498932 0.701494\n0.340325 -0.486765 0.431249 1 0 0 0 1 0 0 0 1 0.035503 0.654426 0.05003\n-0.365986 -0.490055 0.432553 1 0 0 0 1 0 0 0 1 0.035504 0.647846 0.047422\n-0.013435 0.279728 -0.280844 0.999997 0.00203879 0.00151239 -0.00203879 0.290089 0.956997 0.00151239 -0.956997 0.290092 0.676519 0.061605 0.865539\nC 23\n0 4\n0 9\n1 3\n1 6\n1 2\n1 5\n1 4\n1 9\n2 9\n2 6\n2 7\n2 4\n3 9\n3 5\n3 8\n3 4\n4 7\n4 8\n4 9\n4 5\n4 6\n5 9\n6 9\nS 3\n2\n2 0.344431 -0.282919 0.14187\n3 -0.370092 -0.282919 0.14187\n2\n-0.0128307 -0.282919 0.14187\n-1 0 0\n2\n5 -0.365666 -0.479086 -0.192717\n6 0.340338 -0.475819 -0.193812\n2\n-0.012664 -0.477453 -0.193264\n0.999988 0.00462859 -0.00154994\n2\n7 0.340325 -0.486765 0.431249\n8 -0.365986 -0.490055 0.432553\n2\n-0.0128308 -0.48841 0.431901\n-0.999987 -0.00465795 0.00184619\nL 10\n0\n2\n2\n2\n1\n2\n2\n2\n2\n0"
}