{
    "boxes": [
        [
            -0.0018301700474694371,
            0.012601199559867382,
            0.1221650019288063,
            0.12266600131988525,
            0.5389320254325867,
            0.613070011138916,
            -0.0017386700492352247,
            0.9947890043258667,
            -0.10193900018930435,
            -8.885040006134659e-05,
            0.10193900018930435,
            0.9947909712791443
        ],
        [
            -0.005329499952495098,
            -0.22919900715351105,
            0.0577474981546402,
            0.5000380277633667,
            0.43998101353645325,
            0.5442370176315308,
            0.0,
            1.0,
            0.0,
            0.0,
            0.0,
            1.0
        ],
        [
            -0.008158420212566853,
            0.27880799770355225,
            -0.01883539929986,
            1.4402199983596802,
            0.3929539918899536,
            0.5075590014457703,
            -0.010780200362205505,
            0.9837049841880798,
            -0.17946499586105347,
            -0.012923999689519405,
            0.1793230026960373,
            0.9837049841880798
        ],
        [
            0.005282999947667122,
            0.02039860002696514,
            -0.22138500213623047,
            1.0138399600982666,
            0.1262899935245514,
            0.022468000650405884,
            -2.2082800091497812e-16,
            0.994521975517273,
            -0.10452800244092941,
            -2.3209999773968312e-17,
            0.10452800244092941,
            0.994521975517273
        ]
    ],
    "ops": [
        [
            0,
            0,
            1,
            0,
            0,
            1,
            1
        ]
    ],
    "syms": [
        [
            0.0,
            0.0,
            0.0,
            0.0,
            0.0,
            0.0,
            0.0,
            0.0
        ]
    ],
    "labels:": [
        [
            1,
            2,
            0,
            0
        ]
    ],
    "obj": 38676,
    "mat_index": 2790,
    "obbs": "N 4\n-0.00815842 0.278808 -0.0188354 0.999858 0.012924 0.0107802 -0.012924 0.179323 0.983705 0.0107802 -0.983705 0.179465 0.507559 0.392954 1.44022\n-0.0053295 -0.229199 0.0577475 1 0 0 0 1 0 0 0 1 0.544237 0.500038 0.439981\n-0.00183017 0.0126012 0.122165 0.999998 0.00173867 -8.88504e-05 -0.00173867 0.994789 -0.101939 -8.88504e-05 0.101939 0.994791 0.61307 0.122666 0.538932\n0.005283 0.0203986 -0.221385 -2.20828e-16 0.994522 -0.104528 1 2.22045e-16 0 2.321e-17 -0.104528 -0.994522 1.01384 0.022468 0.12629\nC 5\n0 1\n0 3\n0 2\n1 3\n1 2\nS 0\nL 4\n0\n2\n1\n0"
}