{
    "boxes": [
        [
            0.01283000037074089,
            -0.009909999556839466,
            0.11728499829769135,
            0.13007999956607819,
            0.7804819941520691,
            0.7804819941520691,
            0.0,
            1.0,
            0.0,
            0.0,
            0.0,
            1.0
        ],
        [
            -0.3997739851474762,
            -0.34262800216674805,
            -0.35659900307655334,
            0.9093980193138123,
            0.12287899851799011,
            0.07214739918708801,
            -0.010371199809014797,
            0.944599986076355,
            0.32806000113487244,
            -0.2304379940032959,
            -0.32150501012802124,
            0.9184409976005554
        ],
        [
            -0.3860830068588257,
            -0.3784709870815277,
            0.5161979794502258,
            0.7804819941520691,
            0.08671999722719193,
            0.08671999722719193,
            0.0,
            1.0,
            0.0,
            0.0,
            0.0,
            1.0
        ],
        [
            -0.40293198823928833,
            0.31839901208877563,
            -0.2734769880771637,
            0.5981960296630859,
            0.0979074016213417,
            0.061434000730514526,
            -0.0059104799292981625,
            0.9915680289268494,
            -0.12945300340652466,
            -0.08187709748744965,
            0.1285409927368164,
            0.9883189797401428
        ],
        [
            0.01283000037074089,
            0.34932100772857666,
            -0.3222329914569855,
            0.34796199202537537,
            0.09115300327539444,
            0.7804819941520691,
            -0.0,
            0.9886689782142639,
            -0.15011200308799744,
            0.0,
            0.15011200308799744,
            0.9886689782142639
        ],
        [
            0.01283000037074089,
            0.5812429785728455,
            -0.35441499948501587,
            0.06345800310373306,
            0.09304799884557724,
            0.7804819941520691,
            0.0,
            1.0,
            0.0,
            0.0,
            0.0,
            1.0
        ]
    ],
    "ops": [
        [
            0,
            0,
            0,
            1,
            2,
            1,
            0,
            2,
            0,
            0,
            1,
            1,
            1
        ]
    ],
    "syms": [
        [
            0.0,
            0.9995599985122681,
            0.028124000877141953,
            0.009394969791173935,
            0.014484399929642677,
            -0.33097198605537415,
            -0.3527050018310547,
            0.0
        ],
        [
            0.0,
            0.9990710020065308,
            0.04268350079655647,
            -0.005993850063532591,
            0.012863799929618835,
            0.3361630141735077,
            -0.27597200870513916,
            0.0
        ]
    ],
    "labels:": [
        [
            1,
            2,
            2,
            0,
            0,
            0
        ]
    ],
    "obj": 38680,
    "mat_index": 2793,
    "obbs": "N 9\n0.01283 0.349321 -0.322233 1 0 0 0 0.150112 0.988669 0 -0.988669 0.150112 0.780482 0.091153 0.347962\n0.01283 0.581243 -0.354415 1 0 0 0 1 0 0 0 1 0.780482 0.063458 0.093048\n0.01283 -0.00991 0.117285 1 0 0 0 1 0 0 0 1 0.780482 0.13008 0.780482\n0.42866 0.353927 -0.278466 0.000136107 0.991869 -0.127259 0.999557 0.00365055 0.0295218 0.0297463 -0.127207 -0.99143 0.526373 0.0559728 0.0963133\n-0.402932 0.318399 -0.273477 0.0818771 -0.128541 -0.988319 0.996625 0.0164407 0.080427 0.00591048 -0.991568 0.129453 0.0979074 0.061434 0.598196\n0.428743 -0.319316 -0.348811 0.000670355 -0.95872 -0.284351 0.996577 0.0241481 -0.0790684 0.082671 -0.283324 0.955454 0.950693 0.0622165 0.128261\n-0.399774 -0.342628 -0.356599 0.0103712 -0.9446 -0.32806 0.973032 -0.066072 0.221006 -0.230438 -0.321505 0.918441 0.909398 0.0721474 0.122879\n0.411743 -0.378471 0.516198 1 0 0 0 1 0 0 0 1 0.08672 0.780482 0.08672\n-0.386083 -0.378471 0.516198 1 0 0 0 1 0 0 0 1 0.08672 0.780482 0.08672\nC 16\n0 1\n0 6\n0 5\n0 4\n0 3\n0 2\n1 3\n1 4\n2 7\n2 6\n2 8\n2 4\n2 3\n2 5\n3 5\n4 6\nS 3\n2\n3 0.42866 0.353927 -0.278466\n4 -0.402932 0.318399 -0.273477\n2\n0.0128638 0.336163 -0.275972\n-0.999071 -0.0426835 0.00599385\n2\n5 0.428743 -0.319316 -0.348811\n6 -0.399774 -0.342628 -0.356599\n2\n0.0144844 -0.330972 -0.352705\n-0.99956 -0.028124 -0.00939497\n2\n7 0.411743 -0.378471 0.516198\n8 -0.386083 -0.378471 0.516198\n2\n0.01283 -0.378471 0.516198\n-1 0 0\nL 9\n0\n0\n1\n0\n0\n2\n2\n2\n2"
}