{
    "boxes": [
        [
            0.0026971299666911364,
            -0.11147300153970718,
            0.14228400588035583,
            0.1525609940290451,
            0.7997050285339355,
            0.7630630135536194,
            -0.00799454003572464,
            0.9985470175743103,
            0.05328590050339699,
            0.00021315300546120852,
            -0.05328590050339699,
            0.9985790252685547
        ],
        [
            0.0007019999902695417,
            -0.758853018283844,
            -0.39416900277137756,
            0.03585699945688248,
            0.044541001319885254,
            0.7207859754562378,
            0.0,
            1.0,
            0.0,
            0.0,
            0.0,
            1.0
        ],
        [
            -0.3505829870700836,
            -0.7124710083007812,
            0.07989049702882767,
            0.12669500708580017,
            0.9596570134162903,
            0.03677999973297119,
            0.0,
            1.0,
            0.0,
            0.0,
            0.0,
            1.0
        ],
        [
            0.3586829900741577,
            -0.4296340048313141,
            0.5201259851455688,
            0.668919026851654,
            0.08392419666051865,
            0.03984310105443001,
            0.00456908019259572,
            0.9832059741020203,
            -0.18243999779224396,
            0.07990369945764542,
            0.18150000274181366,
            0.9801390171051025
        ],
        [
            -0.00042799999937415123,
            0.6868640184402466,
            -0.3422980010509491,
            0.04077700152993202,
            0.03950300067663193,
            0.7198460102081299,
            0.0,
            1.0,
            0.0,
            0.0,
            0.0,
            1.0
        ],
        [
            0.0027524998877197504,
            0.03685149922966957,
            -0.23045599460601807,
            0.08960899710655212,
            0.03349100053310394,
            0.7623230218887329,
            0.0,
            1.0,
            0.0,
            0.0,
            0.0,
            1.0
        ],
        [
            0.0026906300336122513,
            -0.023087099194526672,
            -0.22603300213813782,
            0.08008109778165817,
            0.04147469997406006,
            0.7623080015182495,
            0.0017266799695789814,
            0.9782549738883972,
            -0.20739999413490295,
            0.0021311300806701183,
            0.207396999001503,
            0.9782549738883972
        ],
        [
            0.002812500111758709,
            0.09611000120639801,
            -0.22707299888134003,
            0.05525999888777733,
            0.03191100060939789,
            0.7624809741973877,
            0.0,
            1.0,
            0.0,
            0.0,
            0.0,
            1.0
        ],
        [
            0.0026801100466400385,
            0.6732320189476013,
            -0.3061339855194092,
            0.1268170028924942,
            0.04041000083088875,
            0.7620459794998169,
            -0.001240459969267249,
            0.8079059720039368,
            -0.5893110036849976,
            -0.0024402299895882607,
            0.5893070101737976,
            0.8079059720039368
        ],
        [
            0.002653710078448057,
            0.23023000359535217,
            -0.2190299928188324,
            0.07612460106611252,
            0.03221390023827553,
            0.7623220086097717,
            -0.002542860107496381,
            0.9992619752883911,
            0.03831750154495239,
            -0.00244721001945436,
            -0.03832380101084709,
            0.9992619752883911
        ],
        [
            -0.3506399989128113,
            0.40809500217437744,
            -0.26725101470947266,
            0.5882710218429565,
            0.09248320013284683,
            0.04017680138349533,
            -0.005709270015358925,
            0.9835109710693359,
            -0.180758997797966,
            0.07710199803113937,
            0.18065699934959412,
            0.9805189967155457
        ],
        [
            -0.35252198576927185,
            0.027096500620245934,
            -0.24779799580574036,
            0.20343899726867676,
            0.047120001167058945,
            0.032614998519420624,
            0.0,
            1.0,
            0.0,
            0.0,
            0.0,
            1.0
        ]
    ],
    "ops": [
        [
            0,
            0,
            0,
            0,
            1,
            2,
            1,
            1,
            0,
            0,
            2,
            1,
            0,
            2,
            0,
            2,
            1,
            1,
            0,
            0,
            1,
            2,
            0,
            0,
            1,
            2,
            1,
            1,
            1
        ]
    ],
    "syms": [
        [
            0.0,
            0.9999669790267944,
            -7.528060086769983e-05,
            -0.00811539962887764,
            0.0014214999973773956,
            -0.7124969959259033,
            0.07703369855880737,
            0.0
        ],
        [
            0.0,
            -0.00022917099704500288,
            0.9991160035133362,
            -0.04204690083861351,
            0.002691420027986169,
            0.3031579852104187,
            -0.24166299402713776,
            0.0
        ],
        [
            0.0,
            7.113379979273304e-05,
            0.9996129870414734,
            0.02782999910414219,
            0.0027051300276070833,
            0.18065699934959412,
            -0.22035999596118927,
            0.0
        ],
        [
            0.0,
            -0.00029294000705704093,
            0.9983119964599609,
            0.0580843985080719,
            0.0027822500560432673,
            0.19919900596141815,
            -0.22107499837875366,
            0.0
        ],
        [
            0.0,
            -0.00018743200052995235,
            0.9872180223464966,
            -0.15937399864196777,
            0.0027287700213491917,
            0.41695600748062134,
            -0.2647620141506195,
            0.0
        ],
        [
            0.0,
            0.9998490214347839,
            -0.016682300716638565,
            -0.004764920100569725,
            0.002107999986037612,
            0.402209997177124,
            -0.2689320147037506,
            0.0
        ]
    ],
    "labels:": [
        [
            1,
            2,
            2,
            2,
            0,
            0,
            0,
            0,
            0,
            0,
            0,
            0
        ]
    ],
    "obj": 38683,
    "mat_index": 2794,
    "obbs": "N 21\n0.00269713 -0.111473 0.142284 0.999968 0.00799454 0.000213153 -0.00799454 0.998547 0.0532859 0.000213153 -0.0532859 0.998579 0.763063 0.152561 0.799705\n0.00268011 0.673232 -0.306134 -0.00124046 0.807906 -0.589311 -0.00244023 0.589307 0.807906 0.999996 0.00244023 0.00124046 0.126817 0.04041 0.762046\n0.00263033 0.569465 -0.25287 1 7.32168e-05 5.00067e-05 -7.32168e-05 0.363808 0.931474 5.00067e-05 -0.931474 0.363808 0.762119 0.0315115 0.141673\n0.00260184 0.474117 -0.22586 -0.00111881 0.976981 -0.213321 -0.00138945 0.21332 0.976981 0.999998 0.00138945 0.00111881 0.11901 0.0331621 0.762077\n0.00271963 0.384401 -0.214688 -0.000141305 0.999503 -0.0315271 -0.000145833 0.0315271 0.999503 1 0.000145833 0.000141305 0.0967902 0.0315334 0.762205\n0.002752 0.302289 -0.215077 1 0 0 0 1 0 0 0 1 0.761962 0.095735 0.033135\n0.00265371 0.23023 -0.21903 -0.00254286 0.999262 0.0383175 -0.00244721 -0.0383238 0.999262 0.999994 0.00244721 0.00254286 0.0761246 0.0322139 0.762322\n0.00277743 0.160681 -0.223389 0.000187087 0.999979 0.00651757 0.000185871 -0.0065176 0.999979 1 -0.000185871 -0.000187087 0.0930459 0.0337941 0.76257\n0.0028125 0.09611 -0.227073 1 0 0 0 1 0 0 0 1 0.762481 0.05526 0.031911\n0.0027525 0.0368515 -0.230456 1 0 0 0 1 0 0 0 1 0.762323 0.089609 0.033491\n0.00269063 -0.0230871 -0.226033 0.999996 -0.00213113 -0.00172668 0.00213113 0.207397 0.978255 -0.00172668 -0.978255 0.2074 0.762308 0.0414747 0.0800811\n0.353426 -0.712524 0.074177 1 0 0 0 1 0 0 0 1 0.04205 0.126691 0.965382\n0.000702 -0.758853 -0.394169 1 0 0 0 1 0 0 0 1 0.720786 0.035857 0.044541\n-0.350583 -0.712471 0.0798905 1 0 0 0 1 0 0 0 1 0.03678 0.126695 0.959657\n0.354856 0.396324 -0.270613 0.00718223 0.992225 -0.124247 0.999472 -0.00318548 0.0323367 0.0316895 -0.124413 -0.991724 0.612533 0.0413001 0.100454\n-0.000428 0.686864 -0.342298 1 0 0 0 1 0 0 0 1 0.719846 0.040777 0.039503\n-0.35064 0.408095 -0.267251 -0.077102 -0.180657 -0.980519 0.997007 -0.00833882 -0.0768621 0.00570927 -0.983511 0.180759 0.0924832 0.0401768 0.588271\n-0.352484 -0.441539 0.531922 -0.00297247 -0.992089 0.1255 0.992089 -0.0186761 -0.124139 0.1255 0.124139 0.984296 0.636708 0.0371923 0.0854899\n0.358683 -0.429634 0.520126 -0.0799037 -0.1815 -0.980139 0.996792 -0.019056 -0.0777325 -0.00456908 -0.983206 0.18244 0.0839242 0.0398431 0.668919\n-0.352522 0.0270965 -0.247798 1 0 0 0 1 0 0 0 1 0.032615 0.203439 0.04712\n0.357981 0.011184 -0.250505 1 0 0 0 1 0 0 0 1 0.032263 0.188268 0.041703\nC 86\n0 20\n0 7\n0 10\n0 17\n0 14\n0 18\n0 8\n0 19\n0 6\n0 9\n0 16\n1 15\n1 16\n1 3\n1 14\n1 4\n1 2\n2 5\n2 6\n2 3\n2 14\n2 4\n2 16\n2 15\n3 7\n3 6\n3 5\n3 15\n3 16\n3 4\n3 14\n4 19\n4 5\n4 16\n4 6\n4 8\n4 7\n4 14\n4 20\n5 8\n5 14\n5 10\n5 7\n5 20\n5 16\n5 9\n5 6\n5 19\n6 9\n6 7\n6 10\n6 16\n6 14\n6 20\n6 8\n6 19\n7 19\n7 8\n7 20\n7 14\n7 16\n7 10\n7 9\n8 9\n8 19\n8 10\n8 16\n8 14\n8 20\n9 14\n9 16\n9 19\n9 20\n9 10\n10 14\n10 19\n10 20\n10 16\n11 18\n11 12\n12 13\n13 17\n14 15\n14 20\n15 16\n16 19\nS 9\n2\n10 0.00269063 -0.0230871 -0.226033\n4 0.00271963 0.384401 -0.214688\n2\n0.00270513 0.180657 -0.22036\n7.11338e-05 0.999613 0.02783\n2\n9 0.0027525 0.0368515 -0.230456\n2 0.00263033 0.569465 -0.25287\n2\n0.00269142 0.303158 -0.241663\n-0.000229171 0.999116 -0.0420469\n2\n8 0.0028125 0.09611 -0.227073\n5 0.002752 0.302289 -0.215077\n2\n0.00278225 0.199199 -0.221075\n-0.00029294 0.998312 0.0580844\n2\n7 0.00277743 0.160681 -0.223389\n1 0.00268011 0.673232 -0.306134\n2\n0.00272877 0.416956 -0.264762\n-0.000187432 0.987218 -0.159374\n2\n6 0.00265371 0.23023 -0.21903\n3 0.00260184 0.474117 -0.22586\n2\n0.00262778 0.352174 -0.222445\n-0.000212588 0.999608 -0.0279906\n2\n11 0.353426 -0.712524 0.074177\n13 -0.350583 -0.712471 0.0798905\n2\n0.0014215 -0.712497 0.0770337\n-0.999967 7.52806e-05 0.0081154\n2\n16 -0.35064 0.408095 -0.267251\n14 0.354856 0.396324 -0.270613\n2\n0.002108 0.40221 -0.268932\n0.999849 -0.0166823 -0.00476492\n2\n17 -0.352484 -0.441539 0.531922\n18 0.358683 -0.429634 0.520126\n2\n0.00309992 -0.435587 0.526024\n0.999722 0.0167366 -0.0165827\n2\n19 -0.352522 0.0270965 -0.247798\n20 0.357981 0.011184 -0.250505\n2\n0.0027295 0.0191403 -0.249151\n0.999742 -0.0223903 -0.00380829\nL 21\n1\n0\n0\n0\n0\n0\n0\n0\n0\n0\n0\n2\n2\n2\n0\n0\n0\n2\n2\n0\n0"
}