{
    "boxes": [
        [
            -0.0014270000392571092,
            -0.13329699635505676,
            0.2253659963607788,
            0.12609900534152985,
            0.7996379733085632,
            0.795993983745575,
            -1.8449499705752714e-09,
            0.9992110133171082,
            0.039721500128507614,
            3.6656500751464094e-11,
            -0.039721500128507614,
            0.9992110133171082
        ],
        [
            -0.44933900237083435,
            0.06864269822835922,
            0.24059900641441345,
            0.3943299949169159,
            0.05019040033221245,
            0.06809809803962708,
            0.017735600471496582,
            0.937425971031189,
            -0.3477329909801483,
            -0.04976150020956993,
            0.3481850028038025,
            0.9361039996147156
        ],
        [
            -0.44916999340057373,
            0.25859999656677246,
            -0.006190089974552393,
            0.02340880036354065,
            0.368461012840271,
            0.07469890266656876,
            -0.000125790000311099,
            0.999925971031189,
            0.012195300310850143,
            7.670499826417654e-07,
            -0.012195300310850143,
            0.999925971031189
        ],
        [
            -0.44917500019073486,
            0.23882900178432465,
            -0.03721600025892258,
            0.04505300149321556,
            0.4291360080242157,
            0.06019999831914902,
            0.0,
            1.0,
            0.0,
            0.0,
            0.0,
            1.0
        ],
        [
            -0.400424987077713,
            0.24345199763774872,
            -0.22211100161075592,
            0.02775369957089424,
            0.02966970019042492,
            0.05047230049967766,
            0.010207300074398518,
            0.9883679747581482,
            -0.15173999965190887,
            0.0007789600058458745,
            0.15173999965190887,
            0.9884200096130371
        ],
        [
            -0.44916999340057373,
            0.22564400732517242,
            -0.013358499854803085,
            0.016179999336600304,
            0.3539089858531952,
            0.07469800114631653,
            0.0,
            1.0,
            0.0,
            0.0,
            0.0,
            1.0
        ],
        [
            -0.0014285000506788492,
            -0.776174008846283,
            -0.35849401354789734,
            0.022979000583291054,
            0.02653300017118454,
            0.8413010239601135,
            0.0,
            1.0,
            0.0,
            0.0,
            0.0,
            1.0
        ],
        [
            -0.44917500019073486,
            -0.793586015701294,
            -0.25070399045944214,
            0.014925000257790089,
            0.11608199775218964,
            0.058042000979185104,
            0.0,
            1.0,
            0.0,
            0.0,
            0.0,
            1.0
        ],
        [
            -0.0014280000468716025,
            -0.19884100556373596,
            0.3446420133113861,
            0.049750201404094696,
            0.026533300057053566,
            0.8457440137863159,
            -0.0,
            0.9396979808807373,
            -0.34200501441955566,
            0.0,
            0.34200501441955566,
            0.9396979808807373
        ],
        [
            -0.44917500019073486,
            -0.793586015701294,
            0.35463300347328186,
            0.014925000257790089,
            0.11608300358057022,
            0.058042000979185104,
            0.0,
            1.0,
            0.0,
            0.0,
            0.0,
            1.0
        ],
        [
            -0.44917500019073486,
            -0.7561389803886414,
            0.061606500297784805,
            0.07539500296115875,
            0.8921129703521729,
            0.06019999831914902,
            0.0,
            1.0,
            0.0,
            0.0,
            0.0,
            1.0
        ],
        [
            -0.45044198632240295,
            -0.422419011592865,
            0.4169830083847046,
            0.6782209873199463,
            0.06850829720497131,
            0.0720226988196373,
            -0.013131899759173393,
            0.9491770267486572,
            -0.31446999311447144,
            -0.09049840271472931,
            0.31207799911499023,
            0.9457359910011292
        ],
        [
            -0.0008004130213521421,
            0.23075200617313385,
            -0.25821399688720703,
            1.0483100414276123,
            0.20237800478935242,
            0.8442929983139038,
            -0.001549170003272593,
            0.9852740168571472,
            -0.17097599804401398,
            -0.0018411499913781881,
            0.170973002910614,
            0.9852740168571472
        ]
    ],
    "ops": [
        [
            0,
            0,
            0,
            1,
            0,
            0,
            0,
            1,
            1,
            1,
            2,
            1,
            0,
            0,
            2,
            1,
            0,
            0,
            0,
            0,
            1,
            1,
            2,
            1,
            1,
            1,
            0,
            1
        ]
    ],
    "syms": [
        [
            0.0,
            0.9989879727363586,
            -0.04142089933156967,
            0.017503300681710243,
            -0.0015702899545431137,
            0.05007699877023697,
            0.24844400584697723,
            0.0
        ],
        [
            0.0,
            1.0,
            -0.0,
            -0.0,
            -0.001428249990567565,
            -0.793586015701294,
            -0.25070399045944214,
            0.0
        ],
        [
            0.0,
            1.0,
            -0.0,
            -0.0,
            -0.001428249990567565,
            -0.793586015701294,
            0.35463300347328186,
            0.0
        ]
    ],
    "labels:": [
        [
            1,
            3,
            3,
            3,
            3,
            3,
            2,
            2,
            2,
            2,
            2,
            2,
            0
        ]
    ],
    "obj": 38697,
    "mat_index": 2800,
    "obbs": "N 22\n-0.000800413 0.230752 -0.258214 0.999997 0.00184115 0.00154917 -0.00184115 0.170973 0.985274 0.00154917 -0.985274 0.170976 0.844293 0.202378 1.04831\n0.397569 0.243452 -0.222111 0.999948 0.0102066 -0.00077895 -0.0102066 0.988367 -0.151748 -0.00077895 0.151748 0.988419 0.0504723 0.0277536 0.0296698\n-0.400425 0.243452 -0.222111 -0.00077896 -0.15174 -0.98842 0.0102073 0.988368 -0.15174 0.999948 -0.0102073 0.00077896 0.0296697 0.0277537 0.0504723\n-0.001427 -0.133297 0.225366 1 1.84495e-09 3.66565e-11 -1.84495e-09 0.999211 0.0397215 3.66565e-11 -0.0397215 0.999211 0.795994 0.126099 0.799638\n0.446198 0.0315112 0.256289 -0.0197061 0.940173 -0.340126 -0.0280768 0.339538 0.940173 0.999412 0.0280768 0.0197061 0.457072 0.0455373 0.0687723\n-0.449339 0.0686427 0.240599 -0.998604 -0.000701351 -0.0528229 -0.0497615 0.348185 0.936104 0.0177356 0.937426 -0.347733 0.0680981 0.0501904 0.39433\n0.446324 0.225644 -0.0133585 1 0 0 0 1 0 0 0 1 0.074698 0.01618 0.353909\n0.446324 0.2586 -0.00619009 1 0.000126168 7.6936e-07 -0.000126168 0.999926 0.0121953 7.6936e-07 -0.0121953 0.999926 0.0746989 0.0234088 0.368461\n0.446319 0.238829 -0.0333465 1 0 0 0 1 0 0 0 1 0.060199 0.045053 0.436875\n-0.44917 0.225644 -0.0133585 1 0 0 0 1 0 0 0 1 0.074698 0.01618 0.353909\n-0.44917 0.2586 -0.00619009 -7.6705e-07 0.0121953 -0.999926 -0.00012579 0.999926 0.0121953 1 0.00012579 7.6705e-07 0.368461 0.0234088 0.0746989\n-0.449175 0.238829 -0.037216 1 0 0 0 1 0 0 0 1 0.0602 0.045053 0.429136\n0.446319 -0.750519 0.0645735 1 0 0 0 1 0 0 0 1 0.060199 0.086637 0.898047\n-0.0014285 -0.776174 -0.358494 1 0 0 0 1 0 0 0 1 0.841301 0.022979 0.026533\n-0.449175 -0.756139 0.0616065 1 0 0 0 1 0 0 0 1 0.0602 0.075395 0.892113\n-0.001428 -0.198841 0.344642 1 0 0 0 0.342005 0.939698 0 -0.939698 0.342005 0.845744 0.0265333 0.0497502\n0.4454 -0.453138 0.426465 -0.00762991 0.948179 -0.317646 -0.083225 0.315951 0.945118 0.996502 0.0336473 0.0765015 0.597107 0.0683078 0.067756\n-0.450442 -0.422419 0.416983 -0.0131319 0.949177 -0.31447 -0.0904984 0.312078 0.945736 0.99581 0.0408784 0.0818008 0.678221 0.0685083 0.0720227\n0.446319 -0.793586 -0.250704 1 0 0 0 1 0 0 0 1 0.058041 0.014925 0.116082\n0.446319 -0.793586 0.354633 1 0 0 -0 1 0 0 -0 1 0.058041 0.014925 0.116083\n-0.449175 -0.793586 0.354633 1 0 0 0 1 0 0 0 1 0.058042 0.014925 0.116083\n-0.449175 -0.793586 -0.250704 1 0 0 0 1 0 0 0 1 0.058042 0.014925 0.116082\nC 50\n0 7\n0 10\n0 3\n0 11\n0 8\n0 1\n0 6\n0 9\n0 2\n1 6\n1 8\n1 7\n2 9\n2 10\n2 11\n3 15\n3 17\n3 16\n3 5\n3 4\n4 7\n4 8\n4 16\n4 6\n4 15\n5 9\n5 11\n5 17\n5 15\n5 10\n6 7\n6 8\n7 8\n9 11\n9 10\n10 11\n12 16\n12 13\n12 18\n12 19\n13 21\n13 14\n13 18\n14 17\n14 20\n14 21\n15 16\n15 17\n16 19\n17 20\nS 9\n2\n1 0.397569 0.243452 -0.222111\n2 -0.400425 0.243452 -0.222111\n2\n-0.001428 0.243452 -0.222111\n-1 -9.34655e-09 5.26155e-10\n2\n4 0.446198 0.0315112 0.256289\n5 -0.449339 0.0686427 0.240599\n2\n-0.00157029 0.050077 0.248444\n-0.998988 0.0414209 -0.0175033\n2\n6 0.446324 0.225644 -0.0133585\n9 -0.44917 0.225644 -0.0133585\n2\n-0.001423 0.225644 -0.0133585\n-1 0 0\n2\n7 0.446324 0.2586 -0.00619009\n10 -0.44917 0.2586 -0.00619009\n2\n-0.00142342 0.2586 -0.00619009\n-1 -5.96998e-11 -7.65485e-13\n2\n8 0.446319 0.238829 -0.0333465\n11 -0.449175 0.238829 -0.037216\n2\n-0.00142825 0.238829 -0.0352813\n-0.999991 0 -0.00432104\n2\n12 0.446319 -0.750519 0.0645735\n14 -0.449175 -0.756139 0.0616065\n2\n-0.00142825 -0.753329 0.06309\n-0.999975 -0.00627683 -0.00331317\n2\n16 0.4454 -0.453138 0.426465\n17 -0.450442 -0.422419 0.416983\n2\n-0.00252108 -0.437778 0.421724\n-0.999357 0.0342689 -0.0105784\n2\n18 0.446319 -0.793586 -0.250704\n21 -0.449175 -0.793586 -0.250704\n2\n-0.00142825 -0.793586 -0.250704\n-1 0 0\n2\n19 0.446319 -0.793586 0.354633\n20 -0.449175 -0.793586 0.354633\n2\n-0.00142825 -0.793586 0.354633\n-1 0 0\nL 22\n0\n3\n3\n1\n3\n3\n3\n3\n3\n3\n3\n3\n2\n2\n2\n2\n2\n2\n2\n2\n2\n2"
}