{
    "boxes": [
        [
            0.001205040025524795,
            -0.049614399671554565,
            0.16756799817085266,
            0.11140900105237961,
            0.7603999972343445,
            0.7167260050773621,
            -0.003710400080308318,
            0.9992899894714355,
            -0.03749740123748779,
            -6.958989979466423e-05,
            0.03749740123748779,
            0.999297022819519
        ],
        [
            0.0011625000042840838,
            -0.6296420097351074,
            0.5024089813232422,
            0.037884000688791275,
            0.02347400039434433,
            0.6404010057449341,
            0.0,
            1.0,
            0.0,
            0.0,
            0.0,
            1.0
        ],
        [
            -0.3332580029964447,
            -0.3726629912853241,
            0.10939600318670273,
            0.043664999306201935,
            0.7078499794006348,
            0.028440000489354134,
            0.0,
            1.0,
            0.0,
            0.0,
            0.0,
            1.0
        ],
        [
            -0.3364650011062622,
            -0.4127059876918793,
            0.4951449930667877,
            0.709991991519928,
            0.0786254033446312,
            0.04027020186185837,
            0.003192619886249304,
            0.9972149729728699,
            -0.07451310008764267,
            0.022431200370192528,
            0.07442329823970795,
            0.996973991394043
        ],
        [
            0.0011625000042840838,
            -0.36686500906944275,
            -0.2821269929409027,
            0.049710001796483994,
            0.04055599868297577,
            0.6404010057449341,
            0.0,
            1.0,
            0.0,
            0.0,
            0.0,
            1.0
        ],
        [
            -0.33361300826072693,
            -0.4204240143299103,
            -0.289667010307312,
            0.6971120238304138,
            0.09966819733381271,
            0.05146380141377449,
            -0.010596400126814842,
            0.9808549880981445,
            0.1944510042667389,
            -0.1430319994688034,
            -0.19394899904727936,
            0.9705290198326111
        ],
        [
            0.0011630000080913305,
            0.47855401039123535,
            -0.29027101397514343,
            0.5654680132865906,
            0.06071139872074127,
            0.7175139784812927,
            4.1496601710377945e-09,
            0.9874460101127625,
            -0.15795400738716125,
            4.8662101015395365e-09,
            0.15795400738716125,
            0.9874460101127625
        ],
        [
            0.3379479944705963,
            0.4507870078086853,
            -0.3017289936542511,
            0.5064910054206848,
            0.06576090306043625,
            0.04290369898080826,
            -0.007626240141689777,
            0.9901300072669983,
            -0.13994699716567993,
            -0.07161419838666916,
            0.13905100524425507,
            0.9876919984817505
        ],
        [
            -0.33688899874687195,
            0.060040898621082306,
            -0.235725998878479,
            0.30719101428985596,
            0.10371799767017365,
            0.043074801564216614,
            -0.006019609980285168,
            0.9957020282745361,
            -0.09241549670696259,
            -0.06590739637613297,
            0.09182120114564896,
            0.9935920238494873
        ]
    ],
    "ops": [
        [
            0,
            0,
            0,
            0,
            1,
            2,
            1,
            0,
            0,
            2,
            1,
            1,
            1,
            0,
            0,
            0,
            1,
            2,
            1,
            1
        ]
    ],
    "syms": [
        [
            0.0,
            1.0,
            -0.0,
            -0.0,
            0.0011622499441727996,
            -0.3726629912853241,
            0.10939600318670273,
            0.0
        ],
        [
            0.0,
            0.9998909831047058,
            0.00013802299508824944,
            0.014786499552428722,
            0.002738960087299347,
            -0.4203769862651825,
            -0.28469300270080566,
            0.0
        ],
        [
            0.0,
            0.9999369978904724,
            0.0008445309940725565,
            -0.01119150035083294,
            0.0008401080267503858,
            0.4505020081996918,
            -0.2979559898376465,
            0.0
        ]
    ],
    "labels:": [
        [
            1,
            2,
            2,
            2,
            2,
            2,
            0,
            0,
            0
        ]
    ],
    "obj": 38792,
    "mat_index": 2851,
    "obbs": "N 14\n0.001163 0.478554 -0.290271 1 -4.86621e-09 -4.14966e-09 4.86621e-09 0.157954 0.987446 -4.14966e-09 -0.987446 0.157954 0.717514 0.0607114 0.565468\n0.00120504 -0.0496144 0.167568 0.999993 0.0037104 -6.95899e-05 -0.0037104 0.99929 -0.0374974 -6.95899e-05 0.0374974 0.999297 0.716726 0.111409 0.7604\n0.337948 0.450787 -0.301729 -0.00762624 0.99013 -0.139947 0.997403 0.0175546 0.0698469 0.0716142 -0.139051 -0.987692 0.506491 0.0429037 0.0657609\n-0.336268 0.450217 -0.294183 0.0471272 -0.109454 -0.992874 0.998877 0.000217621 0.0473881 -0.00497075 -0.993992 0.109341 0.0656086 0.0416853 0.506426\n0.0011625 -0.629642 0.502409 1 0 0 0 1 0 0 0 1 0.640401 0.037884 0.023474\n0.335583 -0.372663 0.109396 1 0 0 0 1 0 0 0 1 0.028439 0.043665 0.70785\n0.0011625 -0.366865 -0.282127 1 0 0 0 1 0 0 0 1 0.640401 0.04971 0.040556\n-0.333258 -0.372663 0.109396 1 0 0 0 1 0 0 0 1 0.02844 0.043665 0.70785\n0.338595 0.0573335 -0.238745 1 0 0 0 1 0 0 0 1 0.037074 0.319367 0.120957\n-0.336889 0.0600409 -0.235726 0.0659074 -0.0918212 -0.993592 0.997808 0.0120719 0.0650714 0.00601961 -0.995702 0.0924155 0.103718 0.0430748 0.307191\n0.338454 -0.417296 0.490268 -0.00408591 -0.056779 -0.998378 0.99997 0.00629975 -0.0044507 0.00654224 -0.998367 0.0567516 0.075673 0.0412991 0.70211\n0.339091 -0.420331 -0.279719 0.0019214 -0.985064 -0.172179 0.999296 0.00834248 -0.0365773 0.0374673 -0.171987 0.984386 0.706395 0.0400132 0.102131\n-0.336465 -0.412706 0.495145 -0.0224312 -0.0744233 -0.996974 0.999743 -0.00485438 -0.0221312 -0.00319262 -0.997215 0.0745131 0.0786254 0.0402702 0.709992\n-0.333613 -0.420424 -0.289667 0.143032 0.193949 -0.970529 0.989661 -0.0175287 0.142349 0.0105964 -0.980855 -0.194451 0.0996682 0.0514638 0.697112\nC 34\n0 3\n0 8\n0 1\n0 9\n0 2\n1 3\n1 6\n1 11\n1 2\n1 5\n1 10\n1 13\n1 9\n1 12\n1 8\n1 7\n2 8\n3 9\n4 7\n4 12\n4 10\n4 5\n5 6\n5 11\n5 10\n6 9\n6 7\n6 11\n6 8\n6 13\n7 12\n7 13\n8 11\n9 13\nS 5\n2\n2 0.337948 0.450787 -0.301729\n3 -0.336268 0.450217 -0.294183\n2\n0.000840108 0.450502 -0.297956\n-0.999937 -0.000844531 0.0111915\n2\n5 0.335583 -0.372663 0.109396\n7 -0.333258 -0.372663 0.109396\n2\n0.00116225 -0.372663 0.109396\n-1 0 0\n2\n8 0.338595 0.0573335 -0.238745\n9 -0.336889 0.0600409 -0.235726\n2\n0.000853169 0.0586872 -0.237235\n-0.999982 0.00400802 0.00446862\n2\n10 0.338454 -0.417296 0.490268\n12 -0.336465 -0.412706 0.495145\n2\n0.000994657 -0.415001 0.492706\n-0.999951 0.00679981 0.00722627\n2\n11 0.339091 -0.420331 -0.279719\n13 -0.333613 -0.420424 -0.289667\n2\n0.00273896 -0.420377 -0.284693\n-0.999891 -0.000138023 -0.0147865\nL 14\n0\n1\n0\n0\n2\n2\n2\n2\n0\n0\n2\n2\n2\n2"
}