{
    "boxes": [
        [
            -0.0021214999724179506,
            -0.11342400312423706,
            0.14784599840641022,
            0.13476799428462982,
            0.644212007522583,
            0.7140129804611206,
            0.0,
            1.0,
            0.0,
            0.0,
            0.0,
            1.0
        ],
        [
            0.33729100227355957,
            -0.4754140079021454,
            0.4190239906311035,
            0.6724870204925537,
            0.058195799589157104,
            0.037592001259326935,
            0.001977300038561225,
            0.9856160283088684,
            -0.16898800432682037,
            -0.14711600542068481,
            0.16743600368499756,
            0.9748449921607971
        ],
        [
            -0.34284698963165283,
            -0.48058199882507324,
            0.41451698541641235,
            0.6630010008811951,
            0.05384780094027519,
            0.05256979912519455,
            0.019791800528764725,
            0.9904209971427917,
            -0.13665500283241272,
            -0.21609200537204742,
            0.1376889944076538,
            0.9666159749031067
        ],
        [
            -0.34168699383735657,
            -0.33530399203300476,
            0.10605599731206894,
            0.03340800106525421,
            0.5953909754753113,
            0.033225998282432556,
            0.0,
            1.0,
            0.0,
            0.0,
            0.0,
            1.0
        ],
        [
            -0.34310200810432434,
            -0.4730769991874695,
            -0.20364700257778168,
            0.6781399846076965,
            0.06910549849271774,
            0.04384410008788109,
            0.0066041499376297,
            0.9835019707679749,
            0.18077699840068817,
            0.29457300901412964,
            -0.1746719926595688,
            0.9395300149917603
        ],
        [
            -0.31901800632476807,
            0.2594990134239197,
            -0.19478200376033783,
            0.7856190204620361,
            0.0639147013425827,
            0.06415010243654251,
            0.01819640025496483,
            0.9983819723129272,
            -0.05387809872627258,
            0.6893420219421387,
            0.026504499837756157,
            0.723950982093811
        ],
        [
            -0.00888300035148859,
            0.2910810112953186,
            -0.18728899955749512,
            0.6113460063934326,
            0.11677999794483185,
            0.6140480041503906,
            1.0226999691553829e-08,
            0.9959120154380798,
            -0.09032569825649261,
            1.1196600091523123e-08,
            0.09032569825649261,
            0.9959120154380798
        ],
        [
            -0.009007999673485756,
            0.6553570032119751,
            -0.22784200310707092,
            0.07354500144720078,
            0.03696199879050255,
            0.6069080233573914,
            0.0,
            1.0,
            0.0,
            0.0,
            0.0,
            1.0
        ]
    ],
    "ops": [
        [
            0,
            0,
            0,
            0,
            0,
            1,
            2,
            1,
            1,
            1,
            0,
            2,
            0,
            0,
            1,
            1,
            1
        ]
    ],
    "syms": [
        [
            0.0,
            1.0,
            0.0,
            0.0,
            -0.0017032499890774488,
            -0.33530399203300476,
            0.10605599731206894,
            0.0
        ],
        [
            0.0,
            0.9999369978904724,
            0.009320380166172981,
            -0.006269929930567741,
            -0.008741360157728195,
            0.26239100098609924,
            -0.196726992726326,
            0.0
        ]
    ],
    "labels:": [
        [
            1,
            2,
            2,
            2,
            2,
            0,
            0,
            0
        ]
    ],
    "obj": 38798,
    "mat_index": 2856,
    "obbs": "N 11\n-0.008883 0.291081 -0.187289 1 -1.11966e-08 -1.0227e-08 1.11966e-08 0.0903257 0.995912 -1.0227e-08 -0.995912 0.0903257 0.614048 0.11678 0.611346\n-0.009008 0.655357 -0.227842 1 0 0 0 1 0 0 0 1 0.606908 0.073545 0.036962\n-0.0021215 -0.113424 0.147846 1 0 0 0 1 0 0 0 1 0.714013 0.134768 0.644212\n-0.319018 0.259499 -0.194782 -0.689342 -0.0265045 -0.723951 0.724207 -0.0503138 -0.687744 -0.0181964 -0.998382 0.0538781 0.0639147 0.0641501 0.785619\n0.301535 0.265283 -0.198673 -0.0196411 0.998375 -0.0534964 0.508108 0.0560493 0.859467 0.861069 -0.0103011 -0.508384 0.770187 0.0599102 0.0589345\n-0.341687 -0.335304 0.106056 1 0 0 0 1 0 0 0 1 0.033226 0.033408 0.595391\n0.33828 -0.335304 0.106056 1 0 0 0 1 0 0 0 1 0.033225 0.033408 0.595391\n0.336157 -0.478036 -0.203894 -0.953801 0.0578488 -0.294816 -0.30016 -0.141293 0.943367 0.0129173 0.988276 0.152129 0.0436352 0.0549645 0.667806\n-0.343102 -0.473077 -0.203647 -0.00660415 -0.983502 -0.180777 0.955606 0.0470471 -0.290866 0.294573 -0.174672 0.93953 0.67814 0.0438441 0.0691055\n-0.342847 -0.480582 0.414517 -0.976172 -0.0103989 -0.216747 -0.216092 0.137689 0.966616 0.0197918 0.990421 -0.136655 0.0525698 0.0538478 0.663001\n0.337291 -0.475414 0.419024 0.147116 -0.167436 -0.974845 0.989117 0.0229332 0.145331 -0.0019773 -0.985616 0.168988 0.0581958 0.037592 0.672487\nC 24\n0 2\n0 7\n0 3\n0 4\n0 8\n0 1\n1 3\n1 4\n2 8\n2 5\n2 9\n2 6\n2 10\n2 3\n2 7\n2 4\n3 5\n3 8\n4 7\n4 6\n5 9\n5 8\n6 7\n6 10\nS 3\n2\n3 -0.319018 0.259499 -0.194782\n4 0.301535 0.265283 -0.198673\n2\n-0.00874136 0.262391 -0.196727\n0.999937 0.00932038 -0.00626993\n2\n5 -0.341687 -0.335304 0.106056\n6 0.33828 -0.335304 0.106056\n2\n-0.00170325 -0.335304 0.106056\n1 0 0\n2\n7 0.336157 -0.478036 -0.203894\n8 -0.343102 -0.473077 -0.203647\n2\n-0.00347207 -0.475556 -0.20377\n-0.999973 0.00730015 0.000363121\nL 11\n0\n0\n1\n0\n0\n2\n2\n2\n2\n2\n2"
}