{
    "boxes": [
        [
            0.0025500000920146704,
            -0.16642999649047852,
            0.13281700015068054,
            0.1385519951581955,
            0.6394789814949036,
            0.6415820121765137,
            0.0,
            1.0,
            0.0,
            0.0,
            0.0,
            1.0
        ],
        [
            -0.2902339994907379,
            -0.5329139828681946,
            -0.17572900652885437,
            0.6444799900054932,
            0.10302100330591202,
            0.05258860066533089,
            0.00020624000171665102,
            0.9952210187911987,
            0.09764959663152695,
            -0.04555720090866089,
            -0.09753890335559845,
            0.9941880106925964
        ],
        [
            -0.2898229956626892,
            -0.5336920022964478,
            0.44189900159835815,
            0.6440320014953613,
            0.09296900033950806,
            0.05317879840731621,
            -0.001742199994623661,
            0.9932810068130493,
            -0.11571799963712692,
            0.06367749720811844,
            0.11559399962425232,
            0.9912530183792114
        ],
        [
            0.01025210041552782,
            0.28718599677085876,
            -0.1144300028681755,
            0.7761620283126831,
            0.02571829967200756,
            0.598704993724823,
            0.0016586199635639787,
            0.9989839792251587,
            -0.045027099549770355,
            0.0017350600101053715,
            0.04502420127391815,
            0.9989839792251587
        ],
        [
            0.002528059994801879,
            0.24511399865150452,
            -0.1597210019826889,
            0.93681800365448,
            0.09887540340423584,
            0.6447659730911255,
            -0.003584309946745634,
            0.9991790056228638,
            -0.04034769907593727,
            -0.0037319399416446686,
            0.040334299206733704,
            0.9991790056228638
        ]
    ],
    "ops": [
        [
            0,
            0,
            0,
            1,
            2,
            1,
            0,
            0,
            1,
            1
        ]
    ],
    "syms": [
        [
            0.0,
            0.9999600052833557,
            -0.004268189892172813,
            -0.007908940315246582,
            0.0022831400856375694,
            -0.5341629981994629,
            -0.17804299294948578,
            0.0
        ]
    ],
    "labels:": [
        [
            1,
            2,
            2,
            0,
            0
        ]
    ],
    "obj": 2468,
    "mat_index": 286,
    "obbs": "N 7\n0.0102521 0.287186 -0.11443 0.00165862 0.998984 -0.0450271 0.00173506 0.0450242 0.998984 0.999997 -0.00173506 -0.00165862 0.776162 0.0257183 0.598705\n0.00255 -0.16643 0.132817 1 0 0 0 1 0 0 0 1 0.641582 0.138552 0.639479\n0.00252806 0.245114 -0.159721 -0.00358431 0.999179 -0.0403477 -0.00373194 0.0403343 0.999179 0.999987 0.00373194 0.00358431 0.936818 0.0988754 0.644766\n0.2948 -0.535411 -0.180356 -9.75385e-05 -0.995479 -0.0949796 0.999954 0.000817973 -0.00960005 0.00963434 -0.0949762 0.995433 0.638659 0.0508969 0.0959537\n0.295615 -0.534662 0.442808 0.0368545 -0.120368 -0.992045 0.99932 0.00590514 0.0364083 0.00147577 -0.992712 0.120504 0.0941347 0.0521996 0.641812\n-0.289823 -0.533692 0.441899 -0.0017422 0.993281 -0.115718 0.997969 -0.00564169 -0.063451 -0.0636775 -0.115594 -0.991253 0.644032 0.0531788 0.092969\n-0.290234 -0.532914 -0.175729 -0.00020624 -0.995221 -0.0976496 0.998962 -0.00465368 0.0453194 -0.0455572 -0.0975389 0.994188 0.64448 0.0525886 0.103021\nC 11\n0 1\n0 6\n0 3\n0 2\n1 2\n1 3\n1 4\n1 5\n1 6\n2 6\n2 3\nS 2\n2\n3 0.2948 -0.535411 -0.180356\n6 -0.290234 -0.532914 -0.175729\n2\n0.00228314 -0.534163 -0.178043\n-0.99996 0.00426819 0.00790894\n2\n4 0.295615 -0.534662 0.442808\n5 -0.289823 -0.533692 0.441899\n2\n0.00289623 -0.534177 0.442353\n-0.999997 0.00165726 -0.00155236\nL 7\n0\n1\n0\n2\n2\n2\n2"
}