{
    "boxes": [
        [
            -0.0014280000468716025,
            -0.1504400074481964,
            0.22589300572872162,
            0.15035800635814667,
            0.7978500127792358,
            0.8457440137863159,
            0.0,
            1.0,
            0.0,
            0.0,
            0.0,
            1.0
        ],
        [
            -0.400424987077713,
            0.24345199763774872,
            -0.22211100161075592,
            0.02775369957089424,
            0.02966970019042492,
            0.05047230049967766,
            0.010207300074398518,
            0.9883679747581482,
            -0.15173999965190887,
            0.0007789600058458745,
            0.15173999965190887,
            0.9884200096130371
        ],
        [
            -0.44916999340057373,
            0.24305400252342224,
            -0.006155999843031168,
            0.050999999046325684,
            0.3683139979839325,
            0.07469800114631653,
            0.0,
            1.0,
            0.0,
            0.0,
            0.0,
            1.0
        ],
        [
            -0.4490149915218353,
            0.05014690011739731,
            0.2439579963684082,
            0.416826993227005,
            0.05651479959487915,
            0.06223129853606224,
            0.0004717599949799478,
            0.9386529922485352,
            -0.34486401081085205,
            -0.07425820082426071,
            0.3439449965953827,
            0.9360489845275879
        ],
        [
            -0.44917500019073486,
            0.24129299819469452,
            -0.03489049896597862,
            0.040125999599695206,
            0.4337869882583618,
            0.06019999831914902,
            0.0,
            1.0,
            0.0,
            0.0,
            0.0,
            1.0
        ],
        [
            -0.0014285000506788492,
            -0.776174008846283,
            -0.35849401354789734,
            0.022979000583291054,
            0.02653300017118454,
            0.8413010239601135,
            0.0,
            1.0,
            0.0,
            0.0,
            0.0,
            1.0
        ],
        [
            -0.44917500019073486,
            -0.793586015701294,
            -0.25070399045944214,
            0.014925000257790089,
            0.11608199775218964,
            0.058042000979185104,
            0.0,
            1.0,
            0.0,
            0.0,
            0.0,
            1.0
        ],
        [
            0.44631901383399963,
            -0.773114025592804,
            0.03544500097632408,
            0.04144600033760071,
            0.8397899866104126,
            0.06019899994134903,
            0.0,
            1.0,
            0.0,
            0.0,
            0.0,
            1.0
        ],
        [
            -0.44917500019073486,
            -0.793586015701294,
            0.35463300347328186,
            0.014925000257790089,
            0.11608300358057022,
            0.058042000979185104,
            0.0,
            1.0,
            0.0,
            0.0,
            0.0,
            1.0
        ],
        [
            -0.4500049948692322,
            -0.4449549913406372,
            0.4133540093898773,
            0.6615560054779053,
            0.0987640991806984,
            0.06613290309906006,
            -0.0023428900167346,
            0.9565079808235168,
            -0.2916969954967499,
            -0.07378509640693665,
            0.29073700308799744,
            0.9539539813995361
        ],
        [
            -0.0022802900057286024,
            0.23200400173664093,
            -0.25635799765586853,
            1.0480300188064575,
            0.1988220065832138,
            0.8457409739494324,
            0.0018418700201436877,
            0.9837849736213684,
            -0.1793449968099594,
            0.002208000048995018,
            0.17934100329875946,
            0.9837849736213684
        ]
    ],
    "ops": [
        [
            0,
            0,
            0,
            1,
            0,
            0,
            1,
            1,
            2,
            1,
            0,
            0,
            0,
            1,
            2,
            1,
            0,
            0,
            1,
            2,
            1,
            1,
            0,
            1
        ]
    ],
    "syms": [
        [
            0.0,
            1.0,
            9.346550200461934e-09,
            -5.261550084512123e-10,
            -0.0014280000468716025,
            0.24345199763774872,
            -0.22211100161075592,
            0.0
        ],
        [
            0.0,
            1.0,
            -0.0,
            -0.0,
            -0.001428249990567565,
            -0.793586015701294,
            -0.25070399045944214,
            0.0
        ],
        [
            0.0,
            1.0,
            -0.0,
            -0.0,
            -0.001428249990567565,
            -0.793586015701294,
            0.35463300347328186,
            0.0
        ]
    ],
    "labels:": [
        [
            1,
            3,
            3,
            3,
            3,
            2,
            2,
            2,
            2,
            2,
            0
        ]
    ],
    "obj": 38854,
    "mat_index": 2891,
    "obbs": "N 19\n-0.00228029 0.232004 -0.256358 0.999996 -0.002208 -0.00184187 0.002208 0.179341 0.983785 -0.00184187 -0.983785 0.179345 0.845741 0.198822 1.04803\n0.397569 0.243452 -0.222111 0.999948 0.0102066 -0.00077895 -0.0102066 0.988367 -0.151748 -0.00077895 0.151748 0.988419 0.0504723 0.0277536 0.0296698\n-0.400425 0.243452 -0.222111 -0.00077896 -0.15174 -0.98842 0.0102073 0.988368 -0.15174 0.999948 -0.0102073 0.00077896 0.0296697 0.0277537 0.0504723\n-0.001428 -0.15044 0.225893 1 0 0 0 1 0 0 0 1 0.845744 0.150358 0.79785\n0.446319 -0.793586 0.354633 1 0 0 -0 1 0 0 -0 1 0.058041 0.014925 0.116083\n0.446319 -0.793586 -0.250704 1 0 0 0 1 0 0 0 1 0.058041 0.014925 0.116082\n-0.449175 -0.793586 0.354633 1 0 0 0 1 0 0 0 1 0.058042 0.014925 0.116083\n-0.449175 -0.793586 -0.250704 1 0 0 0 1 0 0 0 1 0.058042 0.014925 0.116082\n0.446484 0.046075 0.240804 -0.998357 -0.00651071 -0.0569246 -0.0558181 0.334699 0.94067 0.0129282 0.942302 -0.334513 0.0671722 0.0674143 0.41628\n-0.449015 0.0501469 0.243958 -0.997239 -0.0251674 -0.0698649 -0.0742582 0.343945 0.936049 0.00047176 0.938653 -0.344864 0.0622313 0.0565148 0.416827\n0.446324 0.243054 -0.006156 1 0 0 0 1 0 0 0 1 0.074698 0.051 0.368314\n0.446319 0.236429 -0.030948 1 0 0 0 1 0 0 0 1 0.060199 0.049854 0.441672\n-0.44917 0.243054 -0.006156 1 0 0 0 1 0 0 0 1 0.074698 0.051 0.368314\n-0.449175 0.241293 -0.0348905 1 0 0 0 1 0 0 0 1 0.0602 0.040126 0.433787\n-0.450005 -0.444955 0.413354 -0.00234289 0.956508 -0.291697 -0.0737851 0.290737 0.953954 0.997271 0.0237579 0.0698948 0.661556 0.0987641 0.0661329\n0.450018 -0.447095 0.416343 -0.19175 -0.23413 -0.953108 0.981357 -0.0586729 -0.183021 -0.013071 -0.970433 0.241016 0.118493 0.0786718 0.677256\n0.446319 -0.773114 0.035445 1 0 0 0 1 0 0 0 1 0.060199 0.041446 0.83979\n-0.0014285 -0.776174 -0.358494 1 0 0 0 1 0 0 0 1 0.841301 0.022979 0.026533\n-0.449175 -0.76793 0.0521945 1 0 0 0 1 0 0 0 1 0.0602 0.051814 0.873289\nC 35\n0 10\n0 3\n0 11\n0 12\n0 1\n0 13\n0 2\n1 11\n1 10\n2 12\n2 13\n3 15\n3 14\n3 9\n3 8\n4 16\n4 15\n5 17\n5 16\n6 14\n6 18\n7 18\n7 17\n8 10\n8 15\n8 11\n9 14\n9 13\n9 12\n10 11\n12 13\n14 18\n15 16\n16 17\n17 18\nS 8\n2\n1 0.397569 0.243452 -0.222111\n2 -0.400425 0.243452 -0.222111\n2\n-0.001428 0.243452 -0.222111\n-1 -9.34655e-09 5.26155e-10\n2\n4 0.446319 -0.793586 0.354633\n6 -0.449175 -0.793586 0.354633\n2\n-0.00142825 -0.793586 0.354633\n-1 0 0\n2\n5 0.446319 -0.793586 -0.250704\n7 -0.449175 -0.793586 -0.250704\n2\n-0.00142825 -0.793586 -0.250704\n-1 0 0\n2\n8 0.446484 0.046075 0.240804\n9 -0.449015 0.0501469 0.243958\n2\n-0.00126536 0.0481109 0.242381\n-0.999983 0.00454693 0.00352208\n2\n10 0.446324 0.243054 -0.006156\n12 -0.44917 0.243054 -0.006156\n2\n-0.001423 0.243054 -0.006156\n-1 0 0\n2\n11 0.446319 0.236429 -0.030948\n13 -0.449175 0.241293 -0.0348905\n2\n-0.00142825 0.238861 -0.0329193\n-0.999976 0.00543151 -0.00440249\n2\n14 -0.450005 -0.444955 0.413354\n15 0.450018 -0.447095 0.416343\n2\n6.35744e-06 -0.446025 0.414848\n0.999992 -0.00237761 0.0033214\n2\n16 0.446319 -0.773114 0.035445\n18 -0.449175 -0.76793 0.0521945\n2\n-0.00142825 -0.770522 0.0438198\n-0.999808 0.00578788 0.0187006\nL 19\n0\n3\n3\n1\n2\n2\n2\n2\n3\n3\n3\n3\n3\n3\n2\n2\n2\n2\n2"
}