{
    "boxes": [
        [
            -0.004994499962776899,
            0.002749500097706914,
            0.16865000128746033,
            0.2018290013074875,
            0.7644420266151428,
            0.8964490294456482,
            0.0,
            1.0,
            0.0,
            0.0,
            0.0,
            1.0
        ],
        [
            0.0324070006608963,
            -0.32623499631881714,
            -0.12930600345134735,
            0.024911299347877502,
            0.024389399215579033,
            0.5142940282821655,
            0.5091699957847595,
            0.8338149785995483,
            -0.21330499649047852,
            0.2364490032196045,
            0.10278099775314331,
            0.9661920070648193
        ],
        [
            0.2070460021495819,
            -0.3241559863090515,
            0.048117201775312424,
            0.022647300735116005,
            0.5173770189285278,
            0.034936100244522095,
            0.6134229898452759,
            0.7063940167427063,
            -0.35315701365470886,
            -0.16081899404525757,
            0.5495319962501526,
            0.8198490142822266
        ],
        [
            -0.2711290121078491,
            -0.49269598722457886,
            0.35573598742485046,
            0.7561299800872803,
            0.047926999628543854,
            0.06225670129060745,
            0.26379498839378357,
            0.9275199770927429,
            -0.26479899883270264,
            0.718671977519989,
            -0.005887960083782673,
            0.6953240036964417
        ],
        [
            -0.37521299719810486,
            -0.8406680226325989,
            0.459973007440567,
            0.013810000382363796,
            0.034129999577999115,
            0.03407999873161316,
            0.0,
            1.0,
            0.0,
            0.0,
            0.0,
            1.0
        ],
        [
            -0.2711139917373657,
            -0.4923659861087799,
            -0.18334199488162994,
            0.7557550072669983,
            0.04793199896812439,
            0.06307350099086761,
            0.2534100115299225,
            0.9334059953689575,
            0.25404098629951477,
            -0.7074509859085083,
            -0.0002908080059569329,
            0.7067620158195496
        ],
        [
            -0.37521299719810486,
            -0.8406680226325989,
            -0.28743401169776917,
            0.013810000382363796,
            0.034129999577999115,
            0.03407999873161316,
            0.0,
            1.0,
            0.0,
            0.0,
            0.0,
            1.0
        ],
        [
            -0.03926660120487213,
            -0.3259499967098236,
            0.301052987575531,
            0.03137049823999405,
            0.03173770010471344,
            0.5176630020141602,
            -0.5532780289649963,
            0.7462660074234009,
            -0.37009701132774353,
            -0.07393720000982285,
            0.3985460102558136,
            0.9141629934310913
        ],
        [
            -0.2150840014219284,
            -0.3236739933490753,
            0.12346500158309937,
            0.030070099979639053,
            0.5162249803543091,
            0.023593800142407417,
            0.14675700664520264,
            0.8234239816665649,
            0.5481200218200684,
            -0.15070000290870667,
            -0.5290390253067017,
            0.8351089954376221
        ],
        [
            -0.038072701543569565,
            -0.32475000619888306,
            -0.1279750019311905,
            0.024805599823594093,
            0.024275299161672592,
            0.5142949819564819,
            -0.30741798877716064,
            0.6499509811401367,
            -0.6950230002403259,
            -0.47666099667549133,
            0.5269709825515747,
            0.7036309838294983
        ],
        [
            -0.21578100323677063,
            -0.32507699728012085,
            0.05108710005879402,
            0.025461500510573387,
            0.5245100259780884,
            0.023662500083446503,
            -0.19302700459957123,
            0.8372740149497986,
            -0.5115789771080017,
            0.15112200379371643,
            0.5405319929122925,
            0.8276389837265015
        ],
        [
            -0.05681430175900459,
            0.33698201179504395,
            -0.2565400004386902,
            0.7672680020332336,
            0.15123699605464935,
            0.7711780071258545,
            -0.2025189995765686,
            0.9507079720497131,
            -0.23481999337673187,
            0.007040540222078562,
            0.24119600653648376,
            0.9704509973526001
        ]
    ],
    "ops": [
        [
            0,
            0,
            0,
            1,
            2,
            0,
            0,
            1,
            2,
            1,
            0,
            0,
            1,
            2,
            0,
            0,
            1,
            0,
            0,
            1,
            1,
            1,
            1,
            1,
            0,
            1
        ]
    ],
    "syms": [
        [
            0.0,
            -0.0033107700292021036,
            0.0020298799499869347,
            0.9999920129776001,
            0.03169269859790802,
            -0.3257969915866852,
            0.08642449975013733,
            0.0
        ],
        [
            0.0,
            0.9999880194664001,
            0.001877540023997426,
            0.0045044198632240295,
            -0.002261440036818385,
            -0.49219098687171936,
            0.35694700479507446,
            0.0
        ],
        [
            0.0,
            1.0,
            0.0004050330026075244,
            -0.0002921450068242848,
            -0.0032633799128234386,
            -0.4922569990158081,
            -0.18342100083827972,
            0.0
        ]
    ],
    "labels:": [
        [
            1,
            2,
            2,
            2,
            2,
            2,
            2,
            2,
            2,
            2,
            2,
            0
        ]
    ],
    "obj": 2474,
    "mat_index": 290,
    "obbs": "N 18\n-0.0568143 0.336982 -0.25654 0.979253 0.194881 -0.0555402 0.00704054 0.241196 0.970451 0.202519 -0.950708 0.23482 0.771178 0.151237 0.767268\n0.0309785 -0.325359 0.302155 -0.831925 0.536771 -0.14063 0.44948 0.800501 0.396442 0.325373 0.2666 -0.907225 0.516844 0.0297655 0.0260961\n-0.0392666 -0.32595 0.301053 0.0739372 -0.398546 -0.914163 -0.553278 0.746266 -0.370097 0.829709 0.53315 -0.16533 0.0317377 0.0313705 0.517663\n0.207046 -0.324156 0.0481172 0.160819 -0.549532 -0.819849 0.613423 0.706394 -0.353157 0.773207 -0.44612 0.450697 0.517377 0.0226473 0.0349361\n0.209505 -0.323126 0.123958 0.830373 -0.391895 -0.396104 0.53827 0.747925 0.388425 0.144034 -0.535748 0.832002 0.0308946 0.0316924 0.517649\n-0.0380727 -0.32475 -0.127975 0.823582 0.5476 0.147806 -0.476661 0.526971 0.703631 0.307418 -0.649951 0.695023 0.514295 0.0242753 0.0248056\n0.032407 -0.326235 -0.129306 0.827549 -0.542392 -0.144822 0.50917 0.833815 -0.213305 0.236449 0.102781 0.966192 0.514294 0.0249113 0.0243894\n-0.215084 -0.323674 0.123465 -0.146757 -0.823424 -0.54812 0.977626 -0.20516 0.0464496 -0.1507 -0.529039 0.835109 0.0300701 0.0235938 0.516225\n-0.215781 -0.325077 0.0510871 0.969486 0.0824459 -0.230868 -0.193027 0.837274 -0.511579 0.151122 0.540532 0.827639 0.0236625 0.0254615 0.52451\n-0.0049945 0.0027495 0.16865 1 0 0 0 1 0 0 0 1 0.896449 0.201829 0.764442\n-0.271129 -0.492696 0.355736 0.643368 -0.373726 -0.668137 0.718672 -0.00588796 0.695324 -0.263795 -0.92752 0.264799 0.0622567 0.047927 0.75613\n-0.271114 -0.492366 -0.183342 -0.25341 -0.933406 -0.254041 0.707451 0.000290808 -0.706762 0.65977 -0.358823 0.660265 0.755755 0.047932 0.0630735\n0.264588 -0.492149 -0.183499 0.657834 0.354242 -0.664656 0.71022 0.00196337 0.703977 0.250683 -0.935152 -0.250298 0.0661149 0.047932 0.755651\n0.266606 -0.491686 0.358158 -0.282932 0.916506 -0.282783 -0.701887 0.00309351 0.712282 0.653686 0.400009 0.642408 0.756504 0.0479279 0.0657818\n0.36846 -0.840668 0.459973 1 0 0 0 1 0 0 0 1 0.034081 0.01381 0.03413\n0.36846 -0.840668 -0.287434 1 0 0 0 1 0 0 0 1 0.034081 0.01381 0.03413\n-0.375213 -0.840668 0.459973 1 0 0 0 1 0 0 0 1 0.03408 0.01381 0.03413\n-0.375213 -0.840668 -0.287434 1 0 0 0 1 0 0 0 1 0.03408 0.01381 0.03413\nC 53\n0 7\n0 11\n0 4\n0 12\n0 5\n0 6\n0 9\n1 3\n1 2\n1 10\n1 13\n1 4\n1 8\n1 7\n2 8\n2 13\n2 10\n2 3\n2 7\n2 4\n3 6\n3 13\n3 5\n3 12\n3 4\n4 12\n4 9\n4 13\n4 5\n4 6\n5 9\n5 6\n5 8\n5 12\n5 11\n5 7\n6 9\n6 7\n6 11\n6 12\n6 8\n7 11\n7 10\n7 8\n7 9\n8 10\n8 11\n9 11\n9 12\n10 16\n11 17\n12 15\n13 14\nS 6\n2\n1 0.0309785 -0.325359 0.302155\n6 0.032407 -0.326235 -0.129306\n2\n0.0316927 -0.325797 0.0864245\n0.00331077 -0.00202988 -0.999992\n2\n3 0.207046 -0.324156 0.0481172\n4 0.209505 -0.323126 0.123958\n2\n0.208275 -0.323641 0.0860375\n0.0324055 0.0135795 0.999383\n2\n10 -0.271129 -0.492696 0.355736\n13 0.266606 -0.491686 0.358158\n2\n-0.00226144 -0.492191 0.356947\n0.999988 0.00187754 0.00450442\n2\n11 -0.271114 -0.492366 -0.183342\n12 0.264588 -0.492149 -0.183499\n2\n-0.00326338 -0.492257 -0.183421\n1 0.000405033 -0.000292145\n2\n14 0.36846 -0.840668 0.459973\n16 -0.375213 -0.840668 0.459973\n2\n-0.00337625 -0.840668 0.459973\n-1 0 0\n2\n15 0.36846 -0.840668 -0.287434\n17 -0.375213 -0.840668 -0.287434\n2\n-0.00337625 -0.840668 -0.287434\n-1 0 0\nL 18\n0\n2\n2\n2\n2\n2\n2\n2\n2\n1\n2\n2\n2\n2\n2\n2\n2\n2"
}