{
    "boxes": [
        [
            0.0005484999855980277,
            -0.08269750326871872,
            0.1521880030632019,
            0.1305750012397766,
            0.7933850288391113,
            0.6771050095558167,
            0.0,
            1.0,
            0.0,
            0.0,
            0.0,
            1.0
        ],
        [
            -0.3389680087566376,
            -0.3877739906311035,
            -0.2544429898262024,
            0.8299800157546997,
            0.1486469954252243,
            0.09441089630126953,
            0.07948630303144455,
            0.9728339910507202,
            0.21743200719356537,
            0.4264949858188629,
            -0.23033900558948517,
            0.8746690154075623
        ],
        [
            -0.32936200499534607,
            -0.41301700472831726,
            0.47106900811195374,
            0.7672690153121948,
            0.0915725976228714,
            0.0911799967288971,
            0.06347739696502686,
            0.9967830181121826,
            -0.048923101276159286,
            -0.19630299508571625,
            0.06053530052304268,
            0.978672981262207
        ],
        [
            0.0010236100060865283,
            0.36494600772857666,
            -0.2427860051393509,
            0.539808988571167,
            0.07420030236244202,
            0.6618239879608154,
            0.0035050599835813046,
            0.9854689836502075,
            -0.16981899738311768,
            0.004160699900239706,
            0.16980400681495667,
            0.9854689836502075
        ],
        [
            -0.007098789792507887,
            0.34575799107551575,
            -0.2721799910068512,
            0.750465989112854,
            0.16561900079250336,
            0.7716370224952698,
            0.04870200157165527,
            0.9516299962997437,
            -0.30336201190948486,
            -0.004979350138455629,
            0.3039500117301941,
            0.9526749849319458
        ]
    ],
    "ops": [
        [
            0,
            0,
            0,
            1,
            2,
            1,
            0,
            0,
            1,
            1
        ]
    ],
    "syms": [
        [
            0.0,
            0.9997100234031677,
            -0.020420100539922714,
            0.01275820005685091,
            -0.0019444100325927138,
            -0.39465799927711487,
            -0.25014200806617737,
            0.0
        ]
    ],
    "labels:": [
        [
            1,
            2,
            2,
            0,
            0
        ]
    ],
    "obj": 38893,
    "mat_index": 2906,
    "obbs": "N 7\n0.00102361 0.364946 -0.242786 0.999985 -0.0041607 -0.00350506 0.0041607 0.169804 0.985469 -0.00350506 -0.985469 0.169819 0.661824 0.0742003 0.539809\n0.0005485 -0.0826975 0.152188 1 0 0 0 1 0 0 0 1 0.677105 0.130575 0.793385\n0.33508 -0.401542 -0.245841 0.693884 0.18863 -0.694942 0.717128 -0.0936203 0.690625 0.0652122 -0.977575 -0.200234 0.153808 0.0959703 0.80632\n-0.338968 -0.387774 -0.254443 -0.426495 0.230339 -0.874669 0.900991 0.0232093 -0.433217 -0.0794863 -0.972834 -0.217432 0.148647 0.0944109 0.82998\n0.326212 -0.41553 0.491602 0.0423474 -0.991237 0.125125 0.991237 0.0259987 -0.129513 0.125125 0.129513 0.983651 0.762131 0.0730591 0.0917563\n-0.329362 -0.413017 0.471069 0.0634774 0.996783 -0.0489231 0.978487 -0.0525198 0.199514 0.196303 -0.0605353 -0.978673 0.767269 0.09118 0.0915726\n-0.00709879 0.345758 -0.27218 0.048702 0.95163 -0.303362 -0.00497935 0.30395 0.952675 0.998801 -0.0448866 0.0195415 0.750466 0.165619 0.771637\nC 11\n0 1\n0 6\n0 3\n0 2\n1 2\n1 3\n1 4\n1 5\n1 6\n2 6\n3 6\nS 2\n2\n2 0.33508 -0.401542 -0.245841\n3 -0.338968 -0.387774 -0.254443\n2\n-0.00194441 -0.394658 -0.250142\n-0.99971 0.0204201 -0.0127582\n2\n4 0.326212 -0.41553 0.491602\n5 -0.329362 -0.413017 0.471069\n2\n-0.00157532 -0.414273 0.481336\n-0.999503 0.0038318 -0.0313056\nL 7\n0\n1\n2\n2\n2\n2\n0"
}