{
    "boxes": [
        [
            -0.008294169791042805,
            -0.05353299900889397,
            0.11981700360774994,
            0.07989639788866043,
            0.7174509763717651,
            0.8467559814453125,
            -0.004839700181037188,
            0.9998250007629395,
            0.01808050088584423,
            4.3755801016232e-05,
            -0.01808050088584423,
            0.9998369812965393
        ],
        [
            -0.40809500217437744,
            -0.635263979434967,
            0.590578019618988,
            0.050974100828170776,
            0.052218399941921234,
            0.051047999411821365,
            -1.6501100461531248e-16,
            0.7431449890136719,
            0.6691309809684753,
            1.4857700372158256e-16,
            -0.6691309809684753,
            0.7431449890136719
        ],
        [
            -0.42479199171066284,
            -0.1894499957561493,
            0.6317970156669617,
            1.0185400247573853,
            0.3144629895687103,
            0.0431721992790699,
            -0.027766099199652672,
            0.9766330122947693,
            -0.21311399340629578,
            -0.0004576730134431273,
            0.21318399906158447,
            0.9770119786262512
        ],
        [
            -0.4443660080432892,
            0.27772000432014465,
            0.04488220065832138,
            0.06397610157728195,
            0.7002360224723816,
            0.04398280009627342,
            -0.053644001483917236,
            0.9978629946708679,
            0.03731359913945198,
            0.017862500622868538,
            -0.03640250116586685,
            0.9991779923439026
        ],
        [
            0.019206499680876732,
            0.2799670100212097,
            -0.4142970144748688,
            0.04307100176811218,
            0.21947699785232544,
            0.8588569760322571,
            0.0,
            1.0,
            0.0,
            0.0,
            0.0,
            1.0
        ],
        [
            -0.2590380012989044,
            0.2799670100212097,
            -0.4142970144748688,
            0.04307100176811218,
            0.21947699785232544,
            0.4248499870300293,
            0.0,
            1.0,
            0.0,
            0.0,
            0.0,
            1.0
        ],
        [
            -0.010808500461280346,
            -0.7534880042076111,
            -0.4377790093421936,
            0.04307100176811218,
            0.07783400267362595,
            0.836122989654541,
            0.0,
            1.0,
            0.0,
            0.0,
            0.0,
            1.0
        ],
        [
            -0.4073350131511688,
            -0.7534869909286499,
            -0.021522000432014465,
            0.04307100176811218,
            0.7691239714622498,
            0.04307100176811218,
            -6.156320068839705e-06,
            1.0,
            -8.627460184715694e-20,
            8.627460184715694e-20,
            8.627509944799418e-20,
            1.0
        ],
        [
            -0.40733399987220764,
            -0.4361000061035156,
            0.5537329912185669,
            0.7291619777679443,
            0.29686999320983887,
            0.04307100176811218,
            8.416479735373628e-10,
            0.9876880049705505,
            0.15643399953842163,
            1.0224599833463799e-07,
            -0.15643399953842163,
            0.9876880049705505
        ],
        [
            -0.008276499807834625,
            0.24986299872398376,
            -0.29247599840164185,
            0.4965049922466278,
            0.05261719971895218,
            0.8466410040855408,
            -0.0,
            0.9826430082321167,
            -0.18550799787044525,
            0.0,
            0.18550799787044525,
            0.9826430082321167
        ],
        [
            -0.010772500187158585,
            0.2559329867362976,
            -0.34046199917793274,
            0.6412259936332703,
            0.16575899720191956,
            0.8364530205726624,
            -0.0012215899769216776,
            0.97850501537323,
            -0.20621900260448456,
            -0.0015058700228109956,
            0.20621700584888458,
            0.97850501537323
        ]
    ],
    "ops": [
        [
            0,
            0,
            0,
            1,
            2,
            0,
            2,
            0,
            0,
            1,
            1,
            1,
            1,
            0,
            0,
            0,
            1,
            2,
            1,
            1,
            0,
            0,
            1,
            1
        ]
    ],
    "syms": [
        [
            0.0,
            1.0,
            -0.0,
            -0.0,
            -0.011767500080168247,
            -0.635263979434967,
            0.590578019618988,
            0.0
        ],
        [
            0.0,
            0.9999960064888,
            -0.0027781000826507807,
            0.00026286300271749496,
            -0.011481200344860554,
            0.27651798725128174,
            0.044996000826358795,
            0.0
        ],
        [
            0.0,
            1.0,
            -3.8814697983502455e-12,
            -0.0,
            -0.010808800347149372,
            -0.7534869909286499,
            -0.021522000432014465,
            0.0
        ]
    ],
    "labels:": [
        [
            1,
            3,
            3,
            3,
            3,
            3,
            2,
            2,
            2,
            0,
            0
        ]
    ],
    "obj": 38896,
    "mat_index": 2909,
    "obbs": "N 16\n-0.0082765 0.249863 -0.292476 1 0 0 0 0.185508 0.982643 0 -0.982643 0.185508 0.846641 0.0526172 0.496505\n0.0192065 0.279967 -0.414297 1 0 0 0 1 0 0 0 1 0.858857 0.043071 0.219477\n0.38456 -0.635264 0.590578 -1.48577e-16 0.669131 -0.743145 1 2.22045e-16 0 1.65011e-16 -0.743145 -0.669131 0.0522184 0.051048 0.0509741\n-0.259038 0.279967 -0.414297 1 0 0 0 1 0 0 0 1 0.42485 0.043071 0.219477\n-0.408095 -0.635264 0.590578 -1.48577e-16 0.669131 -0.743145 1 2.22045e-16 0 1.65011e-16 -0.743145 -0.669131 0.0522184 0.051048 0.0509741\n-0.00829417 -0.053533 0.119817 -4.37558e-05 0.0180805 -0.999837 -0.0048397 0.999825 0.0180805 0.999988 0.0048397 4.37558e-05 0.717451 0.0798964 0.846756\n0.401923 -0.191234 0.630291 -0.000153428 -0.202479 -0.979287 0.999614 -0.0272252 0.00547251 -0.0277694 -0.978908 0.202405 0.318126 0.0431731 1.0185\n-0.424792 -0.18945 0.631797 -0.0277661 0.976633 -0.213114 0.999614 0.0272253 -0.00547231 0.000457673 -0.213184 -0.977012 1.01854 0.0431722 0.314463\n0.421404 0.275315 0.0451098 -0.0540872 -0.998396 -0.016755 0.998396 -0.0543535 0.0158698 -0.016755 -0.0158698 0.999734 0.0594727 0.0439842 0.700171\n-0.444366 0.27772 0.0448822 -0.0178625 0.0364025 -0.999178 0.9984 0.0542664 -0.0158715 0.053644 -0.997863 -0.0373136 0.700236 0.0439828 0.0639761\n0.385717 -0.753487 -0.021522 2.22045e-16 -1 -0 1 2.22045e-16 0 0 -0 1 0.043071 0.043072 0.769124\n-0.0108085 -0.753488 -0.437779 1 0 0 0 1 0 0 0 1 0.836123 0.043071 0.077834\n-0.407335 -0.753487 -0.021522 6.15632e-06 -1 8.62746e-20 1 6.15632e-06 -8.62751e-20 8.62746e-20 8.62751e-20 1 0.043071 0.043071 0.769124\n-0.407334 -0.4361 0.553733 -8.41648e-10 -0.987688 -0.156434 1 1.51635e-08 -1.01119e-07 1.02246e-07 -0.156434 0.987688 0.729162 0.043071 0.29687\n0.385717 -0.4361 0.553733 2.19311e-16 -0.987688 -0.156434 1 2.22045e-16 0 3.47354e-17 -0.156434 0.987688 0.729162 0.043072 0.296871\n-0.0107725 0.255933 -0.340462 0.999998 0.00150587 0.00122159 -0.00150587 0.206217 0.978505 0.00122159 -0.978505 0.206219 0.836453 0.165759 0.641226\nC 35\n0 3\n0 15\n0 5\n0 8\n0 1\n0 9\n1 3\n1 15\n1 9\n1 8\n2 6\n2 10\n2 14\n3 15\n3 9\n4 7\n4 12\n4 13\n5 6\n5 13\n5 15\n5 7\n5 14\n6 14\n6 10\n6 8\n7 12\n7 9\n7 13\n8 15\n9 15\n10 11\n10 14\n11 12\n12 13\nS 5\n2\n2 0.38456 -0.635264 0.590578\n4 -0.408095 -0.635264 0.590578\n2\n-0.0117675 -0.635264 0.590578\n-1 0 0\n2\n6 0.401923 -0.191234 0.630291\n7 -0.424792 -0.18945 0.631797\n2\n-0.0114344 -0.190342 0.631044\n-0.999996 0.00215847 0.00182148\n2\n8 0.421404 0.275315 0.0451098\n9 -0.444366 0.27772 0.0448822\n2\n-0.0114812 0.276518 0.044996\n-0.999996 0.0027781 -0.000262863\n2\n10 0.385717 -0.753487 -0.021522\n12 -0.407335 -0.753487 -0.021522\n2\n-0.0108088 -0.753487 -0.021522\n-1 3.88147e-12 0\n2\n13 -0.407334 -0.4361 0.553733\n14 0.385717 -0.4361 0.553733\n2\n-0.0108087 -0.4361 0.553733\n1 -1.36908e-08 -2.33311e-08\nL 16\n0\n3\n3\n3\n3\n1\n3\n3\n3\n3\n2\n2\n2\n2\n2\n0"
}