{
    "boxes": [
        [
            0.004424000158905983,
            -0.10976599901914597,
            0.09638450294733047,
            0.14724500477313995,
            1.3016599416732788,
            1.2958999872207642,
            0.0,
            1.0,
            0.0,
            0.0,
            0.0,
            1.0
        ],
        [
            -0.4756630063056946,
            0.17903800308704376,
            0.24822300672531128,
            0.055024001747369766,
            0.6341950297355652,
            0.08462599664926529,
            0.0,
            1.0,
            0.0,
            0.0,
            0.0,
            1.0
        ],
        [
            -0.4756630063056946,
            0.06308150291442871,
            -0.11741600185632706,
            0.2869350016117096,
            0.1310189962387085,
            0.08462599664926529,
            0.0,
            1.0,
            0.0,
            0.0,
            0.0,
            1.0
        ],
        [
            0.0005014999769628048,
            -0.42533499002456665,
            0.09110400080680847,
            0.49206599593162537,
            0.25648000836372375,
            0.2511410117149353,
            0.0,
            1.0,
            0.0,
            0.0,
            0.0,
            1.0
        ],
        [
            0.010792500339448452,
            -0.6823019981384277,
            0.09485100209712982,
            0.08684799820184708,
            0.7518680095672607,
            0.7517049908638,
            0.0,
            1.0,
            0.0,
            0.0,
            0.0,
            1.0
        ],
        [
            0.0011840499937534332,
            0.06037680059671402,
            -0.3257110118865967,
            0.307871013879776,
            0.12295299768447876,
            0.0823139026761055,
            0.03210299834609032,
            0.9766139984130859,
            0.2125910073518753,
            -0.01171919982880354,
            -0.21231800317764282,
            0.9771299958229065
        ],
        [
            -0.10881000012159348,
            0.06037680059671402,
            -0.3257110118865967,
            0.307871013879776,
            0.12295299768447876,
            0.08231490105390549,
            0.032101500779390335,
            0.9766139984130859,
            0.2125910073518753,
            -0.011719300411641598,
            -0.2123190015554428,
            0.9771299958229065
        ],
        [
            -0.004135999828577042,
            0.5146080255508423,
            -0.25311899185180664,
            0.7522779703140259,
            0.10606499761343002,
            0.8779860138893127,
            0.0,
            1.0,
            0.0,
            0.0,
            0.0,
            1.0
        ],
        [
            -0.020881399512290955,
            0.0675852969288826,
            -0.2601569890975952,
            0.3086160123348236,
            0.18332399427890778,
            0.19672299921512604,
            -0.01823429949581623,
            0.9604139924049377,
            -0.2779799997806549,
            -0.43787699937820435,
            0.24227499961853027,
            0.8657749891281128
        ],
        [
            -0.33272498846054077,
            0.06037680059671402,
            -0.3257110118865967,
            0.307871013879776,
            0.12295299768447876,
            0.0823139026761055,
            0.03210100159049034,
            0.9766139984130859,
            0.2125910073518753,
            -0.01171919982880354,
            -0.2123190015554428,
            0.9771299958229065
        ],
        [
            -0.2148749977350235,
            0.06037680059671402,
            -0.3257110118865967,
            0.307871013879776,
            0.12295299768447876,
            0.0823139026761055,
            0.0321028009057045,
            0.9766139984130859,
            0.2125920057296753,
            -0.011719799600541592,
            -0.2123190015554428,
            0.9771299958229065
        ]
    ],
    "ops": [
        [
            0,
            0,
            0,
            1,
            2,
            1,
            0,
            0,
            1,
            1,
            0,
            0,
            2,
            1,
            0,
            0,
            1,
            0,
            0,
            1,
            2,
            1,
            1,
            1
        ]
    ],
    "syms": [
        [
            0.0,
            0.9999949932098389,
            -0.0,
            0.0031457298900932074,
            -0.0032792501151561737,
            0.17903800308704376,
            0.24970899522304535,
            0.0
        ],
        [
            0.0,
            1.0,
            -6.551540110422138e-08,
            5.3407398503679815e-09,
            -0.0007799449958838522,
            0.06037680059671402,
            -0.3257110118865967,
            0.0
        ],
        [
            0.0,
            1.0,
            -5.144070058804573e-08,
            1.914119991397456e-07,
            -0.005690219812095165,
            0.06037680059671402,
            -0.3257110118865967,
            0.0
        ]
    ],
    "labels:": [
        [
            1,
            3,
            3,
            2,
            2,
            0,
            0,
            0,
            0,
            0,
            0
        ]
    ],
    "obj": 38920,
    "mat_index": 2927,
    "obbs": "N 16\n-0.004136 0.514608 -0.253119 1 0 0 0 1 0 0 0 1 0.877986 0.752278 0.106065\n0.004424 -0.109766 0.0963845 1 0 0 0 1 0 0 0 1 1.2959 0.147245 1.30166\n0.0005015 -0.425335 0.091104 1 0 0 0 1 0 0 0 1 0.251141 0.492066 0.25648\n0.469105 0.179038 0.251195 1 0 0 0 1 0 0 0 1 0.084625 0.055024 0.627355\n-0.475663 0.179038 0.248223 1 0 0 0 1 0 0 0 1 0.084626 0.055024 0.634195\n0.469105 0.0630815 -0.114353 1 0 0 0 1 0 0 0 1 0.084625 0.286935 0.137148\n-0.475663 0.0630815 -0.117416 1 0 0 0 1 0 0 0 1 0.084626 0.286935 0.131019\n0.0107925 -0.682302 0.094851 1 0 0 0 1 0 0 0 1 0.751705 0.086848 0.751868\n-0.0208814 0.0675853 -0.260157 0.437877 -0.242275 -0.865775 0.89885 0.137508 0.416125 0.0182343 -0.960414 0.27798 0.183324 0.196723 0.308616\n0.321345 0.0603768 -0.325711 -0.0321012 -0.976614 -0.21259 0.999416 -0.0338582 0.00462857 -0.0117183 -0.212318 0.97713 0.307871 0.0823139 0.122953\n0.227065 0.0603768 -0.325711 -0.0321028 -0.976614 -0.212591 0.999416 -0.0338601 0.00462911 -0.0117192 -0.212318 0.97713 0.307871 0.0823149 0.122953\n0.10725 0.0603768 -0.325711 -0.032101 -0.976614 -0.212591 0.999416 -0.0338583 0.00462946 -0.0117192 -0.212319 0.97713 0.307871 0.0823139 0.122953\n-0.10881 0.0603768 -0.325711 0.0117193 0.212319 -0.97713 0.999416 -0.0338588 0.00462945 -0.0321015 -0.976614 -0.212591 0.122953 0.0823149 0.307871\n-0.214875 0.0603768 -0.325711 -0.0321028 -0.976614 -0.212592 0.999416 -0.0338602 0.00462968 -0.0117198 -0.212319 0.97713 0.307871 0.0823139 0.122953\n-0.332725 0.0603768 -0.325711 -0.032101 -0.976614 -0.212591 0.999416 -0.0338583 0.00462946 -0.0117192 -0.212319 0.97713 0.307871 0.0823139 0.122953\n0.00118405 0.0603768 -0.325711 -0.032103 -0.976614 -0.212591 0.999416 -0.0338602 0.00462905 -0.0117192 -0.212318 0.97713 0.307871 0.0823139 0.122953\nC 57\n0 14\n0 10\n0 3\n0 15\n0 11\n0 4\n0 12\n0 5\n0 8\n0 13\n0 6\n0 9\n1 3\n1 15\n1 6\n1 11\n1 2\n1 14\n1 5\n1 10\n1 13\n1 4\n1 9\n1 12\n1 8\n2 8\n2 7\n3 10\n3 9\n3 5\n4 13\n4 14\n4 6\n5 9\n5 10\n6 14\n6 13\n8 13\n8 9\n8 14\n8 10\n8 15\n8 11\n8 12\n9 15\n9 11\n9 10\n10 11\n10 15\n11 13\n11 12\n11 15\n12 13\n12 14\n12 15\n13 15\n13 14\nS 5\n2\n3 0.469105 0.179038 0.251195\n4 -0.475663 0.179038 0.248223\n2\n-0.00327925 0.179038 0.249709\n-0.999995 0 -0.00314573\n2\n5 0.469105 0.0630815 -0.114353\n6 -0.475663 0.0630815 -0.117416\n2\n-0.00327925 0.0630815 -0.115884\n-0.999995 0 -0.00324152\n2\n14 -0.332725 0.0603768 -0.325711\n9 0.321345 0.0603768 -0.325711\n2\n-0.00569022 0.0603768 -0.325711\n1 -5.14407e-08 1.91412e-07\n2\n13 -0.214875 0.0603768 -0.325711\n10 0.227065 0.0603768 -0.325711\n2\n0.00609478 0.0603768 -0.325711\n1 -4.81304e-08 1.83301e-07\n2\n12 -0.10881 0.0603768 -0.325711\n11 0.10725 0.0603768 -0.325711\n2\n-0.000779945 0.0603768 -0.325711\n1 -6.55154e-08 5.34074e-09\nL 16\n0\n1\n2\n3\n3\n3\n3\n2\n0\n0\n0\n0\n0\n0\n0\n0"
}