{
    "boxes": [
        [
            0.0045900000259280205,
            -0.11927500367164612,
            0.019795000553131104,
            0.6484709978103638,
            1.3530199527740479,
            0.9686220288276672,
            0.0,
            1.0,
            0.0,
            0.0,
            0.0,
            1.0
        ],
        [
            -0.4598110020160675,
            -0.0103345001116395,
            0.22287100553512573,
            0.8121880292892456,
            0.9328110218048096,
            0.22587700188159943,
            0.007872490212321281,
            0.9999690055847168,
            7.730179640930146e-05,
            -0.15529300272464752,
            0.001146220020018518,
            0.9878680109977722
        ],
        [
            -0.009035499766469002,
            -0.4105969965457916,
            -0.028984500095248222,
            0.14125099778175354,
            1.412060022354126,
            1.2256499528884888,
            0.0,
            1.0,
            0.0,
            0.0,
            0.0,
            1.0
        ],
        [
            -0.018583299592137337,
            0.2652580142021179,
            -0.33088499307632446,
            0.8137980103492737,
            0.18844400346279144,
            0.6609389781951904,
            -0.022823700681328773,
            0.9570900201797485,
            -0.2888909876346588,
            0.03976549953222275,
            0.2896069884300232,
            0.9563189744949341
        ],
        [
            -0.0007125000120140612,
            0.09483449906110764,
            -0.44635099172592163,
            0.9953669905662537,
            0.5777819752693176,
            0.9032430052757263,
            0.0,
            1.0,
            0.0,
            0.0,
            0.0,
            1.0
        ]
    ],
    "ops": [
        [
            0,
            0,
            2,
            1,
            0,
            1,
            0,
            0,
            1,
            1
        ]
    ],
    "syms": [
        [
            0.0,
            0.9997990131378174,
            0.019010599702596664,
            0.0063602798618376255,
            -0.003030539955943823,
            -0.001649069949053228,
            0.22577600181102753,
            0.0
        ]
    ],
    "labels:": [
        [
            1,
            3,
            2,
            0,
            0
        ]
    ],
    "obj": 38930,
    "mat_index": 2936,
    "obbs": "N 6\n-0.0185833 0.265258 -0.330885 0.998948 0.0103388 -0.0446691 0.0397655 0.289607 0.956319 0.0228237 -0.95709 0.288891 0.660939 0.188444 0.813798\n0.45375 0.00703636 0.228682 0.0223841 -0.999733 -0.00569165 0.987764 0.0229943 -0.15425 0.15434 -0.00216925 0.988015 0.782435 0.213735 0.919487\n-0.459811 -0.0103345 0.222871 0.155293 -0.00114622 -0.987868 0.987837 -0.00778898 0.155298 -0.00787249 -0.999969 -7.73018e-05 0.932811 0.225877 0.812188\n-0.0090355 -0.410597 -0.0289845 1 0 0 0 1 0 0 0 1 1.22565 0.141251 1.41206\n0.00459 -0.119275 0.019795 1 0 0 0 1 0 0 0 1 0.968622 0.648471 1.35302\n-0.0007125 0.0948345 -0.446351 1 0 0 0 1 0 0 0 1 0.903243 0.995367 0.577782\nC 13\n0 1\n0 5\n0 4\n0 2\n1 3\n1 4\n1 5\n2 4\n2 3\n2 5\n3 4\n3 5\n4 5\nS 1\n2\n1 0.45375 0.00703636 0.228682\n2 -0.459811 -0.0103345 0.222871\n2\n-0.00303054 -0.00164907 0.225776\n-0.999799 -0.0190106 -0.00636028\nL 6\n0\n3\n3\n2\n1\n0"
}