{
    "boxes": [
        [
            -0.017389999702572823,
            -0.4382669925689697,
            0.08808799833059311,
            0.8181819915771484,
            0.6796820163726807,
            0.6135979890823364,
            0.0,
            1.0,
            0.0,
            0.0,
            0.0,
            1.0
        ],
        [
            -0.253383994102478,
            -0.4311240017414093,
            0.3839679956436157,
            0.8405770063400269,
            0.028862500563263893,
            0.21066300570964813,
            0.25644999742507935,
            0.9302330017089844,
            -0.2624880075454712,
            0.7136020064353943,
            0.0009489459916949272,
            0.7005509734153748
        ],
        [
            0.2989029884338379,
            -0.48777899146080017,
            -0.20608699321746826,
            0.7273470163345337,
            0.045298200100660324,
            0.032995399087667465,
            -0.0834868997335434,
            0.9915609955787659,
            0.09918379783630371,
            -0.31689000129699707,
            -0.12078200280666351,
            0.9407399892807007
        ],
        [
            -0.282382994890213,
            -0.4913010001182556,
            -0.2089570015668869,
            0.7188720107078552,
            0.04181160032749176,
            0.035096101462841034,
            0.07060209661722183,
            0.9910669922828674,
            0.11314299702644348,
            -0.34477800130844116,
            -0.08218929916620255,
            0.9350789785385132
        ],
        [
            0.008469739928841591,
            0.31751400232315063,
            -0.19168099761009216,
            0.7240319848060608,
            0.03339020162820816,
            0.5596190094947815,
            -0.0024019500706344843,
            0.9981589913368225,
            -0.06061030179262161,
            -0.0025522198993712664,
            0.06060409918427467,
            0.9981589913368225
        ]
    ],
    "ops": [
        [
            0,
            0,
            2,
            0,
            0,
            1,
            1,
            1,
            0,
            1
        ]
    ],
    "syms": [
        [
            0.0,
            0.999970018863678,
            -0.0052225301042199135,
            -0.005745470058172941,
            0.007613100111484528,
            -0.43248701095581055,
            0.38246798515319824,
            0.0
        ]
    ],
    "labels:": [
        [
            1,
            2,
            2,
            2,
            0
        ]
    ],
    "obj": 38990,
    "mat_index": 2970,
    "obbs": "N 6\n0.00846974 0.317514 -0.191681 0.999994 0.00255222 0.00240195 -0.00255222 0.0606041 0.998159 0.00240195 -0.998159 0.0606103 0.559619 0.0333902 0.724032\n-0.01739 -0.438267 0.088088 1 0 0 0 1 0 0 0 1 0.613598 0.818182 0.679682\n0.298903 -0.487779 -0.206087 -0.0834869 0.991561 0.0991838 0.944781 0.0471091 0.324299 0.31689 0.120782 -0.94074 0.727347 0.0329954 0.0452982\n0.26861 -0.43385 0.380969 -0.248356 0.935759 -0.250347 -0.702741 0.00382115 0.711436 0.666689 0.352619 0.656647 0.84134 0.0291531 0.212092\n-0.253384 -0.431124 0.383968 0.651924 -0.366968 -0.663573 0.713602 0.000948946 0.700551 -0.25645 -0.930233 0.262488 0.210663 0.0288625 0.840577\n-0.282383 -0.491301 -0.208957 0.0706021 0.991067 0.113143 0.936025 -0.105028 0.335896 0.344778 0.0821893 -0.935079 0.718872 0.0350961 0.0418116\nC 8\n0 1\n0 5\n0 2\n1 2\n1 3\n1 4\n1 5\n3 4\nS 1\n2\n3 0.26861 -0.43385 0.380969\n4 -0.253384 -0.431124 0.383968\n2\n0.0076131 -0.432487 0.382468\n-0.99997 0.00522253 0.00574547\nL 6\n0\n1\n2\n2\n2\n2"
}