{
    "boxes": [
        [
            0.026744499802589417,
            -0.06412850320339203,
            0.19161200523376465,
            0.9373810291290283,
            0.8337860107421875,
            1.128790020942688,
            0.0,
            1.0,
            0.0,
            0.0,
            0.0,
            1.0
        ],
        [
            0.5416709780693054,
            0.3998810052871704,
            0.10512399673461914,
            0.07119499891996384,
            0.6044949889183044,
            0.08252479881048203,
            0.12400700151920319,
            0.9916520118713379,
            -0.03533729910850525,
            0.1573999971151352,
            0.015503199771046638,
            0.9874129891395569
        ],
        [
            0.5673499703407288,
            0.2561039924621582,
            0.42860400676727295,
            0.2990640103816986,
            0.08259399980306625,
            0.05021199956536293,
            -0.0056537301279604435,
            0.9890120029449463,
            -0.14772799611091614,
            0.043283700942993164,
            0.14783400297164917,
            0.9880650043487549
        ],
        [
            -0.5135179758071899,
            -0.0417185015976429,
            0.4407399892807007,
            0.9781010150909424,
            0.04912000149488449,
            0.04826800152659416,
            0.0,
            1.0,
            0.0,
            0.0,
            0.0,
            1.0
        ],
        [
            -0.5133209824562073,
            0.4672200083732605,
            0.16724799573421478,
            0.040605999529361725,
            0.693015992641449,
            0.43178099393844604,
            0.0,
            1.0,
            0.0,
            0.0,
            0.0,
            1.0
        ],
        [
            -0.3305929899215698,
            -0.5384659767150879,
            -0.1927960067987442,
            0.2564440071582794,
            0.05337170138955116,
            0.04872699826955795,
            -1.3622400096835463e-08,
            0.7080979943275452,
            0.7061139941215515,
            -5.65378011074813e-09,
            -0.7061139941215515,
            0.7080979943275452
        ],
        [
            -0.3305929899215698,
            -0.6223859786987305,
            -0.26453301310539246,
            0.016242999583482742,
            0.042112499475479126,
            0.042112499475479126,
            8.4849302029713e-17,
            1.0,
            4.440889980918258e-16,
            0.7071070075035095,
            -3.7401600053850687e-16,
            0.7071070075035095
        ],
        [
            0.026744499802589417,
            0.13995200395584106,
            -0.3701159954071045,
            1.2146999835968018,
            0.2298319935798645,
            0.9420689940452576,
            -6.971539789901726e-08,
            0.9761229753494263,
            -0.21721699833869934,
            -8.693449871088887e-08,
            0.21721699833869934,
            0.9761229753494263
        ],
        [
            -0.3630770146846771,
            -0.08096650242805481,
            -0.24152399599552155,
            0.0446770004928112,
            0.0324850007891655,
            0.0446770004928112,
            0.40673699975013733,
            0.9135450124740601,
            3.914950018611322e-16,
            3.4914800656218217e-17,
            -4.440889980918258e-16,
            1.0
        ],
        [
            0.41656601428985596,
            -0.08096650242805481,
            -0.24152399599552155,
            0.0446770004928112,
            0.0324850007891655,
            0.0446770004928112,
            0.40673699975013733,
            0.9135450124740601,
            -2.2813699527727627e-16,
            6.217509691699733e-17,
            2.2204500197172533e-16,
            1.0
        ],
        [
            -0.3630770146846771,
            -0.34084799885749817,
            -0.24152399599552155,
            0.0446770004928112,
            0.0324850007891655,
            0.0446770004928112,
            0.40673699975013733,
            0.9135450124740601,
            -2.2527399744577713e-16,
            5.513729868160836e-17,
            2.2204500197172533e-16,
            1.0
        ]
    ],
    "ops": [
        [
            0,
            0,
            0,
            1,
            0,
            0,
            1,
            1,
            1,
            0,
            0,
            1,
            2,
            1,
            0,
            0,
            1,
            0,
            0,
            2,
            1,
            1,
            1
        ]
    ],
    "syms": [
        [
            0.0,
            1.0,
            3.883670203599964e-15,
            9.553830301748181e-15,
            0.02674419991672039,
            -0.5384659767150879,
            -0.1927960067987442,
            0.0
        ],
        [
            0.0,
            1.0,
            7.120070280857983e-17,
            0.0,
            0.026744000613689423,
            -0.340846985578537,
            -0.24152399599552155,
            0.0
        ]
    ],
    "labels:": [
        [
            1,
            3,
            3,
            3,
            3,
            2,
            2,
            0,
            0,
            0,
            0
        ]
    ],
    "obj": 38998,
    "mat_index": 2975,
    "obbs": "N 14\n0.0267445 0.139952 -0.370116 1 8.69345e-08 6.97154e-08 -8.69345e-08 0.217217 0.976123 6.97154e-08 -0.976123 0.217217 0.942069 0.229832 1.2147\n0.0267445 -0.0641285 0.191612 1 0 0 0 1 0 0 0 1 1.12879 0.937381 0.833786\n0.541671 0.399881 0.105124 0.979718 -0.128009 -0.154163 0.124007 0.991652 -0.0353373 0.1574 0.0155032 0.987413 0.0825248 0.071195 0.604495\n-0.513518 -0.0417185 0.44074 1 0 0 0 1 0 0 0 1 0.048268 0.978101 0.04912\n0.56735 0.256104 0.428604 -0.00565373 0.989012 -0.147728 0.999047 -0.000807948 -0.0436439 -0.0432837 -0.147834 -0.988065 0.299064 0.050212 0.082594\n-0.513321 0.46722 0.167248 1 0 0 0 1 0 0 0 1 0.431781 0.040606 0.693016\n-0.363077 -0.340848 -0.241524 0.406737 0.913545 -2.25274e-16 5.51373e-17 2.22045e-16 1 0.913545 -0.406737 3.99432e-17 0.044677 0.032485 0.044677\n-0.363077 -0.0809665 -0.241524 0.406737 0.913545 3.91495e-16 3.49148e-17 -4.44089e-16 1 0.913545 -0.406737 -2.12524e-16 0.044677 0.032485 0.044677\n0.416565 -0.340847 -0.241524 0.913545 0.406737 -1.75508e-16 9.32566e-17 2.22045e-16 1 0.406737 -0.913545 1.64917e-16 0.044677 0.032485 0.044677\n0.416566 -0.0809665 -0.241524 0.406737 0.913545 -2.28137e-16 6.21751e-17 2.22045e-16 1 0.913545 -0.406737 3.35139e-17 0.044677 0.032485 0.044677\n0.384081 -0.538466 -0.192796 1 0 0 0 -0.706114 0.708098 0 -0.708098 -0.706114 0.048728 0.0533717 0.256444\n-0.330593 -0.538466 -0.192796 -1.36224e-08 0.708098 0.706114 -5.65378e-09 -0.706114 0.708098 1 5.65378e-09 1.36224e-08 0.256444 0.0533717 0.048727\n-0.330593 -0.622386 -0.264533 0.707107 2.54021e-16 -0.707107 8.48493e-17 1 4.44089e-16 0.707107 -3.74016e-16 0.707107 0.0421125 0.016243 0.0421125\n0.38408 -0.622386 -0.264533 0.707107 9.59474e-17 -0.707107 8.63545e-17 1 2.22045e-16 0.707107 -2.18071e-16 0.707107 0.0421125 0.016243 0.0421125\nC 33\n0 7\n0 10\n0 11\n0 12\n0 5\n0 8\n0 1\n0 13\n0 6\n0 9\n0 2\n1 3\n1 6\n1 11\n1 2\n1 5\n1 10\n1 13\n1 4\n1 9\n1 12\n1 8\n1 7\n2 4\n3 5\n6 7\n6 11\n6 12\n8 13\n8 9\n8 10\n10 13\n11 12\nS 3\n2\n6 -0.363077 -0.340848 -0.241524\n8 0.416565 -0.340847 -0.241524\n2\n0.026744 -0.340847 -0.241524\n1 7.12007e-17 0\n2\n10 0.384081 -0.538466 -0.192796\n11 -0.330593 -0.538466 -0.192796\n2\n0.0267442 -0.538466 -0.192796\n-1 -3.88367e-15 -9.55383e-15\n2\n12 -0.330593 -0.622386 -0.264533\n13 0.38408 -0.622386 -0.264533\n2\n0.026744 -0.622386 -0.264533\n1 0 0\nL 14\n0\n1\n3\n3\n3\n3\n0\n0\n0\n0\n2\n2\n2\n2"
}