{
    "boxes": [
        [
            0.02070550061762333,
            -0.01994450017809868,
            0.09687349945306778,
            0.48673298954963684,
            1.0663599967956543,
            1.0603599548339844,
            0.0,
            1.0,
            0.0,
            0.0,
            0.0,
            1.0
        ],
        [
            -0.5305780172348022,
            0.15220299363136292,
            0.09008689969778061,
            0.8282899856567383,
            1.0806399583816528,
            0.07050950080156326,
            -0.12009499967098236,
            0.9927539825439453,
            0.0040168301202356815,
            -0.0040168301202356815,
            -0.0045319898054003716,
            0.9999819993972778
        ],
        [
            -0.46207699179649353,
            -0.4548580050468445,
            -0.3699580132961273,
            0.4074400067329407,
            0.11405400186777115,
            0.10383599996566772,
            0.0,
            1.0,
            0.0,
            0.0,
            0.0,
            1.0
        ],
        [
            -0.45146000385284424,
            -0.4462369978427887,
            0.5828539729118347,
            0.42468199133872986,
            0.09833499789237976,
            0.12506499886512756,
            0.0,
            1.0,
            0.0,
            0.0,
            0.0,
            1.0
        ],
        [
            0.012867500074207783,
            0.15309099853038788,
            -0.44381698966026306,
            0.8255019783973694,
            0.06646840274333954,
            1.095080018043518,
            0.0009256710181944072,
            0.9928119778633118,
            -0.1196800023317337,
            0.0010439599864184856,
            0.11967899650335312,
            0.9928119778633118
        ]
    ],
    "ops": [
        [
            0,
            0,
            2,
            1,
            0,
            0,
            1,
            2,
            1,
            0,
            1
        ]
    ],
    "syms": [
        [
            0.0,
            1.0,
            -0.00025583000387996435,
            0.00016389500524383038,
            0.01779410056769848,
            0.15206199884414673,
            0.09017670154571533,
            0.0
        ],
        [
            0.0,
            1.0,
            -0.0006884440081194043,
            6.2823801272315904e-06,
            0.015448999591171741,
            -0.45518699288368225,
            -0.36995500326156616,
            0.0
        ]
    ],
    "labels:": [
        [
            1,
            3,
            2,
            2,
            0
        ]
    ],
    "obj": 39048,
    "mat_index": 2995,
    "obbs": "N 8\n0.0128675 0.153091 -0.443817 0.999999 -0.00104396 -0.000925671 0.00104396 0.119679 0.992812 -0.000925671 -0.992812 0.11968 1.09508 0.0664684 0.825502\n0.566167 0.151922 0.0902666 -0.120583 -0.992703 0.00110004 0.992703 -0.120584 -0.000974503 0.00110004 0.000974503 0.999999 0.82476 0.0583289 1.07952\n-0.530578 0.152203 0.0900869 0.120095 -0.992754 -0.00401683 0.992754 0.120077 0.00453199 -0.00401683 -0.00453199 0.999982 0.82829 0.0705095 1.08064\n0.0207055 -0.0199445 0.0968735 1 0 0 0 1 0 0 0 1 1.06036 0.486733 1.06636\n0.492975 -0.455515 -0.369952 1 0 0 0 1 0 0 0 1 0.104068 0.406125 0.114068\n0.493911 -0.445961 0.574199 1 0 0 0 1 0 0 0 1 0.102156 0.425234 0.115645\n-0.45146 -0.446237 0.582854 1 0 0 0 1 0 0 0 1 0.125065 0.424682 0.098335\n-0.462077 -0.454858 -0.369958 1 0 0 0 1 0 0 0 1 0.103836 0.40744 0.114054\nC 15\n0 1\n0 7\n0 4\n0 3\n0 2\n1 3\n1 4\n1 5\n2 7\n2 6\n2 3\n3 6\n3 7\n3 4\n3 5\nS 3\n2\n1 0.566167 0.151922 0.0902666\n2 -0.530578 0.152203 0.0900869\n2\n0.0177941 0.152062 0.0901767\n-1 0.00025583 -0.000163895\n2\n4 0.492975 -0.455515 -0.369952\n7 -0.462077 -0.454858 -0.369958\n2\n0.015449 -0.455187 -0.369955\n-1 0.000688444 -6.28238e-06\n2\n5 0.493911 -0.445961 0.574199\n6 -0.45146 -0.446237 0.582854\n2\n0.0212257 -0.446099 0.578526\n-0.999958 -0.000291937 0.0091537\nL 8\n0\n3\n3\n1\n2\n2\n2\n2"
}