{
    "boxes": [
        [
            -0.0014270000392571092,
            -0.13329699635505676,
            0.2253659963607788,
            0.12609900534152985,
            0.7996379733085632,
            0.795993983745575,
            -1.8449499705752714e-09,
            0.9992110133171082,
            0.039721500128507614,
            3.6656500751464094e-11,
            -0.039721500128507614,
            0.9992110133171082
        ],
        [
            -0.400424987077713,
            0.24345199763774872,
            -0.22211100161075592,
            0.02775369957089424,
            0.02966970019042492,
            0.05047230049967766,
            0.010207300074398518,
            0.9883679747581482,
            -0.15173999965190887,
            0.0007789600058458745,
            0.15173999965190887,
            0.9884200096130371
        ],
        [
            -0.44916999340057373,
            0.24305400252342224,
            -0.006155999843031168,
            0.050999999046325684,
            0.3683139979839325,
            0.07469800114631653,
            0.0,
            1.0,
            0.0,
            0.0,
            0.0,
            1.0
        ],
        [
            0.4462839961051941,
            0.07505419850349426,
            0.2392919957637787,
            0.3423359990119934,
            0.04862869903445244,
            0.06805609911680222,
            0.020842500030994415,
            0.9411600232124329,
            -0.3373189866542816,
            -0.04477040097117424,
            0.3379319906234741,
            0.9401050209999084
        ],
        [
            -0.44917500019073486,
            0.2323320060968399,
            -0.025906000286340714,
            0.05804799869656563,
            0.45175600051879883,
            0.06019999831914902,
            0.0,
            1.0,
            0.0,
            0.0,
            0.0,
            1.0
        ],
        [
            -0.0014285000506788492,
            -0.776174008846283,
            -0.35849401354789734,
            0.022979000583291054,
            0.02653300017118454,
            0.8413010239601135,
            0.0,
            1.0,
            0.0,
            0.0,
            0.0,
            1.0
        ],
        [
            -0.44917500019073486,
            -0.793586015701294,
            -0.25070399045944214,
            0.014925000257790089,
            0.11608199775218964,
            0.058042000979185104,
            0.0,
            1.0,
            0.0,
            0.0,
            0.0,
            1.0
        ],
        [
            -0.0014280000468716025,
            -0.19884100556373596,
            0.3446420133113861,
            0.049750201404094696,
            0.026533300057053566,
            0.8457440137863159,
            -0.0,
            0.9396979808807373,
            -0.34200501441955566,
            0.0,
            0.34200501441955566,
            0.9396979808807373
        ],
        [
            -0.44917500019073486,
            -0.793586015701294,
            0.35463300347328186,
            0.014925000257790089,
            0.11608300358057022,
            0.058042000979185104,
            0.0,
            1.0,
            0.0,
            0.0,
            0.0,
            1.0
        ],
        [
            -0.44917500019073486,
            -0.7563660144805908,
            0.06381549686193466,
            0.0749410018324852,
            0.8965309858322144,
            0.06019999831914902,
            0.0,
            1.0,
            0.0,
            0.0,
            0.0,
            1.0
        ],
        [
            0.44669198989868164,
            -0.41168099641799927,
            0.4097619950771332,
            0.7117779850959778,
            0.07739300280809402,
            0.07426010072231293,
            0.01746230013668537,
            0.9505370259284973,
            -0.31011998653411865,
            -0.11998400092124939,
            0.30991798639297485,
            0.9431620240211487
        ],
        [
            -0.0022802900057286024,
            0.23200400173664093,
            -0.25635799765586853,
            1.0480300188064575,
            0.1988220065832138,
            0.8457409739494324,
            0.0018418700201436877,
            0.9837849736213684,
            -0.1793449968099594,
            0.002208000048995018,
            0.17934100329875946,
            0.9837849736213684
        ]
    ],
    "ops": [
        [
            0,
            0,
            0,
            1,
            0,
            0,
            1,
            1,
            2,
            1,
            0,
            0,
            2,
            1,
            0,
            0,
            0,
            0,
            1,
            1,
            2,
            1,
            1,
            1,
            0,
            1
        ]
    ],
    "syms": [
        [
            0.0,
            1.0,
            9.346550200461934e-09,
            -5.261550084512123e-10,
            -0.0014280000468716025,
            0.24345199763774872,
            -0.22211100161075592,
            0.0
        ],
        [
            0.0,
            1.0,
            -0.0,
            -0.0,
            -0.001428249990567565,
            -0.793586015701294,
            -0.25070399045944214,
            0.0
        ],
        [
            0.0,
            1.0,
            -0.0,
            -0.0,
            -0.001428249990567565,
            -0.793586015701294,
            0.35463300347328186,
            0.0
        ]
    ],
    "labels:": [
        [
            1,
            3,
            3,
            3,
            3,
            2,
            2,
            2,
            2,
            2,
            2,
            0
        ]
    ],
    "obj": 39051,
    "mat_index": 2997,
    "obbs": "N 20\n-0.00228029 0.232004 -0.256358 0.999996 -0.002208 -0.00184187 0.002208 0.179341 0.983785 -0.00184187 -0.983785 0.179345 0.845741 0.198822 1.04803\n-0.400425 0.243452 -0.222111 -0.00077896 -0.15174 -0.98842 0.0102073 0.988368 -0.15174 0.999948 -0.0102073 0.00077896 0.0296697 0.0277537 0.0504723\n0.397569 0.243452 -0.222111 0.999948 0.0102066 -0.00077895 -0.0102066 0.988367 -0.151748 -0.00077895 0.151748 0.988419 0.0504723 0.0277536 0.0296698\n-0.001427 -0.133297 0.225366 1 1.84495e-09 3.66565e-11 -1.84495e-09 0.999211 0.0397215 3.66565e-11 -0.0397215 0.999211 0.795994 0.126099 0.799638\n-0.449329 0.0219993 0.263437 -0.0224977 0.944552 -0.327589 -0.0316031 0.326836 0.944552 0.999247 0.0316031 0.0224977 0.439553 0.0439946 0.0696583\n0.446284 0.0750542 0.239292 -0.99878 0.00449229 -0.0491794 -0.0447704 0.337932 0.940105 0.0208425 0.94116 -0.337319 0.0680561 0.0486287 0.342336\n-0.44917 0.243054 -0.006156 1 0 0 0 1 0 0 0 1 0.074698 0.051 0.368314\n-0.449175 0.232332 -0.025906 1 0 0 0 1 0 0 0 1 0.0602 0.058048 0.451756\n0.446324 0.243054 -0.006156 1 0 0 0 1 0 0 0 1 0.074698 0.051 0.368314\n0.446319 0.239912 -0.028591 1 0 0 0 1 0 0 0 1 0.060199 0.042888 0.446386\n-0.449175 -0.756366 0.0638155 1 0 0 0 1 0 0 0 1 0.0602 0.074941 0.896531\n0.446319 -0.758916 0.0603455 1 0 0 0 1 0 0 0 1 0.060199 0.069841 0.889591\n-0.0014285 -0.776174 -0.358494 1 0 0 0 1 0 0 0 1 0.841301 0.022979 0.026533\n-0.001428 -0.198841 0.344642 1 0 0 0 0.342005 0.939698 0 -0.939698 0.342005 0.845744 0.0265333 0.0497502\n0.446692 -0.411681 0.409762 0.0174623 0.950537 -0.31012 -0.119984 0.309918 0.943162 0.992622 0.0207398 0.119461 0.711778 0.077393 0.0742601\n-0.450166 -0.455198 0.423922 -0.0116431 0.948756 -0.315794 -0.0885819 0.313595 0.945416 0.996001 0.0389812 0.0803914 0.5953 0.0752302 0.0707705\n0.446319 -0.793586 -0.250704 1 0 0 0 1 0 0 0 1 0.058041 0.014925 0.116082\n0.446319 -0.793586 0.354633 1 0 0 -0 1 0 0 -0 1 0.058041 0.014925 0.116083\n-0.449175 -0.793586 0.354633 1 0 0 0 1 0 0 0 1 0.058042 0.014925 0.116083\n-0.449175 -0.793586 -0.250704 1 0 0 0 1 0 0 0 1 0.058042 0.014925 0.116082\nC 40\n0 7\n0 3\n0 8\n0 1\n0 6\n0 9\n0 2\n1 6\n1 7\n2 8\n2 9\n3 15\n3 14\n3 13\n3 5\n3 4\n4 7\n4 13\n4 6\n4 15\n5 9\n5 13\n5 8\n5 14\n6 7\n8 9\n10 15\n10 12\n10 18\n10 19\n11 16\n11 14\n11 12\n11 17\n12 16\n12 19\n13 15\n13 14\n14 17\n15 18\nS 8\n2\n1 -0.400425 0.243452 -0.222111\n2 0.397569 0.243452 -0.222111\n2\n-0.001428 0.243452 -0.222111\n1 9.34655e-09 -5.26155e-10\n2\n4 -0.449329 0.0219993 0.263437\n5 0.446284 0.0750542 0.239292\n2\n-0.00152247 0.0485268 0.251365\n0.997889 0.0591136 -0.0269023\n2\n6 -0.44917 0.243054 -0.006156\n8 0.446324 0.243054 -0.006156\n2\n-0.001423 0.243054 -0.006156\n1 0 0\n2\n7 -0.449175 0.232332 -0.025906\n9 0.446319 0.239912 -0.028591\n2\n-0.00142825 0.236122 -0.0272485\n0.99996 0.00846427 -0.00299823\n2\n10 -0.449175 -0.756366 0.0638155\n11 0.446319 -0.758916 0.0603455\n2\n-0.00142825 -0.757641 0.0620805\n0.999988 -0.00284756 -0.00387491\n2\n14 0.446692 -0.411681 0.409762\n15 -0.450166 -0.455198 0.423922\n2\n-0.00173694 -0.433439 0.416842\n-0.998701 -0.0484582 0.0157672\n2\n16 0.446319 -0.793586 -0.250704\n19 -0.449175 -0.793586 -0.250704\n2\n-0.00142825 -0.793586 -0.250704\n-1 0 0\n2\n17 0.446319 -0.793586 0.354633\n18 -0.449175 -0.793586 0.354633\n2\n-0.00142825 -0.793586 0.354633\n-1 0 0\nL 20\n0\n3\n3\n1\n3\n3\n3\n3\n3\n3\n2\n2\n2\n2\n2\n2\n2\n2\n2\n2"
}