{
    "boxes": [
        [
            0.004820560105144978,
            -0.0641418993473053,
            0.15809200704097748,
            0.23534700274467468,
            0.7361639738082886,
            0.7901239991188049,
            -0.017878200858831406,
            0.9994570016860962,
            -0.027681300416588783,
            -0.00024751300225034356,
            0.027681300416588783,
            0.9996169805526733
        ],
        [
            -0.43779298663139343,
            0.08670009672641754,
            0.13437500596046448,
            0.4355100095272064,
            0.6951670050621033,
            0.09977559745311737,
            -0.3074670135974884,
            0.9515479803085327,
            0.004535050131380558,
            -0.004535050131380558,
            -0.006231210194528103,
            0.999970018863678
        ],
        [
            0.30703499913215637,
            -0.48322901129722595,
            0.3969379961490631,
            0.6742410063743591,
            0.06717749685049057,
            0.0764148011803627,
            -0.21977999806404114,
            0.9668999910354614,
            -0.12962199747562408,
            0.19176900386810303,
            0.17309899628162384,
            0.9660549759864807
        ],
        [
            0.2709740102291107,
            -0.49782899022102356,
            -0.18397100269794464,
            0.6772909760475159,
            0.08841519802808762,
            0.06824719905853271,
            -0.2237890064716339,
            0.9279230237007141,
            0.29812198877334595,
            -0.04917769879102707,
            -0.31624099612236023,
            0.9474030137062073
        ],
        [
            -0.27742800116539,
            -0.5020239949226379,
            -0.18325099349021912,
            0.6722990274429321,
            0.07435669749975204,
            0.07729119807481766,
            0.20353899896144867,
            0.9238989949226379,
            0.3240090012550354,
            -0.583433985710144,
            -0.1513029932975769,
            0.7979429960250854
        ],
        [
            -0.008864290080964565,
            0.19642600417137146,
            -0.2460239976644516,
            0.6964190006256104,
            0.22473099827766418,
            1.0631099939346313,
            0.008948549628257751,
            0.9759600162506104,
            -0.21776700019836426,
            0.01116469968110323,
            0.21766400337219238,
            0.9759600162506104
        ]
    ],
    "ops": [
        [
            0,
            0,
            2,
            1,
            0,
            2,
            0,
            0,
            1,
            1,
            1,
            0,
            1
        ]
    ],
    "syms": [
        [
            0.0,
            0.999908983707428,
            0.01305480021983385,
            0.003490519942715764,
            -0.003633019980043173,
            0.09236849844455719,
            0.13589000701904297,
            0.0
        ],
        [
            0.0,
            0.9998869895935059,
            -0.008010529913008213,
            -0.012748200446367264,
            -0.006093299947679043,
            -0.48072001338005066,
            0.4009299874305725,
            0.0
        ]
    ],
    "labels:": [
        [
            1,
            3,
            2,
            2,
            2,
            0
        ]
    ],
    "obj": 39097,
    "mat_index": 3023,
    "obbs": "N 8\n-0.00886429 0.196426 -0.246024 0.999898 -0.0111647 -0.00894855 0.0111647 0.217664 0.97596 -0.00894855 -0.97596 0.217767 1.06311 0.224731 0.696419\n-0.437793 0.0867001 0.134375 0.00453505 0.00623121 -0.99997 0.951548 0.307437 0.00623121 0.307467 -0.951548 -0.00453505 0.695167 0.0997756 0.43551\n0.430527 0.0980369 0.137406 -0.274893 -0.961163 0.0244917 0.961163 -0.275364 -0.0184647 0.0244917 0.0184647 0.999529 0.403019 0.105725 0.650106\n0.00482056 -0.0641419 0.158092 0.000247513 -0.0276813 -0.999617 -0.0178782 0.999457 -0.0276813 0.99984 0.0178782 -0.000247513 0.736164 0.235347 0.790124\n0.270974 -0.497829 -0.183971 0.223789 -0.927923 -0.298122 0.973396 0.197358 0.116405 -0.0491777 -0.316241 0.947403 0.677291 0.0682472 0.0884152\n0.307035 -0.483229 0.396938 0.21978 -0.9669 0.129622 0.956515 0.187462 -0.223465 0.191769 0.173099 0.966055 0.674241 0.0764148 0.0671775\n-0.319221 -0.478211 0.404923 0.151262 -0.173365 -0.973172 0.963685 -0.193317 0.184226 -0.220069 -0.965698 0.137827 0.0921187 0.0711461 0.685245\n-0.277428 -0.502024 -0.183251 0.203539 0.923899 0.324009 -0.583434 -0.151303 0.797943 0.786242 -0.35145 0.508238 0.672299 0.0743567 0.0772912\nC 15\n0 1\n0 7\n0 4\n0 3\n0 2\n1 3\n1 6\n1 7\n2 4\n2 3\n2 5\n3 5\n3 6\n3 7\n3 4\nS 2\n2\n1 -0.437793 0.0867001 0.134375\n2 0.430527 0.0980369 0.137406\n2\n-0.00363302 0.0923685 0.13589\n0.999909 0.0130548 0.00349052\n2\n5 0.307035 -0.483229 0.396938\n6 -0.319221 -0.478211 0.404923\n2\n-0.0060933 -0.48072 0.40093\n-0.999887 0.00801053 0.0127482\nL 8\n0\n3\n3\n1\n2\n2\n2\n2"
}