{
    "boxes": [
        [
            0.055189698934555054,
            -0.19200600683689117,
            0.263947993516922,
            0.5114840269088745,
            1.1681300401687622,
            1.2266499996185303,
            -0.022826099768280983,
            0.9893109798431396,
            -0.14402300119400024,
            -0.0016525699757039547,
            0.14402300119400024,
            0.9895730018615723
        ],
        [
            -0.6070989966392517,
            0.15320399403572083,
            0.09795200079679489,
            1.126870036125183,
            0.7816439867019653,
            0.39454400539398193,
            -0.26590898633003235,
            0.7124339938163757,
            -0.6494079828262329,
            -0.180977001786232,
            0.6247900128364563,
            0.7595300078392029
        ],
        [
            0.01317800022661686,
            -0.5340849757194519,
            0.0876149982213974,
            0.24493500590324402,
            0.15422600507736206,
            0.15420399606227875,
            0.0,
            1.0,
            0.0,
            0.0,
            0.0,
            1.0
        ],
        [
            0.01317800022661686,
            -0.7283899784088135,
            0.08760400116443634,
            0.14367300271987915,
            1.066980004310608,
            1.066980004310608,
            8.037050136522339e-09,
            1.0,
            -3.339590080031485e-07,
            -0.35836800932884216,
            3.146579956592177e-07,
            0.9335799813270569
        ],
        [
            0.05236700177192688,
            0.17888599634170532,
            -0.3780660033226013,
            1.1411800384521484,
            0.7022989988327026,
            1.5794099569320679,
            0.0,
            1.0,
            0.0,
            0.0,
            0.0,
            1.0
        ]
    ],
    "ops": [
        [
            0,
            0,
            2,
            1,
            0,
            0,
            1,
            1,
            0,
            1
        ]
    ],
    "syms": [
        [
            0.0,
            0.9961709976196289,
            -0.05433030053973198,
            0.06849350035190582,
            0.01782359927892685,
            0.1191210001707077,
            0.1409199982881546,
            0.0
        ]
    ],
    "labels:": [
        [
            1,
            3,
            2,
            2,
            0
        ]
    ],
    "obj": 39149,
    "mat_index": 3054,
    "obbs": "N 6\n0.052367 0.178886 -0.378066 1 0 0 0 1 0 0 0 1 1.57941 1.14118 0.702299\n0.642746 0.0850385 0.183887 0.260793 0.535836 -0.803036 0.950655 -0.287344 0.117 -0.168055 -0.793923 -0.584332 1.00193 0.338399 0.678228\n-0.607099 0.153204 0.097952 -0.265909 0.712434 -0.649408 0.946858 0.319494 -0.0372036 0.180977 -0.62479 -0.75953 1.12687 0.394544 0.781644\n0.0551897 -0.192006 0.263948 0.00165257 -0.144023 -0.989573 -0.0228261 0.989311 -0.144023 0.999738 0.0228261 -0.00165257 1.16813 0.511484 1.22665\n0.013178 -0.534085 0.087615 1 0 0 0 1 0 0 0 1 0.154204 0.244935 0.154226\n0.013178 -0.72839 0.087604 0.358368 -3.14658e-07 -0.93358 8.03705e-09 1 -3.33959e-07 0.93358 1.12177e-07 0.358368 1.06698 0.143673 1.06698\nC 12\n0 1\n0 4\n0 3\n0 2\n1 3\n1 5\n2 4\n2 3\n2 5\n3 4\n3 5\n4 5\nS 1\n2\n1 0.642746 0.0850385 0.183887\n2 -0.607099 0.153204 0.097952\n2\n0.0178236 0.119121 0.14092\n-0.996171 0.0543303 -0.0684935\nL 6\n0\n3\n3\n1\n2\n2"
}