{
    "boxes": [
        [
            -0.017153499647974968,
            -0.08711999654769897,
            0.18542900681495667,
            0.1710679978132248,
            0.8012139797210693,
            0.7507190108299255,
            0.0,
            1.0,
            0.0,
            0.0,
            0.0,
            1.0
        ],
        [
            -0.32864299416542053,
            -0.43954700231552124,
            -0.28111499547958374,
            0.6339030265808105,
            0.09921859949827194,
            0.09970279783010483,
            0.03709949925541878,
            0.9958130121231079,
            0.08354789763689041,
            0.22395600378513336,
            -0.08976410329341888,
            0.9704570174217224
        ],
        [
            -0.34661200642585754,
            -0.44272899627685547,
            0.5404350161552429,
            0.6228910088539124,
            0.09153600037097931,
            0.09201399981975555,
            0.0,
            1.0,
            0.0,
            0.0,
            0.0,
            1.0
        ],
        [
            -0.01720470003783703,
            0.3017970025539398,
            -0.3139050006866455,
            0.8852919936180115,
            0.10519099980592728,
            0.6870589852333069,
            -0.004381679929792881,
            0.9874669909477234,
            -0.15776699781417847,
            -0.005137249827384949,
            0.15774400532245636,
            0.9874669909477234
        ]
    ],
    "ops": [
        [
            0,
            0,
            0,
            1,
            2,
            1,
            0,
            1
        ]
    ],
    "syms": [
        [
            0.0,
            1.0,
            -8.020499920409398e-15,
            -4.072629955715126e-14,
            -0.017191000282764435,
            -0.43954700231552124,
            -0.28111499547958374,
            0.0
        ]
    ],
    "labels:": [
        [
            1,
            2,
            2,
            0
        ]
    ],
    "obj": 39158,
    "mat_index": 3061,
    "obbs": "N 6\n-0.0172047 0.301797 -0.313905 -0.00438168 0.987467 -0.157767 -0.00513725 0.157744 0.987467 0.999977 0.00513725 0.00438168 0.885292 0.105191 0.687059\n-0.0171535 -0.08712 0.185429 1 0 0 0 1 0 0 0 1 0.750719 0.171068 0.801214\n-0.328643 -0.439547 -0.281115 0.973893 -0.0172924 -0.226348 0.223956 -0.0897641 0.970457 -0.0370995 -0.995813 -0.0835479 0.0997028 0.0992186 0.633903\n0.294261 -0.439547 -0.281115 -0.973893 -0.0172924 -0.226348 -0.223956 -0.0897641 0.970457 -0.0370995 0.995813 0.0835479 0.0997028 0.0992186 0.633903\n0.315396 -0.442182 0.534803 1 0 0 0 1 0 0 0 1 0.085172 0.623975 0.102801\n-0.346612 -0.442729 0.540435 1 0 0 0 1 0 0 0 1 0.092014 0.622891 0.091536\nC 7\n0 1\n0 3\n0 2\n1 2\n1 3\n1 4\n1 5\nS 2\n2\n2 -0.328643 -0.439547 -0.281115\n3 0.294261 -0.439547 -0.281115\n2\n-0.017191 -0.439547 -0.281115\n1 -8.0205e-15 -4.07263e-14\n2\n4 0.315396 -0.442182 0.534803\n5 -0.346612 -0.442729 0.540435\n2\n-0.015608 -0.442456 0.537619\n-0.999963 -0.000827754 0.00850789\nL 6\n0\n1\n2\n2\n2\n2"
}