{
    "boxes": [
        [
            0.012454500421881676,
            -0.3202100098133087,
            0.061470501124858856,
            0.3755989968776703,
            1.042140007019043,
            1.0379999876022339,
            0.0,
            1.0,
            0.0,
            0.0,
            0.0,
            1.0
        ],
        [
            -0.4698759913444519,
            0.10403600335121155,
            0.11643899977207184,
            1.0808900594711304,
            0.944034993648529,
            0.2247769981622696,
            -0.13022500276565552,
            0.9913079738616943,
            -0.01869180053472519,
            0.01869180053472519,
            0.021303599700331688,
            0.9995980262756348
        ],
        [
            -0.49045801162719727,
            -0.6084190011024475,
            0.5341309905052185,
            0.2568430006504059,
            0.06431110203266144,
            0.03206250071525574,
            0.0007782740285620093,
            0.9964140057563782,
            0.08460459858179092,
            0.020019900053739548,
            -0.0846031978726387,
            0.996213972568512
        ],
        [
            -0.48979198932647705,
            -0.607204020023346,
            -0.44065698981285095,
            0.2564620077610016,
            0.06518270075321198,
            0.03200969845056534,
            -0.0027292498853057623,
            0.9931700229644775,
            0.11664099991321564,
            -0.011975299566984177,
            -0.11666599661111832,
            0.9930989742279053
        ],
        [
            0.01269999984651804,
            0.10240399837493896,
            -0.37279999256134033,
            1.0411200523376465,
            0.17713500559329987,
            1.29298996925354,
            0.0,
            1.0,
            0.0,
            0.0,
            0.0,
            1.0
        ]
    ],
    "ops": [
        [
            0,
            0,
            2,
            1,
            0,
            0,
            1,
            2,
            1,
            0,
            1
        ]
    ],
    "syms": [
        [
            0.0,
            0.9999970197677612,
            -0.000706017017364502,
            0.0023511999752372503,
            0.01427329983562231,
            0.10369399935007095,
            0.11757700145244598,
            0.0
        ],
        [
            0.0,
            0.9999110102653503,
            0.00801492016762495,
            0.010619999840855598,
            0.013421200215816498,
            -0.6043800115585327,
            0.5394830107688904,
            0.0
        ]
    ],
    "labels:": [
        [
            1,
            3,
            2,
            2,
            0
        ]
    ],
    "obj": 39164,
    "mat_index": 3065,
    "obbs": "N 8\n0.0127 0.102404 -0.3728 1 0 0 0 1 0 0 0 1 1.29299 1.04112 0.177135\n0.498423 0.103352 0.118716 0.102749 0.994671 -0.00846369 0.993961 -0.102339 0.0395934 0.0385163 -0.0124808 -0.99918 1.06845 0.250258 0.929967\n-0.469876 0.104036 0.116439 0.130225 -0.991308 0.0186918 0.991308 0.129823 -0.0213036 0.0186918 0.0213036 0.999598 1.08089 0.224777 0.944035\n0.0124545 -0.32021 0.0614705 1 0 0 0 1 0 0 0 1 1.038 0.375599 1.04214\n0.5173 -0.600341 0.544834 1 0 0 0 1 0 0 0 1 0.027552 0.275724 0.066207\n0.516459 -0.576503 -0.427554 1 0 0 0 1 0 0 0 1 0.026737 0.323305 0.060937\n-0.489792 -0.607204 -0.440657 0.00272925 -0.99317 -0.116641 0.999925 0.00131361 0.0122119 -0.0119753 -0.116666 0.993099 0.256462 0.0320097 0.0651827\n-0.490458 -0.608419 0.534131 -0.000778274 -0.996414 -0.0846046 0.999799 0.000918447 -0.0200139 0.0200199 -0.0846032 0.996214 0.256843 0.0320625 0.0643111\nC 15\n0 1\n0 6\n0 5\n0 3\n0 2\n1 3\n1 4\n1 5\n2 7\n2 6\n2 3\n3 6\n3 7\n3 4\n3 5\nS 3\n2\n1 0.498423 0.103352 0.118716\n2 -0.469876 0.104036 0.116439\n2\n0.0142733 0.103694 0.117577\n-0.999997 0.000706017 -0.0023512\n2\n4 0.5173 -0.600341 0.544834\n7 -0.490458 -0.608419 0.534131\n2\n0.0134212 -0.60438 0.539483\n-0.999911 -0.00801492 -0.01062\n2\n5 0.516459 -0.576503 -0.427554\n6 -0.489792 -0.607204 -0.440657\n2\n0.0133336 -0.591853 -0.434105\n-0.99945 -0.030494 -0.0130147\nL 8\n0\n3\n3\n1\n2\n2\n2\n2"
}