{
    "boxes": [
        [
            0.004949499852955341,
            -0.04742100089788437,
            0.14343300461769104,
            0.1201540008187294,
            0.8375269770622253,
            0.7472990155220032,
            0.0,
            1.0,
            0.0,
            0.0,
            0.0,
            1.0
        ],
        [
            -0.33228999376296997,
            -0.4193809926509857,
            0.5007579922676086,
            0.6897739768028259,
            0.07756099849939346,
            0.0702660009264946,
            0.0,
            1.0,
            0.0,
            0.0,
            0.0,
            1.0
        ],
        [
            -0.3334290087223053,
            -0.4270699918270111,
            -0.34973201155662537,
            0.825855016708374,
            0.07870859652757645,
            0.07546570152044296,
            -0.008917530067265034,
            0.9045330286026001,
            0.4263100028038025,
            0.3908520042896271,
            -0.3892579972743988,
            0.8340939879417419
        ],
        [
            0.005310459993779659,
            0.2745639979839325,
            -0.21557100117206573,
            0.5950189828872681,
            0.1346690058708191,
            0.7472649812698364,
            -0.0021510599181056023,
            0.9715610146522522,
            0.23678000271320343,
            -0.0016897800378501415,
            -0.23678399622440338,
            0.9715610146522522
        ]
    ],
    "ops": [
        [
            0,
            0,
            0,
            1,
            2,
            1,
            0,
            1
        ]
    ],
    "syms": [
        [
            0.0,
            0.9999560117721558,
            -0.004586359951645136,
            0.008169439621269703,
            0.00658024987205863,
            -0.4209350049495697,
            0.5035269856452942,
            0.0
        ]
    ],
    "labels:": [
        [
            1,
            2,
            2,
            0
        ]
    ],
    "obj": 2496,
    "mat_index": 307,
    "obbs": "N 6\n0.00531046 0.274564 -0.215571 -0.00215106 0.971561 0.23678 -0.00168978 -0.236784 0.971561 0.999996 0.00168978 0.00215106 0.595019 0.134669 0.747265\n0.0049495 -0.047421 0.143433 1 0 0 0 1 0 0 0 1 0.747299 0.120154 0.837527\n-0.33229 -0.419381 0.500758 1 0 0 0 1 0 0 0 1 0.070266 0.689774 0.077561\n0.34545 -0.422489 0.506296 1 0 0 0 1 0 0 0 1 0.060555 0.683381 0.059839\n0.344682 -0.429871 -0.34806 0.0203542 0.916339 0.399886 0.829487 -0.238769 0.504917 0.558155 0.321423 -0.764951 0.822451 0.0857009 0.0806096\n-0.333429 -0.42707 -0.349732 -0.00891753 0.904533 0.42631 0.390852 -0.389258 0.834094 0.92041 0.174062 -0.350067 0.825855 0.0787086 0.0754657\nC 7\n0 1\n0 5\n0 4\n1 2\n1 3\n1 4\n1 5\nS 2\n2\n2 -0.33229 -0.419381 0.500758\n3 0.34545 -0.422489 0.506296\n2\n0.00658025 -0.420935 0.503527\n0.999956 -0.00458636 0.00816944\n2\n4 0.344682 -0.429871 -0.34806\n5 -0.333429 -0.42707 -0.349732\n2\n0.00562664 -0.428471 -0.348896\n-0.999988 0.0041299 -0.00246612\nL 6\n0\n1\n2\n2\n2\n2"
}