{
    "boxes": [
        [
            0.00534476013854146,
            -0.12599200010299683,
            0.2376669943332672,
            0.1941709965467453,
            0.8983510136604309,
            0.7752929925918579,
            0.013215599581599236,
            0.9925540089607239,
            -0.12108299881219864,
            0.0008030799799598753,
            0.12108299881219864,
            0.9926419854164124
        ],
        [
            -0.36400800943374634,
            -0.4535669982433319,
            0.45992401242256165,
            0.613972008228302,
            0.3328759968280792,
            0.037444401532411575,
            0.001200470025651157,
            0.9999979734420776,
            -0.0018264800310134888,
            0.0018264800310134888,
            0.0018242900259792805,
            0.9999970197677612
        ],
        [
            -0.37178701162338257,
            -0.48437198996543884,
            -0.2507210075855255,
            0.5523369908332825,
            0.29757100343704224,
            0.02193400077521801,
            0.0,
            1.0,
            0.0,
            0.0,
            0.0,
            1.0
        ],
        [
            0.0010979999788105488,
            0.5444830060005188,
            -0.47157299518585205,
            0.02944299951195717,
            0.021131999790668488,
            0.722324013710022,
            0.0,
            1.0,
            0.0,
            0.0,
            0.0,
            1.0
        ],
        [
            0.004315960220992565,
            0.3107689917087555,
            -0.3847990036010742,
            0.6681479811668396,
            0.08386210352182388,
            0.7522010207176208,
            -9.321360266767442e-05,
            0.9912559986114502,
            -0.13195499777793884,
            -0.00010644400026649237,
            0.13195499777793884,
            0.9912559986114502
        ],
        [
            0.004728179890662432,
            0.21833300590515137,
            -0.4380060136318207,
            0.9312030076980591,
            0.04368260130286217,
            0.7741320133209229,
            0.0002066710003418848,
            0.9915969967842102,
            -0.12936599552631378,
            0.00023538499954156578,
            0.12936599552631378,
            0.9915969967842102
        ]
    ],
    "ops": [
        [
            0,
            0,
            0,
            1,
            2,
            1,
            0,
            2,
            0,
            0,
            1,
            1,
            1
        ]
    ],
    "syms": [
        [
            0.0,
            0.9994590282440186,
            -0.014771600253880024,
            0.029377099126577377,
            0.006129310000687838,
            -0.45903798937797546,
            0.47080299258232117,
            0.0
        ],
        [
            0.0,
            -0.0016659799730405211,
            0.991113007068634,
            -0.13300900161266327,
            0.001499249949119985,
            0.3057740032672882,
            -0.43953800201416016,
            0.0
        ]
    ],
    "labels:": [
        [
            1,
            2,
            2,
            0,
            0,
            0
        ]
    ],
    "obj": 39211,
    "mat_index": 3089,
    "obbs": "N 9\n0.00431596 0.310769 -0.384799 -9.32136e-05 0.991256 -0.131955 -0.000106444 0.131955 0.991256 1 0.000106444 9.32136e-05 0.668148 0.0838621 0.752201\n0.00534476 -0.125992 0.237667 0.999912 -0.0132156 0.00080308 0.0132156 0.992554 -0.121083 0.00080308 0.121083 0.992642 0.775293 0.194171 0.898351\n0.001098 0.544483 -0.471573 1 0 0 0 1 0 0 0 1 0.722324 0.029443 0.021132\n0.0019005 0.067065 -0.407502 1 0 0 0 1 0 0 0 1 0.724399 0.028322 0.021201\n0.376267 -0.464508 0.481683 1 0 0 0 1 0 0 0 1 0.031595 0.591988 0.287175\n0.381093 -0.490524 -0.253312 1 0 0 0 1 0 0 0 1 0.021921 0.540026 0.292399\n-0.371787 -0.484372 -0.250721 1 0 0 0 1 0 0 0 1 0.021934 0.552337 0.297571\n-0.364008 -0.453567 0.459924 -0.00120047 -0.999998 0.00182648 0.999998 -0.0012038 -0.00182429 0.00182648 0.00182429 0.999997 0.613972 0.0374444 0.332876\n0.00472818 0.218333 -0.438006 1 -0.000235385 -0.000206671 0.000235385 0.129366 0.991597 -0.000206671 -0.991597 0.129366 0.774132 0.0436826 0.931203\nC 16\n0 1\n0 6\n0 5\n0 3\n0 8\n0 2\n1 3\n1 4\n1 5\n1 8\n1 6\n1 7\n2 8\n3 8\n5 8\n6 8\nS 3\n2\n2 0.001098 0.544483 -0.471573\n3 0.0019005 0.067065 -0.407502\n2\n0.00149925 0.305774 -0.439538\n0.00166598 -0.991113 0.133009\n2\n4 0.376267 -0.464508 0.481683\n7 -0.364008 -0.453567 0.459924\n2\n0.00612931 -0.459038 0.470803\n-0.999459 0.0147716 -0.0293771\n2\n5 0.381093 -0.490524 -0.253312\n6 -0.371787 -0.484372 -0.250721\n2\n0.00465325 -0.487448 -0.252016\n-0.999961 0.00817163 0.00344131\nL 9\n0\n1\n0\n0\n2\n2\n2\n2\n0"
}