{
    "boxes": [
        [
            0.010611499659717083,
            -0.21459899842739105,
            0.06568700075149536,
            0.48320698738098145,
            1.0306199789047241,
            0.9486389756202698,
            0.0,
            1.0,
            0.0,
            0.0,
            0.0,
            1.0
        ],
        [
            -0.5238369703292847,
            0.09039170295000076,
            0.20142999291419983,
            1.1271100044250488,
            0.733036994934082,
            0.19719800353050232,
            -0.09206239879131317,
            0.9950540065765381,
            -0.037306200712919235,
            0.037306200712919235,
            0.04088570177555084,
            0.9984670281410217
        ],
        [
            -0.4305399954319,
            -0.5631060004234314,
            0.4433000087738037,
            0.22057600319385529,
            0.09628300368785858,
            0.09628300368785858,
            0.0,
            1.0,
            0.0,
            0.0,
            0.0,
            1.0
        ],
        [
            -0.33852899074554443,
            -0.5640119910240173,
            -0.24880799651145935,
            0.2848150134086609,
            0.13225099444389343,
            0.11125200241804123,
            0.39868998527526855,
            0.8564620018005371,
            0.3279010057449341,
            -0.6517300009727478,
            0.013051699846982956,
            0.758338987827301
        ],
        [
            0.01932400092482567,
            0.09268900007009506,
            -0.3505629897117615,
            1.0977799892425537,
            0.5646219849586487,
            1.262969970703125,
            0.0,
            1.0,
            0.0,
            0.0,
            0.0,
            1.0
        ]
    ],
    "ops": [
        [
            0,
            0,
            2,
            1,
            0,
            0,
            1,
            2,
            1,
            0,
            1
        ]
    ],
    "syms": [
        [
            0.0,
            0.9999989867210388,
            0.0013463799841701984,
            -0.0007349930237978697,
            0.006797379814088345,
            0.0911061018705368,
            0.20103999972343445,
            0.0
        ],
        [
            0.0,
            1.0,
            -0.0,
            -0.0,
            0.010613000020384789,
            -0.5631060004234314,
            0.4433000087738037,
            0.0
        ]
    ],
    "labels:": [
        [
            1,
            3,
            2,
            2,
            0
        ]
    ],
    "obj": 39222,
    "mat_index": 3098,
    "obbs": "N 8\n0.019324 0.092689 -0.350563 1 0 0 0 1 0 0 0 1 1.26297 1.09778 0.564622\n0.537432 0.0918205 0.20065 0.0323666 -0.0182647 -0.999309 0.995404 -0.0895672 0.0338772 -0.090124 -0.995813 0.0152817 0.71384 0.207702 1.11576\n-0.523837 0.0903917 0.20143 0.0920624 -0.995054 0.0373062 0.995054 0.0905295 -0.0408857 0.0373062 0.0408857 0.998467 1.12711 0.197198 0.733037\n0.0106115 -0.214599 0.065687 1 0 0 0 1 0 0 0 1 0.948639 0.483207 1.03062\n0.451765 -0.563106 0.4433 1 0 0 0 1 0 0 0 1 0.096283 0.220576 0.096283\n0.361146 -0.563342 -0.246621 -0.64291 -0.0320529 -0.765271 0.643837 0.518594 -0.562613 0.414898 -0.85442 -0.312772 0.131442 0.111838 0.286188\n-0.338529 -0.564012 -0.248808 0.65173 -0.0130517 -0.758339 0.645208 -0.516045 0.563386 -0.39869 -0.856462 -0.327901 0.132251 0.111252 0.284815\n-0.43054 -0.563106 0.4433 1 0 0 0 1 0 0 0 1 0.096283 0.220576 0.096283\nC 15\n0 1\n0 6\n0 5\n0 3\n0 2\n1 3\n1 4\n1 5\n2 7\n2 6\n2 3\n3 6\n3 7\n3 4\n3 5\nS 3\n2\n1 0.537432 0.0918205 0.20065\n2 -0.523837 0.0903917 0.20143\n2\n0.00679738 0.0911061 0.20104\n-0.999999 -0.00134638 0.000734993\n2\n4 0.451765 -0.563106 0.4433\n7 -0.43054 -0.563106 0.4433\n2\n0.010613 -0.563106 0.4433\n-1 0 0\n2\n5 0.361146 -0.563342 -0.246621\n6 -0.338529 -0.564012 -0.248808\n2\n0.0113086 -0.563677 -0.247714\n-0.999995 -0.000957281 -0.00312492\nL 8\n0\n3\n3\n1\n2\n2\n2\n2"
}