{
    "boxes": [
        [
            -0.0013574999757111073,
            -0.14975500106811523,
            0.07254800200462341,
            0.43009600043296814,
            1.1411999464035034,
            0.8109809756278992,
            0.0,
            1.0,
            0.0,
            0.0,
            0.0,
            1.0
        ],
        [
            -0.4539850056171417,
            0.022906599566340446,
            -0.03393150120973587,
            0.8445190191268921,
            1.5060700178146362,
            0.1005840003490448,
            -2.0284800607383148e-16,
            0.9135450124740601,
            0.40673699975013733,
            9.03136968609077e-17,
            -0.40673699975013733,
            0.9135450124740601
        ],
        [
            -0.4539720118045807,
            0.281468003988266,
            0.10375399887561798,
            0.4353120028972626,
            1.56482994556427,
            0.10518699884414673,
            0.01021610014140606,
            0.8418200016021729,
            0.5396620035171509,
            0.00041504998807795346,
            -0.5396929979324341,
            0.8418610095977783
        ],
        [
            0.4512700140476227,
            -0.45447099208831787,
            -0.31838199496269226,
            0.280705988407135,
            0.07379979640245438,
            0.07364200055599213,
            1.3202899748710812e-16,
            0.9659259915351868,
            0.25881901383399963,
            -1.2376000086398477e-14,
            -0.25881901383399963,
            0.9659259915351868
        ],
        [
            -0.45662200450897217,
            -0.45444899797439575,
            -0.31682300567626953,
            0.2807619869709015,
            0.07335270196199417,
            0.07312969863414764,
            0.020221499726176262,
            0.9686149954795837,
            0.24774299561977386,
            0.41145598888397217,
            -0.23389899730682373,
            0.8809059858322144
        ],
        [
            -0.0013704400043934584,
            0.3072589933872223,
            -0.4846400022506714,
            0.8007820248603821,
            0.123990997672081,
            0.8112630248069763,
            -0.0005064359866082668,
            0.9976800084114075,
            -0.06808310002088547,
            -0.0005421729874797165,
            0.06808280199766159,
            0.9976800084114075
        ],
        [
            -0.3230679929256439,
            0.3074660003185272,
            -0.4477050006389618,
            0.8078349828720093,
            0.06933320313692093,
            0.16097399592399597,
            0.0004300159926060587,
            0.992339015007019,
            -0.12354499846696854,
            0.0004868720134254545,
            0.12354499846696854,
            0.992339015007019
        ]
    ],
    "ops": [
        [
            0,
            0,
            0,
            1,
            2,
            1,
            0,
            0,
            1,
            2,
            1,
            0,
            0,
            2,
            1,
            1
        ]
    ],
    "syms": [
        [
            0.0,
            1.0,
            -0.0,
            -0.0,
            -0.0013574999757111073,
            0.022906599566340446,
            -0.03393150120973587,
            0.0
        ],
        [
            0.0,
            9.283359671263813e-12,
            0.00012645100650843233,
            1.0,
            0.4512700140476227,
            -0.4544160068035126,
            0.11944100260734558,
            0.0
        ],
        [
            1.0,
            0.4014360010623932,
            0.23059949278831482,
            -0.33577874302864075,
            0.3206689953804016,
            0.3074660003185272,
            -0.4477050006389618,
            0.20000000298023224
        ]
    ],
    "labels:": [
        [
            1,
            3,
            3,
            2,
            2,
            0,
            0
        ]
    ],
    "obj": 1366,
    "mat_index": 31,
    "obbs": "N 15\n0.45127 0.0229066 -0.0339315 2.02848e-16 -0.913545 -0.406737 1 2.22045e-16 0 9.03137e-17 -0.406737 0.913545 0.844519 0.100584 1.50607\n-0.453985 0.0229066 -0.0339315 2.02848e-16 -0.913545 -0.406737 1 2.22045e-16 0 9.03137e-17 -0.406737 0.913545 0.844519 0.100584 1.50607\n0.45123 0.282991 0.10628 0.0102203 -0.835434 -0.549496 0.999948 0.00837667 0.00586293 -0.000295137 -0.549528 0.835475 0.441854 0.105187 1.56714\n-0.453972 0.281468 0.103754 -0.00041505 0.539693 -0.841861 0.999948 -0.00837652 -0.00586294 -0.0102161 -0.84182 -0.539662 1.56483 0.105187 0.435312\n-0.0013575 -0.149755 0.072548 1 0 0 0 1 0 0 0 1 0.810981 0.430096 1.1412\n-0.323068 0.307466 -0.447705 1 -0.000486872 -0.000430016 0.000486872 0.123545 0.992339 -0.000430016 -0.992339 0.123545 0.160974 0.0693332 0.807835\n-0.162134 0.307466 -0.447705 1 -0.000486274 -0.000429488 0.000486274 0.123545 0.992339 -0.000429488 -0.992339 0.123545 0.160974 0.0693332 0.807835\n0.000644974 0.307279 -0.447557 0.999966 -0.00617178 -0.005449 0.00617178 0.123897 0.992276 -0.005449 -0.992276 0.123931 0.161432 0.0693151 0.808238\n0.159502 0.307397 -0.447599 -0.0026115 0.992303 -0.123805 -0.00295756 0.123798 0.992303 0.999992 0.00295756 0.0026115 0.808015 0.0693209 0.162943\n0.320669 0.307466 -0.447705 1 -0.000486872 -0.000430016 0.000486872 0.123545 0.992339 -0.000430016 -0.992339 0.123545 0.160974 0.0693332 0.807835\n-0.00137044 0.307259 -0.48464 -0.000506436 0.99768 -0.0680831 -0.000542173 0.0680828 0.99768 1 0.000542173 0.000506436 0.800782 0.123991 0.811263\n0.45127 -0.45436 0.557264 1 6.56731e-11 6.23025e-11 -6.56731e-11 0.0526389 0.998614 6.23025e-11 -0.998614 0.0526389 0.075266 0.075267 0.261301\n0.45127 -0.454471 -0.318382 1.2376e-14 0.258819 -0.965926 1 -3.33067e-15 1.19201e-14 -1.32029e-16 -0.965926 -0.258819 0.0737998 0.073642 0.280706\n-0.456622 -0.454449 -0.316823 0.911205 0.0841219 -0.403272 0.411456 -0.233899 0.880906 -0.0202215 -0.968615 -0.247743 0.0731297 0.0733527 0.280762\n-0.452979 -0.453952 0.555374 0.474187 -0.0300521 -0.879911 0.88039 0.0249637 0.473592 0.00773338 -0.999237 0.0382951 0.0752189 0.0752344 0.261504\nC 50\n0 2\n0 10\n0 11\n0 4\n0 12\n0 8\n0 9\n1 3\n1 6\n1 14\n1 5\n1 10\n1 13\n1 4\n2 8\n2 9\n2 10\n2 11\n2 4\n3 14\n3 10\n3 6\n3 5\n3 4\n4 7\n4 8\n4 12\n4 9\n4 13\n4 10\n4 5\n4 14\n4 11\n4 6\n5 6\n5 13\n5 10\n5 7\n6 7\n6 10\n6 8\n7 10\n7 8\n7 9\n8 9\n8 10\n9 10\n9 12\n10 12\n10 13\nS 5\n2\n0 0.45127 0.0229066 -0.0339315\n1 -0.453985 0.0229066 -0.0339315\n2\n-0.0013575 0.0229066 -0.0339315\n-1 0 0\n2\n2 0.45123 0.282991 0.10628\n3 -0.453972 0.281468 0.103754\n2\n-0.00137129 0.282229 0.105017\n-0.999995 -0.00168219 -0.00279072\n5\n5 -0.323068 0.307466 -0.447705\n6 -0.162134 0.307466 -0.447705\n7 0.000644974 0.307279 -0.447557\n8 0.159502 0.307397 -0.447599\n9 0.320669 0.307466 -0.447705\n1\n0 0 0\n0 0 0\n2\n11 0.45127 -0.45436 0.557264\n12 0.45127 -0.454471 -0.318382\n2\n0.45127 -0.454416 0.119441\n-9.28336e-12 -0.000126451 -1\n2\n13 -0.456622 -0.454449 -0.316823\n14 -0.452979 -0.453952 0.555374\n2\n-0.454801 -0.4542 0.119275\n0.00417651 0.000569245 0.999991\nL 15\n3\n3\n3\n3\n1\n0\n0\n0\n0\n0\n0\n2\n2\n2\n2"
}