{
    "boxes": [
        [
            0.0036915000528097153,
            -0.044422999024391174,
            0.17563900351524353,
            0.05806399881839752,
            0.7766079902648926,
            0.8202790021896362,
            0.0,
            1.0,
            0.0,
            0.0,
            0.0,
            1.0
        ],
        [
            0.3500329852104187,
            -0.8215640187263489,
            -0.26260998845100403,
            0.05231890082359314,
            0.04935630038380623,
            0.04762279987335205,
            -0.23927000164985657,
            0.8866479992866516,
            0.3957349956035614,
            -0.5790839791297913,
            -0.4574640095233917,
            0.6748250126838684
        ],
        [
            0.004847500007599592,
            -0.10230600088834763,
            -0.08288250118494034,
            0.09502799808979034,
            0.08463499695062637,
            0.6192209720611572,
            0.0,
            1.0,
            0.0,
            0.0,
            0.0,
            1.0
        ],
        [
            0.32231900095939636,
            -0.4749529957771301,
            -0.17133599519729614,
            0.7267079949378967,
            0.06811519712209702,
            0.06096389889717102,
            -0.1065170019865036,
            0.9691519737243652,
            0.22225800156593323,
            -0.08445940166711807,
            -0.2315399944782257,
            0.9691519737243652
        ],
        [
            0.2859329879283905,
            -0.09514450281858444,
            0.08890499919652939,
            0.08588699996471405,
            0.3928999900817871,
            0.052404001355171204,
            0.0,
            1.0,
            0.0,
            0.0,
            0.0,
            1.0
        ],
        [
            -0.3117699921131134,
            -0.45107901096343994,
            0.3478519916534424,
            0.7640960216522217,
            0.06028880178928375,
            0.051143400371074677,
            0.07235819846391678,
            0.9819340109825134,
            -0.17484399676322937,
            -0.038591500371694565,
            0.17792899906635284,
            0.9832860231399536
        ],
        [
            -0.30691999197006226,
            -0.43869099020957947,
            -0.1563050001859665,
            0.7170479893684387,
            0.08924700319766998,
            0.08182480186223984,
            0.09282580018043518,
            0.9663770198822021,
            0.2397889941930771,
            -0.3794899880886078,
            -0.18831300735473633,
            0.9058279991149902
        ],
        [
            -0.34463798999786377,
            -0.8204309940338135,
            -0.26299700140953064,
            0.049392398446798325,
            0.04898519814014435,
            0.047185998409986496,
            0.06863480061292648,
            0.9297080039978027,
            0.36184701323509216,
            -0.13276900351047516,
            -0.3509640097618103,
            0.9269289970397949
        ],
        [
            0.0030712599400430918,
            0.4308120012283325,
            -0.26966598629951477,
            0.4767470061779022,
            0.11806699633598328,
            0.8070650100708008,
            -0.0010546200210228562,
            0.9887300133705139,
            -0.14970499277114868,
            -0.0012263200478628278,
            0.1497039943933487,
            0.9887300133705139
        ],
        [
            -0.245619997382164,
            0.32396399974823,
            -0.2934589982032776,
            0.2712549865245819,
            0.03106280043721199,
            0.031831901520490646,
            0.08800119906663895,
            0.9961119890213013,
            -0.004077780060470104,
            -0.06940220296382904,
            0.01021489966660738,
            0.9975360035896301
        ],
        [
            -0.2695919871330261,
            0.019611699506640434,
            -0.25088098645210266,
            0.3687039911746979,
            0.14104300737380981,
            0.04060620069503784,
            0.0866314023733139,
            0.8521590232849121,
            -0.5160620212554932,
            0.01642950065433979,
            0.5167170166969299,
            0.8559979796409607
        ]
    ],
    "ops": [
        [
            0,
            0,
            2,
            0,
            0,
            1,
            1,
            0,
            0,
            1,
            2,
            0,
            0,
            2,
            1,
            1,
            1,
            1,
            0,
            0,
            0,
            1,
            2,
            1,
            1
        ]
    ],
    "syms": [
        [
            0.0,
            0.002684619976207614,
            0.00440648989751935,
            0.999987006187439,
            0.35095301270484924,
            -0.820052981376648,
            0.08029770106077194,
            0.0
        ],
        [
            0.0,
            0.999638020992279,
            -0.005891889799386263,
            -0.026233399286866188,
            0.0026374999433755875,
            -0.09347470104694366,
            0.09633950144052505,
            0.0
        ],
        [
            0.0,
            0.0024536000564694405,
            0.0017771499697118998,
            0.9999949932098389,
            -0.3437960147857666,
            -0.8198210000991821,
            0.08039890229701996,
            0.0
        ],
        [
            0.0,
            0.9997159838676453,
            -0.023802200332283974,
            -0.0008968960028141737,
            0.004852110054343939,
            0.31800100207328796,
            -0.2936840057373047,
            0.0
        ]
    ],
    "labels:": [
        [
            1,
            2,
            2,
            2,
            2,
            2,
            2,
            2,
            0,
            0,
            0
        ]
    ],
    "obj": 39225,
    "mat_index": 3100,
    "obbs": "N 17\n0.00307126 0.430812 -0.269666 0.999999 0.00122632 0.00105462 -0.00122632 0.149704 0.98873 0.00105462 -0.98873 0.149705 0.807065 0.118067 0.476747\n0.0036915 -0.044423 0.175639 1 0 0 0 1 0 0 0 1 0.820279 0.058064 0.776608\n0.0048475 -0.102306 -0.0828825 1 0 0 0 1 0 0 0 1 0.619221 0.095028 0.084635\n0.285933 -0.0951445 0.088905 1 0 0 0 1 0 0 0 1 0.052404 0.085887 0.3929\n-0.280658 -0.091805 0.103774 1 0 0 0 1 0 0 0 1 0.048454 0.079866 0.388586\n0.350033 -0.821564 -0.26261 -0.23927 0.886648 0.395735 -0.579084 -0.457464 0.674825 0.779366 -0.0676989 0.622901 0.0523189 0.0493563 0.0476228\n0.351874 -0.818542 0.423206 0.113646 -0.97903 0.169072 0.746973 -0.0280052 -0.664264 0.655069 0.201783 0.728126 0.0452421 0.0474193 0.0474364\n-0.344638 -0.820431 -0.262997 -0.988768 0.111662 -0.0993481 -0.132769 -0.350964 0.926929 0.0686348 0.929708 0.361847 0.047186 0.0489852 0.0493924\n-0.342953 -0.819211 0.423795 -0.217732 -0.962565 0.161433 0.962565 -0.239133 -0.127606 0.161433 0.127606 0.978599 0.049021 0.0489536 0.0470521\n-0.24562 0.323964 -0.293459 -0.9937 0.0875014 -0.0700313 -0.0694022 0.0102149 0.997536 0.0880012 0.996112 -0.00407778 0.0318319 0.0310628 0.271255\n0.255324 0.312037 -0.293908 0.967785 0.0712838 -0.241476 0.240346 0.0241549 0.970387 0.0750057 -0.997164 0.00624402 0.0365814 0.0348855 0.295835\n0.317535 -0.451698 0.343366 -0.0696024 0.980833 -0.181992 0.105229 0.188636 0.976393 0.992009 0.0488085 -0.116341 0.764502 0.0655073 0.0533786\n-0.31177 -0.451079 0.347852 -0.996632 0.0644013 -0.0507689 -0.0385915 0.177929 0.983286 0.0723582 0.981934 -0.174844 0.0511434 0.0602888 0.764096\n0.322319 -0.474953 -0.171336 -0.106517 0.969152 0.222258 -0.0844594 -0.23154 0.969152 0.990717 0.0844594 0.106517 0.726708 0.0681152 0.0609639\n-0.30692 -0.438691 -0.156305 0.0928258 0.966377 0.239789 -0.37949 -0.188313 0.905828 0.920527 -0.175082 0.349251 0.717048 0.089247 0.0818248\n-0.269592 0.0196117 -0.250881 -0.0164295 -0.516717 -0.855998 0.996105 -0.082635 0.0307634 -0.0866314 -0.852159 0.516062 0.141043 0.0406062 0.368704\n0.279838 0.0114169 -0.249713 0.0373531 -0.546042 -0.836925 0.997291 0.0734822 -0.00343215 0.0633731 -0.834529 0.547307 0.135263 0.0366216 0.356174\nC 36\n0 16\n0 10\n0 9\n0 15\n0 1\n1 3\n1 15\n1 11\n1 2\n1 16\n1 14\n1 10\n1 13\n1 4\n1 9\n1 12\n2 13\n2 16\n2 3\n2 14\n2 15\n2 4\n3 11\n3 16\n3 13\n4 12\n4 14\n4 15\n5 13\n6 11\n7 14\n8 12\n9 15\n10 16\n13 16\n14 15\nS 6\n2\n3 0.285933 -0.0951445 0.088905\n4 -0.280658 -0.091805 0.103774\n2\n0.0026375 -0.0934747 0.0963395\n-0.999638 0.00589189 0.0262334\n2\n5 0.350033 -0.821564 -0.26261\n6 0.351874 -0.818542 0.423206\n2\n0.350953 -0.820053 0.0802977\n0.00268462 0.00440649 0.999987\n2\n7 -0.344638 -0.820431 -0.262997\n8 -0.342953 -0.819211 0.423795\n2\n-0.343796 -0.819821 0.0803989\n0.0024536 0.00177715 0.999995\n2\n9 -0.24562 0.323964 -0.293459\n10 0.255324 0.312037 -0.293908\n2\n0.00485211 0.318001 -0.293684\n0.999716 -0.0238022 -0.000896896\n2\n11 0.317535 -0.451698 0.343366\n12 -0.31177 -0.451079 0.347852\n2\n0.00288235 -0.451389 0.345609\n-0.999974 0.000983633 0.00712878\n2\n15 -0.269592 0.0196117 -0.250881\n16 0.279838 0.0114169 -0.249713\n2\n0.00512317 0.0155143 -0.250297\n0.999887 -0.0149134 0.00212442\nL 17\n0\n1\n2\n2\n2\n2\n2\n2\n2\n0\n0\n2\n2\n2\n2\n0\n0"
}