{
    "boxes": [
        [
            -0.004165309946984053,
            -0.038644298911094666,
            0.15511499345302582,
            0.16366100311279297,
            0.8145120143890381,
            0.775970995426178,
            0.007328459993004799,
            0.9992430210113525,
            -0.03821370005607605,
            0.00014007699792273343,
            0.03821370005607605,
            0.9992700219154358
        ],
        [
            -0.3078649938106537,
            -0.39687401056289673,
            0.46764200925827026,
            0.805679976940155,
            0.11105400323867798,
            0.09783360362052917,
            0.1233220025897026,
            0.9918910264968872,
            -0.030712800100445747,
            -0.015197600238025188,
            0.032833099365234375,
            0.9993450045585632
        ],
        [
            -0.001374069950543344,
            -0.36176198720932007,
            -0.3114149868488312,
            0.09138359874486923,
            0.05812489986419678,
            0.6123819947242737,
            -0.028428999707102776,
            0.9993289709091187,
            0.02307629957795143,
            0.023386800661683083,
            -0.022414399310946465,
            0.9994750022888184
        ],
        [
            0.31835100054740906,
            -0.45736101269721985,
            -0.31527701020240784,
            0.6864039897918701,
            0.08657229691743851,
            0.0718320980668068,
            -0.11688400059938431,
            0.9909319877624512,
            0.06627549976110458,
            -0.007863850332796574,
            -0.06765429675579071,
            0.9976779818534851
        ],
        [
            -0.0038325900677591562,
            0.40893301367759705,
            -0.25265800952911377,
            0.6064789891242981,
            0.09677260369062424,
            0.7755470275878906,
            0.0018265199614688754,
            0.9892590045928955,
            -0.14616400003433228,
            0.0021162100601941347,
            0.14616000652313232,
            0.9892590045928955
        ],
        [
            -0.26081201434135437,
            0.20228399336338043,
            -0.27357199788093567,
            0.6592530012130737,
            0.10834600031375885,
            0.09711670130491257,
            0.054587699472904205,
            0.998108983039856,
            0.02825790084898472,
            -0.12675300240516663,
            -0.021144500002264977,
            0.9917089939117432
        ]
    ],
    "ops": [
        [
            0,
            0,
            2,
            0,
            0,
            2,
            1,
            1,
            1,
            0,
            0,
            2,
            1,
            1
        ]
    ],
    "syms": [
        [
            0.0,
            0.9998019933700562,
            0.001912879990413785,
            0.019819999113678932,
            -0.00295259989798069,
            -0.39629098773002625,
            0.47368600964546204,
            0.0
        ],
        [
            0.0,
            0.9998639822006226,
            -0.013364800252020359,
            -0.009643630124628544,
            -0.006909769959747791,
            -0.45301300287246704,
            -0.31213998794555664,
            0.0
        ],
        [
            0.0,
            0.9997329711914062,
            -0.017064599320292473,
            0.01560209970921278,
            -0.004438810050487518,
            0.19790799915790558,
            -0.2695710062980652,
            0.0
        ]
    ],
    "labels:": [
        [
            1,
            2,
            2,
            2,
            0,
            0
        ]
    ],
    "obj": 39229,
    "mat_index": 3102,
    "obbs": "N 9\n-0.00383259 0.408933 -0.252658 0.00182652 0.989259 -0.146164 0.00211621 0.14616 0.989259 0.999996 -0.00211621 -0.00182652 0.606479 0.0967726 0.775547\n-0.00137407 -0.361762 -0.311415 -0.028429 0.999329 0.0230763 0.0233868 -0.0224144 0.999475 0.999322 0.0289538 -0.0227339 0.0913836 0.0581249 0.612382\n-0.00416531 -0.0386443 0.155115 0.999973 -0.00732846 0.000140077 0.00732846 0.999243 -0.0382137 0.000140077 0.0382137 0.99927 0.775971 0.163661 0.814512\n-0.260812 0.202284 -0.273572 0.0545877 0.998109 0.0282579 0.990431 -0.0577169 0.125359 0.126753 0.0211445 -0.991709 0.659253 0.0971167 0.108346\n0.251934 0.193531 -0.26557 0.0570431 -0.996454 -0.0618472 0.992892 0.0631026 -0.100914 0.104459 -0.0556511 0.992971 0.656018 0.0882575 0.105842\n0.318351 -0.457361 -0.315277 0.116884 -0.990932 -0.0662755 0.993114 0.116091 0.0157002 -0.00786385 -0.0676543 0.997678 0.686404 0.0718321 0.0865723\n0.30196 -0.395708 0.479731 -0.130472 0.989326 -0.0648944 0.990002 0.13354 0.0454116 0.0535929 -0.0583206 -0.996858 0.808531 0.0976917 0.112861\n-0.307865 -0.396874 0.467642 0.0151976 -0.0328331 -0.999345 0.99225 -0.122775 0.0191235 -0.123322 -0.991891 0.0307128 0.111054 0.0978336 0.80568\n-0.332171 -0.448666 -0.309003 0.114491 0.991987 0.053423 0.988426 -0.119138 0.0939116 0.0995237 0.0420526 -0.994146 0.702642 0.0725525 0.0983021\nC 18\n0 5\n0 4\n0 3\n0 8\n0 2\n1 2\n1 3\n1 4\n1 5\n1 8\n2 7\n2 6\n2 8\n2 4\n2 3\n2 5\n3 8\n4 5\nS 3\n2\n3 -0.260812 0.202284 -0.273572\n4 0.251934 0.193531 -0.26557\n2\n-0.00443881 0.197908 -0.269571\n0.999733 -0.0170646 0.0156021\n2\n5 0.318351 -0.457361 -0.315277\n8 -0.332171 -0.448666 -0.309003\n2\n-0.00690977 -0.453013 -0.31214\n-0.999864 0.0133648 0.00964363\n2\n6 0.30196 -0.395708 0.479731\n7 -0.307865 -0.396874 0.467642\n2\n-0.0029526 -0.396291 0.473686\n-0.999802 -0.00191288 -0.01982\nL 9\n0\n2\n1\n0\n0\n2\n2\n2\n2"
}