{
    "boxes": [
        [
            0.021467499434947968,
            -0.10498599708080292,
            0.07964599877595901,
            0.426939994096756,
            1.0475399494171143,
            1.0472999811172485,
            0.0,
            1.0,
            0.0,
            0.0,
            0.0,
            1.0
        ],
        [
            -0.4532710015773773,
            -0.0038204500451684,
            0.0875329002737999,
            0.42083099484443665,
            0.916858971118927,
            0.06226160004734993,
            -0.028791500255465508,
            0.9995579719543457,
            0.007349070161581039,
            -0.061165399849414825,
            -0.009100070223212242,
            0.9980859756469727
        ],
        [
            -0.4657669961452484,
            -0.0048290700651705265,
            0.3639630079269409,
            0.4334219992160797,
            0.12932699918746948,
            0.06072879955172539,
            -0.043388500809669495,
            0.7511910200119019,
            -0.6586580276489258,
            0.08456730097532272,
            0.6596739888191223,
            0.7467790246009827
        ],
        [
            -0.44816499948501587,
            0.20226100087165833,
            -0.015101900324225426,
            0.12528899312019348,
            0.7399410009384155,
            0.0683261975646019,
            -0.015048899687826633,
            0.9966599941253662,
            0.08026350289583206,
            -0.08026350289583206,
            -0.0812176987528801,
            0.9934589862823486
        ],
        [
            -0.412896990776062,
            -0.431443989276886,
            -0.4014909863471985,
            0.31682199239730835,
            0.06842660158872604,
            0.06640470027923584,
            -0.015224399976432323,
            0.9978899955749512,
            0.06312479823827744,
            -0.11586800217628479,
            -0.06446749716997147,
            0.9911699891090393
        ],
        [
            -0.454228013753891,
            -0.44481199979782104,
            0.558014988899231,
            0.2885330021381378,
            0.08414600044488907,
            0.08414699882268906,
            0.0,
            1.0,
            0.0,
            0.0,
            0.0,
            1.0
        ],
        [
            -0.41455399990081787,
            0.26758500933647156,
            -0.42156198620796204,
            1.1190199851989746,
            0.10524000227451324,
            0.06486959755420685,
            -0.001266830018721521,
            0.9997050166130066,
            -0.024235399439930916,
            -0.08062919974327087,
            0.024054400622844696,
            0.9964540004730225
        ],
        [
            0.023181399330496788,
            0.44394800066947937,
            -0.3544040024280548,
            0.7706530094146729,
            0.18459300696849823,
            0.840694010257721,
            0.0015882400330156088,
            0.9904500246047974,
            -0.13786500692367554,
            0.0018246299587190151,
            0.13786199688911438,
            0.9904500246047974
        ],
        [
            0.02158600091934204,
            0.8033810257911682,
            -0.4814540147781372,
            0.06972099840641022,
            0.09741400182247162,
            0.9104920029640198,
            0.0,
            1.0,
            0.0,
            0.0,
            0.0,
            1.0
        ]
    ],
    "ops": [
        [
            0,
            0,
            0,
            0,
            1,
            1,
            2,
            1,
            0,
            0,
            1,
            2,
            1,
            0,
            2,
            0,
            0,
            1,
            1,
            1
        ]
    ],
    "syms": [
        [
            0.0,
            0.9999889731407166,
            0.00429701991379261,
            -0.0019356500124558806,
            0.020261799916625023,
            -0.0017856500344350934,
            0.08661630004644394,
            0.0
        ],
        [
            0.0,
            0.9999930262565613,
            -0.0003914090048056096,
            -0.0037318801041692495,
            0.021479500457644463,
            -0.4316140115261078,
            -0.40311199426651,
            0.0
        ],
        [
            0.0,
            0.9999759793281555,
            -0.005236450117081404,
            0.004516549874097109,
            0.02066970057785511,
            0.2653059959411621,
            -0.41959598660469055,
            0.0
        ]
    ],
    "labels:": [
        [
            1,
            3,
            3,
            3,
            2,
            2,
            0,
            0,
            0
        ]
    ],
    "obj": 39234,
    "mat_index": 3106,
    "obbs": "N 15\n0.0231814 0.443948 -0.354404 0.999997 -0.00182463 -0.00158824 0.00182463 0.137862 0.99045 -0.00158824 -0.99045 0.137865 0.840694 0.184593 0.770653\n0.021586 0.803381 -0.481454 1 0 0 0 1 0 0 0 1 0.910492 0.069721 0.097414\n0.0214675 -0.104986 0.079646 1 0 0 0 1 0 0 0 1 1.0473 0.42694 1.04754\n0.455893 0.263027 -0.41763 0.0230804 -0.029224 -0.999306 0.999732 -0.00134464 0.0231296 -0.00201965 -0.999572 0.0291851 0.100431 0.0713798 1.10245\n-0.414554 0.267585 -0.421562 -0.00126683 0.999705 -0.0242354 0.996743 0.00321642 0.080575 0.0806292 -0.0240544 -0.996454 1.11902 0.0648696 0.10524\n0.506096 -0.00361838 0.36421 0.0410443 0.769064 -0.637852 0.995473 0.0232991 0.0921482 0.0857293 -0.638747 -0.764626 0.433392 0.0607278 0.130596\n-0.465767 -0.00482907 0.363963 -0.0845673 -0.659674 -0.746779 0.995473 -0.0232993 -0.0921484 0.0433885 -0.751191 0.658658 0.129327 0.0607288 0.433422\n0.488581 0.203926 -0.0148405 -0.0146044 -0.997095 -0.0747577 0.99666 -0.00850865 -0.0812178 0.0803458 -0.0756941 0.993889 0.125942 0.0683272 0.739535\n-0.448165 0.202261 -0.0151019 0.0150489 -0.99666 -0.0802635 0.99666 0.00850819 0.0812177 -0.0802635 -0.0812177 0.993459 0.125289 0.0683262 0.739941\n0.455856 -0.431784 -0.404733 0.00305213 -0.996152 -0.0875863 0.959809 0.0274983 -0.279302 0.280636 -0.0832137 0.9562 0.317863 0.0722352 0.0728528\n-0.412897 -0.431444 -0.401491 -0.0152244 0.99789 0.0631248 0.993148 0.0077758 0.116605 0.115868 0.0644675 -0.99117 0.316822 0.0664047 0.0684266\n0.497163 -0.444813 0.558015 1 0 0 0 1 0 0 0 1 0.084146 0.288532 0.084146\n-0.454228 -0.444812 0.558015 1 0 0 0 1 0 0 0 1 0.084147 0.288533 0.084146\n0.493795 0.000249155 0.0856997 -0.0276731 -0.999558 0.010824 0.997712 -0.0282869 -0.0614004 0.0616795 0.00910006 0.998055 0.429002 0.0622616 0.91366\n-0.453271 -0.00382045 0.0875329 0.0611654 0.00910007 -0.998086 0.997712 0.0282869 0.0614004 0.0287915 -0.999558 -0.00734907 0.916859 0.0622616 0.420831\nC 40\n0 14\n0 2\n0 7\n0 3\n0 4\n0 8\n0 1\n0 13\n1 3\n1 4\n2 8\n2 12\n2 5\n2 9\n2 13\n2 6\n2 10\n2 3\n2 14\n2 7\n2 11\n2 4\n3 7\n3 13\n3 9\n4 8\n4 10\n4 14\n5 13\n5 11\n5 7\n6 14\n6 12\n6 8\n7 13\n8 14\n9 13\n10 14\n11 13\n12 14\nS 6\n2\n3 0.455893 0.263027 -0.41763\n4 -0.414554 0.267585 -0.421562\n2\n0.0206697 0.265306 -0.419596\n-0.999976 0.00523645 -0.00451655\n2\n5 0.506096 -0.00361838 0.36421\n6 -0.465767 -0.00482907 0.363963\n2\n0.0201646 -0.00422373 0.364087\n-0.999999 -0.00124574 -0.000254871\n2\n7 0.488581 0.203926 -0.0148405\n8 -0.448165 0.202261 -0.0151019\n2\n0.020208 0.203094 -0.0149712\n-0.999998 -0.00177804 -0.000279063\n2\n9 0.455856 -0.431784 -0.404733\n10 -0.412897 -0.431444 -0.401491\n2\n0.0214795 -0.431614 -0.403112\n-0.999993 0.000391409 0.00373188\n2\n11 0.497163 -0.444813 0.558015\n12 -0.454228 -0.444812 0.558015\n2\n0.0214678 -0.444813 0.558015\n-1 5.25547e-07 0\n2\n13 0.493795 0.000249155 0.0856997\n14 -0.453271 -0.00382045 0.0875329\n2\n0.0202618 -0.00178565 0.0866163\n-0.999989 -0.00429702 0.00193565\nL 15\n0\n0\n1\n0\n0\n3\n3\n3\n3\n2\n2\n2\n2\n3\n3"
}