{
    "boxes": [
        [
            -0.012838100083172321,
            -0.10236500203609467,
            0.2496339976787567,
            0.13572899997234344,
            0.6444900035858154,
            0.768576979637146,
            -0.0032432200387120247,
            0.9982669949531555,
            -0.058754801750183105,
            -9.535990102449432e-05,
            0.058754801750183105,
            0.9982720017433167
        ],
        [
            -0.44396400451660156,
            0.026921499520540237,
            0.07475589960813522,
            0.5098620057106018,
            0.0939306989312172,
            0.07533430308103561,
            0.0004570760065689683,
            0.9137309789657593,
            0.4063189923763275,
            0.000296418002108112,
            -0.4063189923763275,
            0.9137309789657593
        ],
        [
            -0.4434159994125366,
            0.2681410014629364,
            0.003514339914545417,
            0.030535999685525894,
            0.25893500447273254,
            0.08616919815540314,
            0.009244689717888832,
            0.9972310066223145,
            0.07378619909286499,
            -0.00034153799060732126,
            -0.07378619909286499,
            0.9972739815711975
        ],
        [
            -0.4561919867992401,
            -0.43601900339126587,
            -0.19255900382995605,
            0.6013569831848145,
            0.06488239765167236,
            0.044538501650094986,
            0.04486779868602753,
            0.8819440007209778,
            0.46921399235725403,
            0.19264699518680573,
            -0.4685100018978119,
            0.862197995185852
        ],
        [
            -0.39708900451660156,
            -0.4272480010986328,
            0.29294198751449585,
            0.682440996170044,
            0.0714074969291687,
            0.04096110165119171,
            -0.0025887000374495983,
            0.7818859815597534,
            -0.623416006565094,
            0.11761800199747086,
            0.6193289756774902,
            0.7762719988822937
        ],
        [
            -0.011095399968326092,
            0.23587599396705627,
            -0.22714899480342865,
            0.8175879716873169,
            0.15305300056934357,
            0.7476369738578796,
            -0.004079029895365238,
            0.9595199823379517,
            -0.28161001205444336,
            -0.005448170006275177,
            0.28158700466156006,
            0.9595199823379517
        ],
        [
            -0.007729419972747564,
            -0.13436099886894226,
            -0.06901989877223969,
            0.09039179980754852,
            0.3923270106315613,
            0.8435580134391785,
            -0.0003640929935500026,
            0.9489259719848633,
            0.3154970109462738,
            5.894040077691898e-05,
            -0.3154970109462738,
            0.9489269852638245
        ]
    ],
    "ops": [
        [
            0,
            0,
            0,
            1,
            2,
            1,
            0,
            0,
            1,
            2,
            1,
            0,
            0,
            1,
            1
        ]
    ],
    "syms": [
        [
            0.0,
            0.9999570250511169,
            0.006659570150077343,
            -0.006427810061722994,
            -0.010320399887859821,
            0.0298094991594553,
            0.07196839898824692,
            0.0
        ],
        [
            0.0,
            0.9999920129776001,
            0.001247250009328127,
            0.0037902300246059895,
            -0.014391699805855751,
            -0.43546798825263977,
            -0.19088399410247803,
            0.0
        ]
    ],
    "labels:": [
        [
            1,
            3,
            3,
            2,
            2,
            0,
            0
        ]
    ],
    "obj": 39276,
    "mat_index": 3127,
    "obbs": "N 11\n-0.0110954 0.235876 -0.227149 0.999977 0.00544817 0.00407903 -0.00544817 0.281587 0.95952 0.00407903 -0.95952 0.28161 0.747637 0.153053 0.817588\n-0.0128381 -0.102365 0.249634 0.999995 0.00324322 -9.53599e-05 -0.00324322 0.998267 -0.0587548 -9.53599e-05 0.0587548 0.998272 0.768577 0.135729 0.64449\n0.423323 0.0326975 0.0691809 -0.0859534 0.430721 -0.898383 0.996299 0.0364204 -0.0778602 -0.000816546 -0.90175 -0.432257 0.0977692 0.0753979 0.502785\n-0.443964 0.0269215 0.0747559 -0.000457076 -0.913731 -0.406319 1 -0.000297204 -0.000456565 0.000296418 -0.406319 0.913731 0.509862 0.0753343 0.0939307\n0.42064 0.268136 0.00351357 0.999959 -0.0090656 -0.000334731 0.0090656 0.997236 0.0737443 -0.000334731 -0.0737443 0.997277 0.0861672 0.0305269 0.258934\n-0.443416 0.268141 0.00351434 0.999957 -0.00924469 -0.000341538 0.00924469 0.997231 0.0737862 -0.000341538 -0.0737862 0.997274 0.0861692 0.030536 0.258935\n0.427409 -0.434917 -0.18921 0.0476569 -0.872048 -0.487094 0.989268 -0.0262264 0.143742 -0.138125 -0.488717 0.861439 0.606655 0.0523181 0.0619371\n0.37294 -0.42799 0.304737 0.00416567 0.802383 -0.596795 0.999848 -0.0134303 -0.0110779 -0.0169039 -0.596658 -0.802317 0.66786 0.0393387 0.0709575\n-0.397089 -0.427248 0.292942 -0.117618 -0.619329 -0.776272 0.993056 -0.0713151 -0.0935668 0.0025887 -0.781886 0.623416 0.0714075 0.0409611 0.682441\n-0.456192 -0.436019 -0.192559 -0.0448678 -0.881944 -0.469214 0.980242 0.0517077 -0.190925 0.192647 -0.46851 0.862198 0.601357 0.0445385 0.0648824\n-0.00772942 -0.134361 -0.0690199 -5.89404e-05 0.315497 -0.948927 -0.000364093 0.948926 0.315497 1 0.000364093 5.89404e-05 0.392327 0.0903918 0.843558\nC 31\n0 2\n0 7\n0 10\n0 3\n0 4\n0 5\n0 8\n0 1\n0 6\n0 9\n1 3\n1 6\n1 2\n1 10\n1 9\n1 8\n1 7\n2 6\n2 10\n2 7\n2 4\n3 10\n3 9\n3 5\n3 8\n6 7\n6 10\n7 10\n8 9\n8 10\n9 10\nS 4\n2\n2 0.423323 0.0326975 0.0691809\n3 -0.443964 0.0269215 0.0747559\n2\n-0.0103204 0.0298095 0.0719684\n-0.999957 -0.00665957 0.00642781\n2\n4 0.42064 0.268136 0.00351357\n5 -0.443416 0.268141 0.00351434\n2\n-0.0113877 0.268138 0.00351396\n-1 6.15504e-06 8.82678e-07\n2\n6 0.427409 -0.434917 -0.18921\n9 -0.456192 -0.436019 -0.192559\n2\n-0.0143917 -0.435468 -0.190884\n-0.999992 -0.00124725 -0.00379023\n2\n7 0.37294 -0.42799 0.304737\n8 -0.397089 -0.427248 0.292942\n2\n-0.0120745 -0.427619 0.298839\n-0.999882 0.000962395 -0.0153158\nL 11\n0\n1\n3\n3\n3\n3\n2\n2\n2\n2\n0"
}