{
    "boxes": [
        [
            -0.016719600185751915,
            0.037144098430871964,
            0.21748100221157074,
            0.23580600321292877,
            1.184440016746521,
            1.1845200061798096,
            -0.005968819838017225,
            0.9999819993972778,
            -0.0001792270049918443,
            -0.7070950269699097,
            -0.004093859810382128,
            0.7071070075035095
        ],
        [
            0.592519998550415,
            0.37372899055480957,
            0.14787699282169342,
            0.09921149909496307,
            0.6190829873085022,
            0.1393209993839264,
            -0.21797899901866913,
            0.9752060174942017,
            0.038195401430130005,
            0.15683500468730927,
            -0.0036257400643080473,
            0.9876180291175842
        ],
        [
            -0.6460930109024048,
            0.15726900100708008,
            0.4343560039997101,
            0.3558390140533447,
            0.046199001371860504,
            0.07112400233745575,
            0.0,
            1.0,
            0.0,
            0.0,
            0.0,
            1.0
        ],
        [
            -0.01658950001001358,
            -0.5155419707298279,
            0.02806599996984005,
            0.218626007437706,
            0.9227100014686584,
            1.389840006828308,
            0.0,
            1.0,
            0.0,
            0.0,
            0.0,
            1.0
        ],
        [
            -0.6464400291442871,
            -0.2292100042104721,
            0.4286690056324005,
            0.45766499638557434,
            0.05757499858736992,
            0.07180099934339523,
            0.0,
            1.0,
            0.0,
            0.0,
            0.0,
            1.0
        ],
        [
            -0.01827079989016056,
            0.12295299768447876,
            -0.26034700870513916,
            1.225059986114502,
            0.4118190109729767,
            1.1423200368881226,
            -0.007845640182495117,
            0.9978089928627014,
            -0.06568989902734756,
            -0.008378859609365463,
            0.06562399864196777,
            0.9978089928627014
        ]
    ],
    "ops": [
        [
            0,
            0,
            0,
            1,
            2,
            1,
            0,
            0,
            2,
            1,
            1,
            0,
            1
        ]
    ],
    "syms": [
        [
            0.0,
            0.9999009966850281,
            0.0014581100549548864,
            -0.014029299840331078,
            -0.01851310022175312,
            0.37283799052238464,
            0.15645000338554382,
            0.0
        ],
        [
            0.0,
            0.9998990297317505,
            -0.014109600335359573,
            -0.0013850399991497397,
            -0.016558999195694923,
            -0.23809899389743805,
            0.42779600620269775,
            0.0
        ]
    ],
    "labels:": [
        [
            1,
            3,
            3,
            2,
            2,
            0
        ]
    ],
    "obj": 39304,
    "mat_index": 3140,
    "obbs": "N 9\n-0.0182708 0.122953 -0.260347 0.999934 0.00837886 0.00784564 -0.00837886 0.065624 0.997809 0.00784564 -0.997809 0.0656899 1.14232 0.411819 1.22506\n-0.0167196 0.0371441 0.217481 0.707095 0.00409386 -0.707107 -0.00596882 0.999982 -0.000179227 0.707094 0.00434732 0.707106 1.18444 0.235806 1.18452\n0.59252 0.373729 0.147877 0.96327 0.22127 -0.152156 -0.217979 0.975206 0.0381954 0.156835 -0.00362574 0.987618 0.139321 0.0992115 0.619083\n-0.629546 0.371947 0.165024 0.157812 0.0163887 -0.987333 0.166899 0.985035 0.0430272 0.973263 -0.171575 0.152715 0.585145 0.0888166 0.136072\n0.612675 0.166992 0.434384 1 0 0 0 1 0 0 0 1 0.071249 0.355063 0.046117\n-0.646093 0.157269 0.434356 1 0 0 0 1 0 0 0 1 0.071124 0.355839 0.046199\n0.613322 -0.246987 0.426924 1 0 0 0 1 0 0 0 1 0.072421 0.513544 0.069021\n-0.64644 -0.22921 0.428669 1 0 0 0 1 0 0 0 1 0.071801 0.457665 0.057575\n-0.0165895 -0.515542 0.028066 1 0 0 0 1 0 0 0 1 1.38984 0.218626 0.92271\nC 16\n0 1\n0 3\n0 8\n0 2\n1 2\n1 3\n1 4\n1 5\n1 6\n1 7\n2 4\n3 5\n4 6\n5 7\n6 8\n7 8\nS 3\n2\n2 0.59252 0.373729 0.147877\n3 -0.629546 0.371947 0.165024\n2\n-0.0185131 0.372838 0.15645\n-0.999901 -0.00145811 0.0140293\n2\n4 0.612675 0.166992 0.434384\n5 -0.646093 0.157269 0.434356\n2\n-0.0167088 0.16213 0.43437\n-0.99997 -0.00772399 -2.14489e-05\n2\n6 0.613322 -0.246987 0.426924\n7 -0.64644 -0.22921 0.428669\n2\n-0.016559 -0.238099 0.427796\n-0.999899 0.0141096 0.00138504\nL 9\n0\n1\n3\n3\n3\n3\n2\n2\n2"
}