{
    "boxes": [
        [
            0.008616499602794647,
            -0.13743099570274353,
            0.12819799780845642,
            0.17848500609397888,
            0.7058010101318359,
            0.6626150012016296,
            0.0,
            1.0,
            0.0,
            0.0,
            0.0,
            1.0
        ],
        [
            -0.3674190044403076,
            0.03165220096707344,
            0.256523996591568,
            0.47837498784065247,
            0.04929929971694946,
            0.08384229987859726,
            -0.15158900618553162,
            0.986611008644104,
            0.06016160175204277,
            -0.04447440057992935,
            -0.06761129945516586,
            0.996720016002655
        ],
        [
            -0.36271101236343384,
            0.26865899562835693,
            0.06955389678478241,
            0.033744800835847855,
            0.7562850117683411,
            0.08872830122709274,
            0.0018298500217497349,
            0.9999979734420776,
            0.0003524410130921751,
            -0.15643499791622162,
            -6.185020174598321e-05,
            0.9876880049705505
        ],
        [
            -0.22647200524806976,
            -0.4913310110569,
            -0.2825999855995178,
            0.7793899774551392,
            0.1039619967341423,
            0.062241800129413605,
            -0.0008099059923551977,
            0.985194981098175,
            0.1714330017566681,
            -0.1324699968099594,
            -0.17002800107002258,
            0.9764950275421143
        ],
        [
            -0.2883340120315552,
            -0.49854299426078796,
            0.4345790147781372,
            0.7540289759635925,
            0.06451600044965744,
            0.0646279975771904,
            0.0,
            1.0,
            0.0,
            0.0,
            0.0,
            1.0
        ],
        [
            0.007127770222723484,
            0.35481899976730347,
            -0.26229599118232727,
            0.8884559869766235,
            0.07414360344409943,
            0.5328090190887451,
            -4.4150601752335206e-05,
            0.9839810132980347,
            -0.17827199399471283,
            -5.28683012817055e-05,
            0.17827199399471283,
            0.9839810132980347
        ],
        [
            -0.22723199427127838,
            0.26468899846076965,
            -0.27282100915908813,
            0.7723069787025452,
            0.145563006401062,
            0.05249100178480148,
            0.0,
            1.0,
            0.0,
            0.0,
            0.0,
            1.0
        ],
        [
            -0.284839004278183,
            0.16144099831581116,
            -0.25160399079322815,
            0.1927500069141388,
            0.04218849912285805,
            0.08624210208654404,
            -0.06452330201864243,
            0.9943490028381348,
            -0.08430539816617966,
            -0.013281400315463543,
            0.08361829817295074,
            0.996408998966217
        ]
    ],
    "ops": [
        [
            0,
            0,
            0,
            1,
            2,
            1,
            0,
            0,
            1,
            2,
            1,
            0,
            0,
            0,
            1,
            2,
            1,
            1
        ]
    ],
    "syms": [
        [
            0.0,
            0.9999899864196777,
            7.59188988013193e-05,
            -0.004394750110805035,
            0.007904520258307457,
            0.031680699437856674,
            0.2548750042915344,
            0.0
        ],
        [
            0.0,
            0.9998409748077393,
            -0.017829200252890587,
            0.0004095330077689141,
            0.00745955016463995,
            -0.4955019950866699,
            -0.28250399231910706,
            0.0
        ],
        [
            0.0,
            0.9996359944343567,
            -0.0269664004445076,
            0.00020890099403914064,
            0.007243750151246786,
            0.2583639919757843,
            -0.27277201414108276,
            0.0
        ]
    ],
    "labels:": [
        [
            1,
            3,
            3,
            2,
            2,
            0,
            0,
            0
        ]
    ],
    "obj": 39331,
    "mat_index": 3152,
    "obbs": "N 14\n0.00712777 0.354819 -0.262296 -4.41506e-05 0.983981 -0.178272 -5.28683e-05 0.178272 0.983981 1 5.28683e-05 4.41506e-05 0.888456 0.0741436 0.532809\n0.0086165 -0.137431 0.128198 1 0 0 0 1 0 0 0 1 0.662615 0.178485 0.705801\n0.241719 0.252039 -0.272724 1 0 0 0 1 0 0 0 1 0.052538 0.79723 0.145439\n-0.227232 0.264689 -0.272821 1 0 0 0 1 0 0 0 1 0.052491 0.772307 0.145563\n0.383228 0.0317092 0.253225 -0.987442 0.148417 0.0541285 0.0444748 -0.0676114 0.99672 0.15159 0.986611 0.0601616 0.0838424 0.0492993 0.478375\n-0.367419 0.0316522 0.256524 0.987443 0.148416 0.0541281 -0.0444744 -0.0676113 0.99672 0.151589 -0.986611 -0.0601616 0.0838423 0.0492993 0.478375\n0.380827 0.268656 0.0695539 -0.156435 4.96487e-05 -0.987688 -0.0024456 0.999997 0.000437613 0.987685 0.00248395 -0.156434 0.756285 0.0337794 0.0887402\n-0.362711 0.268659 0.0695539 -0.987687 0.00186246 -0.156434 0.00182985 0.999998 0.000352441 0.156435 6.18502e-05 -0.987688 0.0887283 0.0337448 0.756285\n-0.284839 0.161441 -0.251604 0.997828 0.0654113 0.00781106 -0.0132814 0.0836183 0.996409 0.0645233 -0.994349 0.0843054 0.0862421 0.0421885 0.19275\n0.296601 0.161459 -0.251602 -0.998025 0.0626018 0.00525239 0.0104646 0.0832251 0.996476 0.061944 0.994563 -0.0837158 0.0872291 0.0420589 0.192667\n0.241391 -0.499674 -0.282408 0.00545303 0.984931 0.172862 -0.127112 -0.170779 0.977076 0.991873 -0.0273009 0.124266 0.763003 0.100438 0.0634514\n-0.226472 -0.491331 -0.2826 -0.000809906 0.985195 0.171433 -0.13247 -0.170028 0.976495 0.991187 -0.0219188 0.130646 0.77939 0.103962 0.0622418\n0.297608 -0.498543 0.434579 1 0 0 0 1 0 0 0 1 0.064628 0.754029 0.064516\n-0.288334 -0.498543 0.434579 1 0 0 0 1 0 0 0 1 0.064628 0.754029 0.064516\nC 33\n0 7\n0 10\n0 3\n0 11\n0 8\n0 1\n0 6\n0 9\n0 2\n1 3\n1 11\n1 2\n1 5\n1 10\n1 13\n1 4\n1 9\n1 12\n1 8\n2 9\n2 6\n2 10\n3 11\n3 7\n3 8\n4 12\n4 6\n5 13\n5 7\n6 9\n7 8\n8 11\n9 10\nS 6\n2\n2 0.241719 0.252039 -0.272724\n3 -0.227232 0.264689 -0.272821\n2\n0.00724375 0.258364 -0.272772\n-0.999636 0.0269664 -0.000208901\n2\n4 0.383228 0.0317092 0.253225\n5 -0.367419 0.0316522 0.256524\n2\n0.00790452 0.0316807 0.254875\n-0.99999 -7.59189e-05 0.00439475\n2\n6 0.380827 0.268656 0.0695539\n7 -0.362711 0.268659 0.0695539\n2\n0.009058 0.268658 0.0695539\n-1 4.79753e-06 5.60709e-10\n2\n8 -0.284839 0.161441 -0.251604\n9 0.296601 0.161459 -0.251602\n2\n0.0058808 0.16145 -0.251603\n1 2.99119e-05 3.5264e-06\n2\n10 0.241391 -0.499674 -0.282408\n11 -0.226472 -0.491331 -0.2826\n2\n0.00745955 -0.495502 -0.282504\n-0.999841 0.0178292 -0.000409533\n2\n12 0.297608 -0.498543 0.434579\n13 -0.288334 -0.498543 0.434579\n2\n0.004637 -0.498543 0.434579\n-1 0 0\nL 14\n0\n1\n0\n0\n3\n3\n3\n3\n0\n0\n2\n2\n2\n2"
}