{
    "boxes": [
        [
            0.005239939782768488,
            -0.24300900101661682,
            0.2697950005531311,
            0.373322993516922,
            0.7894099950790405,
            1.0166399478912354,
            0.008270819671452045,
            0.9542660117149353,
            -0.29884400963783264,
            0.0012647600378841162,
            0.29884400963783264,
            0.9543009996414185
        ],
        [
            -0.3857240080833435,
            -0.02016340009868145,
            0.18675899505615234,
            0.28099799156188965,
            0.5686320066452026,
            0.15503400564193726,
            -0.1011200025677681,
            0.9502180218696594,
            -0.29471999406814575,
            -0.2334509938955307,
            0.2653050124645233,
            0.9354749917984009
        ],
        [
            -0.3331409990787506,
            -0.4775939881801605,
            -0.08277630060911179,
            0.448186993598938,
            0.06421740353107452,
            0.060661301016807556,
            0.15506799519062042,
            0.9518160223960876,
            0.2645759880542755,
            -0.4206719994544983,
            -0.1787019968032837,
            0.8894389867782593
        ],
        [
            -0.3368529975414276,
            -0.4442029893398285,
            0.5355920195579529,
            0.5249789953231812,
            0.06458020210266113,
            0.06040399894118309,
            0.1892559975385666,
            0.9459969997406006,
            -0.2631939947605133,
            0.44835299253463745,
            0.15521200001239777,
            0.8802779912948608
        ],
        [
            -0.0028541700448840857,
            0.17157100141048431,
            -0.2617500126361847,
            1.0587600469589233,
            0.2216850072145462,
            0.9390869736671448,
            0.04623749852180481,
            0.9087420105934143,
            -0.41478800773620605,
            -0.009499959647655487,
            0.4156140089035034,
            0.909492015838623
        ]
    ],
    "ops": [
        [
            0,
            0,
            2,
            1,
            0,
            0,
            1,
            2,
            1,
            0,
            1
        ]
    ],
    "syms": [
        [
            0.0,
            0.999813973903656,
            -0.01634329929947853,
            0.010283799842000008,
            0.003907870035618544,
            -0.026532499119639397,
            0.19076700508594513,
            0.0
        ],
        [
            0.0,
            0.9999899864196777,
            -0.0004474880115594715,
            0.00441893981769681,
            0.00804091989994049,
            -0.47774600982666016,
            -0.08126860111951828,
            0.0
        ]
    ],
    "labels:": [
        [
            1,
            3,
            2,
            2,
            0
        ]
    ],
    "obj": 39373,
    "mat_index": 3176,
    "obbs": "N 8\n-0.00285417 0.171571 -0.26175 0.0462375 0.908742 -0.414788 -0.00949996 0.415614 0.909492 0.998885 -0.0381122 0.02785 1.05876 0.221685 0.939087\n0.393539 -0.0329015 0.194774 0.112472 0.955585 -0.272409 0.976413 -0.157136 -0.148078 -0.184306 -0.249329 -0.950719 0.304561 0.180035 0.562465\n-0.385724 -0.0201634 0.186759 0.233451 -0.265305 -0.935475 0.967096 0.163398 0.195002 0.10112 -0.950218 0.29472 0.568632 0.155034 0.280998\n0.00523994 -0.243009 0.269795 -0.00126476 -0.298844 -0.954301 0.00827082 0.954266 -0.298844 0.999965 -0.00827082 0.00126476 0.78941 0.373323 1.01664\n-0.333141 -0.477594 -0.0827763 0.155068 0.951816 0.264576 0.893862 -0.249224 0.372691 0.420672 0.178702 -0.889439 0.448187 0.0606613 0.0642174\n0.349223 -0.477899 -0.0797609 0.153371 -0.95062 -0.269814 0.899282 0.247449 -0.360639 0.409595 -0.187327 0.892827 0.448405 0.0606603 0.0641312\n0.342787 -0.443783 0.545089 0.464616 -0.181875 -0.866634 0.868797 0.282885 0.406408 0.171242 -0.941752 0.289445 0.0666315 0.0604028 0.52566\n-0.336853 -0.444203 0.535592 -0.448353 -0.155212 -0.880278 0.873591 -0.284602 -0.394766 -0.189256 -0.945997 0.263194 0.0645802 0.060404 0.524979\nC 15\n0 1\n0 5\n0 4\n0 3\n0 2\n1 3\n1 5\n1 6\n2 7\n2 4\n2 3\n3 6\n3 7\n3 4\n3 5\nS 3\n2\n1 0.393539 -0.0329015 0.194774\n2 -0.385724 -0.0201634 0.186759\n2\n0.00390787 -0.0265325 0.190767\n-0.999814 0.0163433 -0.0102838\n2\n4 -0.333141 -0.477594 -0.0827763\n5 0.349223 -0.477899 -0.0797609\n2\n0.00804092 -0.477746 -0.0812686\n0.99999 -0.000447488 0.00441894\n2\n6 0.342787 -0.443783 0.545089\n7 -0.336853 -0.444203 0.535592\n2\n0.00296719 -0.443993 0.540341\n-0.999902 -0.000617516 -0.0139726\nL 8\n0\n3\n3\n1\n2\n2\n2\n2"
}