{
    "boxes": [
        [
            0.0028041100595146418,
            -0.03878289833664894,
            0.16547100245952606,
            0.14800499379634857,
            0.613556981086731,
            0.805840015411377,
            0.0007609049789607525,
            0.9982219934463501,
            0.05959539860486984,
            -2.26934007514501e-05,
            -0.05959539860486984,
            0.9982230067253113
        ],
        [
            -0.3459799885749817,
            -0.4427579939365387,
            0.4462519884109497,
            0.7019810080528259,
            0.09330730140209198,
            0.11851699650287628,
            0.024731900542974472,
            0.9986289739608765,
            -0.04613719880580902,
            -0.2463199943304062,
            0.050815798342227936,
            0.9678549766540527
        ],
        [
            -0.42425400018692017,
            -0.43159300088882446,
            -0.22753599286079407,
            0.736515998840332,
            0.07858060300350189,
            0.13420000672340393,
            0.040915701538324356,
            0.9857159852981567,
            0.16337299346923828,
            0.12287600338459015,
            -0.16723200678825378,
            0.9782299995422363
        ],
        [
            -0.003230330068618059,
            0.28593799471855164,
            -0.19533200562000275,
            0.8282009959220886,
            0.10012199729681015,
            0.9496189951896667,
            -0.0006899689906276762,
            0.9947180151939392,
            -0.10264299809932709,
            -0.000764828990213573,
            0.1026419997215271,
            0.9947180151939392
        ]
    ],
    "ops": [
        [
            0,
            0,
            0,
            1,
            2,
            1,
            0,
            1
        ]
    ],
    "syms": [
        [
            0.0,
            1.0,
            -0.0006342609995044768,
            9.668769780546427e-05,
            -0.007573890034109354,
            -0.44297298789024353,
            0.4462850093841553,
            0.0
        ]
    ],
    "labels:": [
        [
            1,
            2,
            2,
            0
        ]
    ],
    "obj": 39389,
    "mat_index": 3184,
    "obbs": "N 6\n-0.00323033 0.285938 -0.195332 0.999999 0.000764829 0.000689969 -0.000764829 0.102642 0.994718 0.000689969 -0.994718 0.102643 0.949619 0.100122 0.828201\n0.00280411 -0.0387829 0.165471 1 -0.000760905 -2.26934e-05 0.000760905 0.998222 0.0595954 -2.26934e-05 -0.0595954 0.998223 0.80584 0.148005 0.613557\n0.330832 -0.443187 0.446318 1 0 0 0 1 0 0 0 1 0.112251 0.698361 0.104643\n0.397423 -0.417101 -0.230024 0.00161876 0.986677 0.162682 -0.131635 -0.161056 0.978127 0.991297 -0.022998 0.129621 0.76226 0.0727949 0.150875\n-0.424254 -0.431593 -0.227536 0.991578 -0.0199504 -0.127964 0.122876 -0.167232 0.97823 -0.0409157 -0.985716 -0.163373 0.1342 0.0785806 0.736516\n-0.34598 -0.442758 0.446252 -0.968873 0.0125724 -0.247239 -0.24632 0.0508158 0.967855 0.0247319 0.998629 -0.0461372 0.118517 0.0933073 0.701981\nC 7\n0 1\n0 4\n0 3\n1 2\n1 3\n1 4\n1 5\nS 2\n2\n2 0.330832 -0.443187 0.446318\n5 -0.34598 -0.442758 0.446252\n2\n-0.00757389 -0.442973 0.446285\n-1 0.000634261 -9.66877e-05\n2\n3 0.397423 -0.417101 -0.230024\n4 -0.424254 -0.431593 -0.227536\n2\n-0.0134153 -0.424347 -0.22878\n-0.99984 -0.0176339 0.00302771\nL 6\n0\n1\n2\n2\n2\n2"
}