{
    "boxes": [
        [
            -0.01861480064690113,
            -0.20698900520801544,
            0.2469020038843155,
            0.5502309799194336,
            1.0518399477005005,
            0.7433800101280212,
            0.031193800270557404,
            0.9907259941101074,
            0.13224300742149353,
            -0.002072189934551716,
            -0.13224300742149353,
            0.9912149906158447
        ],
        [
            -0.36159399151802063,
            -0.54408198595047,
            -0.08660030364990234,
            0.4169580042362213,
            0.1338610053062439,
            0.1144229993224144,
            0.019447900354862213,
            0.9897770285606384,
            -0.14129100739955902,
            -0.3334159851074219,
            0.13964900374412537,
            0.9323800206184387
        ],
        [
            -0.3579779863357544,
            -0.5913159847259521,
            0.43952199816703796,
            0.2533940076828003,
            0.13204100728034973,
            0.09774599969387054,
            0.0,
            1.0,
            0.0,
            0.0,
            0.0,
            1.0
        ],
        [
            -0.003333200002089143,
            0.31568801403045654,
            -0.21761000156402588,
            1.029129981994629,
            0.37357500195503235,
            0.7805010080337524,
            0.020082900300621986,
            0.9719110131263733,
            -0.23448899388313293,
            -0.10732799768447876,
            0.235276997089386,
            0.9659839868545532
        ],
        [
            -0.24862900376319885,
            0.3411419987678528,
            -0.302713006734848,
            1.0135200023651123,
            0.3268370032310486,
            0.24210099875926971,
            0.0338715985417366,
            0.9278680086135864,
            -0.3713679909706116,
            0.027995599433779716,
            0.37055501341819763,
            0.9283890128135681
        ]
    ],
    "ops": [
        [
            0,
            0,
            0,
            1,
            2,
            1,
            0,
            0,
            2,
            1,
            1
        ]
    ],
    "syms": [
        [
            0.0,
            0.9966850280761719,
            -0.018312400206923485,
            0.07927320152521133,
            -0.035020701587200165,
            -0.5500820279121399,
            -0.060625601559877396,
            0.0
        ],
        [
            0.0,
            0.9943879842758179,
            0.006090360227972269,
            0.1056160032749176,
            0.02883630059659481,
            0.3428409993648529,
            -0.2732430100440979,
            0.0
        ]
    ],
    "labels:": [
        [
            1,
            2,
            2,
            0,
            0
        ]
    ],
    "obj": 39413,
    "mat_index": 3197,
    "obbs": "N 8\n-0.0033332 0.315688 -0.21761 -0.994021 -0.00576753 -0.109039 -0.107328 0.235277 0.965984 0.0200829 0.971911 -0.234489 0.780501 0.373575 1.02913\n-0.0186148 -0.206989 0.246902 0.00207219 0.132243 -0.991215 0.0311938 0.990726 0.132243 0.999511 -0.0311938 -0.00207219 1.05184 0.550231 0.74338\n0.306302 0.34454 -0.243773 -0.0446102 -0.384489 -0.922051 0.99847 -0.0473413 -0.0285665 -0.0326676 -0.921915 0.386013 0.339357 0.136225 0.980112\n-0.248629 0.341142 -0.302713 -0.0279956 -0.370555 -0.928389 0.999034 -0.0418427 -0.0134249 -0.0338716 -0.927868 0.371368 0.326837 0.242101 1.01352\n-0.361594 -0.544082 -0.0866003 -0.942579 -0.028976 -0.332723 -0.333416 0.139649 0.93238 0.0194479 0.989777 -0.141291 0.114423 0.133861 0.416958\n0.291552 -0.556082 -0.034651 1 0 0 0 1 0 0 0 1 0.103897 0.421188 0.169196\n0.293147 -0.602451 0.51001 1 0 0 0 1 0 0 0 1 0.098142 0.262834 0.146042\n-0.357978 -0.591316 0.439522 1 0 0 0 1 0 0 0 1 0.097746 0.253394 0.132041\nC 13\n0 1\n0 5\n0 4\n0 3\n0 2\n1 2\n1 3\n1 4\n1 5\n1 6\n1 7\n2 5\n3 4\nS 3\n2\n2 0.306302 0.34454 -0.243773\n3 -0.248629 0.341142 -0.302713\n2\n0.0288363 0.342841 -0.273243\n-0.994388 -0.00609036 -0.105616\n2\n4 -0.361594 -0.544082 -0.0866003\n5 0.291552 -0.556082 -0.034651\n2\n-0.0350207 -0.550082 -0.0606256\n0.996685 -0.0183124 0.0792732\n2\n6 0.293147 -0.602451 0.51001\n7 -0.357978 -0.591316 0.439522\n2\n-0.0324155 -0.596883 0.474766\n-0.994048 0.0169994 -0.107611\nL 8\n0\n1\n0\n0\n2\n2\n2\n2"
}