{
    "boxes": [
        [
            0.006617499981075525,
            -0.191771999001503,
            0.17826199531555176,
            0.1355700045824051,
            0.7795289754867554,
            0.915099024772644,
            0.0,
            1.0,
            0.0,
            0.0,
            0.0,
            1.0
        ],
        [
            -0.4678780138492584,
            0.020055999979376793,
            0.17826199531555176,
            0.32197999954223633,
            0.3728179931640625,
            0.033893000334501266,
            0.0,
            1.0,
            0.0,
            0.0,
            0.0,
            1.0
        ],
        [
            0.006617499981075525,
            -0.49680501222610474,
            0.17826199531555176,
            0.4744960069656372,
            0.06778500229120255,
            0.06778500229120255,
            0.0,
            1.0,
            0.0,
            0.0,
            0.0,
            1.0
        ],
        [
            0.006616999860852957,
            -0.8038039803504944,
            0.00932582002133131,
            0.07424719631671906,
            0.29698899388313293,
            0.03389199823141098,
            -2.144789992843845e-16,
            0.9659259915351868,
            -0.25881901383399963,
            -5.746939876108116e-17,
            0.25881901383399963,
            0.9659259915351868
        ],
        [
            0.006616999860852957,
            -0.9035159945487976,
            -0.109825000166893,
            0.06741330027580261,
            0.06741330027580261,
            0.03389199823141098,
            -1.7256100632088409e-16,
            0.7771459817886353,
            0.6293200254440308,
            1.3973699730712225e-16,
            -0.6293200254440308,
            0.7771459817886353
        ],
        [
            0.006617499981075525,
            0.38440099358558655,
            -0.27928799390792847,
            0.6100659966468811,
            0.1355700045824051,
            0.915099024772644,
            0.0,
            1.0,
            0.0,
            0.0,
            0.0,
            1.0
        ],
        [
            0.006616999860852957,
            -0.0562019981443882,
            -0.2453950047492981,
            0.2711400091648102,
            0.06778500229120255,
            0.03389199823141098,
            0.0,
            1.0,
            0.0,
            0.0,
            0.0,
            1.0
        ]
    ],
    "ops": [
        [
            0,
            0,
            2,
            1,
            0,
            0,
            0,
            1,
            2,
            1,
            1,
            0,
            0,
            1,
            1
        ]
    ],
    "syms": [
        [
            0.0,
            1.0,
            -0.0,
            -0.0,
            0.006617249920964241,
            0.020055999979376793,
            0.17826199531555176,
            0.0
        ],
        [
            -1.0,
            -0.0,
            1.0,
            -0.0,
            0.006617129780352116,
            -0.8038039803504944,
            0.17826199531555176,
            0.25
        ]
    ],
    "labels:": [
        [
            1,
            3,
            2,
            2,
            2,
            0,
            0
        ]
    ],
    "obj": 39429,
    "mat_index": 3206,
    "obbs": "N 14\n0.0066175 0.384401 -0.279288 1 0 0 0 1 0 0 0 1 0.915099 0.610066 0.13557\n0.481113 0.020056 0.178262 1 0 0 0 1 0 0 0 1 0.033892 0.32198 0.372818\n-0.467878 0.020056 0.178262 1 0 0 0 1 0 0 0 1 0.033893 0.32198 0.372818\n0.0066175 -0.496805 0.178262 1 0 0 0 1 0 0 0 1 0.067785 0.474496 0.067785\n0.175553 -0.803804 0.178261 -0.965926 0.258819 -5.74694e-17 0 2.22045e-16 1 0.258819 0.965926 -2.14479e-16 0.296989 0.033893 0.0742472\n0.006617 -0.803804 0.347198 2.14479e-16 -0.965926 -0.258819 1 2.22045e-16 0 5.74694e-17 -0.258819 0.965926 0.0742474 0.033892 0.29699\n-0.162319 -0.803804 0.178261 0.965926 0.258819 -5.74694e-17 0 2.22045e-16 1 0.258819 -0.965926 2.14479e-16 0.29699 0.033893 0.0742474\n0.006617 -0.803804 0.00932582 -2.14479e-16 0.965926 -0.258819 1 2.22045e-16 0 5.74694e-17 -0.258819 -0.965926 0.0742472 0.033892 0.296989\n0.0066175 -0.191772 0.178262 1 0 0 0 1 0 0 0 1 0.915099 0.13557 0.779529\n0.294704 -0.903516 0.178261 -0.62932 0.777146 1.73556e-16 1.58022e-18 -2.22045e-16 1 0.777146 0.62932 1.38509e-16 0.0674133 0.033893 0.0674133\n0.006617 -0.903516 0.466349 -1.39737e-16 0.62932 -0.777146 1 2.22045e-16 0 1.72561e-16 -0.777146 -0.62932 0.0674133 0.033892 0.0674133\n-0.281469 -0.903516 0.178261 -0.62932 0.777146 1.65724e-16 -1.08639e-17 -2.22045e-16 1 0.777146 0.62932 1.4818e-16 0.0674133 0.033893 0.0674133\n0.006617 -0.903516 -0.109825 1.72561e-16 -0.777146 -0.62932 1 2.22045e-16 0 1.39737e-16 -0.62932 0.777146 0.0674133 0.033892 0.0674133\n0.006617 -0.056202 -0.245395 1 0 0 0 1 0 0 0 1 0.033892 0.27114 0.067785\nC 26\n0 8\n0 1\n0 13\n0 2\n1 8\n2 8\n3 7\n3 6\n3 5\n3 8\n3 4\n4 7\n4 12\n4 9\n4 5\n4 6\n5 9\n5 6\n5 10\n5 7\n6 7\n6 11\n6 12\n7 12\n7 9\n8 13\nS 3\n2\n1 0.481113 0.020056 0.178262\n2 -0.467878 0.020056 0.178262\n2\n0.00661725 0.020056 0.178262\n-1 0 0\n4\n6 -0.162319 -0.803804 0.178261\n7 0.006617 -0.803804 0.00932582\n4 0.175553 -0.803804 0.178261\n5 0.006617 -0.803804 0.347198\n3\n0.00661713 -0.803804 0.178262\n0 -1 0\n4\n11 -0.281469 -0.903516 0.178261\n12 0.006617 -0.903516 -0.109825\n9 0.294704 -0.903516 0.178261\n10 0.006617 -0.903516 0.466349\n3\n0.006617 -0.903516 0.178262\n0 -1 0\nL 14\n0\n3\n3\n2\n2\n2\n2\n2\n1\n2\n2\n2\n2\n0"
}