{
    "boxes": [
        [
            0.0002734999870881438,
            0.005177999846637249,
            0.1776520013809204,
            0.24456000328063965,
            0.9644160270690918,
            0.9177510142326355,
            0.0,
            1.0,
            0.0,
            0.0,
            0.0,
            1.0
        ],
        [
            -0.2647849917411804,
            -0.4365670084953308,
            0.07321800291538239,
            0.014533000066876411,
            0.6266160011291504,
            0.010913100093603134,
            -0.0009317559888586402,
            0.8245099782943726,
            -0.5658469796180725,
            0.1500609964132309,
            0.5595560073852539,
            0.8150950074195862
        ],
        [
            -0.05836470052599907,
            -0.4365670084953308,
            0.3811179995536804,
            0.021932700648903847,
            0.01091499999165535,
            0.6265299916267395,
            -0.5754799842834473,
            0.8178120255470276,
            0.002560660010203719,
            0.12416400015354156,
            0.08427660167217255,
            0.9886760115623474
        ],
        [
            -0.2647849917411804,
            -0.4365670084953308,
            0.17469799518585205,
            0.014639199711382389,
            0.6266149878501892,
            0.010913100093603134,
            -0.001237840042449534,
            0.8244370222091675,
            0.5659520030021667,
            -0.15005899965763092,
            -0.5596969723701477,
            0.8149979710578918
        ],
        [
            -0.05836459994316101,
            -0.4365670084953308,
            -0.1269800066947937,
            0.01447639986872673,
            0.010913800448179245,
            0.6266160011291504,
            -0.565792977809906,
            0.8245469927787781,
            -0.0007699899724684656,
            -0.12416499853134155,
            -0.0842771977186203,
            0.9886760115623474
        ],
        [
            -0.29338398575782776,
            -0.49473699927330017,
            -0.15328499674797058,
            0.6898429989814758,
            0.04906019940972328,
            0.07356130331754684,
            0.2546660006046295,
            0.9326000213623047,
            0.2557390034198761,
            -0.7051780223846436,
            -0.0018672499572858214,
            0.7090280055999756
        ],
        [
            0.24331200122833252,
            -0.43656599521636963,
            0.07944060117006302,
            0.02198290079832077,
            0.6265299916267395,
            0.010914400219917297,
            0.0024168998934328556,
            0.8177530169487,
            -0.575564980506897,
            -0.1500449925661087,
            0.5693470239639282,
            0.8082889914512634
        ],
        [
            -0.29356101155281067,
            -0.4946399927139282,
            0.4121119976043701,
            0.6897590160369873,
            0.048653699457645416,
            0.07265789806842804,
            0.2533720135688782,
            0.933493971824646,
            -0.25375500321388245,
            0.7072769999504089,
            0.00019794600666500628,
            0.7069360017776489
        ],
        [
            -0.004609149880707264,
            0.3850629925727844,
            -0.3050819933414459,
            0.9625999927520752,
            0.19018299877643585,
            0.8216390013694763,
            0.02098429948091507,
            0.99372798204422,
            -0.10983400046825409,
            0.023425700142979622,
            0.10933999717235565,
            0.99372798204422
        ]
    ],
    "ops": [
        [
            0,
            0,
            0,
            0,
            1,
            2,
            1,
            0,
            0,
            1,
            2,
            0,
            0,
            2,
            1,
            1,
            1,
            1,
            0,
            1
        ]
    ],
    "syms": [
        [
            0.0,
            1.0,
            2.4154398943210253e-06,
            -6.366120146594767e-07,
            -0.010736200027167797,
            -0.4365670084953308,
            0.3811179995536804,
            0.0
        ],
        [
            0.0,
            0.9981309771537781,
            -0.06062899902462959,
            0.0076917498372495174,
            -0.007560280151665211,
            -0.4396530091762543,
            -0.12658900022506714,
            0.0
        ],
        [
            0.0,
            1.0,
            0.0002589469950180501,
            0.00047174099017865956,
            -0.010644899681210518,
            -0.49456700682640076,
            0.4122459888458252,
            0.0
        ]
    ],
    "labels:": [
        [
            1,
            2,
            2,
            2,
            2,
            2,
            2,
            2,
            0
        ]
    ],
    "obj": 39430,
    "mat_index": 3207,
    "obbs": "N 14\n-0.00460915 0.385063 -0.305082 0.999505 -0.0234257 -0.0209843 0.0234257 0.10934 0.993728 -0.0209843 -0.993728 0.109834 0.821639 0.190183 0.9626\n0.0368923 -0.436566 0.381118 0.575486 0.817808 0.00255139 -0.124158 0.084285 0.988676 0.808332 -0.569286 0.150043 0.021936 0.010915 0.626531\n-0.0583647 -0.436567 0.381118 -0.57548 0.817812 0.00256066 0.124164 0.0842766 0.988676 0.808335 0.569282 -0.150042 0.0219327 0.010915 0.62653\n0.243312 -0.436566 0.0794406 0.150045 -0.569347 -0.808289 0.988676 0.0844073 0.124076 -0.0024169 -0.817753 0.575565 0.62653 0.0109144 0.0219829\n0.243313 -0.436567 0.174697 -0.150035 0.569074 -0.808483 0.988676 0.0838649 -0.124443 -0.00301415 -0.817998 -0.575213 0.626532 0.010914 0.021773\n-0.264785 -0.436567 0.073218 -0.000931756 0.82451 -0.565847 0.988676 -0.0841522 -0.124248 -0.150061 -0.559556 -0.815095 0.014533 0.0109131 0.626616\n-0.264785 -0.436567 0.174698 0.150059 0.559697 -0.814998 0.988676 -0.0839176 0.124407 0.00123784 -0.824437 -0.565952 0.626615 0.0109131 0.0146392\n0.043244 -0.442738 -0.126197 -0.815119 0.55952 0.150063 0.124209 -0.0842129 0.988676 0.565822 0.824527 -0.000853762 0.626616 0.0109139 0.0145052\n-0.0583646 -0.436567 -0.12698 0.815145 0.559482 0.150063 -0.124165 -0.0842772 0.988676 0.565793 -0.824547 0.00076999 0.626616 0.0109138 0.0144764\n0.0002735 0.005178 0.177652 1 0 0 0 1 0 0 0 1 0.917751 0.24456 0.964416\n-0.293384 -0.494737 -0.153285 -0.661717 0.360907 -0.657174 -0.705178 -0.00186725 0.709028 0.254666 0.9326 0.255739 0.0735613 0.0490602 0.689843\n0.272114 -0.494579 -0.153571 -0.253719 0.932984 0.255279 0.705933 -0.00182163 0.708276 0.661275 0.359913 -0.658162 0.689807 0.0492726 0.0731736\n0.272271 -0.494493 0.412379 0.252165 -0.934015 0.253038 0.707966 -0.000196315 -0.706247 0.659695 0.357233 0.661201 0.689707 0.0488887 0.0721357\n-0.293561 -0.49464 0.412112 0.253372 0.933494 -0.253755 0.707277 0.000197946 0.706936 0.659971 -0.358593 -0.660189 0.689759 0.0486537 0.0726579\nC 47\n0 7\n0 10\n0 11\n0 4\n0 8\n0 6\n0 9\n1 3\n1 6\n1 2\n1 5\n1 13\n1 4\n1 12\n2 12\n2 5\n2 13\n2 6\n2 3\n2 4\n3 11\n3 7\n3 12\n3 8\n3 4\n4 7\n4 8\n4 12\n4 11\n5 6\n5 13\n5 8\n5 10\n5 7\n6 7\n6 10\n6 8\n6 13\n7 11\n7 10\n7 8\n8 10\n8 11\n9 11\n9 10\n9 13\n9 12\nS 5\n2\n1 0.0368923 -0.436566 0.381118\n2 -0.0583647 -0.436567 0.381118\n2\n-0.0107362 -0.436567 0.381118\n-1 -2.41544e-06 6.36612e-07\n2\n4 0.243313 -0.436567 0.174697\n6 -0.264785 -0.436567 0.174698\n2\n-0.0107362 -0.436567 0.174697\n-1 -7.60349e-07 1.11331e-06\n2\n7 0.043244 -0.442738 -0.126197\n8 -0.0583646 -0.436567 -0.12698\n2\n-0.00756028 -0.439653 -0.126589\n-0.998131 0.060629 -0.00769175\n2\n10 -0.293384 -0.494737 -0.153285\n11 0.272114 -0.494579 -0.153571\n2\n-0.0106347 -0.494658 -0.153428\n1 0.000279744 -0.000504524\n2\n12 0.272271 -0.494493 0.412379\n13 -0.293561 -0.49464 0.412112\n2\n-0.0106449 -0.494567 0.412246\n-1 -0.000258947 -0.000471741\nL 14\n0\n2\n2\n2\n2\n2\n2\n2\n2\n1\n2\n2\n2\n2"
}