{
    "boxes": [
        [
            0.02503499947488308,
            0.04159950092434883,
            0.08115950226783752,
            0.23342899978160858,
            0.8753430247306824,
            1.0068999528884888,
            0.0,
            1.0,
            0.0,
            0.0,
            0.0,
            1.0
        ],
        [
            -0.5076720118522644,
            0.27921101450920105,
            0.15368400514125824,
            0.4509260058403015,
            0.6091110110282898,
            0.13092100620269775,
            -0.1807750016450882,
            0.9834660291671753,
            0.01076310034841299,
            -0.0724916011095047,
            -0.024236999452114105,
            0.9970740079879761
        ],
        [
            0.037066500633955,
            -0.36373400688171387,
            -0.10088499635457993,
            0.9168300032615662,
            0.32490798830986023,
            0.31204500794410706,
            0.0700232982635498,
            0.7981809973716736,
            -0.598334014415741,
            0.3300279974937439,
            0.5474920272827148,
            0.7689819931983948
        ],
        [
            0.01958099938929081,
            -0.6703370213508606,
            0.11307699978351593,
            0.130621999502182,
            0.6609039902687073,
            0.8394920229911804,
            0.0,
            1.0,
            0.0,
            0.0,
            0.0,
            1.0
        ],
        [
            -0.02542709931731224,
            0.45528900623321533,
            -0.3189310133457184,
            0.8758090138435364,
            0.5423290133476257,
            0.9614449739456177,
            -0.49633899331092834,
            0.7623770236968994,
            -0.415244996547699,
            0.0071155899204313755,
            0.48187899589538574,
            0.876209020614624
        ]
    ],
    "ops": [
        [
            0,
            0,
            2,
            1,
            0,
            0,
            1,
            1,
            0,
            1
        ]
    ],
    "syms": [
        [
            0.0,
            0.9998679757118225,
            0.013692599721252918,
            -0.008766960352659225,
            0.019792700186371803,
            0.28643399477005005,
            0.149058997631073,
            0.0
        ]
    ],
    "labels:": [
        [
            1,
            3,
            2,
            2,
            0
        ]
    ],
    "obj": 39452,
    "mat_index": 3213,
    "obbs": "N 6\n-0.0254271 0.455289 -0.318931 0.868099 0.431942 -0.2446 0.00711559 0.481879 0.876209 0.496339 -0.762377 0.415245 0.961445 0.542329 0.875809\n0.547257 0.293658 0.144434 -0.157025 -0.987591 0.0025096 0.983424 -0.156594 -0.0914108 0.0906695 -0.0118858 0.99581 0.476299 0.137051 0.620902\n-0.507672 0.279211 0.153684 -0.180775 0.983466 0.0107631 0.980849 0.179466 0.0756744 0.0724916 0.024237 -0.997074 0.450926 0.130921 0.609111\n0.025035 0.0415995 0.0811595 1 0 0 0 1 0 0 0 1 1.0069 0.233429 0.875343\n0.0370665 -0.363734 -0.100885 -0.330028 -0.547492 -0.768982 0.94137 -0.251314 -0.225085 -0.0700233 -0.798181 0.598334 0.324908 0.312045 0.91683\n0.019581 -0.670337 0.113077 1 0 0 0 1 0 0 0 1 0.839492 0.130622 0.660904\nC 9\n0 1\n0 4\n0 3\n0 2\n1 3\n1 4\n2 3\n3 4\n4 5\nS 1\n2\n1 0.547257 0.293658 0.144434\n2 -0.507672 0.279211 0.153684\n2\n0.0197927 0.286434 0.149059\n-0.999868 -0.0136926 0.00876696\nL 6\n0\n3\n3\n1\n2\n2"
}