{
    "boxes": [
        [
            0.0004414999857544899,
            -0.22055800259113312,
            0.1258399933576584,
            0.6824690103530884,
            1.0044200420379639,
            0.8664469718933105,
            0.0,
            1.0,
            0.0,
            0.0,
            0.0,
            1.0
        ],
        [
            -0.3158310055732727,
            0.06585630029439926,
            0.01674729958176613,
            1.3661500215530396,
            1.272760033607483,
            0.4480910003185272,
            0.0429719015955925,
            0.9986730217933655,
            0.0283805001527071,
            -0.0283805001527071,
            -0.02717510052025318,
            0.9992280006408691
        ],
        [
            -0.46784698963165283,
            -0.6171680092811584,
            0.6034349799156189,
            0.06048800051212311,
            0.05269329994916916,
            0.08020620048046112,
            0.10747700184583664,
            0.9799209833145142,
            0.16794100403785706,
            -0.2198520004749298,
            -0.14131300151348114,
            0.9652439951896667
        ],
        [
            -0.43247899413108826,
            -0.5938940048217773,
            -0.3658579885959625,
            0.11042899638414383,
            0.037561699748039246,
            0.08660460263490677,
            -0.016348499804735184,
            0.9997360110282898,
            0.016140099614858627,
            0.6906780004501343,
            -0.00038045400287956,
            0.7231630086898804
        ],
        [
            0.007167499978095293,
            0.10413499921560287,
            -0.42882201075553894,
            1.2901999950408936,
            0.3372359871864319,
            0.9709389805793762,
            0.0,
            1.0,
            0.0,
            0.0,
            0.0,
            1.0
        ]
    ],
    "ops": [
        [
            0,
            0,
            2,
            1,
            0,
            0,
            1,
            2,
            1,
            0,
            1
        ]
    ],
    "syms": [
        [
            0.0,
            0.9994400143623352,
            0.033443499356508255,
            -0.0009337589726783335,
            0.007775320205837488,
            0.07668489962816238,
            0.01644499972462654,
            0.0
        ],
        [
            0.0,
            0.9999340176582336,
            0.011457899585366249,
            -6.222629963303916e-06,
            -0.0032861900981515646,
            -0.6118450164794922,
            0.6034319996833801,
            0.0
        ]
    ],
    "labels:": [
        [
            1,
            3,
            2,
            2,
            0
        ]
    ],
    "obj": 39454,
    "mat_index": 3214,
    "obbs": "N 8\n0.0071675 0.104135 -0.428822 1 0 0 0 1 0 0 0 1 0.970939 1.2902 0.337236\n0.331382 0.0875135 0.0161426 0.0714226 -0.997445 -0.00125534 0.995939 0.0713838 -0.0548671 0.0548166 0.00266851 0.998493 1.37329 0.437165 1.24654\n-0.315831 0.0658563 0.0167473 -0.0429719 -0.998673 -0.0283805 0.998673 -0.0437441 0.0271751 -0.0283805 -0.0271751 0.999228 1.36615 0.448091 1.27276\n0.0004415 -0.220558 0.12584 1 0 0 0 1 0 0 0 1 0.866447 0.682469 1.00442\n0.461275 -0.606522 0.60343 1 0 0 0 1 0 0 0 1 0.104262 0.08997 0.056057\n-0.467847 -0.617168 0.603435 0.107477 0.979921 0.167941 -0.219852 -0.141313 0.965244 0.969595 -0.140663 0.200249 0.060488 0.0526933 0.0802062\n0.414972 -0.594114 -0.352319 -0.690505 0.0229666 -0.722963 0.72316 0.000379813 -0.69068 -0.015588 -0.999736 -0.0168708 0.0866045 0.0375614 0.110896\n-0.432479 -0.593894 -0.365858 0.722978 0.0229702 -0.690489 0.690678 -0.000380454 0.723163 0.0163485 -0.999736 -0.0161401 0.0866046 0.0375617 0.110429\nC 16\n0 1\n0 7\n0 6\n0 3\n0 2\n1 2\n1 3\n1 4\n1 6\n2 7\n2 5\n2 3\n3 6\n3 7\n3 4\n3 5\nS 3\n2\n1 0.331382 0.0875135 0.0161426\n2 -0.315831 0.0658563 0.0167473\n2\n0.00777532 0.0766849 0.016445\n-0.99944 -0.0334435 0.000933759\n2\n4 0.461275 -0.606522 0.60343\n5 -0.467847 -0.617168 0.603435\n2\n-0.00328619 -0.611845 0.603432\n-0.999934 -0.0114579 6.22263e-06\n2\n6 0.414972 -0.594114 -0.352319\n7 -0.432479 -0.593894 -0.365858\n2\n-0.00875351 -0.594004 -0.359089\n-0.999872 0.000260302 -0.0159749\nL 8\n0\n3\n3\n1\n2\n2\n2\n2"
}