{
    "boxes": [
        [
            1.1241900210734457e-05,
            0.23896999657154083,
            0.08266349881887436,
            0.13489699363708496,
            0.5805150270462036,
            0.5806859731674194,
            -0.000908126006834209,
            0.9999570250511169,
            -0.009246139787137508,
            -0.15643900632858276,
            0.008990240283310413,
            0.9876469969749451
        ],
        [
            0.0032957301009446383,
            -0.6981639862060547,
            0.24165700376033783,
            0.10849999636411667,
            0.04010609909892082,
            0.17026400566101074,
            0.027899600565433502,
            0.9958739876747131,
            0.0863495022058487,
            0.025575999170541763,
            -0.08706600219011307,
            0.9958739876747131
        ],
        [
            -0.12373799830675125,
            -0.3708840012550354,
            0.24992099404335022,
            1.1547600030899048,
            0.12221000343561172,
            0.1250630021095276,
            0.0,
            1.0,
            0.0,
            0.0,
            0.0,
            1.0
        ],
        [
            -0.200080007314682,
            -0.36210599541664124,
            -0.1892939954996109,
            1.1685400009155273,
            0.10989200323820114,
            0.1096159964799881,
            0.1015319973230362,
            0.986670970916748,
            0.1271670013666153,
            0.440854012966156,
            -0.15921500325202942,
            0.8833450078964233
        ],
        [
            0.20785099267959595,
            -0.3687889873981476,
            -0.1772029995918274,
            1.1567800045013428,
            0.10315900295972824,
            0.10737500339746475,
            -0.10606899857521057,
            0.9863709807395935,
            0.1257839947938919,
            0.36799201369285583,
            -0.07857789844274521,
            0.9265030026435852
        ],
        [
            -0.002231519902125001,
            0.6620190143585205,
            -0.21963299810886383,
            0.47854098677635193,
            0.036015599966049194,
            0.4249059855937958,
            0.012519399635493755,
            0.992169976234436,
            -0.12426500022411346,
            0.014183900319039822,
            0.12408600002527237,
            0.992169976234436
        ],
        [
            -0.2009350061416626,
            0.5482460260391235,
            -0.20322099328041077,
            0.7662469744682312,
            0.06920959800481796,
            0.119718998670578,
            -0.07545120269060135,
            0.9889190196990967,
            -0.12785600125789642,
            0.49303698539733887,
            0.14845000207424164,
            0.8572499752044678
        ]
    ],
    "ops": [
        [
            0,
            0,
            0,
            2,
            1,
            0,
            0,
            1,
            1,
            1,
            0,
            0,
            2,
            1,
            1
        ]
    ],
    "syms": [
        [
            0.0,
            0.9994710087776184,
            -0.014768199995160103,
            0.02897780016064644,
            0.004189500119537115,
            -0.37277400493621826,
            0.25363001227378845,
            0.0
        ],
        [
            0.0,
            0.9998639822006226,
            0.009299470111727715,
            0.0136481998488307,
            0.0005769699928350747,
            0.5501199960708618,
            -0.2004700005054474,
            0.0
        ]
    ],
    "labels:": [
        [
            1,
            2,
            2,
            2,
            2,
            0,
            0
        ]
    ],
    "obj": 39474,
    "mat_index": 3223,
    "obbs": "N 9\n-0.00223152 0.662019 -0.219633 0.999821 -0.0141839 -0.0125194 0.0141839 0.124086 0.99217 -0.0125194 -0.99217 0.124265 0.424906 0.0360156 0.478541\n0.00329573 -0.698164 0.241657 0.999283 -0.025576 -0.0278996 0.025576 -0.087066 0.995874 -0.0278996 -0.995874 -0.0863495 0.170264 0.0401061 0.1085\n1.12419e-05 0.23897 0.0826635 0.156439 -0.00899024 -0.987647 -0.000908126 0.999957 -0.00924614 0.987687 0.00234336 0.156424 0.580515 0.134897 0.580686\n0.202089 0.551994 -0.197719 -0.837118 -0.00330768 -0.547013 -0.541039 0.152502 0.827055 0.0806851 0.988298 -0.129452 0.109282 0.0784842 0.760525\n-0.200935 0.548246 -0.203221 0.866731 0.00164279 -0.498774 0.493037 0.14845 0.85725 0.0754512 -0.988919 0.127856 0.119719 0.0692096 0.766247\n-0.20008 -0.362106 -0.189294 -0.440854 0.159215 -0.883345 0.891818 -0.0336257 -0.451143 -0.101532 -0.986671 -0.127167 0.109892 0.109616 1.16854\n0.207851 -0.368789 -0.177203 -0.106069 0.986371 0.125784 0.367992 -0.0785779 0.926503 0.923759 0.144561 -0.354642 1.15678 0.103159 0.107375\n0.132116 -0.374664 0.257339 1 0 0 0 1 0 0 0 1 0.106955 1.1472 0.106254\n-0.123738 -0.370884 0.249921 1 0 0 0 1 0 0 0 1 0.125063 1.15476 0.12221\nC 22\n0 2\n0 3\n0 4\n0 5\n0 6\n1 8\n1 7\n2 8\n2 5\n2 6\n2 3\n2 7\n2 4\n3 6\n3 4\n3 5\n4 5\n4 6\n5 6\n5 8\n6 7\n7 8\nS 2\n2\n3 0.202089 0.551994 -0.197719\n4 -0.200935 0.548246 -0.203221\n2\n0.00057697 0.55012 -0.20047\n-0.999864 -0.00929947 -0.0136482\n2\n7 0.132116 -0.374664 0.257339\n8 -0.123738 -0.370884 0.249921\n2\n0.0041895 -0.372774 0.25363\n-0.999471 0.0147682 -0.0289778\nL 9\n0\n2\n1\n0\n0\n2\n2\n2\n2"
}