{
    "boxes": [
        [
            -0.001041000010445714,
            -0.18995000422000885,
            0.22331300377845764,
            0.1450130045413971,
            0.7125210165977478,
            0.9210060238838196,
            0.0,
            1.0,
            0.0,
            0.0,
            0.0,
            1.0
        ],
        [
            -0.22384099662303925,
            0.09633900225162506,
            -0.23035399615764618,
            0.0372220017015934,
            0.04135100170969963,
            0.46737900376319885,
            0.0,
            1.0,
            0.0,
            0.0,
            0.0,
            1.0
        ],
        [
            -0.4166469871997833,
            0.15178699791431427,
            0.11220899969339371,
            0.150735005736351,
            0.5545600056648254,
            0.0915972962975502,
            -0.002092449925839901,
            0.9937930107116699,
            0.11122500151395798,
            -0.00655549019575119,
            -0.11123699694871902,
            0.9937719702720642
        ],
        [
            -0.41803500056266785,
            -0.052401501685380936,
            0.32236000895500183,
            0.3068639934062958,
            0.04602149873971939,
            0.0632387027144432,
            -0.003019429976120591,
            0.9385089874267578,
            0.3452419936656952,
            -0.002106510102748871,
            -0.3452489972114563,
            0.9385089874267578
        ],
        [
            -0.4155369997024536,
            0.14043200016021729,
            0.06832849979400635,
            0.09965299814939499,
            0.586588978767395,
            0.06850399821996689,
            0.0,
            1.0,
            0.0,
            0.0,
            0.0,
            1.0
        ],
        [
            -0.37647899985313416,
            -0.4822550117969513,
            0.4874649941921234,
            0.6924660205841064,
            0.09189020097255707,
            0.03335760161280632,
            0.09828879684209824,
            0.9663360118865967,
            -0.2377679944038391,
            -0.396342009305954,
            0.2571699917316437,
            0.8813490271568298
        ],
        [
            -0.02011599950492382,
            -0.7906439900398254,
            -0.2681509852409363,
            0.06224200129508972,
            0.039810001850128174,
            0.779833972454071,
            0.0,
            1.0,
            0.0,
            0.0,
            0.0,
            1.0
        ],
        [
            -0.38174599409103394,
            -0.5076689720153809,
            -0.19119299948215485,
            0.5774049758911133,
            0.03938639909029007,
            0.04162079840898514,
            0.06632020324468613,
            0.9653339982032776,
            0.25245198607444763,
            0.17069900035858154,
            -0.26025599241256714,
            0.9503309726715088
        ],
        [
            0.0009765009745024145,
            0.3453289866447449,
            -0.19833900034427643,
            0.7990750074386597,
            0.13457399606704712,
            0.7368950247764587,
            -0.009959939867258072,
            0.9865959882736206,
            -0.16287599503993988,
            -0.011738300323486328,
            0.1627569943666458,
            0.9865959882736206
        ],
        [
            -9.41004982450977e-05,
            -0.07711520045995712,
            -0.18371300399303436,
            0.3243429958820343,
            0.11272499710321426,
            0.7224050164222717,
            -0.008361400105059147,
            0.9851340055465698,
            -0.17158499360084534,
            -0.009943200275301933,
            0.17150099575519562,
            0.9851340055465698
        ]
    ],
    "ops": [
        [
            0,
            0,
            0,
            1,
            0,
            0,
            1,
            1,
            2,
            1,
            0,
            2,
            0,
            0,
            2,
            1,
            1,
            1,
            0,
            0,
            1,
            1
        ]
    ],
    "syms": [
        [
            0.0,
            0.9999600052833557,
            -6.534029671456665e-05,
            0.008970449678599834,
            0.0018904999596998096,
            0.09632430225610733,
            -0.22832900285720825,
            0.0
        ],
        [
            0.0,
            0.9999840259552002,
            -0.0031589199788868427,
            0.004691400099545717,
            -0.014437500387430191,
            -0.48339900374412537,
            0.48916301131248474,
            0.0
        ],
        [
            0.0,
            0.999809980392456,
            -0.018629899248480797,
            0.0057304902002215385,
            -0.007578500080853701,
            -0.5146409869194031,
            -0.18904800713062286,
            0.0
        ]
    ],
    "labels:": [
        [
            1,
            3,
            3,
            3,
            3,
            2,
            2,
            2,
            0,
            0
        ]
    ],
    "obj": 39510,
    "mat_index": 3238,
    "obbs": "N 16\n0.000976501 0.345329 -0.198339 -0.00995994 0.986596 -0.162876 -0.0117383 0.162757 0.986596 0.999881 0.0117383 0.00995994 0.799075 0.134574 0.736895\n0.227623 0.0963095 -0.226304 1 0 0 0 1 0 0 0 1 0.475405 0.037157 0.041051\n-0.223841 0.096339 -0.230354 1 0 0 0 1 0 0 0 1 0.467379 0.037222 0.041351\n-0.001041 -0.18995 0.223313 1 0 0 0 1 0 0 0 1 0.921006 0.145013 0.712521\n0.415198 -0.0442336 0.329986 0.999988 -0.00288818 -0.00390284 0.00288818 -0.292304 0.956321 -0.00390284 -0.956321 -0.292292 0.0649111 0.0608484 0.323393\n-0.418035 -0.0524015 0.32236 -0.00301943 0.938509 0.345242 -0.00210651 -0.345249 0.938509 0.999993 0.00210651 0.00301943 0.306864 0.0460215 0.0632387\n0.41653 0.151787 0.120189 0.00209219 -0.993793 -0.111225 0.999976 0.00135004 0.00674737 -0.00655533 -0.111236 0.993772 0.150735 0.0915973 0.55456\n0.417697 0.142306 0.0674855 1 0 0 0 1 0 0 0 1 0.068389 0.095904 0.568937\n-0.416647 0.151787 0.112209 0.00209245 -0.993793 -0.111225 0.999976 0.00135028 0.00674756 -0.00655549 -0.111237 0.993772 0.150735 0.0915973 0.55456\n-0.415537 0.140432 0.0683285 1 0 0 0 1 0 0 0 1 0.068504 0.099653 0.586589\n-9.41005e-05 -0.0771152 -0.183713 -0.0083614 0.985134 -0.171585 -0.0099432 0.171501 0.985134 0.999916 0.0099432 0.0083614 0.324343 0.112725 0.722405\n-0.381746 -0.507669 -0.191193 0.983089 -0.0199328 -0.182042 0.170699 -0.260256 0.950331 -0.0663202 -0.965334 -0.252452 0.0416208 0.0393864 0.577405\n0.366589 -0.521613 -0.186904 0.998069 0.0379768 0.0491499 -0.0379768 -0.253052 0.966707 0.0491499 -0.966707 -0.251121 0.0543732 0.0395451 0.605897\n-0.376479 -0.482255 0.487465 0.396342 -0.25717 -0.881349 0.912826 0.00761064 0.408277 -0.0982888 -0.966336 0.237768 0.0918902 0.0333576 0.692466\n0.347604 -0.484542 0.490862 -0.380761 -0.241856 -0.892483 0.920502 -0.00757056 -0.390664 0.0877275 -0.970283 0.225511 0.0931358 0.0333579 0.693731\n-0.020116 -0.790644 -0.268151 1 0 0 0 1 0 0 0 1 0.779834 0.062242 0.03981\nC 49\n0 7\n0 10\n0 3\n0 11\n0 12\n0 8\n0 1\n0 6\n0 9\n0 2\n1 3\n1 6\n1 2\n1 10\n1 7\n2 8\n2 9\n2 10\n2 3\n3 11\n3 7\n3 14\n3 10\n3 6\n3 13\n3 9\n3 5\n3 12\n3 8\n3 4\n4 7\n4 14\n4 6\n5 9\n5 13\n5 8\n6 14\n6 7\n6 10\n7 10\n8 13\n8 9\n8 10\n9 10\n9 13\n10 11\n10 12\n11 15\n12 15\nS 6\n2\n1 0.227623 0.0963095 -0.226304\n2 -0.223841 0.096339 -0.230354\n2\n0.0018905 0.0963243 -0.228329\n-0.99996 6.53403e-05 -0.00897045\n2\n4 0.415198 -0.0442336 0.329986\n5 -0.418035 -0.0524015 0.32236\n2\n-0.00141874 -0.0483175 0.326173\n-0.99991 -0.00980175 -0.00915063\n2\n6 0.41653 0.151787 0.120189\n8 -0.416647 0.151787 0.112209\n2\n-5.87094e-05 0.151787 0.116199\n-0.999954 3.8221e-08 -0.00957854\n2\n7 0.417697 0.142306 0.0674855\n9 -0.415537 0.140432 0.0683285\n2\n0.00107975 0.141369 0.067907\n-0.999997 -0.00224966 0.00101172\n2\n11 -0.381746 -0.507669 -0.191193\n12 0.366589 -0.521613 -0.186904\n2\n-0.0075785 -0.514641 -0.189048\n0.99981 -0.0186299 0.00573049\n2\n13 -0.376479 -0.482255 0.487465\n14 0.347604 -0.484542 0.490862\n2\n-0.0144375 -0.483399 0.489163\n0.999984 -0.00315892 0.0046914\nL 16\n0\n3\n3\n1\n3\n3\n3\n3\n3\n3\n0\n2\n2\n2\n2\n2"
}