{
    "boxes": [
        [
            0.0744549036026001,
            -0.16265900433063507,
            0.45813998579978943,
            0.2643660008907318,
            0.8636980056762695,
            0.7775989770889282,
            -0.04449319839477539,
            0.9453359842300415,
            -0.32304900884628296,
            0.09707389771938324,
            0.32592999935150146,
            0.9403970241546631
        ],
        [
            0.4140630066394806,
            0.05760589987039566,
            0.010042199864983559,
            0.4300050139427185,
            1.3787000179290771,
            0.05914140120148659,
            0.02479970082640648,
            0.9915570020675659,
            0.1272750049829483,
            0.12950000166893005,
            -0.12942799925804138,
            0.9830960035324097
        ],
        [
            0.40835198760032654,
            -0.29800599813461304,
            -0.033937301486730576,
            0.39727601408958435,
            1.3735699653625488,
            0.05790359899401665,
            0.01235090009868145,
            0.9914640188217163,
            0.12979799509048462,
            0.13025499880313873,
            -0.1302970051765442,
            0.982882022857666
        ],
        [
            -0.027075299993157387,
            0.17721900343894958,
            -0.30312401056289673,
            1.2156200408935547,
            0.248757004737854,
            0.7784600257873535,
            -0.10890799760818481,
            0.7986879944801331,
            -0.5918070077896118,
            0.09526869654655457,
            0.6009939908981323,
            0.7935550212860107
        ],
        [
            -0.031265001744031906,
            0.1491059958934784,
            -0.35171300172805786,
            1.252959966659546,
            0.2286590039730072,
            0.7839310169219971,
            -0.06360340118408203,
            0.7660599946975708,
            -0.639614999294281,
            0.08775869756937027,
            0.642723023891449,
            0.7610560059547424
        ]
    ],
    "ops": [
        [
            0,
            0,
            2,
            1,
            0,
            2,
            1,
            0,
            0,
            1,
            1
        ]
    ],
    "syms": [
        [
            0.0,
            0.9928309917449951,
            -0.0010546100093051791,
            -0.11951799690723419,
            0.021983299404382706,
            0.05802230164408684,
            0.05724110081791878,
            0.0
        ],
        [
            0.0,
            0.9898260235786438,
            -0.00016414599667768925,
            -0.14228400588035583,
            0.017452700063586235,
            -0.2979409992694855,
            0.02225309982895851,
            0.0
        ]
    ],
    "labels:": [
        [
            1,
            3,
            2,
            0,
            0
        ]
    ],
    "obj": 39517,
    "mat_index": 3243,
    "obbs": "N 7\n-0.0270753 0.177219 -0.303124 0.989476 0.0300436 -0.141543 0.0952687 0.600994 0.793555 0.108908 -0.798688 0.591807 0.77846 0.248757 1.21562\n0.408352 -0.298006 -0.0339373 -0.0123509 -0.991464 -0.129798 0.991404 0.00476739 -0.130752 0.130255 -0.130297 0.982882 0.397276 0.0579036 1.37357\n-0.373447 -0.297876 0.0784435 -0.0059178 -0.996897 -0.0784973 0.991454 0.00438132 -0.130386 0.130325 -0.0785981 0.988351 0.402511 0.0576338 1.3735\n0.414063 0.0576059 0.0100422 -0.0247997 -0.991557 -0.127275 0.991269 -0.00789841 -0.131616 0.1295 -0.129428 0.983096 0.430005 0.0591414 1.3787\n-0.370097 0.0584388 0.10444 -0.130623 0.0774058 -0.988406 0.991281 -0.00722187 -0.131568 -0.0173223 -0.996974 -0.0757875 1.37655 0.0588053 0.4312\n0.0744549 -0.162659 0.45814 0.994282 0.0104816 -0.106269 -0.0444932 0.945336 -0.323049 0.0970739 0.32593 0.940397 0.777599 0.264366 0.863698\n-0.031265 0.149106 -0.351713 0.994109 -0.00772598 -0.108108 0.0877587 0.642723 0.761056 0.0636034 -0.76606 0.639615 0.783931 0.228659 1.25296\nC 17\n0 1\n0 6\n0 5\n0 4\n0 3\n0 2\n1 3\n1 5\n1 6\n2 6\n2 4\n2 5\n3 6\n3 5\n4 6\n4 5\n5 6\nS 2\n2\n1 0.408352 -0.298006 -0.0339373\n2 -0.373447 -0.297876 0.0784435\n2\n0.0174527 -0.297941 0.0222531\n-0.989826 0.000164146 0.142284\n2\n3 0.414063 0.0576059 0.0100422\n4 -0.370097 0.0584388 0.10444\n2\n0.0219833 0.0580223 0.0572411\n-0.992831 0.00105461 0.119518\nL 7\n0\n2\n2\n3\n3\n1\n0"
}