{
    "boxes": [
        [
            0.00011950000043725595,
            -0.029445499181747437,
            0.09426700323820114,
            0.10712099820375443,
            0.857338011264801,
            0.8844389915466309,
            0.0,
            1.0,
            0.0,
            0.0,
            0.0,
            1.0
        ],
        [
            -0.2374279946088791,
            -0.47356000542640686,
            0.3020069897174835,
            0.7677630186080933,
            0.049686599522829056,
            0.3690760135650635,
            0.019769299775362015,
            0.9998030066490173,
            0.0015710600418969989,
            0.6789900064468384,
            -0.014579200185835361,
            0.7340030074119568
        ],
        [
            -0.3407149910926819,
            -0.4665690064430237,
            -0.2338789999485016,
            0.7864919900894165,
            0.07811149954795837,
            0.07311519980430603,
            0.09349580109119415,
            0.9928460121154785,
            0.07426329702138901,
            0.4903140068054199,
            -0.11083400249481201,
            0.8644700050354004
        ],
        [
            0.0034919099416583776,
            0.621383011341095,
            -0.3366050124168396,
            0.2059450000524521,
            0.331728994846344,
            0.9979709982872009,
            0.0017585000023245811,
            0.8957030177116394,
            -0.44464901089668274,
            0.0004124669940210879,
            0.44464901089668274,
            0.895704984664917
        ],
        [
            -0.3654240071773529,
            0.27925899624824524,
            -0.2566330134868622,
            0.7947490215301514,
            0.048617199063301086,
            0.07291620224714279,
            -0.13696999847888947,
            0.9815250039100647,
            -0.13359799981117249,
            -0.6150069832801819,
            0.021464599296450615,
            0.7882289886474609
        ]
    ],
    "ops": [
        [
            0,
            0,
            0,
            1,
            2,
            1,
            0,
            0,
            2,
            1,
            1
        ]
    ],
    "syms": [
        [
            0.0,
            0.9999949932098389,
            0.002796049928292632,
            -0.001740930019877851,
            0.0016630999743938446,
            -0.47289198637008667,
            0.3015899956226349,
            0.0
        ],
        [
            0.0,
            0.9999970197677612,
            -0.0024786998983472586,
            4.131170135224238e-05,
            0.001954310107976198,
            0.27834799885749817,
            -0.25661700963974,
            0.0
        ]
    ],
    "labels:": [
        [
            1,
            2,
            2,
            0,
            0
        ]
    ],
    "obj": 39519,
    "mat_index": 3245,
    "obbs": "N 8\n0.00349191 0.621383 -0.336605 -0.000412467 -0.444649 -0.895705 0.0017585 0.895703 -0.444649 0.999998 -0.0017585 0.000412467 0.331729 0.205945 0.997971\n0.0001195 -0.0294455 0.094267 1 0 0 0 1 0 0 0 1 0.884439 0.107121 0.857338\n0.369332 0.277438 -0.256602 0.781599 -0.183539 -0.596168 0.609692 0.0228028 0.79231 -0.131825 -0.982748 0.129725 0.071931 0.0480052 0.798053\n-0.365424 0.279259 -0.256633 -0.13697 0.981525 -0.133598 -0.615007 0.0214646 0.788229 0.776534 0.190127 0.600705 0.794749 0.0486172 0.0729162\n-0.237428 -0.47356 0.302007 0.733881 -0.013444 -0.679145 0.67899 -0.0145792 0.734003 -0.0197693 -0.999803 -0.00157106 0.369076 0.0496866 0.767763\n0.345726 -0.462069 -0.232794 -0.887365 -0.0518759 -0.45814 -0.451296 -0.105764 0.886085 -0.0944213 0.993037 0.0704403 0.0764222 0.0771615 0.795917\n0.240754 -0.472223 0.301174 -0.0135636 0.999902 0.00355709 -0.67472 -0.0117779 0.73798 0.737949 0.00760962 0.674813 0.768432 0.0477671 0.369009\n-0.340715 -0.466569 -0.233879 0.866516 -0.0444119 -0.497169 0.490314 -0.110834 0.86447 -0.0934958 -0.992846 -0.0742633 0.0731152 0.0781115 0.786492\nC 11\n0 3\n0 2\n1 2\n1 3\n1 4\n1 5\n1 6\n1 7\n2 5\n3 7\n4 6\nS 3\n2\n2 0.369332 0.277438 -0.256602\n3 -0.365424 0.279259 -0.256633\n2\n0.00195431 0.278348 -0.256617\n-0.999997 0.0024787 -4.13117e-05\n2\n4 -0.237428 -0.47356 0.302007\n6 0.240754 -0.472223 0.301174\n2\n0.0016631 -0.472892 0.30159\n0.999995 0.00279605 -0.00174093\n2\n5 0.345726 -0.462069 -0.232794\n7 -0.340715 -0.466569 -0.233879\n2\n0.0025054 -0.464319 -0.233336\n-0.999977 -0.00655505 -0.00158036\nL 8\n0\n1\n0\n0\n2\n2\n2\n2"
}