{
    "boxes": [
        [
            -0.016948899254202843,
            0.6479700207710266,
            0.12937800586223602,
            0.0750282034277916,
            0.5090529918670654,
            0.5414749979972839,
            0.012907699681818485,
            0.9953259825706482,
            -0.09570539742708206,
            -0.10390400141477585,
            0.09653030335903168,
            0.9898920059204102
        ],
        [
            0.015504499897360802,
            -0.14459200203418732,
            -0.037498101592063904,
            1.5722800493240356,
            0.6775400042533875,
            0.5786880254745483,
            0.03474380075931549,
            0.9985139966011047,
            -0.04198810085654259,
            -0.18168500065803528,
            0.047623999416828156,
            0.9822030067443848
        ],
        [
            0.03365980088710785,
            0.7573450207710266,
            -0.25401100516319275,
            0.40747401118278503,
            0.10548800230026245,
            0.5376560091972351,
            0.10836999863386154,
            0.7618129849433899,
            -0.6386680006980896,
            -0.10395099967718124,
            0.647612988948822,
            0.7548450231552124
        ]
    ],
    "ops": [
        [
            0,
            0,
            1,
            0,
            1
        ]
    ],
    "syms": [
        [
            0.0,
            0.0,
            0.0,
            0.0,
            0.0,
            0.0,
            0.0,
            0.0
        ]
    ],
    "labels:": [
        [
            1,
            2,
            0
        ]
    ],
    "obj": 39522,
    "mat_index": 3247,
    "obbs": "N 3\n0.0336598 0.757345 -0.254011 0.10837 0.761813 -0.638668 -0.103951 0.647613 0.754845 0.988661 -0.0154129 0.149373 0.407474 0.105488 0.537656\n0.0155045 -0.144592 -0.0374981 -0.982743 0.0264969 -0.183069 -0.181685 0.047624 0.982203 0.0347438 0.998514 -0.0419881 0.578688 0.67754 1.57228\n-0.0169489 0.64797 0.129378 -0.994504 0.00283303 -0.104664 0.0129077 0.995326 -0.0957054 0.103904 -0.0965303 -0.989892 0.541475 0.0750282 0.509053\nC 3\n0 1\n0 2\n1 2\nS 0\nL 3\n0\n2\n1"
}