{
    "boxes": [
        [
            -0.01608400046825409,
            -0.07207349687814713,
            0.10405199974775314,
            0.3421249985694885,
            0.8894990086555481,
            0.9962900280952454,
            0.0,
            1.0,
            0.0,
            0.0,
            0.0,
            1.0
        ],
        [
            -0.5164660215377808,
            0.0796319991350174,
            0.10856600105762482,
            0.6389260292053223,
            0.8688899874687195,
            0.2041569948196411,
            0.0,
            1.0,
            0.0,
            0.0,
            0.0,
            1.0
        ],
        [
            -0.5194849967956543,
            -0.49842700362205505,
            -0.35651901364326477,
            0.5182139873504639,
            0.12895099818706512,
            0.08852370083332062,
            0.1677819937467575,
            0.9785130023956299,
            0.1198360025882721,
            0.681689977645874,
            -0.20297199487686157,
            0.7029229998588562
        ],
        [
            -0.5138310194015503,
            -0.49589499831199646,
            0.4797140061855316,
            0.5221650004386902,
            0.08310720324516296,
            0.11914599686861038,
            0.15637600421905518,
            0.9770119786262512,
            -0.14489500224590302,
            0.6402459740638733,
            0.011435099877417088,
            0.7680839896202087
        ],
        [
            -0.01940389908850193,
            0.18399100005626678,
            -0.4253759980201721,
            0.8778070211410522,
            0.24490299820899963,
            0.909434974193573,
            -0.006599599961191416,
            0.9872279763221741,
            -0.1591770052909851,
            -0.007748739793896675,
            0.15912599861621857,
            0.9872279763221741
        ]
    ],
    "ops": [
        [
            0,
            0,
            2,
            1,
            0,
            0,
            1,
            2,
            1,
            0,
            1
        ]
    ],
    "syms": [
        [
            0.0,
            0.9999880194664001,
            -0.0009121730108745396,
            0.004766359925270081,
            -0.017663700506091118,
            0.07917699962854385,
            0.110944002866745,
            0.0
        ],
        [
            0.0,
            0.999987006187439,
            0.004001160152256489,
            -0.0031961200293153524,
            -0.014947500079870224,
            -0.49640899896621704,
            -0.3581309914588928,
            0.0
        ]
    ],
    "labels:": [
        [
            1,
            3,
            2,
            2,
            0
        ]
    ],
    "obj": 2524,
    "mat_index": 325,
    "obbs": "N 8\n-0.0194039 0.183991 -0.425376 -0.0065996 0.987228 -0.159177 -0.00774874 0.159126 0.987228 0.999948 0.00774874 0.0065996 0.877807 0.244903 0.909435\n0.481139 0.078722 0.113321 1 0 0 0 1 0 0 0 1 0.203956 0.640838 0.85938\n-0.516466 0.079632 0.108566 1 0 0 0 1 0 0 0 1 0.204157 0.638926 0.86889\n-0.016084 -0.0720735 0.104052 1 0 0 0 1 0 0 0 1 0.99629 0.342125 0.889499\n0.48959 -0.49439 -0.359744 -0.181213 0.976204 0.119111 -0.68617 -0.212269 0.695782 0.704509 0.0443541 0.708307 0.52413 0.117735 0.0877849\n-0.519485 -0.498427 -0.356519 0.167782 0.978513 0.119836 0.68169 -0.202972 0.702923 0.712143 -0.036247 -0.701098 0.518214 0.128951 0.0885237\n-0.513831 -0.495895 0.479714 -0.156376 -0.977012 0.144895 0.752084 -0.212879 -0.62374 0.640246 0.0114351 0.768084 0.522165 0.119146 0.0831072\n0.479118 -0.498413 0.475085 -0.160795 0.979207 -0.123688 0.796204 0.202749 0.570046 0.58327 -0.00682028 -0.812249 0.517227 0.122718 0.0877299\nC 15\n0 1\n0 5\n0 4\n0 3\n0 2\n1 3\n1 4\n1 7\n2 6\n2 5\n2 3\n3 5\n3 6\n3 7\n3 4\nS 3\n2\n1 0.481139 0.078722 0.113321\n2 -0.516466 0.079632 0.108566\n2\n-0.0176637 0.079177 0.110944\n-0.999988 0.000912173 -0.00476636\n2\n4 0.48959 -0.49439 -0.359744\n5 -0.519485 -0.498427 -0.356519\n2\n-0.0149475 -0.496409 -0.358131\n-0.999987 -0.00400116 0.00319612\n2\n6 -0.513831 -0.495895 0.479714\n7 0.479118 -0.498413 0.475085\n2\n-0.0173566 -0.497154 0.4774\n0.999986 -0.00253598 -0.00466206\nL 8\n0\n3\n3\n1\n2\n2\n2\n2"
}