{
    "boxes": [
        [
            -0.0001488980051362887,
            -0.3153040111064911,
            0.3834100067615509,
            0.2504830062389374,
            0.7099270224571228,
            0.5652459859848022,
            0.002635079901665449,
            0.9297720193862915,
            -0.3681260049343109,
            0.0005026719882152975,
            0.3681260049343109,
            0.9297760128974915
        ],
        [
            -0.23719599843025208,
            -0.504518985748291,
            -0.05586740002036095,
            0.1131099984049797,
            0.6662669777870178,
            0.03294320032000542,
            -0.0009631760185584426,
            0.9136840105056763,
            -0.40642398595809937,
            -0.000803728005848825,
            0.40642300248146057,
            0.9136850237846375
        ],
        [
            0.2671000063419342,
            -0.4912390112876892,
            0.2674579918384552,
            0.10321400314569473,
            0.43081700801849365,
            0.03771070018410683,
            0.02823540009558201,
            0.7248430252075195,
            0.6883350014686584,
            0.008373069576919079,
            -0.6887570023536682,
            0.724943995475769
        ],
        [
            0.266633003950119,
            0.2099660038948059,
            -0.22776299715042114,
            1.3734899759292603,
            0.17903999984264374,
            0.03915200009942055,
            -0.001317949965596199,
            0.8765299916267395,
            -0.481344997882843,
            0.03433290123939514,
            0.48110100626945496,
            0.875993013381958
        ],
        [
            -0.00026698200963437557,
            0.819275975227356,
            -0.4703260064125061,
            0.10100500285625458,
            0.030713599175214767,
            0.5647519826889038,
            -0.000531181984115392,
            0.9494979977607727,
            -0.3137730062007904,
            -0.000734969973564148,
            0.3137719929218292,
            0.9494979977607727
        ]
    ],
    "ops": [
        [
            0,
            0,
            0,
            1,
            2,
            1,
            0,
            2,
            0,
            2,
            1,
            1
        ]
    ],
    "syms": [
        [
            0.0,
            0.9999960064888,
            -0.0013351000379770994,
            -0.0025036700535565615,
            -0.00034404199686832726,
            -0.5048350095748901,
            -0.05646039918065071,
            0.0
        ],
        [
            0.0,
            0.9999139904975891,
            0.003595380112528801,
            -0.012574800290167332,
            -0.0004632920026779175,
            0.20900599658489227,
            -0.2244040071964264,
            0.0
        ],
        [
            1.0,
            -0.00022485971567220986,
            0.021947572007775307,
            0.09437356889247894,
            -0.0002629999944474548,
            0.1389870047569275,
            -0.1615629941225052,
            0.125
        ]
    ],
    "labels:": [
        [
            1,
            2,
            2,
            0,
            0
        ]
    ],
    "obj": 39560,
    "mat_index": 3266,
    "obbs": "N 15\n0.236508 -0.505151 -0.0570534 -0.0175857 0.909678 -0.414941 0.999843 0.0151525 -0.00915575 -0.0020414 -0.415037 -0.909802 0.110613 0.0350224 0.662877\n-0.237196 -0.504519 -0.0558674 -0.000963176 0.913684 -0.406424 0.999999 0.00120669 0.000342897 0.000803728 -0.406423 -0.913685 0.11311 0.0329432 0.666267\n0.2671 -0.491239 0.267458 -0.0282354 -0.724843 -0.688335 0.999566 -0.0147056 -0.0255165 0.00837307 -0.688757 0.724944 0.103214 0.0377107 0.430817\n-0.267321 -0.501012 0.277465 -0.042083 -0.72778 -0.684518 0.999113 -0.0294388 -0.0301243 0.00177248 -0.685178 0.728373 0.102982 0.0361873 0.402253\n-0.000148898 -0.315304 0.38341 -0.000502672 -0.368126 -0.929776 0.00263508 0.929772 -0.368126 0.999996 -0.00263508 0.000502672 0.709927 0.250483 0.565246\n0.266633 0.209966 -0.227763 -0.0343329 -0.481101 -0.875993 0.99941 -0.0153715 -0.0307279 0.00131795 -0.87653 0.481345 0.17904 0.039152 1.37349\n-0.267559 0.208045 -0.221045 -0.00106138 0.858757 -0.512381 0.999871 -0.00730384 -0.0143125 -0.0160333 -0.51233 -0.858639 1.37745 0.0356971 0.193188\n-0.000266982 0.819276 -0.470326 -0.000531182 0.949498 -0.313773 -0.00073497 0.313772 0.949498 1 0.00073497 0.000531182 0.101005 0.0307136 0.564752\n-0.000263 0.709882 -0.433005 -0.000492608 0.939228 -0.343293 -0.000704532 0.343293 0.939228 1 0.000704532 0.000492608 0.081055 0.0309908 0.564746\n-0.000263 0.610978 -0.39588 -0.000815019 0.929939 -0.367712 -0.00119869 0.367711 0.929939 0.999999 0.00119869 0.000815019 0.0813115 0.0315111 0.564782\n-0.000263 0.513694 -0.355279 -0.00064373 0.9136 -0.406614 -0.000991112 0.406613 0.9136 0.999999 0.000991112 0.00064373 0.0811852 0.0312926 0.564764\n-0.000263 0.417679 -0.311617 -0.000476601 0.89801 -0.439975 -0.000764237 0.439974 0.89801 1 0.000764237 0.000476601 0.0810578 0.0310545 0.564746\n-0.000263 0.32313 -0.26445 -0.000639722 0.887683 -0.460455 -0.0010525 0.460454 0.887683 0.999999 0.0010525 0.000639722 0.0811937 0.0313576 0.564765\n-0.000263 0.230125 -0.21457 -0.000242526 0.874091 -0.485762 -0.00041224 0.485762 0.874091 1 0.00041224 0.000242526 0.0808711 0.0306838 0.56472\n-0.000263 0.138987 -0.161563 -0.000427889 0.849852 -0.527021 -0.000768834 0.52702 0.849852 1 0.000768834 0.000427889 0.0810312 0.0310598 0.564742\nC 46\n0 2\n0 4\n0 5\n1 3\n1 6\n1 4\n2 5\n2 4\n3 6\n3 4\n4 5\n4 6\n5 9\n5 13\n5 8\n5 12\n5 11\n5 10\n5 7\n5 14\n6 9\n6 14\n6 7\n6 10\n6 11\n6 12\n6 8\n6 13\n7 10\n7 9\n7 8\n8 9\n8 10\n8 11\n9 11\n9 10\n9 12\n10 11\n10 12\n10 13\n11 14\n11 13\n11 12\n12 13\n12 14\n13 14\nS 4\n2\n0 0.236508 -0.505151 -0.0570534\n1 -0.237196 -0.504519 -0.0558674\n2\n-0.000344042 -0.504835 -0.0564604\n-0.999996 0.0013351 0.00250367\n2\n2 0.2671 -0.491239 0.267458\n3 -0.267321 -0.501012 0.277465\n2\n-0.000110864 -0.496125 0.272461\n-0.999658 -0.0182806 0.0187181\n2\n5 0.266633 0.209966 -0.227763\n6 -0.267559 0.208045 -0.221045\n2\n-0.000463292 0.209006 -0.224404\n-0.999914 -0.00359538 0.0125748\n8\n7 -0.000266982 0.819276 -0.470326\n8 -0.000263 0.709882 -0.433005\n9 -0.000263 0.610978 -0.39588\n10 -0.000263 0.513694 -0.355279\n11 -0.000263 0.417679 -0.311617\n12 -0.000263 0.32313 -0.26445\n13 -0.000263 0.230125 -0.21457\n14 -0.000263 0.138987 -0.161563\n1\n0 0 0\n0 0 0\nL 15\n2\n2\n2\n2\n1\n0\n0\n0\n0\n0\n0\n0\n0\n0\n0"
}