{
    "boxes": [
        [
            -0.008134610019624233,
            -0.055956900119781494,
            0.06640660017728806,
            0.11688400059938431,
            0.581013023853302,
            0.5786110162734985,
            -0.0025088898837566376,
            0.9923850297927856,
            -0.12315099686384201,
            -0.00015507699572481215,
            0.12315099686384201,
            0.9923880100250244
        ],
        [
            -0.0069796498864889145,
            -0.3232620060443878,
            -0.25030800700187683,
            0.5645459890365601,
            0.07280129939317703,
            0.20628899335861206,
            -0.008086970075964928,
            0.985086977481842,
            0.17186599969863892,
            -0.006798020098358393,
            -0.1719219982624054,
            0.985086977481842
        ],
        [
            -0.30862799286842346,
            -0.2101690024137497,
            0.260003000497818,
            0.7777600288391113,
            0.12808699905872345,
            0.024821000173687935,
            0.0,
            1.0,
            0.0,
            0.0,
            0.0,
            1.0
        ],
        [
            -0.006950050126761198,
            0.4404680132865906,
            -0.2598870098590851,
            1.0288200378417969,
            0.08867079764604568,
            0.2104160040616989,
            -0.008069599978625774,
            0.9929500222206116,
            -0.11826100200414658,
            -0.009087390266358852,
            0.11818700283765793,
            0.9929500222206116
        ]
    ],
    "ops": [
        [
            0,
            0,
            0,
            2,
            1,
            1,
            0,
            1
        ]
    ],
    "syms": [
        [
            0.0,
            1.0,
            -0.0,
            -0.0,
            -0.008086999878287315,
            -0.2101690024137497,
            0.260003000497818,
            0.0
        ]
    ],
    "labels:": [
        [
            1,
            2,
            2,
            0
        ]
    ],
    "obj": 39565,
    "mat_index": 3269,
    "obbs": "N 5\n-0.00695005 0.440468 -0.259887 -0.0080696 0.99295 -0.118261 -0.00908739 0.118187 0.99295 0.999926 0.00908739 0.0080696 1.02882 0.0886708 0.210416\n-0.00813461 -0.0559569 0.0664066 0.999997 0.00250889 -0.000155077 -0.00250889 0.992385 -0.123151 -0.000155077 0.123151 0.992388 0.578611 0.116884 0.581013\n-0.00697965 -0.323262 -0.250308 -0.00808697 0.985087 0.171866 -0.00679802 -0.171922 0.985087 0.999944 0.00679802 0.00808697 0.564546 0.0728013 0.206289\n0.292455 -0.210169 0.260003 1 0 0 0 1 0 0 0 1 0.024821 0.77776 0.128087\n-0.308628 -0.210169 0.260003 1 0 0 0 1 0 0 0 1 0.024821 0.77776 0.128087\nC 5\n0 1\n0 2\n1 4\n1 3\n1 2\nS 1\n2\n3 0.292455 -0.210169 0.260003\n4 -0.308628 -0.210169 0.260003\n2\n-0.008087 -0.210169 0.260003\n-1 0 0\nL 5\n0\n1\n2\n2\n2"
}