{
    "boxes": [
        [
            -0.0065819998271763325,
            -0.09182800352573395,
            0.11127399653196335,
            0.15019600093364716,
            0.7849529981613159,
            0.876587986946106,
            0.0,
            1.0,
            0.0,
            0.0,
            0.0,
            1.0
        ],
        [
            -0.46030399203300476,
            0.2128549963235855,
            0.024231700226664543,
            0.04323999956250191,
            0.6646980047225952,
            0.161188006401062,
            -1.5956600419163194e-15,
            1.0,
            -2.2204500197172533e-16,
            -0.15643399953842163,
            -3.030530029681952e-17,
            0.9876880049705505
        ],
        [
            -0.4579879939556122,
            0.012402299791574478,
            0.2844569981098175,
            0.3591650128364563,
            0.0391790010035038,
            0.081495501101017,
            -0.05233599990606308,
            0.9986299872398376,
            -2.2213899615909096e-16,
            -7.617679968929468e-18,
            2.2204500197172533e-16,
            1.0
        ],
        [
            0.33797499537467957,
            -0.4312480092048645,
            -0.2845340073108673,
            0.7190390229225159,
            0.11158300191164017,
            0.08833499997854233,
            -0.025820700451731682,
            0.9852749705314636,
            0.16901400685310364,
            0.3205310106277466,
            -0.15198400616645813,
            0.9349660277366638
        ],
        [
            -0.37734800577163696,
            -0.30677300691604614,
            0.10144100338220596,
            0.06020690128207207,
            0.6495800018310547,
            0.0586543008685112,
            -0.019773200154304504,
            0.9994369745254517,
            -0.027087900787591934,
            -0.07972589880228043,
            0.025430699810385704,
            0.9964920282363892
        ],
        [
            -0.39591699838638306,
            -0.4406050145626068,
            0.45177099108695984,
            0.6776610016822815,
            0.07911299914121628,
            0.0643090009689331,
            0.0,
            1.0,
            0.0,
            0.0,
            0.0,
            1.0
        ],
        [
            -0.36711201071739197,
            0.29747700691223145,
            -0.2820810079574585,
            0.7318909764289856,
            0.1016950011253357,
            0.0818180963397026,
            -0.053947798907756805,
            0.9903280138969421,
            -0.1278260052204132,
            -0.37027400732040405,
            0.09904590249061584,
            0.9236270189285278
        ],
        [
            -0.0065819998271763325,
            0.7211009860038757,
            -0.38921400904655457,
            0.12822599709033966,
            0.15922200679779053,
            0.7700679898262024,
            0.0,
            1.0,
            0.0,
            0.0,
            0.0,
            1.0
        ],
        [
            -0.006582499947398901,
            0.4457300007343292,
            -0.323309987783432,
            0.03303699940443039,
            0.09860800206661224,
            0.7210230231285095,
            0.0,
            1.0,
            0.0,
            0.0,
            0.0,
            1.0
        ],
        [
            -0.2113180011510849,
            0.4467340111732483,
            -0.34411099553108215,
            0.44108501076698303,
            0.06357800215482712,
            0.04834369942545891,
            0.012541599571704865,
            0.974390983581543,
            -0.2245119959115982,
            -0.613906979560852,
            0.18473400175571442,
            0.7674580216407776
        ],
        [
            -0.07059899717569351,
            0.44642698764801025,
            -0.36022698879241943,
            0.4384799897670746,
            0.058180999010801315,
            0.04868030175566673,
            -0.008180850185453892,
            0.9807490110397339,
            -0.19510099291801453,
            -0.499985009431839,
            0.1649560034275055,
            0.8501790165901184
        ],
        [
            -0.006582499947398901,
            0.3400990068912506,
            -0.30299100279808044,
            0.03303699940443039,
            0.09860900044441223,
            0.7210230231285095,
            0.0,
            1.0,
            0.0,
            0.0,
            0.0,
            1.0
        ],
        [
            -0.006582499947398901,
            0.5513579845428467,
            -0.34674200415611267,
            0.03303699940443039,
            0.09860800206661224,
            0.7210230231285095,
            0.0,
            1.0,
            0.0,
            0.0,
            0.0,
            1.0
        ]
    ],
    "ops": [
        [
            0,
            0,
            0,
            1,
            2,
            1,
            0,
            0,
            0,
            1,
            1,
            2,
            1,
            0,
            2,
            0,
            0,
            1,
            1,
            0,
            0,
            1,
            2,
            0,
            0,
            2,
            1,
            1,
            1,
            1
        ]
    ],
    "syms": [
        [
            0.0,
            1.0,
            -0.0,
            -8.513300286949743e-08,
            -0.006577009800821543,
            0.2128549963235855,
            0.024231599643826485,
            0.0
        ],
        [
            0.0,
            0.9994530081748962,
            -0.0322888009250164,
            -0.007101810071617365,
            -0.0046096001751720905,
            -0.42017999291419983,
            -0.28209999203681946,
            0.0
        ],
        [
            0.0,
            0.9990689754486084,
            -0.042417701333761215,
            0.007842940278351307,
            -0.007167890202254057,
            0.28219500184059143,
            -0.2792550027370453,
            0.0
        ],
        [
            0.0,
            1.0,
            0.00010218100214842707,
            0.0007353510009124875,
            -0.0064644902013242245,
            0.44675499200820923,
            -0.3439599871635437,
            0.0
        ],
        [
            0.0,
            -1.469480025662051e-06,
            0.9879599809646606,
            -0.15471099317073822,
            -0.006582249887287617,
            0.3832780122756958,
            -0.3204210102558136,
            0.0
        ]
    ],
    "labels:": [
        [
            1,
            3,
            3,
            2,
            2,
            2,
            0,
            0,
            0,
            0,
            0,
            0,
            0
        ]
    ],
    "obj": 39594,
    "mat_index": 3285,
    "obbs": "N 22\n-0.006582 0.721101 -0.389214 1 0 0 0 1 0 0 0 1 0.770068 0.128226 0.159222\n-0.006582 -0.091828 0.111274 1 0 0 0 1 0 0 0 1 0.876588 0.150196 0.784953\n0.198389 0.446776 -0.34381 0.00749999 -0.975875 0.218202 0.789279 -0.128204 -0.600502 0.613989 0.176726 0.769276 0.44073 0.0483437 0.0608674\n-0.211318 0.446734 -0.344111 0.613907 -0.184734 -0.767458 0.789279 0.128204 0.600502 -0.0125416 -0.974391 0.224512 0.063578 0.0483437 0.441085\n-0.070599 0.446427 -0.360227 0.499985 -0.164956 -0.850179 0.865995 0.104503 0.489011 0.00818085 -0.980749 0.195101 0.058181 0.0486803 0.43848\n0.0580496 0.446753 -0.359208 0.00833784 -0.974764 0.223081 0.866091 -0.104468 -0.488848 0.499816 0.197285 0.843364 0.439991 0.0486759 0.0586051\n-0.006582 0.215199 -0.2941 1 0 0 0 1 0 0 0 1 0.655476 0.038543 0.106229\n-0.0065825 0.340099 -0.302991 1 0 0 0 1 0 0 0 1 0.721023 0.033037 0.098609\n-0.0065825 0.44573 -0.32331 1 0 0 0 1 0 0 0 1 0.721023 0.033037 0.098608\n-0.0065825 0.551358 -0.346742 1 0 0 0 1 0 0 0 1 0.721023 0.033037 0.098608\n0.44715 0.212855 0.0242316 -0.156434 0 -0.987688 0 1 0 0.987688 0 -0.156434 0.664698 0.04324 0.161188\n-0.460304 0.212855 0.0242317 -0.987688 -1.61075e-15 -0.156434 -1.59566e-15 1 -2.22045e-16 0.156434 3.03053e-17 -0.987688 0.161188 0.04324 0.664698\n0.444834 0.0124023 0.284457 -0.99863 0.052336 -1.48806e-18 1.01468e-17 2.22045e-16 1 0.052336 0.99863 -2.22271e-16 0.0814955 0.039179 0.359165\n-0.457988 0.0124023 0.284457 0.99863 0.052336 -4.01367e-18 -7.61768e-18 2.22045e-16 1 0.052336 -0.99863 2.22139e-16 0.0814955 0.039179 0.359165\n0.364304 -0.306768 0.102527 -0.0293793 -0.999303 -0.0230142 0.99647 -0.027469 -0.0793305 0.078643 -0.0252636 0.996583 0.0606779 0.0588334 0.649539\n-0.377348 -0.306773 0.101441 0.0797259 -0.0254307 -0.996492 0.996621 0.0218635 0.0791782 0.0197732 -0.999437 0.0270879 0.64958 0.0586543 0.0602069\n0.382752 -0.440605 0.451771 1 0 0 0 1 0 0 0 1 0.064309 0.677661 0.079113\n-0.395917 -0.440605 0.451771 1 0 0 0 1 0 0 0 1 0.064309 0.677661 0.079113\n-0.347194 -0.409112 -0.279665 -0.0118942 -0.991575 -0.12899 0.996898 -0.0217953 0.0756208 -0.0777951 -0.127691 0.988758 0.753808 0.0694531 0.112476\n0.337975 -0.431248 -0.284534 0.0258207 -0.985275 -0.169014 0.946886 0.0783157 -0.311887 0.320531 -0.151984 0.934966 0.719039 0.088335 0.111583\n0.352776 0.266913 -0.276429 -0.335689 -0.0749116 -0.93899 0.940439 -0.0835135 -0.329544 -0.0537316 -0.993687 0.0984843 0.102987 0.0799985 0.792281\n-0.367112 0.297477 -0.282081 0.370274 -0.0990459 -0.923627 0.927355 0.0971581 0.361349 0.0539478 -0.990328 0.127826 0.101695 0.0818181 0.731891\nC 87\n0 20\n0 4\n0 21\n0 5\n0 8\n0 2\n0 9\n0 3\n1 17\n1 6\n1 11\n1 12\n1 21\n1 15\n1 16\n1 10\n1 19\n1 20\n1 14\n1 18\n1 13\n2 5\n2 6\n2 7\n2 8\n2 20\n2 4\n2 9\n2 10\n3 7\n3 11\n3 6\n3 5\n3 21\n3 9\n3 4\n3 8\n4 5\n4 21\n4 11\n4 6\n4 8\n4 7\n4 9\n5 8\n5 10\n5 7\n5 20\n5 9\n5 6\n6 7\n6 10\n6 11\n6 20\n6 18\n6 8\n6 21\n7 8\n7 21\n7 11\n7 20\n7 10\n7 9\n8 21\n8 9\n8 10\n8 20\n8 11\n9 21\n9 20\n10 20\n10 12\n11 21\n11 13\n11 18\n12 14\n12 16\n13 17\n13 15\n14 19\n14 16\n14 20\n15 21\n15 18\n15 17\n18 21\n19 20\nS 9\n2\n3 -0.211318 0.446734 -0.344111\n2 0.198389 0.446776 -0.34381\n2\n-0.00646449 0.446755 -0.34396\n1 0.000102181 0.000735351\n2\n4 -0.070599 0.446427 -0.360227\n5 0.0580496 0.446753 -0.359208\n2\n-0.00627474 0.44659 -0.359717\n0.999965 0.00253644 0.0079216\n2\n6 -0.006582 0.215199 -0.2941\n9 -0.0065825 0.551358 -0.346742\n2\n-0.00658225 0.383278 -0.320421\n-1.46948e-06 0.98796 -0.154711\n2\n10 0.44715 0.212855 0.0242316\n11 -0.460304 0.212855 0.0242317\n2\n-0.00657701 0.212855 0.0242316\n-1 0 8.5133e-08\n2\n12 0.444834 0.0124023 0.284457\n13 -0.457988 0.0124023 0.284457\n2\n-0.006577 0.0124023 0.284457\n-1 2.89449e-08 0\n2\n14 0.364304 -0.306768 0.102527\n15 -0.377348 -0.306773 0.101441\n2\n-0.00652231 -0.306771 0.101984\n-0.999999 -7.15536e-06 -0.00146368\n2\n16 0.382752 -0.440605 0.451771\n17 -0.395917 -0.440605 0.451771\n2\n-0.0065825 -0.440605 0.451771\n-1 0 0\n2\n18 -0.347194 -0.409112 -0.279665\n19 0.337975 -0.431248 -0.284534\n2\n-0.0046096 -0.42018 -0.2821\n0.999453 -0.0322888 -0.00710181\n2\n20 0.352776 0.266913 -0.276429\n21 -0.367112 0.297477 -0.282081\n2\n-0.00716789 0.282195 -0.279255\n-0.999069 0.0424177 -0.00784294\nL 22\n0\n1\n0\n0\n0\n0\n0\n0\n0\n0\n3\n3\n3\n3\n2\n2\n2\n2\n2\n2\n0\n0"
}