{
    "boxes": [
        [
            -0.0026751901023089886,
            -0.07540170103311539,
            0.17370900511741638,
            0.1719760000705719,
            0.7961850166320801,
            0.6963260173797607,
            -0.00019110599532723427,
            0.9857180118560791,
            0.1684039980173111,
            1.6207299267989583e-05,
            -0.1684039980173111,
            0.9857180118560791
        ],
        [
            0.02346850000321865,
            -0.3589929938316345,
            0.1549849957227707,
            0.46235600113868713,
            0.14984099566936493,
            0.14993900060653687,
            0.0,
            1.0,
            0.0,
            0.0,
            0.0,
            1.0
        ],
        [
            -0.12488199770450592,
            -0.767333984375,
            -0.2823140025138855,
            0.07447820156812668,
            0.07447820156812668,
            0.052532900124788284,
            0.12568899989128113,
            0.91354900598526,
            0.386821985244751,
            0.28230899572372437,
            -0.4067299962043762,
            0.8688340187072754
        ],
        [
            -0.06632039695978165,
            -0.6330289840698242,
            -0.10013200342655182,
            0.07768689841032028,
            0.47026199102401733,
            0.06044260039925575,
            -0.10106000304222107,
            0.9497910141944885,
            -0.2961150109767914,
            0.2961150109767914,
            0.3128660023212433,
            0.9024580121040344
        ],
        [
            0.008395499549806118,
            0.4190790057182312,
            -0.2408210039138794,
            0.6482740044593811,
            0.12362600117921829,
            0.6191750168800354,
            -3.2005001315837944e-08,
            0.957381010055542,
            -0.28882700204849243,
            -4.308520118456727e-08,
            0.28882700204849243,
            0.957381010055542
        ],
        [
            -1.9999999949504854e-06,
            0.10213100165128708,
            -0.17793400585651398,
            0.14597100019454956,
            0.017008699476718903,
            0.5757240056991577,
            0.012225099839270115,
            0.9999250173568726,
            0.000490790989715606,
            -0.0401138998568058,
            1.1102199806005023e-16,
            0.9991949796676636
        ]
    ],
    "ops": [
        [
            0,
            0,
            0,
            0,
            1,
            2,
            1,
            1,
            0,
            0,
            1,
            1
        ]
    ],
    "syms": [
        [
            -1.0,
            2.6646899797810875e-08,
            1.0,
            8.572499865522332e-08,
            0.019333500415086746,
            -0.767333984375,
            0.15520299971103668,
            0.20000000298023224
        ]
    ],
    "labels:": [
        [
            1,
            2,
            2,
            2,
            0,
            0
        ]
    ],
    "obj": 39601,
    "mat_index": 3288,
    "obbs": "N 14\n0.0083955 0.419079 -0.240821 1 4.30852e-08 3.2005e-08 -4.30852e-08 0.288827 0.957381 3.2005e-08 -0.957381 0.288827 0.619175 0.123626 0.648274\n0.392812 -0.767335 0.426893 -0.329049 0.913552 -0.23906 -0.587773 -1.9984e-15 0.809026 0.739087 0.406723 0.536961 0.0744779 0.0525329 0.0744779\n-0.123901 -0.767335 0.592736 0.110759 -0.933571 -0.340849 0.951048 1.11022e-16 0.309043 -0.288513 -0.358393 0.887871 0.0744781 0.0525344 0.0744786\n-0.44059 -0.767334 0.154516 0.93358 0.358368 -1.07937e-16 -5.48538e-17 4.44089e-16 1 0.358368 -0.93358 4.34251e-16 0.0744782 0.052532 0.0744782\n-0.124882 -0.767334 -0.282314 -0.125689 -0.913549 -0.386822 0.951054 4.57056e-11 -0.309024 0.282309 -0.40673 0.868834 0.0744782 0.0525329 0.0744782\n0.393227 -0.767334 -0.115817 0.755264 -0.358388 -0.548757 0.587803 -1.6358e-11 0.809004 -0.289937 -0.933573 0.210661 0.0744784 0.0525339 0.0744781\n0.0234685 -0.358993 0.154985 1 0 0 0 1 0 0 0 1 0.149939 0.462356 0.149841\n0.237042 -0.63077 0.313159 -0.772465 0.323429 -0.546526 -0.575402 0.00770003 0.817835 0.26872 0.946221 0.180154 0.471036 0.056394 0.0775673\n-0.0647224 -0.628782 0.413055 0.210322 -0.934753 -0.286359 0.934753 0.10648 0.338968 -0.286359 -0.338968 0.896158 0.0806438 0.056145 0.470363\n-0.250346 -0.628079 0.159045 0.942466 0.334295 0.00222005 0.0245631 -0.0758696 0.996815 0.333399 -0.93941 -0.0797158 0.474999 0.066693 0.0773925\n0.240123 -0.634721 -0.00234141 0.28865 0.948968 -0.127048 0.545731 -0.0540436 0.836216 0.786676 -0.310707 -0.533481 0.0793138 0.0704737 0.4641\n-0.0663204 -0.633029 -0.100132 0.10106 -0.949791 0.296115 0.949791 0.00351774 -0.312866 0.296115 0.312866 0.902458 0.0776869 0.0604426 0.470262\n-0.00267519 -0.0754017 0.173709 1 0.000191106 1.62073e-05 -0.000191106 0.985718 0.168404 1.62073e-05 -0.168404 0.985718 0.696326 0.171976 0.796185\n-2e-06 0.102131 -0.177934 -0.99912 0.0122349 -0.0401109 -0.0401139 1.11022e-16 0.999195 0.0122251 0.999925 0.000490791 0.575724 0.0170087 0.145971\nC 24\n0 12\n0 13\n1 7\n2 8\n3 9\n4 11\n5 10\n6 9\n6 7\n6 10\n6 11\n6 12\n6 8\n7 11\n7 10\n7 9\n7 8\n8 9\n8 10\n8 11\n9 11\n9 10\n10 11\n12 13\nS 2\n5\n3 -0.44059 -0.767334 0.154516\n2 -0.123901 -0.767335 0.592736\n1 0.392812 -0.767335 0.426893\n5 0.393227 -0.767334 -0.115817\n4 -0.124882 -0.767334 -0.282314\n3\n0.0193335 -0.767334 0.155203\n-2.66469e-08 -1 -8.5725e-08\n5\n11 -0.0663204 -0.633029 -0.100132\n10 0.240123 -0.634721 -0.00234141\n7 0.237042 -0.63077 0.313159\n8 -0.0647224 -0.628782 0.413055\n9 -0.250346 -0.628079 0.159045\n3\n0.0191552 -0.631076 0.156557\n-0.0053661 -0.999986 -0.000388817\nL 14\n0\n2\n2\n2\n2\n2\n2\n2\n2\n2\n2\n2\n1\n0"
}