{
    "boxes": [
        [
            -0.016052499413490295,
            -0.35613998770713806,
            0.08925200253725052,
            0.6523939967155457,
            0.9780279994010925,
            1.0146499872207642,
            0.0,
            1.0,
            0.0,
            0.0,
            0.0,
            1.0
        ],
        [
            -0.502655029296875,
            0.057544998824596405,
            0.09831909835338593,
            0.5220850110054016,
            0.9603009819984436,
            0.10503099858760834,
            -0.11212900280952454,
            0.9926279783248901,
            -0.04600530117750168,
            -0.012222100049257278,
            0.044916100800037384,
            0.99891597032547
        ],
        [
            -0.46213600039482117,
            -0.45192599296569824,
            -0.3054029941558838,
            0.5024899840354919,
            0.10193900018930435,
            0.07388859987258911,
            0.07012689858675003,
            0.955793023109436,
            0.28555598855018616,
            0.42437300086021423,
            -0.2876499891281128,
            0.8585829734802246
        ],
        [
            -0.4995810091495514,
            -0.44171398878097534,
            0.5297110080718994,
            0.4889029860496521,
            0.10202600061893463,
            0.06717219948768616,
            0.06372790038585663,
            0.9976329803466797,
            -0.0258432999253273,
            -0.49568700790405273,
            0.05411849915981293,
            0.8668140172958374
        ],
        [
            -0.01459639985114336,
            0.18052999675273895,
            -0.3303230106830597,
            0.7752559781074524,
            0.13595500588417053,
            1.1067500114440918,
            -0.00012091400276403874,
            0.9613969922065735,
            -0.27516499161720276,
            -0.0001603760028956458,
            0.27516499161720276,
            0.9613969922065735
        ],
        [
            -0.01471100002527237,
            0.166594997048378,
            -0.38223400712013245,
            0.7744489908218384,
            0.030285699293017387,
            1.106600046157837,
            -3.7916901618473275e-08,
            0.9794589877128601,
            -0.20164400339126587,
            -4.651819907053323e-08,
            0.20164400339126587,
            0.9794589877128601
        ]
    ],
    "ops": [
        [
            0,
            0,
            2,
            1,
            0,
            0,
            1,
            2,
            1,
            0,
            0,
            1,
            1
        ]
    ],
    "syms": [
        [
            0.0,
            1.0,
            0.0005557690165005624,
            -0.00024059299903456122,
            -0.01776989921927452,
            0.057814501225948334,
            0.09820239990949631,
            0.0
        ],
        [
            0.0,
            0.9999750256538391,
            0.0010713200317695737,
            0.00694940984249115,
            -0.014647900126874447,
            -0.4514470100402832,
            -0.30229300260543823,
            0.0
        ]
    ],
    "labels:": [
        [
            1,
            3,
            2,
            2,
            0,
            0
        ]
    ],
    "obj": 2532,
    "mat_index": 331,
    "obbs": "N 9\n-0.0145964 0.18053 -0.330323 -0.000120914 0.961397 -0.275165 -0.000160376 0.275165 0.961397 1 0.000160376 0.000120914 0.775256 0.135955 1.10675\n0.467116 0.058084 0.0980858 0.102877 0.993589 -0.046868 0.994694 -0.102758 0.00493777 9.00502e-05 -0.0471273 -0.998889 0.522618 0.134469 0.959975\n-0.502655 0.057545 0.0983191 -0.112129 0.992628 -0.0460053 0.993618 0.11257 0.00709561 0.0122221 -0.0449161 -0.998916 0.522085 0.105031 0.960301\n-0.0160525 -0.35614 0.089252 1 0 0 0 1 0 0 0 1 1.01465 0.652394 0.978028\n-0.014711 0.166595 -0.382234 1 4.65182e-08 3.79169e-08 -4.65182e-08 0.201644 0.979459 3.79169e-08 -0.979459 0.201644 1.1066 0.0302857 0.774449\n-0.462136 -0.451926 -0.305403 -0.0701269 -0.955793 -0.285556 0.902768 0.0609726 -0.425785 0.424373 -0.28765 0.858583 0.50249 0.0738886 0.101939\n0.432841 -0.450968 -0.299183 0.57936 0.246205 -0.776998 0.812246 -0.0950841 0.575513 0.067814 -0.964542 -0.255067 0.0978558 0.0531346 0.505448\n0.471418 -0.435496 0.533646 -0.468999 -0.0735614 -0.88013 0.88041 0.0401885 -0.472507 0.0701294 -0.996481 0.0459158 0.101812 0.0691449 0.501802\n-0.499581 -0.441714 0.529711 0.495687 -0.0541185 -0.866814 0.86616 -0.0424301 0.497962 -0.0637279 -0.997633 0.0258433 0.102026 0.0671722 0.488903\nC 21\n0 1\n0 6\n0 5\n0 4\n0 3\n0 2\n1 3\n1 4\n1 6\n1 7\n2 8\n2 4\n2 3\n2 5\n3 5\n3 7\n3 8\n3 6\n3 4\n4 6\n4 5\nS 3\n2\n1 0.467116 0.058084 0.0980858\n2 -0.502655 0.057545 0.0983191\n2\n-0.0177699 0.0578145 0.0982024\n-1 -0.000555769 0.000240593\n2\n5 -0.462136 -0.451926 -0.305403\n6 0.432841 -0.450968 -0.299183\n2\n-0.0146479 -0.451447 -0.302293\n0.999975 0.00107132 0.00694941\n2\n7 0.471418 -0.435496 0.533646\n8 -0.499581 -0.441714 0.529711\n2\n-0.0140815 -0.438605 0.531678\n-0.999971 -0.00640355 -0.00405149\nL 9\n0\n3\n3\n1\n0\n2\n2\n2\n2"
}