{
    "boxes": [
        [
            0.007195000071078539,
            -0.08767399936914444,
            0.16015399992465973,
            0.1467839926481247,
            0.7895299792289734,
            0.7472019791603088,
            0.0,
            1.0,
            0.0,
            0.0,
            0.0,
            1.0
        ],
        [
            -0.462334007024765,
            0.2891939878463745,
            -0.02893720008432865,
            0.06163949891924858,
            0.4710470139980316,
            0.12201900035142899,
            0.534483015537262,
            0.8413450121879578,
            0.08041240274906158,
            -0.3649570047855377,
            0.1439339965581894,
            0.9198309779167175
        ],
        [
            -0.3497300148010254,
            0.05133200064301491,
            -0.206619992852211,
            0.3573960065841675,
            0.05781799927353859,
            0.055125001817941666,
            0.0,
            1.0,
            0.0,
            0.0,
            0.0,
            1.0
        ],
        [
            -0.35785600543022156,
            -0.45995500683784485,
            -0.3107140064239502,
            0.7619739770889282,
            0.059083301573991776,
            0.056510500609874725,
            -0.01570110023021698,
            0.957502007484436,
            0.2879979908466339,
            -0.535493016242981,
            -0.2512960135936737,
            0.8062859773635864
        ],
        [
            0.3293150067329407,
            -0.44302600622177124,
            0.5120390057563782,
            0.7562069892883301,
            0.0710102990269661,
            0.0974695011973381,
            0.025632699951529503,
            0.9991750121116638,
            0.03151509910821915,
            0.1757420003414154,
            -0.03553849831223488,
            0.9837949872016907
        ],
        [
            0.2964479923248291,
            -0.08496250212192535,
            -0.04660800099372864,
            0.044098999351263046,
            0.3326900005340576,
            0.08922400325536728,
            0.0,
            1.0,
            0.0,
            0.0,
            0.0,
            1.0
        ],
        [
            0.006505259778350592,
            0.29506099224090576,
            -0.2947689890861511,
            0.7689599990844727,
            0.1404999941587448,
            0.6403489708900452,
            -0.007587039843201637,
            0.9753599762916565,
            -0.22048699855804443,
            -0.009493240155279636,
            0.22041399776935577,
            0.9753599762916565
        ],
        [
            0.0023235499393194914,
            -0.10012900084257126,
            -0.2133910059928894,
            0.09158000349998474,
            0.040857598185539246,
            0.6908429861068726,
            0.007252360228449106,
            0.98403400182724,
            0.17783300578594208,
            0.0060590701177716255,
            -0.17787699401378632,
            0.98403400182724
        ]
    ],
    "ops": [
        [
            0,
            0,
            0,
            1,
            2,
            1,
            0,
            0,
            1,
            2,
            1,
            0,
            2,
            0,
            0,
            1,
            1,
            1
        ]
    ],
    "syms": [
        [
            0.0,
            1.0,
            3.2763699664428714e-07,
            3.936990196962142e-06,
            0.007215309888124466,
            0.2891939878463745,
            -0.028935400769114494,
            0.0
        ],
        [
            0.0,
            0.9999930262565613,
            -0.003406509989872575,
            -0.0013147699646651745,
            0.007038659881800413,
            -0.46119800209999084,
            -0.3111940026283264,
            0.0
        ],
        [
            0.0,
            0.9993060231208801,
            -0.02434390038251877,
            -0.028197700157761574,
            0.008309070020914078,
            -0.07794319838285446,
            -0.03847749903798103,
            0.0
        ]
    ],
    "labels:": [
        [
            1,
            3,
            3,
            2,
            2,
            0,
            0,
            0
        ]
    ],
    "obj": 39645,
    "mat_index": 3311,
    "obbs": "N 13\n0.00650526 0.295061 -0.294769 -0.00758704 0.97536 -0.220487 -0.00949324 0.220414 0.97536 0.999926 0.00949324 0.00758704 0.76896 0.1405 0.640349\n0.00232355 -0.100129 -0.213391 0.999955 -0.00605907 -0.00725236 0.00605907 -0.177877 0.984034 -0.00725236 -0.984034 -0.177833 0.690843 0.0408576 0.09158\n0.007195 -0.087674 0.160154 1 0 0 0 1 0 0 0 1 0.747202 0.146784 0.78953\n-0.462334 0.289194 -0.0289372 -0.762321 0.520982 -0.383985 0.534483 0.841345 0.0804124 0.364957 -0.143934 -0.919831 0.122019 0.0616395 0.471047\n0.476765 0.289194 -0.0289335 0.762328 0.520969 -0.383989 -0.534475 0.841351 0.0804021 0.364956 0.143939 0.919831 0.122018 0.0616391 0.471047\n-0.34973 0.051332 -0.20662 1 0 0 0 1 0 0 0 1 0.055125 0.357396 0.057818\n0.346746 0.0543295 -0.205657 1 0 0 0 1 0 0 0 1 0.089953 0.351645 0.055836\n-0.27983 -0.0709239 -0.030347 0.0545191 -0.0265335 -0.99816 -0.163397 0.985935 -0.0351332 0.985053 0.165012 0.0494167 0.369469 0.0624972 0.0919488\n0.296448 -0.0849625 -0.046608 1 0 0 0 1 0 0 0 1 0.089224 0.044099 0.33269\n0.371933 -0.462441 -0.311673 0.952991 0.0928098 -0.288434 0.302994 -0.287102 0.908717 0.00152777 -0.953393 -0.301727 0.0476346 0.0632983 0.757431\n0.329315 -0.443026 0.512039 0.984103 -0.0196788 -0.176508 0.175742 -0.0355385 0.983795 -0.0256327 -0.999175 -0.0315151 0.0974695 0.0710103 0.756207\n-0.316986 -0.448316 0.519282 1 0 0 0 1 0 0 0 1 0.097093 0.745962 0.071275\n-0.357856 -0.459955 -0.310714 -0.844393 0.141561 -0.516682 -0.535493 -0.251296 0.806286 -0.0157011 0.957502 0.287998 0.0565105 0.0590833 0.761974\nC 35\n0 2\n0 7\n0 3\n0 4\n0 12\n0 5\n0 8\n0 1\n0 6\n0 9\n1 6\n1 2\n1 5\n1 9\n1 12\n1 8\n1 7\n2 8\n2 12\n2 5\n2 9\n2 6\n2 10\n2 3\n2 7\n2 11\n2 4\n3 5\n4 6\n5 12\n5 7\n6 9\n6 8\n7 12\n8 9\nS 5\n2\n3 -0.462334 0.289194 -0.0289372\n4 0.476765 0.289194 -0.0289335\n2\n0.00721531 0.289194 -0.0289354\n1 3.27637e-07 3.93699e-06\n2\n5 -0.34973 0.051332 -0.20662\n6 0.346746 0.0543295 -0.205657\n2\n-0.001492 0.0528307 -0.206139\n0.99999 0.00430376 0.00138266\n2\n7 -0.27983 -0.0709239 -0.030347\n8 0.296448 -0.0849625 -0.046608\n2\n0.00830907 -0.0779432 -0.0384775\n0.999306 -0.0243439 -0.0281977\n2\n9 0.371933 -0.462441 -0.311673\n12 -0.357856 -0.459955 -0.310714\n2\n0.00703866 -0.461198 -0.311194\n-0.999993 0.00340651 0.00131477\n2\n10 0.329315 -0.443026 0.512039\n11 -0.316986 -0.448316 0.519282\n2\n0.00616464 -0.445671 0.51566\n-0.999904 -0.00818436 0.0112046\nL 13\n0\n0\n1\n3\n3\n3\n3\n0\n0\n2\n2\n2\n2"
}