{
    "boxes": [
        [
            -0.00165200000628829,
            -0.1016789972782135,
            0.18364599347114563,
            0.17218199372291565,
            0.7685930132865906,
            0.8663920164108276,
            0.0,
            1.0,
            0.0,
            0.0,
            0.0,
            1.0
        ],
        [
            0.39726999402046204,
            -0.428600013256073,
            0.3763769865036011,
            0.7312840223312378,
            0.07095470279455185,
            0.06999920308589935,
            0.00984788965433836,
            0.8598160147666931,
            -0.5105090141296387,
            0.5478349924087524,
            0.4224570095539093,
            0.7220849990844727
        ],
        [
            -0.4047839939594269,
            -0.4327690005302429,
            0.3830769956111908,
            0.717585027217865,
            0.06022369861602783,
            0.0717272013425827,
            -0.013109199702739716,
            0.8545399904251099,
            -0.5192199945449829,
            0.19279199838638306,
            0.5116810202598572,
            0.8372660279273987
        ],
        [
            -0.4033060073852539,
            -0.44657498598098755,
            -0.2719469964504242,
            0.7322959899902344,
            0.05735410004854202,
            0.07510010153055191,
            0.012633799575269222,
            0.8742740154266357,
            0.4852690100669861,
            0.2531279921531677,
            -0.47229599952697754,
            0.8443120121955872
        ],
        [
            0.00228946004062891,
            0.1269419938325882,
            -0.08203479647636414,
            0.5260639786720276,
            1.2735099792480469,
            0.8517500162124634,
            -0.055514298379421234,
            0.7904620170593262,
            0.6099910140037537,
            0.01891309954226017,
            -0.6099910140037537,
            0.792182981967926
        ]
    ],
    "ops": [
        [
            0,
            0,
            0,
            0,
            2,
            1,
            1,
            1,
            0,
            1
        ]
    ],
    "syms": [
        [
            0.0,
            0.9999880194664001,
            -0.0010210099862888455,
            -0.004760609939694405,
            -0.0028781499713659286,
            -0.4469839930534363,
            -0.27385300397872925,
            0.0
        ]
    ],
    "labels:": [
        [
            1,
            2,
            2,
            2,
            0
        ]
    ],
    "obj": 39653,
    "mat_index": 3317,
    "obbs": "N 6\n0.00228946 0.126942 -0.0820348 -0.0189131 0.609991 -0.792183 -0.0555143 0.790462 0.609991 0.998279 0.0555143 0.0189131 1.27351 0.526064 0.85175\n-0.001652 -0.101679 0.183646 1 0 0 0 1 0 0 0 1 0.866392 0.172182 0.768593\n-0.403306 -0.446575 -0.271947 0.96735 0.112168 -0.22727 0.253128 -0.472296 0.844312 -0.0126338 -0.874274 -0.485269 0.0751001 0.0573541 0.732296\n0.39755 -0.447393 -0.27576 0.00797316 0.875973 0.482294 0.85342 -0.25733 0.453271 0.521162 0.407985 -0.749625 0.726627 0.0710681 0.0655184\n-0.404784 -0.432769 0.383077 -0.192792 -0.511681 -0.837266 0.981152 -0.0891253 -0.171456 0.0131092 -0.85454 0.51922 0.0602237 0.0717272 0.717585\n0.39727 -0.4286 0.376377 -0.00984789 -0.859816 0.510509 0.836528 -0.286786 -0.466877 0.547835 0.422457 0.722085 0.731284 0.0699992 0.0709547\nC 11\n0 1\n0 5\n0 4\n0 3\n0 2\n1 2\n1 3\n1 4\n1 5\n2 4\n3 5\nS 1\n2\n2 -0.403306 -0.446575 -0.271947\n3 0.39755 -0.447393 -0.27576\n2\n-0.00287815 -0.446984 -0.273853\n0.999988 -0.00102101 -0.00476061\nL 6\n0\n1\n2\n2\n2\n2"
}