{
    "boxes": [
        [
            -0.02442000061273575,
            -0.12067200243473053,
            0.1774590015411377,
            0.12249100208282471,
            0.7438859939575195,
            0.7044919729232788,
            0.0,
            1.0,
            0.0,
            0.0,
            0.0,
            1.0
        ],
        [
            -0.3816800117492676,
            0.006384139880537987,
            0.1709810048341751,
            0.3149780035018921,
            0.6683949828147888,
            0.10109800100326538,
            -0.33363598585128784,
            0.9426530003547668,
            -0.00964170042425394,
            0.00964170042425394,
            0.013639399781823158,
            0.9998599886894226
        ],
        [
            -0.013873499818146229,
            -0.3382819890975952,
            0.11675000190734863,
            0.3161579966545105,
            0.07992500066757202,
            0.08581499755382538,
            0.0,
            1.0,
            0.0,
            0.0,
            0.0,
            1.0
        ],
        [
            -0.22777999937534332,
            -0.5876129865646362,
            -0.09482859820127487,
            0.11011199653148651,
            0.03273310139775276,
            0.6104090213775635,
            -0.37599000334739685,
            0.8395230174064636,
            -0.3922150135040283,
            -0.7082440257072449,
            0.012571699917316437,
            0.7058550119400024
        ],
        [
            -0.01182399969547987,
            -0.08042559772729874,
            -0.16311199963092804,
            0.16944099962711334,
            0.4306899905204773,
            0.12291599810123444,
            -1.6501100461531248e-16,
            0.7431449890136719,
            0.6691309809684753,
            1.4857700372158256e-16,
            -0.6691309809684753,
            0.7431449890136719
        ],
        [
            -0.011869199573993683,
            0.2045159935951233,
            -0.19190700352191925,
            0.6947960257530212,
            0.20844300091266632,
            0.8330060243606567,
            0.0005632970132865012,
            0.9725120067596436,
            -0.23285099864006042,
            0.0007140900124795735,
            0.23285000026226044,
            0.9725120067596436
        ],
        [
            -0.011826000176370144,
            0.194364994764328,
            -0.2032500058412552,
            0.700065016746521,
            0.2380400002002716,
            0.8660699725151062,
            2.6464100301382132e-05,
            0.9806349873542786,
            -0.19584199786186218,
            3.22718005918432e-05,
            0.19584199786186218,
            0.9806349873542786
        ]
    ],
    "ops": [
        [
            0,
            0,
            2,
            1,
            0,
            0,
            2,
            1,
            1,
            0,
            0,
            0,
            1,
            1,
            1
        ]
    ],
    "syms": [
        [
            0.0,
            0.9999970197677612,
            -0.000563132984098047,
            -0.0021852499339729548,
            -0.015357299707829952,
            0.006177850067615509,
            0.17017999291419983,
            0.0
        ],
        [
            -1.0,
            0.009683099575340748,
            0.9999470114707947,
            0.0033931999932974577,
            -0.013696500100195408,
            -0.5926679968833923,
            0.12095200270414352,
            0.25
        ]
    ],
    "labels:": [
        [
            1,
            3,
            2,
            2,
            0,
            0,
            0
        ]
    ],
    "obj": 2534,
    "mat_index": 333,
    "obbs": "N 11\n-0.0118692 0.204516 -0.191907 1 -0.00071409 -0.000563297 0.00071409 0.23285 0.972512 -0.000563297 -0.972512 0.232851 0.833006 0.208443 0.694796\n0.350966 0.00597156 0.16938 0.349436 0.936445 -0.0310533 0.936955 -0.349136 0.0147922 0.00301027 -0.0342645 -0.999408 0.321137 0.113878 0.684669\n-0.38168 0.00638414 0.170981 -0.0096417 -0.0136394 -0.99986 0.942653 0.333496 -0.0136394 0.333636 -0.942653 0.0096417 0.668395 0.101098 0.314978\n-0.02442 -0.120672 0.177459 1 0 0 0 1 0 0 0 1 0.704492 0.122491 0.743886\n0.196778 -0.593175 0.332671 -0.363813 -0.863895 -0.348319 0.709886 -0.0150413 -0.704156 0.603078 -0.503448 0.618739 0.110661 0.0401758 0.615502\n0.194748 -0.596244 -0.0828863 0.622733 -0.482449 -0.615992 0.692614 -0.0263457 0.720828 -0.363992 -0.875528 0.317745 0.622764 0.0376821 0.112897\n-0.22778 -0.587613 -0.0948286 -0.597513 -0.543178 -0.589861 0.708244 -0.0125717 -0.705855 0.37599 -0.839523 0.392215 0.610409 0.0327331 0.110112\n-0.218532 -0.593639 0.328853 0.616398 0.494938 -0.612446 0.711083 -0.0157649 0.702932 0.338252 -0.868785 -0.361659 0.622785 0.0355273 0.111573\n-0.0138735 -0.338282 0.11675 1 0 0 0 1 0 0 0 1 0.085815 0.316158 0.079925\n-0.011826 0.194365 -0.20325 1 -3.22718e-05 -2.64641e-05 3.22718e-05 0.195842 0.980635 -2.64641e-05 -0.980635 0.195842 0.86607 0.23804 0.700065\n-0.011824 -0.0804256 -0.163112 -1.48577e-16 0.669131 -0.743145 1 2.22045e-16 0 1.65011e-16 -0.743145 -0.669131 0.43069 0.122916 0.169441\nC 34\n0 10\n0 3\n0 8\n0 1\n0 9\n0 2\n1 3\n1 10\n1 9\n1 8\n2 8\n2 9\n2 10\n2 3\n3 10\n3 9\n3 8\n4 7\n4 8\n4 10\n4 5\n4 6\n5 6\n5 8\n5 10\n5 7\n6 7\n6 10\n6 8\n7 10\n7 8\n8 9\n8 10\n9 10\nS 2\n2\n1 0.350966 0.00597156 0.16938\n2 -0.38168 0.00638414 0.170981\n2\n-0.0153573 0.00617785 0.17018\n-0.999997 0.000563133 0.00218525\n4\n6 -0.22778 -0.587613 -0.0948286\n7 -0.218532 -0.593639 0.328853\n4 0.196778 -0.593175 0.332671\n5 0.194748 -0.596244 -0.0828863\n3\n-0.0136965 -0.592668 0.120952\n0.0096831 0.999947 0.0033932\nL 11\n0\n3\n3\n1\n2\n2\n2\n2\n2\n0\n0"
}