{
    "boxes": [
        [
            0.0022279999684542418,
            -0.06943599879741669,
            0.12625999748706818,
            0.12506599724292755,
            0.7832769751548767,
            0.8895580172538757,
            0.0,
            1.0,
            0.0,
            0.0,
            0.0,
            1.0
        ],
        [
            -0.41239601373672485,
            0.16540099680423737,
            0.1135530024766922,
            0.08009199798107147,
            0.7281590104103088,
            0.06419599801301956,
            0.0,
            1.0,
            0.0,
            0.0,
            0.0,
            1.0
        ],
        [
            -0.41239601373672485,
            0.04764150083065033,
            0.46378400921821594,
            0.2839690148830414,
            0.1043429970741272,
            0.06419599801301956,
            0.0,
            1.0,
            0.0,
            0.0,
            0.0,
            1.0
        ],
        [
            -0.4124380052089691,
            -0.3882879912853241,
            0.5094389915466309,
            0.6484419703483582,
            0.08181709796190262,
            0.07869590073823929,
            0.0004222510033287108,
            0.9962419867515564,
            -0.08661069720983505,
            -0.38803499937057495,
            0.07998750358819962,
            0.918166995048523
        ],
        [
            0.41632500290870667,
            -0.39424198865890503,
            0.5109059810638428,
            0.6364549994468689,
            0.07992400228977203,
            0.08160220086574554,
            0.010607900097966194,
            0.9962800145149231,
            -0.0855175033211708,
            -0.3247790038585663,
            0.08431839942932129,
            0.9420239925384521
        ],
        [
            -0.41239699721336365,
            -0.5184289813041687,
            0.08454149961471558,
            0.1385599970817566,
            0.8280869722366333,
            0.06030900031328201,
            0.0,
            1.0,
            0.0,
            0.0,
            0.0,
            1.0
        ],
        [
            -0.41265401244163513,
            -0.386821985244751,
            -0.3163509964942932,
            0.6773350238800049,
            0.0971950963139534,
            0.07304169982671738,
            0.01309220027178526,
            0.9569200277328491,
            0.2900559902191162,
            0.04852160066366196,
            -0.29034700989723206,
            0.9556900262832642
        ],
        [
            -0.41582000255584717,
            0.2585330009460449,
            -0.30257898569107056,
            0.7321199774742126,
            0.1285420060157776,
            0.07807379961013794,
            -0.011015299707651138,
            0.9703279733657837,
            -0.24154099822044373,
            -0.13205699622631073,
            0.23802800476551056,
            0.9622390270233154
        ],
        [
            -0.003976500127464533,
            0.3202979862689972,
            -0.27350398898124695,
            0.6675530076026917,
            0.07532040029764175,
            0.7832769751548767,
            2.560849969579504e-11,
            0.9664210081100464,
            -0.25696301460266113,
            3.3307398505932895e-11,
            0.25696301460266113,
            0.9664210081100464
        ],
        [
            0.0022279999684542418,
            0.2860350012779236,
            -0.31955599784851074,
            0.6243209838867188,
            0.04275070130825043,
            0.799094021320343,
            -0.0,
            0.967058002948761,
            -0.25455498695373535,
            -0.0,
            0.25455498695373535,
            0.967058002948761
        ]
    ],
    "ops": [
        [
            0,
            0,
            0,
            1,
            2,
            1,
            0,
            0,
            0,
            0,
            1,
            2,
            1,
            1,
            1,
            0,
            2,
            0,
            0,
            1,
            1,
            1
        ]
    ],
    "syms": [
        [
            0.0,
            0.9999579787254333,
            -5.426380084827542e-06,
            0.009130190126597881,
            0.0022277499083429575,
            0.1653990000486374,
            0.11733800172805786,
            0.0
        ],
        [
            0.0,
            1.0,
            0.0,
            0.0,
            0.0022277499083429575,
            -0.5184289813041687,
            0.08454149961471558,
            0.0
        ],
        [
            0.0,
            0.9997720122337341,
            0.01636200025677681,
            0.013712500222027302,
            0.0006898320280015469,
            0.26535001397132874,
            -0.2968659996986389,
            0.0
        ]
    ],
    "labels:": [
        [
            1,
            3,
            3,
            2,
            2,
            2,
            2,
            0,
            0,
            0
        ]
    ],
    "obj": 39693,
    "mat_index": 3333,
    "obbs": "N 15\n-0.0039765 0.320298 -0.273504 1 -3.33074e-11 -2.56085e-11 3.33074e-11 0.256963 0.966421 -2.56085e-11 -0.966421 0.256963 0.783277 0.0753204 0.667553\n0.002228 -0.069436 0.12626 1 0 0 0 1 0 0 0 1 0.889558 0.125066 0.783277\n0.417199 0.272166 -0.291153 -0.0662468 -0.219517 -0.973357 0.997802 -0.0163775 -0.0642169 -0.00184446 -0.975471 0.220119 0.132235 0.0710274 0.708678\n-0.41582 0.258533 -0.302579 0.132057 -0.238028 -0.962239 0.991181 0.0424964 0.125516 0.0110153 -0.970328 0.241541 0.128542 0.0780738 0.73212\n0.416852 0.165397 0.121124 1 0 0 0 1 0 0 0 1 0.064197 0.080093 0.713702\n-0.412396 0.165401 0.113553 1 0 0 0 1 0 0 0 1 0.064196 0.080092 0.728159\n0.416852 0.039219 0.468352 1 0 0 0 1 0 0 0 1 0.064197 0.297138 0.096039\n-0.412396 0.0476415 0.463784 1 0 0 0 1 0 0 0 1 0.064196 0.283969 0.104343\n-0.412397 -0.518429 0.0845415 1 0 0 0 1 0 0 0 1 0.060309 0.13856 0.828087\n0.416852 -0.518429 0.0845415 1 0 0 0 1 0 0 0 1 0.06031 0.13856 0.828087\n0.002228 0.286035 -0.319556 1 0 0 -0 0.254555 0.967058 0 -0.967058 0.254555 0.799094 0.0427507 0.624321\n-0.412654 -0.386822 -0.316351 0.998736 0.00156191 -0.0502325 0.0485216 -0.290347 0.95569 -0.0130922 -0.95692 -0.290056 0.0730417 0.0971951 0.677335\n0.416777 -0.38532 -0.32133 0.997175 0.0253816 -0.0706922 0.0749881 -0.282661 0.956284 0.00429011 -0.958884 -0.283766 0.0724929 0.106267 0.677385\n0.416325 -0.394242 0.510906 0.0106079 0.99628 -0.0855175 -0.324779 0.0843184 0.942024 0.945731 0.0177814 0.324465 0.636455 0.079924 0.0816022\n-0.412438 -0.388288 0.509439 0.000422251 0.996242 -0.0866107 -0.388035 0.0799875 0.918167 0.921645 0.0332203 0.386611 0.648442 0.0818171 0.0786959\nC 41\n0 2\n0 10\n0 3\n0 11\n0 4\n0 12\n0 5\n0 1\n1 3\n1 6\n1 11\n1 2\n1 14\n1 5\n1 10\n1 13\n1 4\n1 12\n1 7\n2 12\n2 10\n2 4\n3 11\n3 10\n3 5\n4 12\n4 13\n4 10\n4 6\n5 11\n5 10\n5 7\n5 14\n6 13\n7 14\n8 14\n8 11\n9 13\n9 12\n10 11\n10 12\nS 5\n2\n2 0.417199 0.272166 -0.291153\n3 -0.41582 0.258533 -0.302579\n2\n0.000689832 0.26535 -0.296866\n-0.999772 -0.016362 -0.0137125\n2\n4 0.416852 0.165397 0.121124\n5 -0.412396 0.165401 0.113553\n2\n0.00222775 0.165399 0.117338\n-0.999958 5.42638e-06 -0.00913019\n2\n6 0.416852 0.039219 0.468352\n7 -0.412396 0.0476415 0.463784\n2\n0.00222775 0.0434303 0.466068\n-0.999933 0.0101561 -0.00550704\n2\n8 -0.412397 -0.518429 0.0845415\n9 0.416852 -0.518429 0.0845415\n2\n0.00222775 -0.518429 0.0845415\n1 0 0\n2\n11 -0.412654 -0.386822 -0.316351\n12 0.416777 -0.38532 -0.32133\n2\n0.00206126 -0.386071 -0.318841\n0.99998 0.00181069 -0.0060025\nL 15\n0\n1\n0\n0\n3\n3\n3\n3\n2\n2\n0\n2\n2\n2\n2"
}