{
    "boxes": [
        [
            0.00025874501443468034,
            -0.0867953971028328,
            0.18571999669075012,
            0.25723400712013245,
            0.825655996799469,
            0.8970450162887573,
            -0.007767669856548309,
            0.9848229885101318,
            -0.1733890026807785,
            -0.0006785640143789351,
            0.1733890026807785,
            0.9848530292510986
        ],
        [
            0.4328080117702484,
            0.08482210338115692,
            -0.05061250180006027,
            0.5734000205993652,
            0.5669680237770081,
            0.1887820065021515,
            0.15057599544525146,
            0.9727839827537537,
            -0.17611999809741974,
            0.26079699397087097,
            0.13275299966335297,
            0.9562219977378845
        ],
        [
            -0.28509101271629333,
            -0.549830973148346,
            -0.18823499977588654,
            0.6297889947891235,
            0.0629642978310585,
            0.08187329769134521,
            0.16205400228500366,
            0.975616991519928,
            0.1480170041322708,
            0.5341579914093018,
            -0.21285299956798553,
            0.818149983882904
        ],
        [
            -0.34020400047302246,
            -0.5281209945678711,
            0.40824198722839355,
            0.6790599822998047,
            0.08153770118951797,
            0.08377359807491302,
            0.12391100078821182,
            0.9748389720916748,
            -0.1852950006723404,
            0.678367018699646,
            0.053062599152326584,
            0.7328050136566162
        ],
        [
            0.004981929901987314,
            0.2877269983291626,
            -0.31181201338768005,
            0.667801022529602,
            0.27928999066352844,
            1.0014499425888062,
            -0.056262798607349396,
            0.9355850219726562,
            -0.3485890030860901,
            -0.005661400035023689,
            0.3488380014896393,
            0.9371659755706787
        ]
    ],
    "ops": [
        [
            0,
            0,
            2,
            1,
            0,
            0,
            1,
            2,
            1,
            0,
            1
        ]
    ],
    "syms": [
        [
            0.0,
            0.9986159801483154,
            0.005765529815107584,
            -0.052271198481321335,
            -0.0001549199951114133,
            0.08232239633798599,
            -0.02794959954917431,
            0.0
        ],
        [
            0.0,
            0.9997460246086121,
            -0.022496100515127182,
            -0.001229849993251264,
            0.0019399999873712659,
            -0.55628901720047,
            -0.18858900666236877,
            0.0
        ]
    ],
    "labels:": [
        [
            1,
            3,
            2,
            2,
            0
        ]
    ],
    "obj": 39750,
    "mat_index": 3357,
    "obbs": "N 8\n0.00498193 0.287727 -0.311812 0.9984 0.0547011 -0.0143299 -0.0056614 0.348838 0.937166 0.0562628 -0.935585 0.348589 1.00145 0.27929 0.667801\n0.432808 0.0848221 -0.0506125 -0.150576 -0.972784 0.17612 0.953578 -0.189916 -0.23371 0.260797 0.132753 0.956222 0.5734 0.188782 0.566968\n-0.433118 0.0798227 -0.00528678 -0.213473 0.976422 -0.0320795 0.95172 0.215262 0.218842 0.220588 0.016186 -0.975233 0.549571 0.193161 0.549881\n0.000258745 -0.0867954 0.18572 0.000678564 -0.173389 -0.984853 -0.00776767 0.984823 -0.173389 0.99997 0.00776767 -0.000678564 0.825656 0.257234 0.897045\n-0.285091 -0.549831 -0.188235 0.829707 -0.0535195 -0.555627 0.534158 -0.212853 0.81815 -0.162054 -0.975617 -0.148017 0.0818733 0.0629643 0.629789\n0.288971 -0.562748 -0.188942 -0.15698 0.978375 0.134684 -0.464682 -0.193508 0.864075 0.871452 0.0730572 0.48501 0.604142 0.0696957 0.0784484\n0.331952 -0.516974 0.418501 0.569261 -0.147529 -0.808812 0.81738 0.20745 0.537452 0.0884979 -0.967057 0.23868 0.0906056 0.0922685 0.698798\n-0.340204 -0.528121 0.408242 -0.678367 -0.0530626 -0.732805 0.724199 -0.216501 -0.654724 -0.123911 -0.974839 0.185295 0.0815377 0.0837736 0.67906\nC 15\n0 1\n0 5\n0 4\n0 3\n0 2\n1 3\n1 5\n1 6\n2 7\n2 4\n2 3\n3 6\n3 7\n3 4\n3 5\nS 3\n2\n1 0.432808 0.0848221 -0.0506125\n2 -0.433118 0.0798227 -0.00528678\n2\n-0.00015492 0.0823224 -0.0279496\n-0.998616 -0.00576553 0.0522712\n2\n4 -0.285091 -0.549831 -0.188235\n5 0.288971 -0.562748 -0.188942\n2\n0.00194 -0.556289 -0.188589\n0.999746 -0.0224961 -0.00122985\n2\n6 0.331952 -0.516974 0.418501\n7 -0.340204 -0.528121 0.408242\n2\n-0.00412622 -0.522548 0.413371\n-0.999746 -0.0165796 -0.0152595\nL 8\n0\n3\n3\n1\n2\n2\n2\n2"
}