{
    "boxes": [
        [
            0.01782899908721447,
            -0.14596599340438843,
            0.17254100739955902,
            0.41533398628234863,
            1.2522399425506592,
            1.0139800310134888,
            0.0,
            1.0,
            0.0,
            0.0,
            0.0,
            1.0
        ],
        [
            -0.44380998611450195,
            -0.4236280024051666,
            0.7510939836502075,
            0.1470550000667572,
            0.08806300163269043,
            0.06950400024652481,
            0.0,
            1.0,
            0.0,
            0.0,
            0.0,
            1.0
        ],
        [
            -0.44380998611450195,
            -0.4236280024051666,
            -0.36428600549697876,
            0.1470550000667572,
            0.08806200325489044,
            0.06950400024652481,
            0.0,
            1.0,
            0.0,
            0.0,
            0.0,
            1.0
        ],
        [
            0.023202499374747276,
            0.2679789960384369,
            -0.36404699087142944,
            0.7853890061378479,
            0.2063789963722229,
            0.8364030122756958,
            1.467750010419877e-08,
            0.9417539834976196,
            -0.3363020122051239,
            2.0826599111956057e-08,
            0.3363020122051239,
            0.9417539834976196
        ],
        [
            0.448745995759964,
            0.189533993601799,
            -0.29609501361846924,
            1.0277600288391113,
            0.4617440104484558,
            0.14930999279022217,
            -0.01649169996380806,
            0.9793829917907715,
            -0.2013390064239502,
            0.04375829920172691,
            0.20187999308109283,
            0.9784319996833801
        ]
    ],
    "ops": [
        [
            0,
            0,
            0,
            1,
            2,
            1,
            0,
            0,
            2,
            1,
            1
        ]
    ],
    "syms": [
        [
            0.0,
            1.0,
            -0.0,
            -0.0,
            0.013053799979388714,
            -0.4236280024051666,
            0.7510939836502075,
            0.0
        ],
        [
            0.0,
            0.999638020992279,
            -0.022660499438643456,
            -0.014475700445473194,
            0.013518000021576881,
            0.19939999282360077,
            -0.2897930145263672,
            0.0
        ]
    ],
    "labels:": [
        [
            1,
            2,
            2,
            0,
            0
        ]
    ],
    "obj": 39766,
    "mat_index": 3363,
    "obbs": "N 8\n0.0232025 0.267979 -0.364047 1 -2.08266e-08 -1.46775e-08 2.08266e-08 0.336302 0.941754 -1.46775e-08 -0.941754 0.336302 0.836403 0.206379 0.785389\n0.017829 -0.145966 0.172541 1 0 0 0 1 0 0 0 1 1.01398 0.415334 1.25224\n0.448746 0.189534 -0.296095 -0.0437583 -0.20188 -0.978432 0.998906 0.00732582 -0.0461855 0.0164917 -0.979383 0.201339 0.461744 0.14931 1.02776\n-0.42171 0.209266 -0.28349 0.00673003 0.984118 -0.177387 0.999722 -0.0106335 -0.0210639 -0.0226156 -0.177195 -0.983916 0.991702 0.145324 0.450622\n0.469917 -0.423628 0.751094 1 0 0 0 1 0 0 0 1 0.069503 0.147055 0.088063\n-0.44381 -0.423628 0.751094 1 0 0 0 1 0 0 0 1 0.069504 0.147055 0.088063\n-0.44381 -0.423628 -0.364286 1 0 0 0 1 0 0 0 1 0.069504 0.147055 0.088062\n0.469806 -0.423628 -0.350538 1 0 0 0 1 0 0 0 1 0.069504 0.147055 0.088062\nC 13\n0 1\n0 7\n0 6\n0 3\n0 2\n1 2\n1 3\n1 4\n1 5\n1 6\n1 7\n2 7\n3 6\nS 3\n2\n2 0.448746 0.189534 -0.296095\n3 -0.42171 0.209266 -0.28349\n2\n0.013518 0.1994 -0.289793\n-0.999638 0.0226605 0.0144757\n2\n4 0.469917 -0.423628 0.751094\n5 -0.44381 -0.423628 0.751094\n2\n0.0130538 -0.423628 0.751094\n-1 0 0\n2\n6 -0.44381 -0.423628 -0.364286\n7 0.469806 -0.423628 -0.350538\n2\n0.012998 -0.423628 -0.357412\n0.999887 0 0.0150462\nL 8\n0\n1\n0\n0\n2\n2\n2\n2"
}