{
    "boxes": [
        [
            0.00410450017079711,
            -0.07381749898195267,
            0.09715200215578079,
            0.17972099781036377,
            0.7876260280609131,
            0.720786988735199,
            0.0,
            1.0,
            0.0,
            0.0,
            0.0,
            1.0
        ],
        [
            -0.3158090114593506,
            -0.5019819736480713,
            -0.24889099597930908,
            0.6772220134735107,
            0.07980339974164963,
            0.0582909993827343,
            -0.007579760160297155,
            0.9999480247497559,
            -0.006774189881980419,
            0.46239399909973145,
            0.009511490352451801,
            0.8866239786148071
        ],
        [
            -0.3162060081958771,
            -0.5013430118560791,
            0.4444440007209778,
            0.6776949763298035,
            0.08288980275392532,
            0.05977800115942955,
            -0.026397300884127617,
            0.9988629817962646,
            0.039705198258161545,
            -0.4487760066986084,
            -0.047332800924777985,
            0.8923900127410889
        ],
        [
            0.003983499947935343,
            -0.002374999923631549,
            -0.27391698956489563,
            0.09491799771785736,
            0.022801000624895096,
            0.6876770257949829,
            0.0,
            1.0,
            0.0,
            0.0,
            0.0,
            1.0
        ],
        [
            0.10594300180673599,
            0.45731401443481445,
            -0.2729809880256653,
            1.014299988746643,
            0.024670999497175217,
            0.5410159826278687,
            0.0,
            1.0,
            0.0,
            0.0,
            0.0,
            1.0
        ],
        [
            0.18758299946784973,
            0.4179689884185791,
            -0.27279698848724365,
            0.9296640157699585,
            0.025040000677108765,
            0.3690829873085022,
            0.0,
            1.0,
            0.0,
            0.0,
            0.0,
            1.0
        ]
    ],
    "ops": [
        [
            0,
            0,
            0,
            1,
            2,
            1,
            0,
            2,
            0,
            0,
            2,
            1,
            1,
            1
        ]
    ],
    "syms": [
        [
            0.0,
            0.9999970197677612,
            0.000659497978631407,
            0.002264650072902441,
            0.0038537399377673864,
            -0.5017709732055664,
            -0.2481669932603836,
            0.0
        ],
        [
            0.0,
            5.724119910155423e-05,
            0.9999979734420776,
            0.0019344099564477801,
            0.004009000025689602,
            0.4431079924106598,
            -0.27305498719215393,
            0.0
        ],
        [
            0.0,
            0.9939479827880859,
            -0.10985100269317627,
            -0.00023629599309060723,
            0.0025019999593496323,
            0.4384239912033081,
            -0.2727530002593994,
            0.0
        ]
    ],
    "labels:": [
        [
            1,
            2,
            2,
            0,
            0,
            0
        ]
    ],
    "obj": 39828,
    "mat_index": 3379,
    "obbs": "N 10\n0.105943 0.457314 -0.272981 1 0 0 0 1 0 0 0 1 0.541016 1.0143 0.024671\n0.0041045 -0.0738175 0.097152 1 0 0 0 1 0 0 0 1 0.720787 0.179721 0.787626\n0.187583 0.417969 -0.272797 1 0 0 0 1 0 0 0 1 0.369083 0.929664 0.02504\n-0.182579 0.458879 -0.272709 1 0 0 0 1 0 0 0 1 0.371343 1.01116 0.025216\n-0.315809 -0.501982 -0.248891 0.00757976 -0.999948 0.00677419 0.886642 0.00358805 -0.462442 0.462394 0.00951149 0.886624 0.677222 0.058291 0.0798034\n0.323517 -0.501561 -0.247444 0.0160506 0.999553 -0.0252382 0.880553 -0.00217296 0.473942 0.473675 -0.0298307 -0.880194 0.677573 0.0574052 0.0767535\n0.323796 -0.501999 0.443289 -0.0091973 -0.999942 -0.00551684 0.895059 -0.00577244 -0.445911 0.445853 -0.00903907 0.895061 0.677285 0.0598644 0.079901\n-0.316206 -0.501343 0.444444 -0.0263973 0.998863 0.0397052 0.893254 0.0057379 0.449515 0.448776 0.0473328 -0.89239 0.677695 0.059778 0.0828898\n0.0039835 -0.002375 -0.273917 1 0 0 0 1 0 0 0 1 0.687677 0.094918 0.022801\n0.0040345 0.888591 -0.272193 1 0 0 0 1 0 0 0 1 0.749377 0.156437 0.026248\nC 23\n0 3\n0 4\n0 5\n0 8\n0 1\n0 9\n0 2\n1 3\n1 6\n1 2\n1 5\n1 4\n1 8\n1 7\n2 8\n2 5\n2 9\n2 3\n3 9\n3 8\n3 4\n4 8\n5 8\nS 4\n2\n2 0.187583 0.417969 -0.272797\n3 -0.182579 0.458879 -0.272709\n2\n0.002502 0.438424 -0.272753\n-0.993948 0.109851 0.000236296\n2\n4 -0.315809 -0.501982 -0.248891\n5 0.323517 -0.501561 -0.247444\n2\n0.00385374 -0.501771 -0.248167\n0.999997 0.000659498 0.00226465\n2\n6 0.323796 -0.501999 0.443289\n7 -0.316206 -0.501343 0.444444\n2\n0.00379493 -0.501671 0.443867\n-0.999998 0.00102414 0.00180426\n2\n8 0.0039835 -0.002375 -0.273917\n9 0.0040345 0.888591 -0.272193\n2\n0.004009 0.443108 -0.273055\n5.72412e-05 0.999998 0.00193441\nL 10\n0\n1\n0\n0\n2\n2\n2\n2\n0\n0"
}