{
    "boxes": [
        [
            -0.002512000035494566,
            -0.10251899808645248,
            0.09824199974536896,
            0.20891599357128143,
            0.7914440035820007,
            0.8888980150222778,
            0.0,
            1.0,
            0.0,
            0.0,
            0.0,
            1.0
        ],
        [
            -0.43256500363349915,
            0.20175300538539886,
            0.16006499528884888,
            0.10066299885511398,
            0.7894179821014404,
            0.08756709843873978,
            0.19228099286556244,
            0.9694820046424866,
            -0.1520950049161911,
            0.014848999679088593,
            0.1520950049161911,
            0.9882540106773376
        ],
        [
            0.41561299562454224,
            0.20131300389766693,
            0.16021700203418732,
            0.10847300291061401,
            0.7900140285491943,
            0.09797859936952591,
            0.3104510009288788,
            0.9380810260772705,
            -0.1537020057439804,
            0.024620700627565384,
            0.1537020057439804,
            0.9878100156784058
        ],
        [
            -0.42628899216651917,
            0.102633997797966,
            0.462007999420166,
            0.21575799584388733,
            0.08667200058698654,
            0.06410499662160873,
            0.0,
            1.0,
            0.0,
            0.0,
            0.0,
            1.0
        ],
        [
            -0.42628899216651917,
            -0.3880600035190582,
            0.46685099601745605,
            0.7837979793548584,
            0.07698699831962585,
            0.06410499662160873,
            0.0,
            1.0,
            0.0,
            0.0,
            0.0,
            1.0
        ],
        [
            -0.42628899216651917,
            -0.2776170074939728,
            0.0972990021109581,
            0.05167999863624573,
            0.6862180233001709,
            0.04134399816393852,
            0.0,
            1.0,
            0.0,
            0.0,
            0.0,
            1.0
        ],
        [
            -0.42628899216651917,
            -0.41066500544548035,
            -0.29384300112724304,
            0.7384330034255981,
            0.14891000092029572,
            0.06455300003290176,
            0.0,
            1.0,
            0.0,
            0.0,
            0.0,
            1.0
        ],
        [
            -0.002512000035494566,
            0.38653698563575745,
            -0.3151110112667084,
            0.07975679636001587,
            0.0935932993888855,
            0.7855380177497864,
            -1.1645200037573621e-17,
            0.9982320070266724,
            -0.05944019928574562,
            -1.2359200008452855e-17,
            0.05944019928574562,
            0.9982320070266724
        ],
        [
            -0.002512000035494566,
            0.5227940082550049,
            -0.36726999282836914,
            0.16537800431251526,
            0.08073420077562332,
            0.7855380177497864,
            -0.0,
            0.9159899950027466,
            -0.4012010097503662,
            0.0,
            0.4012010097503662,
            0.9159899950027466
        ],
        [
            -0.4189639985561371,
            0.2785769999027252,
            -0.30299800634384155,
            0.6903150081634521,
            0.12327100336551666,
            0.0878869965672493,
            0.034508101642131805,
            0.986998975276947,
            -0.15697799623012543,
            0.2058749943971634,
            0.1466819941997528,
            0.9675229787826538
        ]
    ],
    "ops": [
        [
            0,
            0,
            0,
            0,
            2,
            1,
            1,
            1,
            0,
            0,
            0,
            1,
            1,
            2,
            1,
            0,
            2,
            0,
            0,
            2,
            1,
            1,
            1
        ]
    ],
    "syms": [
        [
            0.0,
            0.9999979734420776,
            0.001894269953481853,
            -0.0,
            -0.0025122500956058502,
            0.10343699902296066,
            0.462007999420166,
            0.0
        ],
        [
            0.0,
            0.9999989867210388,
            0.001565680024214089,
            -0.00018228900444228202,
            -0.0025122500956058502,
            -0.3873960077762604,
            0.46677300333976746,
            0.0
        ],
        [
            1.0,
            -0.0018840000266209245,
            0.38373100757598877,
            -0.25006675720214844,
            -0.002512000035494566,
            0.38653698563575745,
            -0.3151110112667084,
            0.20000000298023224
        ],
        [
            0.0,
            0.9999970197677612,
            -0.0009662539814598858,
            0.0020744299981743097,
            -0.002230640035122633,
            0.2781740128993988,
            -0.3021329939365387,
            0.0
        ]
    ],
    "labels:": [
        [
            1,
            3,
            3,
            3,
            2,
            2,
            2,
            0,
            0,
            0
        ]
    ],
    "obj": 39907,
    "mat_index": 3401,
    "obbs": "N 19\n-0.002512 0.522794 -0.36727 1 0 0 0 0.401201 0.91599 0 -0.91599 0.401201 0.785538 0.0807342 0.165378\n-0.002512 -0.102519 0.098242 1 0 0 0 1 0 0 0 1 0.888898 0.208916 0.791444\n0.414502 0.277771 -0.301269 -0.0250999 0.985618 -0.167116 0.963227 0.0685782 0.25979 0.267514 -0.15445 -0.951095 0.693188 0.0907358 0.120411\n-0.418964 0.278577 -0.302998 -0.205875 -0.146682 -0.967523 0.97797 -0.0657051 -0.198137 -0.0345081 -0.986999 0.156978 0.123271 0.087887 0.690315\n-0.002512 0.011224 -0.260177 1 0 0 0 1 0 0 0 1 0.785538 0.06268 0.081512\n-0.002512 0.106876 -0.264182 1 0 0 -0 0.0758333 0.997121 0 -0.997121 0.0758333 0.785538 0.0810064 0.0620166\n-0.002512 0.201358 -0.273972 1 0 0 0 1 0 0 0 1 0.785538 0.073468 0.089392\n-0.002512 0.294735 -0.290998 1 0 0 0 0.172533 0.985004 0 -0.985004 0.172533 0.785538 0.0842166 0.0662743\n-0.002512 0.386537 -0.315111 1 1.23592e-17 1.16452e-17 -1.23592e-17 0.0594402 0.998232 1.16452e-17 -0.998232 0.0594402 0.785538 0.0935933 0.0797568\n0.421265 0.104239 0.462008 1 0 0 0 1 0 0 0 1 0.064104 0.212547 0.086672\n-0.426289 0.102634 0.462008 1 0 0 0 1 0 0 0 1 0.064105 0.215758 0.086672\n0.415613 0.201313 0.160217 -0.0246207 -0.153702 -0.98781 0.310451 0.938081 -0.153702 0.950271 -0.310451 0.0246207 0.790014 0.108473 0.0979786\n-0.432565 0.201753 0.160065 0.981228 -0.192281 0.014849 0.192281 0.969482 -0.152095 0.014849 0.152095 0.988254 0.0875671 0.100663 0.789418\n-0.426289 -0.277617 0.097299 1 0 0 0 1 0 0 0 1 0.041344 0.05168 0.686218\n0.421265 -0.277617 0.097299 1 0 0 0 1 0 0 0 1 0.041344 0.05168 0.686218\n-0.426289 -0.410665 -0.293843 1 0 0 0 1 0 0 0 1 0.064553 0.738433 0.14891\n0.421265 -0.414235 -0.293757 1 0 0 0 1 0 0 0 1 0.064552 0.730467 0.149082\n0.421265 -0.386733 0.466696 1 0 0 0 1 0 0 0 1 0.064104 0.786452 0.077296\n-0.426289 -0.38806 0.466851 1 0 0 0 1 0 0 0 1 0.064105 0.783798 0.076987\nC 75\n0 2\n0 7\n0 3\n0 8\n0 6\n1 3\n1 17\n1 15\n1 6\n1 11\n1 2\n1 16\n1 14\n1 5\n1 10\n1 13\n1 4\n1 9\n1 12\n1 18\n2 8\n2 5\n2 16\n2 6\n2 14\n2 7\n2 11\n2 4\n3 15\n3 7\n3 6\n3 13\n3 5\n3 12\n3 8\n3 4\n4 7\n4 12\n4 13\n4 5\n4 14\n4 16\n4 11\n4 6\n4 15\n5 6\n5 8\n5 12\n5 11\n5 15\n5 16\n5 7\n6 7\n6 15\n6 16\n6 11\n6 12\n6 8\n7 12\n7 11\n7 8\n8 11\n8 12\n9 11\n9 17\n10 12\n10 18\n11 16\n11 17\n12 18\n12 15\n13 15\n13 18\n14 17\n14 16\nS 6\n2\n2 0.414502 0.277771 -0.301269\n3 -0.418964 0.278577 -0.302998\n2\n-0.00223064 0.278174 -0.302133\n-0.999997 0.000966254 -0.00207443\n5\n4 -0.002512 0.011224 -0.260177\n5 -0.002512 0.106876 -0.264182\n6 -0.002512 0.201358 -0.273972\n7 -0.002512 0.294735 -0.290998\n8 -0.002512 0.386537 -0.315111\n1\n0 0 0\n0 0 0\n2\n9 0.421265 0.104239 0.462008\n10 -0.426289 0.102634 0.462008\n2\n-0.00251225 0.103437 0.462008\n-0.999998 -0.00189427 0\n2\n13 -0.426289 -0.277617 0.097299\n14 0.421265 -0.277617 0.097299\n2\n-0.002512 -0.277617 0.097299\n1 0 0\n2\n15 -0.426289 -0.410665 -0.293843\n16 0.421265 -0.414235 -0.293757\n2\n-0.00251225 -0.41245 -0.2938\n0.999991 -0.00421208 0.000101468\n2\n17 0.421265 -0.386733 0.466696\n18 -0.426289 -0.38806 0.466851\n2\n-0.00251225 -0.387396 0.466773\n-0.999999 -0.00156568 0.000182289\nL 19\n0\n1\n0\n0\n0\n0\n0\n0\n0\n3\n3\n3\n3\n2\n2\n2\n2\n2\n2"
}