{
    "boxes": [
        [
            0.004715200047940016,
            -0.07948719710111618,
            0.12514300644397736,
            0.05936810001730919,
            0.7700459957122803,
            0.6809250116348267,
            0.0009438219713047147,
            0.9990630149841309,
            -0.04327559843659401,
            2.0431800294318236e-05,
            0.04327559843659401,
            0.9990630149841309
        ],
        [
            -0.39389699697494507,
            0.26294100284576416,
            0.1671929955482483,
            0.08107700198888779,
            0.729610025882721,
            0.1239359974861145,
            0.0,
            1.0,
            0.0,
            0.0,
            0.0,
            1.0
        ],
        [
            -0.3606399893760681,
            0.08176189661026001,
            0.46621400117874146,
            0.3280999958515167,
            0.09860940277576447,
            0.07576630264520645,
            -0.061824798583984375,
            0.9975569844245911,
            0.032531801611185074,
            0.023076700046658516,
            -0.03115670010447502,
            0.9992480278015137
        ],
        [
            0.3484320044517517,
            -0.3281230032444,
            -0.2607699930667877,
            0.4934439957141876,
            0.1735980063676834,
            0.08773700147867203,
            0.0,
            1.0,
            0.0,
            0.0,
            0.0,
            1.0
        ],
        [
            -0.35997799038887024,
            -0.5790929794311523,
            0.009418499656021595,
            0.13554100692272186,
            1.3806899785995483,
            0.056099001318216324,
            0.0,
            1.0,
            0.0,
            0.0,
            0.0,
            1.0
        ],
        [
            -0.35572999715805054,
            -0.33013200759887695,
            0.11672800034284592,
            0.09952100366353989,
            0.6248160004615784,
            0.0645970031619072,
            0.0,
            1.0,
            0.0,
            0.0,
            0.0,
            1.0
        ],
        [
            0.012123499996960163,
            -0.3288779854774475,
            -0.24222899973392487,
            0.09310699999332428,
            0.08916699886322021,
            0.6278970241546631,
            0.0,
            1.0,
            0.0,
            0.0,
            0.0,
            1.0
        ],
        [
            -0.3443939983844757,
            -0.3142400085926056,
            0.45612600445747375,
            0.4788619875907898,
            0.12183400243520737,
            0.08726699650287628,
            0.0,
            1.0,
            0.0,
            0.0,
            0.0,
            1.0
        ],
        [
            -0.34441500902175903,
            0.37958601117134094,
            -0.24490299820899963,
            1.0219500064849854,
            0.14419400691986084,
            0.087226003408432,
            0.0,
            1.0,
            0.0,
            0.0,
            0.0,
            1.0
        ],
        [
            0.008774000220000744,
            0.12169399857521057,
            -0.23221400380134583,
            0.10191799700260162,
            0.0855339989066124,
            0.6607040166854858,
            0.0,
            1.0,
            0.0,
            0.0,
            0.0,
            1.0
        ],
        [
            -0.24474699795246124,
            0.45769399404525757,
            -0.25181901454925537,
            0.6245440244674683,
            0.09151989966630936,
            0.08660150319337845,
            -0.006076680030673742,
            0.9970059990882874,
            -0.07708659768104553,
            0.02453259937465191,
            0.07721339911222458,
            0.9967129826545715
        ]
    ],
    "ops": [
        [
            0,
            0,
            0,
            1,
            2,
            1,
            0,
            0,
            0,
            1,
            1,
            2,
            0,
            2,
            0,
            2,
            1,
            1,
            1,
            0,
            2,
            0,
            2,
            0,
            2,
            1,
            1,
            1
        ]
    ],
    "syms": [
        [
            0.0,
            0.9999989867210388,
            -0.0007129479781724513,
            0.0010138599900528789,
            0.0018726199632510543,
            0.2626590132713318,
            0.16759400069713593,
            0.0
        ],
        [
            0.0,
            0.9993839859962463,
            0.008461459539830685,
            -0.034046001732349396,
            0.00635500019416213,
            -0.33101901412010193,
            -0.24911700189113617,
            0.0
        ],
        [
            0.0,
            -0.015254800207912922,
            -0.0075873699970543385,
            0.9998549818992615,
            0.006694999989122152,
            -0.33157798647880554,
            0.11357399821281433,
            0.0
        ],
        [
            0.0,
            0.9999160170555115,
            0.011884599924087524,
            -0.005122070200741291,
            -0.001983500085771084,
            -0.3101699948310852,
            0.45437198877334595,
            0.0
        ],
        [
            0.0,
            0.9995409846305847,
            0.02446660026907921,
            0.01784300059080124,
            0.005904859863221645,
            0.3881610035896301,
            -0.23864899575710297,
            0.0
        ],
        [
            0.0,
            -0.008554330095648766,
            0.9982609748840332,
            -0.05831719934940338,
            0.0058884997852146626,
            0.4584220051765442,
            -0.25188499689102173,
            0.0
        ],
        [
            1.0,
            0.31425875425338745,
            0.33712148666381836,
            -0.18829624354839325,
            0.25307199358940125,
            0.45154500007629395,
            -0.2512510120868683,
            0.20000000298023224
        ]
    ],
    "labels:": [
        [
            1,
            3,
            3,
            2,
            2,
            2,
            2,
            2,
            0,
            0,
            0
        ]
    ],
    "obj": 39933,
    "mat_index": 3412,
    "obbs": "N 24\n0.008774 0.121694 -0.232214 1 0 0 0 1 0 0 0 1 0.660704 0.101918 0.085534\n0.003003 0.79515 -0.271556 1 0 0 0 1 0 0 0 1 0.672258 0.100477 0.085787\n0.0047152 -0.0794872 0.125143 1 -0.000943822 2.04318e-05 0.000943822 0.999063 -0.0432756 2.04318e-05 0.0432756 0.999063 0.680925 0.0593681 0.770046\n-0.244747 0.457694 -0.251819 -0.00607668 0.997006 -0.0770866 0.999681 0.00416557 -0.0249283 -0.0245326 -0.0772134 -0.996713 0.624544 0.0866015 0.0915199\n-0.123389 0.458788 -0.25101 -0.229438 -0.0733903 -0.970553 0.973315 -0.0215217 -0.228463 -0.00412097 -0.997071 0.0763698 0.097705 0.0978011 0.620796\n0.00244609 0.460557 -0.251851 0.00514529 -0.999148 0.0409561 0.980407 -0.00302486 -0.196961 0.196917 0.041167 0.979555 0.615973 0.0878662 0.0963498\n0.127996 0.452198 -0.251862 1 0 0 0 1 0 0 0 1 0.088676 0.626827 0.116587\n0.253072 0.451545 -0.251251 0.00440576 0.99805 -0.0622636 0.999938 -0.00503152 -0.00989697 -0.010191 -0.0622161 -0.998011 0.621774 0.0783861 0.082555\n0.397642 0.262377 0.167996 -0.00018647 0.00718128 -0.999974 -0.0518965 0.998627 0.00718128 0.998652 0.0518965 0.00018647 0.728102 0.072228 0.126708\n-0.393897 0.262941 0.167193 1 0 0 0 1 0 0 0 1 0.123936 0.081077 0.72961\n0.364251 -0.579093 0.0093725 1 0 0 0 1 0 0 0 1 0.056099 0.135541 1.38078\n-0.359978 -0.579093 0.0094185 1 0 0 0 1 0 0 0 1 0.056099 0.135541 1.38069\n0.364322 0.072624 0.469466 1 0 0 0 1 0 0 0 1 0.086669 0.340122 0.093456\n-0.36064 0.0817619 0.466214 0.0618248 -0.997557 -0.0325318 0.99782 0.062529 -0.021094 0.0230767 -0.0311567 0.999248 0.3281 0.0757663 0.0986094\n0.0012665 -0.334278 0.469377 1 0 0 0 1 0 0 0 1 0.645227 0.099145 0.081319\n-0.35573 -0.330132 0.116728 1 0 0 0 1 0 0 0 1 0.064597 0.099521 0.624816\n0.0121235 -0.328878 -0.242229 1 0 0 0 1 0 0 0 1 0.627897 0.093107 0.089167\n0.361754 -0.32811 0.11402 1 0 0 0 1 0 0 0 1 0.061069 0.09463 0.626078\n-0.335722 -0.333916 -0.237463 1 0 0 0 1 0 0 0 1 0.104613 0.477287 0.153936\n0.348432 -0.328123 -0.26077 1 0 0 0 1 0 0 0 1 0.087737 0.493444 0.173598\n0.340427 -0.3061 0.452618 1 0 0 0 1 0 0 0 1 0.103745 0.489459 0.114836\n-0.344394 -0.31424 0.456126 1 0 0 0 1 0 0 0 1 0.087267 0.478862 0.121834\n0.356225 0.396736 -0.232396 0.0331191 -0.0711109 -0.996918 0.999426 -0.00475103 0.0335413 -0.00712154 -0.997457 0.0709128 0.129459 0.0788806 0.995688\n-0.344415 0.379586 -0.244903 1 0 0 0 1 0 0 0 1 0.087226 1.02195 0.144194\nC 91\n0 7\n0 4\n0 18\n0 5\n0 8\n0 2\n0 22\n0 19\n0 6\n0 9\n0 3\n0 23\n1 6\n1 5\n1 3\n1 23\n1 4\n1 7\n1 22\n2 22\n2 5\n2 6\n2 17\n2 18\n2 12\n2 23\n2 7\n2 19\n2 13\n2 20\n2 3\n2 14\n2 4\n2 16\n2 21\n2 15\n3 23\n3 18\n3 5\n3 9\n3 4\n4 5\n4 6\n4 9\n4 23\n5 7\n5 6\n6 7\n6 8\n6 22\n7 19\n7 22\n7 8\n8 12\n8 22\n9 13\n9 23\n10 17\n10 14\n10 19\n10 20\n10 16\n11 21\n11 15\n11 16\n11 14\n11 18\n12 17\n12 20\n12 14\n13 15\n13 21\n13 14\n14 17\n14 15\n14 21\n14 20\n15 16\n15 23\n15 21\n15 18\n16 22\n16 19\n16 23\n16 17\n16 18\n17 20\n17 22\n17 19\n18 23\n19 22\nS 10\n2\n0 0.008774 0.121694 -0.232214\n1 0.003003 0.79515 -0.271556\n2\n0.0058885 0.458422 -0.251885\n-0.00855433 0.998261 -0.0583172\n5\n3 -0.244747 0.457694 -0.251819\n4 -0.123389 0.458788 -0.25101\n5 0.00244609 0.460557 -0.251851\n6 0.127996 0.452198 -0.251862\n7 0.253072 0.451545 -0.251251\n1\n0 0 0\n0 0 0\n2\n8 0.397642 0.262377 0.167996\n9 -0.393897 0.262941 0.167193\n2\n0.00187262 0.262659 0.167594\n-0.999999 0.000712948 -0.00101386\n2\n10 0.364251 -0.579093 0.0093725\n11 -0.359978 -0.579093 0.0094185\n2\n0.002136 -0.579093 0.0093955\n-1 0 6.35158e-05\n2\n12 0.364322 0.072624 0.469466\n13 -0.36064 0.0817619 0.466214\n2\n0.00184114 0.0771929 0.46784\n-0.999911 0.0126035 -0.00448502\n2\n15 -0.35573 -0.330132 0.116728\n17 0.361754 -0.32811 0.11402\n2\n0.0030125 -0.329121 0.115374\n0.999989 0.00281885 -0.00377426\n2\n14 0.0012665 -0.334278 0.469377\n16 0.0121235 -0.328878 -0.242229\n2\n0.006695 -0.331578 0.113574\n0.0152548 0.00758737 -0.999855\n2\n18 -0.335722 -0.333916 -0.237463\n19 0.348432 -0.328123 -0.26077\n2\n0.006355 -0.331019 -0.249117\n0.999384 0.00846146 -0.034046\n2\n20 0.340427 -0.3061 0.452618\n21 -0.344394 -0.31424 0.456126\n2\n-0.0019835 -0.31017 0.454372\n-0.999916 -0.0118846 0.00512207\n2\n22 0.356225 0.396736 -0.232396\n23 -0.344415 0.379586 -0.244903\n2\n0.00590486 0.388161 -0.238649\n-0.999541 -0.0244666 -0.017843\nL 24\n0\n0\n1\n0\n0\n0\n0\n0\n3\n3\n2\n2\n3\n3\n2\n2\n2\n2\n2\n2\n2\n2\n0\n0"
}