{
    "boxes": [
        [
            -0.002618500031530857,
            -0.09548299759626389,
            0.3476310074329376,
            0.21604999899864197,
            0.9021289944648743,
            0.6913650035858154,
            0.0,
            1.0,
            0.0,
            0.0,
            0.0,
            1.0
        ],
        [
            -0.002618500031530857,
            -0.19276900589466095,
            -0.1619109958410263,
            0.0384880006313324,
            0.03848699852824211,
            0.6913650035858154,
            0.0,
            1.0,
            0.0,
            0.0,
            0.0,
            1.0
        ],
        [
            -0.32698699831962585,
            -0.28232601284980774,
            -0.02940250001847744,
            0.2584579885005951,
            1.5109599828720093,
            0.024077000096440315,
            0.0,
            1.0,
            0.0,
            0.0,
            0.0,
            1.0
        ],
        [
            -0.3270780146121979,
            0.2766759991645813,
            -0.41780200600624084,
            0.16406400501728058,
            0.9320669770240784,
            0.024529200047254562,
            0.004167280159890652,
            0.7087590098381042,
            0.7054380178451538,
            -0.0008378700003959239,
            -0.7054420113563538,
            0.7087680101394653
        ],
        [
            -0.0016242299461737275,
            0.24134300649166107,
            -0.42023900151252747,
            0.9508619904518127,
            0.11681400239467621,
            0.5693759918212891,
            -0.0006683369865640998,
            0.7581120133399963,
            -0.6521239876747131,
            -0.0014564800076186657,
            0.6521220207214355,
            0.7581120133399963
        ],
        [
            -0.002618500031530857,
            0.5928040146827698,
            -0.6990290284156799,
            0.07697500288486481,
            0.07697500288486481,
            0.6913650035858154,
            0.0,
            1.0,
            0.0,
            0.0,
            0.0,
            1.0
        ]
    ],
    "ops": [
        [
            0,
            0,
            0,
            2,
            1,
            1,
            0,
            2,
            0,
            0,
            1,
            1,
            1
        ]
    ],
    "syms": [
        [
            0.0,
            0.9999790191650391,
            -0.006407409906387329,
            -3.391789869056083e-05,
            -0.002681999932974577,
            -0.2844040095806122,
            -0.029413500800728798,
            0.0
        ],
        [
            0.0,
            0.9999989867210388,
            -0.0006254729814827442,
            0.0008364039822481573,
            -0.0027673100121319294,
            0.2764739990234375,
            -0.41753101348876953,
            0.0
        ]
    ],
    "labels:": [
        [
            1,
            2,
            2,
            0,
            0,
            0
        ]
    ],
    "obj": 39944,
    "mat_index": 3416,
    "obbs": "N 8\n-0.00162423 0.241343 -0.420239 0.999999 0.00145648 0.000668337 -0.00145648 0.652122 0.758112 0.000668337 -0.758112 0.652124 0.569376 0.116814 0.950862\n-0.0026185 0.592804 -0.699029 1 0 0 0 1 0 0 0 1 0.691365 0.076975 0.076975\n-0.0026185 -0.095483 0.347631 1 0 0 0 1 0 0 0 1 0.691365 0.21605 0.902129\n0.321544 0.276271 -0.41726 0.00108787 0.705856 -0.708354 0.999993 -0.00330887 -0.00176144 -0.00358717 -0.708347 -0.705855 0.933467 0.0247433 0.164384\n-0.327078 0.276676 -0.417802 0.00083787 0.705442 -0.708768 0.999991 -0.0035447 -0.00234592 -0.00416728 -0.708759 -0.705438 0.932067 0.0245292 0.164064\n-0.0026185 -0.192769 -0.161911 1 0 0 0 1 0 0 0 1 0.691365 0.038488 0.038487\n-0.326987 -0.282326 -0.0294025 1 0 0 0 1 0 0 0 1 0.024077 0.258458 1.51096\n0.321624 -0.286482 -0.0294245 1 0 0 0 1 0 0 0 1 0.024077 0.250146 1.51096\nC 20\n0 1\n0 7\n0 6\n0 5\n0 4\n0 3\n0 2\n1 3\n1 4\n2 7\n2 6\n2 4\n2 3\n2 5\n3 7\n3 5\n4 6\n4 5\n5 6\n5 7\nS 2\n2\n3 0.321544 0.276271 -0.41726\n4 -0.327078 0.276676 -0.417802\n2\n-0.00276731 0.276474 -0.417531\n-0.999999 0.000625473 -0.000836404\n2\n6 -0.326987 -0.282326 -0.0294025\n7 0.321624 -0.286482 -0.0294245\n2\n-0.002682 -0.284404 -0.0294135\n0.999979 -0.00640741 -3.39179e-05\nL 8\n0\n0\n1\n0\n0\n2\n2\n2"
}