{
    "boxes": [
        [
            0.004532520193606615,
            -0.17678600549697876,
            0.3053939938545227,
            0.13495999574661255,
            0.6715620160102844,
            0.8118600249290466,
            0.005324440076947212,
            0.9673680067062378,
            -0.25332000851631165,
            0.000685580016579479,
            0.25332000851631165,
            0.96738201379776
        ],
        [
            -0.4265350103378296,
            0.07675720006227493,
            0.10902299731969833,
            0.17682500183582306,
            0.9356309771537781,
            0.14979900419712067,
            0.19559499621391296,
            0.9523500204086304,
            0.23403400182724,
            0.017621900886297226,
            -0.24201799929141998,
            0.9701120257377625
        ],
        [
            0.01114100031554699,
            -0.6162809729576111,
            -0.19654899835586548,
            0.035677000880241394,
            0.10940200090408325,
            0.7965940237045288,
            0.0,
            1.0,
            0.0,
            0.0,
            0.0,
            1.0
        ],
        [
            0.004545500036329031,
            -0.24054400622844696,
            0.5295600295066833,
            0.08183900266885757,
            0.03375599905848503,
            0.7891110181808472,
            0.0,
            1.0,
            0.0,
            0.0,
            0.0,
            1.0
        ],
        [
            -0.4348509907722473,
            -0.33120301365852356,
            0.5172600150108337,
            0.5051659941673279,
            0.10384400188922882,
            0.1033329963684082,
            0.017531100660562515,
            0.9997879862785339,
            0.010811000131070614,
            0.017339900135993958,
            -0.011115100234746933,
            0.9997879862785339
        ],
        [
            -0.4319550096988678,
            -0.5994830131530762,
            0.1414799988269806,
            0.08343590050935745,
            0.7885450124740601,
            0.10240200161933899,
            -0.05182709917426109,
            0.9984269738197327,
            -0.021379299461841583,
            -0.0005544489831663668,
            0.021379299461841583,
            0.999770998954773
        ],
        [
            0.004567159805446863,
            0.2685779929161072,
            -0.2669390141963959,
            1.0976099967956543,
            0.12638700008392334,
            0.795117974281311,
            0.0010678899707272649,
            0.8994539976119995,
            -0.43701300024986267,
            0.0017061199760064483,
            0.4370110034942627,
            0.8994539976119995
        ],
        [
            -0.003173429984599352,
            0.7236199975013733,
            -0.4989520013332367,
            0.10340499877929688,
            0.031794801354408264,
            0.6385779976844788,
            0.0008763889782130718,
            0.9962120056152344,
            -0.08694969862699509,
            0.0009562110062688589,
            0.08694890141487122,
            0.9962120056152344
        ],
        [
            -0.0020830000285059214,
            0.5273550152778625,
            -0.45793798565864563,
            0.12393499910831451,
            0.03311169892549515,
            0.6408389806747437,
            0.0059388200752437115,
            0.9539870023727417,
            -0.29978999495506287,
            0.008091229945421219,
            0.2997390031814575,
            0.9539870023727417
        ],
        [
            -0.3618760108947754,
            0.23692399263381958,
            -0.28349700570106506,
            1.1678600311279297,
            0.12085200101137161,
            0.1292629987001419,
            -0.0011138400295749307,
            0.8908119797706604,
            -0.45437100529670715,
            -0.059682898223400116,
            0.45350199937820435,
            0.8892539739608765
        ]
    ],
    "ops": [
        [
            0,
            0,
            2,
            1,
            0,
            0,
            0,
            0,
            1,
            2,
            1,
            1,
            1,
            0,
            0,
            1,
            0,
            0,
            2,
            1,
            1,
            1
        ]
    ],
    "syms": [
        [
            0.0,
            0.9999889731407166,
            -0.0021778400987386703,
            -0.004082479979842901,
            0.005397220142185688,
            0.07581660151481628,
            0.10726000368595123,
            0.0
        ],
        [
            0.0,
            0.9994750022888184,
            0.029079299420118332,
            0.014277799986302853,
            0.0037495798896998167,
            -0.3184419870376587,
            0.5235249996185303,
            0.0
        ],
        [
            0.0,
            0.9999709725379944,
            0.0033797500655055046,
            -0.006763359997421503,
            -0.006529579870402813,
            0.2381249964237213,
            -0.2859010100364685,
            0.0
        ]
    ],
    "labels:": [
        [
            1,
            3,
            2,
            2,
            2,
            2,
            0,
            0,
            0,
            0
        ]
    ],
    "obj": 40023,
    "mat_index": 3456,
    "obbs": "N 14\n0.00456716 0.268578 -0.266939 0.999998 -0.00170612 -0.00106789 0.00170612 0.437011 0.899454 -0.00106789 -0.899454 0.437013 0.795118 0.126387 1.09761\n-0.00317343 0.72362 -0.498952 0.999999 -0.000956211 -0.000876389 0.000956211 0.0869489 0.996212 -0.000876389 -0.996212 0.0869497 0.638578 0.0317948 0.103405\n0.437329 0.0748759 0.105496 -0.0104296 -0.975072 -0.221641 0.999808 -0.0138505 0.0138855 -0.0166092 -0.221454 0.975029 0.164556 0.123118 0.927559\n-0.426535 0.0767572 0.109023 -0.195595 -0.95235 -0.234034 0.980527 -0.185624 -0.0641196 0.0176219 -0.242018 0.970112 0.176825 0.149799 0.935631\n0.00453252 -0.176786 0.305394 0.999986 -0.00532444 0.00068558 0.00532444 0.967368 -0.25332 0.00068558 0.25332 0.967382 0.81186 0.13496 0.671562\n0.348817 0.239326 -0.288304 0.00137828 0.896049 -0.443953 0.998939 -0.0216688 -0.0406339 -0.0460299 -0.443426 -0.895128 1.15997 0.134971 0.114913\n-0.361876 0.236924 -0.283497 -0.00111384 0.890812 -0.454371 0.998217 0.0281087 0.0526611 0.0596829 -0.453502 -0.889254 1.16786 0.129263 0.120852\n0.0045455 -0.240544 0.52956 1 0 0 0 1 0 0 0 1 0.789111 0.081839 0.033756\n-0.002083 0.527355 -0.457938 0.99995 -0.00809123 -0.00593882 0.00809123 0.299739 0.953987 -0.00593882 -0.953987 0.29979 0.640839 0.0331117 0.123935\n-0.434851 -0.331203 0.51726 0.999696 -0.0173399 -0.0175311 0.0173399 -0.0111151 0.999788 -0.0175311 -0.999788 -0.010811 0.103333 0.103844 0.505166\n0.44235 -0.305681 0.529791 1 0 0 0 1 0 0 0 1 0.097855 0.50743 0.080696\n0.011141 -0.616281 -0.196549 1 0 0 0 1 0 0 0 1 0.796594 0.035677 0.109402\n0.440204 -0.600556 0.143314 0.999999 -0.00131503 2.00099e-05 0.00131503 0.999536 -0.0304255 2.00099e-05 0.0304255 0.999537 0.10218 0.0873256 0.792359\n-0.431955 -0.599483 0.14148 0.000554449 -0.0213793 -0.999771 -0.0518271 0.998427 -0.0213793 0.998656 0.0518271 -0.000554449 0.788545 0.0834359 0.102402\nC 35\n0 2\n0 3\n0 4\n0 5\n0 8\n0 1\n0 6\n1 6\n1 5\n1 8\n2 8\n2 5\n2 10\n2 7\n2 4\n3 7\n3 6\n3 9\n3 8\n3 4\n4 7\n4 12\n4 9\n4 13\n4 10\n4 5\n4 6\n5 8\n6 8\n7 10\n7 9\n9 13\n10 12\n11 13\n11 12\nS 4\n2\n2 0.437329 0.0748759 0.105496\n3 -0.426535 0.0767572 0.109023\n2\n0.00539722 0.0758166 0.10726\n-0.999989 0.00217784 0.00408248\n2\n5 0.348817 0.239326 -0.288304\n6 -0.361876 0.236924 -0.283497\n2\n-0.00652958 0.238125 -0.285901\n-0.999971 -0.00337975 0.00676336\n2\n9 -0.434851 -0.331203 0.51726\n10 0.44235 -0.305681 0.529791\n2\n0.00374958 -0.318442 0.523525\n0.999475 0.0290793 0.0142778\n2\n12 0.440204 -0.600556 0.143314\n13 -0.431955 -0.599483 0.14148\n2\n0.00412465 -0.60002 0.142397\n-0.999997 0.00123075 -0.00210255\nL 14\n0\n0\n3\n3\n1\n0\n0\n2\n0\n2\n2\n2\n2\n2"
}