{
    "boxes": [
        [
            -0.020391099154949188,
            -0.027747100219130516,
            0.22416600584983826,
            0.18134400248527527,
            0.7503060102462769,
            0.8310379981994629,
            0.007669220212846994,
            0.9997259974479675,
            -0.02212890051305294,
            -0.10444100201129913,
            0.02280930057168007,
            0.9942690134048462
        ],
        [
            -0.3417139947414398,
            -0.41874900460243225,
            -0.22484000027179718,
            0.7162089943885803,
            0.02651290036737919,
            0.04525880143046379,
            0.07798440009355545,
            0.9694820046424866,
            0.23242899775505066,
            -0.1455720067024231,
            -0.21956700086593628,
            0.964676022529602
        ],
        [
            -0.43173399567604065,
            -0.4201759994029999,
            0.4603070020675659,
            0.7035580277442932,
            0.025010300800204277,
            0.038683000952005386,
            0.10934799909591675,
            0.9920799732208252,
            -0.06181430071592331,
            -0.16259700059890747,
            0.07920189946889877,
            0.9835090041160583
        ],
        [
            -0.4160139858722687,
            -0.7612749934196472,
            0.08742550015449524,
            0.01997240073978901,
            0.8039039969444275,
            0.05540519952774048,
            0.08186270296573639,
            0.9965800046920776,
            0.011272099800407887,
            -0.10463699698448181,
            -0.002653379924595356,
            0.9945070147514343
        ],
        [
            0.03482870012521744,
            0.273840993642807,
            -0.2765919864177704,
            0.7476119995117188,
            0.2359739989042282,
            0.8169419765472412,
            0.01743209920823574,
            0.9395310282707214,
            -0.3420200049877167,
            -0.1243550032377243,
            0.34145399928092957,
            0.9316359758377075
        ]
    ],
    "ops": [
        [
            0,
            0,
            0,
            0,
            1,
            1,
            2,
            1,
            0,
            1
        ]
    ],
    "syms": [
        [
            0.0,
            0.9920290112495422,
            0.0027731999289244413,
            0.12597599625587463,
            0.030601700767874718,
            -0.41770800948143005,
            -0.17756099998950958,
            0.0
        ]
    ],
    "labels:": [
        [
            1,
            2,
            2,
            2,
            0
        ]
    ],
    "obj": 2552,
    "mat_index": 346,
    "obbs": "N 8\n0.0348287 0.273841 -0.276592 -0.992085 -0.0262918 -0.122788 -0.124355 0.341454 0.931636 0.0174321 0.939531 -0.34202 0.816942 0.235974 0.747612\n-0.0203911 -0.0277471 0.224166 -0.994502 0.00531411 -0.104587 0.00766922 0.999726 -0.0221289 0.104441 -0.0228093 -0.994269 0.831038 0.181344 0.750306\n-0.431734 -0.420176 0.460307 0.109348 0.99208 -0.0618143 -0.162597 0.0792019 0.983509 0.980615 -0.0974939 0.16997 0.703558 0.0250103 0.038683\n-0.341714 -0.418749 -0.22484 0.0779844 0.969482 0.232429 -0.145572 -0.219567 0.964676 0.986269 -0.109065 0.124007 0.716209 0.0265129 0.0452588\n0.402917 -0.416667 -0.130281 -0.140781 0.967778 0.208775 -0.0712623 -0.220233 0.972841 0.987473 0.122079 0.0999707 0.713903 0.0229829 0.0488452\n0.312306 -0.413937 0.557756 -0.986968 -0.0889634 -0.134092 -0.140825 0.0742775 0.987244 -0.0778686 0.993261 -0.0858377 0.0401799 0.0237428 0.690977\n0.393725 -0.760239 0.194249 -0.987886 -0.115581 -0.103544 -0.114433 0.993286 -0.0169733 0.104811 -0.00491875 -0.99448 0.0559646 0.0232874 0.810777\n-0.416014 -0.761275 0.0874255 -0.991135 0.0825925 -0.104062 0.0818627 0.99658 0.0112721 0.104637 0.00265338 -0.994507 0.0554052 0.0199724 0.803904\nC 11\n0 1\n0 4\n0 3\n1 2\n1 3\n1 4\n1 5\n2 7\n3 7\n4 6\n5 6\nS 3\n2\n2 -0.431734 -0.420176 0.460307\n5 0.312306 -0.413937 0.557756\n2\n-0.059714 -0.417056 0.509032\n0.991498 0.00831477 0.129859\n2\n3 -0.341714 -0.418749 -0.22484\n4 0.402917 -0.416667 -0.130281\n2\n0.0306017 -0.417708 -0.177561\n0.992029 0.0027732 0.125976\n2\n6 0.393725 -0.760239 0.194249\n7 -0.416014 -0.761275 0.0874255\n2\n-0.0111444 -0.760757 0.140837\n-0.991409 -0.00126878 -0.13079\nL 8\n0\n1\n2\n2\n2\n2\n2\n2"
}