{
    "boxes": [
        [
            0.011910799890756607,
            -0.1436769962310791,
            0.12622299790382385,
            0.06763630360364914,
            0.6815009713172913,
            0.8183929920196533,
            0.0010322900488972664,
            0.9986749887466431,
            0.05145920068025589,
            -2.6577999960863963e-05,
            -0.05145920068025589,
            0.9986749887466431
        ],
        [
            -0.48142901062965393,
            0.11559700220823288,
            0.1598220020532608,
            0.5470409989356995,
            0.4335919916629791,
            0.09342789649963379,
            -0.2794620096683502,
            0.9555609822273254,
            0.0938280001282692,
            -0.027086200192570686,
            -0.10552900284528732,
            0.9940469861030579
        ],
        [
            0.29871198534965515,
            -0.47762399911880493,
            -0.1565449982881546,
            0.7305660247802734,
            0.05462479963898659,
            0.2084999978542328,
            -0.21850800514221191,
            0.9510560035705566,
            0.21850800514221191,
            0.7071070075035095,
            -6.034800037468813e-08,
            0.7071070075035095
        ],
        [
            -0.45559701323509216,
            -0.49352699518203735,
            0.29063600301742554,
            0.7054970264434814,
            0.05462399870157242,
            0.20678499341011047,
            0.30901700258255005,
            0.9510570168495178,
            -1.0961700436240562e-09,
            9.027489866753058e-09,
            -1.7806299767997302e-09,
            1.0
        ],
        [
            0.009384499862790108,
            0.2471739947795868,
            -0.2069689929485321,
            0.42162200808525085,
            0.4501830041408539,
            1.1030399799346924,
            0.0,
            1.0,
            0.0,
            0.0,
            0.0,
            1.0
        ]
    ],
    "ops": [
        [
            0,
            0,
            2,
            1,
            0,
            0,
            1,
            2,
            1,
            0,
            1
        ]
    ],
    "syms": [
        [
            0.0,
            0.9999889731407166,
            0.002388380002230406,
            0.004037570208311081,
            0.007540460210293531,
            0.11676499992609024,
            0.16179700195789337,
            0.0
        ],
        [
            0.0,
            0.999904990196228,
            -2.2569100110558793e-05,
            -0.01378559973090887,
            -0.0017843199893832207,
            -0.477618008852005,
            -0.15240199863910675,
            0.0
        ]
    ],
    "labels:": [
        [
            1,
            3,
            2,
            2,
            0
        ]
    ],
    "obj": 40059,
    "mat_index": 3471,
    "obbs": "N 8\n0.0093845 0.247174 -0.206969 1 0 0 0 1 0 0 0 1 1.10304 0.421622 0.450183\n0.49651 0.117933 0.163771 -0.273592 -0.956414 -0.102073 0.961771 -0.2707 -0.0414524 0.0120144 -0.109512 0.993913 0.542092 0.0977612 0.422416\n-0.481429 0.115597 0.159822 0.279462 -0.955561 -0.093828 0.959775 0.275257 0.0553737 -0.0270862 -0.105529 0.994047 0.547041 0.0934279 0.433592\n0.0119108 -0.143677 0.126223 0.999999 -0.00103229 -2.6578e-05 0.00103229 0.998675 0.0514592 -2.6578e-05 -0.0514592 0.998675 0.818393 0.0676363 0.681501\n0.298712 -0.477624 -0.156545 0.672499 0.309017 -0.672498 0.707107 -6.0348e-08 0.707107 0.218508 -0.951056 -0.218508 0.2085 0.0546248 0.730566\n-0.30228 -0.477611 -0.148259 0.218752 0.950995 0.218532 -0.706966 9.90073e-05 0.707247 0.672567 -0.309206 0.672343 0.730574 0.0547383 0.208624\n0.444862 -0.492683 0.301221 0.951057 0.309017 -6.86156e-17 0 2.22045e-16 1 0.309017 -0.951057 2.11177e-16 0.206784 0.054625 0.70372\n-0.455597 -0.493527 0.290636 0.309017 0.951057 -1.09617e-09 9.02749e-09 -1.78063e-09 1 0.951057 -0.309017 -9.1359e-09 0.705497 0.054624 0.206785\nC 15\n0 1\n0 5\n0 4\n0 3\n0 2\n1 3\n1 4\n1 6\n2 7\n2 5\n2 3\n3 6\n3 7\n3 4\n3 5\nS 3\n2\n1 0.49651 0.117933 0.163771\n2 -0.481429 0.115597 0.159822\n2\n0.00754046 0.116765 0.161797\n-0.999989 -0.00238838 -0.00403757\n2\n4 0.298712 -0.477624 -0.156545\n5 -0.30228 -0.477611 -0.148259\n2\n-0.00178432 -0.477618 -0.152402\n-0.999905 2.25691e-05 0.0137856\n2\n6 0.444862 -0.492683 0.301221\n7 -0.455597 -0.493527 0.290636\n2\n-0.0053675 -0.493105 0.295929\n-0.99993 -0.000938134 -0.0117549\nL 8\n0\n3\n3\n1\n2\n2\n2\n2"
}