{
    "boxes": [
        [
            0.0021619100589305162,
            -0.037659600377082825,
            0.15974700450897217,
            0.12309099733829498,
            0.7265030145645142,
            0.7829939723014832,
            0.0017863899702206254,
            0.9995269775390625,
            -0.03069010004401207,
            2.7418800527811982e-05,
            0.03069010004401207,
            0.9995290040969849
        ],
        [
            -0.32898199558258057,
            -0.05283840000629425,
            0.18432499468326569,
            0.08734499663114548,
            0.6773359775543213,
            0.0991344004869461,
            -0.24387100338935852,
            0.9694399833679199,
            -0.026697099208831787,
            0.04745420068502426,
            0.03942370042204857,
            0.9980949759483337
        ],
        [
            -0.37144601345062256,
            -0.40685099363327026,
            0.5046039819717407,
            0.7430679798126221,
            0.03986470028758049,
            0.0547683984041214,
            0.05597290024161339,
            0.9984179735183716,
            0.005426490213721991,
            -0.048500701785087585,
            -0.002709649968892336,
            0.9988189935684204
        ],
        [
            -0.3815610110759735,
            -0.417043000459671,
            -0.23824399709701538,
            0.7177199721336365,
            0.033806901425123215,
            0.051978401839733124,
            0.030680200085043907,
            0.957368016242981,
            0.2872369885444641,
            0.061684198677539825,
            -0.28863799571990967,
            0.9554489850997925
        ],
        [
            -0.39846301078796387,
            -0.7658979892730713,
            0.08431349694728851,
            0.04429600015282631,
            0.8440210223197937,
            0.04140099883079529,
            0.0,
            1.0,
            0.0,
            0.0,
            0.0,
            1.0
        ],
        [
            0.001936570042744279,
            0.32523998618125916,
            -0.2839129865169525,
            0.6861299872398376,
            0.07760480046272278,
            0.7815830111503601,
            -0.0013766400516033173,
            0.9768030047416687,
            -0.21413399279117584,
            -0.001711110002361238,
            0.21413199603557587,
            0.9768030047416687
        ]
    ],
    "ops": [
        [
            0,
            0,
            0,
            1,
            0,
            0,
            1,
            1,
            2,
            1,
            0,
            1
        ]
    ],
    "syms": [
        [
            0.0,
            0.9999610185623169,
            0.004384620115160942,
            -0.007629480212926865,
            0.009628890082240105,
            -0.05135359987616539,
            0.18174099922180176,
            0.0
        ]
    ],
    "labels:": [
        [
            1,
            2,
            2,
            2,
            2,
            0
        ]
    ],
    "obj": 40063,
    "mat_index": 3472,
    "obbs": "N 10\n0.00193657 0.32524 -0.283913 0.999998 0.00171111 0.00137664 -0.00171111 0.214132 0.976803 0.00137664 -0.976803 0.214134 0.781583 0.0776048 0.68613\n0.34824 -0.0498689 0.179158 0.0344257 -0.0463443 -0.998332 0.918184 -0.392997 0.0499055 -0.394655 -0.918371 0.0290234 0.689177 0.0925303 0.0854028\n-0.328982 -0.0528384 0.184325 -0.0474542 -0.0394237 -0.998095 -0.243871 0.96944 -0.0266971 0.968646 0.242139 -0.0556183 0.677336 0.087345 0.0991344\n0.00216191 -0.0376596 0.159747 0.999998 -0.00178639 2.74188e-05 0.00178639 0.999527 -0.0306901 2.74188e-05 0.0306901 0.999529 0.782994 0.123091 0.726503\n0.375816 -0.412228 0.50426 0.993731 0.0893929 -0.0671374 0.0675157 -0.00121208 0.997717 0.0891075 -0.995996 -0.00723991 0.0498 0.0412871 0.734406\n0.38965 -0.417764 -0.235578 -0.0638562 0.95906 0.275911 -0.00868474 -0.276999 0.960831 0.997921 0.0589588 0.0260173 0.738174 0.0443787 0.0566418\n-0.381561 -0.417043 -0.238244 0.0306802 0.957368 0.287237 0.0616842 -0.288638 0.955449 0.997624 -0.0115954 -0.06791 0.71772 0.0338069 0.0519784\n-0.371446 -0.406851 0.504604 -0.997254 0.05617 -0.0482723 -0.0485007 -0.00270965 0.998819 0.0559729 0.998418 0.00542649 0.0547684 0.0398647 0.743068\n0.403216 -0.771303 0.092108 1 0 0 0 1 0 0 0 1 0.040855 0.03336 0.834868\n-0.398463 -0.765898 0.0843135 1 0 0 0 1 0 0 0 1 0.041401 0.044296 0.844021\nC 19\n0 1\n0 6\n0 5\n0 3\n0 2\n1 3\n1 4\n1 5\n2 7\n2 6\n2 3\n3 6\n3 7\n3 4\n3 5\n4 8\n5 8\n6 9\n7 9\nS 4\n2\n1 0.34824 -0.0498689 0.179158\n2 -0.328982 -0.0528384 0.184325\n2\n0.00962889 -0.0513536 0.181741\n-0.999961 -0.00438462 0.00762948\n2\n4 0.375816 -0.412228 0.50426\n7 -0.371446 -0.406851 0.504604\n2\n0.00218491 -0.40954 0.504432\n-0.999974 0.00719529 0.000460958\n2\n5 0.38965 -0.417764 -0.235578\n6 -0.381561 -0.417043 -0.238244\n2\n0.00404423 -0.417403 -0.236911\n-0.999994 0.000935758 -0.00345651\n2\n8 0.403216 -0.771303 0.092108\n9 -0.398463 -0.765898 0.0843135\n2\n0.0023765 -0.768601 0.0882108\n-0.99993 0.00674162 -0.00972203\nL 10\n0\n2\n2\n1\n2\n2\n2\n2\n2\n2"
}