{
    "boxes": [
        [
            -0.0010204899590462446,
            -0.02236730046570301,
            0.1391409933567047,
            0.18699799478054047,
            0.7727910280227661,
            0.8869370222091675,
            -0.00011704299686243758,
            0.9986990094184875,
            0.051000699400901794,
            2.986590061482275e-06,
            -0.051000699400901794,
            0.9986990094184875
        ],
        [
            -0.4180630147457123,
            -0.39744898676872253,
            0.47720998525619507,
            0.72079998254776,
            0.053474098443984985,
            0.042049601674079895,
            0.12922899425029755,
            0.9914929866790771,
            0.015557300299406052,
            -0.38743001222610474,
            0.036042600870132446,
            0.9211940169334412
        ],
        [
            0.4170970022678375,
            -0.39322400093078613,
            0.4746829867362976,
            0.7270950078964233,
            0.05128990113735199,
            0.06143299862742424,
            -0.10224000364542007,
            0.9945189952850342,
            0.021878499537706375,
            -0.5597209930419922,
            -0.07569549977779388,
            0.8252170085906982
        ],
        [
            -0.46514299511909485,
            -0.7836040258407593,
            0.3680720031261444,
            0.02628299966454506,
            0.05475600063800812,
            0.04804899916052818,
            -0.0,
            1.0,
            -5.204170014340115e-18,
            0.0,
            5.204170014340115e-18,
            1.0
        ],
        [
            -0.463265985250473,
            -0.760574996471405,
            0.05009699985384941,
            0.05119900032877922,
            0.8509920239448547,
            0.03457200154662132,
            0.0,
            1.0,
            0.0,
            0.0,
            0.0,
            1.0
        ],
        [
            -0.4646280109882355,
            -0.7875149846076965,
            -0.24239900708198547,
            0.02628299966454506,
            0.05475600063800812,
            0.04804899916052818,
            0.0,
            1.0,
            0.0,
            0.0,
            0.0,
            1.0
        ],
        [
            -0.4204210042953491,
            -0.39747700095176697,
            -0.2536369860172272,
            0.7557910084724426,
            0.056047599762678146,
            0.039662498980760574,
            0.10496000200510025,
            0.9365749955177307,
            0.33438101410865784,
            -0.1862110048532486,
            -0.31178200244903564,
            0.9317280054092407
        ],
        [
            -0.0028093899600207806,
            0.34618499875068665,
            -0.25071001052856445,
            0.6547030210494995,
            0.17425000667572021,
            0.8664889931678772,
            -0.003802509978413582,
            0.9760810136795044,
            -0.21737299859523773,
            -0.004742439836263657,
            0.21735499799251556,
            0.9760810136795044
        ]
    ],
    "ops": [
        [
            0,
            0,
            0,
            0,
            0,
            1,
            2,
            1,
            1,
            0,
            0,
            1,
            2,
            1,
            1,
            0,
            1
        ]
    ],
    "syms": [
        [
            0.0,
            1.0,
            -1.1947100612512407e-16,
            0.0,
            -0.0005024999845772982,
            -0.7836049795150757,
            0.3680720031261444,
            0.0
        ],
        [
            0.0,
            1.0,
            0.0,
            0.0,
            -0.0005024999845772982,
            -0.7875149846076965,
            -0.24239900708198547,
            0.0
        ]
    ],
    "labels:": [
        [
            1,
            2,
            2,
            2,
            2,
            2,
            2,
            0
        ]
    ],
    "obj": 40064,
    "mat_index": 3473,
    "obbs": "N 12\n-0.00280939 0.346185 -0.25071 0.999982 0.00474244 0.00380251 -0.00474244 0.217355 0.976081 0.00380251 -0.976081 0.217373 0.866489 0.17425 0.654703\n-0.465143 -0.783604 0.368072 1 0 -0 -0 1 -5.20417e-18 0 5.20417e-18 1 0.048049 0.026283 0.054756\n-0.464628 -0.787515 -0.242399 1 0 0 0 1 0 0 0 1 0.048049 0.026283 0.054756\n0.464139 -0.783605 0.368072 1 0 0 0 1 8.32667e-17 0 -8.32667e-17 1 0.048049 0.026283 0.054756\n0.463624 -0.787515 -0.242399 1 0 -0 -0 1 0 0 0 1 0.048049 0.026283 0.054756\n-0.00102049 -0.0223673 0.139141 1 0.000117043 2.98659e-06 -0.000117043 0.998699 0.0510007 2.98659e-06 -0.0510007 0.998699 0.886937 0.186998 0.772791\n0.417097 -0.393224 0.474683 -0.82235 -0.0721245 -0.564393 -0.559721 -0.0756955 0.825217 -0.10224 0.994519 0.0218785 0.061433 0.0512899 0.727095\n0.418957 -0.395068 -0.257707 0.988414 0.12972 -0.078803 0.117301 -0.323377 0.938972 0.0963199 -0.937337 -0.334847 0.0429037 0.0462788 0.753689\n-0.420421 -0.397477 -0.253637 0.10496 0.936575 0.334381 -0.186211 -0.311782 0.931728 0.976887 -0.160059 0.141676 0.755791 0.0560476 0.0396625\n-0.418063 -0.397449 0.47721 0.129229 0.991493 0.0155573 -0.38743 0.0360426 0.921194 0.912797 -0.125072 0.388792 0.7208 0.0534741 0.0420496\n0.462337 -0.750938 0.047234 1 0 0 0 1 0 0 0 1 0.034407 0.070469 0.848964\n-0.463266 -0.760575 0.050097 1 0 0 0 1 0 0 0 1 0.034572 0.051199 0.850992\nC 19\n0 8\n0 7\n0 5\n1 9\n1 11\n2 8\n2 11\n3 10\n3 6\n4 10\n4 7\n5 9\n5 6\n5 7\n5 8\n6 10\n7 10\n8 11\n9 11\nS 4\n2\n1 -0.465143 -0.783604 0.368072\n3 0.464139 -0.783605 0.368072\n2\n-0.0005025 -0.783605 0.368072\n1 -1.19471e-16 0\n2\n2 -0.464628 -0.787515 -0.242399\n4 0.463624 -0.787515 -0.242399\n2\n-0.0005025 -0.787515 -0.242399\n1 0 0\n2\n7 0.418957 -0.395068 -0.257707\n8 -0.420421 -0.397477 -0.253637\n2\n-0.000732017 -0.396272 -0.255672\n-0.999984 -0.00286968 0.00484821\n2\n10 0.462337 -0.750938 0.047234\n11 -0.463266 -0.760575 0.050097\n2\n-0.00046425 -0.755756 0.0486655\n-0.999941 -0.0104099 0.00309293\nL 12\n0\n2\n2\n2\n2\n1\n2\n2\n2\n2\n2\n2"
}