{
    "boxes": [
        [
            0.01801919937133789,
            -0.05986019968986511,
            0.12125100195407867,
            0.1901250034570694,
            0.6735699772834778,
            0.7347779870033264,
            0.004225329961627722,
            0.9999420046806335,
            -0.009936089627444744,
            0.052356500178575516,
            0.009701330214738846,
            0.9985809922218323
        ],
        [
            0.38928401470184326,
            -0.4568859934806824,
            -0.1850779950618744,
            0.6849859952926636,
            0.11061900109052658,
            0.08238039910793304,
            -0.15504999458789825,
            0.9864150285720825,
            0.054268598556518555,
            -0.11432000249624252,
            -0.07247909903526306,
            0.9907969832420349
        ],
        [
            0.4055840075016022,
            -0.4529600143432617,
            0.38219401240348816,
            0.693822979927063,
            0.11469700187444687,
            0.07019840180873871,
            -0.1353210061788559,
            0.9907950162887573,
            0.0037525100633502007,
            0.055665500462055206,
            0.0038212500512599945,
            0.9984419941902161
        ],
        [
            -0.005522380117326975,
            0.36974599957466125,
            -0.2206840068101883,
            0.8081570267677307,
            0.10118799656629562,
            0.6701359748840332,
            -0.01452529989182949,
            0.987047016620636,
            -0.15977099537849426,
            0.044446200132369995,
            0.16026699542999268,
            0.9860730171203613
        ]
    ],
    "ops": [
        [
            0,
            0,
            0,
            1,
            2,
            1,
            0,
            1
        ]
    ],
    "syms": [
        [
            0.0,
            0.9979659914970398,
            0.0005121380090713501,
            -0.06374640017747879,
            0.008080219849944115,
            -0.45708200335502625,
            -0.16072799265384674,
            0.0
        ]
    ],
    "labels:": [
        [
            1,
            2,
            2,
            0
        ]
    ],
    "obj": 40105,
    "mat_index": 3497,
    "obbs": "N 6\n-0.00552238 0.369746 -0.220684 0.998906 0.0072218 -0.0461984 0.0444462 0.160267 0.986073 0.0145253 -0.987047 0.159771 0.670136 0.101188 0.808157\n0.0180192 -0.0598602 0.121251 0.99862 -0.00473956 -0.0523124 0.00422533 0.999942 -0.00993609 0.0523565 0.00970133 0.998581 0.734778 0.190125 0.67357\n0.389284 -0.456886 -0.185078 -0.15505 0.986415 0.0542686 0.98127 0.147419 0.124005 0.11432 0.0724791 -0.990797 0.684986 0.0823804 0.110619\n-0.343987 -0.454967 0.423528 0.102524 -0.0472122 -0.993609 0.984542 -0.137785 0.108135 -0.14201 -0.989336 0.0323562 0.113508 0.0821063 0.69188\n0.405584 -0.45296 0.382194 0.135321 -0.990795 -0.00375251 0.989237 0.13532 -0.0556702 0.0556655 0.00382125 0.998442 0.693823 0.0701984 0.114697\n-0.373124 -0.457278 -0.136378 -0.142217 -0.98982 0.00551046 0.988552 -0.142313 -0.0501243 0.0503983 -0.00168115 0.998728 0.684665 0.0697407 0.111374\nC 7\n0 1\n0 5\n0 2\n1 2\n1 3\n1 4\n1 5\nS 2\n2\n2 0.389284 -0.456886 -0.185078\n5 -0.373124 -0.457278 -0.136378\n2\n0.00808022 -0.457082 -0.160728\n-0.997966 -0.000512138 0.0637464\n2\n3 -0.343987 -0.454967 0.423528\n4 0.405584 -0.45296 0.382194\n2\n0.0307989 -0.453963 0.402861\n0.998479 0.00267252 -0.0550604\nL 6\n0\n1\n2\n2\n2\n2"
}