{
    "boxes": [
        [
            -0.003633999964222312,
            -0.11723800003528595,
            0.13010099530220032,
            0.10966499894857407,
            0.7968779802322388,
            0.753491997718811,
            -2.638210104170568e-19,
            1.0,
            0.0,
            0.0,
            0.0,
            1.0
        ],
        [
            -0.4029560089111328,
            0.04558350145816803,
            0.29448699951171875,
            0.3867180049419403,
            0.0789664015173912,
            0.07512830197811127,
            -0.16027499735355377,
            0.755981981754303,
            -0.6346669793128967,
            -0.04084809869527817,
            0.637349009513855,
            0.769491970539093
        ],
        [
            0.40003299713134766,
            0.05219630151987076,
            0.29048699140548706,
            0.3693619966506958,
            0.08869490027427673,
            0.08959119766950607,
            0.10406199842691422,
            0.7606890201568604,
            -0.6407210230827332,
            0.44225698709487915,
            0.5416309833526611,
            0.7148740291595459
        ],
        [
            -0.3691999912261963,
            0.19760900735855103,
            -0.04303380101919174,
            0.06950899958610535,
            0.5234389901161194,
            0.1227630004286766,
            -0.18323299288749695,
            0.9808909893035889,
            -0.06541600078344345,
            -0.35794299840927124,
            -0.0045936801470816135,
            0.9337319731712341
        ],
        [
            -0.29985401034355164,
            -0.45611199736595154,
            -0.2783200144767761,
            0.8107360005378723,
            0.0351002998650074,
            0.06329429894685745,
            0.029158199205994606,
            0.9977620244026184,
            0.06017019972205162,
            0.027441799640655518,
            -0.060972098261117935,
            0.9977620244026184
        ],
        [
            -0.3971309959888458,
            -0.46807000041007996,
            0.43362700939178467,
            0.786611020565033,
            0.04645489901304245,
            0.05974220111966133,
            0.03945479914546013,
            0.9982370138168335,
            -0.04435250163078308,
            0.04121309891343117,
            0.04272359982132912,
            0.9982370138168335
        ],
        [
            -0.005932279862463474,
            0.3442409932613373,
            -0.32020699977874756,
            0.7283220291137695,
            0.12918700277805328,
            0.5816029906272888,
            -0.003060010029003024,
            0.9508799910545349,
            -0.30954599380493164,
            -0.004214180167764425,
            0.3095329999923706,
            0.9508799910545349
        ],
        [
            -0.2362699955701828,
            -0.0009909130167216063,
            -0.2518720030784607,
            0.18788999319076538,
            0.045458801090717316,
            0.06951279938220978,
            0.590919017791748,
            0.806020975112915,
            0.03384320065379143,
            -0.04729729890823364,
            -0.007264719810336828,
            0.9988539814949036
        ]
    ],
    "ops": [
        [
            0,
            0,
            0,
            0,
            2,
            1,
            1,
            1,
            0,
            0,
            1,
            2,
            1,
            0,
            0,
            2,
            1,
            1
        ]
    ],
    "syms": [
        [
            0.0,
            0.999987006187439,
            -0.003693860024213791,
            0.00340278004296124,
            -0.002218449953943491,
            0.1962530016899109,
            -0.04178500175476074,
            0.0
        ],
        [
            0.0,
            0.9999939799308777,
            -0.000510370999109,
            0.003277380019426346,
            -0.002255910076200962,
            -0.4562639892101288,
            -0.2773450016975403,
            0.0
        ],
        [
            0.0,
            0.999983012676239,
            0.005268230102956295,
            0.00266915000975132,
            -0.0034509599208831787,
            0.0002356530021643266,
            -0.2512499988079071,
            0.0
        ]
    ],
    "labels:": [
        [
            1,
            3,
            3,
            3,
            2,
            2,
            0,
            0
        ]
    ],
    "obj": 40106,
    "mat_index": 3498,
    "obbs": "N 12\n-0.00593228 0.344241 -0.320207 0.999986 0.00421418 0.00306001 -0.00421418 0.309533 0.95088 0.00306001 -0.95088 0.309546 0.581603 0.129187 0.728322\n-0.003634 -0.117238 0.130101 1 2.63821e-19 -0 -2.63821e-19 1 0 0 0 1 0.753492 0.109665 0.796878\n0.400033 0.0521963 0.290487 -0.442257 -0.541631 -0.714874 0.890831 -0.357755 -0.280056 -0.104062 -0.760689 0.640721 0.0886949 0.0895912 0.369362\n-0.402956 0.0455835 0.294487 -0.160275 0.755982 -0.634667 0.986227 0.149255 -0.0712707 0.0408481 -0.637349 -0.769492 0.386718 0.0751283 0.0789664\n0.364763 0.194897 -0.0405362 0.918751 -0.176011 -0.353436 0.16719 0.984356 -0.0555993 0.357693 -0.00800932 0.933805 0.119664 0.0706212 0.527193\n-0.3692 0.197609 -0.0430338 0.357943 0.00459368 -0.933732 -0.183233 0.980891 -0.065416 0.915589 0.194505 0.351945 0.523439 0.069509 0.122763\n0.229368 0.00146222 -0.250629 -0.590663 0.806487 0.0263757 -0.0034427 -0.0352054 0.999374 0.806911 0.590203 0.023571 0.180662 0.0437489 0.0685168\n-0.23627 -0.000990913 -0.251872 -0.805343 0.591843 -0.0338298 -0.0472973 -0.00726472 0.998854 0.590919 0.806021 0.0338432 0.0695128 0.0454588 0.18789\n-0.299854 -0.456112 -0.27832 0.0291582 0.997762 0.0601702 0.0274418 -0.0609721 0.997762 0.999198 -0.0274418 -0.0291582 0.810736 0.0351003 0.0632943\n0.295342 -0.456416 -0.276369 -0.0322685 0.997887 0.0563871 -0.128848 -0.060099 0.989842 0.991139 0.0246753 0.130515 0.810774 0.0362533 0.0604039\n0.388366 -0.458221 0.432091 -0.0352083 0.998671 -0.0376297 -0.090668 0.0343058 0.99529 0.995259 0.0384543 0.0893397 0.806533 0.0496956 0.0604744\n-0.397131 -0.46807 0.433627 0.998371 -0.0412131 -0.0394548 0.0412131 0.0427236 0.998237 -0.0394548 -0.998237 0.0443525 0.0597422 0.0464549 0.786611\nC 27\n0 7\n0 4\n0 5\n0 8\n0 1\n0 6\n0 9\n1 3\n1 6\n1 11\n1 2\n1 5\n1 10\n1 4\n1 9\n1 8\n1 7\n2 10\n2 4\n3 11\n3 5\n4 9\n4 6\n5 8\n5 7\n6 9\n7 8\nS 4\n2\n4 0.364763 0.194897 -0.0405362\n5 -0.3692 0.197609 -0.0430338\n2\n-0.00221845 0.196253 -0.041785\n-0.999987 0.00369386 -0.00340278\n2\n6 0.229368 0.00146222 -0.250629\n7 -0.23627 -0.000990913 -0.251872\n2\n-0.00345096 0.000235653 -0.25125\n-0.999983 -0.00526823 -0.00266915\n2\n8 -0.299854 -0.456112 -0.27832\n9 0.295342 -0.456416 -0.276369\n2\n-0.00225591 -0.456264 -0.277345\n0.999994 -0.000510371 0.00327738\n2\n10 0.388366 -0.458221 0.432091\n11 -0.397131 -0.46807 0.433627\n2\n-0.0043825 -0.463145 0.432859\n-0.999919 -0.0125373 0.00195626\nL 12\n0\n1\n3\n3\n3\n3\n0\n0\n2\n2\n2\n2"
}