{
    "boxes": [
        [
            -0.009171999990940094,
            -0.10399799793958664,
            0.18499499559402466,
            0.3589569926261902,
            0.9918829798698425,
            1.104159951210022,
            0.0,
            1.0,
            0.0,
            0.0,
            0.0,
            1.0
        ],
        [
            -0.5164539813995361,
            -0.3842979967594147,
            0.6259239912033081,
            0.46494901180267334,
            0.0954509973526001,
            0.06695099920034409,
            0.0,
            1.0,
            0.0,
            0.0,
            0.0,
            1.0
        ],
        [
            -0.5163180232048035,
            -0.40487200021743774,
            -0.30418699979782104,
            0.46529901027679443,
            0.10644499957561493,
            0.09840989857912064,
            -0.0025766300968825817,
            0.9502009749412537,
            0.3116289973258972,
            -0.5283690094947815,
            -0.26587098836898804,
            0.8063110113143921
        ],
        [
            -0.010434499941766262,
            0.2228270024061203,
            -0.3943209946155548,
            0.9133849740028381,
            0.23398900032043457,
            1.1763299703598022,
            0.0012746499851346016,
            0.9706670045852661,
            -0.2404240071773529,
            0.0016288800397887826,
            0.24042199552059174,
            0.9706670045852661
        ]
    ],
    "ops": [
        [
            0,
            0,
            0,
            1,
            2,
            1,
            0,
            1
        ]
    ],
    "syms": [
        [
            0.0,
            0.9999960064888,
            -3.5483099054545164e-05,
            -0.002812040038406849,
            -0.009171750396490097,
            -0.384317010641098,
            0.6244980096817017,
            0.0
        ]
    ],
    "labels:": [
        [
            1,
            2,
            2,
            0
        ]
    ],
    "obj": 40134,
    "mat_index": 3516,
    "obbs": "N 6\n-0.0104345 0.222827 -0.394321 0.999998 -0.00162888 -0.00127465 0.00162888 0.240422 0.970667 -0.00127465 -0.970667 0.240424 1.17633 0.233989 0.913385\n-0.009172 -0.103998 0.184995 1 0 0 0 1 0 0 0 1 1.10416 0.358957 0.991883\n0.49811 -0.384335 0.623072 1 0 0 0 1 0 0 0 1 0.066952 0.464877 0.101349\n0.497275 -0.405313 -0.299301 -0.00521471 -0.950343 -0.311162 0.829858 0.169505 -0.531604 0.55795 -0.260992 0.787766 0.467584 0.105286 0.11441\n-0.516454 -0.384298 0.625924 1 0 0 0 1 0 0 0 1 0.066951 0.464949 0.095451\n-0.516318 -0.404872 -0.304187 0.528369 0.265871 -0.806311 0.849011 -0.162577 0.502742 0.00257663 -0.950201 -0.311629 0.106445 0.0984099 0.465299\nC 7\n0 1\n0 5\n0 3\n1 2\n1 3\n1 4\n1 5\nS 2\n2\n2 0.49811 -0.384335 0.623072\n4 -0.516454 -0.384298 0.625924\n2\n-0.00917175 -0.384317 0.624498\n-0.999996 3.54831e-05 0.00281204\n2\n3 0.497275 -0.405313 -0.299301\n5 -0.516318 -0.404872 -0.304187\n2\n-0.00952163 -0.405093 -0.301744\n-0.999988 0.00043524 -0.00482028\nL 6\n0\n1\n2\n2\n2\n2"
}