{
    "boxes": [
        [
            0.008142000064253807,
            -0.04382999986410141,
            0.1496489942073822,
            0.12395600229501724,
            0.5879349708557129,
            0.6532599925994873,
            0.0,
            1.0,
            0.0,
            0.0,
            0.0,
            1.0
        ],
        [
            -0.2858250141143799,
            -0.47180700302124023,
            0.41095399856567383,
            0.7642310261726379,
            0.06532599776983261,
            0.06532599776983261,
            0.0,
            1.0,
            0.0,
            0.0,
            0.0,
            1.0
        ],
        [
            0.3005779981613159,
            -0.4832789897918701,
            -0.23478899896144867,
            0.7726290225982666,
            0.12089499831199646,
            0.09586530178785324,
            0.007932559587061405,
            0.9786040186882019,
            0.20559999346733093,
            0.3808920085430145,
            -0.19306400418281555,
            0.9042389988899231
        ],
        [
            -0.2858250141143799,
            -0.47729501128196716,
            -0.24491199851036072,
            0.7560510039329529,
            0.2038639932870865,
            0.068121999502182,
            0.0,
            1.0,
            0.0,
            0.0,
            0.0,
            1.0
        ],
        [
            -0.2852790057659149,
            0.33424898982048035,
            -0.22559300065040588,
            0.9041140079498291,
            0.11663799732923508,
            0.0763138011097908,
            0.005321430042386055,
            0.9922459721565247,
            -0.1241770014166832,
            0.0725879967212677,
            0.12346699833869934,
            0.9896900057792664
        ],
        [
            0.008138749748468399,
            0.4112659990787506,
            -0.17672599852085114,
            0.46159398555755615,
            0.035328298807144165,
            0.653531014919281,
            -0.0005689309909939766,
            0.9831569790840149,
            -0.18276000022888184,
            -0.0006844369927421212,
            0.18276000022888184,
            0.9831569790840149
        ],
        [
            0.008142000064253807,
            0.7547299861907959,
            -0.298909991979599,
            0.053245000541210175,
            0.06962999701499939,
            0.5226079821586609,
            0.0,
            1.0,
            0.0,
            0.0,
            0.0,
            1.0
        ]
    ],
    "ops": [
        [
            0,
            0,
            2,
            0,
            0,
            1,
            1,
            1,
            0,
            2,
            0,
            0,
            1,
            1,
            1
        ]
    ],
    "syms": [
        [
            0.0,
            1.0,
            -0.0,
            -0.0,
            0.008142000064253807,
            -0.47180700302124023,
            0.41095399856567383,
            0.0
        ],
        [
            0.0,
            0.9999899864196777,
            -0.004154849797487259,
            0.0014304600190371275,
            0.007966780103743076,
            0.3330309987068176,
            -0.22517399489879608,
            0.0
        ]
    ],
    "labels:": [
        [
            1,
            2,
            2,
            2,
            0,
            0,
            0
        ]
    ],
    "obj": 40149,
    "mat_index": 3526,
    "obbs": "N 9\n0.00813875 0.411266 -0.176726 -0.000568931 0.983157 -0.18276 -0.000684437 0.18276 0.983157 1 0.000684437 0.000568931 0.461594 0.0353283 0.653531\n0.008142 0.75473 -0.29891 1 0 0 0 1 0 0 0 1 0.522608 0.053245 0.06963\n0.008142 -0.04383 0.149649 1 0 0 0 1 0 0 0 1 0.65326 0.123956 0.587935\n0.301213 0.331813 -0.224754 0.112043 -0.150842 -0.982188 0.993694 0.0212214 0.110096 0.00423625 -0.98833 0.152269 0.114957 0.079912 0.909046\n-0.285279 0.334249 -0.225593 -0.072588 -0.123467 -0.98969 0.997348 -0.0142803 -0.0713681 -0.00532143 -0.992246 0.124177 0.116638 0.0763138 0.904114\n0.300578 -0.483279 -0.234789 0.924585 0.0711384 -0.374274 0.380892 -0.193064 0.904239 -0.00793256 -0.978604 -0.2056 0.0958653 0.120895 0.772629\n-0.285825 -0.477295 -0.244912 1 0 0 0 1 0 0 0 1 0.068122 0.756051 0.203864\n0.302109 -0.471807 0.410954 1 0 0 0 1 0 0 0 1 0.065326 0.764231 0.065326\n-0.285825 -0.471807 0.410954 1 0 0 0 1 0 0 0 1 0.065326 0.764231 0.065326\nC 14\n0 1\n0 4\n0 3\n0 2\n1 3\n1 4\n2 7\n2 6\n2 8\n2 4\n2 3\n2 5\n3 5\n4 6\nS 2\n2\n3 0.301213 0.331813 -0.224754\n4 -0.285279 0.334249 -0.225593\n2\n0.00796678 0.333031 -0.225174\n-0.99999 0.00415485 -0.00143046\n2\n7 0.302109 -0.471807 0.410954\n8 -0.285825 -0.471807 0.410954\n2\n0.008142 -0.471807 0.410954\n-1 0 0\nL 9\n0\n0\n1\n0\n0\n2\n2\n2\n2"
}