{
    "boxes": [
        [
            -0.004015610087662935,
            -0.05728929862380028,
            0.18818199634552002,
            0.14953899383544922,
            0.9094399809837341,
            0.9206330180168152,
            0.0045912498608231544,
            0.9854609966278076,
            -0.1698399931192398,
            0.0003927449870388955,
            0.1698399931192398,
            0.9854720234870911
        ],
        [
            -0.43158799409866333,
            -0.38436800241470337,
            -0.33295300602912903,
            0.5647860169410706,
            0.11150699853897095,
            0.04700079932808876,
            0.03893690183758736,
            0.8437079787254333,
            0.5353879928588867,
            -0.07075370103120804,
            -0.5321210026741028,
            0.8437070250511169
        ],
        [
            -0.46184900403022766,
            -0.3211359977722168,
            0.6331689953804016,
            0.6167799830436707,
            0.09609069675207138,
            0.05397019907832146,
            0.07062280178070068,
            0.9877640008926392,
            -0.13905000686645508,
            -0.006589029915630817,
            0.1398569941520691,
            0.990149974822998
        ],
        [
            -0.005352790001779795,
            0.19828400015830994,
            -0.3647570013999939,
            0.7480130195617676,
            0.11875200271606445,
            0.8734840154647827,
            -0.0037855799309909344,
            0.8975059986114502,
            -0.4409860074520111,
            -0.006077819969505072,
            0.44096100330352783,
            0.8975059986114502
        ]
    ],
    "ops": [
        [
            0,
            0,
            0,
            1,
            2,
            1,
            0,
            1
        ]
    ],
    "syms": [
        [
            0.0,
            0.9999840259552002,
            0.005493250209838152,
            0.0013443500502035022,
            -0.0020823900122195482,
            -0.38200798630714417,
            -0.3323749899864197,
            0.0
        ]
    ],
    "labels:": [
        [
            1,
            2,
            2,
            0
        ]
    ],
    "obj": 40152,
    "mat_index": 3528,
    "obbs": "N 6\n-0.00535279 0.198284 -0.364757 -0.00378558 0.897506 -0.440986 -0.00607782 0.440961 0.897506 0.999974 0.00607782 0.00378558 0.748013 0.118752 0.873484\n-0.00401561 -0.0572893 0.188182 0.999989 -0.00459125 0.000392745 0.00459125 0.985461 -0.16984 0.000392745 0.16984 0.985472 0.920633 0.149539 0.90944\n0.427423 -0.379649 -0.331798 -0.0198973 0.54675 -0.837059 0.999152 0.0410582 0.00306814 0.0360457 -0.836288 -0.547104 0.112771 0.0473961 0.567627\n0.453081 -0.316347 0.631432 -0.0634625 0.989287 -0.131464 0.997771 0.0601708 -0.0288658 -0.0206463 -0.133003 -0.990901 0.626064 0.0569281 0.094859\n-0.461849 -0.321136 0.633169 0.00658903 -0.139857 -0.99015 0.997481 -0.069011 0.0163855 -0.0706228 -0.987764 0.13905 0.0960907 0.0539702 0.61678\n-0.431588 -0.384368 -0.332953 -0.0389369 -0.843708 -0.535388 0.996734 -0.070732 0.0389764 -0.0707537 -0.532121 0.843707 0.564786 0.0470008 0.111507\nC 7\n0 1\n0 5\n0 2\n1 2\n1 3\n1 4\n1 5\nS 2\n2\n2 0.427423 -0.379649 -0.331798\n5 -0.431588 -0.384368 -0.332953\n2\n-0.00208239 -0.382008 -0.332375\n-0.999984 -0.00549325 -0.00134435\n2\n3 0.453081 -0.316347 0.631432\n4 -0.461849 -0.321136 0.633169\n2\n-0.00438364 -0.318741 0.6323\n-0.999984 -0.00523413 0.00189866\nL 6\n0\n1\n2\n2\n2\n2"
}