{
    "boxes": [
        [
            -0.0005505000008270144,
            -0.1114799976348877,
            0.1481810063123703,
            0.27872100472450256,
            1.3390799760818481,
            1.0758700370788574,
            0.0,
            1.0,
            0.0,
            0.0,
            0.0,
            1.0
        ],
        [
            0.5321149826049805,
            0.010412800125777721,
            0.6858620047569275,
            0.5455600023269653,
            0.1883769929409027,
            0.061474498361349106,
            0.011034900322556496,
            0.9801170229911804,
            0.19811399281024933,
            0.007872819900512695,
            -0.19820599257946014,
            0.9801290035247803
        ],
        [
            0.5319349765777588,
            0.21840199828147888,
            0.07762079685926437,
            0.12511299550533295,
            1.2424800395965576,
            0.06267619878053665,
            0.0404587984085083,
            0.9944919943809509,
            -0.09668529778718948,
            -0.003671139944344759,
            0.09691180288791656,
            0.9952859878540039
        ],
        [
            -0.5200759768486023,
            0.21489199995994568,
            0.031648099422454834,
            0.1479160040616989,
            1.1575599908828735,
            0.08390530198812485,
            -0.12128300219774246,
            0.9860249757766724,
            -0.11421599984169006,
            -0.002941319951787591,
            0.11470799893140793,
            0.9933949708938599
        ],
        [
            -0.5300959944725037,
            0.038169000297784805,
            0.6628609895706177,
            0.5768399834632874,
            0.21765099465847015,
            0.058458998799324036,
            0.0,
            1.0,
            0.0,
            0.0,
            0.0,
            1.0
        ],
        [
            -0.531046986579895,
            -0.36326900124549866,
            0.6345700025558472,
            0.34781399369239807,
            0.14044299721717834,
            0.05656599998474121,
            0.0,
            1.0,
            0.0,
            0.0,
            0.0,
            1.0
        ],
        [
            -0.006575999781489372,
            0.22015699744224548,
            -0.32987499237060547,
            0.7027209997177124,
            0.41768598556518555,
            1.0936399698257446,
            0.0,
            1.0,
            0.0,
            0.0,
            0.0,
            1.0
        ]
    ],
    "ops": [
        [
            0,
            0,
            0,
            1,
            0,
            0,
            1,
            1,
            1,
            0,
            2,
            1,
            0,
            1
        ]
    ],
    "syms": [
        [
            0.0,
            0.9998959898948669,
            -0.014065399765968323,
            -0.0031873600091785192,
            0.00045125000178813934,
            -0.370745986700058,
            0.6328750252723694,
            0.0
        ]
    ],
    "labels:": [
        [
            1,
            3,
            3,
            3,
            3,
            2,
            0
        ]
    ],
    "obj": 40156,
    "mat_index": 3531,
    "obbs": "N 8\n-0.006576 0.220157 -0.329875 1 0 0 0 1 0 0 0 1 1.09364 0.702721 0.417686\n0.532115 0.0104128 0.685862 -0.00787282 0.198206 -0.980129 0.999908 -0.00925588 -0.00990346 -0.0110349 -0.980117 -0.198114 0.188377 0.0614745 0.54556\n-0.520076 0.214892 0.0316481 -0.121283 0.986025 -0.114216 0.992614 0.120818 -0.0110119 0.00294132 -0.114708 -0.993395 0.147916 0.0839053 1.15756\n-0.0005505 -0.11148 0.148181 1 0 0 0 1 0 0 0 1 1.07587 0.278721 1.33908\n0.53195 -0.378222 0.631181 1 0 0 0 1 0 0 0 1 0.056679 0.317896 0.13347\n-0.531047 -0.363269 0.63457 1 0 0 0 1 0 0 0 1 0.056566 0.347814 0.140443\n0.531935 0.218402 0.0776208 0.0404588 0.994492 -0.0966853 0.999174 -0.0399131 0.00757186 0.00367114 -0.0969118 -0.995286 0.125113 0.0626762 1.24248\n-0.530096 0.038169 0.662861 1 0 0 0 1 0 0 0 1 0.058459 0.57684 0.217651\nC 13\n0 6\n0 3\n0 2\n1 3\n1 4\n1 6\n2 7\n2 3\n3 6\n3 7\n3 4\n3 5\n5 7\nS 1\n2\n4 0.53195 -0.378222 0.631181\n5 -0.531047 -0.363269 0.63457\n2\n0.00045125 -0.370746 0.632875\n-0.999896 0.0140654 0.00318736\nL 8\n0\n3\n3\n1\n2\n2\n3\n3"
}