{
    "boxes": [
        [
            2.5499999537714757e-05,
            0.14076299965381622,
            0.0936330035328865,
            0.12630599737167358,
            0.6444000005722046,
            0.7065610289573669,
            0.0,
            1.0,
            0.0,
            0.0,
            0.0,
            1.0
        ],
        [
            -0.32400500774383545,
            -0.3824180066585541,
            0.38222000002861023,
            0.9602689743041992,
            0.06676699966192245,
            0.05960400030016899,
            0.0,
            1.0,
            0.0,
            0.0,
            0.0,
            1.0
        ],
        [
            -0.298227995634079,
            -0.3840709924697876,
            -0.25227099657058716,
            0.9709309935569763,
            0.11381199955940247,
            0.07650940120220184,
            0.03499859943985939,
            0.9971699714660645,
            0.06652960181236267,
            0.3844529986381531,
            -0.07488120347261429,
            0.9201020002365112
        ],
        [
            -0.29663699865341187,
            -0.5282210111618042,
            0.07416819781064987,
            0.06261929869651794,
            0.5739920139312744,
            0.07670670002698898,
            0.1460389941930771,
            0.9892470240592957,
            0.00796463992446661,
            -0.05235879868268967,
            -0.000310653995256871,
            0.9986280202865601
        ],
        [
            -0.0005024999845772982,
            -0.5215240120887756,
            -0.05797350034117699,
            0.039792999625205994,
            0.0543069988489151,
            0.5388410091400146,
            0.0,
            1.0,
            0.0,
            0.0,
            0.0,
            1.0
        ],
        [
            -0.0005189999938011169,
            0.6959059834480286,
            -0.3918040096759796,
            0.08813899755477905,
            0.10018999874591827,
            0.5558300018310547,
            0.0,
            1.0,
            0.0,
            0.0,
            0.0,
            1.0
        ],
        [
            -0.08520360291004181,
            0.4969629943370819,
            -0.33588600158691406,
            0.38936999440193176,
            0.03454599902033806,
            0.07539000362157822,
            -0.016479400917887688,
            0.9608849883079529,
            -0.27645599842071533,
            -0.02188510075211525,
            0.27608099579811096,
            0.9608849883079529
        ],
        [
            0.00028852600371465087,
            0.2953140139579773,
            -0.2693670094013214,
            0.07986149936914444,
            0.049683500081300735,
            0.4955289959907532,
            0.004549759905785322,
            0.8716509938240051,
            -0.490105003118515,
            0.007777700200676918,
            0.4900650084018707,
            0.8716509938240051
        ],
        [
            -0.2719230055809021,
            0.39985498785972595,
            -0.2904050052165985,
            0.6356070041656494,
            0.10358799993991852,
            0.10357200354337692,
            0.03334150090813637,
            0.9730160236358643,
            -0.2283180058002472,
            -0.3472079932689667,
            0.22549299895763397,
            0.9102740287780762
        ]
    ],
    "ops": [
        [
            0,
            0,
            2,
            0,
            2,
            0,
            2,
            0,
            2,
            1,
            1,
            1,
            1,
            0,
            0,
            2,
            1,
            0,
            0,
            2,
            1,
            1,
            1
        ]
    ],
    "syms": [
        [
            0.0,
            0.9999390244483948,
            0.008542279712855816,
            -0.0069754598662257195,
            3.9999998989515007e-05,
            -0.3796499967575073,
            0.37996000051498413,
            0.0
        ],
        [
            0.0,
            0.9999970197677612,
            -0.001740030013024807,
            0.001510230009444058,
            -3.889720028382726e-05,
            -0.3845899999141693,
            -0.25181999802589417,
            0.0
        ],
        [
            0.0,
            0.9998990297317505,
            0.011434599757194519,
            -0.008389960043132305,
            0.0002332199946977198,
            -0.5248270034790039,
            0.07167720049619675,
            0.0
        ],
        [
            0.0,
            -0.0039614601992070675,
            8.262880146503448e-05,
            0.9999920129776001,
            -0.0009219999774359167,
            -0.5215150117874146,
            0.04792099818587303,
            0.0
        ],
        [
            1.0,
            -0.1296379566192627,
            0.24834799766540527,
            -0.16808250546455383,
            -0.08520360291004181,
            0.4969629943370819,
            -0.33588600158691406,
            0.3333333432674408
        ],
        [
            0.0,
            0.9995459914207458,
            -0.012110499665141106,
            0.027570700272917747,
            0.0004257120017427951,
            0.39655500650405884,
            -0.28289300203323364,
            0.0
        ]
    ],
    "labels:": [
        [
            1,
            2,
            2,
            2,
            2,
            0,
            0,
            0,
            0
        ]
    ],
    "obj": 40169,
    "mat_index": 3541,
    "obbs": "N 16\n-0.000519 0.695906 -0.391804 1 0 0 0 1 0 0 0 1 0.55583 0.088139 0.10019\n2.55e-05 0.140763 0.093633 1 0 0 0 1 0 0 0 1 0.706561 0.126306 0.6444\n0.0888687 0.49723 -0.335607 -0.00493582 0.959566 -0.281441 -0.0764124 0.28026 0.956878 0.997064 0.0262286 0.0719394 0.384379 0.0321084 0.0754514\n-0.00181746 0.493611 -0.334209 -0.0087726 0.962043 -0.272757 -0.0116049 0.272651 0.962043 0.999894 0.0116049 0.0087726 0.385696 0.0259762 0.0714919\n-0.0852036 0.496963 -0.335886 -0.0164794 0.960885 -0.276456 -0.0218851 0.276081 0.960885 0.999625 0.0218851 0.0164794 0.38937 0.034546 0.07539\n0.000288526 0.295314 -0.269367 0.00454976 0.871651 -0.490105 0.0077777 0.490065 0.871651 0.999959 -0.0077777 -0.00454976 0.0798615 0.0496835 0.495529\n0.297103 -0.521432 0.0691863 -0.0527644 -0.0110532 -0.998546 0.0774086 0.996885 -0.0151252 0.995602 -0.0780941 -0.0517444 0.585019 0.0607909 0.0772839\n-0.0013415 -0.521506 0.153815 1 0 0 0 1 0 0 0 1 0.568255 0.039852 0.054571\n-0.0005025 -0.521524 -0.0579735 1 0 0 0 1 0 0 0 1 0.538841 0.039793 0.054307\n-0.296637 -0.528221 0.0741682 0.0523588 0.000310654 -0.998628 0.146039 0.989247 0.00796464 0.987892 -0.146255 0.0517504 0.573992 0.0626193 0.0767067\n0.29815 -0.385109 -0.25137 -0.031976 0.997104 0.0689945 0.959682 0.0113419 0.28086 0.279264 0.0751935 -0.957266 0.969443 0.0739353 0.111698\n0.324085 -0.376882 0.3777 1 0 0 0 1 0 0 0 1 0.059392 0.971316 0.075619\n-0.324005 -0.382418 0.38222 1 0 0 0 1 0 0 0 1 0.059604 0.960269 0.066767\n-0.298228 -0.384071 -0.252271 -0.0349986 -0.99717 -0.0665296 0.922481 -0.00662479 -0.385986 0.384453 -0.0748812 0.920102 0.970931 0.0765094 0.113812\n0.272774 0.393255 -0.27538 0.98488 -0.0202066 -0.172057 0.171909 0.236825 0.956222 0.0214252 -0.971342 0.236717 0.0962596 0.105966 0.651295\n-0.271923 0.399855 -0.290405 0.0333415 0.973016 -0.228318 -0.347208 0.225493 0.910274 0.937195 0.0489238 0.345357 0.635607 0.103588 0.103572\nC 45\n0 14\n0 2\n0 3\n0 15\n0 4\n1 3\n1 15\n1 11\n1 2\n1 14\n1 5\n1 10\n1 13\n1 4\n1 12\n2 5\n2 3\n2 14\n2 15\n2 4\n3 15\n3 14\n3 5\n3 4\n4 5\n4 15\n5 13\n5 15\n5 10\n5 14\n6 7\n6 10\n6 11\n6 8\n7 12\n7 11\n7 8\n7 9\n8 13\n8 9\n8 10\n9 13\n9 12\n10 14\n13 15\nS 6\n3\n2 0.0888687 0.49723 -0.335607\n3 -0.00181746 0.493611 -0.334209\n4 -0.0852036 0.496963 -0.335886\n1\n0 0 0\n0 0 0\n2\n6 0.297103 -0.521432 0.0691863\n9 -0.296637 -0.528221 0.0741682\n2\n0.00023322 -0.524827 0.0716772\n-0.999899 -0.0114346 0.00838996\n2\n7 -0.0013415 -0.521506 0.153815\n8 -0.0005025 -0.521524 -0.0579735\n2\n-0.000922 -0.521515 0.047921\n0.00396146 -8.26288e-05 -0.999992\n2\n10 0.29815 -0.385109 -0.25137\n13 -0.298228 -0.384071 -0.252271\n2\n-3.88972e-05 -0.38459 -0.25182\n-0.999997 0.00174003 -0.00151023\n2\n11 0.324085 -0.376882 0.3777\n12 -0.324005 -0.382418 0.38222\n2\n4e-05 -0.37965 0.37996\n-0.999939 -0.00854228 0.00697546\n2\n14 0.272774 0.393255 -0.27538\n15 -0.271923 0.399855 -0.290405\n2\n0.000425712 0.396555 -0.282893\n-0.999546 0.0121105 -0.0275707\nL 16\n0\n1\n0\n0\n0\n0\n2\n2\n2\n2\n2\n2\n2\n2\n0\n0"
}