{
    "boxes": [
        [
            -0.010843999683856964,
            -0.04409550130367279,
            0.08775349706411362,
            0.12825100123882294,
            0.7843970060348511,
            0.6997039914131165,
            0.0,
            1.0,
            0.0,
            0.0,
            0.0,
            1.0
        ],
        [
            -0.389741986989975,
            0.12118499726057053,
            0.27489399909973145,
            0.39049598574638367,
            0.07170280069112778,
            0.07662729918956757,
            -0.0720003992319107,
            0.9973829984664917,
            0.006634110119193792,
            -0.019557099789381027,
            -0.008061850443482399,
            0.9997760057449341
        ],
        [
            -0.3776180148124695,
            0.3237299919128418,
            0.06297390162944794,
            0.06610800325870514,
            0.8429020047187805,
            0.14268699288368225,
            0.03832459822297096,
            0.9992650151252747,
            -0.0002973669907078147,
            -0.10444600135087967,
            0.004301750101149082,
            0.9945210218429565
        ],
        [
            -0.3904229998588562,
            0.12577100098133087,
            -0.06289359927177429,
            0.40123701095581055,
            0.057566601783037186,
            0.07180669903755188,
            -0.08697230368852615,
            0.9961389899253845,
            0.011952100321650505,
            -0.03424970060586929,
            -0.01498039998114109,
            0.999301016330719
        ],
        [
            -0.3160640001296997,
            -0.4702340066432953,
            0.38321301341056824,
            0.7681009769439697,
            0.1622990071773529,
            0.06498400121927261,
            0.0,
            1.0,
            0.0,
            0.0,
            0.0,
            1.0
        ],
        [
            -0.31600499153137207,
            -0.47179099917411804,
            -0.1608940064907074,
            0.7649840116500854,
            0.1623000055551529,
            0.0651020035147667,
            0.0,
            1.0,
            0.0,
            0.0,
            0.0,
            1.0
        ],
        [
            -0.011350399814546108,
            0.391539990901947,
            -0.3194049894809723,
            0.8483039736747742,
            0.10315900295972824,
            0.6710749864578247,
            -0.00040486399666406214,
            0.9928370118141174,
            -0.1194780021905899,
            -0.00045650600804947317,
            0.1194780021905899,
            0.9928370118141174
        ]
    ],
    "ops": [
        [
            0,
            0,
            0,
            0,
            1,
            1,
            2,
            1,
            0,
            0,
            1,
            2,
            1,
            0,
            1
        ]
    ],
    "syms": [
        [
            0.0,
            0.9999920129776001,
            -0.0014965300215408206,
            -0.00382568989880383,
            -0.015092000365257263,
            0.12062399834394455,
            0.2734610140323639,
            0.0
        ],
        [
            0.0,
            1.0,
            -0.0009330270113423467,
            -1.6412100194429513e-06,
            -0.011410499922931194,
            -0.47051799297332764,
            0.38321301341056824,
            0.0
        ]
    ],
    "labels:": [
        [
            1,
            3,
            3,
            3,
            2,
            2,
            0
        ]
    ],
    "obj": 1377,
    "mat_index": 36,
    "obbs": "N 12\n-0.0113504 0.39154 -0.319405 1 0.000456506 0.000404864 -0.000456506 0.119478 0.992837 0.000404864 -0.992837 0.119478 0.671075 0.103159 0.848304\n0.350038 0.325109 0.0597478 0.994208 0.0250751 -0.10451 -0.0250608 0.999685 0.00145019 0.104514 0.00117732 0.994523 0.151268 0.0627783 0.850062\n-0.377618 0.32373 0.0629739 0.104446 -0.00430175 -0.994521 0.0383246 0.999265 -0.000297367 0.993792 -0.0380836 0.104534 0.842902 0.066108 0.142687\n-0.010844 -0.0440955 0.0877535 1 0 0 0 1 0 0 0 1 0.699704 0.128251 0.784397\n-0.316064 -0.470234 0.383213 1 0 0 0 1 0 0 0 1 0.064984 0.768101 0.162299\n0.293243 -0.470802 0.383213 1 0 0 0 1 0 0 0 1 0.06499 0.766964 0.162299\n0.293203 -0.471662 -0.160893 1 0 0 0 1 0 0 0 1 0.06507 0.765241 0.162301\n-0.316005 -0.471791 -0.160894 1 0 0 0 1 0 0 0 1 0.065102 0.764984 0.1623\n0.361595 0.121149 -0.0506179 -0.988605 0.144883 0.0408632 0.0406651 -0.00432982 0.999163 0.144939 0.989439 -0.00161121 0.0753801 0.0628139 0.391892\n0.359558 0.120063 0.272027 -0.990146 0.136118 0.0328949 0.0318221 -0.0100502 0.999443 0.136373 0.990642 0.00561964 0.0816113 0.0777454 0.406904\n-0.389742 0.121185 0.274894 0.997213 0.0718546 0.0200864 -0.0195571 -0.00806185 0.999776 0.0720004 -0.997383 -0.00663411 0.0766273 0.0717028 0.390496\n-0.390423 0.125771 -0.0628936 0.995622 0.0865021 0.0354203 -0.0342497 -0.0149804 0.999301 0.0869723 -0.996139 -0.0119521 0.0718067 0.0575666 0.401237\nC 23\n0 7\n0 3\n0 11\n0 8\n0 1\n0 6\n0 2\n1 9\n1 8\n2 10\n2 11\n3 11\n3 7\n3 10\n3 6\n3 9\n3 5\n3 8\n3 4\n4 10\n5 9\n6 8\n7 11\nS 5\n2\n1 0.350038 0.325109 0.0597478\n2 -0.377618 0.32373 0.0629739\n2\n-0.0137903 0.324419 0.0613608\n-0.999988 -0.00189509 0.00443352\n2\n4 -0.316064 -0.470234 0.383213\n5 0.293243 -0.470802 0.383213\n2\n-0.0114105 -0.470518 0.383213\n1 -0.000933027 -1.64121e-06\n2\n6 0.293203 -0.471662 -0.160893\n7 -0.316005 -0.471791 -0.160894\n2\n-0.011401 -0.471727 -0.160894\n-1 -0.00021093 -8.20738e-07\n2\n8 0.361595 0.121149 -0.0506179\n11 -0.390423 0.125771 -0.0628936\n2\n-0.0144141 0.12346 -0.0567558\n-0.999848 0.00614516 -0.0163212\n2\n9 0.359558 0.120063 0.272027\n10 -0.389742 0.121185 0.274894\n2\n-0.015092 0.120624 0.273461\n-0.999992 0.00149653 0.00382569\nL 12\n0\n3\n3\n1\n2\n2\n2\n2\n3\n3\n3\n3"
}