{
    "boxes": [
        [
            0.00022795099357608706,
            -0.0486345998942852,
            0.07156539708375931,
            0.18366600573062897,
            0.7655029892921448,
            0.8515689969062805,
            0.000761101022362709,
            0.9996349811553955,
            0.027003999799489975,
            -1.0278299669153057e-05,
            -0.027003999799489975,
            0.9996349811553955
        ],
        [
            0.0002894999925047159,
            -0.23960299789905548,
            -0.25247400999069214,
            0.03349100053310394,
            0.03349100053310394,
            0.5617409944534302,
            0.0,
            1.0,
            0.0,
            0.0,
            0.0,
            1.0
        ],
        [
            -0.3086149990558624,
            -0.4482629895210266,
            -0.250014990568161,
            0.6552429795265198,
            0.1294260025024414,
            0.07014200091362,
            0.0,
            1.0,
            0.0,
            0.0,
            0.0,
            1.0
        ],
        [
            0.0002894999925047159,
            -0.35646700859069824,
            0.25619998574256897,
            0.03349100053310394,
            0.03349100053310394,
            0.7244790196418762,
            0.0,
            1.0,
            0.0,
            0.0,
            0.0,
            1.0
        ],
        [
            -0.34891900420188904,
            -0.35436099767684937,
            0.08797019720077515,
            0.05851230025291443,
            0.626708984375,
            0.05087370052933693,
            0.6089670062065125,
            0.7892469763755798,
            0.07904809713363647,
            -0.1394290030002594,
            0.00840608961880207,
            0.9901959896087646
        ],
        [
            0.3943459987640381,
            -0.44361498951911926,
            0.41964200139045715,
            0.665490984916687,
            0.13164600729942322,
            0.06358499825000763,
            0.0,
            1.0,
            0.0,
            0.0,
            0.0,
            1.0
        ],
        [
            -0.31445199251174927,
            0.3718549907207489,
            -0.291610985994339,
            1.0271199941635132,
            0.08650519698858261,
            0.07698260247707367,
            -0.001859450014308095,
            0.9948030114173889,
            -0.10179699957370758,
            -0.28744998574256897,
            0.09696940332651138,
            0.9528740048408508
        ],
        [
            0.0013775599654763937,
            0.3823789954185486,
            -0.32524898648262024,
            0.6901159882545471,
            0.030961899086833,
            0.24960200488567352,
            -0.002561009954661131,
            0.9962319731712341,
            -0.08668860048055649,
            -0.0027935300022363663,
            0.08668140321969986,
            0.9962319731712341
        ],
        [
            0.0003459000145085156,
            0.7667530179023743,
            -0.3507919907569885,
            0.2337539941072464,
            0.05680939927697182,
            0.5944079756736755,
            -0.0015777599764987826,
            0.9963819980621338,
            -0.08496759831905365,
            -0.0017180299619212747,
            0.08496490120887756,
            0.9963819980621338
        ]
    ],
    "ops": [
        [
            0,
            0,
            0,
            2,
            1,
            0,
            0,
            0,
            1,
            2,
            1,
            1,
            1,
            0,
            2,
            0,
            0,
            1,
            1,
            1
        ]
    ],
    "syms": [
        [
            0.0,
            0.9999340176582336,
            -0.007917709648609161,
            -0.008335580118000507,
            0.00018406000162940472,
            -0.4507080018520355,
            -0.25258898735046387,
            0.0
        ],
        [
            0.0,
            0.9999589920043945,
            0.0012224200181663036,
            0.008950039744377136,
            0.002148820087313652,
            -0.3539319932460785,
            0.0911123976111412,
            0.0
        ],
        [
            0.0,
            0.9997770190238953,
            -0.020584799349308014,
            -0.004669659771025181,
            -0.0004397330048959702,
            0.36538898944854736,
            -0.2930769920349121,
            0.0
        ]
    ],
    "labels:": [
        [
            1,
            2,
            2,
            2,
            2,
            2,
            0,
            0,
            0
        ]
    ],
    "obj": 40328,
    "mat_index": 3624,
    "obbs": "N 13\n0.00137756 0.382379 -0.325249 -0.00256101 0.996232 -0.0866886 -0.00279353 0.0866814 0.996232 0.999993 0.00279353 0.00256101 0.690116 0.0309619 0.249602\n0.0003459 0.766753 -0.350792 -0.00157776 0.996382 -0.0849676 -0.00171803 0.0849649 0.996382 0.999997 0.00171803 0.00157776 0.233754 0.0568094 0.594408\n0.000227951 -0.0486346 0.0715654 1 -0.000761101 -1.02783e-05 0.000761101 0.999635 0.027004 -1.02783e-05 -0.027004 0.999635 0.851569 0.183666 0.765503\n0.313573 0.358924 -0.294544 -0.00843548 -0.991661 0.128601 0.886332 -0.0669577 -0.458183 0.462973 0.110118 0.879505 1.05214 0.0830091 0.104583\n-0.314452 0.371855 -0.291611 -0.00185945 0.994803 -0.101797 -0.28745 0.0969694 0.952874 0.957794 0.0310335 0.285776 1.02712 0.0865052 0.0769826\n0.353217 -0.353502 0.0942546 0.571666 -0.814135 -0.101895 0.807516 0.580268 -0.105863 0.145313 -0.0217634 0.989146 0.0597138 0.0619413 0.622987\n0.0002895 -0.239603 -0.252474 1 0 0 0 1 0 0 0 1 0.561741 0.033491 0.033491\n-0.348919 -0.354361 0.0879702 0.608967 0.789247 0.0790481 0.780845 -0.614019 0.115163 0.139429 -0.00840609 -0.990196 0.0585123 0.0508737 0.626709\n0.0002895 -0.356467 0.2562 1 0 0 0 1 0 0 0 1 0.724479 0.033491 0.033491\n0.394346 -0.443615 0.419642 1 0 0 0 1 0 0 0 1 0.063585 0.665491 0.131646\n-0.393657 -0.443117 0.435036 1 0 0 0 1 0 0 0 1 0.063811 0.666486 0.100851\n0.308983 -0.453153 -0.255163 0.99999 0.00301104 0.00331029 -0.00301104 -0.0944729 0.995523 0.00331029 -0.995523 -0.0944629 0.0682903 0.10266 0.650869\n-0.308615 -0.448263 -0.250015 1 0 0 0 1 0 0 0 1 0.070142 0.655243 0.129426\nC 36\n0 2\n0 3\n0 11\n0 4\n0 12\n0 1\n1 3\n1 4\n2 8\n2 12\n2 5\n2 9\n2 6\n2 10\n2 3\n2 7\n2 11\n2 4\n3 11\n3 6\n3 5\n4 7\n4 12\n4 6\n5 9\n5 6\n5 8\n5 11\n6 7\n6 11\n6 12\n7 12\n7 10\n7 8\n8 9\n8 10\nS 4\n2\n3 0.313573 0.358924 -0.294544\n4 -0.314452 0.371855 -0.291611\n2\n-0.000439733 0.365389 -0.293077\n-0.999777 0.0205848 0.00466966\n2\n5 0.353217 -0.353502 0.0942546\n7 -0.348919 -0.354361 0.0879702\n2\n0.00214882 -0.353932 0.0911124\n-0.999959 -0.00122242 -0.00895004\n2\n9 0.394346 -0.443615 0.419642\n10 -0.393657 -0.443117 0.435036\n2\n0.000344 -0.443366 0.427339\n-0.999809 0.000632491 0.0195324\n2\n11 0.308983 -0.453153 -0.255163\n12 -0.308615 -0.448263 -0.250015\n2\n0.00018406 -0.450708 -0.252589\n-0.999934 0.00791771 0.00833558\nL 13\n0\n0\n1\n0\n0\n2\n2\n2\n2\n2\n2\n2\n2"
}