{
    "boxes": [
        [
            -0.00031599999056197703,
            -0.09241150319576263,
            0.14638599753379822,
            0.11696899682283401,
            0.6762019991874695,
            0.8350120186805725,
            0.0,
            1.0,
            0.0,
            0.0,
            0.0,
            1.0
        ],
        [
            -0.4454199969768524,
            0.04904460161924362,
            0.13420499861240387,
            0.4001930058002472,
            0.7484549880027771,
            0.09512180089950562,
            -0.0005942439893260598,
            0.9782540202140808,
            -0.20740699768066406,
            -0.0006534280255436897,
            0.20740699768066406,
            0.9782549738883972
        ],
        [
            -0.4456560015678406,
            -0.6776250004768372,
            -0.3035939931869507,
            0.06129499897360802,
            0.13204899430274963,
            0.05940999835729599,
            0.0,
            1.0,
            0.0,
            0.0,
            0.0,
            1.0
        ],
        [
            -0.44628798961639404,
            -0.3774760067462921,
            -0.2166379988193512,
            0.6390169858932495,
            0.148717999458313,
            0.06620970368385315,
            0.010669000446796417,
            0.9747849702835083,
            0.2228900045156479,
            -0.01797330006957054,
            -0.222680002450943,
            0.9747260212898254
        ],
        [
            -0.44565701484680176,
            -0.6726670265197754,
            0.4828369915485382,
            0.0703129991889,
            0.13090099394321442,
            0.059404999017715454,
            0.0,
            1.0,
            0.0,
            0.0,
            0.0,
            1.0
        ],
        [
            -0.4456560015678406,
            -0.35736000537872314,
            0.44565701484680176,
            0.6043540239334106,
            0.13267700374126434,
            0.05940999835729599,
            0.0,
            1.0,
            0.0,
            0.0,
            0.0,
            1.0
        ],
        [
            -0.44582998752593994,
            0.31686899065971375,
            -0.27446600794792175,
            0.48347198963165283,
            0.09980890154838562,
            0.06765849888324738,
            0.0006961220060475171,
            0.9067569971084595,
            -0.42165398597717285,
            0.12973399460315704,
            0.4180079996585846,
            0.8991320133209229
        ],
        [
            -0.0003164999943692237,
            0.4462679922580719,
            -0.32592299580574036,
            0.10139100253582001,
            0.032596100121736526,
            0.7979009747505188,
            1.1496299467950166e-09,
            0.9046909809112549,
            -0.4260689914226532,
            1.812169969639399e-09,
            0.4260689914226532,
            0.9046909809112549
        ],
        [
            -0.00031599999056197703,
            0.5010799765586853,
            -0.3657020032405853,
            0.05524099990725517,
            0.05524099990725517,
            0.8350120186805725,
            0.0,
            1.0,
            0.0,
            0.0,
            0.0,
            1.0
        ],
        [
            -0.0003164999943692237,
            0.3497900068759918,
            -0.2803179919719696,
            0.1070059984922409,
            0.03302469849586487,
            0.7979549765586853,
            0.0003574969887267798,
            0.9044920206069946,
            -0.42649099230766296,
            0.0005638150032609701,
            0.42649099230766296,
            0.9044920206069946
        ],
        [
            -0.0003164999943692237,
            0.24070000648498535,
            -0.2452480047941208,
            0.10670299828052521,
            0.03249960020184517,
            0.7979009747505188,
            1.4325099995105006e-09,
            0.984050989151001,
            -0.1778869926929474,
            1.7146799535794344e-09,
            0.1778869926929474,
            0.984050989151001
        ],
        [
            -0.34359899163246155,
            -0.12296699732542038,
            0.13018399477005005,
            0.07723399996757507,
            0.5989779829978943,
            0.076105996966362,
            0.0,
            1.0,
            0.0,
            0.0,
            0.0,
            1.0
        ],
        [
            -0.34360700845718384,
            0.19649900496006012,
            -0.2666909992694855,
            0.6150490045547485,
            0.047158099710941315,
            0.0827530026435852,
            -0.011901100166141987,
            0.9591789841651917,
            -0.2825480103492737,
            -0.01591089926660061,
            0.28235098719596863,
            0.9591789841651917
        ]
    ],
    "ops": [
        [
            0,
            0,
            2,
            1,
            0,
            0,
            1,
            0,
            0,
            1,
            1,
            2,
            1,
            0,
            2,
            0,
            0,
            1,
            1,
            0,
            0,
            1,
            2,
            0,
            0,
            1,
            2,
            1,
            1,
            1
        ]
    ],
    "syms": [
        [
            0.0,
            0.9999709725379944,
            0.007541799917817116,
            0.00045704300282523036,
            -0.0015028399648144841,
            0.05239259824156761,
            0.13440799713134766,
            0.0
        ],
        [
            0.0,
            0.9998810291290283,
            0.015404400415718555,
            5.051720108895097e-06,
            -0.00031624999246560037,
            -0.6707640290260315,
            -0.3035919964313507,
            0.0
        ],
        [
            0.0,
            0.9999520182609558,
            0.00949180033057928,
            -0.0023181799333542585,
            -0.00038730300730094314,
            0.3210969865322113,
            -0.27549898624420166,
            0.0
        ],
        [
            0.0,
            -8.882319879610634e-10,
            0.9750369787216187,
            -0.22204099595546722,
            -0.0003164999943692237,
            0.1856909990310669,
            -0.2429479956626892,
            0.0
        ],
        [
            0.0,
            0.9999939799308777,
            0.0014499600511044264,
            -0.0032174400985240936,
            -0.00031624999246560037,
            -0.12246900051832199,
            0.12907999753952026,
            0.0
        ]
    ],
    "labels:": [
        [
            1,
            3,
            2,
            2,
            2,
            2,
            0,
            0,
            0,
            0,
            0,
            0,
            0
        ]
    ],
    "obj": 2580,
    "mat_index": 365,
    "obbs": "N 23\n0.442415 0.0557406 0.134611 0.00186589 0.993787 -0.111284 0.999974 -0.00263676 -0.0067803 -0.0070316 -0.111269 -0.993765 0.419197 0.0951197 0.738718\n-0.44542 0.0490446 0.134205 -0.000594244 0.978254 -0.207407 1 0.000716848 0.000515968 0.000653428 -0.207407 -0.978255 0.400193 0.0951218 0.748455\n-0.000316 -0.0924115 0.146386 1 0 0 0 1 0 0 0 1 0.835012 0.116969 0.676202\n0.445055 0.325326 -0.276532 -0.150608 -0.432908 -0.888768 0.988588 -0.0688758 -0.133974 -0.00321604 -0.898803 0.438341 0.0979342 0.069268 0.466313\n-0.44583 0.316869 -0.274466 -0.129734 -0.418008 -0.899132 0.991549 -0.0553288 -0.117346 -0.000696122 -0.906757 0.421654 0.0998089 0.0676585 0.483472\n-0.0003165 0.0215925 -0.205579 1 0 0 0 0.178259 0.983984 0 -0.983984 0.178259 0.797901 0.0324823 0.106699\n-0.0003165 0.131147 -0.225414 1 0 0 -0 0.178681 0.983907 0 -0.983907 0.178681 0.797901 0.0325241 0.106709\n-0.0003165 0.2407 -0.245248 1 -1.71468e-09 -1.43251e-09 1.71468e-09 0.177887 0.984051 -1.43251e-09 -0.984051 0.177887 0.797901 0.0324996 0.106703\n-0.0003165 0.34979 -0.280318 1 -0.000563815 -0.000357497 0.000563815 0.426491 0.904492 -0.000357497 -0.904492 0.426491 0.797955 0.0330247 0.107006\n-0.0003165 0.446268 -0.325923 1 -1.81217e-09 -1.14963e-09 1.81217e-09 0.426069 0.904691 -1.14963e-09 -0.904691 0.426069 0.797901 0.0325961 0.101391\n-0.000316 0.50108 -0.365702 1 0 0 0 1 0 0 0 1 0.835012 0.055241 0.055241\n0.445024 -0.663903 -0.30359 1 0 0 0 1 0 0 0 1 0.059409 0.088739 0.132058\n-0.445657 -0.672667 0.482837 1 0 0 0 1 0 0 0 1 0.059405 0.070313 0.130901\n0.445023 -0.672667 0.482845 1 0 0 0 1 0 0 0 1 0.059404 0.070313 0.130885\n-0.445656 -0.677625 -0.303594 1 0 0 0 1 0 0 0 1 0.05941 0.061295 0.132049\n-0.343599 -0.122967 0.130184 1 0 0 0 1 0 0 0 1 0.076106 0.077234 0.598978\n0.342967 -0.121972 0.127975 1 0 0 0 1 0 0 0 1 0.076105 0.079225 0.603396\n0.444519 -0.373981 -0.199211 0.00216138 -0.981433 -0.191795 0.996045 -0.0149236 0.0875901 -0.0888261 -0.191225 0.977519 0.607131 0.0719655 0.163851\n-0.446288 -0.377476 -0.216638 -0.010669 -0.974785 -0.22289 0.999782 -0.0144054 0.0151444 -0.0179733 -0.22268 0.974726 0.639017 0.0662097 0.148718\n-0.445656 -0.35736 0.445657 1 0 0 0 1 0 0 0 1 0.05941 0.604354 0.132677\n0.445024 -0.368313 0.46272 1 0 0 0 1 0 0 0 1 0.059409 0.582665 0.098549\n0.342605 0.197786 -0.266926 -0.998957 0.0105476 -0.0444355 -0.0397001 0.280411 0.959059 0.022576 0.959822 -0.2797 0.0901871 0.0480268 0.612645\n-0.343607 0.196499 -0.266691 -0.0119011 0.959179 -0.282548 -0.0159109 0.282351 0.959179 0.999803 0.0159109 0.0119011 0.615049 0.0471581 0.082753\nC 98\n0 20\n0 7\n0 17\n0 21\n0 5\n0 8\n0 2\n0 6\n0 9\n0 16\n0 3\n1 6\n1 15\n1 5\n1 19\n1 4\n1 9\n1 18\n1 7\n1 2\n1 22\n1 8\n2 22\n2 5\n2 6\n2 17\n2 18\n2 7\n2 19\n2 20\n2 3\n2 4\n2 16\n2 21\n2 15\n3 7\n3 17\n3 6\n3 5\n3 21\n3 10\n3 16\n3 9\n3 8\n4 10\n4 5\n4 15\n4 6\n4 8\n4 22\n4 7\n4 18\n4 9\n5 8\n5 18\n5 21\n5 17\n5 7\n5 16\n5 6\n5 22\n5 15\n6 9\n6 7\n6 16\n6 17\n6 15\n6 18\n6 8\n6 21\n6 22\n7 22\n7 8\n7 21\n7 18\n7 10\n7 9\n8 21\n8 9\n8 22\n8 10\n9 21\n9 22\n9 10\n10 21\n10 22\n11 17\n12 19\n13 20\n14 18\n15 19\n15 22\n15 18\n16 20\n16 17\n16 21\n17 21\n18 22\nS 10\n2\n0 0.442415 0.0557406 0.134611\n1 -0.44542 0.0490446 0.134205\n2\n-0.00150284 0.0523926 0.134408\n-0.999971 -0.0075418 -0.000457043\n2\n3 0.445055 0.325326 -0.276532\n4 -0.44583 0.316869 -0.274466\n2\n-0.000387303 0.321097 -0.275499\n-0.999952 -0.0094918 0.00231818\n2\n5 -0.0003165 0.0215925 -0.205579\n8 -0.0003165 0.34979 -0.280318\n2\n-0.0003165 0.185691 -0.242948\n-8.88232e-10 0.975037 -0.222041\n2\n6 -0.0003165 0.131147 -0.225414\n7 -0.0003165 0.2407 -0.245248\n2\n-0.0003165 0.185923 -0.235331\n6.54264e-15 0.984002 -0.178157\n2\n11 0.445024 -0.663903 -0.30359\n14 -0.445656 -0.677625 -0.303594\n2\n-0.00031625 -0.670764 -0.303592\n-0.999881 -0.0154044 -5.05172e-06\n2\n12 -0.445657 -0.672667 0.482837\n13 0.445023 -0.672667 0.482845\n2\n-0.00031675 -0.672667 0.482841\n1 0 8.98191e-06\n2\n15 -0.343599 -0.122967 0.130184\n16 0.342967 -0.121972 0.127975\n2\n-0.00031625 -0.122469 0.12908\n0.999994 0.00144996 -0.00321744\n2\n17 0.444519 -0.373981 -0.199211\n18 -0.446288 -0.377476 -0.216638\n2\n-0.00088442 -0.375728 -0.207925\n-0.999801 -0.00392279 -0.0195592\n2\n19 -0.445656 -0.35736 0.445657\n20 0.445024 -0.368313 0.46272\n2\n-0.00031625 -0.362837 0.454188\n0.999741 -0.0122947 0.0191534\n2\n21 0.342605 0.197786 -0.266926\n22 -0.343607 0.196499 -0.266691\n2\n-0.000500736 0.197143 -0.266809\n-0.999998 -0.00187476 0.000342987\nL 23\n3\n3\n1\n0\n0\n0\n0\n0\n0\n0\n0\n2\n2\n2\n2\n0\n0\n2\n2\n2\n2\n0\n0"
}