{
    "boxes": [
        [
            -0.002002499997615814,
            -0.1445319950580597,
            0.18520499765872955,
            0.1544400006532669,
            0.7542009949684143,
            0.7324209809303284,
            0.0,
            1.0,
            0.0,
            0.0,
            0.0,
            1.0
        ],
        [
            0.322282999753952,
            -0.519707977771759,
            -0.2148279994726181,
            0.6203849911689758,
            0.0913626030087471,
            0.0748101994395256,
            -0.013284199871122837,
            0.9708510041236877,
            0.239315003156662,
            0.23466500639915466,
            -0.22962500154972076,
            0.944566011428833
        ],
        [
            -0.33339399099349976,
            -0.5172569751739502,
            0.5394570231437683,
            0.5910099744796753,
            0.04436299949884415,
            0.039733998477458954,
            0.0,
            1.0,
            0.0,
            0.0,
            0.0,
            1.0
        ],
        [
            -0.013971200212836266,
            0.284278005361557,
            -0.2466209977865219,
            0.8624650239944458,
            0.16208499670028687,
            0.7302209734916687,
            0.008671009913086891,
            0.9574620127677917,
            -0.28842800855636597,
            0.011667399667203426,
            0.28832200169563293,
            0.9574620127677917
        ]
    ],
    "ops": [
        [
            0,
            0,
            0,
            1,
            2,
            1,
            0,
            1
        ]
    ],
    "syms": [
        [
            0.0,
            0.9996259808540344,
            -8.332040306413546e-05,
            -0.02734369970858097,
            -0.009201140142977238,
            -0.5196800231933594,
            -0.20576100051403046,
            0.0
        ]
    ],
    "labels:": [
        [
            1,
            2,
            2,
            0
        ]
    ],
    "obj": 40396,
    "mat_index": 3661,
    "obbs": "N 6\n-0.0139712 0.284278 -0.246621 0.999894 -0.0116674 -0.00867101 0.0116674 0.288322 0.957462 -0.00867101 -0.957462 0.288428 0.730221 0.162085 0.862465\n-0.0020025 -0.144532 0.185205 1 0 0 0 1 0 0 0 1 0.732421 0.15444 0.754201\n-0.340685 -0.519652 -0.196694 -0.0169703 0.970349 0.24111 -0.0541621 -0.241683 0.968843 0.998388 0.00338256 0.0566576 0.620662 0.0796552 0.0565969\n0.322283 -0.519708 -0.214828 0.971985 0.0687068 -0.224775 0.234665 -0.229625 0.944566 0.0132842 -0.970851 -0.239315 0.0748102 0.0913626 0.620385\n0.343715 -0.517257 0.540474 1 0 0 0 1 0 0 0 1 0.039734 0.59101 0.044363\n-0.333394 -0.517257 0.539457 1 0 0 0 1 0 0 0 1 0.039734 0.59101 0.044363\nC 7\n0 1\n0 3\n0 2\n1 2\n1 3\n1 4\n1 5\nS 2\n2\n2 -0.340685 -0.519652 -0.196694\n3 0.322283 -0.519708 -0.214828\n2\n-0.00920114 -0.51968 -0.205761\n0.999626 -8.33204e-05 -0.0273437\n2\n4 0.343715 -0.517257 0.540474\n5 -0.333394 -0.517257 0.539457\n2\n0.0051605 -0.517257 0.539965\n-0.999999 0 -0.0015005\nL 6\n0\n1\n2\n2\n2\n2"
}