{
    "boxes": [
        [
            0.010764500126242638,
            -0.21088600158691406,
            0.09002400189638138,
            0.3333190083503723,
            0.606902003288269,
            0.5841410160064697,
            0.0,
            1.0,
            0.0,
            0.0,
            0.0,
            1.0
        ],
        [
            -0.2670550048351288,
            -0.01703990064561367,
            0.07025119662284851,
            0.3778719902038574,
            0.5954740047454834,
            0.1502390056848526,
            -0.4287149906158447,
            0.8993229866027832,
            -0.08614800125360489,
            0.011542599648237228,
            0.10080000013113022,
            0.9948400259017944
        ],
        [
            -0.2579610049724579,
            -0.33918699622154236,
            0.37108200788497925,
            0.11072999984025955,
            0.04033000022172928,
            0.040329400449991226,
            0.2503809928894043,
            0.9681469798088074,
            -1.439270022274286e-06,
            1.439270022274286e-06,
            1.1143999927298864e-06,
            1.0
        ],
        [
            0.006811770144850016,
            0.3718400001525879,
            -0.28706198930740356,
            1.0795199871063232,
            0.15421299636363983,
            0.38696399331092834,
            -0.0013884799554944038,
            0.954820990562439,
            -0.2971769869327545,
            -0.0018863199511542916,
            0.29717499017715454,
            0.954820990562439
        ],
        [
            0.00582539988681674,
            0.8141630291938782,
            -0.48890799283981323,
            0.09736199676990509,
            0.08501429855823517,
            0.2578809857368469,
            1.290969976253109e-05,
            0.7949540019035339,
            0.6066700220108032,
            6.387509984051576e-06,
            -0.6066700220108032,
            0.7949540019035339
        ]
    ],
    "ops": [
        [
            0,
            0,
            2,
            1,
            0,
            2,
            1,
            0,
            0,
            1,
            1
        ]
    ],
    "syms": [
        [
            0.0,
            0.9999780058860779,
            -0.0066518401727080345,
            0.00039147899951785803,
            0.004781479947268963,
            -0.018848100677132607,
            0.07035770267248154,
            0.0
        ],
        [
            0.0,
            1.0,
            -2.483469927483384e-07,
            -1.7349799463772797e-07,
            0.009683949872851372,
            -0.33918800950050354,
            0.37108200788497925,
            0.0
        ]
    ],
    "labels:": [
        [
            1,
            3,
            2,
            0,
            0
        ]
    ],
    "obj": 40406,
    "mat_index": 3666,
    "obbs": "N 7\n0.00681177 0.37184 -0.287062 0.999997 0.00188632 0.00138848 -0.00188632 0.297175 0.954821 0.00138848 -0.954821 0.297177 0.386964 0.154213 1.07952\n0.0058254 0.814163 -0.488908 1 -6.38751e-06 -1.29097e-05 6.38751e-06 -0.60667 0.794954 -1.29097e-05 -0.794954 -0.60667 0.257881 0.0850143 0.097362\n0.0107645 -0.210886 0.090024 1 0 0 0 1 0 0 0 1 0.584141 0.333319 0.606902\n0.277329 -0.339188 0.371082 0.250379 -0.968148 -2.38162e-07 0.968148 0.250379 3.07591e-07 -2.38162e-07 -3.07591e-07 1 0.11073 0.0403294 0.04033\n-0.257961 -0.339187 0.371082 -0.250381 -0.968147 1.43927e-06 0.968147 -0.250381 -1.1144e-06 1.43927e-06 1.1144e-06 1 0.11073 0.0403294 0.04033\n0.276618 -0.0206564 0.0704641 0.406067 0.906814 -0.113131 0.913773 -0.401378 0.0625683 0.0113295 -0.128783 -0.991608 0.368755 0.154683 0.603054\n-0.267055 -0.0170399 0.0702512 -0.0115426 -0.1008 -0.99484 0.903366 0.425508 -0.0535951 0.428715 -0.899323 0.086148 0.595474 0.150239 0.377872\nC 11\n0 1\n0 2\n0 6\n0 5\n2 6\n2 3\n2 5\n2 4\n3 5\n4 6\n5 6\nS 2\n2\n3 0.277329 -0.339188 0.371082\n4 -0.257961 -0.339187 0.371082\n2\n0.00968395 -0.339188 0.371082\n-1 2.48347e-07 1.73498e-07\n2\n5 0.276618 -0.0206564 0.0704641\n6 -0.267055 -0.0170399 0.0702512\n2\n0.00478148 -0.0188481 0.0703577\n-0.999978 0.00665184 -0.000391479\nL 7\n0\n0\n1\n2\n2\n3\n3"
}