{
    "boxes": [
        [
            -0.0011609999928623438,
            -0.13903699815273285,
            0.10660599917173386,
            0.6678439974784851,
            1.0078200101852417,
            0.9457939863204956,
            0.0,
            1.0,
            0.0,
            0.0,
            0.0,
            1.0
        ],
        [
            -0.5265870094299316,
            9.391530329594389e-05,
            0.07271590083837509,
            0.9445189833641052,
            1.126520037651062,
            0.16597899794578552,
            -0.012966400012373924,
            0.9999139904975891,
            0.0021170300897210836,
            -0.0021170300897210836,
            -0.0021446601022034883,
            0.9999949932098389
        ],
        [
            0.00572599982842803,
            0.14254699647426605,
            -0.3394030034542084,
            1.217900037765503,
            0.2788519859313965,
            1.1765799522399902,
            -4.981130091730179e-12,
            0.9987859725952148,
            -0.04925980046391487,
            -5.233090002998431e-12,
            0.04925980046391487,
            0.9987859725952148
        ]
    ],
    "ops": [
        [
            0,
            0,
            2,
            1,
            0,
            1
        ]
    ],
    "syms": [
        [
            0.0,
            1.0,
            -4.3863300902557967e-07,
            -9.245459659723565e-05,
            0.004974659997969866,
            9.368210157845169e-05,
            0.07266680151224136,
            0.0
        ]
    ],
    "labels:": [
        [
            1,
            3,
            0
        ]
    ],
    "obj": 40408,
    "mat_index": 3667,
    "obbs": "N 4\n0.005726 0.142547 -0.339403 -4.98113e-12 0.998786 -0.0492598 -5.23309e-12 0.0492598 0.998786 1 5.23287e-12 4.98137e-12 1.2179 0.278852 1.17658\n0.536536 9.34489e-05 0.0726176 -0.0129438 -0.999914 0.00200492 0.999914 -0.0129478 -0.00197913 0.00200492 0.00197913 0.999996 0.948997 0.166159 1.12297\n-0.526587 9.39153e-05 0.0727159 0.0129664 -0.999914 -0.00211703 0.999914 0.0129619 0.00214466 -0.00211703 -0.00214466 0.999995 0.944519 0.165979 1.12652\n-0.001161 -0.139037 0.106606 1 0 0 0 1 0 0 0 1 0.945794 0.667844 1.00782\nC 5\n0 1\n0 3\n0 2\n1 3\n2 3\nS 1\n2\n1 0.536536 9.34489e-05 0.0726176\n2 -0.526587 9.39153e-05 0.0727159\n2\n0.00497466 9.36821e-05 0.0726668\n-1 4.38633e-07 9.24546e-05\nL 4\n0\n3\n3\n1"
}