{
    "boxes": [
        [
            -0.002315320074558258,
            -0.108364999294281,
            0.11770600080490112,
            0.4105919897556305,
            0.5850309729576111,
            0.5244939923286438,
            -0.0004298370040487498,
            0.9817079901695251,
            -0.19039100408554077,
            -4.129619992454536e-05,
            0.19039100408554077,
            0.9817079901695251
        ],
        [
            -0.24329200387001038,
            -0.14583900570869446,
            0.3940039873123169,
            0.37002599239349365,
            0.04324660077691078,
            0.042688000947237015,
            -0.0,
            0.9866939783096313,
            -0.16258999705314636,
            0.0,
            0.16258999705314636,
            0.9866939783096313
        ],
        [
            -0.24329200387001038,
            -0.38201799988746643,
            -0.0628025010228157,
            0.16476799547672272,
            1.1477099657058716,
            0.042688000947237015,
            0.0,
            1.0,
            0.0,
            0.0,
            0.0,
            1.0
        ],
        [
            -0.24837400019168854,
            -0.3250569999217987,
            0.1466660052537918,
            0.06084040179848671,
            0.5045509934425354,
            0.026426000520586967,
            -2.1931100461111507e-16,
            0.9876880049705505,
            -0.15643399953842163,
            -3.4735398416245266e-17,
            0.15643399953842163,
            0.9876880049705505
        ],
        [
            -0.24269999563694,
            -0.2300650030374527,
            -0.14618100225925446,
            0.3808020055294037,
            0.05992269888520241,
            0.0609951987862587,
            0.004624459892511368,
            0.9870110154151917,
            -0.1605830043554306,
            -0.5669519901275635,
            0.13486899435520172,
            0.8126350045204163
        ],
        [
            0.23845499753952026,
            -0.23200100660324097,
            -0.14573299884796143,
            0.3765200078487396,
            0.05324679985642433,
            0.05038909986615181,
            -0.000694959016982466,
            0.9881529808044434,
            -0.1534699946641922,
            -0.1635109931230545,
            0.15129199624061584,
            0.9748719930648804
        ],
        [
            -0.0024109999649226665,
            -0.33400100469589233,
            -0.1300400048494339,
            0.04878680035471916,
            0.024393700063228607,
            0.43907400965690613,
            -0.0,
            0.9864410161972046,
            -0.1641159951686859,
            0.0,
            0.1641159951686859,
            0.9864410161972046
        ],
        [
            -0.0024117000866681337,
            0.4222230017185211,
            -0.31736499071121216,
            0.6343430280685425,
            0.015001599676907063,
            0.024754799902439117,
            -0.00677858991548419,
            0.972553014755249,
            -0.2325810045003891,
            -0.008590529672801495,
            0.23252199590206146,
            0.972553014755249
        ],
        [
            -0.0024109999649226665,
            0.7737720012664795,
            -0.3855369985103607,
            0.08394569903612137,
            0.05874650180339813,
            0.43907400965690613,
            -0.0,
            0.9597439765930176,
            -0.2808769941329956,
            0.0,
            0.2808769941329956,
            0.9597439765930176
        ],
        [
            -0.11005400121212006,
            0.4239310026168823,
            -0.31022199988365173,
            0.6344450116157532,
            0.015922699123620987,
            0.029733799397945404,
            0.012866100296378136,
            0.9720569849014282,
            -0.2343900054693222,
            0.14854000508785248,
            0.22995099425315857,
            0.9617999792098999
        ],
        [
            -0.07374560087919235,
            0.4229690134525299,
            -0.3142470121383667,
            0.6344419717788696,
            0.016185199841856956,
            0.02990660071372986,
            0.012028000317513943,
            0.972100019454956,
            -0.23425699770450592,
            0.14747799932956696,
            0.2299869954586029,
            0.9619539976119995
        ],
        [
            -0.03715210035443306,
            0.4224039912223816,
            -0.3166080117225647,
            0.6343389749526978,
            0.016487499698996544,
            0.02629780024290085,
            -0.0057160998694598675,
            0.9727410078048706,
            -0.23182600736618042,
            0.12501700222492218,
            0.23070600628852844,
            0.9649590253829956
        ],
        [
            -0.24338899552822113,
            0.41582900285720825,
            -0.2854050099849701,
            0.9591770172119141,
            0.0629212036728859,
            0.06320010125637054,
            -0.012406500056385994,
            0.9696030020713806,
            -0.2443690001964569,
            -0.14952600002288818,
            0.23984000086784363,
            0.959227979183197
        ]
    ],
    "ops": [
        [
            0,
            0,
            0,
            0,
            1,
            1,
            2,
            0,
            0,
            0,
            2,
            1,
            1,
            1,
            1,
            0,
            0,
            2,
            1,
            0,
            0,
            1,
            0,
            0,
            1,
            1,
            2,
            1,
            1
        ]
    ],
    "syms": [
        [
            0.0,
            1.0,
            0.0,
            0.0,
            -0.0024109999649226665,
            -0.14583900570869446,
            0.3940039873123169,
            0.0
        ],
        [
            0.0,
            0.0,
            0.16411900520324707,
            0.9864410161972046,
            -0.0024109999649226665,
            -0.28854599595069885,
            0.14316700398921967,
            0.0
        ],
        [
            0.0,
            0.0,
            0.9720020294189453,
            -0.2349739968776703,
            -0.0024109999649226665,
            0.42989400029182434,
            -0.30240699648857117,
            0.0
        ],
        [
            0.0,
            1.0,
            0.0001463639928260818,
            0.00060648302314803,
            -0.002427930012345314,
            0.42394599318504333,
            -0.310155987739563,
            0.0
        ]
    ],
    "labels:": [
        [
            1,
            2,
            2,
            2,
            2,
            2,
            2,
            0,
            0,
            0,
            0,
            0,
            0
        ]
    ],
    "obj": 40414,
    "mat_index": 3670,
    "obbs": "N 22\n-0.002411 0.086016 -0.219277 1 0 0 0 0.25528 0.966867 0 -0.966867 0.25528 0.439074 0.0562592 0.0663142\n-0.002411 0.773772 -0.385537 1 0 0 0 0.280877 0.959744 0 -0.959744 0.280877 0.439074 0.0587465 0.0839457\n-0.00231532 -0.108365 0.117706 1 0.000429837 -4.12962e-05 -0.000429837 0.981708 -0.190391 -4.12962e-05 0.190391 0.981708 0.524494 0.410592 0.585031\n0.105198 0.423962 -0.310091 -0.986807 -0.0591493 -0.150712 -0.160375 0.22952 0.96 -0.0221919 0.971505 -0.235978 0.0359145 0.0158699 0.634546\n0.0690311 0.422994 -0.31414 0.0196931 0.971667 -0.235533 0.157202 0.229639 0.960497 0.98737 -0.0559413 -0.148225 0.634559 0.0198164 0.0360051\n0.0325311 0.42243 -0.316503 0.999918 -0.0100635 -0.00792303 0.0100635 0.234634 0.972032 -0.00792303 -0.972032 0.234716 0.026003 0.0179669 0.634392\n-0.0024117 0.422223 -0.317365 -0.00677859 0.972553 -0.232581 -0.00859053 0.232522 0.972553 0.99994 0.00859053 0.00677859 0.634343 0.0150016 0.0247548\n-0.0371521 0.422404 -0.316608 0.992138 -0.0234663 -0.122928 0.125017 0.230706 0.964959 0.0057161 -0.972741 0.231826 0.0262978 0.0164875 0.634339\n-0.0737456 0.422969 -0.314247 0.012028 0.9721 -0.234257 0.147478 0.229987 0.961954 0.988992 -0.046118 -0.140597 0.634442 0.0161852 0.0299066\n-0.110054 0.423931 -0.310222 0.0128661 0.972057 -0.23439 0.14854 0.229951 0.9618 0.988823 -0.047191 -0.141431 0.634445 0.0159227 0.0297338\n0.23847 -0.382018 -0.0628025 1 0 0 0 1 0 0 0 1 0.042688 0.164768 1.14771\n-0.243292 -0.382018 -0.0628025 1 0 0 0 1 0 0 0 1 0.042688 0.164768 1.14771\n-0.248374 -0.325057 0.146666 -2.19311e-16 0.987688 -0.156434 1 2.22045e-16 0 3.47354e-17 -0.156434 -0.987688 0.0608404 0.026426 0.504551\n-0.002411 -0.334001 -0.13004 1 0 0 0 0.164116 0.986441 0 -0.986441 0.164116 0.439074 0.0243937 0.0487868\n0.243552 -0.325057 0.146666 -2.19311e-16 0.987688 -0.156434 1 2.22045e-16 0 3.47354e-17 -0.156434 -0.987688 0.0608404 0.026426 0.504551\n-0.002411 -0.243091 0.416374 1 0 0 0 0.164112 0.986442 0 -0.986442 0.164112 0.439074 0.0243937 0.0487866\n0.238455 -0.232001 -0.145733 -0.000694959 0.988153 -0.15347 0.986541 0.0257715 0.161468 0.163511 -0.151292 -0.974872 0.37652 0.0503891 0.0532468\n-0.243292 -0.145839 0.394004 1 0 0 0 0.16259 0.986694 0 -0.986694 0.16259 0.042688 0.0432466 0.370026\n-0.2427 -0.230065 -0.146181 0.00462446 0.987011 -0.160583 0.823738 0.0872851 0.560212 0.566952 -0.134869 -0.812635 0.380802 0.0609952 0.0599227\n0.23847 -0.145839 0.394004 1 0 0 0 0.16259 0.986694 0 -0.986694 0.16259 0.042688 0.0432466 0.370026\n0.238452 0.409995 -0.284015 -0.991252 -0.0307219 -0.128355 -0.131975 0.240059 0.961745 0.0012662 0.970272 -0.242014 0.049614 0.0624656 0.971041\n-0.243389 0.415829 -0.285405 -0.98868 -0.0484401 -0.142005 -0.149526 0.23984 0.959228 -0.0124065 0.969603 -0.244369 0.0632001 0.0629212 0.959177\nC 103\n0 20\n0 7\n0 4\n0 21\n0 18\n0 5\n0 8\n0 2\n0 6\n0 9\n0 16\n0 3\n1 6\n1 21\n1 5\n1 3\n1 20\n1 4\n1 9\n1 7\n1 8\n2 5\n2 6\n2 17\n2 11\n2 18\n2 12\n2 7\n2 8\n2 19\n2 13\n2 20\n2 3\n2 14\n2 4\n2 9\n2 16\n2 10\n2 21\n2 15\n3 7\n3 6\n3 5\n3 16\n3 9\n3 4\n3 20\n3 8\n4 5\n4 16\n4 6\n4 8\n4 7\n4 9\n4 20\n5 8\n5 21\n5 7\n5 20\n5 16\n5 9\n5 6\n6 9\n6 7\n6 20\n6 8\n6 21\n7 8\n7 21\n7 18\n7 20\n7 9\n8 21\n8 18\n8 9\n9 21\n9 18\n10 13\n10 14\n10 19\n10 20\n10 15\n10 16\n11 21\n11 15\n11 13\n11 18\n11 12\n11 17\n12 17\n12 13\n12 18\n12 15\n13 16\n13 18\n13 14\n14 15\n14 19\n14 16\n15 19\n15 17\n16 20\n18 21\nS 9\n2\n0 -0.002411 0.086016 -0.219277\n1 -0.002411 0.773772 -0.385537\n2\n-0.002411 0.429894 -0.302407\n0 0.972002 -0.234974\n2\n9 -0.110054 0.423931 -0.310222\n3 0.105198 0.423962 -0.310091\n2\n-0.00242793 0.423946 -0.310156\n1 0.000146364 0.000606483\n2\n8 -0.0737456 0.422969 -0.314247\n4 0.0690311 0.422994 -0.31414\n2\n-0.00235727 0.422981 -0.314193\n1 0.000174043 0.000746804\n2\n7 -0.0371521 0.422404 -0.316608\n5 0.0325311 0.42243 -0.316503\n2\n-0.00231049 0.422417 -0.316555\n0.999999 0.000372096 0.00151025\n2\n10 0.23847 -0.382018 -0.0628025\n11 -0.243292 -0.382018 -0.0628025\n2\n-0.002411 -0.382018 -0.0628025\n-1 0 0\n2\n12 -0.248374 -0.325057 0.146666\n14 0.243552 -0.325057 0.146666\n2\n-0.002411 -0.325057 0.146666\n1 0 0\n2\n13 -0.002411 -0.334001 -0.13004\n15 -0.002411 -0.243091 0.416374\n2\n-0.002411 -0.288546 0.143167\n0 0.164119 0.986441\n2\n17 -0.243292 -0.145839 0.394004\n19 0.23847 -0.145839 0.394004\n2\n-0.002411 -0.145839 0.394004\n1 0 0\n2\n20 0.238452 0.409995 -0.284015\n21 -0.243389 0.415829 -0.285405\n2\n-0.00246824 0.412912 -0.28471\n-0.999923 0.0121081 -0.0028848\nL 22\n0\n0\n1\n0\n0\n0\n0\n0\n0\n0\n2\n2\n2\n2\n2\n2\n2\n2\n2\n2\n0\n0"
}