{
    "boxes": [
        [
            -0.005150869954377413,
            -0.017069799825549126,
            0.0015097500290721655,
            0.26149699091911316,
            0.6452000141143799,
            1.1532599925994873,
            -0.0037503400817513466,
            0.9999330043792725,
            -0.010991699993610382,
            -2.0611900254152715e-05,
            0.010991699993610382,
            0.9999399781227112
        ],
        [
            0.48298799991607666,
            0.2512339949607849,
            0.09039629995822906,
            0.49957799911499023,
            0.488646000623703,
            0.1394360065460205,
            0.047426000237464905,
            0.9988740086555481,
            0.0007179490057751536,
            0.24625100195407867,
            -0.012388399802148342,
            0.9691269993782043
        ],
        [
            -0.5141509771347046,
            -0.7863659858703613,
            0.17201699316501617,
            0.10861700028181076,
            0.08371499925851822,
            0.10235799849033356,
            0.0,
            1.0,
            0.0,
            0.0,
            0.0,
            1.0
        ],
        [
            -0.29622700810432434,
            -0.7910460233688354,
            -0.15845000743865967,
            0.0981770008802414,
            0.0667629987001419,
            0.09585300087928772,
            0.0,
            1.0,
            0.0,
            0.0,
            0.0,
            1.0
        ],
        [
            -0.5005069971084595,
            -0.4466640055179596,
            0.17559599876403809,
            0.6632000207901001,
            0.12711699306964874,
            0.112015001475811,
            0.0,
            1.0,
            0.0,
            0.0,
            0.0,
            1.0
        ],
        [
            -0.29933100938796997,
            -0.4474070072174072,
            -0.16136400401592255,
            0.6485059857368469,
            0.10238499939441681,
            0.13110600411891937,
            0.0,
            1.0,
            0.0,
            0.0,
            0.0,
            1.0
        ],
        [
            -0.02433829940855503,
            0.2575039863586426,
            -0.15589700639247894,
            0.49504101276397705,
            0.32965201139450073,
            0.9765679836273193,
            -0.017645100131630898,
            0.9998379945755005,
            -0.003665710100904107,
            0.03484490141272545,
            0.004278989974409342,
            0.9993839859962463
        ]
    ],
    "ops": [
        [
            0,
            0,
            2,
            1,
            0,
            0,
            0,
            0,
            1,
            1,
            1,
            2,
            1,
            0,
            1
        ]
    ],
    "syms": [
        [
            0.0,
            0.9982380270957947,
            -0.013013499788939953,
            -0.057891301810741425,
            -0.019745200872421265,
            0.2577880024909973,
            0.11955200135707855,
            0.0
        ],
        [
            0.0,
            0.9996349811553955,
            -0.026993999257683754,
            -0.0006987639935687184,
            -0.0052235000766813755,
            -0.8001099824905396,
            0.17166200280189514,
            0.0
        ]
    ],
    "labels:": [
        [
            1,
            3,
            2,
            2,
            2,
            2,
            0
        ]
    ],
    "obj": 40416,
    "mat_index": 3672,
    "obbs": "N 12\n-0.0243383 0.257504 -0.155897 -0.0176451 0.999838 -0.00366571 0.0348449 0.00427899 0.999384 0.999237 0.0175065 -0.0349148 0.495041 0.329652 0.976568\n0.482988 0.251234 0.0903963 -0.047426 -0.998874 -0.000717949 0.968045 -0.045785 -0.246561 0.246251 -0.0123884 0.969127 0.499578 0.139436 0.488646\n-0.522479 0.264342 0.148707 0.167365 0.0112057 -0.985831 0.985817 0.0106455 0.167484 0.0123715 -0.999881 -0.00926512 0.362395 0.10458 0.469548\n-0.00515087 -0.0170698 0.00150975 0.999993 0.00375034 -2.06119e-05 -0.00375034 0.999933 -0.0109917 -2.06119e-05 0.0109917 0.99994 1.15326 0.261497 0.6452\n0.502074 -0.461478 0.175487 1 0 0 0 1 0 0 0 1 0.126841 0.71413 0.12696\n-0.500507 -0.446664 0.175596 1 0 0 0 1 0 0 0 1 0.112015 0.6632 0.127117\n-0.299331 -0.447407 -0.161364 1 0 0 0 1 0 0 0 1 0.131106 0.648506 0.102385\n0.292193 -0.445318 -0.161598 1 0 0 0 1 0 0 0 1 0.131417 0.659516 0.1023\n0.293538 -0.794302 -0.158367 1 0 0 0 1 0 0 0 1 0.095322 0.10466 0.067009\n0.503704 -0.813852 0.171306 1 0 0 0 1 0 0 0 1 0.076154 0.084489 0.082158\n-0.514151 -0.786366 0.172017 1 0 0 0 1 0 0 0 1 0.102358 0.108617 0.083715\n-0.296227 -0.791046 -0.15845 1 0 0 0 1 0 0 0 1 0.095853 0.098177 0.066763\nC 23\n0 7\n0 3\n0 4\n0 5\n0 1\n0 6\n0 2\n1 3\n1 4\n1 7\n2 5\n2 6\n2 3\n3 7\n3 6\n3 5\n3 4\n4 7\n4 9\n5 6\n5 10\n6 11\n7 8\nS 5\n2\n1 0.482988 0.251234 0.0903963\n2 -0.522479 0.264342 0.148707\n2\n-0.0197452 0.257788 0.119552\n-0.998238 0.0130135 0.0578913\n2\n4 0.502074 -0.461478 0.175487\n5 -0.500507 -0.446664 0.175596\n2\n0.000783 -0.454071 0.175542\n-0.999891 0.0147743 0.000109206\n2\n6 -0.299331 -0.447407 -0.161364\n7 0.292193 -0.445318 -0.161598\n2\n-0.00356875 -0.446362 -0.161481\n0.999994 0.00353153 -0.00039474\n2\n8 0.293538 -0.794302 -0.158367\n11 -0.296227 -0.791046 -0.15845\n2\n-0.00134475 -0.792674 -0.158409\n-0.999985 0.00551991 -0.000140732\n2\n9 0.503704 -0.813852 0.171306\n10 -0.514151 -0.786366 0.172017\n2\n-0.0052235 -0.80011 0.171662\n-0.999635 0.026994 0.000698764\nL 12\n0\n3\n3\n1\n2\n2\n2\n2\n2\n2\n2\n2"
}