{
    "boxes": [
        [
            0.0009689999860711396,
            -0.21578100323677063,
            0.09904850274324417,
            0.7361429929733276,
            1.2963800430297852,
            0.9376479983329773,
            0.0,
            1.0,
            0.0,
            0.0,
            0.0,
            1.0
        ],
        [
            -0.5319219827651978,
            0.03375989943742752,
            0.520222008228302,
            0.9384819865226746,
            0.1137240007519722,
            0.13768599927425385,
            0.021334800869226456,
            0.9908589720726013,
            -0.13320299983024597,
            -0.03547649830579758,
            0.1338990032672882,
            0.9903600215911865
        ],
        [
            -0.5226619839668274,
            0.38314199447631836,
            -0.05182880163192749,
            0.11864300072193146,
            1.0550199747085571,
            0.13557299971580505,
            -0.0023392699658870697,
            0.9743040204048157,
            -0.2252269983291626,
            -0.00026686201454140246,
            0.2252269983291626,
            0.9743059873580933
        ],
        [
            -0.523186981678009,
            -0.4886929988861084,
            0.5611500144004822,
            0.21024300158023834,
            0.04887460172176361,
            0.09524620324373245,
            0.010188099928200245,
            0.9938910007476807,
            0.10989300161600113,
            0.009123270399868488,
            -0.10998599976301193,
            0.9938910007476807
        ],
        [
            0.002820929978042841,
            0.34967300295829773,
            -0.36380600929260254,
            0.6524230241775513,
            0.18118900060653687,
            0.8732669949531555,
            -0.0006620470085181296,
            0.9565050005912781,
            -0.2917160093784332,
            -0.0008940640254877508,
            0.29171499609947205,
            0.9565050005912781
        ],
        [
            6.541379843838513e-05,
            0.35488298535346985,
            -0.4834969937801361,
            0.7258859872817993,
            0.24597099423408508,
            0.939985990524292,
            -0.00531901977956295,
            0.987093985080719,
            -0.16005200147628784,
            -0.006250840146094561,
            0.16001899540424347,
            0.987093985080719
        ]
    ],
    "ops": [
        [
            0,
            0,
            0,
            1,
            2,
            1,
            0,
            2,
            1,
            0,
            0,
            1,
            1
        ]
    ],
    "syms": [
        [
            0.0,
            0.9999520182609558,
            0.008147040382027626,
            0.005497700069099665,
            -0.00805026013404131,
            0.03802809864282608,
            0.5231019854545593,
            0.0
        ],
        [
            0.0,
            0.9999470114707947,
            -0.010184399783611298,
            -0.0011714400025084615,
            0.00024195399601012468,
            -0.49402499198913574,
            0.5605369806289673,
            0.0
        ]
    ],
    "labels:": [
        [
            1,
            3,
            3,
            2,
            0,
            0
        ]
    ],
    "obj": 40440,
    "mat_index": 3685,
    "obbs": "N 9\n0.00282093 0.349673 -0.363806 -0.000662047 0.956505 -0.291716 -0.000894064 0.291715 0.956505 0.999999 0.000894064 0.000662047 0.652423 0.181189 0.873267\n0.000969 -0.215781 0.0990485 1 0 0 0 1 0 0 0 1 0.937648 0.736143 1.29638\n0.515822 0.0422963 0.525983 -0.999093 0.0138762 -0.040255 -0.0379807 0.136939 0.989851 0.0192478 0.990482 -0.136288 0.136266 0.100311 0.929847\n-0.531922 0.0337599 0.520222 -0.999143 0.0164035 -0.0380089 -0.0354765 0.133899 0.99036 0.0213348 0.990859 -0.133203 0.137686 0.113724 0.938482\n0.523954 0.383361 -0.0535141 -0.000742466 -0.222535 -0.974924 0.00658908 0.974903 -0.222535 0.999978 -0.00658908 0.000742466 1.05174 0.117618 0.135972\n-0.522662 0.383142 -0.0518288 0.999997 0.00233927 -0.000266862 -0.00233927 0.974304 -0.225227 -0.000266862 0.225227 0.974306 0.135573 0.118643 1.05502\n6.54138e-05 0.354883 -0.483497 -0.00531902 0.987094 -0.160052 -0.00625084 0.160019 0.987094 0.999966 0.00625084 0.00531902 0.725886 0.245971 0.939986\n0.523671 -0.499356 0.559924 0.999999 -0.000712564 -0.000796457 0.000712564 -0.110846 0.993837 -0.000796457 -0.993837 -0.110846 0.095387 0.0487958 0.188394\n-0.523187 -0.488693 0.56115 0.999906 -0.00912327 -0.0101881 0.00912327 -0.109986 0.993891 -0.0101881 -0.993891 -0.109893 0.0952462 0.0488746 0.210243\nC 17\n0 1\n0 6\n0 5\n0 4\n1 2\n1 3\n1 4\n1 5\n1 8\n1 6\n1 7\n2 7\n2 4\n3 5\n3 8\n4 6\n5 6\nS 3\n2\n2 0.515822 0.0422963 0.525983\n3 -0.531922 0.0337599 0.520222\n2\n-0.00805026 0.0380281 0.523102\n-0.999952 -0.00814704 -0.0054977\n2\n4 0.523954 0.383361 -0.0535141\n5 -0.522662 0.383142 -0.0518288\n2\n0.000645957 0.383251 -0.0526714\n-0.999999 -0.000209163 0.00161029\n2\n7 0.523671 -0.499356 0.559924\n8 -0.523187 -0.488693 0.56115\n2\n0.000241954 -0.494025 0.560537\n-0.999947 0.0101844 0.00117144\nL 9\n0\n1\n3\n3\n3\n3\n0\n2\n2"
}