{
    "boxes": [
        [
            0.004123750142753124,
            -0.14376200735569,
            0.18800899386405945,
            0.23139500617980957,
            0.8676699995994568,
            0.8306819796562195,
            0.0038249599747359753,
            0.9754909873008728,
            -0.22000600397586823,
            0.00042597600258886814,
            0.22000600397586823,
            0.9754989743232727
        ],
        [
            0.379952996969223,
            0.06605540215969086,
            0.13036899268627167,
            0.14938299357891083,
            0.7395309805870056,
            0.09409339725971222,
            -0.15703299641609192,
            0.9712070226669312,
            0.17915700376033783,
            0.001477280049584806,
            -0.18117700517177582,
            0.9834489822387695
        ],
        [
            -0.367480993270874,
            -0.30667901039123535,
            0.6589720249176025,
            0.4609229862689972,
            0.15670399367809296,
            0.09987320005893707,
            -0.03499529883265495,
            0.7966529726982117,
            -0.6034240126609802,
            -0.0011764500522986054,
            0.6037600040435791,
            0.7971649765968323
        ],
        [
            -0.36324501037597656,
            -0.3796840012073517,
            -0.35861799120903015,
            0.11761300265789032,
            0.450111985206604,
            0.10598000138998032,
            -0.23692399263381958,
            0.8184419870376587,
            -0.5234689712524414,
            -0.02819490060210228,
            0.532791018486023,
            0.8457769751548767
        ],
        [
            0.37858501076698303,
            0.18262900412082672,
            -0.26451998949050903,
            0.7407050132751465,
            0.12029000371694565,
            0.09382069855928421,
            -0.013060799799859524,
            0.8971030116081238,
            -0.44162899255752563,
            -0.14395800232887268,
            0.43537798523902893,
            0.8886629939079285
        ],
        [
            -0.2130959928035736,
            0.18554900586605072,
            -0.2685849964618683,
            0.7554460167884827,
            0.12993499636650085,
            0.21014100313186646,
            -0.030853599309921265,
            0.9053249955177307,
            -0.4235970079898834,
            0.03380180150270462,
            0.4245010018348694,
            0.9047960042953491
        ],
        [
            0.004157280083745718,
            0.5819010138511658,
            -0.44827699661254883,
            0.2111310064792633,
            0.11066699773073196,
            0.8300510048866272,
            -0.001523899962194264,
            0.9511190056800842,
            -0.30882200598716736,
            -0.002097019925713539,
            0.3088180124759674,
            0.9511190056800842
        ],
        [
            -0.05813489854335785,
            0.19049599766731262,
            -0.2703459858894348,
            0.7682390213012695,
            0.1250929981470108,
            0.08891180157661438,
            0.010391400195658207,
            0.9061390161514282,
            -0.4228520095348358,
            -0.03324899822473526,
            0.4229539930820465,
            0.9055410027503967
        ]
    ],
    "ops": [
        [
            0,
            0,
            2,
            1,
            0,
            0,
            1,
            2,
            1,
            0,
            0,
            1,
            2,
            0,
            0,
            2,
            1,
            1,
            1
        ]
    ],
    "syms": [
        [
            0.0,
            0.9998520016670227,
            -0.006293570157140493,
            -0.01598759926855564,
            0.0031093100551515818,
            0.06842739880084991,
            0.13639500737190247,
            0.0
        ],
        [
            0.0,
            0.9999899864196777,
            0.002490099985152483,
            0.003732719924300909,
            0.004112230148166418,
            -0.30575400590896606,
            0.6603590250015259,
            0.0
        ],
        [
            0.0,
            0.9995549917221069,
            -0.02534469962120056,
            -0.01571750082075596,
            0.004750410094857216,
            0.19210800528526306,
            -0.2586419880390167,
            0.0
        ],
        [
            0.0,
            0.9950680136680603,
            -0.04897870123386383,
            0.0862564966082573,
            0.0033038801047950983,
            0.18747200071811676,
            -0.2650209963321686,
            0.0
        ]
    ],
    "labels:": [
        [
            1,
            3,
            2,
            2,
            0,
            0,
            0,
            0
        ]
    ],
    "obj": 40446,
    "mat_index": 3688,
    "obbs": "N 14\n0.00415728 0.581901 -0.448277 -0.0015239 0.951119 -0.308822 -0.00209702 0.308818 0.951119 0.999997 0.00209702 0.0015239 0.211131 0.110667 0.830051\n0.00412375 -0.143762 0.188009 0.999993 -0.00382496 0.000425976 0.00382496 0.975491 -0.220006 0.000425976 0.220006 0.975499 0.830682 0.231395 0.86767\n0.378585 0.182629 -0.26452 0.143958 -0.435378 -0.888663 0.989498 0.0751824 0.123458 0.0130608 -0.897103 0.441629 0.12029 0.0938207 0.740705\n0.21934 0.186348 -0.266395 0.999182 -0.0340343 -0.0218428 0.0340343 0.41596 0.908746 -0.0218428 -0.908746 0.416778 0.211191 0.128193 0.756676\n0.0647426 0.184448 -0.259695 -0.0620979 -0.405755 -0.91187 0.997988 -0.0369272 -0.051531 -0.0127638 -0.913235 0.407232 0.125702 0.0844673 0.756492\n-0.0581349 0.190496 -0.270346 0.033249 -0.422954 -0.905541 0.999393 0.00464959 0.0345233 -0.0103914 -0.906139 0.422852 0.125093 0.0889118 0.768239\n-0.369084 0.201587 -0.252764 -0.126715 -0.415032 -0.900939 0.991936 -0.055187 -0.114091 -0.00236863 -0.908131 0.418679 0.14164 0.0987502 0.762811\n-0.213096 0.185549 -0.268585 0.998952 0.0135979 -0.043699 0.0338018 0.424501 0.904796 0.0308536 -0.905325 0.423597 0.210141 0.129935 0.755446\n-0.367481 -0.306679 0.658972 -0.0349953 0.796653 -0.603424 0.999387 0.0286069 -0.0201915 0.00117645 -0.60376 -0.797165 0.460923 0.0998732 0.156704\n0.375705 -0.304829 0.661746 -0.164831 -0.606055 -0.778157 0.986322 -0.100877 -0.130359 0.000507166 -0.789 0.614393 0.158475 0.102764 0.462599\n0.37415 -0.377067 -0.346222 -0.0119284 -0.555293 -0.831569 0.996288 -0.0775064 0.037465 -0.085256 -0.828035 0.554157 0.47192 0.0930693 0.109161\n-0.363245 -0.379684 -0.358618 0.0281949 -0.532791 -0.845777 0.971119 0.215144 -0.103155 0.236924 -0.818442 0.523469 0.450112 0.10598 0.117613\n0.379953 0.0660554 0.130369 -0.00147728 0.181177 -0.983449 0.987592 0.154699 0.027016 0.157033 -0.971207 -0.179157 0.739531 0.0940934 0.149383\n-0.373735 0.0707995 0.142421 -0.18878 -0.959585 -0.208708 0.982016 -0.183924 -0.0426165 0.0025077 -0.213 0.977049 0.135855 0.0902329 0.763113\nC 43\n0 2\n0 7\n0 3\n0 4\n0 5\n0 6\n1 3\n1 6\n1 11\n1 2\n1 5\n1 10\n1 13\n1 4\n1 9\n1 12\n1 8\n1 7\n2 12\n2 10\n2 3\n2 4\n3 7\n3 10\n3 5\n3 12\n3 4\n4 7\n4 12\n4 10\n4 5\n5 6\n5 13\n5 11\n5 7\n6 7\n6 11\n6 13\n7 11\n7 13\n8 13\n9 12\n10 12\nS 6\n2\n6 -0.369084 0.201587 -0.252764\n2 0.378585 0.182629 -0.26452\n2\n0.00475041 0.192108 -0.258642\n0.999555 -0.0253447 -0.0157175\n2\n7 -0.213096 0.185549 -0.268585\n3 0.21934 0.186348 -0.266395\n2\n0.00312192 0.185948 -0.26749\n0.999985 0.00184773 0.00506455\n2\n5 -0.0581349 0.190496 -0.270346\n4 0.0647426 0.184448 -0.259695\n2\n0.00330388 0.187472 -0.265021\n0.995068 -0.0489787 0.0862565\n2\n8 -0.367481 -0.306679 0.658972\n9 0.375705 -0.304829 0.661746\n2\n0.00411223 -0.305754 0.660359\n0.99999 0.0024901 0.00373272\n2\n10 0.37415 -0.377067 -0.346222\n11 -0.363245 -0.379684 -0.358618\n2\n0.00545217 -0.378376 -0.35242\n-0.999852 -0.0035484 -0.0168088\n2\n12 0.379953 0.0660554 0.130369\n13 -0.373735 0.0707995 0.142421\n2\n0.00310931 0.0684274 0.136395\n-0.999852 0.00629357 0.0159876\nL 14\n0\n1\n0\n0\n0\n0\n0\n0\n2\n2\n2\n2\n3\n3"
}