{
    "boxes": [
        [
            -0.002314500045031309,
            -0.11630000174045563,
            0.15120700001716614,
            0.15778200328350067,
            0.9286249876022339,
            0.8823170065879822,
            0.0,
            1.0,
            0.0,
            0.0,
            0.0,
            1.0
        ],
        [
            -0.43906500935554504,
            0.11503899842500687,
            0.16857199370861053,
            0.3562360107898712,
            0.7084540128707886,
            0.143776997923851,
            -0.30322501063346863,
            0.776951014995575,
            0.5517259836196899,
            0.019995300099253654,
            -0.5736700296401978,
            0.8188419938087463
        ],
        [
            -0.4650000035762787,
            0.22613300383090973,
            0.0876741036772728,
            0.09559640288352966,
            0.5274530053138733,
            0.11502400040626526,
            0.6202009916305542,
            0.7807919979095459,
            0.0755997970700264,
            -0.10813599824905396,
            -0.010357099585235119,
            0.994081974029541
        ],
        [
            -0.4620630145072937,
            0.21219700574874878,
            0.04259970039129257,
            0.07941920310258865,
            0.5198550224304199,
            0.09825529903173447,
            0.13711899518966675,
            0.9867179989814758,
            -0.08709940314292908,
            -0.20006400346755981,
            0.11370500177145004,
            0.9731630086898804
        ],
        [
            -0.4092479944229126,
            -0.44231200218200684,
            -0.39726099371910095,
            0.6989579796791077,
            0.1333180069923401,
            0.05528229847550392,
            0.10195600241422653,
            0.929295003414154,
            0.3549860119819641,
            0.44282498955726624,
            -0.3619379997253418,
            0.8203089833259583
        ],
        [
            -0.374345988035202,
            -0.43700000643730164,
            0.4924440085887909,
            0.6857879757881165,
            0.1280529946088791,
            0.04823260009288788,
            0.03689369931817055,
            0.9872369766235352,
            -0.1549219936132431,
            -0.04693349823355675,
            0.1565690040588379,
            0.9865509867668152
        ],
        [
            0.36764299869537354,
            -0.4369019865989685,
            0.49301499128341675,
            0.6798310279846191,
            0.07260909676551819,
            0.05177890136837959,
            -0.03636220097541809,
            0.9979730248451233,
            -0.05223099887371063,
            0.05223099887371063,
            0.05409200116991997,
            0.997169017791748
        ],
        [
            0.0012603399809449911,
            0.24523499608039856,
            -0.2930060029029846,
            0.8541060090065002,
            0.24035200476646423,
            0.8431800007820129,
            -0.008212810382246971,
            0.9862170219421387,
            -0.16525399684906006,
            -0.009703090414404869,
            0.1651729941368103,
            0.9862170219421387
        ]
    ],
    "ops": [
        [
            0,
            0,
            0,
            0,
            1,
            1,
            2,
            1,
            0,
            2,
            0,
            0,
            1,
            1,
            1,
            0,
            1
        ]
    ],
    "syms": [
        [
            0.0,
            0.999970018863678,
            -0.006625730078667402,
            0.0040876599960029125,
            0.002974139992147684,
            0.11210999637842178,
            0.17037899792194366,
            0.0
        ],
        [
            0.0,
            0.9999669790267944,
            -0.007810700219124556,
            -0.0022448899690061808,
            -0.001172529999166727,
            -0.445499986410141,
            -0.39817699790000916,
            0.0
        ]
    ],
    "labels:": [
        [
            1,
            3,
            3,
            3,
            2,
            2,
            2,
            0
        ]
    ],
    "obj": 40458,
    "mat_index": 3697,
    "obbs": "N 12\n0.00126034 0.245235 -0.293006 -0.00821281 0.986217 -0.165254 -0.00970309 0.165173 0.986217 0.999919 0.00970309 0.00821281 0.854106 0.240352 0.84318\n0.463723 0.226147 0.0876397 0.777696 0.623767 -0.0781306 -0.619278 0.781543 0.0753951 0.108091 -0.0102499 0.994088 0.114921 0.0956111 0.527392\n0.456599 0.208959 0.0432138 0.921607 0.323171 -0.214946 -0.339365 0.939707 -0.0422214 0.188342 0.111857 0.975713 0.0996507 0.0886379 0.523123\n-0.465 0.226133 0.0876741 -0.776954 0.624705 -0.0780079 0.620201 0.780792 0.0755998 0.108136 0.0103571 -0.994082 0.115024 0.0955964 0.527453\n-0.462063 0.212197 0.0425997 0.200064 -0.113705 -0.973163 0.137119 0.986718 -0.0870994 0.970141 -0.116014 0.212998 0.519855 0.0794192 0.0982553\n-0.0023145 -0.1163 0.151207 1 0 0 0 1 0 0 0 1 0.882317 0.157782 0.928625\n-0.409248 -0.442312 -0.397261 -0.442825 0.361938 -0.820309 0.890792 0.0735617 -0.448417 -0.101956 -0.929295 -0.354986 0.133318 0.0552823 0.698958\n-0.374346 -0.437 0.492444 0.0368937 0.987237 -0.154922 0.998216 -0.0291265 0.0521109 0.0469335 -0.156569 -0.986551 0.685788 0.0482326 0.128053\n0.367643 -0.436902 0.493015 0.0363622 -0.997973 0.052231 0.997973 0.0335312 -0.054092 0.052231 0.054092 0.997169 0.679831 0.0517789 0.0726091\n0.406903 -0.448687 -0.399093 -0.0786766 0.943496 0.321908 0.881766 -0.0847836 0.464005 0.46508 0.320354 -0.825272 0.685539 0.0592058 0.114281\n0.445013 0.109181 0.172186 0.0632657 0.587894 -0.806461 0.934361 -0.318827 -0.15912 -0.350667 -0.743458 -0.569476 0.705247 0.14884 0.355853\n-0.439065 0.115039 0.168572 0.303225 -0.776951 -0.551726 0.952709 0.259325 0.158416 0.0199953 -0.57367 0.818842 0.356236 0.143777 0.708454\nC 27\n0 10\n0 3\n0 11\n0 4\n0 5\n0 1\n0 6\n0 9\n0 2\n1 2\n1 5\n1 10\n2 5\n2 10\n3 11\n3 5\n3 4\n4 5\n4 11\n5 9\n5 6\n5 8\n5 11\n5 10\n5 7\n7 11\n8 10\nS 4\n2\n1 0.463723 0.226147 0.0876397\n3 -0.465 0.226133 0.0876741\n2\n-0.000638662 0.22614 0.0876569\n-1 -1.51618e-05 3.7046e-05\n2\n2 0.456599 0.208959 0.0432138\n4 -0.462063 0.212197 0.0425997\n2\n-0.00273228 0.210578 0.0429067\n-0.999994 0.00352536 -0.000668446\n2\n6 -0.409248 -0.442312 -0.397261\n9 0.406903 -0.448687 -0.399093\n2\n-0.00117253 -0.4455 -0.398177\n0.999967 -0.0078107 -0.00224489\n2\n10 0.445013 0.109181 0.172186\n11 -0.439065 0.115039 0.168572\n2\n0.00297414 0.11211 0.170379\n-0.99997 0.00662573 -0.00408766\nL 12\n0\n3\n3\n3\n3\n1\n2\n2\n2\n2\n3\n3"
}