{
    "boxes": [
        [
            0.0007074999739415944,
            -0.06829799711704254,
            0.05711499974131584,
            0.21665999293327332,
            0.9005460143089294,
            1.0236999988555908,
            0.0,
            1.0,
            0.0,
            0.0,
            0.0,
            1.0
        ],
        [
            -0.50901198387146,
            0.44283899664878845,
            0.038776498287916183,
            0.1110450029373169,
            0.5142470002174377,
            0.10440000146627426,
            0.0,
            1.0,
            0.0,
            0.0,
            0.0,
            1.0
        ],
        [
            -0.5095549821853638,
            0.1521569937467575,
            0.17496900260448456,
            0.552478015422821,
            0.1992260068655014,
            0.11756200343370438,
            -0.00785278994590044,
            0.9817690253257751,
            0.1899150013923645,
            0.129038006067276,
            -0.1873379945755005,
            0.973783016204834
        ],
        [
            -0.37551501393318176,
            -0.4327870011329651,
            0.12664400041103363,
            0.1453610062599182,
            0.5735710263252258,
            0.08576119691133499,
            0.18136300146579742,
            0.9831079840660095,
            -0.024633800610899925,
            -0.10401199758052826,
            0.04408470168709755,
            0.993598997592926
        ],
        [
            -0.4051400125026703,
            -0.4548279941082001,
            0.42245298624038696,
            0.6320279836654663,
            0.07959999889135361,
            0.08594799786806107,
            0.0,
            1.0,
            0.0,
            0.0,
            0.0,
            1.0
        ],
        [
            0.003174880053848028,
            -0.43327099084854126,
            0.14960500597953796,
            0.05387809872627258,
            0.10014799982309341,
            0.7623519897460938,
            0.007779920008033514,
            0.9999459981918335,
            -0.006940800230950117,
            0.1045520007610321,
            0.006089560221880674,
            0.994500994682312
        ],
        [
            -0.36199599504470825,
            -0.4618000090122223,
            -0.17503300309181213,
            0.6531040072441101,
            0.11192400008440018,
            0.0750569999217987,
            0.0,
            1.0,
            0.0,
            0.0,
            0.0,
            1.0
        ],
        [
            0.0058650001883506775,
            0.487295001745224,
            -0.3298949897289276,
            0.26871299743652344,
            0.34981799125671387,
            1.0667099952697754,
            0.0,
            1.0,
            0.0,
            0.0,
            0.0,
            1.0
        ],
        [
            0.0032542101107537746,
            0.19815899431705475,
            -0.4038589894771576,
            0.39035698771476746,
            0.0633912980556488,
            0.13357000052928925,
            0.01796640083193779,
            0.9748929738998413,
            -0.22194600105285645,
            0.02251170016825199,
            0.22153200209140778,
            0.9748929738998413
        ],
        [
            -0.17935800552368164,
            0.19406500458717346,
            -0.3696399927139282,
            0.42960798740386963,
            0.06785699725151062,
            0.18648900091648102,
            -0.03508460149168968,
            0.9826419949531555,
            -0.18216200172901154,
            0.26976799964904785,
            0.1848199963569641,
            0.9450219869613647
        ],
        [
            0.3605310022830963,
            0.14841799437999725,
            -0.2775390148162842,
            0.49672698974609375,
            0.11077199876308441,
            0.11019399762153625,
            0.06302239745855331,
            0.9937440156936646,
            -0.09220069646835327,
            -0.5870109796524048,
            0.11162400245666504,
            0.8018460273742676
        ]
    ],
    "ops": [
        [
            0,
            0,
            0,
            1,
            2,
            1,
            0,
            0,
            1,
            2,
            0,
            0,
            2,
            1,
            1,
            1,
            0,
            0,
            1,
            0,
            0,
            1,
            2,
            1,
            1
        ]
    ],
    "syms": [
        [
            0.0,
            0.9999769926071167,
            -0.0009584670187905431,
            0.006781789939850569,
            0.007325440179556608,
            0.4423440098762512,
            0.04227830097079277,
            0.0
        ],
        [
            0.0,
            0.9998260140419006,
            0.01849140040576458,
            -0.002605050103738904,
            0.005802759900689125,
            -0.4257349967956543,
            0.12565100193023682,
            0.0
        ],
        [
            0.0,
            0.9999769926071167,
            -0.00574014987796545,
            0.0035873400047421455,
            0.006932499818503857,
            -0.463918000459671,
            -0.17371000349521637,
            0.0
        ],
        [
            0.0,
            0.9992960095405579,
            0.036445099860429764,
            -0.008875159546732903,
            0.006406890228390694,
            0.20083999633789062,
            -0.371289998292923,
            0.0
        ]
    ],
    "labels:": [
        [
            1,
            3,
            3,
            2,
            2,
            2,
            2,
            0,
            0,
            0,
            0
        ]
    ],
    "obj": 40483,
    "mat_index": 3710,
    "obbs": "N 18\n0.005865 0.487295 -0.329895 1 0 0 0 1 0 0 0 1 1.06671 0.268713 0.349818\n0.0007075 -0.068298 0.057115 1 0 0 0 1 0 0 0 1 1.0237 0.21666 0.900546\n-0.179358 0.194065 -0.36964 0.962286 -0.0159857 -0.271569 0.269768 0.18482 0.945022 0.0350846 -0.982642 0.182162 0.186489 0.067857 0.429608\n0.00325421 0.198159 -0.403859 0.999585 -0.0225117 -0.0179664 0.0225117 0.221532 0.974893 -0.0179664 -0.974893 0.221946 0.13357 0.0633913 0.390357\n0.192171 0.207615 -0.37294 0.0799355 0.976624 -0.19954 -0.34637 0.21492 0.913147 0.934686 -0.00387818 0.355453 0.420064 0.084752 0.190627\n0.523663 0.441849 0.0457801 0.109443 -0.991686 -0.0676912 0.993946 0.10852 0.0171644 -0.00967576 -0.06916 0.997559 0.10927 0.110602 0.502946\n-0.509012 0.442839 0.0387765 1 0 0 0 1 0 0 0 1 0.1044 0.111045 0.514247\n0.522005 0.151535 0.175905 -0.0131399 -0.985756 -0.16767 0.993041 -0.0324914 0.113199 -0.117035 -0.165016 0.979323 0.5506 0.117918 0.184188\n-0.509555 0.152157 0.174969 0.00785279 -0.981769 -0.189915 0.991609 0.0321531 -0.125214 0.129038 -0.187338 0.973783 0.552478 0.117562 0.199226\n0.00317488 -0.433271 0.149605 0.994489 -0.00846281 -0.104499 0.00777992 0.999946 -0.0069408 0.104552 0.00608956 0.994501 0.762352 0.0538781 0.100148\n0.38712 -0.418683 0.124657 -0.00440199 -0.999131 0.0414544 0.995623 -0.00824919 -0.0930976 0.0933586 0.0408631 0.994794 0.130407 0.083205 0.56828\n-0.375515 -0.432787 0.126644 0.104012 -0.0440847 -0.993599 0.9779 -0.17764 0.11025 -0.181363 -0.983108 0.0246338 0.573571 0.0857612 0.145361\n-0.40514 -0.454828 0.422453 1 0 0 0 1 0 0 0 1 0.085948 0.632028 0.0796\n0.417288 -0.456551 0.427654 1 0 0 0 1 0 0 0 1 0.084873 0.628944 0.068779\n0.37586 -0.466036 -0.172386 1 0 0 0 1 0 0 0 1 0.077319 0.645065 0.103246\n-0.361996 -0.4618 -0.175033 1 0 0 0 1 0 0 0 1 0.075057 0.653104 0.111924\n0.360531 0.148418 -0.277539 -0.807122 -0.00358859 -0.590374 -0.587011 0.111624 0.801846 0.0630224 0.993744 -0.0922007 0.110194 0.110772 0.496727\n-0.356183 0.14174 -0.268741 -0.0647704 0.994179 -0.0860958 0.582746 0.10772 0.805483 0.810069 0.00199945 -0.586331 0.538884 0.12347 0.12763\nC 55\n0 2\n0 16\n0 3\n0 17\n0 4\n0 5\n0 6\n1 3\n1 17\n1 15\n1 11\n1 2\n1 16\n1 14\n1 10\n1 13\n1 4\n1 12\n1 8\n1 7\n2 6\n2 3\n2 17\n2 15\n2 4\n3 17\n3 16\n3 4\n4 5\n4 14\n4 16\n5 16\n5 7\n6 17\n6 8\n7 16\n7 10\n7 14\n7 13\n8 15\n8 11\n8 17\n8 12\n9 11\n9 14\n9 10\n9 13\n9 12\n10 13\n10 14\n11 12\n11 17\n11 15\n14 16\n15 17\nS 7\n2\n2 -0.179358 0.194065 -0.36964\n4 0.192171 0.207615 -0.37294\n2\n0.00640689 0.20084 -0.37129\n0.999296 0.0364451 -0.00887516\n2\n5 0.523663 0.441849 0.0457801\n6 -0.509012 0.442839 0.0387765\n2\n0.00732544 0.442344 0.0422783\n-0.999977 0.000958467 -0.00678179\n2\n7 0.522005 0.151535 0.175905\n8 -0.509555 0.152157 0.174969\n2\n0.00622476 0.151846 0.175437\n-0.999999 0.000602357 -0.00090792\n2\n10 0.38712 -0.418683 0.124657\n11 -0.375515 -0.432787 0.126644\n2\n0.00580276 -0.425735 0.125651\n-0.999826 -0.0184914 0.00260505\n2\n12 -0.40514 -0.454828 0.422453\n13 0.417288 -0.456551 0.427654\n2\n0.00607375 -0.45569 0.425054\n0.999978 -0.00209497 0.00632443\n2\n14 0.37586 -0.466036 -0.172386\n15 -0.361996 -0.4618 -0.175033\n2\n0.0069325 -0.463918 -0.17371\n-0.999977 0.00574015 -0.00358734\n2\n16 0.360531 0.148418 -0.277539\n17 -0.356183 0.14174 -0.268741\n2\n0.00217415 0.145079 -0.27314\n-0.999881 -0.00931533 0.0122741\nL 18\n0\n1\n0\n0\n0\n3\n3\n3\n3\n2\n2\n2\n2\n2\n2\n2\n0\n0"
}