{
    "boxes": [
        [
            0.0036899999249726534,
            -0.09460049867630005,
            0.11143600195646286,
            0.18452699482440948,
            0.8173009753227234,
            0.7841119766235352,
            0.0,
            1.0,
            0.0,
            0.0,
            0.0,
            1.0
        ],
        [
            -0.3518820106983185,
            -0.43839898705482483,
            0.4584310054779053,
            0.7033609747886658,
            0.08934900164604187,
            0.07364299893379211,
            0.0,
            1.0,
            0.0,
            0.0,
            0.0,
            1.0
        ],
        [
            -0.32559800148010254,
            -0.3921220004558563,
            -0.2994219958782196,
            0.8000159859657288,
            0.088372603058815,
            0.09309609979391098,
            -0.005061429925262928,
            0.9885169863700867,
            0.15102200210094452,
            -0.4847230017185211,
            -0.13451999425888062,
            0.8642609715461731
        ],
        [
            0.003381869988515973,
            0.4160099923610687,
            -0.2751980125904083,
            0.5174279808998108,
            0.09164740145206451,
            0.7034339904785156,
            -0.00111109996214509,
            0.964709997177124,
            -0.2633120119571686,
            -0.001455010031349957,
            0.2633099853992462,
            0.964709997177124
        ],
        [
            0.003065509954467416,
            0.288906991481781,
            -0.2880550026893616,
            0.7610049843788147,
            0.0601315014064312,
            0.7271860241889954,
            -0.00039154800469987094,
            0.981535017490387,
            -0.19128300249576569,
            -0.0004752200038637966,
            0.19128300249576569,
            0.981535017490387
        ]
    ],
    "ops": [
        [
            0,
            0,
            0,
            1,
            2,
            1,
            0,
            0,
            1,
            1
        ]
    ],
    "syms": [
        [
            0.0,
            0.9999669790267944,
            -0.0,
            0.008175450377166271,
            0.004569000098854303,
            -0.43839898705482483,
            0.46134600043296814,
            0.0
        ]
    ],
    "labels:": [
        [
            1,
            2,
            2,
            0,
            0
        ]
    ],
    "obj": 40503,
    "mat_index": 3721,
    "obbs": "N 7\n0.00338187 0.41601 -0.275198 -0.0011111 0.96471 -0.263312 -0.00145501 0.26331 0.96471 0.999998 0.00145501 0.0011111 0.517428 0.0916474 0.703434\n0.00369 -0.0946005 0.111436 1 0 0 0 1 0 0 0 1 0.784112 0.184527 0.817301\n0.00306551 0.288907 -0.288055 -0.000391548 0.981535 -0.191283 -0.00047522 0.191283 0.981535 1 0.00047522 0.000391548 0.761005 0.0601315 0.727186\n0.36102 -0.438399 0.46426 1 0 0 0 1 0 0 0 1 0.070213 0.703361 0.077692\n-0.351882 -0.438399 0.458431 1 0 0 0 1 0 0 0 1 0.073643 0.703361 0.089349\n0.330194 -0.39132 -0.305737 -0.00555147 -0.986665 -0.162671 0.950066 0.0455507 -0.308706 0.311999 -0.156262 0.937144 0.799755 0.0898107 0.0888703\n-0.325598 -0.392122 -0.299422 0.484723 0.13452 -0.864261 0.874653 -0.0688294 0.479838 0.00506143 -0.988517 -0.151022 0.0883726 0.0930961 0.800016\nC 11\n0 1\n0 6\n0 5\n0 2\n1 2\n1 3\n1 4\n1 5\n1 6\n2 6\n2 5\nS 2\n2\n3 0.36102 -0.438399 0.46426\n4 -0.351882 -0.438399 0.458431\n2\n0.004569 -0.438399 0.461346\n-0.999967 0 -0.00817545\n2\n5 0.330194 -0.39132 -0.305737\n6 -0.325598 -0.392122 -0.299422\n2\n0.00229785 -0.391721 -0.30258\n-0.999953 -0.0012232 0.00963018\nL 7\n0\n1\n0\n2\n2\n2\n2"
}