{
    "boxes": [
        [
            0.009639499709010124,
            -0.1482190042734146,
            0.09081050008535385,
            0.1519390046596527,
            0.5924810171127319,
            0.7140009999275208,
            0.0,
            1.0,
            0.0,
            0.0,
            0.0,
            1.0
        ],
        [
            -0.30906400084495544,
            0.2553350031375885,
            0.12768299877643585,
            0.13264599442481995,
            0.6925349831581116,
            0.09146489948034286,
            -0.2030470073223114,
            0.9791280031204224,
            -0.008972720243036747,
            -0.05399969965219498,
            -0.002047630026936531,
            0.9985389709472656
        ],
        [
            -0.31877800822257996,
            0.09465450048446655,
            0.3571319878101349,
            0.3024590015411377,
            0.06913500279188156,
            0.07052499800920486,
            0.0,
            1.0,
            0.0,
            0.0,
            0.0,
            1.0
        ],
        [
            -0.3187809884548187,
            -0.33757999539375305,
            0.3573870062828064,
            0.5617250204086304,
            0.07003600150346756,
            0.07052899897098541,
            0.0,
            1.0,
            0.0,
            0.0,
            0.0,
            1.0
        ],
        [
            -0.30438899993896484,
            -0.5881149768829346,
            0.09477239847183228,
            0.0663347989320755,
            0.4659929871559143,
            0.060654498636722565,
            -0.0007883840007707477,
            0.9999250173568726,
            0.012191399931907654,
            -0.06452739983797073,
            -0.012216899544000626,
            0.9978410005569458
        ],
        [
            -0.28822898864746094,
            -0.33757999539375305,
            -0.17234399914741516,
            0.5617250204086304,
            0.0758180022239685,
            0.0758180022239685,
            0.0,
            1.0,
            0.0,
            0.0,
            0.0,
            1.0
        ],
        [
            0.011251999996602535,
            -0.5881149768829346,
            -0.17234399914741516,
            0.06065500155091286,
            0.06065399944782257,
            0.523144006729126,
            0.0,
            1.0,
            0.0,
            0.0,
            0.0,
            1.0
        ],
        [
            -0.27946901321411133,
            0.3095099925994873,
            -0.21753300726413727,
            0.7506080269813538,
            0.05298079922795296,
            0.10022799670696259,
            0.004924819804728031,
            0.9962980151176453,
            -0.08582259714603424,
            0.005367219913750887,
            0.08579610288143158,
            0.9962980151176453
        ],
        [
            0.022705700248479843,
            0.3137730062007904,
            -0.2201409935951233,
            0.7674880027770996,
            0.0636942982673645,
            0.585502028465271,
            0.014377100393176079,
            0.9978039860725403,
            -0.06465650349855423,
            0.015337199904024601,
            0.06443549692630768,
            0.9978039860725403
        ],
        [
            0.007472020108252764,
            0.7876539826393127,
            -0.2562829852104187,
            0.25931599736213684,
            0.05849960073828697,
            0.7916769981384277,
            -0.0004977289936505258,
            0.9993150234222412,
            -0.037011001259088516,
            -0.0005165039910934865,
            0.03701069951057434,
            0.9993150234222412
        ]
    ],
    "ops": [
        [
            0,
            0,
            0,
            1,
            2,
            1,
            0,
            0,
            1,
            2,
            0,
            2,
            0,
            2,
            1,
            1,
            1,
            0,
            2,
            0,
            0,
            1,
            1,
            1
        ]
    ],
    "syms": [
        [
            0.0,
            0.9999989867210388,
            -0.00116436998359859,
            0.00014111600467003882,
            0.007491239812225103,
            0.25496599078178406,
            0.12772800028324127,
            0.0
        ],
        [
            0.0,
            1.0,
            0.0,
            -7.609589829371544e-07,
            0.009752499870955944,
            -0.33757999539375305,
            0.3573870062828064,
            0.0
        ],
        [
            0.0,
            1.0,
            0.0,
            0.0,
            0.007461499888449907,
            -0.33757999539375305,
            -0.17234399914741516,
            0.0
        ],
        [
            0.0,
            -0.0025017301086336374,
            0.0,
            0.9999970197677612,
            0.010588199831545353,
            -0.5881149768829346,
            0.09297149628400803,
            0.0
        ],
        [
            0.0,
            0.9999859929084778,
            0.005002889782190323,
            0.0018875199602916837,
            0.008672130294144154,
            0.31095200777053833,
            -0.21698899567127228,
            0.0
        ]
    ],
    "labels:": [
        [
            1,
            3,
            3,
            2,
            2,
            2,
            2,
            0,
            0,
            0
        ]
    ],
    "obj": 40549,
    "mat_index": 3752,
    "obbs": "N 17\n0.0227057 0.313773 -0.220141 0.999779 -0.0153372 -0.0143771 0.0153372 0.0644355 0.997804 -0.0143771 -0.997804 0.0646565 0.585502 0.0636943 0.767488\n0.00747202 0.787654 -0.256283 1 0.000516504 0.000497729 -0.000516504 0.0370107 0.999315 0.000497729 -0.999315 0.037011 0.791677 0.0584996 0.259316\n0.0096395 -0.148219 0.0908105 1 0 0 0 1 0 0 0 1 0.714001 0.151939 0.592481\n0.296813 0.312393 -0.216445 0.984357 -0.020524 -0.174987 0.176108 0.0849213 0.980701 -0.0052678 -0.996176 0.0872073 0.100373 0.0617729 0.756239\n-0.279469 0.30951 -0.217533 0.999973 -0.00536722 -0.00492482 0.00536722 0.0857961 0.996298 -0.00492482 -0.996298 0.0858226 0.100228 0.0529808 0.750608\n0.324047 0.254598 0.127773 0.0451011 -0.99898 -0.00222196 0.997603 0.0451556 -0.0524304 0.0524773 0.000148036 0.998622 0.124328 0.0748793 0.692619\n-0.309064 0.255335 0.127683 0.0539997 0.00204763 -0.998539 0.977679 0.203235 0.0532884 0.203047 -0.979128 0.00897272 0.692535 0.0914649 0.132646\n0.338376 0.094704 0.357922 1 0 0 0 1 0 0 0 1 0.069827 0.30236 0.069135\n-0.318778 0.0946545 0.357132 1 0 0 0 1 0 0 0 1 0.070525 0.302459 0.069135\n-0.318781 -0.33758 0.357387 1 0 0 0 1 0 0 0 1 0.070529 0.561725 0.070036\n-0.288229 -0.33758 -0.172344 1 0 0 0 1 0 0 0 1 0.075818 0.561725 0.075818\n0.303152 -0.33758 -0.172344 1 0 0 0 1 0 0 0 1 0.075818 0.561725 0.075818\n0.338286 -0.33758 0.357386 1 0 0 0 1 0 0 0 1 0.069831 0.561725 0.070037\n0.321009 -0.588114 0.0937035 0.00168951 -0.999745 0.0225055 0.997194 2.22045e-16 -0.0748605 0.0748414 0.0225688 0.99694 0.0711405 0.0606551 0.466538\n0.011252 -0.588115 -0.172344 1 0 0 0 1 0 0 0 1 0.523144 0.060655 0.060654\n-0.304389 -0.588115 0.0947724 0.0645274 0.0122169 -0.997841 0.997916 2.22045e-16 0.0645322 0.000788384 -0.999925 -0.0121914 0.465993 0.0606545 0.0663348\n0.0099245 -0.588115 0.358287 1 0 0 0 1 0 0 0 1 0.586891 0.060655 0.060654\nC 40\n0 2\n0 10\n0 3\n0 11\n0 4\n0 5\n0 1\n0 6\n1 3\n1 4\n2 8\n2 12\n2 9\n2 10\n2 3\n2 7\n2 11\n2 4\n3 11\n3 5\n4 10\n4 6\n5 7\n6 9\n6 10\n6 8\n7 12\n8 9\n9 15\n9 16\n10 15\n10 14\n11 14\n11 13\n12 16\n12 13\n13 16\n13 14\n14 15\n15 16\nS 7\n2\n3 0.296813 0.312393 -0.216445\n4 -0.279469 0.30951 -0.217533\n2\n0.00867213 0.310952 -0.216989\n-0.999986 -0.00500289 -0.00188752\n2\n5 0.324047 0.254598 0.127773\n6 -0.309064 0.255335 0.127683\n2\n0.00749124 0.254966 0.127728\n-0.999999 0.00116437 -0.000141116\n2\n7 0.338376 0.094704 0.357922\n8 -0.318778 0.0946545 0.357132\n2\n0.009799 0.0946792 0.357527\n-0.999999 -7.53246e-05 -0.00120063\n2\n9 -0.318781 -0.33758 0.357387\n12 0.338286 -0.33758 0.357386\n2\n0.0097525 -0.33758 0.357387\n1 0 -7.60959e-07\n2\n10 -0.288229 -0.33758 -0.172344\n11 0.303152 -0.33758 -0.172344\n2\n0.0074615 -0.33758 -0.172344\n1 0 0\n2\n13 0.321009 -0.588114 0.0937035\n15 -0.304389 -0.588115 0.0947724\n2\n0.00830984 -0.588115 0.094238\n-0.999999 -1.77522e-16 0.00170914\n2\n14 0.011252 -0.588115 -0.172344\n16 0.0099245 -0.588115 0.358287\n2\n0.0105882 -0.588115 0.0929715\n-0.00250173 0 0.999997\nL 17\n0\n0\n1\n0\n0\n3\n3\n3\n3\n2\n2\n2\n2\n2\n2\n2\n2"
}