{
    "boxes": [
        [
            0.012672499753534794,
            -0.06908850371837616,
            0.1154709979891777,
            0.16435499489307404,
            0.8102899789810181,
            0.8835669755935669,
            0.0,
            1.0,
            0.0,
            0.0,
            0.0,
            1.0
        ],
        [
            -0.3641049861907959,
            -0.3662770092487335,
            -0.28450000286102295,
            0.8418530225753784,
            0.10845199972391129,
            0.0633929967880249,
            0.0,
            1.0,
            0.0,
            0.0,
            0.0,
            1.0
        ],
        [
            0.41894400119781494,
            -0.42069798707962036,
            0.4887160062789917,
            0.7308210134506226,
            0.0711899995803833,
            0.06609199941158295,
            0.0,
            1.0,
            0.0,
            0.0,
            0.0,
            1.0
        ],
        [
            -0.36422500014305115,
            0.3429090082645416,
            -0.2863270044326782,
            0.631883978843689,
            0.0793507993221283,
            0.0738494023680687,
            0.01681460067629814,
            0.9938139915466309,
            -0.10977999866008759,
            0.018771300092339516,
            0.10946200042963028,
            0.9938139915466309
        ],
        [
            0.012183000333607197,
            0.21441799402236938,
            -0.2814039885997772,
            0.5468029975891113,
            0.06007140129804611,
            0.6924639940261841,
            1.0021199869925113e-07,
            0.9971849918365479,
            -0.07498530298471451,
            1.0803100281009392e-07,
            0.07498530298471451,
            0.9971849918365479
        ],
        [
            0.01197350025177002,
            0.5730230212211609,
            -0.31249600648880005,
            0.17289899289608002,
            0.06911689788103104,
            0.6921839714050293,
            2.000170024984982e-05,
            0.9881240129470825,
            -0.15366099774837494,
            2.3352600692305714e-05,
            0.15366099774837494,
            0.9881240129470825
        ]
    ],
    "ops": [
        [
            0,
            0,
            0,
            1,
            2,
            1,
            0,
            2,
            0,
            0,
            1,
            1,
            1
        ]
    ],
    "syms": [
        [
            0.0,
            0.9993190169334412,
            -0.03688880056142807,
            -0.0,
            0.012182500213384628,
            -0.38016700744628906,
            -0.28450000286102295,
            0.0
        ],
        [
            0.0,
            0.9991689920425415,
            -0.04072460159659386,
            0.0018836800009012222,
            0.012099900282919407,
            0.32756999135017395,
            -0.28561800718307495,
            0.0
        ]
    ],
    "labels:": [
        [
            1,
            2,
            2,
            0,
            0,
            0
        ]
    ],
    "obj": 40560,
    "mat_index": 3758,
    "obbs": "N 9\n0.012183 0.214418 -0.281404 1 -1.08031e-07 -1.00212e-07 1.08031e-07 0.0749853 0.997185 -1.00212e-07 -0.997185 0.0749853 0.692464 0.0600714 0.546803\n0.0119735 0.573023 -0.312496 1 -2.33526e-05 -2.00017e-05 2.33526e-05 0.153661 0.988124 -2.00017e-05 -0.988124 0.153661 0.692184 0.0691169 0.172899\n0.0126725 -0.0690885 0.115471 1 0 0 0 1 0 0 0 1 0.883567 0.164355 0.81029\n0.388425 0.312232 -0.284908 0.999841 -0.013241 -0.0119634 0.013241 0.10103 0.994795 -0.0119634 -0.994795 0.101189 0.0716248 0.0813631 0.693213\n-0.364225 0.342909 -0.286327 0.999682 -0.0187713 -0.0168146 0.0187713 0.109462 0.993814 -0.0168146 -0.993814 0.10978 0.0738494 0.0793508 0.631884\n0.38847 -0.394057 -0.2845 1 0 0 0 1 0 0 0 1 0.063393 0.786292 0.108452\n-0.364105 -0.366277 -0.2845 1 0 0 0 1 0 0 0 1 0.063393 0.841853 0.108452\n0.418944 -0.420698 0.488716 1 0 0 0 1 0 0 0 1 0.066092 0.730821 0.07119\n-0.395509 -0.42008 0.499658 -2.2174e-16 0.99863 -0.052336 1 2.22045e-16 0 1.16209e-17 -0.052336 -0.99863 0.732419 0.066092 0.0771721\nC 16\n0 1\n0 6\n0 5\n0 4\n0 3\n0 2\n1 3\n1 4\n2 7\n2 6\n2 8\n2 4\n2 3\n2 5\n3 5\n4 6\nS 3\n2\n3 0.388425 0.312232 -0.284908\n4 -0.364225 0.342909 -0.286327\n2\n0.0120999 0.32757 -0.285618\n-0.999169 0.0407246 -0.00188368\n2\n5 0.38847 -0.394057 -0.2845\n6 -0.364105 -0.366277 -0.2845\n2\n0.0121825 -0.380167 -0.2845\n-0.999319 0.0368888 0\n2\n7 0.418944 -0.420698 0.488716\n8 -0.395509 -0.42008 0.499658\n2\n0.0117175 -0.420389 0.494187\n-0.999909 0.000759161 0.0134336\nL 9\n0\n0\n1\n0\n0\n2\n2\n2\n2"
}