{
    "boxes": [
        [
            0.004361500032246113,
            -0.1135609969496727,
            0.15384900569915771,
            0.23734700679779053,
            0.894707977771759,
            0.7975389957427979,
            0.0,
            1.0,
            0.0,
            0.0,
            0.0,
            1.0
        ],
        [
            -0.32527101039886475,
            -0.4576509892940521,
            0.5555160045623779,
            0.5194090008735657,
            0.09137299656867981,
            0.10656300187110901,
            0.0,
            1.0,
            0.0,
            0.0,
            0.0,
            1.0
        ],
        [
            -0.3441750109195709,
            -0.4661340117454529,
            -0.27216100692749023,
            0.5137519836425781,
            0.1091419979929924,
            0.0905022993683815,
            0.006802449934184551,
            0.993353009223938,
            0.11490800231695175,
            -0.16589699685573578,
            -0.11219699680805206,
            0.9797400236129761
        ],
        [
            -0.0010401499457657337,
            0.30724599957466125,
            -0.27913200855255127,
            0.7631570100784302,
            0.12832500040531158,
            0.7819910049438477,
            -0.002289729891344905,
            0.9903110265731812,
            -0.13885100185871124,
            -0.0026331599801778793,
            0.13884499669075012,
            0.9903110265731812
        ]
    ],
    "ops": [
        [
            0,
            0,
            0,
            1,
            2,
            1,
            0,
            1
        ]
    ],
    "syms": [
        [
            0.0,
            0.9999949932098389,
            -6.513309926958755e-05,
            0.0032229700591415167,
            0.008659250102937222,
            -0.45767301321029663,
            0.5565930008888245,
            0.0
        ]
    ],
    "labels:": [
        [
            1,
            2,
            2,
            0
        ]
    ],
    "obj": 2594,
    "mat_index": 376,
    "obbs": "N 6\n-0.00104015 0.307246 -0.279132 -0.00228973 0.990311 -0.138851 -0.00263316 0.138845 0.990311 0.999994 0.00263316 0.00228973 0.763157 0.128325 0.781991\n0.0043615 -0.113561 0.153849 1 0 0 0 1 0 0 0 1 0.797539 0.237347 0.894708\n0.342589 -0.457695 0.557669 1 0 0 0 1 0 0 0 1 0.096442 0.519296 0.087068\n-0.325271 -0.457651 0.555516 1 0 0 0 1 0 0 0 1 0.106563 0.519409 0.091373\n0.353988 -0.464348 -0.278041 0.00984047 -0.99006 -0.140301 0.983716 0.0347657 -0.176334 0.179459 -0.136281 0.97428 0.51709 0.0904165 0.109792\n-0.344175 -0.466134 -0.272161 0.165897 0.112197 -0.97974 0.98612 -0.0257276 0.164031 -0.00680245 -0.993353 -0.114908 0.109142 0.0905023 0.513752\nC 7\n0 1\n0 5\n0 4\n1 2\n1 3\n1 4\n1 5\nS 2\n2\n2 0.342589 -0.457695 0.557669\n3 -0.325271 -0.457651 0.555516\n2\n0.00865925 -0.457673 0.556593\n-0.999995 6.51331e-05 -0.00322297\n2\n4 0.353988 -0.464348 -0.278041\n5 -0.344175 -0.466134 -0.272161\n2\n0.00490664 -0.465241 -0.275101\n-0.999961 -0.00255892 0.0084219\nL 6\n0\n1\n2\n2\n2\n2"
}