{
    "boxes": [
        [
            -0.014821000397205353,
            -0.006852999795228243,
            0.08846200257539749,
            0.09082400053739548,
            0.7976840138435364,
            0.9552839994430542,
            0.0,
            1.0,
            0.0,
            0.0,
            0.0,
            1.0
        ],
        [
            -0.011021099984645844,
            -0.6399530172348022,
            -0.1732330024242401,
            0.160848006606102,
            0.018607299774885178,
            0.8186600208282471,
            -0.00021471999934874475,
            0.7071430087089539,
            0.7070710062980652,
            -8.894629718270153e-05,
            -0.7070710062980652,
            0.7071430087089539
        ],
        [
            -0.4311389923095703,
            -0.39952701330184937,
            0.07050739973783493,
            1.0877200365066528,
            0.0446011982858181,
            0.09097930043935776,
            0.03640909865498543,
            0.7067430019378662,
            0.7065330147743225,
            -0.07199680060148239,
            -0.7033089995384216,
            0.7072290182113647
        ],
        [
            -0.46737098693847656,
            -0.3767789900302887,
            0.07019069790840149,
            1.1070400476455688,
            0.057192299515008926,
            0.09594739973545074,
            -0.021633800119161606,
            0.7253289818763733,
            -0.6880620121955872,
            -0.05030360072851181,
            0.6865620017051697,
            0.7253289818763733
        ],
        [
            -0.023208800703287125,
            0.5647900104522705,
            -0.3963080048561096,
            0.2373500019311905,
            0.01601729914546013,
            0.8954769968986511,
            0.00041645398596301675,
            0.9889060258865356,
            -0.14854200184345245,
            0.0004836810112465173,
            0.14854200184345245,
            0.9889060258865356
        ],
        [
            -0.012760800309479237,
            0.36701399087905884,
            -0.3484709858894348,
            0.7511079907417297,
            0.06156089901924133,
            0.982899010181427,
            0.0004320089938119054,
            0.9892929792404175,
            -0.1459439992904663,
            0.0005004159756936133,
            0.1459439992904663,
            0.9892929792404175
        ]
    ],
    "ops": [
        [
            0,
            0,
            2,
            0,
            0,
            1,
            2,
            1,
            1,
            0,
            0,
            1,
            1
        ]
    ],
    "syms": [
        [
            0.0,
            -0.006287029944360256,
            -0.010312999598681927,
            0.9999269843101501,
            -0.012545900419354439,
            -0.642454981803894,
            0.06928019970655441,
            0.0
        ],
        [
            0.0,
            0.9999849796295166,
            -0.005091940052807331,
            -0.0019060500198975205,
            -0.018933899700641632,
            -0.40162599086761475,
            0.06972169876098633,
            0.0
        ]
    ],
    "labels:": [
        [
            1,
            2,
            2,
            2,
            0,
            0
        ]
    ],
    "obj": 40564,
    "mat_index": 3761,
    "obbs": "N 9\n-0.0232088 0.56479 -0.396308 1 -0.000483681 -0.000416454 0.000483681 0.148542 0.988906 -0.000416454 -0.988906 0.148542 0.895477 0.0160173 0.23735\n-0.0140707 -0.644956 0.311794 -9.6443e-05 0.706024 -0.708188 -0.000233339 0.708188 0.706024 1 0.000233339 9.6443e-05 0.160782 0.0189591 0.918153\n-0.0110211 -0.639953 -0.173233 -0.00021472 0.707143 0.707071 -8.89463e-05 -0.707071 0.707143 1 8.89463e-05 0.00021472 0.160848 0.0186073 0.81866\n-0.014821 -0.006853 0.088462 1 0 0 0 1 0 0 0 1 0.955284 0.090824 0.797684\n-0.431139 -0.399527 0.0705074 0.0364091 0.706743 0.706533 -0.0719968 -0.703309 0.707229 0.99674 -0.0766176 0.0252764 1.08772 0.0446012 0.0909793\n-0.467371 -0.376779 0.0701907 0.9985 0.0503036 0.0216338 -0.0503036 0.686562 0.725329 0.0216338 -0.725329 0.688062 0.0959474 0.0571923 1.10704\n0.440065 -0.384978 0.0674625 0.999897 -0.0131865 -0.00570556 0.0131865 0.68453 0.728865 -0.00570556 -0.728865 0.684633 0.0846207 0.0841031 1.09989\n0.393272 -0.403725 0.068936 0.998758 0.0484105 0.0117536 0.025825 -0.704896 0.70884 0.0426004 -0.707656 -0.705271 0.117494 0.0688087 1.08064\n-0.0127608 0.367014 -0.348471 1 -0.000500416 -0.000432009 0.000500416 0.145944 0.989293 -0.000432009 -0.989293 0.145944 0.982899 0.0615609 0.751108\nC 17\n0 8\n1 4\n1 5\n1 6\n1 7\n2 7\n2 6\n2 4\n3 8\n3 6\n3 7\n3 4\n3 5\n4 5\n5 8\n6 7\n6 8\nS 3\n2\n1 -0.0140707 -0.644956 0.311794\n2 -0.0110211 -0.639953 -0.173233\n2\n-0.0125459 -0.642455 0.0692802\n0.00628703 0.010313 -0.999927\n2\n4 -0.431139 -0.399527 0.0705074\n7 0.393272 -0.403725 0.068936\n2\n-0.0189339 -0.401626 0.0697217\n0.999985 -0.00509194 -0.00190605\n2\n5 -0.467371 -0.376779 0.0701907\n6 0.440065 -0.384978 0.0674625\n2\n-0.0136528 -0.380878 0.0688266\n0.999955 -0.00903436 -0.00300635\nL 9\n0\n2\n2\n1\n2\n2\n2\n2\n0"
}