{
    "boxes": [
        [
            0.012931499630212784,
            -0.07687350362539291,
            0.13296599686145782,
            0.202006995677948,
            0.7743600010871887,
            0.7686769962310791,
            0.0,
            1.0,
            0.0,
            0.0,
            0.0,
            1.0
        ],
        [
            0.0076339999213814735,
            -0.7418130040168762,
            -0.22408099472522736,
            0.019551999866962433,
            0.06286299973726273,
            0.6122900247573853,
            0.0,
            1.0,
            0.0,
            0.0,
            0.0,
            1.0
        ],
        [
            -0.33806198835372925,
            -0.431535005569458,
            0.4852850139141083,
            0.635250985622406,
            0.07954400032758713,
            0.057231999933719635,
            0.0,
            1.0,
            0.0,
            0.0,
            0.0,
            1.0
        ],
        [
            -0.3044629991054535,
            -0.7397429943084717,
            0.10862100124359131,
            0.031592998653650284,
            0.7224509716033936,
            0.06652089953422546,
            -0.049500901252031326,
            0.9987630248069763,
            0.0046212999150156975,
            -0.10428600013256073,
            -0.00977023970335722,
            0.9944990277290344
        ],
        [
            0.012931499630212784,
            0.31030601263046265,
            -0.30892398953437805,
            1.1495699882507324,
            0.07846450060606003,
            0.622855007648468,
            -0.0,
            0.9928169846534729,
            -0.11964599788188934,
            -0.0,
            0.11964599788188934,
            0.9928169846534729
        ]
    ],
    "ops": [
        [
            0,
            0,
            0,
            0,
            1,
            2,
            1,
            1,
            0,
            1
        ]
    ],
    "syms": [
        [
            0.0,
            0.9998819828033447,
            0.014408700168132782,
            0.005272270180284977,
            0.012551999650895596,
            -0.4264819920063019,
            0.48713400959968567,
            0.0
        ]
    ],
    "labels:": [
        [
            1,
            2,
            2,
            2,
            0
        ]
    ],
    "obj": 40565,
    "mat_index": 3762,
    "obbs": "N 7\n0.0129315 0.310306 -0.308924 1 0 0 -0 0.119646 0.992817 0 -0.992817 0.119646 0.622855 0.0784645 1.14957\n0.0129315 -0.0768735 0.132966 1 0 0 0 1 0 0 0 1 0.768677 0.202007 0.77436\n0.363166 -0.42143 0.488982 1 0 0 0 1 0 0 0 1 0.058724 0.649703 0.072169\n-0.338062 -0.431535 0.485285 1 0 0 0 1 0 0 0 1 0.057232 0.635251 0.079544\n-0.304463 -0.739743 0.108621 0.104286 0.00977024 -0.994499 -0.0495009 0.998763 0.0046213 0.993315 0.0487467 0.104641 0.722451 0.031593 0.0665209\n0.331094 -0.739761 0.113137 0.994383 -0.0164762 -0.104554 0.0168969 0.999852 0.00313912 0.104487 -0.00488813 0.994514 0.0657982 0.0278191 0.736856\n0.007634 -0.741813 -0.224081 1 0 0 0 1 0 0 0 1 0.61229 0.019552 0.062863\nC 7\n0 1\n1 2\n1 3\n2 5\n3 4\n4 6\n5 6\nS 2\n2\n2 0.363166 -0.42143 0.488982\n3 -0.338062 -0.431535 0.485285\n2\n0.012552 -0.426482 0.487134\n-0.999882 -0.0144087 -0.00527227\n2\n4 -0.304463 -0.739743 0.108621\n5 0.331094 -0.739761 0.113137\n2\n0.0133159 -0.739752 0.110879\n0.999975 -2.70815e-05 0.00710567\nL 7\n0\n1\n2\n2\n2\n2\n2"
}