{
    "boxes": [
        [
            0.01685749925673008,
            -0.07911749929189682,
            0.10368700325489044,
            0.16593299806118011,
            0.7462059855461121,
            0.8515530228614807,
            0.0,
            1.0,
            0.0,
            0.0,
            0.0,
            1.0
        ],
        [
            -0.37486401200294495,
            -0.42438599467277527,
            0.4424560070037842,
            0.7321720123291016,
            0.06810899823904037,
            0.06810899823904037,
            0.0,
            1.0,
            0.0,
            0.0,
            0.0,
            1.0
        ],
        [
            0.41670000553131104,
            -0.41065600514411926,
            -0.3210900127887726,
            0.7623119950294495,
            0.06445690244436264,
            0.057330600917339325,
            -0.0004738020070362836,
            0.9952369928359985,
            0.09748420119285583,
            0.09441059827804565,
            -0.09700430184602737,
            0.9907960295677185
        ],
        [
            -0.3825550079345703,
            -0.44288700819015503,
            -0.3264079988002777,
            0.6959710121154785,
            0.06811860203742981,
            0.07546050101518631,
            -0.01756579987704754,
            0.9939069747924805,
            0.10881499946117401,
            0.26380598545074463,
            -0.10036800056695938,
            0.95933997631073
        ],
        [
            0.016762500628829002,
            0.4678030014038086,
            -0.32685500383377075,
            0.4076850116252899,
            0.06727500259876251,
            0.7491989731788635,
            -2.5473600118175455e-08,
            0.9738219976425171,
            -0.22731299698352814,
            -3.210449861512643e-08,
            0.22731299698352814,
            0.9738219976425171
        ],
        [
            -0.38335999846458435,
            0.28032898902893066,
            -0.2967830002307892,
            0.7924649715423584,
            0.12269599735736847,
            0.060346100479364395,
            0.003564740065485239,
            0.9952059984207153,
            -0.09773539751768112,
            -0.059047799557447433,
            0.09777499735355377,
            0.9934549927711487
        ]
    ],
    "ops": [
        [
            0,
            0,
            2,
            0,
            0,
            1,
            1,
            1,
            0,
            0,
            2,
            1,
            1
        ]
    ],
    "syms": [
        [
            0.0,
            1.0,
            -0.0,
            -0.0,
            0.01676199957728386,
            -0.42438599467277527,
            0.4424560070037842,
            0.0
        ],
        [
            0.0,
            0.9988240003585815,
            0.04824880138039589,
            0.004663070198148489,
            0.016018999740481377,
            0.29962098598480225,
            -0.2949180006980896,
            0.0
        ]
    ],
    "labels:": [
        [
            1,
            2,
            2,
            2,
            0,
            0
        ]
    ],
    "obj": 2596,
    "mat_index": 378,
    "obbs": "N 8\n0.0167625 0.467803 -0.326855 1 3.21045e-08 2.54736e-08 -3.21045e-08 0.227313 0.973822 2.54736e-08 -0.973822 0.227313 0.749199 0.067275 0.407685\n0.0168575 -0.0791175 0.103687 1 0 0 0 1 0 0 0 1 0.851553 0.165933 0.746206\n0.415398 0.318913 -0.293054 0.067061 -0.0906765 -0.99362 0.99773 0.0122761 0.0662181 0.00619331 -0.995805 0.0912939 0.109633 0.0608509 0.715998\n-0.38336 0.280329 -0.296783 0.0590478 -0.097775 -0.993455 0.998249 0.00222966 0.0591133 -0.00356474 -0.995206 0.0977354 0.122696 0.0603461 0.792465\n0.4167 -0.410656 -0.32109 0.995533 0.00967298 -0.093915 0.0944106 -0.0970043 0.990796 0.000473802 -0.995237 -0.0974842 0.0573306 0.0644569 0.762312\n0.408388 -0.424386 0.442456 1 0 0 0 1 0 0 0 1 0.068109 0.732172 0.068109\n-0.374864 -0.424386 0.442456 1 0 0 0 1 0 0 0 1 0.068109 0.732172 0.068109\n-0.382555 -0.442887 -0.326408 -0.0175658 0.993907 0.108815 0.263806 -0.100368 0.95934 0.964416 0.0455575 -0.260436 0.695971 0.0681186 0.0754605\nC 10\n0 3\n0 2\n1 2\n1 3\n1 4\n1 5\n1 6\n1 7\n2 4\n3 7\nS 2\n2\n2 0.415398 0.318913 -0.293054\n3 -0.38336 0.280329 -0.296783\n2\n0.016019 0.299621 -0.294918\n-0.998824 -0.0482488 -0.00466307\n2\n5 0.408388 -0.424386 0.442456\n6 -0.374864 -0.424386 0.442456\n2\n0.016762 -0.424386 0.442456\n-1 0 0\nL 8\n0\n1\n0\n0\n2\n2\n2\n2"
}