{
    "boxes": [
        [
            0.013379399664700031,
            -0.1124889999628067,
            0.25116801261901855,
            0.24165700376033783,
            0.8123639822006226,
            0.8839730024337769,
            -0.010161899961531162,
            0.9981499910354614,
            -0.05994139984250069,
            -0.0003048419894184917,
            0.05994139984250069,
            0.9982020258903503
        ],
        [
            -0.5434979796409607,
            0.15487700700759888,
            0.06491349637508392,
            0.03857859969139099,
            1.0577800273895264,
            0.04538340121507645,
            0.07393649965524673,
            0.9935160279273987,
            0.08636949956417084,
            -0.0032033100724220276,
            -0.08636949956417084,
            0.996258020401001
        ],
        [
            0.5797489881515503,
            0.1578650027513504,
            0.06889110058546066,
            0.03795760124921799,
            1.049780011177063,
            0.05087139829993248,
            -0.44621598720550537,
            0.8916990160942078,
            0.07592549920082092,
            0.017909400165081024,
            -0.07592549920082092,
            0.996953010559082
        ],
        [
            -0.4586690068244934,
            0.011622999794781208,
            0.09709499776363373,
            0.567192018032074,
            1.1228599548339844,
            0.17100299894809723,
            0.0,
            1.0,
            0.0,
            0.0,
            0.0,
            1.0
        ],
        [
            0.5053079724311829,
            -0.20085899531841278,
            -0.5290809869766235,
            0.8114089965820312,
            0.04836390167474747,
            0.05293520167469978,
            -0.052739400416612625,
            0.9840239882469177,
            0.17004500329494476,
            0.7038750052452087,
            -0.08415889739990234,
            0.7053200006484985
        ],
        [
            -0.48357000946998596,
            -0.20274899899959564,
            -0.526091992855072,
            0.807453989982605,
            0.056613799184560776,
            0.046782299876213074,
            0.031567998230457306,
            0.9843050241470337,
            0.17362800240516663,
            -0.40679800510406494,
            -0.1460220068693161,
            0.9017720222473145
        ],
        [
            0.014175999909639359,
            -0.23582500219345093,
            0.5911250114440918,
            0.03142800182104111,
            0.05084799975156784,
            1.1159900426864624,
            0.0,
            1.0,
            0.0,
            0.0,
            0.0,
            1.0
        ],
        [
            -0.48163801431655884,
            -0.27205199003219604,
            0.022291699424386024,
            0.07372570037841797,
            1.1476399898529053,
            0.027542199939489365,
            0.11059200018644333,
            0.9895560145378113,
            -0.09246230125427246,
            -0.0005617970018647611,
            0.09309519827365875,
            0.9956570267677307
        ],
        [
            0.015259799547493458,
            0.16770699620246887,
            -0.3123430013656616,
            0.9059129953384399,
            0.3021770119667053,
            0.9362990260124207,
            -0.00855845957994461,
            0.9652680158615112,
            -0.26112300157546997,
            -0.011180800385773182,
            0.26102399826049805,
            0.9652680158615112
        ],
        [
            0.017416000366210938,
            0.19901500642299652,
            -0.4623759984970093,
            0.04208799824118614,
            0.04455899819731712,
            1.1296900510787964,
            0.0,
            1.0,
            0.0,
            0.0,
            0.0,
            1.0
        ]
    ],
    "ops": [
        [
            0,
            0,
            0,
            0,
            2,
            1,
            1,
            1,
            0,
            2,
            0,
            2,
            0,
            0,
            2,
            1,
            1,
            1,
            1,
            0,
            0,
            1,
            1
        ]
    ],
    "syms": [
        [
            0.0,
            0.9999960064888,
            -0.0004089039866812527,
            0.0026815999299287796,
            0.010264799930155277,
            0.011431200429797173,
            0.09835249930620193,
            0.0
        ],
        [
            0.0,
            0.070735402405262,
            -0.03835219889879227,
            0.996757984161377,
            0.5454670190811157,
            -0.2226330041885376,
            0.036815401166677475,
            0.0
        ],
        [
            0.0,
            -0.06069039925932884,
            -0.03644759953022003,
            0.9974910020828247,
            -0.5180040001869202,
            -0.22342799603939056,
            0.03986009955406189,
            0.0
        ],
        [
            0.0,
            0.9999989867210388,
            0.0012388400500640273,
            -8.868880104273558e-05,
            0.01603100076317787,
            -0.27143600583076477,
            0.022247599437832832,
            0.0
        ]
    ],
    "labels:": [
        [
            1,
            3,
            3,
            3,
            2,
            2,
            2,
            2,
            0,
            0
        ]
    ],
    "obj": 40599,
    "mat_index": 3785,
    "obbs": "N 14\n0.0152598 0.167707 -0.312343 -0.00855846 0.965268 -0.261123 -0.0111808 0.261024 0.965268 0.999901 0.0111808 0.00855846 0.905913 0.302177 0.936299\n0.017416 0.199015 -0.462376 1 0 0 0 1 0 0 0 1 1.12969 0.042088 0.044559\n0.0133794 -0.112489 0.251168 0.999948 0.0101619 -0.000304842 -0.0101619 0.99815 -0.0599414 -0.000304842 0.0599414 0.998202 0.883973 0.241657 0.812364\n0.479199 0.0112395 0.09961 1 0 0 0 1 0 0 0 1 0.1879 0.566425 1.11749\n-0.458669 0.011623 0.097095 1 0 0 0 1 0 0 0 1 0.171003 0.567192 1.12286\n0.579749 0.157865 0.0688911 -0.0179094 0.0759255 -0.996953 -0.446216 0.891699 0.0759255 0.894746 0.446216 0.0179094 1.04978 0.0379576 0.0508714\n-0.543498 0.154877 0.0649135 0.00320331 0.0863695 -0.996258 0.0739365 0.993516 0.0863695 0.997258 -0.0739365 -0.00320331 1.05778 0.0385786 0.0453834\n0.014176 -0.235825 0.591125 1 0 0 0 1 0 0 0 1 1.11599 0.031428 0.050848\n-0.481638 -0.272052 0.0222917 0.110592 0.989556 -0.0924623 0.993866 -0.11006 0.0108515 0.000561797 -0.0930952 -0.995657 0.0737257 0.0275422 1.14764\n0.5137 -0.270819 0.0222035 -0.00036893 -0.106743 -0.994287 0.999845 0.0174345 -0.00224269 0.0175742 -0.994134 0.10672 1.1473 0.0293143 0.0745549\n-0.48357 -0.202749 -0.526092 0.031568 0.984305 0.173628 0.912973 -0.0990985 0.395804 0.406798 0.146022 -0.901772 0.807454 0.0467823 0.0566138\n0.505308 -0.200859 -0.529081 -0.0527394 0.984024 0.170045 0.703875 -0.0841589 0.70532 0.708363 0.156889 -0.688192 0.811409 0.0483639 0.0529352\n0.585626 -0.244407 0.602711 0.0107065 0.999033 -0.0426531 0.696261 0.0231679 0.717415 0.717709 -0.0373787 -0.695339 0.707109 0.0487799 0.0497917\n-0.552438 -0.244107 0.605812 0.908009 -0.0136059 -0.41873 0.418951 0.0295228 0.907529 1.43489e-05 -0.999472 0.0325072 0.0491918 0.0475232 0.706957\nC 47\n0 2\n0 10\n0 3\n0 11\n0 4\n0 5\n0 8\n0 1\n0 6\n0 9\n1 3\n1 6\n1 11\n1 5\n1 10\n1 4\n2 8\n2 12\n2 5\n2 9\n2 13\n2 6\n2 3\n2 7\n2 4\n3 11\n3 7\n3 9\n3 5\n3 12\n4 7\n4 8\n4 13\n4 10\n4 6\n5 12\n5 11\n6 10\n6 13\n7 12\n7 9\n7 13\n7 8\n8 13\n8 10\n9 11\n9 12\nS 4\n2\n3 0.479199 0.0112395 0.09961\n4 -0.458669 0.011623 0.097095\n2\n0.0102648 0.0114312 0.0983525\n-0.999996 0.000408904 -0.0026816\n2\n8 -0.481638 -0.272052 0.0222917\n9 0.5137 -0.270819 0.0222035\n2\n0.016031 -0.271436 0.0222476\n0.999999 0.00123884 -8.86888e-05\n2\n10 -0.48357 -0.202749 -0.526092\n13 -0.552438 -0.244107 0.605812\n2\n-0.518004 -0.223428 0.0398601\n-0.0606904 -0.0364476 0.997491\n2\n11 0.505308 -0.200859 -0.529081\n12 0.585626 -0.244407 0.602711\n2\n0.545467 -0.222633 0.0368154\n0.0707354 -0.0383522 0.996758\nL 14\n0\n0\n1\n3\n3\n3\n3\n2\n2\n2\n2\n2\n2\n2"
}