{
    "boxes": [
        [
            7.449999975506216e-05,
            -0.09788549691438675,
            0.013131500221788883,
            0.11974500119686127,
            0.8398709893226624,
            0.8982189893722534,
            0.0,
            1.0,
            0.0,
            0.0,
            0.0,
            1.0
        ],
        [
            -0.4245080053806305,
            0.10205599665641785,
            0.219759002327919,
            0.3613249957561493,
            0.03715800121426582,
            0.03398900106549263,
            0.0,
            1.0,
            0.0,
            0.0,
            0.0,
            1.0
        ],
        [
            -0.4299440085887909,
            0.2675879895687103,
            0.22645999491214752,
            0.04281599819660187,
            0.43761101365089417,
            0.11677099764347076,
            0.0,
            1.0,
            0.0,
            0.0,
            0.0,
            1.0
        ],
        [
            -0.41678300499916077,
            0.10218700021505356,
            0.40532299876213074,
            0.3612459897994995,
            0.03716399893164635,
            0.033991001546382904,
            0.0,
            1.0,
            0.0,
            0.0,
            0.0,
            1.0
        ],
        [
            -0.2566249966621399,
            -0.5133799910545349,
            -0.31828799843788147,
            0.7300369739532471,
            0.107123002409935,
            0.10926300287246704,
            0.10918000340461731,
            0.988726019859314,
            0.10246899724006653,
            0.00421713013201952,
            -0.10354500263929367,
            0.9946159720420837
        ],
        [
            -0.35791900753974915,
            -0.5193960070610046,
            0.3563680052757263,
            0.7294639945030212,
            0.10712999850511551,
            0.10929799824953079,
            0.05689090117812157,
            0.9959409832954407,
            -0.06975109875202179,
            0.0048917499370872974,
            0.06958530098199844,
            0.9975640177726746
        ],
        [
            0.3022080063819885,
            -0.5316460132598877,
            0.0006338970270007849,
            0.06413090229034424,
            0.6917380094528198,
            0.05743280053138733,
            -0.03919890150427818,
            0.9992309808731079,
            0.0006270050071179867,
            0.21527099609375,
            0.007832130417227745,
            0.9765229821205139
        ],
        [
            -0.01624950021505356,
            -0.5325409770011902,
            -0.33274200558662415,
            0.03902599960565567,
            0.03494900092482567,
            0.4212369918823242,
            0.0,
            1.0,
            0.0,
            0.0,
            0.0,
            1.0
        ],
        [
            -0.41597801446914673,
            0.26183900237083435,
            -0.00812217965722084,
            0.801019012928009,
            0.0550088994204998,
            0.049876000732183456,
            0.010163900442421436,
            0.9982590079307556,
            -0.05809890106320381,
            0.006313160061836243,
            0.05803669989109039,
            0.9982939958572388
        ],
        [
            -0.3499769866466522,
            0.25372299551963806,
            -0.2018509954214096,
            0.8012149930000305,
            0.054926998913288116,
            0.04987569898366928,
            0.006404589861631393,
            0.9994580149650574,
            -0.03229309991002083,
            -0.4725160002708435,
            0.031485799700021744,
            0.8807600140571594
        ],
        [
            -0.19934700429439545,
            0.2484460026025772,
            -0.34049999713897705,
            0.8012830018997192,
            0.049874600023031235,
            0.05491640046238899,
            -0.009111990220844746,
            0.9997100234031677,
            -0.022304300218820572,
            0.5483499765396118,
            0.02364790067076683,
            0.8359140157699585
        ],
        [
            -0.002919499995186925,
            0.6839439868927002,
            -0.21112699806690216,
            0.0718500018119812,
            0.5273200273513794,
            0.9500449895858765,
            0.0,
            1.0,
            0.0,
            0.0,
            0.0,
            1.0
        ],
        [
            -0.0007219950202852488,
            0.2473060041666031,
            -0.39039701223373413,
            0.8013560175895691,
            0.049876801669597626,
            0.054916199296712875,
            -0.024728599935770035,
            0.9993489980697632,
            -0.026264099404215813,
            0.08210469782352448,
            0.028213700279593468,
            0.9962239861488342
        ]
    ],
    "ops": [
        [
            0,
            0,
            0,
            0,
            1,
            1,
            2,
            1,
            0,
            2,
            0,
            2,
            0,
            2,
            0,
            2,
            1,
            1,
            1,
            1,
            0,
            0,
            1,
            2,
            0,
            2,
            0,
            0,
            1,
            1,
            1,
            1
        ]
    ],
    "syms": [
        [
            0.0,
            0.9999909996986389,
            0.003552479902282357,
            0.0022459400352090597,
            -0.007760500069707632,
            0.10353600233793259,
            0.22069500386714935,
            0.0
        ],
        [
            0.0,
            0.9999430179595947,
            -0.008713520132005215,
            -0.006229510065168142,
            -0.019287699833512306,
            -0.5154479742050171,
            -0.3197669982910156,
            0.0
        ],
        [
            0.0,
            0.9999880194664001,
            -0.0021275500766932964,
            0.004299109801650047,
            0.012360500171780586,
            -0.5201839804649353,
            0.3579599857330322,
            0.0
        ],
        [
            0.0,
            0.9983310103416443,
            -0.000273403013125062,
            -0.05774930119514465,
            -0.0013414700515568256,
            -0.5315619707107544,
            0.018193000927567482,
            0.0
        ],
        [
            0.0,
            0.04444570094347,
            0.0018664300441741943,
            0.9990100264549255,
            -0.0008900000248104334,
            -0.5318959951400757,
            0.012494499795138836,
            0.0
        ],
        [
            0.0,
            0.999983012676239,
            0.005170019809156656,
            0.002810260048136115,
            -0.001894189976155758,
            0.2639800012111664,
            -0.006958470214158297,
            0.0
        ],
        [
            0.0,
            0.9999819993972778,
            0.005269739776849747,
            0.0028507900424301624,
            -0.000861976994201541,
            0.24949200451374054,
            -0.33993399143218994,
            0.0
        ]
    ],
    "labels:": [
        [
            1,
            3,
            3,
            3,
            2,
            2,
            2,
            2,
            0,
            0,
            0,
            0,
            0
        ]
    ],
    "obj": 40601,
    "mat_index": 3787,
    "obbs": "N 23\n-0.0029195 0.683944 -0.211127 1 0 0 0 1 0 0 0 1 0.950045 0.07185 0.52732\n7.45e-05 -0.0978855 0.0131315 1 0 0 0 1 0 0 0 1 0.898219 0.119745 0.839871\n0.412189 0.26612 -0.00579477 0.0219942 -0.998448 0.051163 0.987335 0.0136499 -0.158062 0.157118 0.0539915 0.986103 0.801248 0.0498768 0.0549212\n0.347365 0.257455 -0.199886 -0.61031 -0.02824 -0.791659 0.792076 -0.00696308 -0.610383 0.0117248 -0.999577 0.0266178 0.0549714 0.049877 0.801089\n0.197623 0.250538 -0.339369 -0.0364527 0.998522 -0.0402991 -0.404163 0.0221501 0.914419 0.91396 0.0496205 0.402759 0.801412 0.0498767 0.0549464\n-0.000721995 0.247306 -0.390397 0.996317 0.0224789 -0.082749 0.0821047 0.0282137 0.996224 0.0247286 -0.999349 0.0262641 0.0549162 0.0498768 0.801356\n-0.199347 0.248446 -0.3405 -0.00911199 0.99971 -0.0223043 0.54835 0.0236479 0.835914 0.836199 -0.00461373 -0.548407 0.801283 0.0498746 0.0549164\n-0.349977 0.253723 -0.201851 0.472516 -0.0314858 -0.88076 0.881299 0.0096181 0.472461 -0.00640459 -0.999458 0.0322931 0.054927 0.0498757 0.801215\n-0.415978 0.261839 -0.00812218 -0.00631316 -0.0580367 -0.998294 0.999928 -0.0105134 -0.00571229 -0.0101639 -0.998259 0.0580989 0.0550089 0.049876 0.801019\n0.426517 0.277891 0.236997 1 0 0 0 1 0 0 0 1 0.116765 0.042816 0.438072\n-0.429944 0.267588 0.22646 1 0 0 0 1 0 0 0 1 0.116771 0.042816 0.437611\n0.416712 0.105148 0.407196 1 0 0 0 1 0 0 0 1 0.033991 0.361246 0.037164\n0.408988 0.105017 0.221631 1 0 0 0 1 0 0 0 1 0.033991 0.361325 0.03716\n-0.424508 0.102056 0.219759 1 0 0 0 1 0 0 0 1 0.033989 0.361325 0.037158\n-0.416783 0.102187 0.405323 1 0 0 0 1 0 0 0 1 0.033991 0.361246 0.037164\n-0.0162495 -0.532541 -0.332742 1 0 0 0 1 0 0 0 1 0.421237 0.039026 0.034949\n0.302208 -0.531646 0.000633897 0.0391989 -0.999231 -0.000627005 0.975767 0.0384136 -0.215413 0.215271 0.00783213 0.976523 0.0641309 0.0574328 0.691738\n0.0144695 -0.531251 0.357731 1 0 0 0 1 0 0 0 1 0.726121 0.061942 0.059313\n-0.304891 -0.531479 0.0357521 0.167379 0.0115369 -0.985825 0.98509 0.0383814 0.167704 0.0397722 -0.999197 -0.00494067 0.691745 0.0574322 0.0641208\n0.38264 -0.520972 0.359552 0.998148 0.0607068 0.00377684 -0.00854598 0.0784937 0.996878 0.0602208 -0.995065 0.0788672 0.109303 0.107127 0.729315\n-0.357919 -0.519396 0.356368 -0.998368 0.0570935 0.000913122 0.00489175 0.0695853 0.997564 0.0568909 0.995941 -0.0697511 0.109298 0.10713 0.729464\n-0.256625 -0.51338 -0.318288 -0.994013 0.10816 0.0154746 0.00421713 -0.103545 0.994616 0.10918 0.988726 0.102469 0.109263 0.107123 0.730037\n0.21805 -0.517516 -0.321245 0.999244 0.0370934 -0.0116177 0.01503 -0.0930821 0.995545 0.0358468 -0.994967 -0.0935692 0.109294 0.107125 0.729711\nC 64\n0 7\n0 3\n0 4\n0 5\n0 8\n0 6\n0 2\n1 21\n1 3\n1 6\n1 11\n1 20\n1 2\n1 14\n1 5\n1 13\n1 4\n1 19\n1 22\n1 12\n1 8\n1 7\n2 12\n2 19\n2 9\n2 3\n3 9\n3 22\n3 4\n4 22\n4 5\n5 6\n5 22\n5 21\n6 21\n6 7\n7 21\n7 10\n7 8\n8 13\n8 10\n8 20\n9 11\n9 12\n10 13\n10 14\n11 19\n11 12\n12 19\n13 20\n13 14\n14 20\n15 16\n15 18\n15 22\n15 21\n16 17\n16 22\n16 19\n17 20\n17 19\n17 18\n18 20\n18 21\nS 10\n2\n8 -0.415978 0.261839 -0.00812218\n2 0.412189 0.26612 -0.00579477\n2\n-0.00189419 0.26398 -0.00695847\n0.999983 0.00517002 0.00281026\n2\n7 -0.349977 0.253723 -0.201851\n3 0.347365 0.257455 -0.199886\n2\n-0.00130638 0.255589 -0.200868\n0.999982 0.00535196 0.00281779\n2\n6 -0.199347 0.248446 -0.3405\n4 0.197623 0.250538 -0.339369\n2\n-0.000861977 0.249492 -0.339934\n0.999982 0.00526974 0.00285079\n2\n9 0.426517 0.277891 0.236997\n10 -0.429944 0.267588 0.22646\n2\n-0.0017135 0.27274 0.231728\n-0.999852 -0.0120279 -0.0123017\n2\n11 0.416712 0.105148 0.407196\n14 -0.416783 0.102187 0.405323\n2\n-3.5e-05 0.103667 0.406259\n-0.999991 -0.00355248 -0.00224714\n2\n12 0.408988 0.105017 0.221631\n13 -0.424508 0.102056 0.219759\n2\n-0.0077605 0.103536 0.220695\n-0.999991 -0.00355248 -0.00224594\n2\n16 0.302208 -0.531646 0.000633897\n18 -0.304891 -0.531479 0.0357521\n2\n-0.00134147 -0.531562 0.018193\n-0.998331 0.000273403 0.0577493\n2\n15 -0.0162495 -0.532541 -0.332742\n17 0.0144695 -0.531251 0.357731\n2\n-0.00089 -0.531896 0.0124945\n0.0444457 0.00186643 0.99901\n2\n19 0.38264 -0.520972 0.359552\n20 -0.357919 -0.519396 0.356368\n2\n0.0123605 -0.520184 0.35796\n-0.999988 0.00212755 -0.00429911\n2\n21 -0.256625 -0.51338 -0.318288\n22 0.21805 -0.517516 -0.321245\n2\n-0.0192877 -0.515448 -0.319767\n0.999943 -0.00871352 -0.00622951\nL 23\n0\n1\n0\n0\n0\n0\n0\n0\n0\n3\n3\n3\n3\n3\n3\n2\n2\n2\n2\n2\n2\n2\n2"
}