{
    "boxes": [
        [
            -0.006547499913722277,
            -0.15990300476551056,
            0.16419899463653564,
            0.14288699626922607,
            0.836991012096405,
            0.8436530232429504,
            0.0,
            1.0,
            0.0,
            0.0,
            0.0,
            1.0
        ],
        [
            0.4246540069580078,
            0.014269099570810795,
            -0.07605669647455215,
            0.39203599095344543,
            0.08764909952878952,
            0.039766598492860794,
            0.005714579951018095,
            0.9126949906349182,
            0.40860098600387573,
            -0.004780659917742014,
            -0.4085780084133148,
            0.9127110242843628
        ],
        [
            -0.43101099133491516,
            0.007926469668745995,
            0.3771370053291321,
            0.43786299228668213,
            0.06215060129761696,
            0.07120189815759659,
            -0.04037240147590637,
            0.9884939789772034,
            -0.14576999843120575,
            0.25441399216651917,
            0.15125100314617157,
            0.9551950097084045
        ],
        [
            -0.4378570020198822,
            0.17903099954128265,
            -0.01186859980225563,
            0.028250299394130707,
            0.68333899974823,
            0.06377849727869034,
            0.015693500638008118,
            0.9964489936828613,
            -0.08271729946136475,
            0.0006502179894596338,
            0.08271729946136475,
            0.9965729713439941
        ],
        [
            0.4247579872608185,
            -0.4800809919834137,
            -0.27976301312446594,
            0.756069004535675,
            0.06661909818649292,
            0.04066630080342293,
            0.003584770020097494,
            0.9123420119285583,
            0.40941300988197327,
            -0.004806790035218,
            -0.4093950092792511,
            0.9123449921607971
        ],
        [
            -0.4243850111961365,
            -0.5040150284767151,
            0.43627598881721497,
            0.6310799717903137,
            0.04865130037069321,
            0.04744600132107735,
            0.009374589659273624,
            0.9924870133399963,
            -0.1219940036535263,
            0.1219940036535263,
            0.11995299905538559,
            0.985256016254425
        ],
        [
            -0.010181499645113945,
            0.25627800822257996,
            -0.26842498779296875,
            0.5412480235099792,
            0.0475086010992527,
            0.8056380152702332,
            -0.004173070192337036,
            0.9795979857444763,
            -0.20092299580574036,
            -0.005115809850394726,
            0.20090100169181824,
            0.9795979857444763
        ],
        [
            -0.006546500138938427,
            0.15379099547863007,
            -0.3036620020866394,
            0.020825600251555443,
            0.05073169991374016,
            0.8145670294761658,
            0.0,
            0.9928950071334839,
            -0.11899600178003311,
            0.0,
            0.11899600178003311,
            0.9928950071334839
        ]
    ],
    "ops": [
        [
            0,
            0,
            0,
            0,
            1,
            1,
            2,
            1,
            0,
            0,
            1,
            2,
            1,
            0,
            0,
            1,
            1
        ]
    ],
    "syms": [
        [
            0.0,
            0.9997900128364563,
            -0.015827300027012825,
            -0.013050699606537819,
            -0.006545470096170902,
            0.02109530009329319,
            -0.07042810320854187,
            0.0
        ],
        [
            0.0,
            0.9998180270195007,
            -0.01667170040309429,
            -0.009285089559853077,
            -0.006621549837291241,
            -0.4728879928588867,
            -0.2757570147514343,
            0.0
        ]
    ],
    "labels:": [
        [
            1,
            3,
            3,
            3,
            2,
            2,
            0,
            0
        ]
    ],
    "obj": 40618,
    "mat_index": 3798,
    "obbs": "N 13\n-0.0101815 0.256278 -0.268425 0.999978 0.00511581 0.00417307 -0.00511581 0.200901 0.979598 0.00417307 -0.979598 0.200923 0.805638 0.0475086 0.541248\n-0.0065475 -0.159903 0.164199 1 0 0 0 1 0 0 0 1 0.843653 0.142887 0.836991\n-0.431011 0.00792647 0.377137 0.966252 0.0014774 -0.257593 0.254414 0.151251 0.955195 0.0403724 -0.988494 0.14577 0.0712019 0.0621506 0.437863\n-0.437745 0.0279214 -0.0647995 0.00446263 -0.925946 -0.377629 0.999779 -0.00363415 0.0207258 -0.0205634 -0.377638 0.925725 0.353987 0.0402077 0.0874351\n0.419592 0.0324359 0.372086 -0.995951 0.0193264 -0.0877906 -0.0842698 0.139253 0.986665 0.0312938 0.990068 -0.137061 0.0680747 0.0535278 0.386481\n0.424654 0.0142691 -0.0760567 -0.00571458 -0.912695 -0.408601 0.999972 -0.00716915 0.00202843 -0.00478066 -0.408578 0.912711 0.392036 0.0397666 0.0876491\n-0.437857 0.179031 -0.0118686 -0.000650218 -0.0827173 -0.996573 0.0156935 0.996449 -0.0827173 0.999877 -0.0156935 0.000650218 0.683339 0.0282503 0.0637785\n0.424763 0.179031 -0.0118686 0.999877 0.015695 -0.000650277 -0.015695 0.996449 -0.0827173 -0.000650277 0.0827173 0.996573 0.0637786 0.0282504 0.683339\n-0.0065465 0.153791 -0.303662 1 0 0 0 0.992895 -0.118996 0 0.118996 0.992895 0.814567 0.0208256 0.0507317\n0.424758 -0.480081 -0.279763 0.00480679 0.409395 -0.912345 0.999982 -0.0052385 0.00291785 -0.00358477 -0.912342 -0.409413 0.0666191 0.0406663 0.756069\n0.411196 -0.476026 0.433059 0.0169108 -0.141084 -0.989853 0.999819 0.0110002 0.0155131 0.00869995 -0.989937 0.141245 0.0598752 0.0449705 0.687678\n-0.424385 -0.504015 0.436276 -0.00937459 -0.992487 0.121994 0.992487 -0.0241189 -0.119953 0.121994 0.119953 0.985256 0.63108 0.047446 0.0486513\n-0.438001 -0.465695 -0.27175 -0.00376312 -0.909162 -0.416427 0.992215 -0.0552309 0.111616 -0.124477 -0.412765 0.902292 0.789326 0.0465575 0.0718186\nC 32\n0 7\n0 3\n0 12\n0 5\n0 8\n0 1\n0 6\n0 9\n1 3\n1 6\n1 11\n1 2\n1 5\n1 10\n1 4\n1 9\n1 12\n1 8\n1 7\n2 6\n2 11\n3 6\n3 12\n3 8\n4 7\n4 10\n5 9\n5 8\n5 7\n6 12\n6 8\n7 8\nS 5\n2\n2 -0.431011 0.00792647 0.377137\n4 0.419592 0.0324359 0.372086\n2\n-0.00570941 0.0201812 0.374612\n0.999568 0.0288017 -0.00593519\n2\n3 -0.437745 0.0279214 -0.0647995\n5 0.424654 0.0142691 -0.0760567\n2\n-0.00654547 0.0210953 -0.0704281\n0.99979 -0.0158273 -0.0130507\n2\n6 -0.437857 0.179031 -0.0118686\n7 0.424763 0.179031 -0.0118686\n2\n-0.006547 0.179031 -0.0118686\n1 6.27525e-09 -2.09687e-10\n2\n9 0.424758 -0.480081 -0.279763\n12 -0.438001 -0.465695 -0.27175\n2\n-0.00662155 -0.472888 -0.275757\n-0.999818 0.0166717 0.00928509\n2\n10 0.411196 -0.476026 0.433059\n11 -0.424385 -0.504015 0.436276\n2\n-0.00659455 -0.49002 0.434668\n-0.999432 -0.033478 0.00384763\nL 13\n0\n1\n3\n3\n3\n3\n3\n3\n0\n2\n2\n2\n2"
}