{
    "boxes": [
        [
            0.00888300035148859,
            -0.11216499656438828,
            0.16909199953079224,
            0.1348470002412796,
            0.7279040217399597,
            0.7109760046005249,
            0.0,
            1.0,
            0.0,
            0.0,
            0.0,
            1.0
        ],
        [
            -0.37222298979759216,
            -0.4361810088157654,
            0.31342199444770813,
            0.8490809798240662,
            0.03455059975385666,
            0.05452549830079079,
            0.0016159700462594628,
            0.9802430272102356,
            -0.1977909952402115,
            0.001974599901586771,
            0.19778800010681152,
            0.9802430272102356
        ],
        [
            0.3897629976272583,
            -0.018144000321626663,
            0.06615850329399109,
            0.03431199863553047,
            0.3498849868774414,
            0.05364999920129776,
            0.0,
            1.0,
            0.0,
            0.0,
            0.0,
            1.0
        ],
        [
            -0.37194201350212097,
            -0.42632201313972473,
            -0.17708300054073334,
            0.8704410195350647,
            0.036458201706409454,
            0.06580419838428497,
            0.014595000073313713,
            0.9793890118598938,
            0.20145300030708313,
            0.01189740002155304,
            -0.20162999629974365,
            0.9793890118598938
        ],
        [
            0.00888300035148859,
            0.36999601125717163,
            -0.2190990000963211,
            0.5078409910202026,
            0.06771200150251389,
            0.7109760046005249,
            0.0,
            1.0,
            0.0,
            0.0,
            0.0,
            1.0
        ],
        [
            -0.30855900049209595,
            0.1354449987411499,
            -0.24955600500106812,
            0.5895130038261414,
            0.13021999597549438,
            0.027355900034308434,
            -0.001193149946630001,
            0.9845899939537048,
            -0.1748729944229126,
            0.01876850053668022,
            0.1748650074005127,
            0.9844139814376831
        ]
    ],
    "ops": [
        [
            0,
            0,
            0,
            0,
            1,
            1,
            2,
            1,
            0,
            0,
            2,
            1,
            1
        ]
    ],
    "syms": [
        [
            0.0,
            0.9999920129776001,
            0.003171500051394105,
            -0.002283839974552393,
            0.008803829550743103,
            -0.43497300148010254,
            0.31255200505256653,
            0.0
        ],
        [
            0.0,
            0.9999369978904724,
            -0.00715920003131032,
            -0.008603019639849663,
            0.008755560033023357,
            0.13317400217056274,
            -0.25228598713874817,
            0.0
        ]
    ],
    "labels:": [
        [
            1,
            2,
            2,
            2,
            0,
            0
        ]
    ],
    "obj": 40622,
    "mat_index": 3802,
    "obbs": "N 10\n0.008883 0.369996 -0.219099 1 0 0 0 1 0 0 0 1 0.710976 0.507841 0.067712\n0.389763 -0.018144 0.0661585 1 0 0 0 1 0 0 0 1 0.05365 0.034312 0.349885\n-0.371997 -0.0218715 0.0754325 1 0 0 0 1 0 0 0 1 0.05365 0.041767 0.336407\n0.008883 -0.112165 0.169092 1 0 0 0 1 0 0 0 1 0.710976 0.134847 0.727904\n-0.308559 0.135445 -0.249556 -0.00119315 0.98459 -0.174873 0.999823 -0.00210756 -0.0186879 -0.0187685 -0.174865 -0.984414 0.589513 0.0273559 0.13022\n0.32607 0.130902 -0.255016 -0.00132465 0.975267 -0.221027 0.999908 -0.00168458 -0.0134257 -0.013466 -0.221025 -0.975175 0.593117 0.0271093 0.13689\n0.390183 -0.435997 -0.172978 -0.00948853 0.979755 0.199976 0.0350065 -0.199537 0.979265 0.999342 0.0162922 -0.0324045 0.85303 0.05094 0.061765\n0.389831 -0.433764 0.311682 -0.000322481 0.979513 -0.201379 -0.0645622 0.200938 0.977474 0.997914 0.0133167 0.0631747 0.854518 0.0360829 0.0543606\n-0.371942 -0.426322 -0.177083 0.999823 -0.0118974 -0.014595 0.0118974 -0.20163 0.979389 -0.014595 -0.979389 -0.201453 0.0658042 0.0364582 0.870441\n-0.372223 -0.436181 0.313422 0.999997 -0.0019746 -0.00161597 0.0019746 0.197788 0.980243 -0.00161597 -0.980243 0.197791 0.0545255 0.0345506 0.849081\nC 23\n0 2\n0 3\n0 4\n0 5\n0 8\n0 1\n0 6\n1 3\n1 6\n1 5\n1 7\n2 8\n2 9\n2 3\n2 4\n3 7\n3 6\n3 9\n3 5\n3 8\n3 4\n4 8\n5 6\nS 4\n2\n1 0.389763 -0.018144 0.0661585\n2 -0.371997 -0.0218715 0.0754325\n2\n0.008883 -0.0200078 0.0707955\n-0.999914 -0.00489285 0.0121734\n2\n4 -0.308559 0.135445 -0.249556\n5 0.32607 0.130902 -0.255016\n2\n0.00875556 0.133174 -0.252286\n0.999937 -0.0071592 -0.00860302\n2\n6 0.390183 -0.435997 -0.172978\n8 -0.371942 -0.426322 -0.177083\n2\n0.00912058 -0.431159 -0.175031\n-0.999905 0.012694 -0.00538674\n2\n7 0.389831 -0.433764 0.311682\n9 -0.372223 -0.436181 0.313422\n2\n0.00880383 -0.434973 0.312552\n-0.999992 -0.0031715 0.00228384\nL 10\n0\n2\n2\n1\n0\n0\n2\n2\n2\n2"
}