{
    "boxes": [
        [
            0.010238599963486195,
            -0.09108579903841019,
            0.11078999936580658,
            0.22749300301074982,
            0.8028249740600586,
            0.8027589917182922,
            0.010038400068879128,
            0.9998689889907837,
            -0.012704499997198582,
            0.052397001534700394,
            0.012161700055003166,
            0.9985520243644714
        ],
        [
            0.37442898750305176,
            0.11186400055885315,
            0.11436399817466736,
            0.212678000330925,
            0.8654860258102417,
            0.049765899777412415,
            0.012751099653542042,
            0.9027739763259888,
            0.4299269914627075,
            0.0819569006562233,
            -0.42945900559425354,
            0.8993600010871887
        ],
        [
            0.36931198835372925,
            -0.42678698897361755,
            -0.2909359931945801,
            0.7110559940338135,
            0.07485400140285492,
            0.07485400140285492,
            0.0,
            1.0,
            0.0,
            0.0,
            0.0,
            1.0
        ],
        [
            0.41073501110076904,
            -0.42678698897361755,
            0.47232601046562195,
            0.7110559940338135,
            0.07485499978065491,
            0.07485400140285492,
            0.0,
            1.0,
            0.0,
            0.0,
            0.0,
            1.0
        ],
        [
            -0.009313270449638367,
            0.3276430070400238,
            -0.24396799504756927,
            0.6202859878540039,
            0.03765450045466423,
            0.6130620241165161,
            0.0004140599921811372,
            0.9999949932098389,
            -0.003066489938646555,
            0.05291059985756874,
            0.003040279960259795,
            0.9985949993133545
        ],
        [
            -0.013830400072038174,
            0.32842299342155457,
            -0.2834250032901764,
            0.8050529956817627,
            0.08530329912900925,
            0.8000980019569397,
            -0.00584285007789731,
            0.9997460246086121,
            -0.02177640050649643,
            0.047529399394989014,
            0.022029800340533257,
            0.9986270070075989
        ]
    ],
    "ops": [
        [
            0,
            0,
            2,
            1,
            0,
            0,
            1,
            2,
            1,
            0,
            0,
            1,
            1
        ]
    ],
    "syms": [
        [
            0.0,
            0.9998459815979004,
            -9.636479808250442e-05,
            -0.017523499205708504,
            0.00454209977760911,
            0.11190000176429749,
            0.12084700167179108,
            0.0
        ],
        [
            0.0,
            0.9985309839248657,
            0.0,
            -0.05419209972023964,
            -0.01160850003361702,
            -0.42678698897361755,
            -0.2702629864215851,
            0.0
        ]
    ],
    "labels:": [
        [
            1,
            3,
            2,
            2,
            0,
            0
        ]
    ],
    "obj": 40680,
    "mat_index": 3830,
    "obbs": "N 9\n-0.00931327 0.327643 -0.243968 0.00041406 0.999995 -0.00306649 0.0529106 0.00304028 0.998595 0.998599 -0.000575728 -0.0529091 0.620286 0.0376545 0.613062\n0.374429 0.111864 0.114364 -0.0819569 0.429459 -0.89936 0.996554 0.0237677 -0.0794646 -0.0127511 -0.902774 -0.429927 0.865486 0.0497659 0.212678\n-0.365345 0.111935 0.12733 -0.0115777 -0.903502 -0.428428 0.999599 0.000614987 -0.0283097 0.0258414 -0.428584 0.903132 0.211311 0.0517912 0.86581\n0.0102386 -0.0910858 0.11079 0.998576 -0.0106896 -0.052268 0.0100384 0.999869 -0.0127045 0.052397 0.0121617 0.998552 0.802759 0.227493 0.802825\n-0.0138304 0.328423 -0.283425 -0.00584285 0.999746 -0.0217764 0.0475294 0.0220298 0.998627 0.998853 0.00479981 -0.0476461 0.805053 0.0853033 0.800098\n-0.392529 -0.426787 -0.24959 1 0 0 0 1 0 0 0 1 0.074854 0.711056 0.074855\n0.369312 -0.426787 -0.290936 1 0 0 0 1 0 0 0 1 0.074854 0.711056 0.074854\n0.410735 -0.426787 0.472326 1 0 0 0 1 0 0 0 1 0.074854 0.711056 0.074855\n-0.351106 -0.426787 0.513672 1 0 0 0 1 0 0 0 1 0.074854 0.711056 0.074855\nC 21\n0 1\n0 6\n0 5\n0 4\n0 3\n0 2\n1 3\n1 4\n1 6\n1 7\n2 8\n2 4\n2 3\n2 5\n3 5\n3 7\n3 8\n3 6\n3 4\n4 6\n4 5\nS 3\n2\n1 0.374429 0.111864 0.114364\n2 -0.365345 0.111935 0.12733\n2\n0.0045421 0.1119 0.120847\n-0.999846 9.63648e-05 0.0175235\n2\n5 -0.392529 -0.426787 -0.24959\n6 0.369312 -0.426787 -0.290936\n2\n-0.0116085 -0.426787 -0.270263\n0.998531 0 -0.0541921\n2\n7 0.410735 -0.426787 0.472326\n8 -0.351106 -0.426787 0.513672\n2\n0.0298145 -0.426787 0.492999\n-0.998531 0 0.0541914\nL 9\n0\n3\n3\n1\n0\n2\n2\n2\n2"
}