{
    "boxes": [
        [
            -0.016250500455498695,
            -0.1161080002784729,
            0.09227599948644638,
            0.40897199511528015,
            0.8938339948654175,
            1.181939959526062,
            0.0,
            1.0,
            0.0,
            0.0,
            0.0,
            1.0
        ],
        [
            -0.5176479816436768,
            0.04555549845099449,
            0.040218498557806015,
            0.5365849733352661,
            0.8769400119781494,
            0.056015100330114365,
            -0.002068710047751665,
            0.9999790191650391,
            -0.0061897998675704,
            -0.09861770272254944,
            0.0059556299820542336,
            0.9951080083847046
        ],
        [
            -0.5645779967308044,
            0.0185295008122921,
            0.49559399485588074,
            0.5423790216445923,
            0.09049399942159653,
            0.06419699639081955,
            0.0,
            1.0,
            0.0,
            0.0,
            0.0,
            1.0
        ],
        [
            -0.5319679975509644,
            0.3240300118923187,
            0.05450199916958809,
            0.08922450244426727,
            0.9518970251083374,
            0.09459169954061508,
            -0.12844699621200562,
            0.9916800260543823,
            0.008521810173988342,
            -0.1031159982085228,
            -0.02190149948000908,
            0.9944279789924622
        ],
        [
            -0.48717600107192993,
            -0.41601699590682983,
            -0.31514298915863037,
            0.4065209925174713,
            0.14098399877548218,
            0.0741640031337738,
            0.0,
            1.0,
            0.0,
            0.0,
            0.0,
            1.0
        ],
        [
            -0.5683760046958923,
            -0.4298129975795746,
            0.5383949875831604,
            0.4163230061531067,
            0.09463509917259216,
            0.0853089988231659,
            0.023979799821972847,
            0.979574978351593,
            -0.19964599609375,
            0.3989979922771454,
            0.1737309992313385,
            0.9003430008888245
        ],
        [
            -0.4791159927845001,
            0.22043000161647797,
            -0.4226570129394531,
            0.975417971611023,
            0.13540400564670563,
            0.09470350295305252,
            0.027267899364233017,
            0.9453259706497192,
            -0.32498499751091003,
            0.2541539967060089,
            0.30786699056625366,
            0.9168559908866882
        ],
        [
            -0.013886500149965286,
            0.21774500608444214,
            -0.41674599051475525,
            0.9212809801101685,
            0.0814812034368515,
            0.8682990074157715,
            -1.056100007446048e-08,
            0.9684540033340454,
            -0.24919100105762482,
            -1.362249957281847e-08,
            0.24919100105762482,
            0.9684540033340454
        ],
        [
            -0.01870799995958805,
            0.6600000262260437,
            -0.5493080019950867,
            0.07846300303936005,
            0.09241300076246262,
            0.8940640091896057,
            0.0,
            1.0,
            0.0,
            0.0,
            0.0,
            1.0
        ]
    ],
    "ops": [
        [
            0,
            0,
            0,
            0,
            1,
            1,
            2,
            1,
            0,
            0,
            1,
            2,
            1,
            0,
            2,
            0,
            0,
            1,
            1,
            1
        ]
    ],
    "syms": [
        [
            0.0,
            0.9999129772186279,
            0.012587400153279305,
            0.003926239907741547,
            -0.014995000325143337,
            0.05188310146331787,
            0.04219229891896248,
            0.0
        ],
        [
            0.0,
            0.9999340176582336,
            0.011451300233602524,
            -0.0004878879990428686,
            -0.016299499198794365,
            -0.4106239974498749,
            -0.3153730034828186,
            0.0
        ],
        [
            0.0,
            0.999767005443573,
            0.01675960049033165,
            0.013578199781477451,
            -0.01973949931561947,
            0.22812999784946442,
            -0.4164179861545563,
            0.0
        ]
    ],
    "labels:": [
        [
            1,
            3,
            3,
            3,
            2,
            2,
            0,
            0,
            0
        ]
    ],
    "obj": 40699,
    "mat_index": 3837,
    "obbs": "N 15\n-0.0138865 0.217745 -0.416746 -1.0561e-08 0.968454 -0.249191 -1.36225e-08 0.249191 0.968454 1 1.36225e-08 1.0561e-08 0.921281 0.0814812 0.868299\n-0.018708 0.66 -0.549308 1 0 0 0 1 0 0 0 1 0.894064 0.078463 0.092413\n-0.0162505 -0.116108 0.092276 1 0 0 0 1 0 0 0 1 1.18194 0.408972 0.893834\n-0.479116 0.22043 -0.422657 0.0272679 0.945326 -0.324985 0.254154 0.307867 0.916856 0.966779 -0.107597 -0.231863 0.975418 0.135404 0.0947035\n0.439637 0.235831 -0.410179 0.272123 -0.265203 -0.924995 0.961263 0.118717 0.248755 0.0438418 -0.956856 0.287236 0.123084 0.0971146 0.955463\n0.532046 0.0162915 0.490009 1 0 0 0 1 0 0 0 1 0.064221 0.546919 0.101335\n-0.564578 0.0185295 0.495594 1 0 0 0 1 0 0 0 1 0.064197 0.542379 0.090494\n0.498613 0.325813 0.0539941 0.988297 0.112576 -0.102932 -0.110225 0.993505 0.02827 0.105446 -0.0165934 0.994287 0.0968779 0.0918443 0.950861\n-0.531968 0.32403 0.054502 0.103116 0.0219015 -0.994428 -0.128447 0.99168 0.00852181 0.986341 0.126853 0.105071 0.951897 0.0892245 0.0945917\n0.454577 -0.405232 -0.315603 1 0 0 0 1 0 0 0 1 0.074104 0.428097 0.141261\n0.537577 -0.43054 0.536488 -0.0203411 0.977858 -0.20828 -0.45559 0.176371 0.872543 0.889957 0.112639 0.441915 0.415771 0.0923515 0.088365\n-0.568376 -0.429813 0.538395 0.916638 -0.101249 -0.386683 0.398998 0.173731 0.900343 -0.0239798 -0.979575 0.199646 0.085309 0.0946351 0.416323\n-0.487176 -0.416017 -0.315143 1 0 0 0 1 0 0 0 1 0.074164 0.406521 0.140984\n0.487658 0.0582107 0.044166 0.00192134 -0.99892 0.0464253 0.995123 -0.00266865 -0.0986042 0.0986216 0.0463883 0.994043 0.546469 0.0560158 0.863639\n-0.517648 0.0455555 0.0402185 -0.00206871 0.999979 -0.0061898 0.995123 0.00266901 0.0986032 0.0986177 -0.00595563 -0.995108 0.536585 0.0560151 0.87694\nC 42\n0 14\n0 2\n0 7\n0 3\n0 4\n0 12\n0 8\n0 1\n0 13\n0 9\n1 3\n1 4\n2 8\n2 12\n2 5\n2 9\n2 13\n2 6\n2 10\n2 3\n2 14\n2 7\n2 11\n2 4\n3 14\n3 12\n3 8\n4 7\n4 9\n4 13\n5 13\n5 10\n5 7\n6 14\n6 11\n6 8\n7 13\n8 14\n9 13\n10 13\n11 14\n12 14\nS 6\n2\n3 -0.479116 0.22043 -0.422657\n4 0.439637 0.235831 -0.410179\n2\n-0.0197395 0.22813 -0.416418\n0.999767 0.0167596 0.0135782\n2\n5 0.532046 0.0162915 0.490009\n6 -0.564578 0.0185295 0.495594\n2\n-0.016266 0.0174105 0.492801\n-0.999985 0.00204078 0.00509328\n2\n7 0.498613 0.325813 0.0539941\n8 -0.531968 0.32403 0.054502\n2\n-0.0166774 0.324922 0.0542481\n-0.999998 -0.00172995 0.000492805\n2\n9 0.454577 -0.405232 -0.315603\n12 -0.487176 -0.416017 -0.315143\n2\n-0.0162995 -0.410624 -0.315373\n-0.999934 -0.0114513 0.000487888\n2\n10 0.537577 -0.43054 0.536488\n11 -0.568376 -0.429813 0.538395\n2\n-0.0153993 -0.430176 0.537442\n-0.999998 0.000657383 0.00172419\n2\n13 0.487658 0.0582107 0.044166\n14 -0.517648 0.0455555 0.0402185\n2\n-0.014995 0.0518831 0.0421923\n-0.999913 -0.0125874 -0.00392624\nL 15\n0\n0\n1\n0\n0\n3\n3\n3\n3\n2\n2\n2\n2\n3\n3"
}