{
    "boxes": [
        [
            -0.005901409778743982,
            -0.030335400253534317,
            0.12500399351119995,
            0.13217100501060486,
            0.7262020111083984,
            0.7244809865951538,
            -0.0005695350118912756,
            0.9998540282249451,
            0.017058899626135826,
            0.0523408018052578,
            -0.01700570061802864,
            0.9984840154647827
        ],
        [
            -0.2953619956970215,
            -0.3702380061149597,
            0.4585700035095215,
            0.8006349802017212,
            0.07971549779176712,
            0.2136240005493164,
            0.2404250055551529,
            0.9048889875411987,
            -0.3512429893016815,
            0.6716489791870117,
            0.10615500062704086,
            0.7332249879837036
        ],
        [
            -0.3077450096607208,
            -0.37073999643325806,
            -0.2324029952287674,
            0.781479001045227,
            0.09312369674444199,
            0.19027599692344666,
            0.23003199696540833,
            0.8979009985923767,
            0.37531301379203796,
            -0.7217040061950684,
            -0.10132399946451187,
            0.6847450137138367
        ],
        [
            -0.002313960110768676,
            0.2979130148887634,
            -0.2848849892616272,
            0.5883349776268005,
            0.0695222020149231,
            0.543632984161377,
            0.002129750093445182,
            0.9865509867668152,
            -0.16343699395656586,
            0.0025116000324487686,
            0.16343200206756592,
            0.9865509867668152
        ]
    ],
    "ops": [
        [
            0,
            0,
            0,
            1,
            2,
            1,
            0,
            1
        ]
    ],
    "syms": [
        [
            0.0,
            0.9999489784240723,
            -0.008408079855144024,
            0.005598600022494793,
            -0.0031664499547332525,
            -0.3726949989795685,
            0.460206001996994,
            0.0
        ]
    ],
    "labels:": [
        [
            1,
            2,
            2,
            0
        ]
    ],
    "obj": 40735,
    "mat_index": 3854,
    "obbs": "N 6\n-0.00231396 0.297913 -0.284885 0.999995 -0.0025116 -0.00212975 0.0025116 0.163432 0.986551 -0.00212975 -0.986551 0.163437 0.543633 0.0695222 0.588335\n-0.00590141 -0.0303354 0.125004 0.998629 0.00146155 -0.0523235 -0.000569535 0.999854 0.0170589 0.0523408 -0.0170057 0.998484 0.724481 0.132171 0.726202\n-0.295362 -0.370238 0.45857 0.700773 -0.412197 -0.582246 0.671649 0.106155 0.733225 -0.240425 -0.904889 0.351243 0.213624 0.0797155 0.800635\n0.289029 -0.375152 0.461842 -0.207957 0.920007 -0.332177 -0.6816 0.107274 0.723819 0.701552 0.376935 0.604768 0.796175 0.0549797 0.191478\n0.319284 -0.379321 -0.225456 0.772247 0.403938 -0.490376 0.581247 -0.137593 0.80201 0.256491 -0.904379 -0.341043 0.182461 0.0575278 0.766008\n-0.307745 -0.37074 -0.232403 -0.652862 0.428378 -0.624711 0.721704 0.101324 -0.684745 -0.230032 -0.897901 -0.375313 0.190276 0.0931237 0.781479\nC 9\n0 1\n0 5\n0 4\n1 2\n1 3\n1 4\n1 5\n2 3\n2 5\nS 2\n2\n2 -0.295362 -0.370238 0.45857\n3 0.289029 -0.375152 0.461842\n2\n-0.00316645 -0.372695 0.460206\n0.999949 -0.00840808 0.0055986\n2\n4 0.319284 -0.379321 -0.225456\n5 -0.307745 -0.37074 -0.232403\n2\n0.00576924 -0.37503 -0.228929\n-0.999845 0.0136836 -0.0110772\nL 6\n0\n1\n2\n2\n2\n2"
}