{
    "boxes": [
        [
            -0.016209999099373817,
            -0.09001970291137695,
            0.1734360009431839,
            0.06611479818820953,
            0.45457199215888977,
            0.7909430265426636,
            0.0014520699623972178,
            0.999987006187439,
            -0.004944189917296171,
            3.5896800909540616e-06,
            0.004944189917296171,
            0.9999880194664001
        ],
        [
            -0.41533398628234863,
            -0.012600500136613846,
            0.41286700963974,
            0.2714270055294037,
            0.054219800978899,
            0.05495639890432358,
            0.04065269976854324,
            0.9165760278701782,
            0.39778900146484375,
            -0.26339998841285706,
            -0.37420499324798584,
            0.8891519904136658
        ],
        [
            0.3788380026817322,
            -0.012763000093400478,
            0.4177759885787964,
            0.2758469879627228,
            0.05589339882135391,
            0.07606939971446991,
            0.009222590364515781,
            0.8667619824409485,
            0.49863699078559875,
            0.696923017501831,
            -0.36316800117492676,
            0.6183909773826599
        ],
        [
            -0.4400179982185364,
            0.20014899969100952,
            0.18159399926662445,
            0.05521620064973831,
            0.8591269850730896,
            0.0701868012547493,
            -0.04818439856171608,
            0.9661909937858582,
            0.2532849907875061,
            0.006207120139151812,
            -0.2532849907875061,
            0.9673720002174377
        ],
        [
            -0.43098199367523193,
            -0.3754569888114929,
            -0.013656100258231163,
            0.02796350046992302,
            0.877581000328064,
            0.03540839999914169,
            -0.5027890205383301,
            0.7119619846343994,
            -0.49021801352500916,
            -0.008865909650921822,
            0.5628370046615601,
            0.8265209794044495
        ],
        [
            -0.3993090093135834,
            -0.3585120141506195,
            0.23625099658966064,
            0.05366339907050133,
            0.767175018787384,
            0.04946909844875336,
            -0.12373799830675125,
            0.7207030057907104,
            0.6821119785308838,
            0.006672570016235113,
            -0.6867750287055969,
            0.7268400192260742
        ],
        [
            0.3956319987773895,
            -0.3738889992237091,
            -0.010740799829363823,
            0.027921000495553017,
            0.8707249760627747,
            0.03561760112643242,
            -0.013819100335240364,
            0.8294270038604736,
            -0.558443009853363,
            -0.004218350164592266,
            0.558443009853363,
            0.8295320272445679
        ],
        [
            -0.01741199940443039,
            -0.6347259879112244,
            -0.4059480130672455,
            0.056244999170303345,
            0.10809300094842911,
            0.9052860140800476,
            0.0,
            1.0,
            0.0,
            0.0,
            0.0,
            1.0
        ],
        [
            -0.38407400250434875,
            0.24961300194263458,
            -0.18557299673557281,
            0.7609050273895264,
            0.05589359998703003,
            0.15895900130271912,
            0.020958399400115013,
            0.9184349775314331,
            -0.39501699805259705,
            -0.12687499821186066,
            0.394351989030838,
            0.9101589918136597
        ],
        [
            -0.016295399516820908,
            0.26168298721313477,
            -0.185372993350029,
            0.7411879897117615,
            0.045112501829862595,
            0.6986029744148254,
            0.002527100034058094,
            0.9153760075569153,
            -0.4025920033454895,
            0.0038721300661563873,
            0.40258100628852844,
            0.9153760075569153
        ],
        [
            -0.017537599429488182,
            0.6289160251617432,
            -0.35390299558639526,
            0.16642899811267853,
            0.03308489918708801,
            0.7931389808654785,
            -0.0009663340169936419,
            0.8672469854354858,
            -0.49787798523902893,
            -0.0016690200427547097,
            0.49787598848342896,
            0.8672469854354858
        ]
    ],
    "ops": [
        [
            0,
            0,
            0,
            0,
            2,
            1,
            1,
            1,
            0,
            0,
            2,
            1,
            0,
            0,
            2,
            1,
            1,
            1,
            0,
            2,
            0,
            0,
            1,
            1,
            1
        ]
    ],
    "syms": [
        [
            0.0,
            0.9999920129776001,
            -0.0022320300340652466,
            -0.0034475401043891907,
            -0.01711150072515011,
            0.19920499622821808,
            0.18013599514961243,
            0.0
        ],
        [
            0.0,
            0.9999889731407166,
            0.004367830231785774,
            -0.001738229999318719,
            -0.018121199682354927,
            -0.35684698820114136,
            0.23558799922466278,
            0.0
        ],
        [
            0.0,
            2.9233300692730395e-17,
            0.00825424026697874,
            0.999966025352478,
            -0.01741199940443039,
            -0.6308069825172424,
            0.06876219809055328,
            0.0
        ],
        [
            0.0,
            0.9998729825019836,
            0.015524200163781643,
            -0.003710089949890971,
            -0.01661909930408001,
            0.2553179860115051,
            -0.18693600594997406,
            0.0
        ]
    ],
    "labels:": [
        [
            1,
            3,
            3,
            3,
            2,
            2,
            2,
            2,
            0,
            0,
            0
        ]
    ],
    "obj": 40751,
    "mat_index": 3863,
    "obbs": "N 15\n-0.0162954 0.261683 -0.185373 0.999989 -0.00387213 -0.0025271 0.00387213 0.402581 0.915376 -0.0025271 -0.915376 0.402592 0.698603 0.0451125 0.741188\n-0.0175376 0.628916 -0.353903 0.999998 0.00166902 0.000966334 -0.00166902 0.497876 0.867247 0.000966334 -0.867247 0.497878 0.793139 0.0330849 0.166429\n-0.01621 -0.0900197 0.173436 -3.58968e-06 -0.00494419 -0.999988 0.00145207 0.999987 -0.00494419 0.999999 -0.00145207 3.58968e-06 0.454572 0.0661148 0.790943\n0.350835 0.261023 -0.1883 0.969345 -0.103552 -0.222816 0.245632 0.386654 0.888912 -0.00589579 -0.916393 0.400237 0.111296 0.0556037 0.74804\n-0.384074 0.249613 -0.185573 0.0209584 0.918435 -0.395017 -0.126875 0.394352 0.910159 0.991697 0.0310421 0.124791 0.760905 0.0558936 0.158959\n0.378838 -0.012763 0.417776 -0.00922259 -0.866762 -0.498637 0.717086 0.341808 -0.607416 0.696923 -0.363168 0.618391 0.275847 0.0760694 0.0558934\n-0.415334 -0.0126005 0.412867 -0.0406527 -0.916576 -0.397789 0.96383 -0.140924 0.226213 -0.2634 -0.374205 0.889152 0.271427 0.0549564 0.0542198\n0.405795 0.198261 0.178678 -0.995379 -0.073795 -0.061441 -0.0866105 0.966252 0.242603 0.0414646 0.246803 -0.968178 0.0782043 0.0528358 0.86356\n-0.440018 0.200149 0.181594 0.998819 0.0481844 0.00620712 -0.0481844 0.966191 0.253285 0.00620712 -0.253285 0.967372 0.0701868 0.0552162 0.859127\n-0.399309 -0.358512 0.236251 0.123738 -0.720703 -0.682112 0.992292 0.0944893 0.0801713 0.00667257 -0.686775 0.72684 0.0536634 0.0494691 0.767175\n-0.430982 -0.375457 -0.0136561 0.00886591 -0.562837 -0.826521 -0.502789 0.711962 -0.490218 0.864364 0.419912 -0.276676 0.877581 0.0279635 0.0354084\n0.395632 -0.373889 -0.0107408 0.999896 0.0138191 -0.00421835 -0.0138191 0.829427 -0.558443 -0.00421835 0.558443 0.829532 0.0356176 0.027921 0.870725\n0.363067 -0.355182 0.234926 0.00724576 0.702063 -0.712078 0.996048 -0.0681004 -0.0570073 -0.0885155 -0.708851 -0.699782 0.786004 0.0433669 0.0655905\n-0.017412 -0.626888 0.543472 1 0 0 0 1 0 0 0 1 0.907246 0.073923 0.116316\n-0.017412 -0.634726 -0.405948 1 0 0 0 1 0 0 0 1 0.905286 0.056245 0.108093\nC 43\n0 2\n0 7\n0 10\n0 3\n0 4\n0 12\n0 8\n0 1\n0 9\n1 3\n1 4\n1 8\n1 7\n2 8\n2 12\n2 5\n2 9\n2 6\n2 10\n2 3\n2 7\n2 11\n2 4\n3 11\n3 7\n3 12\n4 8\n4 9\n4 10\n5 12\n5 11\n5 7\n6 9\n6 10\n6 8\n7 11\n8 10\n9 10\n9 13\n10 14\n11 14\n11 12\n12 13\nS 4\n2\n3 0.350835 0.261023 -0.1883\n4 -0.384074 0.249613 -0.185573\n2\n-0.0166191 0.255318 -0.186936\n-0.999873 -0.0155242 0.00371009\n2\n7 0.405795 0.198261 0.178678\n8 -0.440018 0.200149 0.181594\n2\n-0.0171115 0.199205 0.180136\n-0.999992 0.00223203 0.00344754\n2\n9 -0.399309 -0.358512 0.236251\n12 0.363067 -0.355182 0.234926\n2\n-0.0181212 -0.356847 0.235588\n0.999989 0.00436783 -0.00173823\n2\n13 -0.017412 -0.626888 0.543472\n14 -0.017412 -0.634726 -0.405948\n2\n-0.017412 -0.630807 0.0687622\n-2.92333e-17 -0.00825424 -0.999966\nL 15\n0\n0\n1\n0\n0\n3\n3\n3\n3\n2\n2\n2\n2\n2\n2"
}