{
    "boxes": [
        [
            0.013671600259840488,
            -0.06569249927997589,
            0.13284599781036377,
            0.11162400245666504,
            0.7058680057525635,
            0.7942649722099304,
            -0.008216150104999542,
            0.9999279975891113,
            0.00876798015087843,
            3.6020799598190933e-05,
            -0.00876798015087843,
            0.9999619722366333
        ],
        [
            -0.3940640091896057,
            0.15394200384616852,
            0.06554190069437027,
            0.45744800567626953,
            0.735846996307373,
            0.12496200203895569,
            -0.35614100098609924,
            0.9344239830970764,
            0.004005310125648975,
            -0.07490210235118866,
            -0.032819800078868866,
            0.9966509938240051
        ],
        [
            -0.34880098700523376,
            -0.8219410181045532,
            -0.26161500811576843,
            0.012783000245690346,
            0.03161599859595299,
            0.0315219983458519,
            0.0,
            1.0,
            0.0,
            0.0,
            0.0,
            1.0
        ],
        [
            -0.257066011428833,
            -0.4972760081291199,
            -0.16994799673557281,
            0.7000719904899597,
            0.04442080110311508,
            0.044208601117134094,
            0.2722969949245453,
            0.922336995601654,
            0.27413299679756165,
            0.5878340005874634,
            -0.3850089907646179,
            0.7114909887313843
        ],
        [
            -0.11109600216150284,
            -0.3450759947299957,
            -0.04053390026092529,
            0.021700600162148476,
            0.4626989960670471,
            0.41703000664711,
            -0.43524399399757385,
            0.7892919778823853,
            -0.433106005191803,
            -0.7349609732627869,
            -0.033644899725914,
            0.6772750020027161
        ],
        [
            -0.2004140019416809,
            -0.3454259932041168,
            0.11758700013160706,
            0.02440349943935871,
            0.48080700635910034,
            0.022777099162340164,
            -0.19063200056552887,
            0.8364729881286621,
            0.5137820243835449,
            -0.15163099765777588,
            -0.5421900153160095,
            0.8264619708061218
        ],
        [
            -0.3487969934940338,
            -0.8219410181045532,
            0.4302000105381012,
            0.012783000245690346,
            0.031592000275850296,
            0.03154600039124489,
            0.0,
            1.0,
            0.0,
            0.0,
            0.0,
            1.0
        ],
        [
            -0.257066011428833,
            -0.4972749948501587,
            0.33852800726890564,
            0.7000730037689209,
            0.04442080110311508,
            0.044208601117134094,
            0.27229899168014526,
            0.9223359823226929,
            -0.2741360068321228,
            -0.5878300070762634,
            0.3850120007991791,
            0.7114920020103455
        ],
        [
            0.028276000171899796,
            -0.3444820046424866,
            0.2825370132923126,
            0.023228200152516365,
            0.02808699943125248,
            0.47578999400138855,
            0.5631449818611145,
            0.7987250089645386,
            -0.21191200613975525,
            -0.020117200911045074,
            0.2696160078048706,
            0.9627580046653748
        ],
        [
            0.030627399682998657,
            -0.3438909947872162,
            -0.1144699975848198,
            0.025213200598955154,
            0.02706420049071312,
            0.4745120108127594,
            0.24792400002479553,
            0.6143590211868286,
            -0.749064028263092,
            0.5027949810028076,
            0.5793169736862183,
            0.6415519714355469
        ],
        [
            -0.20346699655056,
            -0.3474699854850769,
            0.049268100410699844,
            0.023173699155449867,
            0.48546698689460754,
            0.03200199827551842,
            -0.2969599962234497,
            0.8226450085639954,
            -0.48483899235725403,
            0.12058500200510025,
            0.5359860062599182,
            0.8355709910392761
        ],
        [
            -0.006999049801379442,
            0.22482100129127502,
            -0.27742600440979004,
            0.8395000100135803,
            0.1609019935131073,
            0.8437910079956055,
            0.6726740002632141,
            0.6839119791984558,
            -0.28244298696517944,
            0.007127820048481226,
            0.3757050037384033,
            0.9267119765281677
        ]
    ],
    "ops": [
        [
            0,
            0,
            2,
            1,
            0,
            0,
            1,
            0,
            0,
            1,
            1,
            2,
            0,
            0,
            1,
            2,
            0,
            2,
            0,
            0,
            1,
            1,
            1,
            1,
            1,
            0,
            1
        ]
    ],
    "syms": [
        [
            0.0,
            0.9999110102653503,
            0.013147399760782719,
            -0.0023058101069182158,
            -0.001887029968202114,
            0.15909899771213531,
            0.06463760137557983,
            0.0
        ],
        [
            0.0,
            1.0,
            -0.0,
            -0.0,
            -0.0046144998632371426,
            -0.8219410181045532,
            -0.26161500811576843,
            0.0
        ],
        [
            0.0,
            1.0,
            -0.0,
            -0.0,
            -0.0046144998632371426,
            -0.8219410181045532,
            0.4302000105381012,
            0.0
        ],
        [
            0.0,
            0.9999279975891113,
            -0.007296950090676546,
            -0.009535780176520348,
            -0.0051287398673594,
            -0.3442389965057373,
            0.28285500407218933,
            0.0
        ]
    ],
    "labels:": [
        [
            1,
            3,
            2,
            2,
            2,
            2,
            2,
            2,
            2,
            2,
            2,
            0
        ]
    ],
    "obj": 40766,
    "mat_index": 3870,
    "obbs": "N 20\n-0.00699905 0.224821 -0.277426 0.672674 0.683912 -0.282443 0.00712782 0.375705 0.926712 0.739905 -0.625388 0.247852 0.8395 0.160902 0.843791\n0.39029 0.164255 0.0637332 -0.3731 -0.925056 0.0711919 0.921974 -0.378246 -0.0830262 0.103732 0.03466 0.994001 0.488401 0.146546 0.698925\n-0.394064 0.153942 0.0655419 0.0749021 0.0328198 -0.996651 0.931425 0.354648 0.0816788 0.356141 -0.934424 -0.00400531 0.735847 0.124962 0.457448\n0.0136716 -0.0656925 0.132846 0.999966 0.00821615 3.60208e-05 -0.00821615 0.999928 0.00876798 3.60208e-05 -0.00876798 0.999962 0.794265 0.111624 0.705868\n0.339572 -0.821941 -0.261615 1 0 0 0 1 0 0 0 1 0.031522 0.012783 0.031616\n0.339568 -0.821941 0.4302 1 0 0 0 1 0 0 0 1 0.031546 0.012783 0.031592\n-0.348797 -0.821941 0.4302 1 0 0 0 1 0 0 0 1 0.031546 0.012783 0.031592\n-0.348801 -0.821941 -0.261615 1 0 0 0 1 0 0 0 1 0.031522 0.012783 0.031616\n-0.111096 -0.345076 -0.0405339 -0.519995 -0.613096 -0.594742 -0.435244 0.789292 -0.433106 0.734961 0.0336449 -0.677275 0.41703 0.0217006 0.462699\n0.119992 -0.347085 -0.0227822 0.590529 -0.618204 -0.518747 0.440791 0.785525 -0.434343 0.676002 0.0278329 0.736374 0.41567 0.0217978 0.461948\n0.193642 -0.347091 0.117424 -0.131158 0.537947 -0.832713 0.260971 0.829078 0.494494 0.956395 -0.152457 -0.249129 0.478306 0.0216302 0.0269786\n0.028276 -0.344482 0.282537 0.0201172 -0.269616 -0.962758 0.563145 0.798725 -0.211912 0.826113 -0.537909 0.167901 0.028087 0.0232282 0.47579\n-0.0385335 -0.343995 0.283174 0.82334 0.551479 -0.134097 -0.551479 0.721551 -0.418611 -0.134097 0.418611 0.898211 0.47442 0.0228823 0.0286179\n0.0306274 -0.343891 -0.11447 0.247924 0.614359 -0.749064 0.502795 0.579317 0.641552 0.828089 -0.535682 -0.165269 0.0252132 0.0270642 0.474512\n-0.200414 -0.345426 0.117587 -0.96988 -0.0796453 -0.230194 -0.190632 0.836473 0.513782 0.151631 0.54219 -0.826462 0.0227771 0.0244035 0.480807\n-0.203467 -0.34747 0.0492681 -0.120585 -0.535986 -0.835571 -0.29696 0.822645 -0.484839 0.947246 0.189667 -0.258365 0.485467 0.0231737 0.032002\n-0.257066 -0.497276 -0.169948 -0.272297 -0.922337 -0.274133 0.761778 -0.0325917 -0.647018 0.587834 -0.385009 0.711491 0.700072 0.0442086 0.0444208\n-0.257066 -0.497275 0.338528 0.58783 -0.385012 -0.711492 0.76178 -0.0325931 0.647015 -0.272299 -0.922336 0.274136 0.0444208 0.0442086 0.700073\n0.247532 -0.497369 0.338134 0.265145 -0.927219 0.264505 0.830913 0.0805539 -0.550541 0.489165 0.365754 0.791797 0.699909 0.0433661 0.0433772\n0.247532 -0.497368 -0.169555 -0.265149 0.927216 0.264512 0.830908 0.0805501 0.550549 0.489171 0.365763 -0.791788 0.699909 0.0433662 0.0433771\nC 91\n0 10\n0 17\n0 1\n0 14\n0 11\n0 18\n0 8\n0 2\n0 15\n0 12\n0 19\n0 9\n0 16\n0 3\n0 13\n1 12\n1 10\n1 19\n1 3\n1 9\n1 18\n1 8\n2 17\n2 11\n2 8\n2 13\n2 3\n2 14\n2 9\n2 16\n2 15\n3 12\n3 18\n3 11\n3 17\n3 15\n3 10\n3 16\n3 9\n3 14\n3 13\n3 19\n3 8\n4 19\n5 18\n6 17\n7 16\n8 15\n8 12\n8 18\n8 9\n8 13\n8 19\n8 10\n8 16\n8 14\n8 11\n8 17\n9 14\n9 16\n9 19\n9 13\n9 18\n9 11\n9 12\n9 15\n9 17\n9 10\n10 18\n10 13\n10 19\n10 11\n10 12\n11 15\n11 14\n11 18\n11 12\n11 17\n12 17\n12 18\n12 14\n12 15\n13 16\n13 19\n13 15\n13 14\n14 17\n14 15\n14 16\n15 16\n15 17\nS 8\n2\n1 0.39029 0.164255 0.0637332\n2 -0.394064 0.153942 0.0655419\n2\n-0.00188703 0.159099 0.0646376\n-0.999911 -0.0131474 0.00230581\n2\n4 0.339572 -0.821941 -0.261615\n7 -0.348801 -0.821941 -0.261615\n2\n-0.0046145 -0.821941 -0.261615\n-1 0 0\n2\n5 0.339568 -0.821941 0.4302\n6 -0.348797 -0.821941 0.4302\n2\n-0.0046145 -0.821941 0.4302\n-1 0 0\n2\n8 -0.111096 -0.345076 -0.0405339\n9 0.119992 -0.347085 -0.0227822\n2\n0.00444788 -0.346081 -0.031658\n0.997025 -0.00866872 0.0765896\n2\n10 0.193642 -0.347091 0.117424\n14 -0.200414 -0.345426 0.117587\n2\n-0.00338595 -0.346259 0.117506\n-0.999991 0.00422651 0.000413799\n2\n11 0.028276 -0.344482 0.282537\n12 -0.0385335 -0.343995 0.283174\n2\n-0.00512874 -0.344239 0.282855\n-0.999928 0.00729695 0.00953578\n2\n16 -0.257066 -0.497276 -0.169948\n19 0.247532 -0.497368 -0.169555\n2\n-0.00476722 -0.497322 -0.169752\n1 -0.000184167 0.000779145\n2\n17 -0.257066 -0.497275 0.338528\n18 0.247532 -0.497369 0.338134\n2\n-0.00476736 -0.497322 0.338331\n1 -0.000184351 -0.000779957\nL 20\n0\n3\n3\n1\n2\n2\n2\n2\n2\n2\n2\n2\n2\n2\n2\n2\n2\n2\n2\n2"
}