{
    "boxes": [
        [
            0.00890900008380413,
            -0.2407280057668686,
            0.2400590032339096,
            0.25352001190185547,
            1.094290018081665,
            0.9194239974021912,
            0.0,
            1.0,
            0.0,
            0.0,
            0.0,
            1.0
        ],
        [
            -0.4413689970970154,
            0.10556299984455109,
            0.16779200732707977,
            0.060329001396894455,
            1.0125999450683594,
            0.12740199267864227,
            0.0,
            1.0,
            0.0,
            0.0,
            0.0,
            1.0
        ],
        [
            -0.41472798585891724,
            -0.09179600328207016,
            0.6509310007095337,
            0.39506199955940247,
            0.0463160015642643,
            0.07412099838256836,
            0.0,
            1.0,
            0.0,
            0.0,
            0.0,
            1.0
        ],
        [
            -0.41423499584198,
            -0.4761489927768707,
            0.6316440105438232,
            0.4037359952926636,
            0.0848890021443367,
            0.07313500344753265,
            0.0,
            1.0,
            0.0,
            0.0,
            0.0,
            1.0
        ],
        [
            -0.41423499584198,
            -0.6587719917297363,
            0.1677909940481186,
            0.0510919988155365,
            1.0123800039291382,
            0.07313500344753265,
            0.0,
            1.0,
            0.0,
            0.0,
            0.0,
            1.0
        ],
        [
            0.008910500444471836,
            -0.2828350067138672,
            -0.31746700406074524,
            0.08540499955415726,
            0.03416299819946289,
            0.7764149904251099,
            -0.0,
            1.0,
            -4.440889980918258e-16,
            -0.0,
            4.440889980918258e-16,
            1.0
        ],
        [
            -0.41423499584198,
            -0.29592499136924744,
            -0.30169200897216797,
            0.7641860246658325,
            0.07362700253725052,
            0.07313500344753265,
            0.0,
            1.0,
            0.0,
            0.0,
            0.0,
            1.0
        ],
        [
            0.08086159825325012,
            0.23733200132846832,
            -0.33549100160598755,
            1.0205999612808228,
            0.10815200209617615,
            0.07630600035190582,
            0.0024686099495738745,
            0.9181510210037231,
            -0.3962230086326599,
            -0.011434700340032578,
            0.3962239921092987,
            0.9180830121040344
        ],
        [
            0.21338599920272827,
            0.23277999460697174,
            -0.33565500378608704,
            1.010200023651123,
            0.11115799844264984,
            0.07236170023679733,
            0.003093860112130642,
            0.9259759783744812,
            -0.3775689899921417,
            0.07860580086708069,
            0.37617701292037964,
            0.9232069849967957
        ],
        [
            0.34836000204086304,
            0.23334400355815887,
            -0.33931899070739746,
            1.1662100553512573,
            0.1396470069885254,
            0.1083339974284172,
            -0.0017337900353595614,
            0.930912971496582,
            -0.3652369976043701,
            0.06281120330095291,
            0.3646180033683777,
            0.929036021232605
        ],
        [
            0.011430500075221062,
            0.7415949702262878,
            -0.5023689866065979,
            0.10813000053167343,
            0.037272099405527115,
            0.6314669847488403,
            0.0011192000238224864,
            0.999364972114563,
            -0.03561580181121826,
            0.0011597899720072746,
            0.0356145016849041,
            0.999364972114563
        ],
        [
            0.010333700105547905,
            -0.2508719861507416,
            -0.10119900107383728,
            0.09181059896945953,
            0.042469099164009094,
            0.6492199897766113,
            -0.004929500166326761,
            0.9672920107841492,
            -0.25361698865890503,
            -0.006388499867171049,
            0.25358399748802185,
            0.9672920107841492
        ],
        [
            -0.3357410132884979,
            0.23281900584697723,
            -0.3407990038394928,
            1.1663299798965454,
            0.1364309936761856,
            0.09104649722576141,
            -0.0003522160113789141,
            0.9317299723625183,
            -0.36315301060676575,
            0.0053655002266168594,
            0.3631489872932434,
            0.9317160248756409
        ],
        [
            0.008911480195820332,
            0.2916400134563446,
            -0.25682398676872253,
            1.1289600133895874,
            0.26311901211738586,
            0.7775599956512451,
            0.0010643500136211514,
            0.9154660105705261,
            -0.40239399671554565,
            0.0016304700402542949,
            0.4023919999599457,
            0.9154660105705261
        ],
        [
            0.008910500444471836,
            0.02773050032556057,
            -0.31746798753738403,
            0.08540499955415726,
            0.03416299819946289,
            0.7764149904251099,
            -0.0,
            1.0,
            -4.440889980918258e-16,
            -0.0,
            4.440889980918258e-16,
            1.0
        ],
        [
            -0.19696399569511414,
            0.23822499811649323,
            -0.3343369960784912,
            1.022029995918274,
            0.11134299635887146,
            0.07860379666090012,
            0.0018779300153255463,
            0.9162930250167847,
            -0.400505006313324,
            0.04991700127720833,
            0.3999199867248535,
            0.9151899814605713
        ],
        [
            -0.060853198170661926,
            0.23644299805164337,
            -0.3364660143852234,
            1.0214600563049316,
            0.10762699693441391,
            0.07579419761896133,
            0.003347259946167469,
            0.9198229908943176,
            -0.392318993806839,
            0.0407881997525692,
            0.3918690085411072,
            0.9191160202026367
        ]
    ],
    "ops": [
        [
            0,
            0,
            0,
            1,
            2,
            1,
            0,
            0,
            1,
            2,
            0,
            2,
            0,
            2,
            1,
            1,
            1,
            0,
            0,
            1,
            0,
            0,
            1,
            1,
            0,
            0,
            1,
            0,
            0,
            1,
            0,
            0,
            1,
            1,
            1,
            1,
            1
        ]
    ],
    "syms": [
        [
            0.0,
            1.0,
            0.0001210449991049245,
            -0.0,
            0.008875750005245209,
            0.10561800003051758,
            0.16779200732707977,
            0.0
        ],
        [
            0.0,
            0.9999240040779114,
            0.005277920048683882,
            0.011119999922811985,
            0.008910750038921833,
            -0.4739159941673279,
            0.6363499760627747,
            0.0
        ],
        [
            0.0,
            0.0,
            -1.1439500237002507e-16,
            1.0,
            0.008910500444471836,
            -0.2828350067138672,
            0.16779200732707977,
            0.0
        ],
        [
            0.0,
            0.9999150037765503,
            0.011243700049817562,
            -0.00658708019182086,
            0.010234000161290169,
            -0.2911520004272461,
            -0.30448898673057556,
            0.0
        ]
    ],
    "labels:": [
        [
            1,
            3,
            3,
            2,
            2,
            2,
            2,
            0,
            0,
            0,
            0,
            0,
            0,
            0,
            0,
            0,
            0
        ]
    ],
    "obj": 40815,
    "mat_index": 3899,
    "obbs": "N 23\n0.00891148 0.29164 -0.256824 0.999998 -0.00163047 -0.00106435 0.00163047 0.402392 0.915466 -0.00106435 -0.915466 0.402394 0.77756 0.263119 1.12896\n0.008909 -0.240728 0.240059 1 0 0 0 1 0 0 0 1 0.919424 0.25352 1.09429\n0.45912 0.105673 0.167792 1 0 0 0 1 0 0 0 1 0.127261 0.060111 1.0126\n-0.441369 0.105563 0.167792 1 0 0 0 1 0 0 0 1 0.127402 0.060329 1.0126\n0.434583 -0.0992735 0.650931 1 0 0 0 1 0 0 0 1 0.078186 0.395149 0.046316\n-0.414728 -0.091796 0.650931 1 0 0 0 1 0 0 0 1 0.074121 0.395062 0.046316\n0.0089105 -0.282835 -0.317467 1 0 0 -0 4.44089e-16 1 0 -1 4.44089e-16 0.776415 0.034163 0.085405\n0.0089105 -0.282836 0.653051 1 0 0 0 1 0 0 0 1 0.776415 0.085405 0.034162\n0.0089105 0.0277305 -0.317468 1 0 0 -0 4.44089e-16 1 0 -1 4.44089e-16 0.776415 0.034163 0.085405\n-0.196964 0.238225 -0.334337 0.00187793 0.916293 -0.400505 0.998752 -0.0217106 -0.0449875 -0.049917 -0.39992 -0.91519 1.02203 0.0786038 0.111343\n-0.0608532 0.236443 -0.336466 -0.0407882 -0.391869 -0.919116 0.999162 -0.0190785 -0.0362062 -0.00334726 -0.919823 0.392319 0.107627 0.0757942 1.02146\n0.0808616 0.237332 -0.335491 0.0114347 -0.396224 -0.918083 0.999932 0.00226431 0.0114769 -0.00246861 -0.918151 0.396223 0.108152 0.076306 1.0206\n0.213386 0.23278 -0.335655 0.00309386 0.925976 -0.377569 0.996901 -0.0325354 -0.0716232 -0.0786058 -0.376177 -0.923207 1.0102 0.0723617 0.111158\n0.34836 0.233344 -0.339319 -0.0628112 -0.364618 -0.929036 0.998024 -0.0213302 -0.059104 0.00173379 -0.930913 0.365237 0.139647 0.108334 1.16621\n0.0114305 0.741595 -0.502369 0.999999 -0.00115979 -0.0011192 0.00115979 0.0356145 0.999365 -0.0011192 -0.999365 0.0356158 0.631467 0.0372721 0.10813\n0.0103337 -0.250872 -0.101199 -0.0049295 0.967292 -0.253617 -0.0063885 0.253584 0.967292 0.999967 0.0063885 0.0049295 0.0918106 0.0424691 0.64922\n-0.335741 0.232819 -0.340799 -0.0053655 -0.363149 -0.931716 0.999986 -0.00162033 -0.0051271 0.000352216 -0.93173 0.363153 0.136431 0.0910465 1.16633\n0.432057 -0.471682 0.641056 1 0 0 0 1 0 0 0 1 0.073134 0.396666 0.066066\n0.434704 -0.286379 -0.307285 1 0 0 0 1 0 0 0 1 0.078427 0.765906 0.062442\n-0.414235 -0.295925 -0.301692 1 0 0 0 1 0 0 0 1 0.073135 0.764186 0.073627\n-0.414235 -0.476149 0.631644 1 0 0 0 1 0 0 0 1 0.073135 0.403736 0.084889\n0.432057 -0.658778 0.167708 1 0 0 0 1 0 0 0 1 0.073134 0.05108 1.01243\n-0.414235 -0.658772 0.167791 1 0 0 0 1 0 0 0 1 0.073135 0.051092 1.01238\nC 98\n0 10\n0 1\n0 14\n0 11\n0 18\n0 8\n0 2\n0 15\n0 12\n0 19\n0 6\n0 9\n0 16\n0 3\n0 13\n1 17\n1 6\n1 11\n1 12\n1 15\n1 16\n1 5\n1 10\n1 19\n1 3\n1 20\n1 4\n1 9\n1 18\n1 7\n1 2\n1 13\n1 8\n2 18\n2 12\n2 8\n2 13\n2 4\n3 5\n3 16\n3 9\n3 19\n3 8\n4 17\n4 7\n5 7\n5 20\n6 9\n6 10\n6 13\n6 16\n6 11\n6 15\n6 18\n6 8\n6 12\n6 19\n7 17\n7 20\n8 12\n8 18\n8 9\n8 13\n8 19\n8 10\n8 16\n8 11\n9 14\n9 16\n9 19\n9 11\n9 15\n9 10\n10 14\n10 15\n10 16\n10 11\n10 12\n11 15\n11 14\n11 13\n11 12\n12 13\n12 18\n12 14\n12 15\n13 15\n13 18\n13 14\n14 16\n15 16\n15 19\n15 18\n16 19\n17 21\n18 21\n19 22\n20 22\nS 6\n2\n2 0.45912 0.105673 0.167792\n3 -0.441369 0.105563 0.167792\n2\n0.00887575 0.105618 0.167792\n-1 -0.000121045 0\n2\n4 0.434583 -0.0992735 0.650931\n5 -0.414728 -0.091796 0.650931\n2\n0.00992725 -0.0955348 0.650931\n-0.999961 0.00880385 0\n2\n6 0.0089105 -0.282835 -0.317467\n7 0.0089105 -0.282836 0.653051\n2\n0.0089105 -0.282835 0.167792\n0 -1.14395e-16 1\n2\n17 0.432057 -0.471682 0.641056\n20 -0.414235 -0.476149 0.631644\n2\n0.00891075 -0.473916 0.63635\n-0.999924 -0.00527792 -0.01112\n2\n18 0.434704 -0.286379 -0.307285\n19 -0.414235 -0.295925 -0.301692\n2\n0.010234 -0.291152 -0.304489\n-0.999915 -0.0112437 0.00658708\n2\n21 0.432057 -0.658778 0.167708\n22 -0.414235 -0.658772 0.167791\n2\n0.00891075 -0.658775 0.167749\n-1 7.08975e-06 9.7484e-05\nL 23\n0\n1\n3\n3\n3\n3\n2\n2\n0\n0\n0\n0\n0\n0\n0\n0\n0\n2\n2\n2\n2\n2\n2"
}