{
    "boxes": [
        [
            -0.0030175000429153442,
            -0.169063001871109,
            0.17954599857330322,
            0.06845699995756149,
            0.783079981803894,
            0.6338289976119995,
            0.0,
            1.0,
            0.0,
            0.0,
            0.0,
            1.0
        ],
        [
            0.28569498658180237,
            -0.49784600734710693,
            0.48050200939178467,
            0.6569229960441589,
            0.08011510223150253,
            0.03198179975152016,
            0.0002548309857957065,
            0.9999920129776001,
            -0.004067169968038797,
            0.10852299630641937,
            0.004015500191599131,
            0.9940860271453857
        ],
        [
            -0.287773996591568,
            -0.49812498688697815,
            -0.17234499752521515,
            0.6559360027313232,
            0.052615001797676086,
            0.04349200055003166,
            0.0,
            1.0,
            0.0,
            0.0,
            0.0,
            1.0
        ],
        [
            0.004687500186264515,
            -0.6785119771957397,
            0.2577059864997864,
            0.032444000244140625,
            0.0811619982123375,
            0.20043900609016418,
            0.0,
            1.0,
            0.0,
            0.0,
            0.0,
            1.0
        ],
        [
            0.004491770174354315,
            -0.6807000041007996,
            0.1437309980392456,
            0.05506239831447601,
            0.8514819741249084,
            0.08812399953603745,
            0.08578190207481384,
            0.9929450154304504,
            -0.08186829835176468,
            0.6692789793014526,
            0.0034407200291752815,
            0.7430030107498169
        ],
        [
            0.00033533500391058624,
            0.3522599935531616,
            -0.2012230008840561,
            1.0165899991989136,
            0.043901700526475906,
            0.5880749821662903,
            0.006580759771168232,
            0.9993799924850464,
            -0.03458460047841072,
            0.006812280043959618,
            0.03453980013728142,
            0.9993799924850464
        ],
        [
            -0.0031666699796915054,
            0.3854939937591553,
            -0.19890600442886353,
            1.078410029411316,
            0.058804601430892944,
            0.6327400207519531,
            -0.0012866699835285544,
            0.9992169737815857,
            -0.03954239934682846,
            -0.001338590052910149,
            0.039540600031614304,
            0.9992169737815857
        ]
    ],
    "ops": [
        [
            0,
            0,
            2,
            0,
            2,
            0,
            0,
            2,
            1,
            1,
            1,
            1,
            0,
            0,
            1,
            1
        ]
    ],
    "syms": [
        [
            0.0,
            0.9997779726982117,
            -0.0036567500792443752,
            -0.020728999748826027,
            -0.0020680800080299377,
            -0.4967930018901825,
            0.48646798729896545,
            0.0
        ],
        [
            0.0,
            0.9999979734420776,
            -0.0013324300525709987,
            0.0017062999540939927,
            -0.0010294599924236536,
            -0.49850699305534363,
            -0.17185500264167786,
            0.0
        ],
        [
            0.0,
            -0.013051499612629414,
            0.04961080104112625,
            0.998682975769043,
            0.004358910024166107,
            -0.6801949739456177,
            0.1538970023393631,
            0.0
        ]
    ],
    "labels:": [
        [
            1,
            2,
            2,
            2,
            2,
            0,
            0
        ]
    ],
    "obj": 40816,
    "mat_index": 3900,
    "obbs": "N 10\n0.000335335 0.35226 -0.201223 0.999955 -0.00681228 -0.00658076 0.00681228 0.0345398 0.99938 -0.00658076 -0.99938 0.0345846 0.588075 0.0439017 1.01659\n0.0046875 -0.678512 0.257706 1 0 0 0 1 0 0 0 1 0.200439 0.032444 0.081162\n0.00422605 -0.67969 0.164063 0.668699 -0.00415546 -0.743522 0.203937 0.96266 0.178034 0.715019 -0.270683 0.644577 0.847184 0.053717 0.0499368\n0.00449177 -0.6807 0.143731 -0.669279 -0.00344072 -0.743003 0.0857819 0.992945 -0.0818683 0.738043 -0.118529 -0.664262 0.851482 0.0550624 0.088124\n-0.0030175 -0.169063 0.179546 1 0 0 0 1 0 0 0 1 0.633829 0.068457 0.78308\n0.285715 -0.498889 -0.171366 0.249596 -0.00951797 -0.968303 0.968345 -0.000687641 0.249614 -0.00304166 -0.999954 0.00904505 0.0600172 0.0426659 0.654223\n0.285695 -0.497846 0.480502 -0.108523 -0.0040155 -0.994086 0.994094 -0.000694706 -0.108521 -0.000254831 -0.999992 0.00406717 0.0801151 0.0319818 0.656923\n-0.289831 -0.495741 0.492435 -0.00224355 0.999766 0.0215385 0.992026 -0.000489056 0.126035 0.126016 0.0216495 -0.991792 0.660867 0.041996 0.0676977\n-0.287774 -0.498125 -0.172345 1 0 0 0 1 0 0 0 1 0.043492 0.655936 0.052615\n-0.00316667 0.385494 -0.198906 -0.00128667 0.999217 -0.0395424 -0.00133859 0.0395406 0.999217 0.999998 0.00133859 0.00128667 1.07841 0.0588046 0.63274\nC 20\n0 5\n0 4\n0 9\n0 8\n1 2\n1 3\n1 6\n1 7\n2 7\n2 3\n2 5\n3 8\n3 6\n4 7\n4 9\n4 6\n4 8\n4 5\n5 9\n8 9\nS 3\n2\n2 0.00422605 -0.67969 0.164063\n3 0.00449177 -0.6807 0.143731\n2\n0.00435891 -0.680195 0.153897\n0.0130515 -0.0496108 -0.998683\n2\n5 0.285715 -0.498889 -0.171366\n8 -0.287774 -0.498125 -0.172345\n2\n-0.00102946 -0.498507 -0.171855\n-0.999998 0.00133243 -0.0017063\n2\n6 0.285695 -0.497846 0.480502\n7 -0.289831 -0.495741 0.492435\n2\n-0.00206808 -0.496793 0.486468\n-0.999778 0.00365675 0.020729\nL 10\n0\n2\n2\n2\n1\n2\n2\n2\n2\n0"
}