{
    "boxes": [
        [
            0.015643099322915077,
            0.01638670079410076,
            0.08599329739809036,
            0.16760499775409698,
            0.8985990285873413,
            0.9018210172653198,
            -0.0035162100102752447,
            0.99863201379776,
            0.05217539891600609,
            9.179260086966679e-05,
            -0.05217539891600609,
            0.9986379742622375
        ],
        [
            0.01564509980380535,
            -0.302031010389328,
            0.0028220301028341055,
            0.41678598523139954,
            1.2107700109481812,
            0.9037780165672302,
            -0.006273639854043722,
            0.9715909957885742,
            -0.23658399283885956,
            -0.0007528159767389297,
            0.23658399283885956,
            0.9716110229492188
        ],
        [
            0.015582799911499023,
            0.44283801317214966,
            -0.4159240126609802,
            0.7277740240097046,
            0.08472870290279388,
            0.9017090201377869,
            -0.0010114399483427405,
            0.9736120104789734,
            -0.22820700705051422,
            -0.0012759299715980887,
            0.22820499539375305,
            0.9736120104789734
        ]
    ],
    "ops": [
        [
            0,
            0,
            1,
            0,
            1
        ]
    ],
    "syms": [
        [
            0.0,
            0.0,
            0.0,
            0.0,
            0.0,
            0.0,
            0.0,
            0.0
        ]
    ],
    "labels:": [
        [
            1,
            2,
            0
        ]
    ],
    "obj": 40819,
    "mat_index": 3903,
    "obbs": "N 3\n0.0155828 0.442838 -0.415924 0.999999 0.00127593 0.00101144 -0.00127593 0.228205 0.973612 0.00101144 -0.973612 0.228207 0.901709 0.0847287 0.727774\n0.0156451 -0.302031 0.00282203 0.99998 0.00627364 -0.000752816 -0.00627364 0.971591 -0.236584 -0.000752816 0.236584 0.971611 0.903778 0.416786 1.21077\n0.0156431 0.0163867 0.0859933 -9.17926e-05 0.0521754 -0.998638 -0.00351621 0.998632 0.0521754 0.999994 0.00351621 9.17926e-05 0.898599 0.167605 0.901821\nC 2\n0 2\n1 2\nS 0\nL 3\n0\n2\n1"
}