{
    "boxes": [
        [
            0.007239469792693853,
            -0.07584449648857117,
            0.12922300398349762,
            0.14014199376106262,
            0.82185298204422,
            0.8822150230407715,
            9.209579729940742e-05,
            0.9981610178947449,
            -0.06062059849500656,
            2.7940200197917875e-06,
            0.06062059849500656,
            0.9981610178947449
        ],
        [
            0.49468299746513367,
            0.34481099247932434,
            0.2567650079727173,
            0.054579999297857285,
            0.4226999878883362,
            0.1823599934577942,
            -0.13569499552249908,
            0.9886850118637085,
            -0.06394319981336594,
            0.047494299709796906,
            0.07095730304718018,
            0.9963480234146118
        ],
        [
            -0.48718398809432983,
            0.33094799518585205,
            0.2544049918651581,
            0.08570460230112076,
            0.42941099405288696,
            0.18319599330425262,
            0.11595600098371506,
            0.9910889863967896,
            -0.06554640084505081,
            -0.04817049950361252,
            0.0715252012014389,
            0.996275007724762
        ],
        [
            -0.4736599922180176,
            0.24895699322223663,
            0.05565420165657997,
            0.15271499752998352,
            0.5544800162315369,
            0.10237199813127518,
            -0.16418400406837463,
            0.8627949953079224,
            -0.47815099358558655,
            -0.19546300172805786,
            0.44666099548339844,
            0.8730909824371338
        ],
        [
            0.01788089983165264,
            -0.459199994802475,
            0.06917860358953476,
            0.44221898913383484,
            0.22195899486541748,
            0.2540990114212036,
            -0.06881450116634369,
            0.9541260004043579,
            0.29139000177383423,
            -0.23937800526618958,
            -0.29934099316596985,
            0.9236299991607666
        ],
        [
            0.005549500230699778,
            -0.6759709715843201,
            -0.4616760015487671,
            0.11651899665594101,
            0.08718500286340714,
            0.09050299972295761,
            0.0,
            1.0,
            0.0,
            0.0,
            0.0,
            1.0
        ],
        [
            0.002529110061004758,
            -0.5818340182304382,
            -0.2537899911403656,
            0.13003799319267273,
            0.5579090118408203,
            0.15231400728225708,
            0.0451291985809803,
            0.953764021396637,
            -0.29714900255203247,
            0.05913570150732994,
            0.2943800091743469,
            0.9538570046424866
        ],
        [
            0.010308999568223953,
            -0.17251400649547577,
            0.00012250000145286322,
            0.225149005651474,
            0.702189028263092,
            0.5176140069961548,
            0.0,
            1.0,
            0.0,
            0.0,
            0.0,
            1.0
        ],
        [
            0.008454919792711735,
            0.42869099974632263,
            -0.24931199848651886,
            0.9678859710693359,
            0.3416920006275177,
            0.8351619839668274,
            0.0002727970131672919,
            0.9716349840164185,
            -0.23648400604724884,
            0.00034715599031187594,
            0.23648400604724884,
            0.9716349840164185
        ],
        [
            0.004344500135630369,
            0.26269200444221497,
            -0.20610100030899048,
            0.7417569756507874,
            0.33716699481010437,
            0.921297013759613,
            0.0,
            1.0,
            0.0,
            0.0,
            0.0,
            1.0
        ]
    ],
    "ops": [
        [
            0,
            0,
            0,
            0,
            2,
            1,
            1,
            1,
            0,
            0,
            0,
            1,
            2,
            1,
            1,
            0,
            0,
            0,
            1,
            1,
            1
        ]
    ],
    "syms": [
        [
            0.0,
            0.9999989867210388,
            -0.0012447600020095706,
            0.0008666900102980435,
            0.0069189900532364845,
            0.24835899472236633,
            0.05607070028781891,
            0.0
        ],
        [
            -1.0,
            -0.0,
            1.0,
            -0.0,
            0.005549500230699778,
            -0.6759709715843201,
            0.10396700352430344,
            0.20000000298023224
        ]
    ],
    "labels:": [
        [
            1,
            3,
            3,
            3,
            2,
            2,
            2,
            0,
            0,
            0
        ]
    ],
    "obj": 40862,
    "mat_index": 3928,
    "obbs": "N 19\n0.00845492 0.428691 -0.249312 1 -0.000347156 -0.000272797 0.000347156 0.236484 0.971635 -0.000272797 -0.971635 0.236484 0.835162 0.341692 0.967886\n0.543508 -0.675971 -0.0708265 1 0 0 0 1 0 0 0 1 0.090503 0.116519 0.087185\n0.338027 -0.675971 0.561581 1 0 0 0 1 0 0 0 1 0.090503 0.116519 0.087185\n-0.326927 -0.675971 0.561581 1 0 0 0 1 0 0 0 1 0.090503 0.116519 0.087185\n-0.532409 -0.675971 -0.0708265 1 0 0 0 1 0 0 0 1 0.090503 0.116519 0.087185\n0.0055495 -0.675971 -0.461676 1 0 0 0 1 0 0 0 1 0.090503 0.116519 0.087185\n0.00723947 -0.0758445 0.129223 1 -9.20958e-05 2.79402e-06 9.20958e-05 0.998161 -0.0606206 2.79402e-06 0.0606206 0.998161 0.882215 0.140142 0.821853\n-0.170137 -0.581324 0.351498 0.52296 0.287743 -0.80232 -0.147492 0.957644 0.247312 0.839499 -0.0109988 0.54325 0.563859 0.12855 0.18832\n-0.304765 -0.582022 -0.0230045 0.32202 -0.106367 -0.940739 -0.238685 0.952449 -0.189394 0.916151 0.285529 0.28132 0.145738 0.135297 0.567343\n0.00252911 -0.581834 -0.25379 0.997229 -0.060619 -0.0431164 0.0451292 0.953764 -0.297149 0.0591357 0.29438 0.953857 0.152314 0.130038 0.557909\n0.318223 -0.580938 -0.0291844 0.89787 -0.301183 -0.32112 0.230372 0.942968 -0.24029 0.375177 0.141772 0.916047 0.559313 0.132218 0.127298\n0.2034 -0.576029 0.340875 0.839472 0.168308 -0.51668 0.00927113 0.94625 0.323303 0.543323 -0.276194 0.79279 0.133665 0.124531 0.560313\n-0.47366 0.248957 0.0556542 0.195463 -0.446661 -0.873091 0.96687 0.236808 0.0953105 0.164184 -0.862795 0.478151 0.55448 0.102372 0.152715\n-0.487184 0.330948 0.254405 -0.992086 0.112367 -0.0560351 0.115956 0.991089 -0.0655464 0.0481705 -0.0715252 -0.996275 0.183196 0.0857046 0.429411\n0.487498 0.247761 0.0564872 -0.220118 -0.447562 -0.866739 0.959941 -0.257314 -0.110917 -0.173381 -0.856433 0.486273 0.555797 0.104636 0.15587\n0.494683 0.344811 0.256765 0.989612 0.132162 -0.0565854 -0.135695 0.988685 -0.0639432 0.0474943 0.0709573 0.996348 0.18236 0.05458 0.4227\n0.0178809 -0.4592 0.0691786 0.0688145 -0.954126 -0.29139 0.968485 -0.00619312 0.248996 -0.239378 -0.299341 0.92363 0.442219 0.254099 0.221959\n0.0043445 0.262692 -0.206101 1 0 0 0 1 0 0 0 1 0.921297 0.741757 0.337167\n0.010309 -0.172514 0.0001225 1 0 0 0 1 0 0 0 1 0.517614 0.225149 0.702189\nC 48\n0 14\n0 16\n0 15\n0 17\n0 18\n0 12\n0 13\n0 6\n1 10\n2 11\n3 7\n4 8\n5 9\n6 17\n6 14\n6 18\n6 12\n7 16\n7 11\n7 10\n7 18\n7 9\n7 8\n8 9\n8 10\n8 16\n8 11\n8 18\n9 18\n9 11\n9 10\n9 16\n10 11\n10 18\n10 16\n11 16\n11 18\n12 13\n12 17\n12 18\n13 17\n14 17\n14 18\n14 15\n15 17\n16 17\n16 18\n17 18\nS 3\n5\n3 -0.326927 -0.675971 0.561581\n2 0.338027 -0.675971 0.561581\n1 0.543508 -0.675971 -0.0708265\n5 0.0055495 -0.675971 -0.461676\n4 -0.532409 -0.675971 -0.0708265\n3\n0.0055495 -0.675971 0.103967\n0 -1 0\n5\n10 0.318223 -0.580938 -0.0291844\n11 0.2034 -0.576029 0.340875\n7 -0.170137 -0.581324 0.351498\n8 -0.304765 -0.582022 -0.0230045\n9 0.00252911 -0.581834 -0.25379\n3\n0.00985021 -0.580429 0.0772787\n0.00523394 -0.99997 0.00570814\n2\n12 -0.47366 0.248957 0.0556542\n14 0.487498 0.247761 0.0564872\n2\n0.00691899 0.248359 0.0560707\n0.999999 -0.00124476 0.00086669\nL 19\n0\n2\n2\n2\n2\n2\n1\n2\n2\n2\n2\n2\n3\n3\n3\n3\n2\n0\n0"
}