{
    "boxes": [
        [
            0.007242269814014435,
            -0.04692529886960983,
            0.12749700248241425,
            0.08304139971733093,
            0.8218860030174255,
            0.8822150230407715,
            0.00011129499762319028,
            0.9982789754867554,
            -0.058636199682950974,
            3.265759914938826e-06,
            0.058636199682950974,
            0.9982789754867554
        ],
        [
            -0.47718900442123413,
            0.24690499901771545,
            0.054658401757478714,
            0.15515699982643127,
            0.5519710183143616,
            0.1081089973449707,
            -0.2120800018310547,
            0.8482890129089355,
            -0.48520898818969727,
            -0.21731799840927124,
            0.44313299655914307,
            0.8697159886360168
        ],
        [
            -0.48763999342918396,
            0.3276129961013794,
            0.25512000918388367,
            0.09239059686660767,
            0.4284299910068512,
            0.18318499624729156,
            0.11879599839448929,
            0.9907950162887573,
            -0.06490489840507507,
            -0.04809720069169998,
            0.07103320211172104,
            0.9963139891624451
        ],
        [
            0.006262000184506178,
            -0.45976099371910095,
            0.06958500295877457,
            0.4506079852581024,
            0.19585999846458435,
            0.17836999893188477,
            0.0,
            1.0,
            0.0,
            0.0,
            0.0,
            1.0
        ],
        [
            0.006723090074956417,
            -0.1706559956073761,
            0.11724600195884705,
            0.2251569926738739,
            0.7502269744873047,
            0.817238986492157,
            -0.0018053599633276463,
            0.9996330142021179,
            -0.027014000341296196,
            -2.4389399186475202e-05,
            0.027014000341296196,
            0.9996349811553955
        ],
        [
            0.005818159785121679,
            -0.5736640095710754,
            -0.23797999322414398,
            0.12358400225639343,
            0.5945050120353699,
            0.16241200268268585,
            0.07376360148191452,
            0.9616829752922058,
            -0.26405298709869385,
            -0.04227539896965027,
            0.267551988363266,
            0.9626160264015198
        ],
        [
            0.005549500230699778,
            -0.6759709715843201,
            -0.4616760015487671,
            0.11651899665594101,
            0.08718500286340714,
            0.09050299972295761,
            0.0,
            1.0,
            0.0,
            0.0,
            0.0,
            1.0
        ],
        [
            0.004313500132411718,
            0.26234400272369385,
            -0.2045309990644455,
            0.7389199733734131,
            0.34053298830986023,
            0.9207630157470703,
            0.0,
            1.0,
            0.0,
            0.0,
            0.0,
            1.0
        ],
        [
            0.008297340013086796,
            0.42703700065612793,
            -0.23097799718379974,
            0.9761130213737488,
            0.3225420117378235,
            0.8343629837036133,
            0.00029712700052186847,
            0.983680009841919,
            -0.1799270063638687,
            0.0003564039943739772,
            0.1799270063638687,
            0.983680009841919
        ],
        [
            0.0016112800221890211,
            -0.1679210066795349,
            -0.15373200178146362,
            0.15792599320411682,
            0.403887003660202,
            0.5196859836578369,
            -0.009720079600811005,
            0.931397020816803,
            0.36387500166893005,
            0.0018312600441277027,
            -0.36387500166893005,
            0.9314460158348083
        ]
    ],
    "ops": [
        [
            0,
            0,
            0,
            1,
            2,
            1,
            0,
            0,
            1,
            0,
            0,
            1,
            2,
            1,
            1,
            0,
            0,
            0,
            1,
            1,
            1
        ]
    ],
    "syms": [
        [
            0.0,
            0.9999979734420776,
            0.000887171016074717,
            0.0018957100110128522,
            0.0051544602029025555,
            0.24733300507068634,
            0.05557280033826828,
            0.0
        ],
        [
            -1.0,
            -0.005429449956864119,
            0.9999489784240723,
            0.008529010228812695,
            0.005909069906920195,
            -0.5761740207672119,
            0.07204540073871613,
            0.20000000298023224
        ]
    ],
    "labels:": [
        [
            1,
            3,
            3,
            2,
            2,
            2,
            2,
            0,
            0,
            0
        ]
    ],
    "obj": 40882,
    "mat_index": 3941,
    "obbs": "N 20\n0.00829734 0.427037 -0.230978 1 -0.000356404 -0.000297127 0.000356404 0.179927 0.98368 -0.000297127 -0.98368 0.179927 0.834363 0.322542 0.976113\n0.006262 -0.459761 0.069585 1 0 0 0 1 0 0 0 1 0.17837 0.450608 0.19586\n0.487498 0.247761 0.0564872 -0.220118 -0.447562 -0.866739 0.959941 -0.257314 -0.110917 -0.173381 -0.856433 0.486273 0.555797 0.104636 0.15587\n-0.477189 0.246905 0.0546584 0.217318 -0.443133 -0.869716 0.952783 0.289894 0.0903687 0.21208 -0.848289 0.485209 0.551971 0.108109 0.155157\n0.00724227 -0.0469253 0.127497 1 -0.000111295 3.26576e-06 0.000111295 0.998279 -0.0586362 3.26576e-06 0.0586362 0.998279 0.882215 0.0830414 0.821886\n0.202453 -0.575069 0.313595 -0.61383 0.270104 -0.741793 0.112406 0.959976 0.256535 0.781395 0.0740862 -0.619624 0.601202 0.130616 0.164957\n-0.190404 -0.58154 0.322291 -0.781785 0.0640592 -0.620249 -0.141252 0.950657 0.276222 0.607339 0.303558 -0.734161 0.172047 0.139213 0.584723\n-0.290803 -0.575652 -0.0200624 -0.910352 -0.283895 -0.301102 -0.280766 0.958222 -0.0545941 0.304022 0.0348393 -0.952028 0.598128 0.127521 0.145686\n0.00581816 -0.573664 -0.23798 0.0422754 -0.267552 -0.962616 0.0737636 0.961683 -0.264053 0.996379 -0.059843 0.0603911 0.594505 0.123584 0.162412\n0.302481 -0.574945 -0.0176163 0.926525 -0.281182 -0.249975 0.274585 0.959585 -0.0616382 0.257203 -0.01153 0.966288 0.599663 0.125728 0.156418\n0.494683 0.344811 0.256765 0.989612 0.132162 -0.0565854 -0.135695 0.988685 -0.0639432 0.0474943 0.0709573 0.996348 0.18236 0.05458 0.4227\n-0.48764 0.327613 0.25512 0.0480972 -0.0710332 -0.996314 0.118796 0.990795 -0.0649049 0.991753 -0.115237 0.056093 0.42843 0.0923906 0.183185\n0.00672309 -0.170656 0.117246 0.999998 0.00180536 -2.43894e-05 -0.00180536 0.999633 -0.027014 -2.43894e-05 0.027014 0.999635 0.817239 0.225157 0.750227\n-0.532409 -0.675971 -0.0708265 1 0 0 0 1 0 0 0 1 0.090503 0.116519 0.087185\n0.0055495 -0.675971 -0.461676 1 0 0 0 1 0 0 0 1 0.090503 0.116519 0.087185\n0.543508 -0.675971 -0.0708265 1 0 0 0 1 0 0 0 1 0.090503 0.116519 0.087185\n0.338027 -0.675971 0.561581 1 0 0 0 1 0 0 0 1 0.090503 0.116519 0.087185\n-0.326927 -0.675971 0.561581 1 0 0 0 1 0 0 0 1 0.090503 0.116519 0.087185\n0.00161128 -0.167921 -0.153732 0.999951 0.00972008 0.00183126 -0.00972008 0.931397 0.363875 0.00183126 -0.363875 0.931446 0.519686 0.157926 0.403887\n0.0043135 0.262344 -0.204531 1 0 0 0 1 0 0 0 1 0.920763 0.73892 0.340533\nC 55\n0 2\n0 10\n0 3\n0 11\n0 4\n0 18\n0 12\n0 1\n0 19\n1 6\n1 5\n1 19\n1 9\n1 12\n1 18\n1 8\n1 7\n2 18\n2 12\n2 19\n2 10\n2 4\n3 11\n3 19\n3 12\n3 18\n3 4\n4 18\n4 12\n4 19\n5 9\n5 6\n5 8\n5 18\n5 16\n5 7\n6 9\n6 17\n6 7\n6 18\n6 8\n7 18\n7 9\n7 8\n7 13\n8 9\n8 14\n8 18\n9 18\n9 15\n10 19\n11 19\n12 18\n12 19\n18 19\nS 4\n2\n2 0.487498 0.247761 0.0564872\n3 -0.477189 0.246905 0.0546584\n2\n0.00515446 0.247333 0.0555728\n-0.999998 -0.000887171 -0.00189571\n5\n8 0.00581816 -0.573664 -0.23798\n9 0.302481 -0.574945 -0.0176163\n5 0.202453 -0.575069 0.313595\n6 -0.190404 -0.58154 0.322291\n7 -0.290803 -0.575652 -0.0200624\n3\n0.00590907 -0.576174 0.0720454\n0.00542945 -0.999949 -0.00852901\n2\n10 0.494683 0.344811 0.256765\n11 -0.48764 0.327613 0.25512\n2\n0.00352168 0.336212 0.255943\n-0.999845 -0.0175053 -0.00167425\n5\n16 0.338027 -0.675971 0.561581\n17 -0.326927 -0.675971 0.561581\n13 -0.532409 -0.675971 -0.0708265\n14 0.0055495 -0.675971 -0.461676\n15 0.543508 -0.675971 -0.0708265\n3\n0.0055495 -0.675971 0.103967\n0 -1 0\nL 20\n0\n2\n3\n3\n1\n2\n2\n2\n2\n2\n3\n3\n2\n2\n2\n2\n2\n2\n0\n0"
}