{
    "boxes": [
        [
            -0.01791599951684475,
            -0.15945099294185638,
            0.2534419894218445,
            0.33146899938583374,
            1.0815999507904053,
            0.9493700265884399,
            0.0,
            1.0,
            0.0,
            0.0,
            0.0,
            1.0
        ],
        [
            -0.5212910175323486,
            0.014917599968612194,
            0.12762300670146942,
            0.4900229871273041,
            0.8781459927558899,
            0.13960899412631989,
            -0.3650520145893097,
            0.9247829914093018,
            0.10730099678039551,
            -0.03623640164732933,
            -0.12928199768066406,
            0.9909459948539734
        ],
        [
            -0.03571150079369545,
            -0.45140400528907776,
            0.20762400329113007,
            0.33853599429130554,
            0.09930799901485443,
            0.1253110021352768,
            0.0,
            1.0,
            0.0,
            0.0,
            0.0,
            1.0
        ],
        [
            -0.02005849964916706,
            -0.6107950210571289,
            -0.04280899837613106,
            0.01975400000810623,
            0.4331279993057251,
            0.07319100201129913,
            0.0,
            1.0,
            0.0,
            0.0,
            0.0,
            1.0
        ],
        [
            -0.0204514991492033,
            0.24195699393749237,
            -0.34396201372146606,
            0.9253429770469666,
            0.2998870015144348,
            1.1948399543762207,
            -0.0026377299800515175,
            0.8564329743385315,
            -0.5162519812583923,
            -0.004669860005378723,
            0.5162379741668701,
            0.8564329743385315
        ]
    ],
    "ops": [
        [
            0,
            0,
            2,
            1,
            0,
            0,
            2,
            1,
            1,
            0,
            1
        ]
    ],
    "syms": [
        [
            0.0,
            0.9999129772186279,
            -0.011045300401747227,
            -0.007181399967521429,
            -0.02564680017530918,
            0.009442579932510853,
            0.12406300008296967,
            0.0
        ],
        [
            -1.0,
            0.06310009956359863,
            0.9980069994926453,
            -0.00023481299285776913,
            -0.01612740010023117,
            -0.602931022644043,
            0.2144329994916916,
            0.25
        ]
    ],
    "labels:": [
        [
            1,
            3,
            2,
            2,
            0
        ]
    ],
    "obj": 40887,
    "mat_index": 3945,
    "obbs": "N 9\n-0.0204515 0.241957 -0.343962 0.999986 0.00466986 0.00263773 -0.00466986 0.516238 0.856433 0.00263773 -0.856433 0.516252 1.19484 0.299887 0.925343\n0.469998 0.00396757 0.120504 -0.356414 -0.932356 -0.0606738 0.933445 -0.352502 -0.0665034 0.0406172 -0.0803384 0.99594 0.493988 0.163487 0.838919\n-0.521291 0.0149176 0.127623 0.365052 -0.924783 -0.107301 0.930282 0.357859 0.0807055 -0.0362364 -0.129282 0.990946 0.490023 0.139609 0.878146\n-0.0357115 -0.451404 0.207624 1 0 0 0 1 0 0 0 1 0.125311 0.338536 0.099308\n-0.017916 -0.159451 0.253442 1 0 0 0 1 0 0 0 1 0.94937 0.331469 1.0816\n-0.0200585 -0.610795 -0.042809 1 0 0 0 1 0 0 0 1 0.073191 0.019754 0.433128\n0.235596 -0.610795 0.214541 1 0 0 0 1 0 0 0 1 0.438218 0.019754 0.074588\n-0.018156 -0.610795 0.46844 1 0 0 0 1 0 0 0 1 0.079594 0.019754 0.443439\n-0.261891 -0.57934 0.21756 -0.00105545 0.0581225 -0.998309 -0.0362753 0.99765 0.0581225 0.999341 0.0362753 0.00105545 0.0841816 0.0993136 0.468084\nC 17\n0 1\n0 2\n0 4\n1 4\n2 4\n3 8\n3 6\n3 7\n3 4\n3 5\n4 8\n5 6\n5 7\n5 8\n6 7\n6 8\n7 8\nS 2\n2\n1 0.469998 0.00396757 0.120504\n2 -0.521291 0.0149176 0.127623\n2\n-0.0256468 0.00944258 0.124063\n-0.999913 0.0110453 0.0071814\n4\n7 -0.018156 -0.610795 0.46844\n8 -0.261891 -0.57934 0.21756\n5 -0.0200585 -0.610795 -0.042809\n6 0.235596 -0.610795 0.214541\n3\n-0.0161274 -0.602931 0.214433\n-0.0631001 -0.998007 0.000234813\nL 9\n0\n3\n3\n2\n1\n2\n2\n2\n2"
}