{
    "boxes": [
        [
            0.0019079999765381217,
            -0.17797699570655823,
            0.18621699512004852,
            0.06874500215053558,
            0.6284679770469666,
            0.6509299874305725,
            0.0,
            1.0,
            0.0,
            0.0,
            0.0,
            1.0
        ],
        [
            -0.29826000332832336,
            -0.4766780138015747,
            -0.17619700729846954,
            0.7283620238304138,
            0.09654369950294495,
            0.09041590243577957,
            -0.021479399874806404,
            0.9894000291824341,
            0.14361800253391266,
            0.11728200316429138,
            -0.1401659995317459,
            0.9831569790840149
        ],
        [
            -0.2913619875907898,
            -0.4876070022583008,
            0.46146199107170105,
            0.6880049705505371,
            0.08993999660015106,
            0.08336500078439713,
            0.0,
            1.0,
            0.0,
            0.0,
            0.0,
            1.0
        ],
        [
            0.3012309968471527,
            0.360632985830307,
            -0.178165003657341,
            1.0686500072479248,
            0.14712700247764587,
            0.06717099994421005,
            0.0,
            1.0,
            0.0,
            0.0,
            0.0,
            1.0
        ],
        [
            0.0013289999915286899,
            0.7898430228233337,
            -0.21942700445652008,
            0.03213199973106384,
            0.052542999386787415,
            0.5355380177497864,
            0.0,
            1.0,
            0.0,
            0.0,
            0.0,
            1.0
        ]
    ],
    "ops": [
        [
            0,
            0,
            0,
            1,
            2,
            1,
            0,
            2,
            0,
            2,
            1,
            1
        ]
    ],
    "syms": [
        [
            0.0,
            0.9995319843292236,
            -0.03045389987528324,
            -0.0027627800591289997,
            0.001486990018747747,
            -0.4858109951019287,
            -0.17702600359916687,
            0.0
        ],
        [
            0.0,
            0.9995179772377014,
            -0.028363000601530075,
            -0.012603599578142166,
            0.0012118399608880281,
            0.3691459894180298,
            -0.17438100278377533,
            0.0
        ],
        [
            1.0,
            0.0011628749780356884,
            0.7622233629226685,
            -0.20106375217437744,
            0.0013289999915286899,
            0.7898430228233337,
            -0.21942700445652008,
            0.1111111119389534
        ]
    ],
    "labels:": [
        [
            1,
            2,
            2,
            0,
            0
        ]
    ],
    "obj": 40896,
    "mat_index": 3949,
    "obbs": "N 16\n0.301234 -0.494944 -0.177854 -0.999379 0.020385 -0.0287424 -0.0314099 -0.145637 0.988839 0.0159715 0.989128 0.146186 0.0795602 0.0919949 0.691352\n-0.29826 -0.476678 -0.176197 0.992866 0.0379615 -0.113028 0.117282 -0.140166 0.983157 0.0214794 -0.9894 -0.143618 0.0904159 0.0965437 0.728362\n0.297858 -0.487605 0.466372 -0.000579144 0.999999 -0.0011711 0.97836 0.000808921 0.206908 0.206909 -0.00102592 -0.97836 0.688089 0.0835472 0.0886582\n-0.291362 -0.487607 0.461462 1 0 0 0 1 0 0 0 1 0.083365 0.688005 0.08994\n0.001908 -0.177977 0.186217 1 0 0 0 1 0 0 0 1 0.65093 0.068745 0.628468\n0.301231 0.360633 -0.178165 1 0 0 0 1 0 0 0 1 0.067171 1.06865 0.147127\n-0.298807 0.37766 -0.170598 0.993858 -0.00658925 -0.110466 0.110579 0.0976802 0.989055 0.00427318 -0.995196 0.0978089 0.0765645 0.111834 1.03385\n0.001329 0.220957 -0.146906 1 0 0 0 1 0 0 0 1 0.535538 0.032132 0.052543\n0.001329 0.292194 -0.151456 1 0 0 0 1 0 0 0 1 0.535538 0.032132 0.052543\n0.001329 0.362941 -0.161361 1 0 0 0 1 0 0 0 1 0.535538 0.032132 0.052543\n0.001329 0.431269 -0.165405 1 0 0 0 1 0 0 0 1 0.535538 0.032132 0.052543\n0.001329 0.503662 -0.173493 1 0 0 0 1 0 0 0 1 0.535538 0.032132 0.052544\n0.001329 0.57576 -0.183877 1 0 0 0 1 0 0 0 1 0.535538 0.032132 0.052543\n0.001329 0.647859 -0.194262 1 0 0 0 1 0 0 0 1 0.535538 0.032132 0.052543\n0.001329 0.719096 -0.206844 1 0 0 0 1 0 0 0 1 0.535538 0.032132 0.052543\n0.001329 0.789843 -0.219427 1 0 0 0 1 0 0 0 1 0.535538 0.032132 0.052543\nC 47\n0 4\n0 5\n1 6\n1 4\n2 4\n3 4\n4 5\n4 6\n5 9\n5 13\n5 8\n5 12\n5 11\n5 15\n5 10\n5 7\n5 14\n6 9\n6 14\n6 7\n6 10\n6 15\n6 11\n6 12\n6 8\n6 13\n7 10\n7 9\n7 8\n8 9\n8 10\n8 11\n9 11\n9 10\n9 12\n10 11\n10 12\n10 13\n11 14\n11 13\n11 12\n12 13\n12 14\n12 15\n13 15\n13 14\n14 15\nS 4\n2\n0 0.301234 -0.494944 -0.177854\n1 -0.29826 -0.476678 -0.176197\n2\n0.00148699 -0.485811 -0.177026\n-0.999532 0.0304539 0.00276278\n2\n2 0.297858 -0.487605 0.466372\n3 -0.291362 -0.487607 0.461462\n2\n0.00324772 -0.487606 0.463917\n-0.999965 -1.79173e-06 -0.00833313\n2\n5 0.301231 0.360633 -0.178165\n6 -0.298807 0.37766 -0.170598\n2\n0.00121184 0.369146 -0.174381\n-0.999518 0.028363 0.0126036\n9\n7 0.001329 0.220957 -0.146906\n8 0.001329 0.292194 -0.151456\n9 0.001329 0.362941 -0.161361\n10 0.001329 0.431269 -0.165405\n11 0.001329 0.503662 -0.173493\n12 0.001329 0.57576 -0.183877\n13 0.001329 0.647859 -0.194262\n14 0.001329 0.719096 -0.206844\n15 0.001329 0.789843 -0.219427\n1\n0 0 0\n0 0 0\nL 16\n2\n2\n2\n2\n1\n0\n0\n0\n0\n0\n0\n0\n0\n0\n0\n0"
}