{
    "boxes": [
        [
            0.01268749963492155,
            -0.09508000314235687,
            0.11143100261688232,
            0.18545199930667877,
            0.782181978225708,
            0.8667870163917542,
            0.0,
            1.0,
            0.0,
            0.0,
            0.0,
            1.0
        ],
        [
            -0.3507179915904999,
            -0.49258100986480713,
            -0.2340410053730011,
            0.601626992225647,
            0.08587180078029633,
            0.04063799977302551,
            -0.006335449870675802,
            0.9948319792747498,
            0.10133600234985352,
            -0.10133600234985352,
            -0.10145500302314758,
            0.9896659851074219
        ],
        [
            -0.386355996131897,
            -0.455159991979599,
            0.46997299790382385,
            0.6624850034713745,
            0.07886999845504761,
            0.07886999845504761,
            0.0,
            1.0,
            0.0,
            0.0,
            0.0,
            1.0
        ],
        [
            0.011358500458300114,
            0.3948439955711365,
            -0.32607999444007874,
            0.8699569702148438,
            0.032037001103162766,
            0.8299009799957275,
            -0.0003568689862731844,
            0.9906970262527466,
            -0.1360889971256256,
            -0.00040924298809841275,
            0.13608799874782562,
            0.9906970262527466
        ],
        [
            -0.3458400070667267,
            0.2285819947719574,
            -0.31279900670051575,
            0.9375039935112,
            0.16625499725341797,
            0.04382159933447838,
            0.016684100031852722,
            0.9480869770050049,
            -0.3175719976425171,
            -0.039643801748752594,
            0.31799399852752686,
            0.9472640156745911
        ]
    ],
    "ops": [
        [
            0,
            0,
            0,
            1,
            2,
            1,
            0,
            0,
            2,
            1,
            1
        ]
    ],
    "syms": [
        [
            0.0,
            0.9999709725379944,
            0.007527249865233898,
            0.0010423100320622325,
            0.012014600448310375,
            -0.4898500144481659,
            -0.23366299271583557,
            0.0
        ],
        [
            0.0,
            0.9999439716339111,
            0.00881757028400898,
            -0.005874020047485828,
            0.01205340027809143,
            0.23173700273036957,
            -0.3149009943008423,
            0.0
        ]
    ],
    "labels:": [
        [
            1,
            2,
            2,
            0,
            0
        ]
    ],
    "obj": 40908,
    "mat_index": 3956,
    "obbs": "N 8\n0.0113585 0.394844 -0.32608 -0.000356869 0.990697 -0.136089 -0.000409243 0.136088 0.990697 1 0.000409243 0.000356869 0.869957 0.032037 0.829901\n0.0126875 -0.09508 0.111431 1 0 0 0 1 0 0 0 1 0.866787 0.185452 0.782182\n0.369947 0.234893 -0.317003 -0.0232586 0.95214 -0.304775 0.994863 -0.00800106 -0.100918 -0.0985265 -0.305556 -0.947063 0.923218 0.0430397 0.159102\n-0.34584 0.228582 -0.312799 0.0396438 -0.317994 -0.947264 0.999075 -0.00321447 0.0428913 -0.0166841 -0.948087 0.317572 0.166255 0.0438216 0.937504\n-0.350718 -0.492581 -0.234041 0.00633545 -0.994832 -0.101336 0.994832 -0.00399897 0.101455 -0.101336 -0.101455 0.989666 0.601627 0.040638 0.0858718\n0.374747 -0.48712 -0.233285 -0.0151942 -0.995159 -0.0970978 0.998836 -0.0195532 0.0441001 -0.0457852 -0.0963147 0.994297 0.612685 0.0476208 0.0900455\n0.411824 -0.45516 0.469973 1 0 0 0 1 0 0 0 1 0.07887 0.662485 0.07887\n-0.386356 -0.45516 0.469973 1 0 0 0 1 0 0 0 1 0.07887 0.662485 0.07887\nC 13\n0 1\n0 5\n0 4\n0 3\n0 2\n1 2\n1 3\n1 4\n1 5\n1 6\n1 7\n2 5\n3 4\nS 3\n2\n2 0.369947 0.234893 -0.317003\n3 -0.34584 0.228582 -0.312799\n2\n0.0120534 0.231737 -0.314901\n-0.999944 -0.00881757 0.00587402\n2\n4 -0.350718 -0.492581 -0.234041\n5 0.374747 -0.48712 -0.233285\n2\n0.0120146 -0.48985 -0.233663\n0.999971 0.00752725 0.00104231\n2\n6 0.411824 -0.45516 0.469973\n7 -0.386356 -0.45516 0.469973\n2\n0.012734 -0.45516 0.469973\n-1 0 0\nL 8\n0\n1\n0\n0\n2\n2\n2\n2"
}