{
    "boxes": [
        [
            -0.01304550003260374,
            -0.11607000231742859,
            0.07452099770307541,
            0.4547159969806671,
            1.3649100065231323,
            0.9431149959564209,
            0.0,
            1.0,
            0.0,
            0.0,
            0.0,
            1.0
        ],
        [
            -0.5856509804725647,
            -0.006601499859243631,
            0.06572149693965912,
            0.6736530065536499,
            1.347309947013855,
            0.20209600031375885,
            0.0,
            1.0,
            0.0,
            0.0,
            0.0,
            1.0
        ],
        [
            0.0010560000082477927,
            -0.4530470073223114,
            0.05882899835705757,
            0.3466309905052185,
            0.08749999850988388,
            0.08749999850988388,
            0.0,
            1.0,
            0.0,
            0.0,
            0.0,
            1.0
        ],
        [
            -0.26541098952293396,
            -0.5879560112953186,
            -0.23807500302791595,
            0.10693000257015228,
            0.7608450055122375,
            0.11280100047588348,
            0.0076857199892401695,
            0.9987760186195374,
            -0.048852499574422836,
            0.6916630268096924,
            0.02997259981930256,
            0.7215989828109741
        ],
        [
            -0.013029799796640873,
            0.30495399236679077,
            -0.3555870056152344,
            0.9684290289878845,
            0.365339994430542,
            0.9465540051460266,
            0.003363389987498522,
            0.9795600175857544,
            -0.20112399756908417,
            0.004124099854379892,
            0.20110900700092316,
            0.9795600175857544
        ],
        [
            -0.015630999580025673,
            0.29831698536872864,
            -0.5248379707336426,
            0.8214020133018494,
            0.0625120997428894,
            0.9074320197105408,
            -0.0,
            0.9968590140342712,
            -0.07920230180025101,
            0.0,
            0.07920230180025101,
            0.9968590140342712
        ]
    ],
    "ops": [
        [
            0,
            0,
            2,
            1,
            0,
            0,
            2,
            1,
            1,
            0,
            0,
            1,
            1
        ]
    ],
    "syms": [
        [
            0.0,
            1.0,
            0.0,
            0.0,
            -0.01304550003260374,
            -0.006601499859243631,
            0.06572149693965912,
            0.0
        ],
        [
            -1.0,
            0.016298899427056313,
            0.9996820092201233,
            -0.01925469934940338,
            -0.006397060118615627,
            -0.5907530188560486,
            0.05224170163273811,
            0.25
        ]
    ],
    "labels:": [
        [
            1,
            3,
            2,
            2,
            0,
            0
        ]
    ],
    "obj": 40964,
    "mat_index": 3977,
    "obbs": "N 10\n-0.0130298 0.304954 -0.355587 0.999986 -0.0041241 -0.00336339 0.0041241 0.201109 0.97956 -0.00336339 -0.97956 0.201124 0.946554 0.36534 0.968429\n-0.585651 -0.0066015 0.0657215 1 0 0 0 1 0 0 0 1 0.202096 0.673653 1.34731\n0.55956 -0.0066015 0.0657215 1 0 0 0 1 0 0 0 1 0.202096 0.673653 1.34731\n0.001056 -0.453047 0.058829 1 0 0 0 1 0 0 0 1 0.0875 0.346631 0.0875\n0.239009 -0.585555 0.313578 0.0541623 -0.99433 -0.0915079 0.723797 0.102227 -0.682399 0.687884 -0.0292729 0.72523 0.114601 0.0925036 0.861033\n0.289242 -0.604703 -0.205484 0.207227 0.973477 0.0969533 0.675391 -0.214058 0.705709 0.707745 -0.0807605 -0.701836 0.123939 0.129363 0.775071\n-0.265411 -0.587956 -0.238075 -0.691663 -0.0299726 -0.721599 0.72218 -0.0393354 -0.690586 -0.00768572 -0.998776 0.0488525 0.760845 0.112801 0.10693\n-0.288429 -0.584798 0.338948 0.0317785 0.997305 0.0661271 0.689182 -0.0697814 0.72122 0.723891 0.0226543 -0.689542 0.108886 0.110916 0.753096\n-0.0130455 -0.11607 0.074521 1 0 0 0 1 0 0 0 1 0.943115 0.454716 1.36491\n-0.015631 0.298317 -0.524838 1 0 0 0 0.0792023 0.996859 0 -0.996859 0.0792023 0.907432 0.0625121 0.821402\nC 29\n0 2\n0 3\n0 8\n0 1\n0 9\n1 6\n1 9\n1 8\n1 7\n2 8\n2 5\n2 9\n2 4\n3 7\n3 6\n3 5\n3 8\n3 4\n4 7\n4 8\n4 5\n4 6\n5 6\n5 8\n5 7\n6 7\n6 8\n7 8\n8 9\nS 2\n2\n1 -0.585651 -0.0066015 0.0657215\n2 0.55956 -0.0066015 0.0657215\n2\n-0.0130455 -0.0066015 0.0657215\n1 0 0\n4\n6 -0.265411 -0.587956 -0.238075\n5 0.289242 -0.604703 -0.205484\n4 0.239009 -0.585555 0.313578\n7 -0.288429 -0.584798 0.338948\n3\n-0.00639706 -0.590753 0.0522417\n0.0162989 0.999682 -0.0192547\nL 10\n0\n3\n3\n2\n2\n2\n2\n2\n1\n0"
}