{
    "boxes": [
        [
            0.7282170057296753,
            -0.04027879983186722,
            0.0794873982667923,
            0.05960340052843094,
            0.3774549961090088,
            0.37748900055885315,
            -0.007178510073572397,
            0.9999510049819946,
            0.0068720001727342606,
            2.4666000172146596e-05,
            -0.0068720001727342606,
            0.9999759793281555
        ],
        [
            0.23685500025749207,
            -0.04083250090479851,
            0.08616200089454651,
            0.05415099859237671,
            0.3639639914035797,
            0.3773530125617981,
            0.0,
            1.0,
            0.0,
            0.0,
            0.0,
            1.0
        ],
        [
            -0.25443699955940247,
            -0.04268049821257591,
            0.08401250094175339,
            0.0504550002515316,
            0.36826300621032715,
            0.3773530125617981,
            0.0,
            1.0,
            0.0,
            0.0,
            0.0,
            1.0
        ],
        [
            -0.7457290291786194,
            -0.043492499738931656,
            0.0877700001001358,
            0.04883100092411041,
            0.3607479929924011,
            0.3773530125617981,
            0.0,
            1.0,
            0.0,
            0.0,
            0.0,
            1.0
        ],
        [
            0.5247989892959595,
            0.03964589908719063,
            0.019733399152755737,
            0.23022599518299103,
            0.29372599720954895,
            0.043342698365449905,
            -0.16264699399471283,
            0.9866809844970703,
            -0.0026035900227725506,
            0.0026035900227725506,
            0.0030678999610245228,
            0.9999920129776001
        ],
        [
            0.03350700065493584,
            0.03964589908719063,
            0.019733399152755737,
            0.23022599518299103,
            0.29372599720954895,
            0.043342698365449905,
            -0.16264699399471283,
            0.9866809844970703,
            -0.0026036000344902277,
            0.0026036000344902277,
            0.0030678999610245228,
            0.9999920129776001
        ],
        [
            -0.4577839970588684,
            0.039645999670028687,
            0.019733399152755737,
            0.23022599518299103,
            0.29372599720954895,
            0.04334359988570213,
            -0.162648007273674,
            0.9866809844970703,
            -0.002603470114991069,
            0.002603470114991069,
            0.003067760029807687,
            0.9999920129776001
        ],
        [
            -0.9490759968757629,
            0.039645999670028687,
            0.019733399152755737,
            0.23022599518299103,
            0.29372599720954895,
            0.04334359988570213,
            -0.162648007273674,
            0.9866809844970703,
            -0.002603470114991069,
            0.002603470114991069,
            0.003067760029807687,
            0.9999920129776001
        ],
        [
            -0.8707349896430969,
            -0.242466002702713,
            0.1547970026731491,
            0.38183099031448364,
            0.06939589977264404,
            0.05491499975323677,
            -0.004237850196659565,
            0.7625979781150818,
            -0.6468579769134521,
            -0.009151509962975979,
            0.6468070149421692,
            0.7625979781150818
        ],
        [
            -0.8740419745445251,
            -0.24229200184345245,
            -0.09415339678525925,
            0.3822000026702881,
            0.06939589977264404,
            0.0560402013361454,
            0.019759900867938995,
            0.762598991394043,
            0.6465700268745422,
            0.009151649661362171,
            -0.6468070149421692,
            0.762598991394043
        ],
        [
            -0.7452620267868042,
            0.10935399681329727,
            -0.14372999966144562,
            0.3466860055923462,
            0.04861430078744888,
            0.3774090111255646,
            0.0030990298837423325,
            0.9182260036468506,
            -0.3960449993610382,
            0.004711620043963194,
            0.3960300087928772,
            0.9182260036468506
        ]
    ],
    "ops": [
        [
            0,
            0,
            1,
            0,
            0,
            1,
            1,
            0,
            2,
            0,
            2,
            1,
            0,
            2,
            0,
            2,
            1,
            1,
            1,
            0,
            0,
            1,
            2,
            1,
            0,
            2,
            1
        ]
    ],
    "syms": [
        [
            0.0,
            0.9999989867210388,
            0.00030914999661035836,
            -0.0010399699676781893,
            0.7285789847373962,
            0.039708901196718216,
            0.019521400332450867,
            0.0
        ],
        [
            0.0,
            0.9999989867210388,
            0.0003091460093855858,
            -0.0010399699676781893,
            0.2372869998216629,
            0.039708901196718216,
            0.019521400332450867,
            0.0
        ],
        [
            0.0,
            0.9999989867210388,
            0.0003089139936491847,
            -0.001039949944242835,
            -0.2540050148963928,
            0.039708901196718216,
            0.019521400332450867,
            0.0
        ],
        [
            0.0,
            0.9999989867210388,
            0.0003089139936491847,
            -0.001039949944242835,
            -0.7452970147132874,
            0.039708901196718216,
            0.019521400332450867,
            0.0
        ],
        [
            0.0,
            1.0,
            9.903110331777043e-09,
            -4.304379963571137e-09,
            -0.006531099788844585,
            -0.242466002702713,
            0.1547970026731491,
            0.0
        ],
        [
            1.0,
            0.9852993488311768,
            0.07020833343267441,
            -0.09232833236455917,
            -0.7452620267868042,
            0.10935399681329727,
            -0.14372999966144562,
            0.25
        ]
    ],
    "labels:": [
        [
            1,
            1,
            1,
            1,
            3,
            3,
            3,
            3,
            2,
            2,
            0
        ]
    ],
    "obj": 40974,
    "mat_index": 3981,
    "obbs": "N 20\n0.720112 0.117437 -0.154205 0.998698 0.0459551 -0.0221438 0.00208257 0.396999 0.917817 0.0509694 -0.916668 0.396386 0.377461 0.0352701 0.327483\n0.237549 0.110984 -0.149442 0.999958 -0.00769366 -0.00507716 0.00769366 0.393225 0.91941 -0.00507716 -0.91941 0.393267 0.377356 0.0394509 0.339088\n-0.25365 0.112956 -0.14888 0.00544358 0.91894 -0.394359 0.00825955 0.39431 0.91894 0.999951 -0.00825955 -0.00544358 0.33595 0.0425451 0.377414\n-0.745262 0.109354 -0.14373 0.999984 -0.00471162 -0.00309903 0.00471162 0.39603 0.918226 -0.00309903 -0.918226 0.396045 0.377409 0.0486143 0.346686\n0.932359 0.0397719 0.0193095 -0.153731 -0.988107 -0.00346667 0.988107 -0.153741 0.00296902 -0.00346667 -0.00296902 0.99999 0.229511 0.0437237 0.293725\n0.524799 0.0396459 0.0197334 0.162647 -0.986681 0.00260359 0.986681 0.162639 -0.0030679 0.00260359 0.0030679 0.999992 0.230226 0.0433427 0.293726\n0.441067 0.0397719 0.0193095 -0.153731 -0.988107 -0.00346667 0.988107 -0.153741 0.00296902 -0.00346667 -0.00296902 0.99999 0.229511 0.0437237 0.293725\n0.033507 0.0396459 0.0197334 0.162647 -0.986681 0.0026036 0.986681 0.162639 -0.0030679 0.0026036 0.0030679 0.999992 0.230226 0.0433427 0.293726\n-0.0502249 0.0397719 0.0193095 -0.153731 -0.988107 -0.00346667 0.988107 -0.153741 0.00296902 -0.00346667 -0.00296902 0.99999 0.229511 0.0437237 0.293725\n-0.457784 0.039646 0.0197334 0.162648 -0.986681 0.00260347 0.986681 0.16264 -0.00306776 0.00260347 0.00306776 0.999992 0.230226 0.0433436 0.293726\n-0.541517 0.0397719 0.0193095 -0.153731 -0.988107 -0.00346667 0.988107 -0.153741 0.00296902 -0.00346667 -0.00296902 0.99999 0.229511 0.0437237 0.293725\n-0.949076 0.039646 0.0197334 0.162648 -0.986681 0.00260347 0.986681 0.16264 -0.00306776 0.00260347 0.00306776 0.999992 0.230226 0.0433436 0.293726\n0.728217 -0.0402788 0.0794874 0.999974 0.00717851 2.4666e-05 -0.00717851 0.999951 0.006872 2.4666e-05 -0.006872 0.999976 0.377489 0.0596034 0.377455\n0.236855 -0.0408325 0.086162 1 0 0 0 1 0 0 0 1 0.377353 0.054151 0.363964\n-0.254437 -0.0426805 0.0840125 1 0 0 0 1 0 0 0 1 0.377353 0.050455 0.368263\n-0.745729 -0.0434925 0.08777 1 0 0 0 1 0 0 0 1 0.377353 0.048831 0.360748\n0.857673 -0.242466 0.154797 0.999949 -0.00915411 -0.00423906 0.00915411 0.646807 0.762598 -0.00423906 -0.762598 0.646858 0.0549152 0.069396 0.381831\n0.860981 -0.242292 -0.0941533 0.999763 0.00915425 0.0197655 -0.00915425 -0.646807 0.762598 0.0197655 -0.762598 -0.64657 0.0560408 0.069396 0.3822\n-0.874042 -0.242292 -0.0941534 0.999763 -0.00915165 -0.0197599 0.00915165 -0.646807 0.762599 -0.0197599 -0.762599 -0.64657 0.0560402 0.0693959 0.3822\n-0.870735 -0.242466 0.154797 0.999949 0.00915151 0.00423785 -0.00915151 0.646807 0.762598 0.00423785 -0.762598 0.646858 0.054915 0.0693959 0.381831\nC 61\n0 16\n0 17\n0 4\n0 12\n0 5\n0 1\n0 13\n0 6\n1 6\n1 2\n1 14\n1 5\n1 13\n1 12\n1 8\n1 7\n2 8\n2 9\n2 13\n2 10\n2 3\n2 14\n2 7\n2 15\n3 15\n3 11\n3 14\n3 10\n3 9\n3 19\n3 18\n4 12\n4 16\n4 17\n5 6\n5 13\n5 12\n6 12\n6 13\n7 14\n7 13\n7 8\n8 13\n8 14\n9 15\n9 14\n9 10\n10 15\n10 14\n11 19\n11 18\n11 15\n12 16\n12 13\n12 17\n13 14\n14 15\n15 19\n15 18\n16 17\n18 19\nS 7\n4\n0 0.720112 0.117437 -0.154205\n1 0.237549 0.110984 -0.149442\n2 -0.25365 0.112956 -0.14888\n3 -0.745262 0.109354 -0.14373\n1\n0 0 0\n0 0 0\n2\n4 0.932359 0.0397719 0.0193095\n5 0.524799 0.0396459 0.0197334\n2\n0.728579 0.0397089 0.0195214\n-0.999999 -0.00030915 0.00103997\n2\n6 0.441067 0.0397719 0.0193095\n7 0.033507 0.0396459 0.0197334\n2\n0.237287 0.0397089 0.0195214\n-0.999999 -0.000309146 0.00103997\n2\n8 -0.0502249 0.0397719 0.0193095\n9 -0.457784 0.039646 0.0197334\n2\n-0.254005 0.0397089 0.0195214\n-0.999999 -0.000308914 0.00103995\n2\n10 -0.541517 0.0397719 0.0193095\n11 -0.949076 0.039646 0.0197334\n2\n-0.745297 0.0397089 0.0195214\n-0.999999 -0.000308914 0.00103995\n2\n16 0.857673 -0.242466 0.154797\n19 -0.870735 -0.242466 0.154797\n2\n-0.0065311 -0.242466 0.154797\n-1 -9.90311e-09 4.30438e-09\n2\n17 0.860981 -0.242292 -0.0941533\n18 -0.874042 -0.242292 -0.0941534\n2\n-0.00653063 -0.242292 -0.0941533\n-1 -4.16737e-08 -4.42516e-08\nL 20\n0\n0\n0\n0\n3\n3\n3\n3\n3\n3\n3\n3\n1\n1\n1\n1\n2\n2\n2\n2"
}