{
    "boxes": [
        [
            0.0017264500493183732,
            -0.10733199864625931,
            0.11134400218725204,
            0.1093590036034584,
            0.8705130219459534,
            0.9239490032196045,
            -0.0021543900948017836,
            0.9999960064888,
            -0.0018268199637532234,
            -1.9678400349221192e-06,
            0.0018268199637532234,
            0.9999979734420776
        ],
        [
            0.006945999804884195,
            -0.7433779835700989,
            0.5192279815673828,
            0.05753700062632561,
            0.06960300356149673,
            0.6867160201072693,
            0.0,
            1.0,
            0.0,
            0.0,
            0.0,
            1.0
        ],
        [
            -0.32007500529289246,
            -0.45336899161338806,
            -0.27343401312828064,
            0.6420390009880066,
            0.1036359965801239,
            0.07546830177307129,
            -0.010302900336682796,
            0.9761499762535095,
            0.21684999763965607,
            0.10210099816322327,
            -0.21470199525356293,
            0.9713280200958252
        ],
        [
            -0.32093799114227295,
            -0.7404360175132751,
            0.08454500138759613,
            0.06342499703168869,
            0.9386039972305298,
            0.06531800329685211,
            0.0,
            1.0,
            0.0,
            0.0,
            0.0,
            1.0
        ],
        [
            -0.30670100450515747,
            0.14387400448322296,
            -0.18571600317955017,
            0.4227060079574585,
            0.09122230112552643,
            0.11163599789142609,
            -0.006157480180263519,
            0.9999549984931946,
            0.007191599812358618,
            0.2513050138950348,
            -0.005413529928773642,
            0.9678930044174194
        ],
        [
            0.0017305000219494104,
            0.4047220051288605,
            -0.13968299329280853,
            0.5873630046844482,
            0.1513970047235489,
            0.7106549739837646,
            0.0,
            1.0,
            0.0,
            0.0,
            0.0,
            1.0
        ],
        [
            0.0019829999655485153,
            0.09323149919509888,
            -0.18755300343036652,
            0.06710699945688248,
            0.05941300094127655,
            0.5786399841308594,
            0.0,
            1.0,
            0.0,
            0.0,
            0.0,
            1.0
        ]
    ],
    "ops": [
        [
            0,
            0,
            0,
            0,
            1,
            2,
            1,
            1,
            0,
            2,
            0,
            0,
            1,
            1,
            1
        ]
    ],
    "syms": [
        [
            0.0,
            0.9999970197677612,
            0.0012996300356462598,
            -0.002132680034264922,
            0.002783290110528469,
            -0.45294898748397827,
            -0.27412301301956177,
            0.0
        ],
        [
            0.0,
            0.9999920129776001,
            0.0004823929921258241,
            0.003949920181185007,
            0.00606278982013464,
            0.14402499794960022,
            -0.1844799965620041,
            0.0
        ]
    ],
    "labels:": [
        [
            1,
            2,
            2,
            2,
            0,
            0,
            0
        ]
    ],
    "obj": 40985,
    "mat_index": 3986,
    "obbs": "N 10\n0.0017305 0.404722 -0.139683 1 0 0 0 1 0 0 0 1 0.710655 0.587363 0.151397\n0.001983 0.0932315 -0.187553 1 0 0 0 1 0 0 0 1 0.57864 0.067107 0.059413\n0.00172645 -0.107332 0.111344 0.999998 0.00215439 -1.96784e-06 -0.00215439 0.999996 -0.00182682 -1.96784e-06 0.00182682 0.999998 0.923949 0.109359 0.870513\n-0.306701 0.143874 -0.185716 0.967888 0.00776707 -0.25126 0.251305 -0.00541353 0.967893 0.00615748 -0.999955 -0.0071916 0.111636 0.0912223 0.422706\n0.318827 0.144175 -0.183245 1 0 0 0 1 0 0 0 1 0.086128 0.421799 0.086122\n0.325642 -0.45253 -0.274811 0.00190625 0.960601 0.277925 -0.385944 -0.255686 0.886381 0.92252 -0.108953 0.370251 0.647021 0.0999125 0.0944907\n-0.320075 -0.453369 -0.273434 0.0103029 -0.97615 -0.21685 0.994721 0.0321482 -0.0974538 0.102101 -0.214702 0.971328 0.642039 0.0754683 0.103636\n-0.320938 -0.740436 0.084545 1 0 0 0 1 0 0 0 1 0.065318 0.063425 0.938604\n0.006946 -0.743378 0.519228 1 0 0 0 1 0 0 0 1 0.686716 0.057537 0.069603\n0.32431 -0.734747 0.08411 1 0 0 0 1 0 0 0 1 0.065496 0.0748 0.937814\nC 21\n0 1\n0 6\n0 5\n0 4\n0 3\n0 2\n1 2\n1 3\n1 4\n1 5\n1 6\n2 6\n2 4\n2 3\n2 5\n3 6\n4 5\n5 9\n6 7\n7 8\n8 9\nS 3\n2\n3 -0.306701 0.143874 -0.185716\n4 0.318827 0.144175 -0.183245\n2\n0.00606279 0.144025 -0.18448\n0.999992 0.000482393 0.00394992\n2\n5 0.325642 -0.45253 -0.274811\n6 -0.320075 -0.453369 -0.273434\n2\n0.00278329 -0.452949 -0.274123\n-0.999997 -0.00129963 0.00213268\n2\n7 -0.320938 -0.740436 0.084545\n9 0.32431 -0.734747 0.08411\n2\n0.001686 -0.737591 0.0843275\n0.999961 0.00881565 -0.000674133\nL 10\n0\n0\n1\n0\n0\n2\n2\n2\n2\n2"
}