{
    "boxes": [
        [
            -0.013387500308454037,
            -0.1796019971370697,
            0.12729600071907043,
            0.3375619947910309,
            0.9743720293045044,
            0.9757329821586609,
            0.0,
            1.0,
            0.0,
            0.0,
            0.0,
            1.0
        ],
        [
            -0.5160300135612488,
            0.20471499860286713,
            0.07462780177593231,
            0.06236330047249794,
            0.2664639949798584,
            0.09289880096912384,
            -0.16903799772262573,
            0.9835450053215027,
            -0.0637584999203682,
            -0.15954799950122833,
            0.03653020039200783,
            0.9865139722824097
        ],
        [
            -0.43091699481010437,
            -0.0142596997320652,
            0.05619049817323685,
            0.49746599793434143,
            0.6757479906082153,
            0.17270000278949738,
            -0.18411199748516083,
            0.982903003692627,
            -0.0018671799916774035,
            -0.18292100727558136,
            -0.03239709883928299,
            0.9825940132141113
        ],
        [
            -0.4444360136985779,
            -0.03983210027217865,
            0.019995899870991707,
            0.44500601291656494,
            0.5923100113868713,
            0.17686299979686737,
            -0.11425500363111496,
            0.9932850003242493,
            -0.018209200352430344,
            -0.27035099267959595,
            -0.013449800200760365,
            0.9626680016517639
        ],
        [
            -0.4062210023403168,
            -0.5378479957580566,
            0.5259100198745728,
            0.487623006105423,
            0.1233230009675026,
            0.11275400221347809,
            0.0,
            1.0,
            0.0,
            0.0,
            0.0,
            1.0
        ],
        [
            -0.29878199100494385,
            -0.5201190114021301,
            -0.25009098649024963,
            0.5302159786224365,
            0.10519400238990784,
            0.10821100324392319,
            0.1331699937582016,
            0.9789170026779175,
            0.15488000214099884,
            0.5863819718360901,
            -0.20380799472332,
            0.7839760184288025
        ],
        [
            -0.3392139971256256,
            0.24094900488853455,
            -0.28110799193382263,
            0.9755989909172058,
            0.08855889737606049,
            0.12008900195360184,
            -0.0636862963438034,
            0.9973090291023254,
            -0.03631090000271797,
            0.09694100171327591,
            0.04239499941468239,
            0.9943869709968567
        ],
        [
            -0.013969900086522102,
            0.25902900099754333,
            -0.34901300072669983,
            1.0403800010681152,
            0.24056999385356903,
            0.7681040167808533,
            0.0012869900092482567,
            0.9977269768714905,
            -0.06736680120229721,
            0.0013768200296908617,
            0.06736510246992111,
            0.9977269768714905
        ],
        [
            -0.014671499840915203,
            0.27433401346206665,
            -0.0699945017695427,
            1.1140700578689575,
            0.8268349766731262,
            1.0698800086975098,
            0.0,
            1.0,
            0.0,
            0.0,
            0.0,
            1.0
        ]
    ],
    "ops": [
        [
            0,
            0,
            0,
            0,
            1,
            1,
            2,
            1,
            0,
            0,
            1,
            2,
            1,
            0,
            2,
            0,
            0,
            1,
            1,
            1
        ]
    ],
    "syms": [
        [
            0.0,
            1.0,
            -5.828150096931495e-05,
            -6.914329787832685e-06,
            -0.01344939973205328,
            0.2046850025653839,
            0.07462430000305176,
            0.0
        ],
        [
            0.0,
            0.9999960064888,
            0.0010529099963605404,
            0.002772880019620061,
            -0.010897800326347351,
            -0.5374320149421692,
            0.527006983757019,
            0.0
        ],
        [
            0.0,
            0.9999650120735168,
            -0.007876270450651646,
            0.002891999902203679,
            -0.013117000460624695,
            0.23837999999523163,
            -0.2801649868488312,
            0.0
        ]
    ],
    "labels:": [
        [
            1,
            3,
            3,
            3,
            2,
            2,
            0,
            0,
            0
        ]
    ],
    "obj": 40999,
    "mat_index": 3993,
    "obbs": "N 15\n-0.0139699 0.259029 -0.349013 0.999998 -0.00137682 -0.00128699 0.00137682 0.0673651 0.997727 -0.00128699 -0.997727 0.0673668 0.768104 0.24057 1.04038\n-0.0146715 0.274334 -0.0699945 1 0 0 0 1 0 0 0 1 1.06988 1.11407 0.826835\n0.379965 -0.0132214 0.0726077 -0.176564 -0.0161426 -0.984157 0.958173 -0.231616 -0.168104 -0.225232 -0.972673 0.0563625 0.621488 0.180075 0.484709\n-0.430917 -0.0142597 0.0561905 0.182921 0.0323971 -0.982594 0.965734 0.181249 0.185758 0.184112 -0.982903 0.00186718 0.675748 0.1727 0.497466\n-0.0133875 -0.179602 0.127296 1 0 0 0 1 0 0 0 1 0.975733 0.337562 0.974372\n0.31298 0.235812 -0.279222 0.0727139 0.996664 -0.0370519 -0.0876458 0.043392 0.995206 0.993494 -0.0691179 0.0905086 0.987265 0.0740715 0.124938\n-0.339214 0.240949 -0.281108 -0.0636863 0.997309 -0.0363109 0.096941 0.042395 0.994387 0.99325 0.0598088 -0.0993802 0.975599 0.0885589 0.120089\n0.404448 -0.04136 0.0230231 -0.272706 -0.0128981 -0.962011 0.956466 -0.111667 -0.269637 -0.103947 -0.993662 0.0427888 0.591817 0.201825 0.436788\n-0.444436 -0.0398321 0.0199959 -0.114255 0.993285 -0.0182092 0.955958 0.114912 0.270072 0.270351 0.0134498 -0.962668 0.445006 0.176863 0.59231\n0.489131 0.204656 0.0746208 -0.159655 -0.0356548 -0.986529 0.179013 0.981733 -0.0644521 0.970806 -0.186892 -0.150356 0.266463 0.0630318 0.0933086\n-0.51603 0.204715 0.0746278 0.159548 -0.0365302 -0.986514 -0.169038 0.983545 -0.0637585 0.97261 0.176931 0.150747 0.266464 0.0623633 0.0928988\n0.384425 -0.537016 0.528103 0.0251811 -0.99959 0.013628 0.992382 0.0233504 -0.120965 0.120597 0.0165702 0.992563 0.48922 0.105066 0.11684\n0.27182 -0.520119 -0.250091 -0.13317 0.978917 0.15488 -0.586382 -0.203808 0.783976 0.799013 0.0135831 0.60116 0.530216 0.105194 0.108211\n-0.298782 -0.520119 -0.250091 0.13317 0.978917 0.15488 0.586382 -0.203808 0.783976 0.799013 -0.0135836 -0.60116 0.530216 0.105194 0.108211\n-0.406221 -0.537848 0.52591 1 0 0 0 1 0 0 0 1 0.112754 0.487623 0.123323\nC 59\n0 7\n0 10\n0 3\n0 4\n0 12\n0 5\n0 8\n0 1\n0 13\n0 6\n0 9\n0 2\n1 3\n1 6\n1 11\n1 2\n1 14\n1 5\n1 10\n1 13\n1 4\n1 9\n1 12\n1 8\n1 7\n2 12\n2 5\n2 4\n2 9\n2 7\n2 11\n3 14\n3 10\n3 6\n3 13\n3 8\n3 4\n4 7\n4 8\n4 12\n4 9\n4 13\n4 10\n4 5\n4 14\n4 11\n4 6\n5 9\n5 12\n5 7\n6 10\n6 8\n6 13\n7 12\n7 11\n7 9\n8 13\n8 14\n8 10\nS 6\n2\n2 0.379965 -0.0132214 0.0726077\n3 -0.430917 -0.0142597 0.0561905\n2\n-0.0254763 -0.0137406 0.0643991\n-0.999794 -0.00128014 -0.020242\n2\n5 0.31298 0.235812 -0.279222\n6 -0.339214 0.240949 -0.281108\n2\n-0.013117 0.23838 -0.280165\n-0.999965 0.00787627 -0.002892\n2\n7 0.404448 -0.04136 0.0230231\n8 -0.444436 -0.0398321 0.0199959\n2\n-0.0199938 -0.040596 0.0215095\n-0.999992 0.00179987 -0.00356601\n2\n9 0.489131 0.204656 0.0746208\n10 -0.51603 0.204715 0.0746278\n2\n-0.0134494 0.204685 0.0746243\n-1 5.82815e-05 6.91433e-06\n2\n11 0.384425 -0.537016 0.528103\n14 -0.406221 -0.537848 0.52591\n2\n-0.0108978 -0.537432 0.527007\n-0.999996 -0.00105291 -0.00277288\n2\n12 0.27182 -0.520119 -0.250091\n13 -0.298782 -0.520119 -0.250091\n2\n-0.013481 -0.520119 -0.250091\n-1 4.15739e-09 1.21949e-07\nL 15\n0\n0\n3\n3\n1\n0\n0\n3\n3\n3\n3\n2\n2\n2\n2"
}