{
    "boxes": [
        [
            -0.006633500102907419,
            -0.015746500343084335,
            0.05431799963116646,
            0.3091529905796051,
            0.8564019799232483,
            0.8991490006446838,
            0.0,
            1.0,
            0.0,
            0.0,
            0.0,
            1.0
        ],
        [
            -0.46351000666618347,
            -0.40358901023864746,
            -0.29023000597953796,
            0.5838930010795593,
            0.2194959968328476,
            0.0760406032204628,
            0.1720609962940216,
            0.9790940284729004,
            0.10849100351333618,
            -0.022092200815677643,
            -0.10627099871635437,
            0.9940919876098633
        ],
        [
            -0.4618400037288666,
            -0.4060800075531006,
            0.4026550054550171,
            0.5793449878692627,
            0.22104300558567047,
            0.08731140196323395,
            0.159402996301651,
            0.9810180068016052,
            -0.11042500287294388,
            0.022718699648976326,
            0.10818000137805939,
            0.9938719868659973
        ],
        [
            -0.0040511200204491615,
            0.6761869788169861,
            -0.37102100253105164,
            0.2901810109615326,
            0.07756239920854568,
            0.5552080273628235,
            0.004217369947582483,
            0.9938690066337585,
            -0.11048699915409088,
            0.004712140187621117,
            0.11046700179576874,
            0.9938690066337585
        ],
        [
            -0.21867099404335022,
            0.41887998580932617,
            -0.34762200713157654,
            0.7649189829826355,
            0.07661080360412598,
            0.27291300892829895,
            0.18818299472332,
            0.9779660105705261,
            -0.09039060026407242,
            -0.022114500403404236,
            0.0962309017777443,
            0.9951130151748657
        ]
    ],
    "ops": [
        [
            0,
            0,
            0,
            1,
            2,
            1,
            0,
            0,
            2,
            1,
            1
        ]
    ],
    "syms": [
        [
            0.0,
            0.9999979734420776,
            -9.179110202239826e-05,
            0.0019482900388538837,
            -0.00422775000333786,
            -0.4036310017108917,
            -0.2893350124359131,
            0.0
        ],
        [
            0.0,
            0.9999840259552002,
            -0.005592130124568939,
            -0.0006450940272770822,
            -0.003022179938852787,
            0.4176740050315857,
            -0.34776100516319275,
            0.0
        ]
    ],
    "labels:": [
        [
            1,
            2,
            2,
            0,
            0
        ]
    ],
    "obj": 41021,
    "mat_index": 4003,
    "obbs": "N 8\n0.455055 -0.403673 -0.288441 0.193114 -0.976853 -0.0920048 0.980623 0.195302 -0.0153242 0.0329383 -0.0872628 0.995641 0.582621 0.0798345 0.2153\n0.450164 -0.390949 0.400657 0.00978324 -0.112941 -0.993553 0.984722 0.173842 -0.010065 0.173858 -0.978276 0.112917 0.221149 0.0811568 0.612334\n-0.46351 -0.403589 -0.29023 -0.172061 -0.979094 -0.108491 0.984839 -0.173441 0.00334532 -0.0220922 -0.106271 0.994092 0.583893 0.0760406 0.219496\n-0.46184 -0.40608 0.402655 -0.0227187 -0.10818 -0.993872 0.986952 -0.160935 -0.00504322 -0.159403 -0.981018 0.110425 0.221043 0.0873114 0.579345\n-0.0066335 -0.0157465 0.054318 1 0 0 0 1 0 0 0 1 0.899149 0.309153 0.856402\n0.212627 0.416468 -0.347901 -0.160937 0.981642 -0.102361 -0.00505911 0.102891 0.99468 0.986952 0.160599 -0.0115928 0.754105 0.0797905 0.263562\n-0.218671 0.41888 -0.347622 -0.981885 0.185264 -0.0397362 -0.0221145 0.0962309 0.995113 0.188183 0.977966 -0.0903906 0.272913 0.0766108 0.764919\n-0.00405112 0.676187 -0.371021 0.99998 -0.00471214 -0.00421737 0.00471214 0.110467 0.993869 -0.00421737 -0.993869 0.110487 0.555208 0.0775624 0.290181\nC 11\n0 5\n0 4\n1 4\n2 6\n2 4\n3 4\n4 6\n4 5\n5 6\n5 7\n6 7\nS 3\n2\n0 0.455055 -0.403673 -0.288441\n2 -0.46351 -0.403589 -0.29023\n2\n-0.00422775 -0.403631 -0.289335\n-0.999998 9.17911e-05 -0.00194829\n2\n1 0.450164 -0.390949 0.400657\n3 -0.46184 -0.40608 0.402655\n2\n-0.00583803 -0.398515 0.401656\n-0.99986 -0.016589 0.0021898\n2\n5 0.212627 0.416468 -0.347901\n6 -0.218671 0.41888 -0.347622\n2\n-0.00302218 0.417674 -0.347761\n-0.999984 0.00559213 0.000645094\nL 8\n2\n2\n2\n2\n1\n0\n0\n0"
}