{
    "boxes": [
        [
            0.013564500026404858,
            -0.19415199756622314,
            0.10709100216627121,
            0.8332080245018005,
            0.8482149839401245,
            0.9579070210456848,
            0.0,
            1.0,
            0.0,
            0.0,
            0.0,
            1.0
        ],
        [
            -0.39725399017333984,
            0.0021771499887108803,
            -0.067706398665905,
            1.2778300046920776,
            1.195180058479309,
            0.19016599655151367,
            -0.14489500224590302,
            0.9850019812583923,
            0.09368699789047241,
            -0.1527169942855835,
            -0.11581499874591827,
            0.9814599752426147
        ],
        [
            0.004606499802321196,
            -0.6376810073852539,
            0.06175350025296211,
            0.09939000010490417,
            0.8013970255851746,
            0.9678590297698975,
            0.0,
            1.0,
            0.0,
            0.0,
            0.0,
            1.0
        ],
        [
            0.015710700303316116,
            0.062820203602314,
            -0.3894670009613037,
            1.3197499513626099,
            0.20428499579429626,
            0.9324259757995605,
            -0.007710449863225222,
            0.9815639853477478,
            -0.19097900390625,
            -0.009354890324175358,
            0.19090600311756134,
            0.9815639853477478
        ]
    ],
    "ops": [
        [
            0,
            0,
            2,
            1,
            0,
            1,
            0,
            1
        ]
    ],
    "syms": [
        [
            0.0,
            0.9998760223388672,
            0.004879210144281387,
            0.01495369989424944,
            0.016055600717663765,
            0.004194030072540045,
            -0.061525098979473114,
            0.0
        ]
    ],
    "labels:": [
        [
            1,
            3,
            2,
            0
        ]
    ],
    "obj": 41071,
    "mat_index": 4022,
    "obbs": "N 5\n0.0157107 0.0628202 -0.389467 0.999927 0.00935489 0.00771045 -0.00935489 0.190906 0.981564 0.00771045 -0.981564 0.190979 0.932426 0.204285 1.31975\n0.429366 0.00621091 -0.0553438 -0.137728 -0.987734 -0.0735629 0.978565 -0.124216 -0.164259 0.153107 -0.0946092 0.98367 1.28738 0.168041 1.18309\n-0.397254 0.00217715 -0.0677064 0.152717 0.115815 -0.98146 0.97759 0.127901 0.167207 0.144895 -0.985002 -0.093687 1.19518 0.190166 1.27783\n0.0135645 -0.194152 0.107091 1 0 0 0 1 0 0 0 1 0.957907 0.833208 0.848215\n0.0046065 -0.637681 0.0617535 1 0 0 0 1 0 0 0 1 0.967859 0.09939 0.801397\nC 9\n0 1\n0 4\n0 3\n0 2\n1 3\n1 4\n2 4\n2 3\n3 4\nS 1\n2\n1 0.429366 0.00621091 -0.0553438\n2 -0.397254 0.00217715 -0.0677064\n2\n0.0160556 0.00419403 -0.0615251\n-0.999876 -0.00487921 -0.0149537\nL 5\n0\n3\n3\n1\n2"
}