{
    "boxes": [
        [
            -0.00427549984306097,
            -0.16456900537014008,
            0.13137899339199066,
            0.12432000041007996,
            0.7079200148582458,
            0.7886130213737488,
            0.0,
            1.0,
            0.0,
            0.0,
            0.0,
            1.0
        ],
        [
            -0.3420099914073944,
            -0.4821290075778961,
            -0.19967399537563324,
            0.798907995223999,
            0.1044439971446991,
            0.06413400173187256,
            0.0,
            1.0,
            0.0,
            0.0,
            0.0,
            1.0
        ],
        [
            -0.3420099914073944,
            -0.5117830038070679,
            0.4341669976711273,
            0.736873984336853,
            0.061406999826431274,
            0.06140600144863129,
            0.0,
            1.0,
            0.0,
            0.0,
            0.0,
            1.0
        ],
        [
            -0.20533299446105957,
            0.270099014043808,
            -0.2105569988489151,
            0.8438130021095276,
            0.07014819979667664,
            0.04590509831905365,
            1.8841300288841012e-06,
            0.9980520009994507,
            -0.06238219887018204,
            0.06238219887018204,
            0.06226060166954994,
            0.9961079955101013
        ],
        [
            -0.07533329725265503,
            0.27077600359916687,
            -0.20576800405979156,
            0.8419899940490723,
            0.06022319942712784,
            0.04421459883451462,
            -0.0021444899030029774,
            0.9992830157279968,
            -0.03780360147356987,
            0.03780360147356987,
            0.037857700139284134,
            0.9985679984092712
        ],
        [
            -0.3420099914073944,
            0.3023410141468048,
            -0.19975699484348297,
            0.7815989851951599,
            0.10456100106239319,
            0.06413400173187256,
            0.0,
            1.0,
            0.0,
            0.0,
            0.0,
            1.0
        ],
        [
            -0.004275999963283539,
            0.7727400064468384,
            -0.23632700741291046,
            0.1640540063381195,
            0.0824844017624855,
            0.736873984336853,
            1.0274500361617811e-08,
            0.9972969889640808,
            -0.07347189635038376,
            1.1059199778173934e-08,
            0.07347189635038376,
            0.9972969889640808
        ],
        [
            0.06538800150156021,
            0.27146801352500916,
            -0.20845399796962738,
            0.8392000198364258,
            0.08633500337600708,
            0.03930399939417839,
            0.0,
            1.0,
            0.0,
            0.0,
            0.0,
            1.0
        ]
    ],
    "ops": [
        [
            0,
            0,
            0,
            1,
            2,
            1,
            0,
            0,
            1,
            2,
            0,
            0,
            0,
            1,
            1,
            1,
            1
        ]
    ],
    "syms": [
        [
            0.0,
            0.9999909996986389,
            0.004253310151398182,
            -0.0,
            -0.004275999963283539,
            -0.4806930124759674,
            -0.19967399537563324,
            0.0
        ],
        [
            0.0,
            0.9978539943695068,
            0.06237310171127319,
            0.019931599497795105,
            0.06406260281801224,
            0.28693801164627075,
            -0.2051759958267212,
            0.0
        ]
    ],
    "labels:": [
        [
            1,
            2,
            2,
            0,
            0,
            0,
            0,
            0
        ]
    ],
    "obj": 2628,
    "mat_index": 403,
    "obbs": "N 12\n0.333458 -0.479256 -0.199674 1 0 0 0 1 0 0 0 1 0.064134 0.804654 0.104444\n-0.34201 -0.482129 -0.199674 1 0 0 0 1 0 0 0 1 0.064134 0.798908 0.104444\n0.333458 -0.511783 0.434167 1 0 0 0 1 0 0 0 1 0.061406 0.736874 0.061407\n-0.34201 -0.511783 0.434167 1 0 0 0 1 0 0 0 1 0.061406 0.736874 0.061407\n-0.0042755 -0.164569 0.131379 1 0 0 0 1 0 0 0 1 0.788613 0.12432 0.70792\n-0.004276 0.77274 -0.236327 1 -1.10592e-08 -1.02745e-08 1.10592e-08 0.0734719 0.997297 -1.02745e-08 -0.997297 0.0734719 0.736874 0.0824844 0.164054\n0.333458 0.303778 -0.199795 1 0 0 0 1 0 0 0 1 0.064134 0.778727 0.104486\n0.195986 0.271015 -0.205459 0.00210048 -0.998826 0.0484044 0.994925 -0.00278188 -0.100578 0.100595 0.04837 0.993751 0.841607 0.0473287 0.0592222\n0.065388 0.271468 -0.208454 1 0 0 0 1 0 0 0 1 0.039304 0.8392 0.086335\n-0.0753333 0.270776 -0.205768 -0.0378036 -0.0378577 -0.998568 0.999283 0.000712309 -0.0378577 0.00214449 -0.999283 0.0378036 0.0602232 0.0442146 0.84199\n-0.205333 0.270099 -0.210557 -1.88413e-06 -0.998052 0.0623822 0.998052 -0.00389342 -0.0622606 0.0623822 0.0622606 0.996108 0.843813 0.0459051 0.0701482\n-0.34201 0.302341 -0.199757 1 0 0 0 1 0 0 0 1 0.064134 0.781599 0.104561\nC 31\n0 7\n0 4\n0 8\n0 6\n1 11\n1 10\n1 4\n1 9\n2 4\n3 4\n4 7\n4 8\n4 9\n4 10\n4 11\n4 6\n5 9\n5 6\n5 8\n5 11\n5 10\n5 7\n6 7\n6 8\n7 9\n7 8\n8 9\n8 10\n9 11\n9 10\n10 11\nS 4\n2\n0 0.333458 -0.479256 -0.199674\n1 -0.34201 -0.482129 -0.199674\n2\n-0.004276 -0.480693 -0.199674\n-0.999991 -0.00425331 0\n2\n2 0.333458 -0.511783 0.434167\n3 -0.34201 -0.511783 0.434167\n2\n-0.004276 -0.511783 0.434167\n-1 0 0\n2\n10 -0.205333 0.270099 -0.210557\n6 0.333458 0.303778 -0.199795\n2\n0.0640626 0.286938 -0.205176\n0.997854 0.0623731 0.0199316\n2\n9 -0.0753333 0.270776 -0.205768\n7 0.195986 0.271015 -0.205459\n2\n0.0603264 0.270895 -0.205614\n0.999999 0.000881621 0.00113691\nL 12\n2\n2\n2\n2\n1\n0\n0\n0\n0\n0\n0\n0"
}