{
    "boxes": [
        [
            0.0042734998278319836,
            -0.02622699923813343,
            0.06836099922657013,
            0.2436079978942871,
            0.7747300267219543,
            0.9073129892349243,
            0.0,
            1.0,
            0.0,
            0.0,
            0.0,
            1.0
        ],
        [
            -0.3980560004711151,
            0.17433400452136993,
            0.04245299845933914,
            0.30329999327659607,
            0.07987599819898605,
            0.050367001444101334,
            0.0,
            1.0,
            0.0,
            0.0,
            0.0,
            1.0
        ],
        [
            0.4068489968776703,
            0.17119599878787994,
            0.04534349963068962,
            0.3088740110397339,
            0.1207209974527359,
            0.05075300112366676,
            0.0,
            1.0,
            0.0,
            0.0,
            0.0,
            1.0
        ],
        [
            -0.3852980136871338,
            0.3213210105895996,
            -0.007916579954326153,
            0.07243429869413376,
            0.7013159990310669,
            0.12339100241661072,
            0.006284160073846579,
            0.9978920221328735,
            0.06458570063114166,
            -0.0002031479962170124,
            -0.06458570063114166,
            0.9979119896888733
        ],
        [
            -0.38386499881744385,
            -0.43504199385643005,
            -0.2888360023498535,
            0.7288240194320679,
            0.0920301005244255,
            0.07431239634752274,
            0.0024705599062144756,
            0.9994810223579407,
            0.03213439881801605,
            0.0723797008395195,
            -0.032228998839855194,
            0.9968559741973877
        ],
        [
            0.4009830057621002,
            -0.4355289936065674,
            -0.2983050048351288,
            0.7271639704704285,
            0.07226040214300156,
            0.08028379827737808,
            -0.014138899743556976,
            0.999180018901825,
            0.0379486009478569,
            -0.696183979511261,
            -0.03707920014858246,
            0.7169049978256226
        ],
        [
            -0.39848899841308594,
            -0.422342985868454,
            0.41071799397468567,
            0.7144349813461304,
            0.08348699659109116,
            0.10168500244617462,
            0.0,
            1.0,
            0.0,
            0.0,
            0.0,
            1.0
        ],
        [
            -0.3963240087032318,
            -0.3520059883594513,
            0.042364198714494705,
            0.46066901087760925,
            0.09896589815616608,
            0.050194498151540756,
            0.007403300143778324,
            0.9982920289039612,
            -0.05794449895620346,
            0.006013549864292145,
            0.057900600135326385,
            0.998304009437561
        ],
        [
            -0.403874009847641,
            -0.5910750031471252,
            0.05306300148367882,
            0.08177000284194946,
            0.6613659858703613,
            0.0534139983355999,
            0.0,
            1.0,
            0.0,
            0.0,
            0.0,
            1.0
        ],
        [
            0.0058704097755253315,
            0.4789539873600006,
            -0.35468700528144836,
            0.28504300117492676,
            0.0881711021065712,
            0.9010999798774719,
            0.0014637400163337588,
            0.9928939938545227,
            -0.11899299919605255,
            0.0016496300231665373,
            0.11898999661207199,
            0.9928939938545227
        ],
        [
            -0.35435500741004944,
            0.18098799884319305,
            -0.3069530129432678,
            0.3499070107936859,
            0.06359480321407318,
            0.0798972025513649,
            0.1995999962091446,
            0.9654549956321716,
            -0.1675029993057251,
            -0.19853000342845917,
            0.20724299550056458,
            0.9579330086708069
        ]
    ],
    "ops": [
        [
            0,
            0,
            0,
            0,
            2,
            1,
            1,
            1,
            0,
            0,
            0,
            0,
            0,
            1,
            1,
            2,
            1,
            1,
            1,
            0,
            0,
            2,
            1,
            1
        ]
    ],
    "syms": [
        [
            0.0,
            0.9999889731407166,
            1.0583599760138895e-05,
            0.00461312010884285,
            0.004452050197869539,
            0.32132500410079956,
            -0.006118590012192726,
            0.0
        ],
        [
            0.0,
            0.9998319745063782,
            -0.016014499589800835,
            0.0088689299300313,
            0.005297500174492598,
            -0.4288110136985779,
            0.41429901123046875,
            0.0
        ],
        [
            0.0,
            0.9998670220375061,
            0.008552010171115398,
            0.013921299949288368,
            0.00354454992339015,
            0.18404999375343323,
            -0.3019700050354004,
            0.0
        ]
    ],
    "labels:": [
        [
            1,
            3,
            3,
            3,
            2,
            2,
            2,
            2,
            2,
            0,
            0
        ]
    ],
    "obj": 41108,
    "mat_index": 4041,
    "obbs": "N 16\n0.00587041 0.478954 -0.354687 0.999998 -0.00164963 -0.00146374 0.00164963 0.11899 0.992894 -0.00146374 -0.992894 0.118993 0.9011 0.0881711 0.285043\n0.0042735 -0.026227 0.068361 1 0 0 0 1 0 0 0 1 0.907313 0.243608 0.77473\n0.394202 0.321329 -0.00432061 -5.82542e-05 0.0644944 -0.997918 -0.00180461 0.997916 0.0644944 0.999998 0.00180461 5.82542e-05 0.701313 0.0718559 0.123212\n-0.385298 0.321321 -0.00791658 0.99998 -0.00628416 -0.000203148 0.00628416 0.997892 0.0645857 -0.000203148 -0.0645857 0.997912 0.123391 0.0724343 0.701316\n0.406849 0.171196 0.0453435 1 0 0 0 1 0 0 0 1 0.050753 0.308874 0.120721\n-0.398056 0.174334 0.042453 1 0 0 0 1 0 0 0 1 0.050367 0.3033 0.079876\n-0.396324 -0.352006 0.0423642 -0.00601355 -0.0579006 -0.998304 0.999955 -0.0077392 -0.00557463 -0.0074033 -0.998292 0.0579445 0.0989659 0.0501945 0.460669\n0.396947 -0.317489 0.0452335 1 0 0 0 1 0 0 0 1 0.074264 0.519366 0.120807\n0.409589 -0.590946 0.0600845 1 0 0 0 1 0 0 0 1 0.058384 0.082028 0.680959\n-0.403874 -0.591075 0.053063 1 0 0 0 1 0 0 0 1 0.053414 0.08177 0.661366\n-0.354355 0.180988 -0.306953 0.1996 0.965455 -0.167503 -0.19853 0.207243 0.957933 0.959555 -0.157949 0.233038 0.349907 0.0635948 0.0798972\n0.361444 0.187111 -0.296987 0.967846 0.219502 -0.122851 0.0886756 0.159302 0.983239 0.235393 -0.962518 0.134715 0.0748788 0.0760563 0.342482\n0.409083 -0.435279 0.417881 1 0 0 0 1 0 0 0 1 0.097687 0.688907 0.076384\n0.400983 -0.435529 -0.298305 0.696184 0.0370792 -0.716905 0.717724 -0.016283 0.696137 0.0141389 -0.99918 -0.0379486 0.0722604 0.0802838 0.727164\n-0.383865 -0.435042 -0.288836 -0.00247056 -0.999481 -0.0321344 0.997374 -0.000136911 -0.0724217 0.0723797 -0.032229 0.996856 0.728824 0.0743124 0.0920301\n-0.398489 -0.422343 0.410718 1 0 0 0 1 0 0 0 1 0.101685 0.714435 0.083487\nC 37\n0 2\n0 10\n0 3\n0 11\n0 1\n1 3\n1 15\n1 6\n1 11\n1 2\n1 14\n1 5\n1 10\n1 13\n1 4\n1 12\n1 7\n2 11\n2 4\n3 10\n3 5\n4 7\n4 13\n4 11\n5 6\n5 10\n6 9\n6 14\n7 11\n7 13\n7 8\n8 13\n8 12\n9 15\n9 14\n10 14\n11 13\nS 5\n2\n2 0.394202 0.321329 -0.00432061\n3 -0.385298 0.321321 -0.00791658\n2\n0.00445205 0.321325 -0.00611859\n-0.999989 -1.05836e-05 -0.00461312\n2\n6 -0.396324 -0.352006 0.0423642\n7 0.396947 -0.317489 0.0452335\n2\n0.000311693 -0.334748 0.0437989\n0.999048 0.0434712 0.00361355\n2\n8 0.409589 -0.590946 0.0600845\n9 -0.403874 -0.591075 0.053063\n2\n0.0028575 -0.59101 0.0565737\n-0.999963 -0.000158575 -0.00863129\n2\n10 -0.354355 0.180988 -0.306953\n11 0.361444 0.187111 -0.296987\n2\n0.00354455 0.18405 -0.30197\n0.999867 0.00855201 0.0139213\n2\n12 0.409083 -0.435279 0.417881\n15 -0.398489 -0.422343 0.410718\n2\n0.0052975 -0.428811 0.414299\n-0.999832 0.0160145 -0.00886893\nL 16\n0\n1\n3\n3\n3\n3\n2\n2\n2\n2\n0\n0\n2\n2\n2\n2"
}