{
    "boxes": [
        [
            0.006901999935507774,
            -0.06645049899816513,
            0.1269720047712326,
            0.22683100402355194,
            0.8323500156402588,
            0.8827660083770752,
            0.0,
            1.0,
            0.0,
            0.0,
            0.0,
            1.0
        ],
        [
            -0.48647499084472656,
            0.33257099986076355,
            -0.04865949973464012,
            0.056129999458789825,
            0.45425400137901306,
            0.13945700228214264,
            0.18451499938964844,
            0.9827600121498108,
            -0.011716100387275219,
            -0.20327499508857727,
            0.04982290044426918,
            0.977853000164032
        ],
        [
            -0.3867030143737793,
            0.15646499395370483,
            -0.1347920000553131,
            0.385547012090683,
            0.6366909742355347,
            0.2527270019054413,
            -0.12639400362968445,
            0.9915000200271606,
            -0.030843600630760193,
            -0.5308369994163513,
            -0.04133810102939606,
            0.846464991569519
        ],
        [
            -0.21662500500679016,
            -0.4766550064086914,
            -0.2500460147857666,
            0.6777409911155701,
            0.04110490158200264,
            0.031777601689100266,
            0.13390199840068817,
            0.9827290177345276,
            0.12772899866104126,
            -0.2987230122089386,
            -0.08286820352077484,
            0.9507349729537964
        ],
        [
            0.2350900024175644,
            -0.4724479913711548,
            -0.24601499736309052,
            0.6876929998397827,
            0.043062299489974976,
            0.03440520167350769,
            -0.13755400478839874,
            0.981436014175415,
            0.13364699482917786,
            -0.11908499896526337,
            -0.15033799409866333,
            0.981436014175415
        ],
        [
            0.014862800016999245,
            0.34339699149131775,
            -0.28902700543403625,
            0.34207600355148315,
            0.11011499911546707,
            0.8657519817352295,
            0.2106039971113205,
            0.8668239712715149,
            -0.4519540071487427,
            0.004539669957011938,
            0.46145099401474,
            0.8871539831161499
        ]
    ],
    "ops": [
        [
            0,
            0,
            0,
            1,
            2,
            1,
            0,
            0,
            1,
            2,
            1,
            0,
            1
        ]
    ],
    "syms": [
        [
            0.0,
            0.9999989867210388,
            0.001129399985074997,
            -0.001104590017348528,
            0.009159689769148827,
            0.33313098549842834,
            -0.04920699819922447,
            0.0
        ],
        [
            0.0,
            -0.1599469929933548,
            -0.005307159852236509,
            0.98711097240448,
            -0.2695389986038208,
            -0.4784109890460968,
            0.07651550322771072,
            0.0
        ]
    ],
    "labels:": [
        [
            1,
            3,
            3,
            2,
            2,
            0
        ]
    ],
    "obj": 41139,
    "mat_index": 4056,
    "obbs": "N 10\n0.0148628 0.343397 -0.289027 0.210604 0.866824 -0.451954 0.00453967 0.461451 0.887154 0.977561 -0.18889 0.0932485 0.342076 0.110115 0.865752\n0.504795 0.333691 -0.0497545 -0.253672 -0.0561753 -0.965658 -0.181731 0.983303 -0.00946229 0.950066 0.17309 -0.259645 0.453886 0.0600852 0.150605\n-0.486475 0.332571 -0.0486595 -0.961579 0.178047 -0.208964 0.184515 0.98276 -0.0117161 0.203275 -0.0498229 -0.977853 0.139457 0.05613 0.454254\n0.006902 -0.0664505 0.126972 1 0 0 0 1 0 0 0 1 0.882766 0.226831 0.83235\n-0.322454 -0.480166 0.403077 0.943352 -0.245176 -0.223554 0.245176 0.0611271 0.96755 -0.223554 -0.96755 0.117775 0.0432474 0.0365892 0.676947\n0.345439 -0.479703 0.404119 -0.171931 0.978088 -0.117406 0.220025 0.154297 0.963214 0.960223 0.139774 -0.241732 0.676069 0.035038 0.0442192\n-0.216625 -0.476655 -0.250046 0.133902 0.982729 0.127729 -0.298723 -0.0828682 0.950735 0.944899 -0.165461 0.282467 0.677741 0.0411049 0.0317776\n0.23509 -0.472448 -0.246015 -0.137554 0.981436 0.133647 -0.119085 -0.150338 0.981436 0.983309 0.119085 0.137554 0.687693 0.0430623 0.0344052\n0.401482 0.141234 -0.126236 -0.157143 -0.984621 0.0763407 0.835627 -0.173765 -0.521089 0.52634 -0.018093 0.850081 0.426204 0.248326 0.635197\n-0.386703 0.156465 -0.134792 0.530837 0.0413381 -0.846465 0.837996 0.123361 0.53155 0.126394 -0.9915 0.0308436 0.636691 0.252727 0.385547\nC 20\n0 1\n0 9\n0 3\n0 8\n0 2\n1 3\n1 8\n2 9\n2 3\n3 8\n3 9\n3 6\n3 7\n3 4\n3 5\n4 9\n5 8\n6 9\n7 8\n8 9\nS 4\n2\n1 0.504795 0.333691 -0.0497545\n2 -0.486475 0.332571 -0.0486595\n2\n0.00915969 0.333131 -0.049207\n-0.999999 -0.0011294 0.00110459\n2\n4 -0.322454 -0.480166 0.403077\n6 -0.216625 -0.476655 -0.250046\n2\n-0.269539 -0.478411 0.0765155\n0.159947 0.00530716 -0.987111\n2\n5 0.345439 -0.479703 0.404119\n7 0.23509 -0.472448 -0.246015\n2\n0.290265 -0.476076 0.0790523\n-0.167328 0.0110012 -0.98584\n2\n8 0.401482 0.141234 -0.126236\n9 -0.386703 0.156465 -0.134792\n2\n0.00738935 0.14885 -0.130514\n-0.999754 0.0193202 -0.0108529\nL 10\n0\n3\n3\n1\n2\n2\n2\n2\n3\n3"
}