{
    "boxes": [
        [
            -0.0022460001055151224,
            -0.10411900281906128,
            0.10238000005483627,
            0.18395699560642242,
            0.9072800278663635,
            0.7865880131721497,
            0.0,
            1.0,
            0.0,
            0.0,
            0.0,
            1.0
        ],
        [
            -0.25622498989105225,
            -0.47326698899269104,
            -0.3067289888858795,
            0.6121439933776855,
            0.09314560145139694,
            0.0800120010972023,
            0.10644499957561493,
            0.9942920207977295,
            -0.007221859879791737,
            0.007221859879791737,
            0.00648983009159565,
            0.9999529719352722
        ],
        [
            0.343654990196228,
            -0.45878300070762634,
            0.5269920229911804,
            0.6293330192565918,
            0.08122699707746506,
            0.0964089035987854,
            -0.007304579950869083,
            0.9996939897537231,
            0.023627199232578278,
            0.48440200090408325,
            -0.017132999375462532,
            0.8746780157089233
        ],
        [
            -0.3613330125808716,
            -0.45871299505233765,
            0.5205870270729065,
            0.6294770240783691,
            0.09262649714946747,
            0.07011889666318893,
            -0.02371549978852272,
            0.9996060132980347,
            -0.015014800243079662,
            0.608485996723175,
            0.02634960040450096,
            0.7931270003318787
        ],
        [
            0.002429000101983547,
            0.4283199906349182,
            -0.299140989780426,
            0.9378529787063599,
            0.10423900187015533,
            0.6205220222473145,
            0.0,
            1.0,
            0.0,
            0.0,
            0.0,
            1.0
        ]
    ],
    "ops": [
        [
            0,
            0,
            2,
            0,
            0,
            1,
            1,
            1,
            0,
            1
        ]
    ],
    "syms": [
        [
            0.0,
            0.9999889731407166,
            -0.004339999984949827,
            -0.0019634400960057974,
            -0.0010629299795255065,
            -0.47437500953674316,
            -0.30722999572753906,
            0.0
        ]
    ],
    "labels:": [
        [
            1,
            2,
            2,
            2,
            0
        ]
    ],
    "obj": 41143,
    "mat_index": 4059,
    "obbs": "N 6\n0.002429 0.42832 -0.299141 1 0 0 0 1 0 0 0 1 0.620522 0.937853 0.104239\n-0.002246 -0.104119 0.10238 1 0 0 0 1 0 0 0 1 0.786588 0.183957 0.90728\n0.254099 -0.475482 -0.307731 -0.169999 -0.0150913 -0.985329 0.981069 0.0915222 -0.170666 0.092755 -0.995689 -0.000753002 0.09222 0.0743928 0.606682\n-0.256225 -0.473267 -0.306729 -0.106445 -0.994292 0.00722186 0.994292 -0.106492 -0.00648983 0.00722186 0.00648983 0.999953 0.612144 0.080012 0.0931456\n0.343655 -0.458783 0.526992 -0.00730458 0.999694 0.0236272 0.484402 -0.017133 0.874678 0.874815 0.0178342 -0.484129 0.629333 0.081227 0.0964089\n-0.361333 -0.458713 0.520587 0.0237155 -0.999606 0.0150148 0.79321 0.00967311 -0.608871 0.608486 0.0263496 0.793127 0.629477 0.0701189 0.0926265\nC 7\n0 1\n0 3\n0 2\n1 2\n1 3\n1 4\n1 5\nS 1\n2\n2 0.254099 -0.475482 -0.307731\n3 -0.256225 -0.473267 -0.306729\n2\n-0.00106293 -0.474375 -0.30723\n-0.999989 0.00434 0.00196344\nL 6\n0\n1\n2\n2\n2\n2"
}