{
    "boxes": [
        [
            0.011066200211644173,
            -0.12516599893569946,
            0.30859699845314026,
            0.17188400030136108,
            0.8871669769287109,
            0.8859720230102539,
            -0.0034374799579381943,
            0.9772350192070007,
            -0.21213099360466003,
            -0.00036879698745906353,
            0.21213099360466003,
            0.9772409796714783
        ],
        [
            -0.4212320148944855,
            0.12254499644041061,
            0.22448599338531494,
            0.3883900046348572,
            1.13031005859375,
            0.07486870139837265,
            -0.0009370900224894285,
            0.9946780204772949,
            0.10302799940109253,
            0.0016156099736690521,
            -0.10302600264549255,
            0.9946770071983337
        ],
        [
            -0.4212220013141632,
            0.28305599093437195,
            0.1229650005698204,
            0.13194499909877777,
            0.6324430108070374,
            0.10593699663877487,
            1.8647499544499624e-08,
            0.9998689889907837,
            -0.01618099957704544,
            1.5087700533378268e-10,
            0.01618099957704544,
            0.9998689889907837
        ],
        [
            0.011351499706506729,
            -0.46473899483680725,
            0.041212499141693115,
            0.7376329898834229,
            1.492550015449524,
            0.9383670091629028,
            0.0,
            1.0,
            0.0,
            0.0,
            0.0,
            1.0
        ],
        [
            -0.421517014503479,
            0.013505400158464909,
            -0.5669389963150024,
            0.1709199994802475,
            0.4836310148239136,
            0.0754804015159607,
            -0.006906350143253803,
            0.7717170119285583,
            -0.6359279751777649,
            0.005425150040537119,
            0.6359630227088928,
            0.7717000246047974
        ],
        [
            0.011287800036370754,
            0.22567899525165558,
            -0.27897799015045166,
            0.9618620276451111,
            0.1897210031747818,
            0.78507000207901,
            -0.005130129866302013,
            0.9444530010223389,
            -0.3286060094833374,
            -0.0072165802121162415,
            0.3285669982433319,
            0.9444530010223389
        ],
        [
            0.011312000453472137,
            0.20535099506378174,
            -0.3306950032711029,
            0.9792450070381165,
            0.11518199741840363,
            0.8868370056152344,
            -0.0010861000046133995,
            0.9298520088195801,
            -0.367931991815567,
            -0.0015977999428287148,
            0.3679310083389282,
            0.9298520088195801
        ]
    ],
    "ops": [
        [
            0,
            0,
            0,
            1,
            2,
            1,
            0,
            1,
            0,
            2,
            0,
            0,
            1,
            1,
            1
        ]
    ],
    "syms": [
        [
            0.0,
            0.9999989867210388,
            4.781689858646132e-05,
            -0.0017275100108236074,
            0.011232299730181694,
            0.12256599962711334,
            0.22373799979686737,
            0.0
        ],
        [
            0.0,
            0.9999690055847168,
            0.001357769942842424,
            0.00769772008061409,
            0.011487100273370743,
            0.014093399979174137,
            -0.5636060237884521,
            0.0
        ]
    ],
    "labels:": [
        [
            1,
            3,
            3,
            2,
            0,
            0,
            0
        ]
    ],
    "obj": 41144,
    "mat_index": 4060,
    "obbs": "N 10\n0.0112878 0.225679 -0.278978 -0.00513013 0.944453 -0.328606 -0.00721658 0.328567 0.944453 0.999961 0.00721658 0.00513013 0.961862 0.189721 0.78507\n0.0113515 -0.464739 0.0412125 1 0 0 0 1 0 0 0 1 0.938367 0.737633 1.49255\n0.443697 0.122586 0.222991 0.00564297 -0.994588 -0.103744 0.999983 0.00575633 -0.000793312 0.0013862 -0.103738 0.994604 0.388899 0.0757812 1.12235\n-0.421232 0.122545 0.224486 0.00093709 -0.994678 -0.103028 0.999998 0.00109855 -0.00151047 0.00161561 -0.103026 0.994677 0.38839 0.0748687 1.13031\n0.0110662 -0.125166 0.308597 0.999994 0.00343748 -0.000368797 -0.00343748 0.977235 -0.212131 -0.000368797 0.212131 0.977241 0.885972 0.171884 0.887167\n0.443931 0.283056 0.122965 -9.61839e-10 -0.016181 -0.999869 1.18877e-07 0.999869 -0.016181 1 -1.18877e-07 9.6184e-10 0.632443 0.131945 0.105937\n-0.421222 0.283056 0.122965 -1.50877e-10 -0.016181 -0.999869 1.86475e-08 0.999869 -0.016181 1 -1.86475e-08 1.50878e-10 0.632443 0.131945 0.105937\n-0.421517 0.0135054 -0.566939 -0.00690635 0.771717 -0.635928 0.999961 0.00187963 -0.00857886 -0.00542515 -0.635963 -0.7717 0.17092 0.0754804 0.483631\n0.444491 0.0146813 -0.560273 0.0116986 0.815881 -0.578102 0.999913 -0.0059782 0.0117974 0.00616922 -0.57819 -0.815879 0.183438 0.0765548 0.477776\n0.011312 0.205351 -0.330695 -0.0010861 0.929852 -0.367932 -0.0015978 0.367931 0.929852 0.999998 0.0015978 0.0010861 0.979245 0.115182 0.886837\nC 32\n0 2\n0 7\n0 3\n0 4\n0 5\n0 8\n0 1\n0 6\n0 9\n1 3\n1 2\n1 4\n1 9\n1 8\n1 7\n2 8\n2 5\n2 9\n2 4\n3 7\n3 6\n3 9\n3 4\n4 9\n4 5\n4 6\n5 9\n5 8\n6 9\n6 7\n7 9\n8 9\nS 3\n2\n2 0.443697 0.122586 0.222991\n3 -0.421232 0.122545 0.224486\n2\n0.0112323 0.122566 0.223738\n-0.999999 -4.78169e-05 0.00172751\n2\n5 0.443931 0.283056 0.122965\n6 -0.421222 0.283056 0.122965\n2\n0.011354 0.283056 0.122965\n-1 1.02268e-09 -1.6383e-11\n2\n7 -0.421517 0.0135054 -0.566939\n8 0.444491 0.0146813 -0.560273\n2\n0.0114871 0.0140934 -0.563606\n0.999969 0.00135777 0.00769772\nL 10\n0\n2\n3\n3\n1\n3\n3\n0\n0\n0"
}