{
    "boxes": [
        [
            0.0008320179767906666,
            -0.009761380031704903,
            0.08943890035152435,
            0.2875460088253021,
            0.7720019817352295,
            0.9604880213737488,
            0.0002814409963320941,
            0.9990440011024475,
            0.04371760040521622,
            -6.154909897304606e-06,
            -0.04371760040521622,
            0.9990440011024475
        ],
        [
            0.23322400450706482,
            -0.5036410093307495,
            0.3334279954433441,
            0.8426979780197144,
            0.017369400709867477,
            0.05618710070848465,
            -0.14689099788665771,
            0.9781860113143921,
            -0.1468839943408966,
            -0.7072380185127258,
            -4.469000123208389e-05,
            0.706974983215332
        ],
        [
            -0.25161901116371155,
            -0.5231509804725647,
            -0.15005600452423096,
            0.7881100177764893,
            0.017371300607919693,
            0.04812939837574959,
            0.18303599953651428,
            0.9659180045127869,
            0.18302799761295319,
            -0.7071269750595093,
            1.2814200090360828e-05,
            0.707086980342865
        ],
        [
            0.02920760028064251,
            -0.6071950197219849,
            0.1286260038614273,
            0.5498430132865906,
            0.8543660044670105,
            0.01341480016708374,
            0.10747700184583664,
            0.9883790016174316,
            0.10750000178813934,
            -0.7071179747581482,
            -1.3833900084136985e-05,
            0.7070950269699097
        ],
        [
            -0.035957999527454376,
            -0.6079419851303101,
            0.06344129890203476,
            0.5520309805870056,
            0.8543660044670105,
            0.01456340029835701,
            -0.109484001994133,
            0.9879350066184998,
            -0.10953100025653839,
            -0.707082986831665,
            3.851460132864304e-05,
            0.7071300148963928
        ],
        [
            0.0015475599793717265,
            0.5324249863624573,
            -0.2886509895324707,
            0.5860350131988525,
            0.07738590240478516,
            0.5899379849433899,
            0.7031890153884888,
            0.7087579965591431,
            -0.056456901133060455,
            -0.005999870132654905,
            0.08531700074672699,
            0.9963359832763672
        ],
        [
            -0.008749419823288918,
            0.3183189928531647,
            -0.043852299451828,
            1.051069974899292,
            0.6662229895591736,
            0.9350280165672302,
            -0.012227299623191357,
            0.9270660281181335,
            -0.37470000982284546,
            -0.018128100782632828,
            0.37446099519729614,
            0.9270660281181335
        ]
    ],
    "ops": [
        [
            0,
            0,
            0,
            0,
            0,
            1,
            1,
            1,
            2,
            1,
            0,
            0,
            1,
            1
        ]
    ],
    "syms": [
        [
            0.0,
            0.9999009966850281,
            -7.860589903430082e-07,
            -0.014086700044572353,
            -0.004138289950788021,
            -0.5036410093307495,
            0.33677199482917786,
            0.0
        ]
    ],
    "labels:": [
        [
            1,
            2,
            2,
            2,
            2,
            0,
            0
        ]
    ],
    "obj": 41147,
    "mat_index": 4061,
    "obbs": "N 11\n0.00154756 0.532425 -0.288651 0.703189 0.708758 -0.0564569 -0.00599987 0.085317 0.996336 0.710978 -0.700273 0.0642464 0.586035 0.0773859 0.589938\n-0.0401442 -0.603817 0.130138 -0.109488 0.987935 0.109532 -0.698556 -0.15487 0.698594 0.707129 -2.67314e-05 0.707085 0.552028 0.0145658 0.854363\n0.0250357 -0.60307 0.0649531 -0.107498 -0.988379 0.107474 0.6989 -0.152009 -0.698879 0.707095 -1.46075e-05 0.707119 0.549843 0.0134246 0.854363\n-0.035958 -0.607942 0.0634413 0.707083 -3.85146e-05 -0.70713 0.698603 0.154867 0.698549 0.109484 -0.987935 0.109531 0.854366 0.0145634 0.552031\n0.0292076 -0.607195 0.128626 0.107477 0.988379 0.1075 0.698879 -0.152012 0.698899 0.707118 1.38339e-05 -0.707095 0.549843 0.0134148 0.854366\n0.000832018 -0.00976138 0.0894389 1 -0.000281441 -6.15491e-06 0.000281441 0.999044 0.0437176 -6.15491e-06 -0.0437176 0.999044 0.960488 0.287546 0.772002\n-0.00874942 0.318319 -0.0438523 0.999761 0.0181281 0.0122273 -0.0181281 0.374461 0.927066 0.0122273 -0.927066 0.3747 0.935028 0.666223 1.05107\n0.242865 -0.523171 -0.150525 0.682948 0.258706 -0.68312 0.70719 3.09245e-05 0.707024 0.182932 -0.965956 -0.182933 0.0481221 0.0173708 0.788104\n0.233224 -0.503641 0.333428 0.146891 -0.978186 0.146884 0.707238 4.469e-05 -0.706975 0.691547 0.20773 0.691817 0.842698 0.0173694 0.0561871\n-0.2415 -0.503641 0.340116 0.691786 -0.207765 -0.691568 0.707001 3.41496e-05 0.707213 -0.14691 -0.978179 0.146914 0.0561494 0.0173643 0.842698\n-0.251619 -0.523151 -0.150056 -0.183036 -0.965918 -0.183028 0.707127 -1.28142e-05 -0.707087 0.682986 -0.258846 0.683029 0.78811 0.0173713 0.0481294\nC 35\n0 5\n0 6\n1 3\n1 6\n1 2\n1 5\n1 10\n1 4\n1 8\n2 8\n2 5\n2 6\n2 10\n2 3\n2 7\n2 4\n3 7\n3 10\n3 6\n3 9\n3 5\n3 4\n4 7\n4 9\n4 5\n4 6\n5 9\n5 6\n5 8\n5 10\n5 7\n6 9\n6 7\n6 10\n6 8\nS 4\n2\n1 -0.0401442 -0.603817 0.130138\n4 0.0292076 -0.607195 0.128626\n2\n-0.00546826 -0.605506 0.129382\n0.998579 -0.0486401 -0.0217747\n2\n2 0.0250357 -0.60307 0.0649531\n3 -0.035958 -0.607942 0.0634413\n2\n-0.00546115 -0.605506 0.0641972\n-0.99652 -0.0796055 -0.0246987\n2\n7 0.242865 -0.523171 -0.150525\n10 -0.251619 -0.523151 -0.150056\n2\n-0.00437702 -0.523161 -0.15029\n-1 4.0391e-05 0.00094816\n2\n8 0.233224 -0.503641 0.333428\n9 -0.2415 -0.503641 0.340116\n2\n-0.00413829 -0.503641 0.336772\n-0.999901 7.86059e-07 0.0140867\nL 11\n0\n2\n2\n2\n2\n1\n0\n2\n2\n2\n2"
}