{
    "boxes": [
        [
            -0.0032909999135881662,
            0.056113000959157944,
            0.09923499822616577,
            0.1623840034008026,
            0.859578013420105,
            0.8420259952545166,
            0.0,
            1.0,
            0.0,
            0.0,
            0.0,
            1.0
        ],
        [
            -0.35462498664855957,
            -0.3795340061187744,
            0.4527379870414734,
            0.7671030163764954,
            0.15257300436496735,
            0.1393589973449707,
            0.0,
            1.0,
            0.0,
            0.0,
            0.0,
            1.0
        ],
        [
            -0.35380399227142334,
            -0.3793320059776306,
            -0.305186003446579,
            0.8217669725418091,
            0.17750699818134308,
            0.16322200000286102,
            -0.02131279930472374,
            0.9746840000152588,
            0.22256900370121002,
            -0.06516099721193314,
            -0.22350099682807922,
            0.9725229740142822
        ],
        [
            -0.3688350021839142,
            0.45052000880241394,
            -0.2728860080242157,
            0.672203004360199,
            0.13756999373435974,
            0.08791279792785645,
            -0.00900794006884098,
            0.9891610145568848,
            -0.14656099677085876,
            -0.6749929785728455,
            0.102122001349926,
            0.7307220101356506
        ],
        [
            -0.005399310030043125,
            0.48059800267219543,
            -0.30420300364494324,
            0.7454389929771423,
            0.12514999508857727,
            0.8188419938087463,
            -0.0019492900464683771,
            0.9887949824333191,
            -0.14926500618457794,
            -0.00226563005708158,
            0.1492599993944168,
            0.9887949824333191
        ],
        [
            -0.0033473700750619173,
            0.7993879914283752,
            -0.34946200251579285,
            0.11353799700737,
            0.14129100739955902,
            0.8250010013580322,
            -0.0067954398691654205,
            0.9904130101203918,
            -0.13797099888324738,
            -0.0004710440116468817,
            0.13797099888324738,
            0.9904360175132751
        ]
    ],
    "ops": [
        [
            0,
            0,
            0,
            1,
            2,
            1,
            0,
            2,
            0,
            0,
            1,
            1,
            1
        ]
    ],
    "syms": [
        [
            0.0,
            0.9999970197677612,
            -0.0023986799642443657,
            -7.115639846233535e-07,
            -0.003286750055849552,
            -0.38037699460983276,
            0.4527370035648346,
            0.0
        ],
        [
            0.0,
            0.9999909996986389,
            0.0001892040017992258,
            0.00431839982047677,
            -0.0012532799737527966,
            0.45059001445770264,
            -0.27129799127578735,
            0.0
        ]
    ],
    "labels:": [
        [
            1,
            2,
            2,
            0,
            0,
            0
        ]
    ],
    "obj": 41160,
    "mat_index": 4065,
    "obbs": "N 9\n-0.00539931 0.480598 -0.304203 -0.00194929 0.988795 -0.149265 -0.00226563 0.14926 0.988795 0.999996 0.00226563 0.00194929 0.745439 0.12515 0.818842\n-0.00334737 0.799388 -0.349462 0.999977 0.00679544 -0.000471044 -0.00679544 0.990413 -0.137971 -0.000471044 0.137971 0.990436 0.825001 0.113538 0.141291\n-0.003291 0.056113 0.099235 1 0 0 0 1 0 0 0 1 0.842026 0.162384 0.859578\n0.366329 0.45066 -0.269711 -0.543552 -0.148272 -0.826176 0.839361 -0.0903555 -0.536011 0.00482576 -0.98481 0.173567 0.128423 0.0919001 0.674051\n-0.368835 0.45052 -0.272886 -0.00900794 0.989161 -0.146561 0.737769 0.10551 0.666757 0.674993 -0.102122 -0.730722 0.672203 0.0879128 0.13757\n-0.354625 -0.379534 0.452738 1 0 0 0 1 0 0 0 1 0.139359 0.767103 0.152573\n0.336925 -0.378773 -0.311134 -0.263019 0.254977 -0.930488 0.96426 0.0374824 -0.262294 -0.0320019 -0.96622 -0.255722 0.189268 0.196284 0.824441\n0.348051 -0.38122 0.452737 1 0 0 0 1 0 0 0 1 0.139342 0.763732 0.152574\n-0.353804 -0.379332 -0.305186 0.065161 0.223501 -0.972523 0.997647 0.00622433 0.0682748 0.0213128 -0.974684 -0.222569 0.177507 0.163222 0.821767\nC 16\n0 1\n0 6\n0 4\n0 3\n0 8\n0 2\n1 3\n1 4\n2 7\n2 6\n2 8\n2 4\n2 3\n2 5\n3 6\n4 8\nS 3\n2\n3 0.366329 0.45066 -0.269711\n4 -0.368835 0.45052 -0.272886\n2\n-0.00125328 0.45059 -0.271298\n-0.999991 -0.000189204 -0.0043184\n2\n5 -0.354625 -0.379534 0.452738\n7 0.348051 -0.38122 0.452737\n2\n-0.00328675 -0.380377 0.452737\n0.999997 -0.00239868 -7.11564e-07\n2\n6 0.336925 -0.378773 -0.311134\n8 -0.353804 -0.379332 -0.305186\n2\n-0.00843972 -0.379052 -0.30816\n-0.999963 -0.000809401 0.00861045\nL 9\n0\n0\n1\n0\n0\n2\n2\n2\n2"
}