{
    "boxes": [
        [
            -0.007274500094354153,
            -0.08417549729347229,
            0.11624599993228912,
            0.19026899337768555,
            1.0120699405670166,
            0.8981750011444092,
            0.0,
            1.0,
            0.0,
            0.0,
            0.0,
            1.0
        ],
        [
            -0.3962379992008209,
            -0.4500420093536377,
            0.5499860048294067,
            0.5958510041236877,
            0.08038099855184555,
            0.08191700279712677,
            0.0,
            1.0,
            0.0,
            0.0,
            0.0,
            1.0
        ],
        [
            -0.09353529661893845,
            -0.234375,
            0.14720499515533447,
            0.039827801287174225,
            1.0130800008773804,
            0.07902219891548157,
            0.026657400652766228,
            0.9993929862976074,
            0.022414499893784523,
            -0.6293290257453918,
            -0.0006432509981095791,
            0.7771390080451965
        ],
        [
            -0.2773039937019348,
            -0.44743600487709045,
            -0.2841460108757019,
            0.6093379855155945,
            0.09117630124092102,
            0.10099700093269348,
            0.0968158021569252,
            0.9899659752845764,
            0.10292299836874008,
            -0.29091399908065796,
            -0.07074680179357529,
            0.9541299939155579
        ],
        [
            -0.00735800014808774,
            0.27013999223709106,
            -0.08419450372457504,
            0.8780019879341125,
            0.755096971988678,
            0.898006021976471,
            0.0,
            1.0,
            0.0,
            0.0,
            0.0,
            1.0
        ]
    ],
    "ops": [
        [
            0,
            0,
            0,
            0,
            1,
            1,
            2,
            1,
            0,
            1
        ]
    ],
    "syms": [
        [
            0.0,
            0.9998559951782227,
            0.008896060287952423,
            0.0144507996737957,
            -0.005952250212430954,
            -0.4465689957141876,
            0.5556269884109497,
            0.0
        ]
    ],
    "labels:": [
        [
            1,
            2,
            2,
            2,
            0
        ]
    ],
    "obj": 41200,
    "mat_index": 4086,
    "obbs": "N 8\n-0.007358 0.27014 -0.0841945 1 0 0 0 1 0 0 0 1 0.898006 0.878002 0.755097\n0.0796269 -0.234035 0.146567 -0.62936 0.00227595 -0.77711 -0.0350269 0.998896 0.0312928 0.776324 0.0469142 -0.628586 1.01346 0.040568 0.0771356\n-0.0935353 -0.234375 0.147205 0.629329 0.000643251 -0.777139 0.0266574 0.999393 0.0224145 0.776682 -0.0348226 0.62893 1.01308 0.0398278 0.0790222\n-0.0072745 -0.0841755 0.116246 1 0 0 0 1 0 0 0 1 0.898175 0.190269 1.01207\n-0.277304 -0.447436 -0.284146 0.0968158 0.989966 0.102923 -0.290914 -0.0707468 0.95413 0.951838 -0.122317 0.281146 0.609338 0.0911763 0.100997\n0.266861 -0.45038 -0.277113 0.982209 0.0873115 -0.166258 0.172792 -0.073495 0.982213 0.0735394 -0.993466 -0.0872742 0.107659 0.086101 0.603539\n0.384333 -0.443097 0.561268 1 0 0 0 1 0 0 0 1 0.08716 0.609757 0.084828\n-0.396238 -0.450042 0.549986 1 0 0 0 1 0 0 0 1 0.081917 0.595851 0.080381\nC 18\n0 1\n0 7\n0 6\n0 5\n0 4\n0 3\n0 2\n1 2\n1 3\n1 4\n1 6\n2 7\n2 5\n2 3\n3 6\n3 7\n3 4\n3 5\nS 3\n2\n1 0.0796269 -0.234035 0.146567\n2 -0.0935353 -0.234375 0.147205\n2\n-0.00695418 -0.234205 0.146886\n-0.999991 -0.00196316 0.0036848\n2\n4 -0.277304 -0.447436 -0.284146\n5 0.266861 -0.45038 -0.277113\n2\n-0.00522151 -0.448908 -0.28063\n0.999902 -0.00540992 0.0129226\n2\n6 0.384333 -0.443097 0.561268\n7 -0.396238 -0.450042 0.549986\n2\n-0.00595225 -0.446569 0.555627\n-0.999856 -0.00889606 -0.0144508\nL 8\n0\n2\n2\n1\n2\n2\n2\n2"
}