{
    "boxes": [
        [
            0.017432600259780884,
            -0.13591399788856506,
            0.12573499977588654,
            0.15636099874973297,
            0.5490059852600098,
            0.814857006072998,
            0.011604899540543556,
            0.9975990056991577,
            -0.06827159970998764,
            0.0003966180083807558,
            0.06827159970998764,
            0.9976670145988464
        ],
        [
            -0.3549109995365143,
            -0.4916430115699768,
            -0.1859389990568161,
            0.5850080251693726,
            0.04419250041246414,
            0.04358329996466637,
            -0.010839300230145454,
            0.9597809910774231,
            0.28053900599479675,
            0.18767599761486053,
            -0.2736169993877411,
            0.9433509707450867
        ],
        [
            -0.35127198696136475,
            -0.47515198588371277,
            0.4432240128517151,
            0.6267920136451721,
            0.03810089826583862,
            0.055882301181554794,
            -0.01634109951555729,
            0.9477009773254395,
            -0.3187420070171356,
            -0.23808400332927704,
            0.30592700839042664,
            0.9218050241470337
        ],
        [
            0.017687100917100906,
            0.22649599611759186,
            -0.16221700608730316,
            0.6610789895057678,
            0.1446480005979538,
            0.7985050082206726,
            -0.000950500019825995,
            0.9702469706535339,
            -0.2421170026063919,
            -0.001216839998960495,
            0.24211600422859192,
            0.9702469706535339
        ]
    ],
    "ops": [
        [
            0,
            0,
            0,
            1,
            2,
            1,
            0,
            1
        ]
    ],
    "syms": [
        [
            0.0,
            0.9999600052833557,
            0.00567618990316987,
            0.0068797701969742775,
            0.015971500426530838,
            -0.4895380139350891,
            -0.18338699638843536,
            0.0
        ]
    ],
    "labels:": [
        [
            1,
            2,
            2,
            0
        ]
    ],
    "obj": 41207,
    "mat_index": 4092,
    "obbs": "N 6\n0.0176871 0.226496 -0.162217 -0.0009505 0.970247 -0.242117 -0.00121684 0.242116 0.970247 0.999999 0.00121684 0.0009505 0.661079 0.144648 0.798505\n0.0174326 -0.135914 0.125735 0.999933 -0.0116049 0.000396618 0.0116049 0.997599 -0.0682716 0.000396618 0.0682716 0.997667 0.814857 0.156361 0.549006\n0.386854 -0.487432 -0.180836 0.99961 -0.016776 -0.022304 0.016776 -0.277495 0.96058 -0.022304 -0.96058 -0.277106 0.0557533 0.0541592 0.595975\n-0.354911 -0.491643 -0.185939 0.982171 0.0628758 -0.177162 0.187676 -0.273617 0.943351 0.0108393 -0.959781 -0.280539 0.0435833 0.0441925 0.585008\n-0.351272 -0.475152 0.443224 -0.971107 -0.0909506 -0.220633 -0.238084 0.305927 0.921805 -0.0163411 0.947701 -0.318742 0.0558823 0.0381009 0.626792\n0.389053 -0.471564 0.44886 -0.00515774 0.948722 -0.31607 -0.0796712 0.31468 0.945848 0.996808 0.0300602 0.0739628 0.630895 0.0495791 0.0524594\nC 7\n0 1\n0 3\n0 2\n1 2\n1 3\n1 4\n1 5\nS 2\n2\n2 0.386854 -0.487432 -0.180836\n3 -0.354911 -0.491643 -0.185939\n2\n0.0159715 -0.489538 -0.183387\n-0.99996 -0.00567619 -0.00687977\n2\n4 -0.351272 -0.475152 0.443224\n5 0.389053 -0.471564 0.44886\n2\n0.0188907 -0.473358 0.446042\n0.999959 0.00484523 0.00761192\nL 6\n0\n1\n2\n2\n2\n2"
}