{
    "boxes": [
        [
            0.01767049916088581,
            -0.21160000562667847,
            0.2167540043592453,
            0.3384549915790558,
            1.0036200284957886,
            1.0530099868774414,
            0.0,
            1.0,
            0.0,
            0.0,
            0.0,
            1.0
        ],
        [
            0.6586459875106812,
            -0.048119399696588516,
            0.29669201374053955,
            0.8009529709815979,
            0.3291980028152466,
            0.2213830053806305,
            0.42068299651145935,
            0.8845459818840027,
            0.20150400698184967,
            -0.25832200050354004,
            -0.0961252972483635,
            0.9612650275230408
        ],
        [
            -0.6162340044975281,
            -0.047044798731803894,
            0.4163219928741455,
            0.8293269872665405,
            0.3195570111274719,
            0.1948859989643097,
            -0.3810440003871918,
            0.8896369934082031,
            0.2516990005970001,
            0.10970699787139893,
            -0.22680699825286865,
            0.9677410125732422
        ],
        [
            -0.31332799792289734,
            -0.40412700176239014,
            0.42366498708724976,
            0.4097970128059387,
            0.04955429956316948,
            0.047430798411369324,
            0.2202949970960617,
            0.9119589924812317,
            -0.34612199664115906,
            -0.20285800099372864,
            0.38991400599479675,
            0.8982290029525757
        ],
        [
            -0.3575670123100281,
            -0.5866100192070007,
            0.49410301446914673,
            0.02143999934196472,
            0.09250699728727341,
            0.09250699728727341,
            0.0,
            1.0,
            0.0,
            0.0,
            0.0,
            1.0
        ],
        [
            -0.31332799792289734,
            -0.40412598848342896,
            -0.12119899690151215,
            0.4096300005912781,
            0.04808880016207695,
            0.047410998493433,
            0.2195660024881363,
            0.9133570194244385,
            0.34288400411605835,
            0.20693199336528778,
            -0.38706400990486145,
            0.898531973361969
        ],
        [
            -0.3575640022754669,
            -0.5866680145263672,
            -0.1913370043039322,
            0.022019600495696068,
            0.0909562036395073,
            0.09095750004053116,
            0.0003036480047740042,
            0.9999719858169556,
            -0.007511930074542761,
            -0.20791099965572357,
            0.007410909980535507,
            0.9781200289726257
        ],
        [
            0.0073334998451173306,
            0.12912499904632568,
            -0.17684799432754517,
            1.044600009918213,
            1.1353600025177002,
            1.8012800216674805,
            0.0,
            1.0,
            0.0,
            0.0,
            0.0,
            1.0
        ]
    ],
    "ops": [
        [
            0,
            0,
            0,
            1,
            1,
            0,
            0,
            1,
            0,
            0,
            1,
            1,
            2,
            1,
            0,
            1
        ]
    ],
    "syms": [
        [
            0.0,
            1.0,
            -2.085199923840264e-08,
            1.1042200043220873e-07,
            0.039243899285793304,
            -0.40412700176239014,
            0.42366498708724976,
            0.0
        ]
    ],
    "labels:": [
        [
            1,
            3,
            3,
            2,
            2,
            2,
            2,
            0
        ]
    ],
    "obj": 41240,
    "mat_index": 4114,
    "obbs": "N 12\n0.0073335 0.129125 -0.176848 1 0 0 0 1 0 0 0 1 1.80128 1.0446 1.13536\n0.658646 -0.0481194 0.296692 0.420683 0.884546 0.201504 0.869653 -0.456441 0.188059 0.258322 0.0961253 -0.961265 0.800953 0.221383 0.329198\n-0.616234 -0.0470448 0.416322 0.381044 -0.889637 -0.251699 0.918025 0.396365 -0.0111758 0.109707 -0.226807 0.967741 0.829327 0.194886 0.319557\n0.0176705 -0.2116 0.216754 1 0 0 0 1 0 0 0 1 1.05301 0.338455 1.00362\n0.391816 -0.404127 0.423665 0.225526 -0.906691 0.356441 0.906691 0.0614796 -0.417292 0.356441 0.417292 0.835953 0.410339 0.0476661 0.0545008\n0.391816 -0.404126 -0.121199 0.21142 -0.923401 -0.320362 0.923401 0.0812723 0.375133 -0.320362 -0.375133 0.869853 0.410647 0.0474579 0.0579028\n-0.313328 -0.404127 0.423665 0.220295 0.911959 -0.346122 0.954106 -0.127662 0.270894 0.202858 -0.389914 -0.898229 0.409797 0.0474308 0.0495543\n-0.313328 -0.404126 -0.121199 -0.206932 0.387064 -0.898532 0.953399 -0.126334 -0.273989 -0.219566 -0.913357 -0.342884 0.0480888 0.047411 0.40963\n-0.357567 -0.58661 0.494103 1 0 0 0 1 0 0 0 1 0.092507 0.02144 0.092507\n-0.357564 -0.586668 -0.191337 -0.978148 -0.00126481 -0.207907 0.000303648 0.999972 -0.00751193 0.207911 -0.00741091 -0.97812 0.0909575 0.0220196 0.0909562\n0.435796 -0.586679 -0.191514 0.978126 -0.00723978 -0.207889 0.00605466 0.999962 -0.00633649 0.207927 0.00493919 0.978132 0.0910345 0.022116 0.0913285\n0.435731 -0.58661 0.494103 1 0 0 0 1 0 0 0 1 0.092507 0.02144 0.092507\nC 29\n0 7\n0 3\n0 11\n0 4\n0 5\n0 8\n0 1\n0 6\n0 2\n1 3\n1 11\n1 5\n1 4\n2 8\n2 6\n2 3\n2 7\n3 11\n3 7\n3 10\n3 6\n3 9\n3 5\n3 8\n3 4\n4 11\n5 10\n6 8\n7 9\nS 4\n2\n4 0.391816 -0.404127 0.423665\n6 -0.313328 -0.404127 0.423665\n2\n0.0392439 -0.404127 0.423665\n-1 2.0852e-08 -1.10422e-07\n2\n5 0.391816 -0.404126 -0.121199\n7 -0.313328 -0.404126 -0.121199\n2\n0.0392439 -0.404126 -0.121199\n-1 2.4544e-08 5.32301e-08\n2\n8 -0.357567 -0.58661 0.494103\n11 0.435731 -0.58661 0.494103\n2\n0.039082 -0.58661 0.494103\n1 0 0\n2\n9 -0.357564 -0.586668 -0.191337\n10 0.435796 -0.586679 -0.191514\n2\n0.0391156 -0.586673 -0.191426\n1 -1.38075e-05 -0.000222818\nL 12\n0\n3\n3\n1\n2\n2\n2\n2\n2\n2\n2\n2"
}