{
    "boxes": [
        [
            0.0031854999251663685,
            -0.10403499752283096,
            0.05489899963140488,
            0.18828600645065308,
            1.1092499494552612,
            1.018839955329895,
            0.0,
            1.0,
            0.0,
            0.0,
            0.0,
            1.0
        ],
        [
            -0.47724801301956177,
            0.16294899582862854,
            0.1218860000371933,
            0.7995479702949524,
            0.6112139821052551,
            0.03927500173449516,
            0.0,
            1.0,
            0.0,
            0.0,
            0.0,
            1.0
        ],
        [
            -0.4782629907131195,
            -0.4882790148258209,
            0.36507800221443176,
            0.5835300087928772,
            0.09253039956092834,
            0.04728269949555397,
            0.011136399582028389,
            0.9917320013046265,
            -0.12783899903297424,
            0.0765921026468277,
            0.12662599980831146,
            0.988988995552063
        ],
        [
            0.02625430002808571,
            -0.4785270094871521,
            -0.43693000078201294,
            0.6820229887962341,
            0.04090610146522522,
            0.13422900438308716,
            -0.37916600704193115,
            0.9182069897651672,
            0.11458300054073334,
            0.2700909972190857,
            -0.008615950122475624,
            0.9627959728240967
        ],
        [
            0.014257100410759449,
            -0.4800660014152527,
            -0.45305201411247253,
            0.6780459880828857,
            0.045708298683166504,
            0.12758900225162506,
            0.36623701453208923,
            0.9292460083961487,
            0.04870619997382164,
            -0.09296739846467972,
            -0.015540899708867073,
            0.9955480098724365
        ],
        [
            0.003186000045388937,
            0.4654499888420105,
            -0.33330899477005005,
            0.22430099546909332,
            0.30552300810813904,
            0.9962120056152344,
            0.0,
            1.0,
            0.0,
            0.0,
            0.0,
            1.0
        ],
        [
            0.009600000455975533,
            0.11349999904632568,
            -0.4669930040836334,
            0.5186460018157959,
            0.021376999095082283,
            0.13061200082302094,
            0.0,
            1.0,
            0.0,
            0.0,
            0.0,
            1.0
        ],
        [
            -0.213360995054245,
            0.11372800171375275,
            -0.3988940119743347,
            0.5788360238075256,
            0.022251499816775322,
            0.1261730045080185,
            -0.32315298914909363,
            0.9397259950637817,
            0.1117509976029396,
            0.6573969721794128,
            0.1379700005054474,
            0.740805983543396
        ],
        [
            -0.12512199580669403,
            0.11523500084877014,
            -0.45349401235580444,
            0.5403630137443542,
            0.024959899485111237,
            0.09821649640798569,
            -0.18160100281238556,
            0.9803060293197632,
            0.07760190218687057,
            0.3683469891548157,
            -0.005357559770345688,
            0.9296730160713196
        ]
    ],
    "ops": [
        [
            0,
            0,
            2,
            1,
            0,
            2,
            0,
            0,
            1,
            1,
            1,
            0,
            0,
            1,
            0,
            0,
            1,
            2,
            1,
            1
        ]
    ],
    "syms": [
        [
            0.0,
            0.9998819828033447,
            -0.015359300188720226,
            0.00018730800366029143,
            0.003186000045388937,
            0.15556900203227997,
            0.12197600305080414,
            0.0
        ],
        [
            0.0,
            0.9998430013656616,
            -0.01735920086503029,
            0.0034488800447434187,
            0.002668570028617978,
            -0.496628999710083,
            0.3667370080947876,
            0.0
        ],
        [
            0.0,
            0.9992939829826355,
            0.005640760064125061,
            0.03715280070900917,
            0.015349600464105606,
            0.11501900106668472,
            -0.3903909921646118,
            0.0
        ]
    ],
    "labels:": [
        [
            1,
            3,
            2,
            2,
            2,
            0,
            0,
            0,
            0
        ]
    ],
    "obj": 41246,
    "mat_index": 4117,
    "obbs": "N 13\n0.003186 0.46545 -0.333309 1 0 0 0 1 0 0 0 1 0.996212 0.224301 0.305523\n-0.477248 0.162949 0.121886 1 0 0 0 1 0 0 0 1 0.039275 0.799548 0.611214\n0.483621 0.148189 0.122066 1 0 0 0 1 0 0 0 1 0.039275 0.82874 0.611514\n0.0031855 -0.104035 0.054899 1 0 0 0 1 0 0 0 1 1.01884 0.188286 1.10925\n0.24406 0.11631 -0.381888 -0.681947 0.306037 -0.664296 -0.665032 0.118593 0.737338 0.304434 0.944604 0.122651 0.130771 0.0273811 0.57833\n0.136601 0.115218 -0.447121 0.18543 0.979966 0.0726818 -0.366693 0.000384842 0.930342 0.911675 -0.199166 0.359418 0.540362 0.0233389 0.0990951\n-0.213361 0.113728 -0.398894 -0.323153 0.939726 0.111751 0.657397 0.13797 0.740806 0.680736 0.312858 -0.662358 0.578836 0.0222515 0.126173\n-0.125122 0.115235 -0.453494 0.911779 0.197414 -0.36012 0.368347 -0.00535756 0.929673 0.181601 -0.980306 -0.0776019 0.0982165 0.0249599 0.540363\n0.0096 0.1135 -0.466993 1 0 0 0 1 0 0 0 1 0.130612 0.518646 0.021377\n0.4836 -0.504978 0.368396 0.00798657 -0.148396 -0.988896 0.999967 -0.00037945 0.00813293 -0.00158213 -0.988928 0.148389 0.0915473 0.0401719 0.551372\n-0.478263 -0.488279 0.365078 0.0111364 0.991732 -0.127839 0.997 -0.0208053 -0.0745487 -0.0765921 -0.126626 -0.988989 0.58353 0.0472827 0.0925304\n0.0262543 -0.478527 -0.43693 -0.379166 0.918207 0.114583 0.270091 -0.00861595 0.962796 0.885033 0.396008 -0.244732 0.682023 0.0409061 0.134229\n0.0142571 -0.480066 -0.453052 0.366237 0.929246 0.0487062 -0.0929674 -0.0155409 0.995548 0.925866 -0.369135 0.0806979 0.678046 0.0457083 0.127589\nC 43\n0 2\n0 7\n0 4\n0 5\n0 8\n0 1\n0 6\n1 3\n1 6\n1 10\n2 9\n2 3\n2 4\n3 11\n3 7\n3 10\n3 6\n3 9\n3 5\n3 12\n3 8\n3 4\n4 7\n4 8\n4 12\n4 5\n4 11\n4 6\n5 6\n5 8\n5 12\n5 11\n5 7\n6 7\n6 11\n6 12\n6 8\n7 12\n7 11\n7 8\n8 11\n8 12\n11 12\nS 4\n2\n1 -0.477248 0.162949 0.121886\n2 0.483621 0.148189 0.122066\n2\n0.003186 0.155569 0.121976\n0.999882 -0.0153593 0.000187308\n2\n6 -0.213361 0.113728 -0.398894\n4 0.24406 0.11631 -0.381888\n2\n0.0153496 0.115019 -0.390391\n0.999294 0.00564076 0.0371528\n2\n7 -0.125122 0.115235 -0.453494\n5 0.136601 0.115218 -0.447121\n2\n0.00573972 0.115226 -0.450307\n0.999704 -6.68652e-05 0.0243438\n2\n9 0.4836 -0.504978 0.368396\n10 -0.478263 -0.488279 0.365078\n2\n0.00266857 -0.496629 0.366737\n-0.999843 0.0173592 -0.00344888\nL 13\n0\n3\n3\n1\n0\n0\n0\n0\n0\n2\n2\n2\n2"
}