{
    "boxes": [
        [
            0.0031419999431818724,
            -0.11641799658536911,
            0.11869200319051743,
            0.18422800302505493,
            0.819707989692688,
            0.777899980545044,
            0.0,
            1.0,
            0.0,
            0.0,
            0.0,
            1.0
        ],
        [
            -0.28196099400520325,
            -0.42339399456977844,
            -0.22112099826335907,
            0.7840700149536133,
            0.07875499874353409,
            0.05042300000786781,
            0.0,
            1.0,
            0.0,
            0.0,
            0.0,
            1.0
        ],
        [
            0.3380089998245239,
            -0.48619401454925537,
            0.4203299880027771,
            0.673121988773346,
            0.06946419924497604,
            0.15437999367713928,
            -0.023375999182462692,
            0.9997040033340454,
            -0.006783689837902784,
            -0.42856600880622864,
            -0.0038902501109987497,
            0.9035019874572754
        ],
        [
            -0.32831600308418274,
            -0.48165398836135864,
            0.4046739935874939,
            0.671209990978241,
            0.06605470180511475,
            0.14694799482822418,
            -0.008715620264410973,
            0.9999020099639893,
            0.010981500148773193,
            0.6972050070762634,
            -0.0017958700191229582,
            0.7168689966201782
        ],
        [
            -0.0036171600222587585,
            0.39100199937820435,
            -0.2604660093784332,
            0.7248650193214417,
            0.08073650300502777,
            0.5672240257263184,
            0.004558790009468794,
            0.9915779829025269,
            -0.12942899763584137,
            0.0051924497820436954,
            0.12940500676631927,
            0.9915779829025269
        ],
        [
            -0.006865059956908226,
            0.37627899646759033,
            -0.26016199588775635,
            0.9055969715118408,
            0.07748299837112427,
            0.6597679853439331,
            0.004920459818094969,
            0.9906740188598633,
            -0.13616299629211426,
            0.005642930045723915,
            0.13613499701023102,
            0.9906740188598633
        ]
    ],
    "ops": [
        [
            0,
            0,
            2,
            0,
            0,
            1,
            1,
            1,
            0,
            0,
            1,
            1
        ]
    ],
    "syms": [
        [
            0.0,
            0.9999970197677612,
            -0.0025065098889172077,
            0.00035244898754172027,
            -0.015256999991834164,
            -0.4240629971027374,
            -0.22102700173854828,
            0.0
        ]
    ],
    "labels:": [
        [
            1,
            2,
            2,
            2,
            0,
            0
        ]
    ],
    "obj": 41257,
    "mat_index": 4124,
    "obbs": "N 7\n-0.00361716 0.391002 -0.260466 0.999976 -0.00519245 -0.00455879 0.00519245 0.129405 0.991578 -0.00455879 -0.991578 0.129429 0.567224 0.0807365 0.724865\n0.003142 -0.116418 0.118692 1 0 0 0 1 0 0 0 1 0.7779 0.184228 0.819708\n-0.281961 -0.423394 -0.221121 1 0 0 0 1 0 0 0 1 0.050423 0.78407 0.078755\n0.251447 -0.424731 -0.220934 1 0 0 0 1 0 0 0 1 0.050423 0.78353 0.078755\n0.338009 -0.486194 0.42033 -0.023376 0.999704 -0.00678369 -0.428566 -0.00389025 0.903502 0.903208 0.0240275 0.42853 0.673122 0.0694642 0.15438\n-0.328316 -0.481654 0.404674 0.716818 0.0139043 -0.697121 0.697205 -0.00179587 0.716869 0.00871562 -0.999902 -0.0109815 0.146948 0.0660547 0.67121\n-0.00686506 0.376279 -0.260162 0.999972 -0.00564293 -0.00492046 0.00564293 0.136135 0.990674 -0.00492046 -0.990674 0.136163 0.659768 0.077483 0.905597\nC 11\n0 1\n0 6\n0 3\n0 2\n1 2\n1 3\n1 4\n1 5\n1 6\n2 6\n3 6\nS 1\n2\n2 -0.281961 -0.423394 -0.221121\n3 0.251447 -0.424731 -0.220934\n2\n-0.015257 -0.424063 -0.221027\n0.999997 -0.00250651 0.000352449\nL 7\n0\n1\n2\n2\n2\n2\n0"
}