{
    "boxes": [
        [
            -0.020626500248908997,
            -0.198513001203537,
            0.08385699987411499,
            0.2854959964752197,
            1.014140009880066,
            0.986100971698761,
            0.0,
            1.0,
            0.0,
            0.0,
            0.0,
            1.0
        ],
        [
            -0.3929240107536316,
            0.10264000296592712,
            0.23767299950122833,
            0.7817739844322205,
            0.6914330124855042,
            0.2620899975299835,
            0.0,
            1.0,
            0.0,
            0.0,
            0.0,
            1.0
        ],
        [
            -0.48261499404907227,
            -0.5218380093574524,
            0.5303490161895752,
            0.3994700014591217,
            0.04843369871377945,
            0.06867030262947083,
            0.014761400409042835,
            0.9998260140419006,
            -0.011401300318539143,
            0.5159580111503601,
            0.0021505500189960003,
            0.8566110134124756
        ],
        [
            0.43974798917770386,
            -0.5012930035591125,
            0.531807005405426,
            0.4472230076789856,
            0.05488000065088272,
            0.059668999165296555,
            0.0,
            1.0,
            0.0,
            0.0,
            0.0,
            1.0
        ],
        [
            -0.2621519863605499,
            -0.6948959827423096,
            0.30163198709487915,
            0.07243599742650986,
            0.6611610054969788,
            0.08759959787130356,
            -0.18158599734306335,
            0.9649509787559509,
            -0.18946099281311035,
            -0.7076209783554077,
            0.0055685401894152164,
            0.706570029258728
        ],
        [
            -0.4804289937019348,
            -0.5136479735374451,
            -0.3871249854564667,
            0.4221859872341156,
            0.06558000296354294,
            0.059702999889850616,
            0.0,
            1.0,
            0.0,
            0.0,
            0.0,
            1.0
        ],
        [
            0.21595999598503113,
            -0.6945059895515442,
            -0.16056500375270844,
            0.07205919921398163,
            0.10845399647951126,
            0.672976016998291,
            -0.2800920009613037,
            0.9223350286483765,
            -0.266169011592865,
            0.6130020022392273,
            0.3852199912071228,
            0.6898069977760315
        ],
        [
            -0.2532329857349396,
            -0.6971790194511414,
            -0.16305799782276154,
            0.07673270255327225,
            0.6714230179786682,
            0.08016519993543625,
            -0.2907490134239197,
            0.9191910028457642,
            0.2656179964542389,
            0.7044150233268738,
            0.01777059957385063,
            0.7095659971237183
        ],
        [
            -0.020620500668883324,
            0.09163449704647064,
            -0.21853800117969513,
            0.8037850260734558,
            0.42747199535369873,
            1.006700038909912,
            0.0,
            1.0,
            0.0,
            0.0,
            0.0,
            1.0
        ]
    ],
    "ops": [
        [
            0,
            0,
            2,
            1,
            0,
            0,
            0,
            2,
            1,
            1,
            0,
            2,
            0,
            0,
            1,
            1,
            1,
            1,
            0,
            1
        ]
    ],
    "syms": [
        [
            0.0,
            0.9999880194664001,
            0.0049611302092671394,
            0.00027376500656828284,
            0.004309500101953745,
            0.10461100190877914,
            0.23778100311756134,
            0.0
        ],
        [
            0.0,
            0.9999309778213501,
            -0.009840450249612331,
            -0.006366940215229988,
            -0.02609650045633316,
            -0.6972190141677856,
            0.3001289963722229,
            0.0
        ],
        [
            0.0,
            0.9998980164527893,
            0.013585999608039856,
            -0.004466460086405277,
            -0.02099600061774254,
            -0.5074049830436707,
            -0.38917699456214905,
            0.0
        ]
    ],
    "labels:": [
        [
            1,
            3,
            2,
            2,
            2,
            2,
            2,
            2,
            0
        ]
    ],
    "obj": 41270,
    "mat_index": 4131,
    "obbs": "N 12\n-0.0206205 0.0916345 -0.218538 1 0 0 0 1 0 0 0 1 1.0067 0.803785 0.427472\n0.401543 0.106581 0.23789 1 0 0 0 1 0 0 0 1 0.162368 0.773887 0.691856\n-0.392924 0.10264 0.237673 1 0 0 0 1 0 0 0 1 0.26209 0.781774 0.691433\n-0.0206265 -0.198513 0.083857 1 0 0 0 1 0 0 0 1 0.986101 0.285496 1.01414\n0.439748 -0.501293 0.531807 1 0 0 0 1 0 0 0 1 0.059669 0.447223 0.05488\n0.438437 -0.501163 -0.39123 1 0 0 0 1 0 0 0 1 0.064295 0.4442 0.057287\n-0.480429 -0.513648 -0.387125 1 0 0 0 1 0 0 0 1 0.059703 0.422186 0.06558\n-0.482615 -0.521838 0.530349 0.856487 -0.0185274 -0.515837 0.515958 0.00215055 0.856611 -0.0147614 -0.999826 0.0114013 0.0686703 0.0484337 0.39947\n0.21596 -0.694506 -0.160565 -0.613002 -0.38522 -0.689807 -0.280092 0.922335 -0.266169 0.738767 0.0300471 -0.673291 0.108454 0.0720592 0.672976\n0.209959 -0.699542 0.298626 -0.718312 -0.0365347 -0.694761 -0.69565 0.023457 0.717998 -0.00993485 0.999057 -0.0422648 0.670247 0.0724863 0.0754195\n-0.253233 -0.697179 -0.163058 0.647507 0.393411 -0.652658 -0.290749 0.919191 0.265618 0.704415 0.0177706 0.709566 0.0801652 0.0767327 0.671423\n-0.262152 -0.694896 0.301632 0.707621 -0.00556854 -0.70657 -0.181586 0.964951 -0.189461 0.68286 0.26237 0.681809 0.661161 0.072436 0.0875996\nC 23\n0 3\n0 5\n0 1\n0 6\n0 2\n1 3\n1 4\n2 3\n2 7\n3 7\n3 6\n3 5\n3 4\n4 9\n5 8\n6 10\n7 11\n8 9\n8 10\n8 11\n9 11\n9 10\n10 11\nS 3\n2\n1 0.401543 0.106581 0.23789\n2 -0.392924 0.10264 0.237673\n2\n0.0043095 0.104611 0.237781\n-0.999988 -0.00496113 -0.000273765\n2\n5 0.438437 -0.501163 -0.39123\n6 -0.480429 -0.513648 -0.387125\n2\n-0.020996 -0.507405 -0.389177\n-0.999898 -0.013586 0.00446646\n2\n9 0.209959 -0.699542 0.298626\n11 -0.262152 -0.694896 0.301632\n2\n-0.0260965 -0.697219 0.300129\n-0.999931 0.00984045 0.00636694\nL 12\n0\n3\n3\n1\n2\n2\n2\n2\n2\n2\n2\n2"
}