{
    "boxes": [
        [
            0.0045540002174675465,
            -0.12413299828767776,
            -0.011872000060975552,
            0.14516900479793549,
            0.9875460267066956,
            1.0823099613189697,
            0.0,
            1.0,
            0.0,
            0.0,
            0.0,
            1.0
        ],
        [
            -0.4932360053062439,
            0.4395830035209656,
            0.1248520016670227,
            0.10475099831819534,
            0.7253640294075012,
            0.11910299956798553,
            0.3531700074672699,
            0.9237110018730164,
            0.1484220027923584,
            0.02109619975090027,
            -0.16646799445152283,
            0.985821008682251
        ],
        [
            -0.5052779912948608,
            0.20264899730682373,
            -0.1559170037508011,
            0.5083940029144287,
            0.05925299972295761,
            0.06281600147485733,
            0.0,
            1.0,
            0.0,
            0.0,
            0.0,
            1.0
        ],
        [
            0.49977201223373413,
            0.43928098678588867,
            0.13070499897003174,
            0.1063079982995987,
            0.7143790125846863,
            0.12838099896907806,
            0.5837810039520264,
            0.8059499859809875,
            0.09820540249347687,
            -0.011110300198197365,
            -0.11301500350236893,
            0.9935309886932373
        ],
        [
            0.5040820240974426,
            0.1596679985523224,
            0.3844580054283142,
            0.42243099212646484,
            0.1080550029873848,
            0.08325599879026413,
            0.0,
            1.0,
            0.0,
            0.0,
            0.0,
            1.0
        ],
        [
            0.5143010020256042,
            0.20264899730682373,
            -0.1559170037508011,
            0.5083940029144287,
            0.05925299972295761,
            0.06281699985265732,
            0.0,
            1.0,
            0.0,
            0.0,
            0.0,
            1.0
        ],
        [
            0.5143010020256042,
            0.19297100603580475,
            -0.017661500722169876,
            0.48903799057006836,
            0.05925299972295761,
            0.06281699985265732,
            0.0,
            1.0,
            0.0,
            0.0,
            0.0,
            1.0
        ],
        [
            0.5143010020256042,
            0.18813200294971466,
            0.12059500068426132,
            0.47936001420021057,
            0.05925200134515762,
            0.06281699985265732,
            0.0,
            1.0,
            0.0,
            0.0,
            0.0,
            1.0
        ],
        [
            0.5143010020256042,
            0.1736149936914444,
            0.2588520050048828,
            0.45032599568367004,
            0.05925299972295761,
            0.06281699985265732,
            0.0,
            1.0,
            0.0,
            0.0,
            0.0,
            1.0
        ],
        [
            -0.4402180016040802,
            -0.44694599509239197,
            0.4532780051231384,
            0.5209900140762329,
            0.17178300023078918,
            0.10449499636888504,
            0.00044885699753649533,
            0.9946650266647339,
            -0.10315699875354767,
            -0.0013395299902185798,
            0.10315699875354767,
            0.9946640133857727
        ],
        [
            -0.4290870130062103,
            -0.39956599473953247,
            -0.31570300459861755,
            0.6125159859657288,
            0.10721900314092636,
            0.13276399672031403,
            0.05327349901199341,
            0.9947609901428223,
            0.0872483029961586,
            -0.5806999802589417,
            -0.0402183011174202,
            0.8131229877471924
        ],
        [
            0.4417699873447418,
            -0.3996819853782654,
            -0.3152630031108856,
            0.6125100255012512,
            0.1433590054512024,
            0.12623199820518494,
            -0.0785830020904541,
            0.9931859970092773,
            0.0860648974776268,
            -0.348021000623703,
            -0.10823100060224533,
            0.9312180280685425
        ],
        [
            -0.2822459936141968,
            0.23174700140953064,
            -0.40816399455070496,
            0.5673059821128845,
            0.07212849706411362,
            0.07683079689741135,
            -0.008050070144236088,
            0.9999250173568726,
            0.009238019585609436,
            0.09567269682884216,
            -0.008425779640674591,
            0.9953770041465759
        ],
        [
            0.14503400027751923,
            0.23168200254440308,
            -0.4580399990081787,
            0.5664610266685486,
            0.06638400256633759,
            0.06963200122117996,
            0.0,
            1.0,
            0.0,
            0.0,
            0.0,
            1.0
        ],
        [
            -0.4451639950275421,
            0.20850299298763275,
            -0.32346200942993164,
            0.5214449763298035,
            0.07863199710845947,
            0.07392919808626175,
            0.015604900196194649,
            0.9996809959411621,
            -0.019857600331306458,
            -0.5231999754905701,
            0.025087999179959297,
            0.8518400192260742
        ],
        [
            0.0019995300099253654,
            0.5089060068130493,
            -0.3414370119571686,
            0.08820109814405441,
            0.34248998761177063,
            1.0600299835205078,
            -0.007239399943500757,
            0.989022970199585,
            0.14758199453353882,
            0.05287100002169609,
            -0.1470009982585907,
            0.9877219796180725
        ],
        [
            0.0045540002174675465,
            0.23168200254440308,
            -0.4759199917316437,
            0.5664610266685486,
            0.05960699915885925,
            0.062442000955343246,
            0.0,
            1.0,
            0.0,
            0.0,
            0.0,
            1.0
        ]
    ],
    "ops": [
        [
            0,
            0,
            0,
            1,
            0,
            0,
            1,
            0,
            0,
            1,
            0,
            0,
            1,
            1,
            2,
            1,
            1,
            1,
            0,
            2,
            0,
            0,
            1,
            1,
            1,
            0,
            0,
            1,
            2,
            0,
            2,
            0,
            0,
            1,
            1,
            1,
            1
        ]
    ],
    "syms": [
        [
            0.0,
            0.9908869862556458,
            0.009405650198459625,
            -0.1343650072813034,
            0.004511749837547541,
            0.19780999422073364,
            -0.08678950369358063,
            0.0
        ],
        [
            0.0,
            1.0,
            9.27224027691409e-05,
            0.00047397500020451844,
            0.004554030019789934,
            -0.4469049870967865,
            0.4534890055656433,
            0.0
        ],
        [
            0.0,
            0.9999970197677612,
            2.4147699150489643e-05,
            -0.0023365900851786137,
            0.0035659100394695997,
            0.23175400495529175,
            -0.40883201360702515,
            0.0
        ],
        [
            0.0,
            0.9999529719352722,
            0.009657099843025208,
            -0.00035593300708569586,
            0.004646989982575178,
            0.21284699440002441,
            -0.3236219882965088,
            0.0
        ]
    ],
    "labels:": [
        [
            1,
            3,
            3,
            3,
            3,
            3,
            3,
            3,
            3,
            2,
            2,
            2,
            0,
            0,
            0,
            0,
            0
        ]
    ],
    "obj": 41301,
    "mat_index": 4145,
    "obbs": "N 25\n0.00199953 0.508906 -0.341437 0.998575 0.0149533 -0.0512264 -0.0072394 0.989023 0.147582 0.052871 -0.147001 0.987722 1.06003 0.0882011 0.34249\n0.004554 -0.124133 -0.011872 1 0 0 0 1 0 0 0 1 1.08231 0.145169 0.987546\n-0.282246 0.231747 -0.408164 0.99538 0.00889669 -0.0955977 0.0956727 -0.00842578 0.995377 0.00805007 -0.999925 -0.00923802 0.0768308 0.0721285 0.567306\n-0.139353 0.231682 -0.454105 1 0 0 0 1 0 0 0 1 0.069631 0.566461 0.066385\n0.004554 0.231682 -0.47592 1 0 0 0 1 0 0 0 1 0.062442 0.566461 0.059607\n0.145034 0.231682 -0.45804 1 0 0 0 1 0 0 0 1 0.069632 0.566461 0.066384\n0.289378 0.231761 -0.4095 -0.00254066 0.999963 0.00821081 -0.208659 -0.00856022 0.977951 0.977985 0.000771387 0.208673 0.566784 0.0661974 0.0682713\n0.499772 0.439281 0.130705 0.0111103 0.113015 -0.993531 0.811835 -0.581096 -0.0570215 -0.583781 -0.80595 -0.0982054 0.714379 0.128381 0.106308\n-0.493236 0.439583 0.124852 -0.35317 -0.923711 -0.148422 0.935321 -0.345031 -0.0782783 0.0210962 -0.166468 0.985821 0.104751 0.119103 0.725364\n0.514301 0.202649 -0.155917 1 0 0 0 1 0 0 0 1 0.062817 0.508394 0.059253\n0.514301 0.192971 -0.0176615 1 0 0 0 1 0 0 0 1 0.062817 0.489038 0.059253\n0.514301 0.188132 0.120595 1 0 0 0 1 0 0 0 1 0.062817 0.47936 0.059252\n0.514301 0.173615 0.258852 1 0 0 0 1 0 0 0 1 0.062817 0.450326 0.059253\n0.504082 0.159668 0.384458 1 0 0 0 1 0 0 0 1 0.083256 0.422431 0.108055\n-0.494974 0.159668 0.384458 1 0 0 0 1 0 0 0 1 0.083256 0.422431 0.108055\n-0.505278 0.173615 0.258852 1 0 0 0 1 0 0 0 1 0.062816 0.450326 0.059253\n-0.505278 0.188132 0.120595 1 0 0 0 1 0 0 0 1 0.062816 0.47936 0.059252\n-0.505278 0.192971 -0.0176615 1 0 0 0 1 0 0 0 1 0.062816 0.489038 0.059253\n-0.505278 0.202649 -0.155917 1 0 0 0 1 0 0 0 1 0.062816 0.508394 0.059253\n-0.429087 -0.399566 -0.315703 0.0532735 0.994761 0.0872483 0.812372 -0.093983 0.575516 0.5807 0.0402183 -0.813123 0.612516 0.132764 0.107219\n0.44177 -0.399682 -0.315263 -0.934187 -0.0432255 -0.354155 -0.348021 -0.108231 0.931218 -0.078583 0.993186 0.0860649 0.126232 0.143359 0.61251\n0.449326 -0.446864 0.4537 -0.000452572 0.994377 -0.105899 0.999999 0.000308293 -0.00137879 -0.00133838 -0.1059 -0.994376 0.521387 0.104496 0.171202\n-0.440218 -0.446946 0.453278 0.000448857 0.994665 -0.103157 0.999999 -0.00030828 0.00137869 0.00133953 -0.103157 -0.994664 0.52099 0.104495 0.171783\n-0.445164 0.208503 -0.323462 0.5232 -0.025088 -0.85184 0.852067 -0.00290337 0.523425 -0.0156049 -0.999681 0.0198576 0.078632 0.0739292 0.521445\n0.454458 0.217191 -0.323783 -0.366761 -0.00906714 -0.930271 0.930281 0.00501717 -0.366814 0.00799328 -0.999946 0.00659489 0.0789032 0.0820249 0.538094\nC 95\n0 7\n0 10\n0 17\n0 4\n0 24\n0 18\n0 5\n0 8\n0 2\n0 6\n0 9\n0 16\n0 3\n0 23\n1 17\n1 6\n1 11\n1 12\n1 21\n1 15\n1 16\n1 5\n1 10\n1 19\n1 3\n1 20\n1 14\n1 23\n1 4\n1 9\n1 18\n1 2\n1 24\n1 13\n1 22\n2 18\n2 23\n2 8\n2 19\n2 3\n2 4\n3 23\n3 5\n3 4\n3 19\n4 5\n4 6\n5 24\n5 20\n5 6\n6 7\n6 20\n6 24\n7 12\n7 24\n7 11\n7 13\n7 10\n7 9\n8 15\n8 18\n8 16\n8 23\n8 14\n8 17\n9 20\n9 11\n9 24\n9 10\n10 24\n10 20\n10 11\n10 12\n11 21\n11 13\n11 12\n12 13\n12 21\n13 21\n14 15\n14 22\n14 16\n15 16\n15 22\n15 17\n16 22\n16 17\n16 18\n17 23\n17 18\n17 19\n18 19\n18 23\n19 23\n20 24\nS 8\n2\n2 -0.282246 0.231747 -0.408164\n6 0.289378 0.231761 -0.4095\n2\n0.00356591 0.231754 -0.408832\n0.999997 2.41477e-05 -0.00233659\n2\n3 -0.139353 0.231682 -0.454105\n5 0.145034 0.231682 -0.45804\n2\n0.00284025 0.231682 -0.456073\n0.999904 0 -0.0138337\n2\n9 0.514301 0.202649 -0.155917\n17 -0.505278 0.192971 -0.0176615\n2\n0.00451175 0.19781 -0.0867895\n-0.990887 -0.00940565 0.134365\n2\n10 0.514301 0.192971 -0.0176615\n16 -0.505278 0.188132 0.120595\n2\n0.00451175 0.190552 0.0514667\n-0.99092 -0.00470298 0.13437\n2\n11 0.514301 0.188132 0.120595\n15 -0.505278 0.173615 0.258852\n2\n0.00451175 0.180874 0.189723\n-0.990832 -0.0141077 0.134358\n2\n12 0.514301 0.173615 0.258852\n14 -0.494974 0.159668 0.384458\n2\n0.00966375 0.166641 0.321655\n-0.992251 -0.0137122 0.123488\n2\n21 0.449326 -0.446864 0.4537\n22 -0.440218 -0.446946 0.453278\n2\n0.00455403 -0.446905 0.453489\n-1 -9.27224e-05 -0.000473975\n2\n23 -0.445164 0.208503 -0.323462\n24 0.454458 0.217191 -0.323783\n2\n0.00464699 0.212847 -0.323622\n0.999953 0.0096571 -0.000355933\nL 25\n0\n1\n0\n0\n0\n0\n0\n3\n3\n3\n3\n3\n3\n3\n3\n3\n3\n3\n3\n2\n2\n2\n2\n0\n0"
}