{
    "boxes": [
        [
            0.003206460038200021,
            -0.07316280156373978,
            0.3435879945755005,
            0.24615000188350677,
            0.6633589863777161,
            1.0428800582885742,
            0.005800799932330847,
            0.8622660040855408,
            -0.5064229965209961,
            0.0015774699859321117,
            0.5064229965209961,
            0.8622840046882629
        ],
        [
            0.056161899119615555,
            -0.2740980088710785,
            0.5404239892959595,
            1.0748100280761719,
            0.02183450013399124,
            0.04658149927854538,
            0.6524749994277954,
            0.7533730268478394,
            0.08188469707965851,
            -0.5039830207824707,
            0.35069501399993896,
            0.7893120050430298
        ],
        [
            -0.05385059863328934,
            -0.2807070016860962,
            0.5457509756088257,
            1.0748599767684937,
            0.0446556992828846,
            0.05351850017905235,
            -0.6710010170936584,
            0.7346609830856323,
            0.10015500336885452,
            0.471125990152359,
            0.3181459903717041,
            0.8226929903030396
        ],
        [
            -0.05066610127687454,
            -0.009305070154368877,
            -0.36071598529815674,
            1.601040005683899,
            0.0691445991396904,
            0.04090790078043938,
            -0.5318300127983093,
            0.8341699838638306,
            -0.14600799977779388,
            0.4896489977836609,
            0.44356900453567505,
            0.7506589889526367
        ],
        [
            -0.45229700207710266,
            -0.009537460282444954,
            0.07195539772510529,
            1.6021300554275513,
            0.02093690074980259,
            0.07332669943571091,
            -0.1861809939146042,
            0.8326870203018188,
            -0.5215060114860535,
            -0.5549989938735962,
            0.3488610088825226,
            0.7551640272140503
        ],
        [
            -0.44106999039649963,
            -0.2745339870452881,
            0.11383900046348572,
            1.07778000831604,
            0.046677298843860626,
            0.021314000710844994,
            -0.12613099813461304,
            0.7529360055923462,
            0.6458939909934998,
            -0.6105819940567017,
            -0.5720760226249695,
            0.547648012638092
        ],
        [
            -0.0004814059939235449,
            0.24857400357723236,
            -0.23756399750709534,
            1.0613600015640259,
            0.27555298805236816,
            1.1972099542617798,
            0.006326090078800917,
            0.8644480109214783,
            -0.5026819705963135,
            0.010996099561452866,
            0.5026010274887085,
            0.8644480109214783
        ]
    ],
    "ops": [
        [
            0,
            0,
            0,
            1,
            0,
            0,
            0,
            1,
            1,
            2,
            1,
            1,
            0,
            1
        ]
    ],
    "syms": [
        [
            0.0,
            0.993054986000061,
            0.08783060312271118,
            0.07827279716730118,
            0.0005984709714539349,
            -0.004770980216562748,
            -0.35667499899864197,
            0.0
        ]
    ],
    "labels:": [
        [
            1,
            2,
            2,
            2,
            2,
            2,
            0
        ]
    ],
    "obj": 2649,
    "mat_index": 416,
    "obbs": "N 10\n-0.000481406 0.248574 -0.237564 0.99992 -0.0109961 -0.00632609 0.0109961 0.502601 0.864448 -0.00632609 -0.864448 0.502682 1.19721 0.275553 1.06136\n0.00320646 -0.0731628 0.343588 -0.00157747 -0.506423 -0.862284 0.0058008 0.862266 -0.506423 0.999982 -0.0058008 0.00157747 0.663359 0.24615 1.04288\n0.460492 -0.00639031 0.0713494 0.829634 -0.404703 -0.384608 0.531208 0.360174 0.766872 -0.17183 -0.84053 0.513794 0.0502756 0.0199212 1.59682\n-0.452297 -0.00953746 0.0719554 -0.810748 -0.430032 -0.397189 -0.554999 0.348861 0.755164 -0.186181 0.832687 -0.521506 0.0733267 0.0209369 1.60213\n-0.44107 -0.274534 0.113839 0.126131 -0.752936 -0.645894 0.781844 -0.325296 0.531886 -0.610582 -0.572076 0.547648 1.07778 0.021314 0.0466773\n0.0518631 -0.000236894 -0.352634 0.450907 -0.385745 -0.804913 0.729184 -0.360875 0.581429 -0.514756 -0.8491 0.118558 0.0571119 0.0355171 1.59571\n-0.0506661 -0.00930507 -0.360716 0.53183 -0.83417 0.146008 0.690942 0.32773 -0.644354 0.489649 0.443569 0.750659 1.60104 0.0409079 0.0691446\n0.451987 -0.275643 0.117177 -0.133577 -0.745574 -0.652899 0.836758 0.26816 -0.477417 0.531031 -0.61009 0.588045 1.07459 0.0240751 0.0497634\n0.0561619 -0.274098 0.540424 0.652475 0.753373 0.0818847 -0.503983 0.350695 0.789312 0.56593 -0.556275 0.608507 1.07481 0.0218345 0.0465815\n-0.0538506 -0.280707 0.545751 0.572536 0.599214 -0.559594 0.471126 0.318146 0.822693 0.671001 -0.734661 -0.100155 0.0535185 0.0446557 1.07486\nC 25\n0 7\n0 3\n0 4\n0 5\n0 1\n0 6\n0 2\n1 3\n1 2\n1 4\n1 9\n1 8\n1 7\n2 5\n2 9\n2 7\n3 6\n3 8\n3 4\n4 9\n4 5\n5 6\n6 7\n7 8\n8 9\nS 3\n2\n2 0.460492 -0.00639031 0.0713494\n3 -0.452297 -0.00953746 0.0719554\n2\n0.00409785 -0.00796388 0.0716524\n-0.999994 -0.00344782 0.000663891\n2\n4 -0.44107 -0.274534 0.113839\n7 0.451987 -0.275643 0.117177\n2\n0.00545881 -0.275089 0.115508\n0.999992 -0.00124102 0.00373704\n2\n5 0.0518631 -0.000236894 -0.352634\n6 -0.0506661 -0.00930507 -0.360716\n2\n0.000598471 -0.00477098 -0.356675\n-0.993055 -0.0878306 -0.0782728\nL 10\n0\n1\n2\n2\n2\n2\n2\n2\n2\n2"
}