{
    "boxes": [
        [
            -0.03191220015287399,
            -0.24258199334144592,
            0.15175800025463104,
            0.4158239960670471,
            0.701117992401123,
            0.7235100269317627,
            0.046237800270318985,
            0.9725790023803711,
            -0.2279299944639206,
            -0.20246000587940216,
            0.23256300389766693,
            0.9512749910354614
        ],
        [
            0.3478870093822479,
            -0.20837299525737762,
            0.14050699770450592,
            0.19737400114536285,
            0.19737400114536285,
            0.020089099183678627,
            -0.02364340052008629,
            0.9939950108528137,
            0.10683999955654144,
            -0.21140700578689575,
            -0.10942400246858597,
            0.971252977848053
        ],
        [
            0.33619600534439087,
            -0.023059699684381485,
            0.2664389908313751,
            0.5055819749832153,
            0.05947969853878021,
            0.02329370006918907,
            -0.14247600734233856,
            0.8297680020332336,
            0.5396159887313843,
            -0.17331600189208984,
            -0.5576689839363098,
            0.8117669820785522
        ],
        [
            -0.430867999792099,
            0.17276699841022491,
            0.2201090008020401,
            0.034475501626729965,
            0.43001601099967957,
            0.09034939855337143,
            -0.10948900133371353,
            0.989342987537384,
            0.09598340094089508,
            -0.20149199664592743,
            -0.11665000021457672,
            0.9725189805030823
        ],
        [
            -0.3714820146560669,
            -0.20836199820041656,
            -0.016467800363898277,
            0.19734600186347961,
            0.19734600186347961,
            0.020003600046038628,
            -0.12584899365901947,
            0.8053650259971619,
            0.5792660117149353,
            -0.17303599417209625,
            -0.5927780270576477,
            0.7865579724311829
        ],
        [
            -0.4139710068702698,
            -0.02501939982175827,
            0.10618399828672409,
            0.5060709714889526,
            0.057719700038433075,
            0.02331010065972805,
            -0.09891989827156067,
            0.8178949952125549,
            0.5667999982833862,
            -0.1661369949579239,
            -0.575173020362854,
            0.8009840250015259
        ],
        [
            -0.04080589860677719,
            -0.5812600255012512,
            0.17469200491905212,
            0.4916920065879822,
            0.1339309960603714,
            0.059550799429416656,
            0.07345960289239883,
            0.9460849761962891,
            -0.31547999382019043,
            -0.17855800688266754,
            0.3237000107765198,
            0.9291579723358154
        ],
        [
            -0.011189199984073639,
            -0.8164269924163818,
            0.05885560065507889,
            0.09547439962625504,
            0.632652997970581,
            0.31692200899124146,
            -0.0003275909984949976,
            0.9999369978904724,
            -0.011232499964535236,
            -0.20791299641132355,
            0.01091890037059784,
            0.978085994720459
        ],
        [
            0.036439199000597,
            0.3125860095024109,
            -0.15226399898529053,
            1.2306599617004395,
            0.4335139989852905,
            0.7269949913024902,
            0.005010630004107952,
            0.9962670207023621,
            -0.08617720007896423,
            -0.221002995967865,
            0.08515059947967529,
            0.9715489745140076
        ]
    ],
    "ops": [
        [
            0,
            0,
            0,
            1,
            0,
            2,
            0,
            0,
            1,
            1,
            1,
            1,
            0,
            0,
            1,
            1,
            0,
            1
        ]
    ],
    "syms": [
        [
            0.0,
            0.9769390225410461,
            -0.00011689600069075823,
            0.21351900696754456,
            -0.06378299742937088,
            0.17272299528121948,
            0.300339013338089,
            0.0
        ]
    ],
    "labels:": [
        [
            1,
            3,
            3,
            3,
            3,
            3,
            2,
            2,
            0
        ]
    ],
    "obj": 41343,
    "mat_index": 4166,
    "obbs": "N 10\n0.0364392 0.312586 -0.152264 0.00501063 0.996267 -0.0861772 -0.221003 0.0851506 0.971549 0.97526 0.0141774 0.220605 1.23066 0.433514 0.726995\n-0.371482 -0.208362 -0.0164678 0.125849 -0.805365 -0.579266 0.976842 -0.00124619 0.213958 -0.173036 -0.592778 0.786558 0.197346 0.0200036 0.197346\n0.347887 -0.208373 0.140507 -0.0236434 0.993995 0.10684 0.977112 0.00037705 0.212725 0.211407 0.109424 -0.971253 0.197374 0.0200891 0.197374\n-0.0319122 -0.242582 0.151758 0.20246 -0.232563 -0.951275 0.0462378 0.972579 -0.22793 0.978198 0.00216193 0.207662 0.701118 0.415824 0.72351\n-0.0408059 -0.58126 0.174692 0.178558 -0.3237 -0.929158 0.981183 -0.0119241 0.19271 -0.0734596 -0.946085 0.31548 0.133931 0.0595508 0.491692\n0.336196 -0.0230597 0.266439 0.173316 0.557669 -0.811767 0.974506 0.0221329 0.223267 0.142476 -0.829768 -0.539616 0.0594797 0.0232937 0.505582\n-0.430868 0.172767 0.220109 0.201492 0.11665 -0.972519 -0.109489 0.989343 0.0959834 0.973352 0.0871408 0.212116 0.430016 0.0344755 0.0903494\n-0.413971 -0.0250194 0.106184 0.0989199 -0.817895 -0.5668 0.981129 -0.014933 0.192779 -0.166137 -0.575173 0.800984 0.506071 0.0233101 0.0577197\n0.303302 0.172679 0.380569 0.211313 0.118094 -0.970258 0.0572947 0.989471 0.132911 0.975738 -0.0836764 0.202322 0.430055 0.0346205 0.087765\n-0.0111892 -0.816427 0.0588556 -0.978147 -0.00265579 -0.207897 -0.000327591 0.999937 -0.0112325 0.207913 -0.0109189 -0.978086 0.316922 0.0954744 0.632653\nC 20\n0 1\n0 7\n0 6\n0 5\n0 4\n0 3\n0 8\n0 2\n1 3\n1 7\n2 5\n2 3\n3 5\n3 8\n3 6\n3 7\n3 4\n4 9\n5 8\n6 7\nS 1\n2\n6 -0.430868 0.172767 0.220109\n8 0.303302 0.172679 0.380569\n2\n-0.063783 0.172723 0.300339\n0.976939 -0.000116896 0.213519\nL 10\n0\n3\n3\n1\n2\n3\n3\n3\n3\n2"
}