{
    "boxes": [
        [
            0.014624999836087227,
            -0.09577210247516632,
            0.1370750069618225,
            0.14041399955749512,
            0.7447800040245056,
            0.7775300145149231,
            0.006594909820705652,
            0.9991919994354248,
            0.03964399918913841,
            -0.00013077699986752123,
            -0.03964399918913841,
            0.9992139935493469
        ],
        [
            -0.33460500836372375,
            -0.4762040078639984,
            -0.24757400155067444,
            0.7114989757537842,
            0.13089199364185333,
            0.08781199902296066,
            -0.0063706799410283566,
            0.9901639819145203,
            0.1397700011730194,
            -0.08774670213460922,
            -0.1397870033979416,
            0.9862859845161438
        ],
        [
            -0.33676600456237793,
            -0.47395798563957214,
            0.40316399931907654,
            0.71452397108078,
            0.12115199863910675,
            0.0868993028998375,
            -0.015370800159871578,
            0.992825984954834,
            0.11857900023460388,
            -0.0658544972538948,
            -0.11934000253677368,
            0.9906669855117798
        ],
        [
            0.01457189954817295,
            0.3287700116634369,
            -0.1966940015554428,
            0.1870409995317459,
            0.09420149773359299,
            0.6309059858322144,
            0.0032729399390518665,
            0.9996479749679565,
            -0.026318799704313278,
            0.0033602199982851744,
            0.02630780078470707,
            0.9996479749679565
        ],
        [
            0.014427900314331055,
            0.7780839800834656,
            -0.2541089951992035,
            0.19625699520111084,
            0.09449739754199982,
            0.7774339914321899,
            -0.00499582989141345,
            0.9762639999389648,
            -0.21652500331401825,
            -0.00622515007853508,
            0.21649299561977386,
            0.9762639999389648
        ],
        [
            -0.3230670094490051,
            0.3355430066585541,
            -0.20532500743865967,
            0.7745640277862549,
            0.11273100227117538,
            0.1238659992814064,
            0.021083800122141838,
            0.9970430135726929,
            -0.07389140129089355,
            -0.14609499275684357,
            0.07618699967861176,
            0.9863330125808716
        ]
    ],
    "ops": [
        [
            0,
            0,
            0,
            1,
            2,
            1,
            0,
            0,
            0,
            2,
            1,
            1,
            1
        ]
    ],
    "syms": [
        [
            0.0,
            0.9999939799308777,
            0.0029912700410932302,
            -0.0014326799428090453,
            0.017339900135993958,
            -0.475151002407074,
            -0.24807800352573395,
            0.0
        ],
        [
            0.0,
            0.9999889731407166,
            7.199990068329498e-05,
            -0.004757530055940151,
            0.012467499822378159,
            0.33556699752807617,
            -0.20692099630832672,
            0.0
        ]
    ],
    "labels:": [
        [
            1,
            2,
            2,
            0,
            0,
            0
        ]
    ],
    "obj": 41359,
    "mat_index": 4175,
    "obbs": "N 9\n0.0144279 0.778084 -0.254109 0.999968 0.00622515 0.00499583 -0.00622515 0.216493 0.976264 0.00499583 -0.976264 0.216525 0.777434 0.0944974 0.196257\n-0.334605 -0.476204 -0.247574 0.00637068 -0.990164 -0.13977 0.996122 -0.00598101 0.0877741 -0.0877467 -0.139787 0.986286 0.711499 0.087812 0.130892\n0.369285 -0.474098 -0.248583 -0.012034 -0.989382 -0.144842 0.985701 0.0126097 -0.168029 0.168071 -0.144793 0.975083 0.715624 0.0856784 0.131892\n0.370182 -0.480808 0.399547 0.00728274 -0.989805 -0.142244 0.999851 0.00943635 -0.0144714 0.0156662 -0.142118 0.989726 0.701027 0.0705746 0.114037\n-0.336766 -0.473958 0.403164 0.0153708 -0.992826 -0.118579 0.997711 0.00741838 0.0672164 -0.0658545 -0.11934 0.990667 0.714524 0.0868993 0.121152\n0.014625 -0.0957721 0.137075 0.999978 -0.00659491 -0.000130777 0.00659491 0.999192 0.039644 -0.000130777 -0.039644 0.999214 0.77753 0.140414 0.74478\n0.348002 0.335591 -0.208518 1 0 0 0 1 0 0 0 1 0.110178 0.779902 0.148547\n-0.323067 0.335543 -0.205325 0.0210838 0.997043 -0.0738914 -0.146095 0.076187 0.986333 0.989046 -0.0100005 0.147269 0.774564 0.112731 0.123866\n0.0145719 0.32877 -0.196694 0.999989 -0.00336022 -0.00327294 0.00336022 0.0263078 0.999648 -0.00327294 -0.999648 0.0263188 0.630906 0.0942015 0.187041\nC 13\n0 7\n0 6\n1 5\n1 7\n2 6\n2 5\n3 5\n4 5\n5 6\n5 7\n5 8\n6 8\n7 8\nS 3\n2\n1 -0.334605 -0.476204 -0.247574\n2 0.369285 -0.474098 -0.248583\n2\n0.0173399 -0.475151 -0.248078\n0.999994 0.00299127 -0.00143268\n2\n3 0.370182 -0.480808 0.399547\n4 -0.336766 -0.473958 0.403164\n2\n0.016708 -0.477383 0.401355\n-0.99994 0.00968917 0.00511702\n2\n6 0.348002 0.335591 -0.208518\n7 -0.323067 0.335543 -0.205325\n2\n0.0124675 0.335567 -0.206921\n-0.999989 -7.19999e-05 0.00475753\nL 9\n0\n2\n2\n2\n2\n1\n0\n0\n0"
}