{
    "boxes": [
        [
            -0.001474000047892332,
            -0.11823199689388275,
            0.36599200963974,
            0.2846910059452057,
            0.8345890045166016,
            0.9051460027694702,
            0.0,
            1.0,
            0.0,
            0.0,
            0.0,
            1.0
        ],
        [
            -0.4729669988155365,
            0.25026899576187134,
            -0.0762787014245987,
            0.06767310202121735,
            1.0175199508666992,
            0.10317300260066986,
            0.011622999794781208,
            0.9967020153999329,
            -0.08031170070171356,
            0.00046750198816880584,
            0.08031170070171356,
            0.9967700242996216
        ],
        [
            -0.47540000081062317,
            0.08490130305290222,
            0.4609220027923584,
            0.4260909855365753,
            0.09797979891300201,
            0.09915009886026382,
            -0.004496030043810606,
            0.999845027923584,
            -0.017035799100995064,
            -0.00457323994487524,
            0.01701520010828972,
            0.999845027923584
        ],
        [
            -0.0016129999421536922,
            -0.06842999905347824,
            -0.5893840193748474,
            0.1282840073108673,
            0.03215600177645683,
            0.8509680032730103,
            0.0,
            1.0,
            0.0,
            0.0,
            0.0,
            1.0
        ],
        [
            0.4774869978427887,
            -0.29252898693084717,
            0.5938050150871277,
            0.47665300965309143,
            0.1474439948797226,
            0.11662299931049347,
            0.02199920080602169,
            0.8288519978523254,
            -0.5590360164642334,
            -0.2507320046424866,
            0.5458739995956421,
            0.7994710206985474
        ],
        [
            -0.45888999104499817,
            -0.15757599472999573,
            -0.5710170269012451,
            0.7307479977607727,
            0.07117599993944168,
            0.13086499273777008,
            0.0,
            1.0,
            0.0,
            0.0,
            0.0,
            1.0
        ],
        [
            -0.47540900111198425,
            -0.52913898229599,
            0.06206149980425835,
            0.07161200046539307,
            1.2588599920272827,
            0.09782599657773972,
            0.0,
            1.0,
            0.0,
            0.0,
            0.0,
            1.0
        ],
        [
            -0.0012163800420239568,
            0.22377699613571167,
            -0.30635499954223633,
            0.8149639964103699,
            0.3440060019493103,
            0.8374950289726257,
            -0.0026590400375425816,
            0.7186939716339111,
            -0.6953210234642029,
            -0.006272289901971817,
            0.6952980160713196,
            0.7186939716339111
        ],
        [
            -0.001548500033095479,
            0.22247299551963806,
            -0.38299301266670227,
            0.05927300080657005,
            0.13901400566101074,
            0.9185649752616882,
            0.0,
            1.0,
            0.0,
            0.0,
            0.0,
            1.0
        ]
    ],
    "ops": [
        [
            0,
            0,
            0,
            1,
            2,
            1,
            0,
            0,
            0,
            0,
            1,
            1,
            2,
            1,
            1,
            0,
            0,
            1,
            1
        ]
    ],
    "syms": [
        [
            0.0,
            0.9999269843101501,
            -0.004606740083545446,
            0.011129200458526611,
            -0.0016150999581441283,
            0.2480970025062561,
            -0.07103250175714493,
            0.0
        ],
        [
            0.0,
            0.9996790289878845,
            0.013565599918365479,
            -0.02139580063521862,
            -0.0013111300067976117,
            -0.2990260124206543,
            0.6040530204772949,
            0.0
        ]
    ],
    "labels:": [
        [
            1,
            3,
            3,
            2,
            2,
            2,
            2,
            0,
            0
        ]
    ],
    "obj": 2653,
    "mat_index": 418,
    "obbs": "N 14\n-0.00121638 0.223777 -0.306355 -0.00265904 0.718694 -0.695321 -0.00627229 0.695298 0.718694 0.999977 0.00627229 0.00265904 0.814964 0.344006 0.837495\n-0.001474 -0.118232 0.365992 1 0 0 0 1 0 0 0 1 0.905146 0.284691 0.834589\n0.469737 0.245926 -0.0657864 0.999973 -0.00737919 0.000286754 0.00737919 0.996957 -0.0776014 0.000286754 0.0776014 0.996984 0.10395 0.0758446 1.01243\n-0.472967 0.250269 -0.0762787 -0.000467502 -0.0803117 -0.99677 0.011623 0.996702 -0.0803117 0.999932 -0.011623 0.000467502 1.01752 0.0676731 0.103173\n0.472443 0.0897225 0.461086 1 0 0 0 1 0 0 0 1 0.09785 0.407811 0.09471\n-0.4754 0.0849013 0.460922 0.999979 0.00457324 0.00449603 -0.00457324 0.0170152 0.999845 0.00449603 -0.999845 0.0170358 0.0991501 0.0979798 0.426091\n-0.001613 -0.06843 -0.589384 1 0 0 0 1 0 0 0 1 0.850968 0.128284 0.032156\n-0.0015485 0.222473 -0.382993 1 0 0 0 1 0 0 0 1 0.918565 0.059273 0.139014\n0.464886 -0.16341 -0.565973 1 0 0 0 1 0 0 0 1 0.112978 0.744765 0.081263\n-0.45889 -0.157576 -0.571017 1 0 0 0 1 0 0 0 1 0.130865 0.730748 0.071176\n-0.48011 -0.305524 0.6143 -0.0376115 -0.9172 0.396647 0.898067 -0.205101 -0.389115 0.438249 0.34158 0.831421 0.476515 0.129964 0.172773\n0.477487 -0.292529 0.593805 0.0219992 0.828852 -0.559036 -0.250732 0.545874 0.799471 0.967806 0.122581 0.219829 0.476653 0.147444 0.116623\n0.472014 -0.535833 0.0741654 -0.000130518 -0.0103343 -0.999947 0.0252545 0.999628 -0.0103343 0.999681 -0.0252545 0.000130518 1.25561 0.0697369 0.098937\n-0.475409 -0.529139 0.0620615 1 0 0 0 1 0 0 0 1 0.097826 0.071612 1.25886\nC 34\n0 2\n0 7\n0 3\n0 8\n0 1\n0 6\n0 9\n1 3\n1 11\n1 2\n1 5\n1 10\n1 13\n1 4\n1 12\n2 8\n2 6\n2 7\n2 4\n3 7\n3 6\n3 9\n3 5\n4 11\n5 10\n6 9\n6 7\n6 8\n7 9\n7 8\n8 12\n9 13\n10 13\n11 12\nS 5\n2\n2 0.469737 0.245926 -0.0657864\n3 -0.472967 0.250269 -0.0762787\n2\n-0.0016151 0.248097 -0.0710325\n-0.999927 0.00460674 -0.0111292\n2\n4 0.472443 0.0897225 0.461086\n5 -0.4754 0.0849013 0.460922\n2\n-0.00147826 0.0873119 0.461004\n-0.999987 -0.00508648 -0.000173155\n2\n8 0.464886 -0.16341 -0.565973\n9 -0.45889 -0.157576 -0.571017\n2\n0.00299775 -0.160493 -0.568495\n-0.999965 0.0063157 -0.00545946\n2\n10 -0.48011 -0.305524 0.6143\n11 0.477487 -0.292529 0.593805\n2\n-0.00131113 -0.299026 0.604053\n0.999679 0.0135656 -0.0213958\n2\n12 0.472014 -0.535833 0.0741654\n13 -0.475409 -0.529139 0.0620615\n2\n-0.00169773 -0.532486 0.0681135\n-0.999893 0.00706468 -0.0127743\nL 14\n0\n1\n3\n3\n3\n3\n2\n0\n2\n2\n2\n2\n2\n2"
}