{
    "boxes": [
        [
            0.011027400381863117,
            -0.09622199833393097,
            0.0805009976029396,
            0.47843700647354126,
            1.1621899604797363,
            1.127310037612915,
            -0.015656599774956703,
            0.979843020439148,
            0.19915199279785156,
            0.0015749000012874603,
            -0.19915199279785156,
            0.9799669981002808
        ],
        [
            -0.49619901180267334,
            0.1062610000371933,
            0.15343500673770905,
            0.1259319931268692,
            1.1663199663162231,
            0.1843860000371933,
            0.0252275001257658,
            0.9996809959411621,
            0.0014994400553405285,
            -1.8916600311058573e-05,
            -0.0014994400553405285,
            0.9999989867210388
        ],
        [
            -0.4910539984703064,
            -0.06485000252723694,
            0.5368919968605042,
            0.25644999742507935,
            0.2903980016708374,
            0.1487790048122406,
            0.0,
            1.0,
            0.0,
            0.0,
            0.0,
            1.0
        ],
        [
            -0.4989359974861145,
            -0.444146990776062,
            -0.3828270137310028,
            0.17170000076293945,
            0.23998700082302094,
            0.08199100196361542,
            0.0,
            1.0,
            0.0,
            0.0,
            0.0,
            1.0
        ],
        [
            -0.5063210129737854,
            -0.3007830083370209,
            0.07922299951314926,
            0.21538099646568298,
            1.1640900373458862,
            0.12189000099897385,
            0.0,
            1.0,
            0.0,
            0.0,
            0.0,
            1.0
        ],
        [
            -0.4989350140094757,
            -0.44405099749565125,
            0.5120049715042114,
            0.1715400069952011,
            0.29852399230003357,
            0.08199000358581543,
            0.0,
            1.0,
            0.0,
            0.0,
            0.0,
            1.0
        ],
        [
            0.48423299193382263,
            0.20784899592399597,
            -0.4141930043697357,
            0.8154240250587463,
            0.28045299649238586,
            0.20344500243663788,
            -0.0017927299486473203,
            0.9887719750404358,
            -0.14942100644111633,
            0.04541720077395439,
            0.14934800565242767,
            0.9877409934997559
        ],
        [
            0.009529819712042809,
            0.31571298837661743,
            -0.35445499420166016,
            0.6445389986038208,
            0.1431639939546585,
            1.0314300060272217,
            -0.004033079836517572,
            0.8980159759521484,
            -0.4399450123310089,
            -0.006466810125857592,
            0.4399150013923645,
            0.8980159759521484
        ],
        [
            0.026768499985337257,
            0.1571979969739914,
            0.024952000007033348,
            0.8248850107192993,
            1.2113300561904907,
            1.1441199779510498,
            0.0,
            1.0,
            0.0,
            0.0,
            0.0,
            1.0
        ]
    ],
    "ops": [
        [
            0,
            0,
            0,
            1,
            2,
            1,
            0,
            0,
            0,
            1,
            1,
            2,
            1,
            0,
            2,
            0,
            0,
            1,
            1,
            1
        ]
    ],
    "syms": [
        [
            0.0,
            0.9997550249099731,
            0.022113999351859093,
            -3.193560041836463e-05,
            0.006948620080947876,
            0.11739099770784378,
            0.15341900289058685,
            0.0
        ],
        [
            0.0,
            0.9999009966850281,
            -0.009494829922914505,
            0.010353099554777145,
            0.012239700183272362,
            -0.4490010142326355,
            -0.37753498554229736,
            0.0
        ],
        [
            0.0,
            0.999750018119812,
            -0.0032088400330394506,
            -0.02212730050086975,
            0.003483420005068183,
            0.2093919962644577,
            -0.40355199575424194,
            0.0
        ]
    ],
    "labels:": [
        [
            1,
            3,
            3,
            2,
            2,
            2,
            0,
            0,
            0
        ]
    ],
    "obj": 41399,
    "mat_index": 4200,
    "obbs": "N 15\n0.00952982 0.315713 -0.354455 0.999971 0.00646681 0.00403308 -0.00646681 0.439915 0.898016 0.00403308 -0.898016 0.439945 1.03143 0.143164 0.644539\n0.0110274 -0.096222 0.080501 0.999876 0.0156566 0.0015749 -0.0156566 0.979843 0.199152 0.0015749 -0.199152 0.979967 1.12731 0.478437 1.16219\n-0.477266 0.210935 -0.392912 0.000517287 0.993643 -0.112575 0.999966 -0.00143672 -0.00808628 -0.00819662 -0.112567 -0.99361 0.820624 0.145514 0.311198\n0.484233 0.207849 -0.414193 -0.00179273 0.988772 -0.149421 0.998966 -0.00501556 -0.045175 -0.0454172 -0.149348 -0.987741 0.815424 0.203445 0.280453\n0.510096 0.12852 0.153402 1 0 0 0 1 0 0 0 1 0.183759 0.172376 1.16638\n-0.496199 0.106261 0.153435 1.89166e-05 0.00149944 -0.999999 0.0252275 0.999681 0.00149944 0.999682 -0.0252275 -1.89166e-05 1.16632 0.125932 0.184386\n0.516909 -0.0563786 0.546459 0.00744807 0.00661516 -0.99995 0.992985 -0.118059 0.00661516 -0.118009 -0.992985 -0.00744807 0.310588 0.134462 0.256555\n-0.491054 -0.06485 0.536892 1 0 0 0 1 0 0 0 1 0.148779 0.25645 0.290398\n-0.506321 -0.300783 0.079223 1 0 0 0 1 0 0 0 1 0.12189 0.215381 1.16409\n0.515552 -0.309473 0.0791851 0.0334783 -0.999433 0.00347409 0.999433 0.0334658 -0.00359239 0.00347409 0.00359239 0.999988 0.208806 0.12546 1.16454\n0.0267685 0.157198 0.024952 1 0 0 0 1 0 0 0 1 1.14412 0.824885 1.21133\n0.523415 -0.444063 0.534389 1 0 0 0 1 0 0 0 1 0.08199 0.171541 0.253749\n-0.498935 -0.444051 0.512005 1 0 0 0 1 0 0 0 1 0.08199 0.17154 0.298524\n0.523415 -0.453855 -0.372242 1 0 0 0 1 0 0 0 1 0.08199 0.152298 0.261122\n-0.498936 -0.444147 -0.382827 1 0 0 0 1 0 0 0 1 0.081991 0.1717 0.239987\nC 51\n0 10\n0 3\n0 4\n0 5\n0 8\n0 1\n0 9\n0 2\n1 3\n1 6\n1 11\n1 2\n1 14\n1 5\n1 10\n1 13\n1 4\n1 9\n1 12\n1 8\n1 7\n2 8\n2 5\n2 10\n2 14\n3 10\n3 13\n3 9\n3 4\n4 9\n4 10\n4 6\n5 8\n5 10\n5 7\n6 9\n6 10\n6 11\n7 12\n7 10\n7 8\n8 14\n8 10\n8 12\n9 11\n9 10\n9 13\n10 11\n10 12\n10 13\n10 14\nS 6\n2\n2 -0.477266 0.210935 -0.392912\n3 0.484233 0.207849 -0.414193\n2\n0.00348342 0.209392 -0.403552\n0.99975 -0.00320884 -0.0221273\n2\n4 0.510096 0.12852 0.153402\n5 -0.496199 0.106261 0.153435\n2\n0.00694862 0.117391 0.153419\n-0.999755 -0.022114 3.19356e-05\n2\n6 0.516909 -0.0563786 0.546459\n7 -0.491054 -0.06485 0.536892\n2\n0.0129277 -0.0606143 0.541675\n-0.99992 -0.00840377 -0.00949056\n2\n8 -0.506321 -0.300783 0.079223\n9 0.515552 -0.309473 0.0791851\n2\n0.00461573 -0.305128 0.079204\n0.999964 -0.00850294 -3.71126e-05\n2\n11 0.523415 -0.444063 0.534389\n12 -0.498935 -0.444051 0.512005\n2\n0.01224 -0.444057 0.523197\n-0.99976 1.12459e-05 -0.0218889\n2\n13 0.523415 -0.453855 -0.372242\n14 -0.498936 -0.444147 -0.382827\n2\n0.0122397 -0.449001 -0.377535\n-0.999901 0.00949483 -0.0103531\nL 15\n0\n1\n0\n0\n3\n3\n3\n3\n2\n2\n0\n2\n2\n2\n2"
}