{
    "boxes": [
        [
            0.00022400000307243317,
            -0.10659299790859222,
            0.11551199853420258,
            0.12359700351953506,
            0.7595279812812805,
            0.7731800079345703,
            0.0,
            1.0,
            0.0,
            0.0,
            0.0,
            1.0
        ],
        [
            -0.3897629976272583,
            0.060231901705265045,
            -0.1261029988527298,
            0.39134299755096436,
            0.05413749814033508,
            0.0731625035405159,
            -0.11145099997520447,
            0.9464280009269714,
            0.303070992231369,
            0.2658500075340271,
            -0.2654609978199005,
            0.9267439842224121
        ],
        [
            0.390951007604599,
            0.04457620158791542,
            -0.13203300535678864,
            0.37879300117492676,
            0.06330099701881409,
            0.06409730017185211,
            0.07304470241069794,
            0.9575799703598022,
            0.2787570059299469,
            0.24669699370861053,
            -0.28816598653793335,
            0.9252570271492004
        ],
        [
            -0.44912099838256836,
            0.24488100409507751,
            0.08367930352687836,
            0.05092800036072731,
            0.39552000164985657,
            0.09610489755868912,
            0.2531970143318176,
            0.9642689824104309,
            -0.07794930040836334,
            -0.09112419933080673,
            0.10398899763822556,
            0.9903950095176697
        ],
        [
            0.4378870129585266,
            0.2406120002269745,
            0.09204380214214325,
            0.03634440153837204,
            0.3636170029640198,
            0.07077649980783463,
            -0.6025170087814331,
            0.7972909808158875,
            -0.036061499267816544,
            0.07139229774475098,
            0.09884410351514816,
            0.9925389885902405
        ],
        [
            -0.40419501066207886,
            -0.15693700313568115,
            -0.1468919962644577,
            1.1716899871826172,
            0.3048210144042969,
            0.09358630329370499,
            -0.061930101364851,
            0.8555539846420288,
            0.5139960050582886,
            -0.2248470038175583,
            -0.5137060284614563,
            0.8279799818992615
        ],
        [
            -0.34310901165008545,
            -0.270456999540329,
            0.2919760048389435,
            0.45030900835990906,
            0.9353479743003845,
            0.04318619892001152,
            0.02240240015089512,
            0.7735469937324524,
            0.633342981338501,
            -0.024829400703310966,
            -0.6328759789466858,
            0.7738549709320068
        ],
        [
            -0.001598709961399436,
            0.21084100008010864,
            -0.24749700725078583,
            0.7342380285263062,
            0.15249699354171753,
            0.7219259738922119,
            -0.007218500133603811,
            0.9785299897193909,
            -0.20597800612449646,
            -0.008895870298147202,
            0.20591199398040771,
            0.9785299897193909
        ],
        [
            -0.001994650112465024,
            0.218967005610466,
            -0.2855829894542694,
            0.7616130113601685,
            0.20598900318145752,
            0.7274190187454224,
            -0.0072428700514137745,
            0.9755290150642395,
            -0.2197510004043579,
            -0.009055609814822674,
            0.21968400478363037,
            0.9755290150642395
        ]
    ],
    "ops": [
        [
            0,
            0,
            0,
            0,
            0,
            1,
            2,
            1,
            1,
            1,
            0,
            0,
            1,
            2,
            1,
            0,
            0,
            1,
            1
        ]
    ],
    "syms": [
        [
            0.0,
            1.0,
            1.3341200144623144e-07,
            -1.0719600318509492e-08,
            0.0005242340266704559,
            0.24488100409507751,
            0.08367930352687836,
            0.0
        ],
        [
            0.0,
            0.9999880194664001,
            -0.003788389964029193,
            0.0031492901034653187,
            0.0020998299587517977,
            -0.15847699344158173,
            -0.14561200141906738,
            0.0
        ]
    ],
    "labels:": [
        [
            1,
            3,
            3,
            3,
            3,
            2,
            2,
            0,
            0
        ]
    ],
    "obj": 41410,
    "mat_index": 4202,
    "obbs": "N 13\n-0.00159871 0.210841 -0.247497 -0.0072185 0.97853 -0.205978 -0.00889587 0.205912 0.97853 0.999934 0.00889587 0.0072185 0.734238 0.152497 0.721926\n0.000224 -0.106593 0.115512 1 0 0 0 1 0 0 0 1 0.77318 0.123597 0.759528\n0.390951 0.0445762 -0.132033 0.966336 0.00118336 -0.257281 0.246697 -0.288166 0.925257 -0.0730447 -0.95758 -0.278757 0.0640973 0.063301 0.378793\n-0.389763 0.0602319 -0.126103 0.95755 0.183858 -0.222022 0.26585 -0.265461 0.926744 0.111451 -0.946428 -0.303071 0.0731625 0.0541375 0.391343\n0.45017 0.244881 0.0836793 0.963113 0.243662 -0.114198 -0.253197 0.964269 -0.0779493 0.0911242 0.103989 0.990395 0.0961039 0.050928 0.39552\n0.437887 0.240612 0.0920438 0.794906 0.595447 -0.116476 -0.602517 0.797291 -0.0360615 0.0713923 0.0988441 0.992539 0.0707765 0.0363444 0.363617\n-0.449121 0.244881 0.0836793 0.0911242 -0.103989 -0.990395 0.253197 0.964269 -0.0779493 0.963113 -0.243662 0.114198 0.39552 0.050928 0.0961049\n-0.439477 0.243661 0.10083 0.0311195 -0.0688821 -0.997139 0.562403 0.825919 -0.0395024 0.826277 -0.559565 0.0644417 0.345 0.0361986 0.0558456\n0.408395 -0.160016 -0.144333 -0.199702 0.506183 -0.838986 0.97831 0.0549083 -0.199738 -0.0550366 -0.860676 -0.506169 0.307196 0.0885302 1.17141\n-0.343109 -0.270457 0.291976 -0.0224024 -0.773547 -0.633343 0.999441 -0.0330618 0.00502873 -0.0248294 -0.632876 0.773855 0.450309 0.0431862 0.935348\n-0.404195 -0.156937 -0.146892 0.0619301 -0.855554 -0.513996 0.972424 -0.0642936 0.224183 -0.224847 -0.513706 0.82798 1.17169 0.0935863 0.304821\n0.345699 -0.275408 0.300917 -0.0239643 0.665839 -0.74571 0.999495 0.031522 -0.00397416 0.0208601 -0.745429 -0.666259 0.932005 0.0440954 0.450816\n-0.00199465 0.218967 -0.285583 0.999933 0.00905561 0.00724287 -0.00905561 0.219684 0.975529 0.00724287 -0.975529 0.219751 0.727419 0.205989 0.761613\nC 52\n0 7\n0 10\n0 3\n0 11\n0 4\n0 12\n0 5\n0 8\n0 1\n0 6\n0 9\n0 2\n1 3\n1 6\n1 11\n1 2\n1 5\n1 10\n1 4\n1 9\n1 12\n1 8\n2 8\n2 12\n2 5\n2 4\n2 11\n3 7\n3 10\n3 6\n3 9\n3 12\n4 8\n4 12\n4 5\n4 11\n5 8\n5 12\n5 11\n6 9\n6 7\n6 10\n6 12\n7 12\n7 10\n7 9\n8 11\n8 12\n9 10\n9 12\n10 12\n11 12\nS 4\n2\n4 0.45017 0.244881 0.0836793\n6 -0.449121 0.244881 0.0836793\n2\n0.000524234 0.244881 0.0836793\n-1 -1.33412e-07 1.07196e-08\n2\n5 0.437887 0.240612 0.0920438\n7 -0.439477 0.243661 0.10083\n2\n-0.000794978 0.242136 0.0964367\n-0.999944 0.00347443 0.0100132\n2\n8 0.408395 -0.160016 -0.144333\n10 -0.404195 -0.156937 -0.146892\n2\n0.00209983 -0.158477 -0.145612\n-0.999988 0.00378839 -0.00314929\n2\n9 -0.343109 -0.270457 0.291976\n11 0.345699 -0.275408 0.300917\n2\n0.00129492 -0.272932 0.296446\n0.99989 -0.00718578 0.0129786\nL 13\n0\n1\n3\n3\n3\n3\n3\n3\n2\n2\n2\n2\n0"
}