{
    "boxes": [
        [
            0.00527849979698658,
            0.11666800081729889,
            0.06278400123119354,
            0.1479479968547821,
            0.6064959764480591,
            0.6469590067863464,
            0.0,
            1.0,
            0.0,
            0.0,
            0.0,
            1.0
        ],
        [
            -0.26898500323295593,
            -0.44143199920654297,
            -0.2441900074481964,
            0.956080973148346,
            0.09531620144844055,
            0.07465840131044388,
            0.07571370154619217,
            0.9934759736061096,
            0.08528520166873932,
            0.3896529972553253,
            -0.10820800065994263,
            0.9145830273628235
        ],
        [
            0.0034799999557435513,
            -0.5241199731826782,
            -0.23908600211143494,
            0.03780199959874153,
            0.026064999401569366,
            0.5510759949684143,
            0.0,
            1.0,
            0.0,
            0.0,
            0.0,
            1.0
        ],
        [
            -0.28632500767707825,
            -0.3939709961414337,
            0.3269459903240204,
            1.0405100584030151,
            0.058612000197172165,
            0.056487999856472015,
            0.0,
            1.0,
            0.0,
            0.0,
            0.0,
            1.0
        ],
        [
            0.262704998254776,
            -0.4311630129814148,
            -0.2382889986038208,
            0.9764840006828308,
            0.08421610295772552,
            0.07915259897708893,
            -0.05499900132417679,
            0.9976029992103577,
            0.041985198855400085,
            0.06857550144195557,
            -0.03817560151219368,
            0.9969149827957153
        ],
        [
            -0.2745090126991272,
            -0.45861899852752686,
            0.0416250005364418,
            0.045111000537872314,
            0.5806480050086975,
            0.026089400053024292,
            -0.00015553900448139757,
            0.9999960064888,
            0.0028158999048173428,
            -0.05515189841389656,
            -0.002820190042257309,
            0.9984740018844604
        ],
        [
            0.004331990145146847,
            0.3977909982204437,
            -0.21881799399852753,
            0.47761499881744385,
            0.04139060154557228,
            0.4676780104637146,
            4.448590061656432e-06,
            0.9807279706001282,
            -0.19537700712680817,
            5.4222500693867914e-06,
            0.19537700712680817,
            0.9807279706001282
        ],
        [
            0.0043345000594854355,
            -0.1253719925880432,
            -0.24738900363445282,
            1.5777000188827515,
            0.12803299725055695,
            0.6376029849052429,
            0.0,
            1.0,
            0.0,
            0.0,
            0.0,
            1.0
        ]
    ],
    "ops": [
        [
            0,
            0,
            0,
            2,
            1,
            0,
            2,
            0,
            0,
            2,
            1,
            1,
            1,
            1,
            0,
            0,
            1,
            1
        ]
    ],
    "syms": [
        [
            0.0,
            0.003270589979365468,
            0.0,
            0.9999949932098389,
            0.004415249917656183,
            -0.5241199731826782,
            0.04687029868364334,
            0.0
        ],
        [
            0.0,
            1.0,
            -0.0,
            -0.0,
            0.004333999939262867,
            -0.3939709961414337,
            0.3269459903240204,
            0.0
        ],
        [
            0.0,
            1.0,
            0.0,
            -4.899570171801315e-08,
            0.006476250011473894,
            -0.45861899852752686,
            0.0416250005364418,
            0.0
        ]
    ],
    "labels:": [
        [
            1,
            2,
            2,
            2,
            2,
            2,
            0,
            0
        ]
    ],
    "obj": 41436,
    "mat_index": 4215,
    "obbs": "N 11\n0.00433199 0.397791 -0.218818 1 -5.42225e-06 -4.44859e-06 5.42225e-06 0.195377 0.980728 -4.44859e-06 -0.980728 0.195377 0.467678 0.0413906 0.477615\n-0.274509 -0.458619 0.041625 0.0551519 0.00282019 -0.998474 0.998478 2.22045e-16 0.0551521 0.000155539 -0.999996 -0.0028159 0.580648 0.0260894 0.045111\n0.00348 -0.52412 -0.239086 1 0 0 0 1 0 0 0 1 0.551076 0.037802 0.026065\n0.287461 -0.458619 0.041625 -0.048948 0.00339203 -0.998796 0.998801 1.44329e-15 -0.0489483 -0.000166034 -0.999994 -0.00338797 0.580323 0.0260911 0.0454417\n0.0053505 -0.52412 0.332826 1 0 0 0 1 0 0 0 1 0.554819 0.037802 0.026066\n0.0052785 0.116668 0.062784 1 0 0 0 1 0 0 0 1 0.646959 0.147948 0.606496\n0.0043345 -0.125372 -0.247389 1 0 0 0 1 0 0 0 1 0.637603 1.5777 0.128033\n0.262705 -0.431163 -0.238289 -0.0685755 0.0381756 -0.996915 0.996129 0.0577085 -0.0663115 0.054999 -0.997603 -0.0419852 0.0842161 0.0791526 0.976484\n-0.268985 -0.441432 -0.24419 0.917844 -0.0360148 -0.395303 0.389653 -0.108208 0.914583 -0.0757137 -0.993476 -0.0852852 0.0746584 0.0953162 0.956081\n0.294993 -0.393971 0.326946 1 0 0 0 1 0 0 0 1 0.056488 1.04051 0.058612\n-0.286325 -0.393971 0.326946 1 0 0 0 1 0 0 0 1 0.056488 1.04051 0.058612\nC 26\n0 7\n0 5\n0 8\n0 6\n1 6\n1 2\n1 10\n1 4\n1 8\n2 8\n2 6\n2 3\n2 7\n3 7\n3 6\n3 9\n3 4\n4 9\n4 10\n5 9\n5 6\n5 8\n5 10\n5 7\n6 7\n6 8\nS 3\n2\n1 -0.274509 -0.458619 0.041625\n3 0.287461 -0.458619 0.041625\n2\n0.00647625 -0.458619 0.041625\n1 0 -4.89957e-08\n2\n2 0.00348 -0.52412 -0.239086\n4 0.0053505 -0.52412 0.332826\n2\n0.00441525 -0.52412 0.0468703\n0.00327059 0 0.999995\n2\n9 0.294993 -0.393971 0.326946\n10 -0.286325 -0.393971 0.326946\n2\n0.004334 -0.393971 0.326946\n-1 0 0\nL 11\n0\n2\n2\n2\n2\n1\n0\n2\n2\n2\n2"
}