{
    "boxes": [
        [
            -0.004053200129419565,
            0.09636689722537994,
            0.11221399903297424,
            0.07877310365438461,
            0.777800977230072,
            0.8080949783325195,
            0.0031016101129353046,
            0.9956079721450806,
            -0.09357170015573502,
            0.00014543099678121507,
            0.09357170015573502,
            0.9956129789352417
        ],
        [
            -0.003504999913275242,
            -0.5267170071601868,
            -0.25468701124191284,
            0.10798399895429611,
            0.04946799948811531,
            0.823248028755188,
            0.0,
            1.0,
            0.0,
            0.0,
            0.0,
            1.0
        ],
        [
            -0.3972350060939789,
            -0.2045609951019287,
            0.1360660046339035,
            0.058207299560308456,
            0.7645580172538757,
            0.03733750060200691,
            -0.014155600219964981,
            0.9934579730033875,
            -0.11331299692392349,
            0.007402230054140091,
            0.11342500150203705,
            0.9935190081596375
        ],
        [
            -0.4015690088272095,
            -0.27768900990486145,
            -0.25254300236701965,
            0.7019199728965759,
            0.0754322037100792,
            0.056399598717689514,
            0.05940059944987297,
            0.9980019927024841,
            -0.0215160995721817,
            0.06058549880981445,
            0.017909999936819077,
            0.9980019927024841
        ],
        [
            -0.003504500025883317,
            -0.04858899861574173,
            0.4986270070075989,
            0.10800399631261826,
            0.04947730153799057,
            0.7475910186767578,
            -0.0,
            0.9927579760551453,
            -0.12013299763202667,
            0.0,
            0.12013299763202667,
            0.9927579760551453
        ],
        [
            -0.40061500668525696,
            -0.26221299171447754,
            0.5161030292510986,
            0.8337519764900208,
            0.06131440028548241,
            0.06042550131678581,
            0.05569339916110039,
            0.9939060211181641,
            -0.09513150155544281,
            -0.11158400028944016,
            0.10087800025939941,
            0.9886220097541809
        ],
        [
            -0.42545801401138306,
            -0.6431189775466919,
            -0.04304200038313866,
            0.10014399886131287,
            1.235640048980713,
            0.06151429936289787,
            0.16208399832248688,
            0.9858229756355286,
            0.043375398963689804,
            0.0004870879929512739,
            -0.04403650015592575,
            0.9990299940109253
        ],
        [
            -0.003504500025883317,
            0.7058929800987244,
            -0.40253400802612305,
            0.24213899672031403,
            0.07058200240135193,
            0.8468469977378845,
            -1.634270052619513e-09,
            0.9480810165405273,
            -0.3180299997329712,
            -2.2719799375181537e-09,
            0.3180299997329712,
            0.9480810165405273
        ],
        [
            -0.3895609974861145,
            0.4436489939689636,
            -0.31314098834991455,
            0.806555986404419,
            0.10837700217962265,
            0.05393870174884796,
            -0.05807099863886833,
            0.9760980010032654,
            -0.20942999422550201,
            0.50108402967453,
            0.2099429965019226,
            0.8395469784736633
        ]
    ],
    "ops": [
        [
            0,
            0,
            0,
            0,
            1,
            2,
            1,
            0,
            0,
            0,
            1,
            2,
            1,
            1,
            1,
            0,
            0,
            2,
            1,
            1
        ]
    ],
    "syms": [
        [
            0.0,
            1.0,
            9.356240227020862e-09,
            3.843379836609984e-09,
            -0.003504500025883317,
            -0.20455999672412872,
            0.1360660046339035,
            0.0
        ],
        [
            0.0,
            0.9999380111694336,
            0.010889999568462372,
            -0.0024642099160701036,
            -0.003882799996063113,
            -0.25789201259613037,
            0.5151259899139404,
            0.0
        ],
        [
            0.0,
            1.0,
            -0.0002766110119409859,
            -0.0006932570249773562,
            -0.0033423099666833878,
            0.4435420036315918,
            -0.3134090006351471,
            0.0
        ]
    ],
    "labels:": [
        [
            1,
            2,
            2,
            2,
            2,
            2,
            2,
            0,
            0
        ]
    ],
    "obj": 41476,
    "mat_index": 4235,
    "obbs": "N 14\n-0.0035045 0.705893 -0.402534 -1.63427e-09 0.948081 -0.31803 -2.27198e-09 0.31803 0.948081 1 2.27198e-09 1.63427e-09 0.242139 0.070582 0.846847\n-0.0040532 0.0963669 0.112214 0.999995 -0.00310161 0.000145431 0.00310161 0.995608 -0.0935717 0.000145431 0.0935717 0.995613 0.808095 0.0787731 0.777801\n-0.389561 0.443649 -0.313141 0.058071 -0.976098 0.20943 0.863448 -0.0561885 -0.501298 0.501084 0.209943 0.839547 0.806556 0.0539387 0.108377\n0.382876 0.443435 -0.313677 0.0556497 0.977101 -0.205371 0.863449 0.0561878 0.501296 0.501356 -0.205225 -0.84055 0.806426 0.0539394 0.110681\n-0.397235 -0.204561 0.136066 -0.00740223 -0.113425 -0.993519 0.999872 0.013225 -0.00895941 0.0141556 -0.993458 0.113313 0.764558 0.0373375 0.0582073\n-0.003505 -0.526717 -0.254687 1 0 0 0 1 0 0 0 1 0.823248 0.107984 0.049468\n0.390226 -0.20456 0.136066 0.014016 0.995332 -0.0954919 0.999872 -0.0132204 0.00895896 0.00765469 -0.0956053 -0.99539 0.0643365 0.0373374 0.764939\n-0.0035045 -0.048589 0.498627 1 0 0 0 0.120133 0.992758 0 -0.992758 0.120133 0.747591 0.0494773 0.108004\n0.394438 -0.274647 -0.252261 -0.037536 0.999229 -0.0115086 -0.143031 0.0060259 0.9897 0.989006 0.0387955 0.142694 0.703926 0.0776686 0.070653\n-0.401569 -0.277689 -0.252543 0.0594006 0.998002 -0.0215161 0.0605855 0.01791 0.998002 0.996394 -0.0605855 -0.0594006 0.70192 0.0754322 0.0563996\n-0.400615 -0.262213 0.516103 -0.992193 0.0444446 -0.116522 -0.111584 0.100878 0.988622 0.0556934 0.993906 -0.0951315 0.0604255 0.0613144 0.833752\n0.39285 -0.253572 0.514148 -0.0811888 0.991797 -0.0987285 -0.0318964 0.0964194 0.99483 0.996188 0.0839181 0.0238066 0.824943 0.0635448 0.069037\n-0.425458 -0.643119 -0.043042 -0.162084 -0.985823 -0.0433754 0.986777 -0.161906 -0.0076178 0.000487088 -0.0440365 0.99903 0.100144 0.0615143 1.23564\n0.417026 -0.644212 -0.0406248 0.00414394 -0.998935 -0.0459636 0.99997 0.00444306 -0.00640751 0.0066049 -0.0459356 0.998923 0.0992571 0.0601633 1.24065\nC 31\n0 3\n0 2\n1 3\n1 6\n1 11\n1 2\n1 10\n1 4\n1 9\n1 8\n1 7\n2 9\n3 8\n4 7\n4 9\n4 10\n4 5\n5 9\n5 6\n5 13\n5 8\n5 12\n6 7\n6 11\n6 8\n7 11\n7 10\n8 13\n9 12\n10 12\n11 13\nS 5\n2\n2 -0.389561 0.443649 -0.313141\n3 0.382876 0.443435 -0.313677\n2\n-0.00334231 0.443542 -0.313409\n1 -0.000276611 -0.000693257\n2\n4 -0.397235 -0.204561 0.136066\n6 0.390226 -0.20456 0.136066\n2\n-0.0035045 -0.20456 0.136066\n1 9.35624e-09 3.84338e-09\n2\n8 0.394438 -0.274647 -0.252261\n9 -0.401569 -0.277689 -0.252543\n2\n-0.00356509 -0.276168 -0.252402\n-0.999993 -0.0038217 -0.000354545\n2\n10 -0.400615 -0.262213 0.516103\n11 0.39285 -0.253572 0.514148\n2\n-0.0038828 -0.257892 0.515126\n0.999938 0.01089 -0.00246421\n2\n12 -0.425458 -0.643119 -0.043042\n13 0.417026 -0.644212 -0.0406248\n2\n-0.00421591 -0.643666 -0.0418334\n0.999995 -0.00129734 0.00286911\nL 14\n0\n1\n0\n0\n2\n2\n2\n2\n2\n2\n2\n2\n2\n2"
}