{
    "boxes": [
        [
            0.01734899915754795,
            -0.10702499747276306,
            0.10809800028800964,
            0.44652000069618225,
            0.7303130030632019,
            1.5893000364303589,
            0.0,
            1.0,
            0.0,
            0.0,
            0.0,
            1.0
        ],
        [
            -0.7272719740867615,
            0.2578110098838806,
            0.061468999832868576,
            0.0875220000743866,
            0.7562500238418579,
            0.10005500167608261,
            0.0,
            1.0,
            0.0,
            0.0,
            0.0,
            1.0
        ],
        [
            -0.7272319793701172,
            -0.026190100237727165,
            0.4312779903411865,
            0.6020730137825012,
            0.06689459830522537,
            0.1088389977812767,
            -0.015906399115920067,
            0.9995930194854736,
            -0.02366809919476509,
            -0.016285400837659836,
            0.023408999666571617,
            0.9995930194854736
        ],
        [
            -0.7273060083389282,
            -0.38113701343536377,
            -0.2866640090942383,
            0.13866999745368958,
            0.057537999004125595,
            0.10035800188779831,
            0.003576860064640641,
            0.9414629936218262,
            0.33709800243377686,
            0.002518499968573451,
            -0.33710798621177673,
            0.9414629936218262
        ],
        [
            -0.727183997631073,
            -0.3668389916419983,
            0.4506250023841858,
            0.1588599979877472,
            0.05013569816946983,
            0.10089199990034103,
            -0.006483499892055988,
            0.9993510246276855,
            -0.035443101078271866,
            -0.006717369891703129,
            0.03539950028061867,
            0.9993510246276855
        ],
        [
            -0.33024701476097107,
            0.08405070006847382,
            -0.31766200065612793,
            0.7968400120735168,
            0.06805060058832169,
            0.6970400214195251,
            -2.299000101402271e-09,
            0.99583899974823,
            -0.09113209694623947,
            -2.5189998975605477e-09,
            0.09113209694623947,
            0.99583899974823
        ],
        [
            -0.33024099469184875,
            0.10093700140714645,
            -0.22322900593280792,
            0.8119789958000183,
            0.15087799727916718,
            0.6907340288162231,
            -0.00021071599621791393,
            0.9921069741249084,
            -0.12539200484752655,
            -0.00023902500106487423,
            0.12539200484752655,
            0.9921069741249084
        ],
        [
            -0.7269290089607239,
            0.0779607966542244,
            -0.310945987701416,
            0.8203009963035583,
            0.06146540120244026,
            0.1197350025177002,
            0.025268899276852608,
            0.992900013923645,
            -0.11623500287532806,
            -0.030449600890278816,
            0.11698199808597565,
            0.992667019367218
        ]
    ],
    "ops": [
        [
            0,
            0,
            0,
            1,
            2,
            1,
            0,
            0,
            1,
            2,
            1,
            0,
            0,
            0,
            1,
            2,
            1,
            1
        ]
    ],
    "syms": [
        [
            0.0,
            0.9999930262565613,
            0.0038113000337034464,
            -0.0003048510116059333,
            0.01734899915754795,
            0.2606489956378937,
            0.0612419992685318,
            0.0
        ],
        [
            0.0,
            0.9999989867210388,
            0.0006766039878129959,
            -0.0008092609932646155,
            0.01739249937236309,
            -0.38063299655914307,
            -0.28726598620414734,
            0.0
        ],
        [
            0.0,
            1.0,
            1.9033100429055594e-08,
            -7.56484030972615e-09,
            0.015629500150680542,
            0.10093700140714645,
            -0.22322900593280792,
            0.0
        ]
    ],
    "labels:": [
        [
            1,
            3,
            3,
            2,
            2,
            0,
            0,
            0
        ]
    ],
    "obj": 41492,
    "mat_index": 4240,
    "obbs": "N 14\n0.3615 0.100937 -0.223229 -0.000109912 0.99216 -0.124977 -0.000124625 0.124977 0.99216 1 0.000124625 0.000109912 0.81188 0.150512 0.697555\n-0.330241 0.100937 -0.223229 -0.000210716 0.992107 -0.125392 -0.000239025 0.125392 0.992107 1 0.000239025 0.000210716 0.811979 0.150878 0.690734\n0.017349 -0.107025 0.108098 1 0 0 0 1 0 0 0 1 1.5893 0.44652 0.730313\n-0.726929 0.0779608 -0.310946 -0.999217 0.0215443 -0.0331895 -0.0304496 0.116982 0.992667 0.0252689 0.9929 -0.116235 0.119735 0.0614654 0.820301\n0.761112 0.0771483 -0.306893 -0.0241708 0.991883 -0.124835 -0.0273944 0.124167 0.991883 0.999332 0.0273944 0.0241708 0.822955 0.0718798 0.11878\n-0.727272 0.257811 0.061469 1 0 0 0 1 0 0 0 1 0.100055 0.087522 0.75625\n0.76197 0.263487 0.061015 1 0 0 0 1 0 0 0 1 0.100055 0.07617 0.74905\n-0.727232 -0.0261901 0.431278 -0.0159064 0.999593 -0.0236681 -0.0162854 0.023409 0.999593 0.999741 0.0162854 0.0159064 0.602073 0.0668946 0.108839\n0.762069 -0.0127595 0.429945 -0.99878 0.00315177 -0.0492868 -0.0491617 0.0318698 0.998282 0.00471711 0.999487 -0.0316759 0.103551 0.0662974 0.610138\n-0.330247 0.0840507 -0.317662 -2.299e-09 0.995839 -0.0911321 -2.519e-09 0.0911321 0.995839 1 2.519e-09 2.299e-09 0.79684 0.0680506 0.69704\n0.762091 -0.380129 -0.287869 -0.0150811 0.943114 0.332128 0.0264002 -0.331674 0.943025 0.999538 0.0229901 -0.0198964 0.140455 0.0617102 0.101987\n0.761972 -0.371262 0.450679 1 0 0 0 1 0 0 0 1 0.100055 0.149421 0.054086\n-0.727306 -0.381137 -0.286664 0.99999 -0.0025185 -0.00357686 0.0025185 -0.337108 0.941463 -0.00357686 -0.941463 -0.337098 0.100358 0.057538 0.13867\n-0.727184 -0.366839 0.450625 -0.0064835 0.999351 -0.0354431 -0.00671737 0.0353995 0.999351 0.999956 0.00671737 0.0064835 0.15886 0.0501357 0.100892\nC 33\n0 2\n0 10\n0 4\n0 1\n0 6\n0 9\n1 3\n1 2\n1 5\n1 9\n1 12\n2 8\n2 12\n2 5\n2 9\n2 13\n2 6\n2 10\n2 3\n2 7\n2 11\n2 4\n3 9\n3 5\n3 12\n4 10\n4 6\n5 9\n5 7\n6 8\n7 13\n8 11\n9 12\nS 6\n2\n0 0.3615 0.100937 -0.223229\n1 -0.330241 0.100937 -0.223229\n2\n0.0156295 0.100937 -0.223229\n-1 -1.90331e-08 7.56484e-09\n2\n3 -0.726929 0.0779608 -0.310946\n4 0.761112 0.0771483 -0.306893\n2\n0.0170911 0.0775546 -0.30892\n0.999996 -0.000546004 0.00272362\n2\n5 -0.727272 0.257811 0.061469\n6 0.76197 0.263487 0.061015\n2\n0.017349 0.260649 0.061242\n0.999993 0.0038113 -0.000304851\n2\n7 -0.727232 -0.0261901 0.431278\n8 0.762069 -0.0127595 0.429945\n2\n0.0174184 -0.0194748 0.430612\n0.999959 0.00901768 -0.00089492\n2\n10 0.762091 -0.380129 -0.287869\n12 -0.727306 -0.381137 -0.286664\n2\n0.0173925 -0.380633 -0.287266\n-0.999999 -0.000676604 0.000809261\n2\n11 0.761972 -0.371262 0.450679\n13 -0.727184 -0.366839 0.450625\n2\n0.0173937 -0.36905 0.450652\n-0.999996 0.00296977 -3.65766e-05\nL 14\n0\n0\n1\n0\n0\n3\n3\n3\n3\n0\n2\n2\n2\n2"
}