{
    "boxes": [
        [
            -0.00488650007173419,
            -0.07837550342082977,
            0.15804199874401093,
            0.2341970056295395,
            0.8296650052070618,
            0.8873850107192993,
            0.0,
            1.0,
            0.0,
            0.0,
            0.0,
            1.0
        ],
        [
            -0.5210850238800049,
            0.29027000069618225,
            0.26834800839424133,
            0.09096500277519226,
            0.4561089873313904,
            0.18912899494171143,
            0.0,
            1.0,
            0.0,
            0.0,
            0.0,
            1.0
        ],
        [
            -0.40512898564338684,
            -0.1513569951057434,
            0.18595199286937714,
            0.12421800196170807,
            0.1717749983072281,
            0.3169730007648468,
            0.17630499601364136,
            0.9641929864883423,
            0.19811199605464935,
            -0.01778250001370907,
            -0.19811199605464935,
            0.9800180196762085
        ],
        [
            -0.521274983882904,
            0.06835000216960907,
            0.22313499450683594,
            0.4088839888572693,
            0.2039790004491806,
            0.12962199747562408,
            0.0,
            1.0,
            0.0,
            0.0,
            0.0,
            1.0
        ],
        [
            -0.014027499593794346,
            -0.45408299565315247,
            0.07284499704837799,
            0.4545750021934509,
            0.1731099933385849,
            0.15017500519752502,
            0.0,
            1.0,
            0.0,
            0.0,
            0.0,
            1.0
        ],
        [
            -0.005186880007386208,
            -0.20407900214195251,
            0.3428030014038086,
            0.07890529930591583,
            0.11524000018835068,
            0.09979909658432007,
            1.1176700354553759e-05,
            0.9807209968566895,
            -0.19541600346565247,
            1.102680016629165e-06,
            0.19541600346565247,
            0.9807209968566895
        ],
        [
            -0.18136300146579742,
            -0.640250027179718,
            -0.16614200174808502,
            0.10926099866628647,
            0.5181739926338196,
            0.11886899918317795,
            -0.07546450197696686,
            0.9962589740753174,
            -0.04212009906768799,
            0.5848199725151062,
            0.07843270152807236,
            0.8073620200157166
        ],
        [
            -0.30945199728012085,
            -0.7266979813575745,
            -0.3072350025177002,
            0.10098599642515182,
            0.10560599714517593,
            0.09218999743461609,
            0.0,
            1.0,
            0.0,
            0.0,
            0.0,
            1.0
        ],
        [
            -0.007862799800932407,
            0.23453299701213837,
            -0.26217201352119446,
            1.0699800252914429,
            0.3349969983100891,
            0.8887640237808228,
            0.006986740045249462,
            0.9986810088157654,
            -0.0508699007332325,
            0.007351490203291178,
            0.05081849917769432,
            0.9986810088157654
        ]
    ],
    "ops": [
        [
            0,
            0,
            0,
            0,
            1,
            1,
            2,
            1,
            0,
            0,
            1,
            0,
            0,
            1,
            2,
            1,
            1,
            0,
            1
        ]
    ],
    "syms": [
        [
            0.0,
            1.0,
            -0.0,
            -0.0,
            -0.00488650007173419,
            0.29027000069618225,
            0.26834800839424133,
            0.0
        ],
        [
            -1.0,
            -0.009435240179300308,
            0.9999529719352722,
            -0.002101199934259057,
            -0.004582410212606192,
            -0.644402027130127,
            0.08103419840335846,
            0.20000000298023224
        ]
    ],
    "labels:": [
        [
            1,
            3,
            3,
            3,
            2,
            2,
            2,
            2,
            0
        ]
    ],
    "obj": 41504,
    "mat_index": 4244,
    "obbs": "N 20\n-0.0078628 0.234533 -0.262172 0.999949 -0.00735149 -0.00698674 0.00735149 0.0508185 0.998681 -0.00698674 -0.998681 0.0508699 0.888764 0.334997 1.06998\n-0.0140275 -0.454083 0.072845 1 0 0 0 1 0 0 0 1 0.150175 0.454575 0.17311\n0.391463 -0.155128 0.182659 0.98914 0.14688 0.00534165 -0.14688 0.986513 0.0722442 0.00534165 -0.0722442 0.997373 0.306064 0.0950466 0.17446\n-0.405129 -0.151357 0.185952 0.984175 -0.176305 -0.0177825 0.176305 0.964193 0.198112 -0.0177825 -0.198112 0.980018 0.316973 0.124218 0.171775\n-0.0048865 -0.0783755 0.158042 1 0 0 0 1 0 0 0 1 0.887385 0.234197 0.829665\n-0.00518688 -0.204079 0.342803 -1.10268e-06 -0.195416 -0.980721 1.11767e-05 0.980721 -0.195416 1 -1.11767e-05 1.10268e-06 0.11524 0.0789053 0.0997991\n0.510828 0.0568955 0.223204 1 0 0 0 1 0 0 0 1 0.129686 0.431507 0.203797\n-0.521275 0.06835 0.223135 1 0 0 0 1 0 0 0 1 0.129622 0.408884 0.203979\n0.511313 0.29027 0.268348 1 0 0 0 1 0 0 0 1 0.189129 0.090965 0.456109\n-0.521085 0.29027 0.268348 1 0 0 0 1 0 0 0 1 0.189129 0.090965 0.456109\n-0.181363 -0.64025 -0.166142 -0.58482 -0.0784327 -0.807362 -0.0754645 0.996259 -0.0421201 0.807645 0.0362945 -0.588551 0.518174 0.109261 0.118869\n0.178246 -0.645965 -0.163127 -0.809318 -0.0164086 -0.587141 0.0366226 0.996255 -0.0783226 0.586228 -0.0848906 -0.805686 0.107232 0.100207 0.514083\n0.28584 -0.643495 0.17162 -0.949113 0.0491017 -0.311085 0.0789038 0.993342 -0.0839445 0.304892 -0.104219 -0.946668 0.516074 0.10589 0.128006\n-0.009834 -0.638114 0.392338 1 0 0 0 1 0 0 0 1 0.128308 0.086283 0.50222\n-0.295801 -0.654187 0.170482 0.94543 0.088192 -0.313664 -0.126737 0.9864 -0.10466 0.300168 0.138701 0.943749 0.515367 0.0947084 0.130185\n-0.004886 -0.726698 0.633109 1 0 0 0 1 0 0 0 1 0.09219 0.100986 0.105605\n-0.498769 -0.726698 0.273577 1 0 0 0 1 0 0 0 1 0.09219 0.100986 0.105606\n-0.309452 -0.726698 -0.307235 1 0 0 0 1 0 0 0 1 0.09219 0.100986 0.105606\n0.301435 -0.726698 -0.306664 1 0 0 0 1 0 0 0 1 0.09219 0.100986 0.105606\n0.489667 -0.726698 0.2745 1 0 0 0 1 0 0 0 1 0.09219 0.100986 0.105606\nC 44\n0 2\n0 7\n0 3\n0 4\n0 8\n0 1\n0 6\n0 9\n1 3\n1 11\n1 2\n1 14\n1 5\n1 10\n1 13\n1 12\n2 5\n2 6\n2 4\n3 7\n3 5\n3 4\n4 7\n4 8\n4 9\n4 5\n4 6\n6 8\n7 9\n10 11\n10 17\n10 12\n10 13\n10 14\n11 14\n11 18\n11 13\n11 12\n12 13\n12 14\n12 19\n13 15\n13 14\n14 16\nS 5\n2\n2 0.391463 -0.155128 0.182659\n3 -0.405129 -0.151357 0.185952\n2\n-0.00683299 -0.153243 0.184306\n-0.99998 0.00473415 0.00413365\n2\n6 0.510828 0.0568955 0.223204\n7 -0.521275 0.06835 0.223135\n2\n-0.0052235 0.0626227 0.22317\n-0.999938 0.0110975 -6.68497e-05\n2\n8 0.511313 0.29027 0.268348\n9 -0.521085 0.29027 0.268348\n2\n-0.0048865 0.29027 0.268348\n-1 0 0\n5\n13 -0.009834 -0.638114 0.392338\n14 -0.295801 -0.654187 0.170482\n10 -0.181363 -0.64025 -0.166142\n11 0.178246 -0.645965 -0.163127\n12 0.28584 -0.643495 0.17162\n3\n-0.00458241 -0.644402 0.0810342\n0.00943524 -0.999953 0.0021012\n5\n18 0.301435 -0.726698 -0.306664\n19 0.489667 -0.726698 0.2745\n15 -0.004886 -0.726698 0.633109\n16 -0.498769 -0.726698 0.273577\n17 -0.309452 -0.726698 -0.307235\n3\n-0.004401 -0.726698 0.113457\n0 -1 0\nL 20\n0\n2\n3\n3\n1\n2\n3\n3\n3\n3\n2\n2\n2\n2\n2\n2\n2\n2\n2\n2"
}