{
    "boxes": [
        [
            0.0023415000177919865,
            -0.12263599783182144,
            0.19205699861049652,
            0.12171100080013275,
            0.696636974811554,
            0.7607089877128601,
            0.0,
            1.0,
            0.0,
            0.0,
            0.0,
            1.0
        ],
        [
            0.29647600650787354,
            -0.4970400035381317,
            -0.14664700627326965,
            0.6967949867248535,
            0.02672870084643364,
            0.026349199935793877,
            -0.11460699886083603,
            0.985148012638092,
            0.12786099314689636,
            -0.6910319924354553,
            -0.1715259999036789,
            0.7021780014038086
        ],
        [
            0.30602601170539856,
            -0.49759000539779663,
            0.45097100734710693,
            0.6954140067100525,
            0.031394001096487045,
            0.0235763993114233,
            -0.11641799658536911,
            0.9841979742050171,
            -0.1334179937839508,
            -0.5547130107879639,
            0.0469961017370224,
            0.8307129740715027
        ],
        [
            0.004096790216863155,
            0.23080000281333923,
            -0.2327519953250885,
            0.7434489727020264,
            0.11494100093841553,
            0.763625979423523,
            -0.010871700011193752,
            0.9917979836463928,
            -0.12735100090503693,
            -0.012356099672615528,
            0.12721599638462067,
            0.9917979836463928
        ]
    ],
    "ops": [
        [
            0,
            0,
            0,
            1,
            2,
            1,
            0,
            1
        ]
    ],
    "syms": [
        [
            0.0,
            0.9998999834060669,
            -0.0007085520192049444,
            -0.01415610034018755,
            -0.0023010699078440666,
            -0.49682798981666565,
            -0.14241699874401093,
            0.0
        ]
    ],
    "labels:": [
        [
            1,
            2,
            2,
            0
        ]
    ],
    "obj": 41513,
    "mat_index": 4246,
    "obbs": "N 6\n0.00409679 0.2308 -0.232752 -0.0108717 0.991798 -0.127351 -0.0123561 0.127216 0.991798 0.999865 0.0123561 0.0108717 0.743449 0.114941 0.763626\n0.0023415 -0.122636 0.192057 1 0 0 0 1 0 0 0 1 0.760709 0.121711 0.696637\n0.296476 -0.49704 -0.146647 -0.114607 0.985148 0.127861 -0.691032 -0.171526 0.702178 0.713681 -0.00788167 0.700427 0.696795 0.0267287 0.0263492\n-0.291766 -0.497546 0.459398 -0.638854 -0.0104177 -0.769258 0.759185 -0.170371 -0.628181 -0.124515 -0.985325 0.116751 0.0278641 0.0268192 0.695761\n0.306026 -0.49759 0.450971 0.554713 -0.0469961 -0.830713 0.823857 0.170719 0.540477 0.116418 -0.984198 0.133418 0.031394 0.0235764 0.695414\n-0.301078 -0.496616 -0.138187 0.704063 -0.00359526 -0.710129 0.698772 -0.174685 0.693688 -0.126543 -0.984618 -0.120477 0.0229052 0.0231501 0.697369\nC 7\n0 1\n0 5\n0 2\n1 2\n1 3\n1 4\n1 5\nS 2\n2\n2 0.296476 -0.49704 -0.146647\n5 -0.301078 -0.496616 -0.138187\n2\n-0.00230107 -0.496828 -0.142417\n-0.9999 0.000708552 0.0141561\n2\n3 -0.291766 -0.497546 0.459398\n4 0.306026 -0.49759 0.450971\n2\n0.00712983 -0.497568 0.455184\n0.999901 -7.30227e-05 -0.0140945\nL 6\n0\n1\n2\n2\n2\n2"
}