{
    "boxes": [
        [
            0.0072704399935901165,
            -0.06966560333967209,
            0.14236600697040558,
            0.14020100235939026,
            0.6880090236663818,
            0.794297993183136,
            0.004527649842202663,
            0.9996389746665955,
            0.02647539973258972,
            -5.994649836793542e-05,
            -0.02647539973258972,
            0.9996489882469177
        ],
        [
            0.006657000165432692,
            -0.15907900035381317,
            0.032214999198913574,
            0.057590000331401825,
            0.057590000331401825,
            0.8442440032958984,
            0.0,
            1.0,
            8.354890269401949e-06,
            0.0,
            -8.354890269401949e-06,
            1.0
        ],
        [
            -0.34650200605392456,
            -0.40980398654937744,
            0.310604989528656,
            0.10291899740695953,
            0.7231990098953247,
            0.04646509885787964,
            -0.00223049009218812,
            0.7075139880180359,
            0.7066959738731384,
            0.00305246002972126,
            -0.7066890001296997,
            0.7075179815292358
        ],
        [
            -0.405239999294281,
            -0.41750800609588623,
            -0.16549000144004822,
            0.6227149963378906,
            0.08547099679708481,
            0.04773779958486557,
            0.0721587985754013,
            0.8423740267753601,
            0.5340409874916077,
            0.02620379999279976,
            -0.536853015422821,
            0.8432689905166626
        ],
        [
            -0.2998490035533905,
            0.27650099992752075,
            -0.19492800533771515,
            1.0002700090408325,
            0.2501850128173828,
            0.11810299754142761,
            -0.10445400327444077,
            0.9494760036468506,
            -0.29594600200653076,
            -0.048317600041627884,
            0.2923780083656311,
            0.9550809860229492
        ],
        [
            0.2858799993991852,
            -0.1159529983997345,
            -0.08013120293617249,
            0.06501109898090363,
            0.2871690094470978,
            0.08685900270938873,
            0.013362299650907516,
            0.9648939967155457,
            0.2623000144958496,
            -0.0017837700434029102,
            -0.2623000144958496,
            0.9649850130081177
        ],
        [
            0.009126129560172558,
            0.08264929801225662,
            -0.15824000537395477,
            0.2523699998855591,
            0.061261698603630066,
            0.6453869938850403,
            -0.00017299600585829467,
            0.9900079965591431,
            0.14100900292396545,
            -0.00015010200149845332,
            -0.14100900292396545,
            0.9900079965591431
        ],
        [
            0.007193429861217737,
            0.470210999250412,
            -0.20101000368595123,
            0.5854470133781433,
            0.0792388990521431,
            0.679282009601593,
            0.006387560162693262,
            0.9768930077552795,
            -0.2136320024728775,
            0.007935170084238052,
            0.21357999742031097,
            0.9768930077552795
        ],
        [
            0.008764499798417091,
            0.7634699940681458,
            -0.29373300075531006,
            0.058855000883340836,
            0.08705899864435196,
            0.7661529779434204,
            0.0,
            1.0,
            0.0,
            0.0,
            0.0,
            1.0
        ]
    ],
    "ops": [
        [
            0,
            0,
            0,
            0,
            1,
            2,
            1,
            1,
            0,
            0,
            1,
            2,
            0,
            0,
            0,
            1,
            1,
            1,
            1
        ]
    ],
    "syms": [
        [
            0.0,
            1.0,
            -1.5907499317791007e-08,
            -1.7446600608650442e-08,
            0.005737170111387968,
            -0.40980398654937744,
            0.310604989528656,
            0.0
        ],
        [
            0.0,
            0.9999909996986389,
            0.00011122899741167203,
            0.004130280110985041,
            0.004259000066667795,
            0.27653399109840393,
            -0.19367200136184692,
            0.0
        ]
    ],
    "labels:": [
        [
            1,
            2,
            2,
            2,
            0,
            0,
            0,
            0,
            0
        ]
    ],
    "obj": 41518,
    "mat_index": 4251,
    "obbs": "N 13\n0.00719343 0.470211 -0.20101 0.999948 -0.00793517 -0.00638756 0.00793517 0.21358 0.976893 -0.00638756 -0.976893 0.213632 0.679282 0.0792389 0.585447\n0.0087645 0.76347 -0.293733 1 0 0 0 1 0 0 0 1 0.766153 0.058855 0.087059\n0.00727044 -0.0696656 0.142366 0.99999 -0.00452765 -5.99465e-05 0.00452765 0.999639 0.0264754 -5.99465e-05 -0.0264754 0.999649 0.794298 0.140201 0.688009\n0.308367 0.276568 -0.192416 0.0836838 0.953661 -0.289013 0.984851 -0.123355 -0.121872 -0.151875 -0.274436 -0.949536 1.00768 0.125228 0.252411\n-0.299849 0.276501 -0.194928 -0.104454 0.949476 -0.295946 0.993355 0.114062 0.0153362 0.0483176 -0.292378 -0.955081 1.00027 0.118103 0.250185\n0.006657 -0.159079 0.032215 1 0 0 0 1 8.35489e-06 0 -8.35489e-06 1 0.844244 0.05759 0.05759\n0.00912613 0.0826493 -0.15824 1 0.000150102 0.000172996 -0.000150102 -0.141009 0.990008 0.000172996 -0.990008 -0.141009 0.645387 0.0612617 0.25237\n0.357977 -0.409804 0.310605 0.00223034 -0.707514 -0.706695 0.999993 0.00373519 -0.000583523 0.00305249 -0.706689 0.707518 0.102919 0.0464651 0.723199\n0.418979 -0.431477 -0.166641 0.0845571 0.501069 -0.861267 0.994288 0.0140706 0.105803 0.065133 -0.865293 -0.497017 0.0998413 0.0450709 0.647326\n-0.346502 -0.409804 0.310605 0.00223049 -0.707514 -0.706696 0.999993 0.00373527 -0.0005834 0.00305246 -0.706689 0.707518 0.102919 0.0464651 0.723199\n-0.40524 -0.417508 -0.16549 -0.0721588 -0.842374 -0.534041 0.997049 -0.0468554 -0.060812 0.0262038 -0.536853 0.843269 0.622715 0.0477378 0.085471\n-0.272525 -0.118817 -0.0688669 -0.00756159 0.220088 -0.975451 -0.0677909 0.973122 0.220088 0.997671 0.0677909 0.00756159 0.262206 0.061851 0.0891875\n0.28588 -0.115953 -0.0801312 0.999909 -0.0133623 -0.00178377 0.0133623 0.964894 0.2623 -0.00178377 -0.2623 0.964985 0.086859 0.0650111 0.287169\nC 48\n0 2\n0 3\n0 11\n0 4\n0 12\n0 1\n0 6\n1 3\n1 4\n2 8\n2 12\n2 5\n2 9\n2 6\n2 10\n2 3\n2 7\n2 11\n2 4\n3 7\n3 6\n3 5\n3 12\n3 8\n4 9\n4 10\n4 5\n4 11\n4 6\n5 9\n5 6\n5 8\n5 12\n5 11\n5 10\n5 7\n6 9\n6 7\n6 10\n6 11\n6 12\n6 8\n7 12\n7 8\n8 12\n9 11\n9 10\n10 11\nS 4\n2\n3 0.308367 0.276568 -0.192416\n4 -0.299849 0.276501 -0.194928\n2\n0.004259 0.276534 -0.193672\n-0.999991 -0.000111229 -0.00413028\n2\n7 0.357977 -0.409804 0.310605\n9 -0.346502 -0.409804 0.310605\n2\n0.00573717 -0.409804 0.310605\n-1 1.59075e-08 1.74466e-08\n2\n8 0.418979 -0.431477 -0.166641\n10 -0.40524 -0.417508 -0.16549\n2\n0.00686955 -0.424493 -0.166065\n-0.999855 0.0169468 0.00139613\n2\n11 -0.272525 -0.118817 -0.0688669\n12 0.28588 -0.115953 -0.0801312\n2\n0.0066773 -0.117385 -0.0744991\n0.999783 0.00512704 -0.0201678\nL 13\n0\n0\n1\n0\n0\n2\n0\n2\n2\n2\n2\n0\n0"
}