{
    "boxes": [
        [
            0.040845099836587906,
            -0.1330679953098297,
            0.1384669989347458,
            0.20278599858283997,
            0.7297999858856201,
            0.7408699989318848,
            0.007252209819853306,
            0.999426007270813,
            -0.03308439999818802,
            -0.05221470072865486,
            0.033418599516153336,
            0.9980769753456116
        ],
        [
            -0.3882389962673187,
            0.0818042978644371,
            0.09161429852247238,
            0.4900110065937042,
            0.7278710007667542,
            0.14190900325775146,
            -0.40941599011421204,
            0.911903977394104,
            0.02844410017132759,
            -0.1018809974193573,
            -0.07667859643697739,
            0.9918370246887207
        ],
        [
            0.29966801404953003,
            -0.4886130094528198,
            0.3349579870700836,
            0.6667619943618774,
            0.04887460172176361,
            0.026338599622249603,
            -0.2579669952392578,
            0.9248679876327515,
            -0.27941301465034485,
            -0.18572400510311127,
            0.23633700609207153,
            0.9537559747695923
        ],
        [
            -0.2982200086116791,
            -0.49133801460266113,
            0.33344000577926636,
            0.6617349982261658,
            0.04227070137858391,
            0.029358599334955215,
            0.27241700887680054,
            0.9266960024833679,
            -0.25888898968696594,
            -0.3858160078525543,
            0.3516930043697357,
            0.8529120087623596
        ],
        [
            -0.3895780146121979,
            -0.81004399061203,
            0.42075100541114807,
            0.03159309923648834,
            0.041526101529598236,
            0.04425090178847313,
            -0.10503099858760834,
            0.9898120164871216,
            0.09613049775362015,
            -0.4469519853591919,
            -0.13333599269390106,
            0.884564995765686
        ],
        [
            0.24808000028133392,
            -0.5008220076560974,
            -0.24273499846458435,
            0.6428589820861816,
            0.03365800157189369,
            0.036264799535274506,
            -0.22998200356960297,
            0.9299880266189575,
            0.2867580056190491,
            0.022027799859642982,
            -0.2896069884300232,
            0.9568920135498047
        ],
        [
            -0.3171829879283905,
            -0.810030996799469,
            -0.3449299931526184,
            0.03158149868249893,
            0.0418367013335228,
            0.04388349875807762,
            -0.08126900345087051,
            0.9899359941482544,
            -0.11584900319576263,
            0.25339001417160034,
            0.1329360008239746,
            0.9581869840621948
        ],
        [
            -0.009481449611485004,
            0.18647299706935883,
            -0.22200599312782288,
            0.7905719876289368,
            0.2994610071182251,
            0.8457279801368713,
            0.6123409867286682,
            0.7474030256271362,
            -0.25773701071739197,
            -0.030628500506281853,
            0.3481859862804413,
            0.9369249939918518
        ]
    ],
    "ops": [
        [
            0,
            0,
            2,
            1,
            0,
            0,
            0,
            2,
            1,
            1,
            0,
            0,
            1,
            2,
            1,
            1,
            0,
            1
        ]
    ],
    "syms": [
        [
            0.0,
            0.9987419843673706,
            0.017078999429941177,
            0.047142498195171356,
            0.010687599889934063,
            0.0886261984705925,
            0.11044400185346603,
            0.0
        ],
        [
            0.0,
            1.0,
            3.27397992805345e-06,
            2.0798600530724798e-07,
            0.001373469945974648,
            -0.8100429773330688,
            0.42075198888778687,
            0.0
        ],
        [
            0.0,
            0.9998530149459839,
            -0.009273869916796684,
            -0.014412599615752697,
            0.0016895399894565344,
            -0.49853700399398804,
            -0.23918400704860687,
            0.0
        ]
    ],
    "labels:": [
        [
            1,
            3,
            2,
            2,
            2,
            2,
            2,
            0
        ]
    ],
    "obj": 41540,
    "mat_index": 4259,
    "obbs": "N 12\n-0.00948145 0.186473 -0.222006 0.612341 0.747403 -0.257737 -0.0306285 0.348186 0.936925 0.79 -0.565823 0.2361 0.790572 0.299461 0.845728\n0.409615 0.095448 0.129275 -0.362639 -0.930674 0.0483571 0.920172 -0.365798 -0.139554 0.147568 -0.00611085 0.989033 0.488709 0.149089 0.587835\n-0.388239 0.0818043 0.0916143 -0.409416 0.911904 0.0284441 0.906641 0.403176 0.124299 0.101881 0.0766786 -0.991837 0.490011 0.141909 0.727871\n0.0408451 -0.133068 0.138467 0.0522147 -0.0334186 -0.998077 0.00725221 0.999426 -0.0330844 0.99861 -0.00551077 0.0524271 0.7298 0.202786 0.74087\n-0.244701 -0.496251 -0.235632 -0.975408 0.219865 -0.0154199 -0.0792425 -0.284547 0.955381 0.205667 0.933109 0.294972 0.0284274 0.0456279 0.655673\n-0.29822 -0.491338 0.33344 0.272417 0.926696 -0.258889 0.881439 -0.132464 0.453341 0.385816 -0.351693 -0.852912 0.661735 0.0293586 0.0422707\n0.299668 -0.488613 0.334958 -0.257967 0.924868 -0.279413 0.948135 0.297931 0.110803 0.185724 -0.236337 -0.953756 0.666762 0.0263386 0.0488746\n0.24808 -0.500822 -0.242735 -0.229982 0.929988 0.286758 0.0220278 -0.289607 0.956892 0.972946 0.226385 0.0461187 0.642859 0.033658 0.0362648\n0.392324 -0.810041 0.420752 -0.446987 0.133163 -0.884574 0.10466 0.989852 0.096125 0.888397 -0.0496133 -0.456387 0.0415259 0.031587 0.0442501\n0.319929 -0.810029 -0.34493 -0.963976 0.0480328 -0.261615 0.0807601 0.989982 -0.115816 0.253431 -0.132772 -0.958199 0.0438823 0.0315746 0.0418363\n-0.389578 -0.810044 0.420751 0.446952 0.133336 -0.884565 -0.105031 0.989812 0.0961305 0.88837 0.049941 0.456403 0.0415261 0.0315931 0.0442509\n-0.317183 -0.810031 -0.34493 -0.25339 -0.132936 -0.958187 -0.081269 0.989936 -0.115849 0.963944 0.0485158 -0.261644 0.0418367 0.0315815 0.0438835\nC 21\n0 1\n0 7\n0 6\n0 5\n0 4\n0 3\n0 2\n1 3\n1 6\n1 7\n2 4\n2 3\n2 5\n3 5\n3 7\n3 6\n3 4\n4 11\n5 10\n6 8\n7 9\nS 4\n2\n1 0.409615 0.095448 0.129275\n2 -0.388239 0.0818043 0.0916143\n2\n0.0106876 0.0886262 0.110444\n-0.998742 -0.017079 -0.0471425\n2\n4 -0.244701 -0.496251 -0.235632\n7 0.24808 -0.500822 -0.242735\n2\n0.00168954 -0.498537 -0.239184\n0.999853 -0.00927387 -0.0144126\n2\n8 0.392324 -0.810041 0.420752\n10 -0.389578 -0.810044 0.420751\n2\n0.00137347 -0.810043 0.420752\n-1 -3.27398e-06 -2.07986e-07\n2\n9 0.319929 -0.810029 -0.34493\n11 -0.317183 -0.810031 -0.34493\n2\n0.00137284 -0.81003 -0.34493\n-1 -4.37672e-06 -2.38088e-08\nL 12\n0\n3\n3\n1\n2\n2\n2\n2\n2\n2\n2\n2"
}