{
    "boxes": [
        [
            -0.0021697699557989836,
            -0.10009399801492691,
            0.18033400177955627,
            0.14231200516223907,
            0.6052839756011963,
            0.5759329795837402,
            0.009663710370659828,
            0.9999529719352722,
            0.00026044700643979013,
            -1.2584699788931175e-06,
            -0.00026044700643979013,
            1.0
        ],
        [
            0.2377689927816391,
            -0.46935200691223145,
            -0.0849205031991005,
            0.6563270092010498,
            0.04015880078077316,
            0.03060089983046055,
            -0.22932900488376617,
            0.9438009858131409,
            0.23800800740718842,
            -0.551501989364624,
            -0.3274799883365631,
            0.7672039866447449
        ],
        [
            0.3178809881210327,
            -0.7868840098381042,
            -0.1651729941368103,
            0.028548099100589752,
            0.06839430332183838,
            0.05850059911608696,
            -2.9422199077089317e-06,
            1.0,
            -1.574180032548611e-06,
            -0.6293200254440308,
            -6.28238012723159e-07,
            0.7771459817886353
        ],
        [
            0.27148398756980896,
            -0.7868840098381042,
            0.4299220144748688,
            0.028548000380396843,
            0.05850059911608696,
            0.06839430332183838,
            -9.065799986274214e-07,
            1.0,
            -2.2252599762850878e-07,
            0.6293200254440308,
            7.434639996972692e-07,
            0.7771459817886353
        ],
        [
            0.1994830071926117,
            -0.4626910090446472,
            0.3581179976463318,
            0.6588640213012695,
            0.041527800261974335,
            0.042529698461294174,
            -0.22219400107860565,
            0.9562249779701233,
            -0.19043000042438507,
            0.6547099947929382,
            0.2910569906234741,
            0.6975970268249512
        ],
        [
            -0.24149200320243835,
            -0.4625230133533478,
            0.3982209861278534,
            0.6699979901313782,
            0.03942659869790077,
            0.03650839999318123,
            0.23775799572467804,
            0.9373130202293396,
            -0.2547850012779236,
            -0.023677099496126175,
            0.2678219974040985,
            0.9631779789924622
        ],
        [
            -0.002088499953970313,
            0.5633190274238586,
            -0.27910301089286804,
            0.08652199804782867,
            0.07925499975681305,
            0.57538902759552,
            0.0,
            1.0,
            0.0,
            0.0,
            0.0,
            1.0
        ],
        [
            0.0008019480155780911,
            0.2000119984149933,
            -0.21657299995422363,
            0.7104269862174988,
            0.11138799786567688,
            0.11045899987220764,
            0.011146600358188152,
            0.9560120105743408,
            -0.2931160032749176,
            -0.12621399760246277,
            0.29213500022888184,
            0.9480119943618774
        ],
        [
            -0.2707650065422058,
            0.22276900708675385,
            -0.2010270059108734,
            0.6673640012741089,
            0.09756380319595337,
            0.04422609880566597,
            -0.00030474099912680686,
            0.9632250070571899,
            -0.26869601011276245,
            0.11713899672031403,
            0.26688000559806824,
            0.9565839767456055
        ],
        [
            -0.2138330042362213,
            0.2283339947462082,
            -0.19670400023460388,
            0.6596670150756836,
            0.09037970006465912,
            0.041016701608896255,
            0.007598190102726221,
            0.9712820053100586,
            -0.23781099915504456,
            0.033068399876356125,
            0.23744399845600128,
            0.9708380103111267
        ],
        [
            -0.15205000340938568,
            0.22623500227928162,
            -0.19869400560855865,
            0.6845080256462097,
            0.1118760034441948,
            0.058563798666000366,
            0.004284299910068512,
            0.9527519941329956,
            -0.3037180006504059,
            -0.05968639999628067,
            0.3034229874610901,
            0.9509850144386292
        ],
        [
            -0.08902519941329956,
            0.21243199706077576,
            -0.2141920030117035,
            0.70066899061203,
            0.10902100056409836,
            0.04617390036582947,
            -0.003492850111797452,
            0.9651960134506226,
            -0.2615030109882355,
            -0.10820599645376205,
            0.2596049904823303,
            0.959634006023407
        ]
    ],
    "ops": [
        [
            0,
            0,
            0,
            1,
            2,
            0,
            2,
            0,
            0,
            1,
            1,
            1,
            1,
            0,
            0,
            1,
            0,
            0,
            1,
            0,
            0,
            1,
            1,
            2,
            1,
            1
        ]
    ],
    "syms": [
        [
            0.0,
            0.9961540102958679,
            -0.009858430363237858,
            -0.08706109970808029,
            0.016751199960708618,
            -0.467164009809494,
            -0.06560409814119339,
            0.0
        ],
        [
            0.0,
            0.996973991394043,
            -0.0004213399952277541,
            -0.07773009687662125,
            -0.026063399389386177,
            -0.7867580056190491,
            0.45311999320983887,
            0.0
        ],
        [
            0.0,
            0.9995589852333069,
            -0.029445800930261612,
            0.0037871398963034153,
            -0.0010706899920478463,
            0.21482400596141815,
            -0.20000499486923218,
            0.0
        ]
    ],
    "labels:": [
        [
            1,
            2,
            2,
            2,
            2,
            2,
            0,
            0,
            0,
            0,
            0,
            0
        ]
    ],
    "obj": 41546,
    "mat_index": 4262,
    "obbs": "N 19\n-0.0020885 0.563319 -0.279103 1 0 0 0 1 0 0 0 1 0.575389 0.086522 0.079255\n-0.00216977 -0.100094 0.180334 0.999953 -0.00966371 -1.25847e-06 0.00966371 0.999953 0.000260447 -1.25847e-06 -0.000260447 1 0.575933 0.142312 0.605284\n0.268624 0.206879 -0.198983 0.0576849 -0.305078 -0.950579 0.998323 0.0129138 0.0564376 -0.00494231 -0.95224 0.305311 0.113621 0.0397391 0.698798\n0.208322 0.219981 -0.188699 -0.0021896 -0.311214 -0.950337 0.999997 2.08905e-05 -0.00231085 0.000739023 -0.95034 0.311213 0.108382 0.0347792 0.674165\n0.147803 0.214493 -0.184041 0.000739249 0.950243 -0.311507 0.998345 -0.018615 -0.0544151 -0.0575063 -0.310952 -0.948684 0.688439 0.0434329 0.119206\n0.0878958 0.207832 -0.203036 -0.0814827 -0.285218 -0.954993 0.996658 -0.0177244 -0.0797441 0.00581777 -0.958299 0.285709 0.108879 0.0433387 0.703276\n0.000801948 0.200012 -0.216573 0.0111466 0.956012 -0.293116 -0.126214 0.292135 0.948012 0.99194 0.0264282 0.123918 0.710427 0.111388 0.110459\n-0.0890252 0.212432 -0.214192 0.108206 -0.259605 -0.959634 0.994122 0.0316481 0.103533 0.00349285 -0.965196 0.261503 0.109021 0.0461739 0.700669\n-0.15205 0.226235 -0.198694 0.0596864 -0.303423 -0.950985 0.998208 0.0140535 0.0581663 -0.0042843 -0.952752 0.303718 0.111876 0.0585638 0.684508\n-0.213833 0.228334 -0.196704 -0.0330684 -0.237444 -0.970838 0.999424 -0.0152407 -0.0303146 -0.00759819 -0.971282 0.237811 0.0903797 0.0410167 0.659667\n-0.270765 0.222769 -0.201027 -0.117139 -0.26688 -0.956584 0.993115 -0.0311833 -0.112913 0.000304741 -0.963225 0.268696 0.0975638 0.0442261 0.667364\n-0.204267 -0.464977 -0.0462878 0.664364 0.0344848 -0.746614 0.721585 -0.289911 0.628702 -0.194771 -0.956432 -0.21749 0.038555 0.0449136 0.655485\n0.199483 -0.462691 0.358118 -0.222194 0.956225 -0.19043 0.65471 0.291057 0.697597 0.722485 0.0303257 -0.690721 0.658864 0.0415278 0.0425297\n0.237769 -0.469352 -0.0849205 -0.229329 0.943801 0.238008 -0.551502 -0.32748 0.767204 0.802031 0.0446797 0.595609 0.656327 0.0401588 0.0306009\n-0.241492 -0.462523 0.398221 0.0236771 -0.267822 -0.963178 0.971036 -0.222971 0.0858697 -0.237758 -0.937313 0.254785 0.0394266 0.0365084 0.669998\n-0.277214 -0.786633 -0.118776 -0.62932 -7.43383e-07 -0.777146 -9.0648e-07 1 -2.22502e-07 0.777146 5.64442e-07 -0.62932 0.0585012 0.028547 0.0683951\n0.317881 -0.786884 -0.165173 0.62932 6.28238e-07 -0.777146 -2.94222e-06 1 -1.57418e-06 0.777146 3.2772e-06 0.62932 0.0683943 0.0285481 0.0585006\n0.271484 -0.786884 0.429922 -0.62932 -7.43464e-07 -0.777146 -9.0658e-07 1 -2.22526e-07 0.777146 5.64504e-07 -0.62932 0.0585006 0.028548 0.0683943\n-0.323611 -0.786633 0.476319 0.62932 9.62031e-07 -0.777146 -6.83999e-07 1 6.84011e-07 0.777146 1.01105e-07 0.62932 0.0683937 0.028547 0.0585006\nC 64\n0 7\n0 10\n0 3\n0 4\n0 5\n0 8\n0 6\n0 9\n0 2\n1 3\n1 6\n1 11\n1 2\n1 14\n1 5\n1 10\n1 13\n1 4\n1 9\n1 12\n1 8\n1 7\n2 5\n2 4\n2 13\n2 6\n2 3\n3 6\n3 13\n3 5\n3 4\n4 7\n4 8\n4 13\n4 5\n4 6\n5 6\n5 13\n5 8\n5 11\n5 7\n6 9\n6 7\n6 10\n6 11\n6 8\n6 13\n7 11\n7 10\n7 8\n7 9\n7 13\n8 9\n8 10\n8 11\n9 11\n9 10\n10 11\n11 14\n11 15\n12 17\n12 14\n13 16\n14 18\nS 7\n2\n10 -0.270765 0.222769 -0.201027\n2 0.268624 0.206879 -0.198983\n2\n-0.00107069 0.214824 -0.200005\n0.999559 -0.0294458 0.00378714\n2\n9 -0.213833 0.228334 -0.196704\n3 0.208322 0.219981 -0.188699\n2\n-0.0027553 0.224157 -0.192701\n0.999625 -0.0197788 0.0189553\n2\n8 -0.15205 0.226235 -0.198694\n4 0.147803 0.214493 -0.184041\n2\n-0.00212322 0.220364 -0.191367\n0.998045 -0.0390826 0.0487716\n2\n7 -0.0890252 0.212432 -0.214192\n5 0.0878958 0.207832 -0.203036\n2\n-0.000564721 0.210132 -0.208614\n0.997682 -0.0259378 0.0629104\n2\n11 -0.204267 -0.464977 -0.0462878\n13 0.237769 -0.469352 -0.0849205\n2\n0.0167512 -0.467164 -0.0656041\n0.996154 -0.00985843 -0.0870611\n2\n15 -0.277214 -0.786633 -0.118776\n16 0.317881 -0.786884 -0.165173\n2\n0.0203337 -0.786758 -0.141975\n0.996974 -0.000421378 -0.0777306\n2\n17 0.271484 -0.786884 0.429922\n18 -0.323611 -0.786633 0.476319\n2\n-0.0260634 -0.786758 0.45312\n-0.996974 0.00042134 0.0777301\nL 19\n0\n1\n0\n0\n0\n0\n0\n0\n0\n0\n0\n2\n2\n2\n2\n2\n2\n2\n2"
}