{
    "boxes": [
        [
            0.009077739901840687,
            -0.022595200687646866,
            0.17457999289035797,
            0.17207999527454376,
            1.0046700239181519,
            1.1555800437927246,
            0.0030527999624609947,
            0.9739999771118164,
            -0.22652900218963623,
            0.0003503279876895249,
            0.22652900218963623,
            0.9740039706230164
        ],
        [
            0.009720499627292156,
            -0.28641098737716675,
            0.15348200500011444,
            0.3828139901161194,
            0.13960200548171997,
            0.1276710033416748,
            0.0,
            1.0,
            0.0,
            0.0,
            0.0,
            1.0
        ],
        [
            0.009072000160813332,
            -0.480567991733551,
            0.15053999423980713,
            0.0262410007417202,
            0.9867709875106812,
            0.9865300059318542,
            0.0,
            1.0,
            0.0,
            0.0,
            0.0,
            1.0
        ],
        [
            0.008995779789984226,
            0.3226810097694397,
            -0.35152900218963623,
            0.751118004322052,
            0.15544000267982483,
            1.1563400030136108,
            0.0018187599489465356,
            0.9181380271911621,
            -0.3962549865245819,
            0.002765859942883253,
            0.39625000953674316,
            0.9181380271911621
        ],
        [
            0.009111570194363594,
            0.02283569984138012,
            -0.2977069914340973,
            0.1998089998960495,
            0.14362099766731262,
            1.1563199758529663,
            -0.004859690088778734,
            0.9223440289497375,
            -0.3863399922847748,
            -0.007304210215806961,
            0.3863010108470917,
            0.9223440289497375
        ]
    ],
    "ops": [
        [
            0,
            0,
            0,
            1,
            1,
            0,
            0,
            1,
            1
        ]
    ],
    "syms": [
        [
            0.0,
            0.0,
            0.0,
            0.0,
            0.0,
            0.0,
            0.0,
            0.0
        ]
    ],
    "labels:": [
        [
            1,
            2,
            2,
            0,
            0
        ]
    ],
    "obj": 41547,
    "mat_index": 4263,
    "obbs": "N 5\n0.00899578 0.322681 -0.351529 0.999995 -0.00276586 -0.00181876 0.00276586 0.39625 0.918138 -0.00181876 -0.918138 0.396255 1.15634 0.15544 0.751118\n0.00907774 -0.0225952 0.17458 -0.000350328 -0.226529 -0.974004 0.0030528 0.974 -0.226529 0.999995 -0.0030528 0.000350328 1.00467 0.17208 1.15558\n0.00911157 0.0228357 -0.297707 -0.00485969 0.922344 -0.38634 -0.00730421 0.386301 0.922344 0.999962 0.00730421 0.00485969 0.199809 0.143621 1.15632\n0.0097205 -0.286411 0.153482 1 0 0 0 1 0 0 0 1 0.127671 0.382814 0.139602\n0.009072 -0.480568 0.15054 1 0 0 0 1 0 0 0 1 0.98653 0.026241 0.986771\nC 6\n0 1\n0 3\n0 2\n1 2\n1 3\n3 4\nS 0\nL 5\n0\n1\n0\n2\n2"
}