{
    "boxes": [
        [
            0.0036120000295341015,
            -0.10201399773359299,
            0.12274599820375443,
            0.1507139950990677,
            0.8225070238113403,
            0.8631860017776489,
            0.0,
            1.0,
            0.0,
            0.0,
            0.0,
            1.0
        ],
        [
            -0.35576099157333374,
            -0.5125799775123596,
            -0.27141299843788147,
            0.7229089736938477,
            0.09109299629926682,
            0.08212500065565109,
            0.11815699934959412,
            0.9757919907569885,
            0.1840360015630722,
            -0.11964700371026993,
            -0.16999399662017822,
            0.9781550168991089
        ],
        [
            -0.34946298599243164,
            -0.2950100004673004,
            0.09113450348377228,
            0.059221301227808,
            0.626259982585907,
            0.020341400057077408,
            0.00152108003385365,
            0.9998480081558228,
            -0.017386000603437424,
            -0.08714249730110168,
            0.01745240017771721,
            0.9960430264472961
        ],
        [
            -0.3468700051307678,
            -0.45569300651550293,
            0.4177669882774353,
            0.8032270073890686,
            0.038186799734830856,
            0.0843397006392479,
            -0.020198600366711617,
            0.9997789859771729,
            -0.005870339926332235,
            -0.27907899022102356,
            8.717019994719521e-08,
            0.9602680206298828
        ],
        [
            0.004918000195175409,
            0.7654200196266174,
            -0.37902000546455383,
            0.11941999942064285,
            0.24313700199127197,
            0.9171419739723206,
            0.0,
            1.0,
            0.0,
            0.0,
            0.0,
            1.0
        ],
        [
            -0.3474290072917938,
            -0.06904830038547516,
            -0.28511300683021545,
            1.5922000408172607,
            0.18043799698352814,
            0.11502599716186523,
            -2.6425699616083875e-05,
            0.9996100068092346,
            0.027941599488258362,
            0.6928679943084717,
            -0.020129399374127388,
            0.720782995223999
        ],
        [
            0.0049424502067267895,
            0.3982760012149811,
            -0.332165002822876,
            0.07832659780979156,
            0.13706499338150024,
            0.6732950210571289,
            1.3934600247011986e-06,
            0.975600004196167,
            -0.21955600380897522,
            1.5486099869121972e-07,
            0.21955600380897522,
            0.975600004196167
        ],
        [
            0.00492693018168211,
            0.6178069710731506,
            -0.37873199582099915,
            0.07748989760875702,
            0.1523350030183792,
            0.7282059788703918,
            1.7610000213608146e-06,
            0.9944009780883789,
            -0.10567300021648407,
            9.330649675121094e-08,
            0.10567300021648407,
            0.9944009780883789
        ]
    ],
    "ops": [
        [
            0,
            0,
            0,
            0,
            1,
            1,
            2,
            1,
            0,
            0,
            2,
            1,
            0,
            0,
            2,
            1,
            1,
            1
        ]
    ],
    "syms": [
        [
            0.0,
            0.999891996383667,
            -0.012255299836397171,
            -0.008050289936363697,
            0.002574400044977665,
            -0.516972005367279,
            -0.2742980122566223,
            0.0
        ],
        [
            0.0,
            0.9999780058860779,
            -0.0027687898837029934,
            -0.006022369954735041,
            0.005398820154368877,
            -0.07002519816160202,
            -0.2872380018234253,
            0.0
        ],
        [
            0.0,
            -6.252530147321522e-05,
            0.9804199934005737,
            -0.19691699743270874,
            0.0049374401569366455,
            0.4528990089893341,
            -0.34561100602149963,
            0.0
        ]
    ],
    "labels:": [
        [
            1,
            2,
            2,
            2,
            0,
            0,
            0,
            0
        ]
    ],
    "obj": 41562,
    "mat_index": 4267,
    "obbs": "N 13\n0.004918 0.76542 -0.37902 1 0 0 0 1 0 0 0 1 0.917142 0.11942 0.243137\n0.003612 -0.102014 0.122746 1 0 0 0 1 0 0 0 1 0.863186 0.150714 0.822507\n0.358227 -0.0710021 -0.289363 0.662142 0.0432759 -0.748128 0.749125 -0.0122609 0.662315 0.0194896 -0.998988 -0.0405375 0.190243 0.109204 1.59278\n-0.347429 -0.0690483 -0.285113 2.64257e-05 -0.99961 -0.0279416 0.721064 0.0193789 -0.692597 0.692868 -0.0201294 0.720783 1.5922 0.115026 0.180438\n0.00494796 0.28799 -0.312489 -1.34375e-07 -0.25782 -0.966193 1.02477e-06 0.966193 -0.25782 1 -1.02477e-06 1.34375e-07 0.136748 0.0824095 0.653484\n0.00494245 0.398276 -0.332165 -1.54861e-07 -0.219556 -0.9756 1.39346e-06 0.9756 -0.219556 1 -1.39346e-06 1.54861e-07 0.137065 0.0783266 0.673295\n0.00492693 0.617807 -0.378732 -9.33065e-08 -0.105673 -0.994401 1.761e-06 0.994401 -0.105673 1 -1.761e-06 9.33065e-08 0.152335 0.0774899 0.728206\n0.352934 -0.29501 0.0911345 -0.00152113 -0.999848 -0.0173868 0.996195 0 -0.087155 0.0871417 -0.0174532 0.996043 0.0592218 0.0203424 0.62626\n-0.349463 -0.29501 0.0911345 0.0871425 -0.0174524 -0.996043 0.996195 3.33067e-16 0.0871558 -0.00152108 -0.999848 0.017386 0.62626 0.0203414 0.0592213\n0.352494 -0.455692 0.417767 0.960054 -0.021041 -0.279024 0.279086 6.87049e-07 0.960266 -0.0202048 -0.999779 0.00587292 0.0843457 0.0381876 0.803227\n-0.34687 -0.455693 0.417767 -0.960056 -0.0210344 -0.279018 -0.279079 8.71702e-08 0.960268 -0.0201986 0.999779 -0.00587034 0.0843397 0.0381868 0.803227\n-0.355761 -0.51258 -0.271413 0.118157 0.975792 0.184036 -0.119647 -0.169994 0.978155 0.98576 -0.137595 0.0966642 0.722909 0.091093 0.082125\n0.36091 -0.521364 -0.277183 0.931525 0.163397 -0.324903 0.347214 -0.133837 0.928186 0.108178 -0.97744 -0.181407 0.0831093 0.0863798 0.701605\nC 27\n0 2\n0 3\n0 6\n1 3\n1 11\n1 2\n1 10\n1 9\n1 12\n1 8\n1 7\n2 12\n2 5\n2 6\n2 7\n2 4\n3 11\n3 6\n3 5\n3 8\n3 4\n4 5\n5 6\n7 12\n7 9\n8 10\n8 11\nS 5\n2\n2 0.358227 -0.0710021 -0.289363\n3 -0.347429 -0.0690483 -0.285113\n2\n0.00539882 -0.0700252 -0.287238\n-0.999978 0.00276879 0.00602237\n2\n4 0.00494796 0.28799 -0.312489\n6 0.00492693 0.617807 -0.378732\n2\n0.00493744 0.452899 -0.345611\n-6.25253e-05 0.98042 -0.196917\n2\n7 0.352934 -0.29501 0.0911345\n8 -0.349463 -0.29501 0.0911345\n2\n0.00173587 -0.29501 0.0911345\n-1 0 3.11073e-08\n2\n9 0.352494 -0.455692 0.417767\n10 -0.34687 -0.455693 0.417767\n2\n0.00281222 -0.455693 0.417767\n-1 -1.528e-07 2.66026e-07\n2\n11 -0.355761 -0.51258 -0.271413\n12 0.36091 -0.521364 -0.277183\n2\n0.0025744 -0.516972 -0.274298\n0.999892 -0.0122553 -0.00805029\nL 13\n0\n1\n0\n0\n0\n0\n0\n2\n2\n2\n2\n2\n2"
}