{
    "boxes": [
        [
            -0.001462999964132905,
            -0.14806999266147614,
            0.24345199763774872,
            0.28055500984191895,
            0.969165027141571,
            0.9908180236816406,
            0.0,
            1.0,
            0.0,
            0.0,
            0.0,
            1.0
        ],
        [
            -0.5722619891166687,
            0.019923999905586243,
            0.0738774985074997,
            0.6165419816970825,
            1.3083100318908691,
            0.23638400435447693,
            0.0,
            1.0,
            0.0,
            0.0,
            0.0,
            1.0
        ],
        [
            -0.004560499917715788,
            -0.5007950067520142,
            0.04214150086045265,
            0.431894987821579,
            0.10365500301122665,
            0.10365500301122665,
            0.0,
            1.0,
            0.0,
            0.0,
            0.0,
            1.0
        ],
        [
            -0.2010599970817566,
            -0.6991580128669739,
            -0.23830799758434296,
            0.04423530027270317,
            0.6650009751319885,
            0.09012819826602936,
            0.08286230266094208,
            0.9948089718818665,
            -0.05906179919838905,
            0.5877469778060913,
            -0.0009231850272044539,
            0.8090440034866333
        ],
        [
            0.003647319972515106,
            0.17318999767303467,
            -0.41639700531959534,
            0.9770020246505737,
            0.34871000051498413,
            1.0591599941253662,
            -0.013934499584138393,
            0.9919909834861755,
            -0.12554100155830383,
            -0.01580739952623844,
            0.1253190040588379,
            0.9919909834861755
        ]
    ],
    "ops": [
        [
            0,
            0,
            2,
            1,
            0,
            0,
            2,
            1,
            1,
            0,
            1
        ]
    ],
    "syms": [
        [
            0.0,
            1.0,
            -9.234919707523659e-05,
            0.0003479819861240685,
            -0.011889000423252583,
            0.01987219974398613,
            0.07407250255346298,
            0.0
        ],
        [
            -1.0,
            -0.0022047599777579308,
            0.9999949932098389,
            0.002454610075801611,
            -0.0036555700935423374,
            -0.700311005115509,
            0.03917659819126129,
            0.25
        ]
    ],
    "labels:": [
        [
            1,
            3,
            2,
            2,
            0
        ]
    ],
    "obj": 41565,
    "mat_index": 4268,
    "obbs": "N 9\n0.00364732 0.17319 -0.416397 0.999778 0.0158074 0.0139345 -0.0158074 0.125319 0.991991 0.0139345 -0.991991 0.125541 1.05916 0.34871 0.977002\n0.548484 0.0198205 0.0742675 1 0 0 0 1 0 0 0 1 0.265698 0.616335 1.30754\n-0.572262 0.019924 0.0738775 1 0 0 0 1 0 0 0 1 0.236384 0.616542 1.30831\n-0.0045605 -0.500795 0.0421415 1 0 0 0 1 0 0 0 1 0.103655 0.431895 0.103655\n-0.001463 -0.14807 0.243452 1 0 0 0 1 0 0 0 1 0.990818 0.280555 0.969165\n-0.20106 -0.699158 -0.238308 -0.587747 0.000923185 -0.809044 0.0828623 0.994809 -0.0590618 0.80479 -0.101753 -0.584773 0.665001 0.0442353 0.0901282\n0.266374 -0.70015 -0.153615 -0.586717 0.0574731 -0.80775 0.0371424 0.998338 0.0440552 0.80894 -0.00415386 -0.587877 0.0804027 0.0425534 0.681295\n0.192938 -0.69964 0.311864 -0.587774 0.000881055 -0.809025 0.0249592 0.999543 -0.0170449 0.80864 -0.0302112 -0.587528 0.681154 0.038846 0.0800859\n-0.272874 -0.702297 0.236765 -0.573577 -0.210837 -0.791554 -0.133263 0.977453 -0.163787 0.808239 0.0115398 -0.588741 0.0869833 0.0559057 0.686916\nC 17\n0 1\n0 2\n0 4\n0 3\n1 4\n2 4\n3 8\n3 6\n3 7\n3 4\n3 5\n5 6\n5 7\n5 8\n6 7\n6 8\n7 8\nS 2\n2\n1 0.548484 0.0198205 0.0742675\n2 -0.572262 0.019924 0.0738775\n2\n-0.011889 0.0198722 0.0740725\n-1 9.23492e-05 -0.000347982\n4\n7 0.192938 -0.69964 0.311864\n6 0.266374 -0.70015 -0.153615\n5 -0.20106 -0.699158 -0.238308\n8 -0.272874 -0.702297 0.236765\n3\n-0.00365557 -0.700311 0.0391766\n0.00220476 -0.999995 -0.00245461\nL 9\n0\n3\n3\n2\n1\n2\n2\n2\n2"
}