{
    "boxes": [
        [
            -0.005342999938875437,
            -0.047844499349594116,
            0.09144700318574905,
            0.16195900738239288,
            0.8254219889640808,
            0.7700939774513245,
            0.0,
            1.0,
            0.0,
            0.0,
            0.0,
            1.0
        ],
        [
            -0.007395000196993351,
            -0.24349500238895416,
            0.44393399357795715,
            0.06052200123667717,
            0.023010000586509705,
            0.7110940217971802,
            0.0,
            1.0,
            0.0,
            0.0,
            0.0,
            1.0
        ],
        [
            -0.3205089867115021,
            -0.24349500238895416,
            0.13405099511146545,
            0.06052200123667717,
            0.6312950253486633,
            0.08494800329208374,
            0.0,
            1.0,
            0.0,
            0.0,
            0.0,
            1.0
        ],
        [
            -0.3308190107345581,
            -0.4305480122566223,
            0.4318560063838959,
            0.8311759829521179,
            0.08578400313854218,
            0.10294699668884277,
            0.0,
            1.0,
            0.0,
            0.0,
            0.0,
            1.0
        ],
        [
            0.3202059864997864,
            -0.43918201327323914,
            -0.2485799938440323,
            0.8271430134773254,
            0.10569000244140625,
            0.08977410197257996,
            -0.0981677994132042,
            0.9912059903144836,
            0.08873119950294495,
            -0.6377180218696594,
            -0.13110600411891937,
            0.7590299844741821
        ],
        [
            -0.008814999833703041,
            -0.24349600076675415,
            -0.2441979944705963,
            0.06052500009536743,
            0.1766750067472458,
            0.621474027633667,
            0.0,
            1.0,
            0.0,
            0.0,
            0.0,
            1.0
        ],
        [
            -0.3296140134334564,
            -0.4267530143260956,
            -0.24792499840259552,
            0.8515250086784363,
            0.11936300247907639,
            0.08969639986753464,
            0.07165329903364182,
            0.9908589720726013,
            0.1142989993095398,
            0.3335469961166382,
            -0.13179899752140045,
            0.9334750175476074
        ],
        [
            -0.2159769982099533,
            0.3977909982204437,
            -0.2954440116882324,
            0.5203570127487183,
            0.034307900816202164,
            0.052007101476192474,
            -0.046936798840761185,
            0.9948279857635498,
            -0.09008000046014786,
            0.3983219861984253,
            0.10134000331163406,
            0.9116299748420715
        ],
        [
            -0.11286400258541107,
            0.3977380096912384,
            -0.3297030031681061,
            0.5203419923782349,
            0.036474600434303284,
            0.05231219902634621,
            -0.030657900497317314,
            0.9943720102310181,
            -0.10140900313854218,
            0.25374600291252136,
            0.10587599873542786,
            0.9614589810371399
        ],
        [
            -0.3304699957370758,
            0.397801011800766,
            -0.2479349970817566,
            0.8819590210914612,
            0.09736599773168564,
            0.11982300132513046,
            -0.06799349933862686,
            0.9917290210723877,
            -0.10885900259017944,
            -0.6418650150299072,
            0.04004979878664017,
            0.7657709717750549
        ],
        [
            -0.009125630371272564,
            0.3978300094604492,
            -0.33803001046180725,
            0.5202569961547852,
            0.03650959953665733,
            0.05135279893875122,
            0.002951930044218898,
            0.9953699707984924,
            -0.09607119858264923,
            0.003250550013035536,
            0.0960616022348404,
            0.9953699707984924
        ],
        [
            -0.0036104999016970396,
            0.10050500184297562,
            -0.2794570028781891,
            0.07782699912786484,
            0.12212400138378143,
            0.583886981010437,
            0.0,
            1.0,
            0.0,
            0.0,
            0.0,
            1.0
        ]
    ],
    "ops": [
        [
            0,
            0,
            0,
            0,
            1,
            2,
            1,
            0,
            0,
            0,
            1,
            1,
            1,
            1,
            0,
            0,
            1,
            2,
            0,
            2,
            0,
            0,
            2,
            1,
            1,
            1,
            1
        ]
    ],
    "syms": [
        [
            0.0,
            0.9999979734420776,
            -7.996189879122539e-07,
            0.0018991000251844525,
            -0.007860749959945679,
            -0.24349500238895416,
            0.1346450001001358,
            0.0
        ],
        [
            0.0,
            0.9999880194664001,
            -4.6522400225512683e-05,
            0.004796990193426609,
            -0.00467162998393178,
            0.39778101444244385,
            -0.2944299876689911,
            0.0
        ],
        [
            0.0,
            0.9999679923057556,
            -0.008001130074262619,
            0.00036944198654964566,
            -0.005822130013257265,
            0.39520299434661865,
            -0.24781499803066254,
            0.0
        ],
        [
            0.0,
            -0.0011362199438735843,
            0.9964619874954224,
            -0.08403529971837997,
            -0.003959500230848789,
            0.406578004360199,
            -0.3052690029144287,
            0.0
        ]
    ],
    "labels:": [
        [
            1,
            2,
            2,
            2,
            2,
            2,
            2,
            0,
            0,
            0,
            0,
            0
        ]
    ],
    "obj": 41584,
    "mat_index": 4273,
    "obbs": "N 18\n-0.0036105 0.100505 -0.279457 1 0 0 0 1 0 0 0 1 0.583887 0.077827 0.122124\n-0.0043085 0.712651 -0.331082 1 0 0 0 1 0 0 0 1 0.656675 0.1324 0.132173\n-0.005343 -0.0478445 0.091447 1 0 0 0 1 0 0 0 1 0.770094 0.161959 0.825422\n0.206633 0.397771 -0.293416 0.0354422 0.995039 -0.0929537 -0.356821 0.099481 0.928861 0.9335 0.000246934 0.358577 0.5202 0.0363266 0.0508585\n0.102577 0.397798 -0.32688 0.0393905 0.99485 -0.0933927 -0.298372 0.100912 0.9491 0.953637 -0.00951983 0.30081 0.520796 0.0380141 0.0588661\n-0.00912563 0.39783 -0.33803 0.99999 -0.00325055 -0.00295193 0.00325055 0.0960616 0.99537 -0.00295193 -0.99537 0.0960712 0.0513528 0.0365096 0.520257\n-0.112864 0.397738 -0.329703 0.966785 0.00374423 -0.255564 0.253746 0.105876 0.961459 0.0306579 -0.994372 0.101409 0.0523122 0.0364746 0.520342\n-0.215977 0.397791 -0.295444 0.916044 0.00690813 -0.401018 0.398322 0.10134 0.91163 0.0469368 -0.994828 0.09008 0.0520071 0.0343079 0.520357\n0.304787 -0.243495 0.135239 1 0 0 0 1 0 0 0 1 0.095459 0.060523 0.63979\n-0.008815 -0.243496 -0.244198 1 0 0 0 1 0 0 0 1 0.621474 0.060525 0.176675\n-0.320509 -0.243495 0.134051 1 0 0 0 1 0 0 0 1 0.084948 0.060522 0.631295\n-0.007395 -0.243495 0.443934 1 0 0 0 1 0 0 0 1 0.711094 0.060522 0.02301\n0.318826 0.392606 -0.247695 -0.0729535 -0.992195 0.101129 0.860946 -0.113837 -0.495796 0.503438 0.0508962 0.862531 0.891796 0.121336 0.105253\n-0.33047 0.397801 -0.247935 0.641865 -0.0400498 -0.765771 0.763797 0.12194 0.633833 0.0679935 -0.991729 0.108859 0.097366 0.119823 0.881959\n-0.329614 -0.426753 -0.247925 0.940006 -0.0287625 -0.339942 0.333547 -0.131799 0.933475 -0.0716533 -0.990859 -0.114299 0.0896964 0.119363 0.851525\n0.320206 -0.439182 -0.24858 -0.0981678 0.991206 0.0887312 -0.637718 -0.131106 0.75903 0.763989 0.0179268 0.644981 0.827143 0.10569 0.0897741\n0.315811 -0.430548 0.43152 1 0 0 0 1 0 0 0 1 0.112034 0.831176 0.086456\n-0.330819 -0.430548 0.431856 1 0 0 0 1 0 0 0 1 0.102947 0.831176 0.085784\nC 69\n0 14\n0 2\n0 7\n0 3\n0 15\n0 4\n0 12\n0 5\n0 13\n0 6\n1 3\n1 6\n1 5\n1 13\n1 4\n1 12\n1 7\n2 8\n2 12\n2 5\n2 9\n2 13\n2 16\n2 6\n2 10\n2 3\n2 14\n2 17\n2 7\n2 11\n2 15\n2 4\n3 15\n3 6\n3 5\n3 12\n3 4\n4 7\n4 12\n4 5\n4 6\n4 15\n5 6\n5 13\n5 12\n5 7\n6 14\n6 7\n6 13\n7 14\n7 13\n8 9\n8 16\n8 15\n8 11\n8 12\n9 15\n9 14\n9 10\n9 13\n9 12\n10 11\n10 17\n10 13\n10 14\n11 16\n11 17\n12 15\n13 14\nS 6\n2\n0 -0.0036105 0.100505 -0.279457\n1 -0.0043085 0.712651 -0.331082\n2\n-0.0039595 0.406578 -0.305269\n-0.00113622 0.996462 -0.0840353\n2\n7 -0.215977 0.397791 -0.295444\n3 0.206633 0.397771 -0.293416\n2\n-0.00467163 0.397781 -0.29443\n0.999988 -4.65224e-05 0.00479699\n2\n6 -0.112864 0.397738 -0.329703\n4 0.102577 0.397798 -0.32688\n2\n-0.00514331 0.397768 -0.328291\n0.999914 0.000279896 0.0130994\n2\n8 0.304787 -0.243495 0.135239\n10 -0.320509 -0.243495 0.134051\n2\n-0.00786075 -0.243495 0.134645\n-0.999998 7.99619e-07 -0.0018991\n2\n12 0.318826 0.392606 -0.247695\n13 -0.33047 0.397801 -0.247935\n2\n-0.00582213 0.395203 -0.247815\n-0.999968 0.00800113 -0.000369442\n2\n16 0.315811 -0.430548 0.43152\n17 -0.330819 -0.430548 0.431856\n2\n-0.00750425 -0.430548 0.431688\n-1 0 0.000519617\nL 18\n0\n0\n1\n0\n0\n0\n0\n0\n2\n2\n2\n2\n0\n0\n2\n2\n2\n2"
}