{
    "boxes": [
        [
            -0.007055450230836868,
            -0.14774499833583832,
            0.24498000741004944,
            0.06858369708061218,
            0.8223320245742798,
            0.9648720026016235,
            -0.0012205600505694747,
            0.9823939800262451,
            -0.18681800365447998,
            -0.00011502300185384229,
            0.18681800365447998,
            0.9823949933052063
        ],
        [
            -0.5074300169944763,
            -0.17939700186252594,
            0.6587619781494141,
            1.0224100351333618,
            0.06376539915800095,
            0.1351660043001175,
            -0.0166717991232872,
            0.9998459815979004,
            -0.005544479936361313,
            0.03588870167732239,
            0.006140079814940691,
            0.9993370175361633
        ],
        [
            -0.46783000230789185,
            0.09905699640512466,
            0.6522110104560852,
            0.43710601329803467,
            0.06206899881362915,
            0.04041200131177902,
            0.0,
            1.0,
            0.0,
            0.0,
            0.0,
            1.0
        ],
        [
            -0.5260630249977112,
            0.3053489923477173,
            0.11177799850702286,
            0.04424300044775009,
            1.150230050086975,
            0.08508399873971939,
            0.0,
            1.0,
            0.0,
            0.0,
            0.0,
            1.0
        ],
        [
            -0.5079370141029358,
            -0.1796109974384308,
            -0.3739500045776367,
            1.0240700244903564,
            0.18511399626731873,
            0.1364690065383911,
            -0.035410698503255844,
            0.9993569850921631,
            0.005700190085917711,
            -0.1385509967803955,
            -0.010557900182902813,
            0.9902989864349365
        ],
        [
            -0.4647960066795349,
            0.014686799608170986,
            -0.228643000125885,
            0.47969600558280945,
            0.15315400063991547,
            0.03565030172467232,
            -0.007291589863598347,
            0.8260740041732788,
            -0.5635150074958801,
            0.022502999752759933,
            0.56352299451828,
            0.825793981552124
        ],
        [
            -0.4679949879646301,
            0.05341999977827072,
            -0.41125398874282837,
            0.47279998660087585,
            0.08993099629878998,
            0.04112999886274338,
            0.0,
            1.0,
            0.0,
            0.0,
            0.0,
            1.0
        ],
        [
            -0.4543269872665405,
            -0.4352410137653351,
            -0.43844500184059143,
            0.5299729704856873,
            0.04157700017094612,
            0.06518000364303589,
            0.0,
            1.0,
            0.0,
            0.0,
            0.0,
            1.0
        ],
        [
            -0.002348999958485365,
            -0.3192110061645508,
            -0.4371050000190735,
            0.044185999780893326,
            0.03843099996447563,
            0.8818140029907227,
            0.0,
            1.0,
            0.0,
            0.0,
            0.0,
            1.0
        ],
        [
            -0.4543220102787018,
            -0.3908129930496216,
            0.660610020160675,
            0.6188290119171143,
            0.04984299838542938,
            0.06518899649381638,
            0.0,
            1.0,
            0.0,
            0.0,
            0.0,
            1.0
        ],
        [
            -0.007052999921143055,
            0.1291549950838089,
            -0.30959299206733704,
            0.646668016910553,
            0.04189030081033707,
            0.9092370271682739,
            -6.965579814277589e-06,
            0.9780160188674927,
            -0.20852799713611603,
            -8.607319614384323e-06,
            0.20852799713611603,
            0.9780160188674927
        ],
        [
            -0.007048400118947029,
            0.12336300313472748,
            -0.3368319869041443,
            0.7012220025062561,
            0.08022519946098328,
            0.888372004032135,
            -0.00016879600298125297,
            0.9780279994010925,
            -0.20847199857234955,
            -0.00020856800256296992,
            0.20847199857234955,
            0.9780279994010925
        ]
    ],
    "ops": [
        [
            0,
            0,
            0,
            0,
            1,
            1,
            0,
            0,
            0,
            1,
            1,
            1,
            2,
            1,
            0,
            2,
            0,
            2,
            0,
            2,
            1,
            1,
            1,
            0,
            0,
            1,
            1
        ]
    ],
    "syms": [
        [
            0.0,
            0.9999949932098389,
            0.0031675200443714857,
            -0.00026403999072499573,
            -0.02196599915623665,
            -0.17785899341106415,
            0.6586329936981201,
            0.0
        ],
        [
            0.0,
            0.9999750256538391,
            0.007082940079271793,
            -0.0,
            -0.00681925006210804,
            -0.4320720136165619,
            -0.43844500184059143,
            0.0
        ],
        [
            0.0,
            -0.008771269582211971,
            9.989030331780668e-06,
            0.9999619722366333,
            -0.0071784998290240765,
            -0.31920599937438965,
            0.11347900331020355,
            0.0
        ],
        [
            0.0,
            0.9999989867210388,
            -5.600979875453049e-07,
            0.001034499960951507,
            -0.007972500286996365,
            -0.39081400632858276,
            0.6610720157623291,
            0.0
        ]
    ],
    "labels:": [
        [
            1,
            3,
            3,
            3,
            3,
            3,
            3,
            2,
            2,
            2,
            0,
            0
        ]
    ],
    "obj": 41621,
    "mat_index": 4281,
    "obbs": "N 21\n-0.007053 0.129155 -0.309593 -6.96558e-06 0.978016 -0.208528 -8.60732e-06 0.208528 0.978016 1 8.60732e-06 6.96558e-06 0.646668 0.0418903 0.909237\n-0.464796 0.0146868 -0.228643 -0.022503 -0.563523 -0.825794 0.99972 -0.0066594 -0.0226981 0.00729159 -0.826074 0.563515 0.153154 0.0356503 0.479696\n0.452032 0.00700712 -0.222743 -0.0162116 -0.556183 -0.830902 0.999868 -0.0084535 -0.0138497 0.000678925 -0.831017 0.556246 0.150119 0.0340387 0.479568\n-0.00705545 -0.147745 0.24498 0.000115023 -0.186818 -0.982395 -0.00122056 0.982394 -0.186818 0.999999 0.00122056 -0.000115023 0.822332 0.0685837 0.964872\n-0.467995 0.05342 -0.411254 1 0 0 0 1 0 0 0 1 0.04113 0.4728 0.089931\n-0.46783 0.099057 0.652211 1 0 0 0 1 0 0 0 1 0.040412 0.437106 0.062069\n0.454619 0.093682 0.658797 1 0 0 0 1 0 0 0 1 0.042681 0.394704 0.049581\n0.45524 0.0545135 -0.419478 1 0 0 0 1 0 0 0 1 0.043746 0.466509 0.075623\n-0.526063 0.305349 0.111778 1 0 0 0 1 0 0 0 1 0.085084 0.044243 1.15023\n-0.50743 -0.179397 0.658762 0.999217 0.0164618 -0.0359855 0.0358887 0.00614008 0.999337 0.0166718 -0.999846 0.00554448 0.135166 0.0637654 1.02241\n-0.507937 -0.179611 -0.37395 -0.989722 -0.0342774 -0.138836 -0.138551 -0.0105579 0.990299 -0.0354107 0.999357 0.00570019 0.136469 0.185114 1.02407\n0.511957 0.305349 0.111778 1 0 0 0 1 0 0 0 1 0.085084 0.044243 1.15023\n0.488798 -0.179378 -0.37316 0.987645 -0.045509 -0.149955 0.149675 -0.00952545 0.988689 -0.0464227 -0.998919 -0.00259619 0.136946 0.185202 1.02546\n0.463498 -0.176321 0.658505 -0.99668 0.0774362 0.025135 0.0251512 -0.000766309 0.999683 0.0774309 0.996997 -0.00118385 0.135888 0.0678116 1.02733\n-0.012008 -0.3192 0.664062 1 0 0 0 1 0 0 0 1 0.881162 0.044194 0.038431\n-0.002349 -0.319211 -0.437105 1 0 0 0 1 0 0 0 1 0.881814 0.044186 0.038431\n-0.454322 -0.390813 0.66061 1 0 0 0 1 0 0 0 1 0.065189 0.618829 0.049843\n0.438377 -0.390814 0.661534 1 0 0 0 1 0 0 0 1 0.069761 0.618828 0.047996\n0.440688 -0.428902 -0.438445 1 0 0 0 1 0 0 0 1 0.065897 0.542652 0.041577\n-0.454327 -0.435241 -0.438445 1 0 0 0 1 0 0 0 1 0.06518 0.529973 0.041577\n-0.0070484 0.123363 -0.336832 -0.000168796 0.978028 -0.208472 -0.000208568 0.208472 0.978028 1 0.000208568 0.000168796 0.701222 0.0802252 0.888372\nC 78\n0 20\n0 7\n0 10\n0 3\n0 15\n0 11\n0 4\n0 18\n0 12\n0 8\n0 1\n0 19\n0 2\n1 3\n1 20\n1 10\n1 4\n1 19\n1 8\n2 18\n2 12\n2 20\n2 3\n2 7\n2 11\n3 7\n3 17\n3 14\n3 10\n3 20\n3 6\n3 16\n3 13\n3 9\n3 5\n3 12\n3 4\n4 8\n4 19\n4 10\n4 20\n4 15\n5 9\n5 8\n5 16\n5 14\n6 17\n6 14\n6 11\n6 13\n7 12\n7 11\n7 20\n7 15\n7 18\n8 9\n8 10\n8 20\n9 14\n9 16\n10 15\n10 19\n10 20\n11 13\n11 12\n11 20\n12 20\n12 18\n12 15\n13 17\n13 14\n14 17\n14 16\n15 20\n15 18\n15 19\n18 20\n19 20\nS 9\n2\n1 -0.464796 0.0146868 -0.228643\n2 0.452032 0.00700712 -0.222743\n2\n-0.00638175 0.0108469 -0.225693\n0.999944 -0.00837584 0.0064349\n2\n4 -0.467995 0.05342 -0.411254\n7 0.45524 0.0545135 -0.419478\n2\n-0.0063775 0.0539668 -0.415366\n0.99996 0.00118437 -0.00890637\n2\n5 -0.46783 0.099057 0.652211\n6 0.454619 0.093682 0.658797\n2\n-0.00660575 0.0963695 0.655504\n0.999958 -0.00582664 0.00713831\n2\n8 -0.526063 0.305349 0.111778\n11 0.511957 0.305349 0.111778\n2\n-0.007053 0.305349 0.111778\n1 0 0\n2\n9 -0.50743 -0.179397 0.658762\n13 0.463498 -0.176321 0.658505\n2\n-0.021966 -0.177859 0.658633\n0.999995 0.00316752 -0.00026404\n2\n10 -0.507937 -0.179611 -0.37395\n12 0.488798 -0.179378 -0.37316\n2\n-0.00956967 -0.179495 -0.373555\n1 0.000234151 0.000792544\n2\n14 -0.012008 -0.3192 0.664062\n15 -0.002349 -0.319211 -0.437105\n2\n-0.0071785 -0.319206 0.113479\n0.00877127 -9.98903e-06 -0.999962\n2\n16 -0.454322 -0.390813 0.66061\n17 0.438377 -0.390814 0.661534\n2\n-0.0079725 -0.390814 0.661072\n0.999999 -5.60098e-07 0.0010345\n2\n18 0.440688 -0.428902 -0.438445\n19 -0.454327 -0.435241 -0.438445\n2\n-0.00681925 -0.432072 -0.438445\n-0.999975 -0.00708294 0\nL 21\n0\n3\n3\n1\n3\n3\n3\n3\n3\n3\n3\n3\n3\n3\n2\n2\n2\n2\n2\n2\n0"
}