{
    "boxes": [
        [
            -0.011662700213491917,
            -0.08041390031576157,
            0.15699699521064758,
            0.09474900364875793,
            0.6745160222053528,
            0.7373999953269958,
            0.0003498599980957806,
            0.999970018863678,
            0.007699919864535332,
            -1.3469699524648604e-06,
            -0.007699919864535332,
            0.999970018863678
        ],
        [
            -0.4125770032405853,
            -0.19578100740909576,
            -0.164001002907753,
            0.28679800033569336,
            0.022318599745631218,
            0.026358099654316902,
            0.06992500275373459,
            0.9594820141792297,
            0.2729560136795044,
            0.1308950036764145,
            -0.2800849974155426,
            0.9510089755058289
        ],
        [
            0.38877400755882263,
            -0.19346000254154205,
            -0.16362600028514862,
            0.29151299595832825,
            0.022776100784540176,
            0.024290800094604492,
            -0.027185000479221344,
            0.9614409804344177,
            0.27366501092910767,
            0.2556000053882599,
            -0.25797998905181885,
            0.9317269921302795
        ],
        [
            -0.4225960075855255,
            0.17935900390148163,
            0.051547400653362274,
            0.2083660066127777,
            0.5882390141487122,
            0.10971699655056,
            0.024279499426484108,
            0.8253610134124756,
            -0.5640829801559448,
            -0.21498100459575653,
            0.5553590059280396,
            0.8033429980278015
        ],
        [
            -0.4678249955177307,
            0.2821800112724304,
            0.1930290013551712,
            0.045625001192092896,
            0.3060550093650818,
            0.0944880023598671,
            0.0,
            1.0,
            0.0,
            0.0,
            0.0,
            1.0
        ],
        [
            -0.4230070114135742,
            -0.4162079989910126,
            -0.24253299832344055,
            0.7531200051307678,
            0.034502699971199036,
            0.033406298607587814,
            0.029301000759005547,
            0.9647989869117737,
            0.261352002620697,
            0.6732190251350403,
            -0.21231700479984283,
            0.7083060145378113
        ],
        [
            0.3475329875946045,
            -0.4431709945201874,
            0.47180598974227905,
            0.7102190256118774,
            0.060776300728321075,
            0.032875098288059235,
            -0.08105359971523285,
            0.9954890012741089,
            0.04930900037288666,
            -0.6539270281791687,
            -0.09044869989156723,
            0.7511320114135742
        ],
        [
            0.39409199357032776,
            -0.4121609926223755,
            -0.24011999368667603,
            0.7528949975967407,
            0.0419452004134655,
            0.038513101637363434,
            -0.0315869003534317,
            0.9625059962272644,
            0.2694149911403656,
            0.13501900434494019,
            -0.2629700005054474,
            0.9553099870681763
        ],
        [
            0.40122801065444946,
            -0.7823950052261353,
            0.05379689857363701,
            0.027950000017881393,
            0.7937150001525879,
            0.04852839931845665,
            -0.008264640346169472,
            0.9999629855155945,
            0.0022766399197280407,
            9.407959623786155e-06,
            -0.0022766399197280407,
            0.9999970197677612
        ],
        [
            0.0028764300514012575,
            0.26916301250457764,
            -0.23043499886989594,
            0.7272260189056396,
            0.16713100671768188,
            0.7373899817466736,
            0.04265179857611656,
            0.9580180048942566,
            -0.283517986536026,
            -0.012982199899852276,
            0.28428301215171814,
            0.9586520195007324
        ],
        [
            -0.28733301162719727,
            0.02904069982469082,
            -0.1936890035867691,
            0.30326899886131287,
            0.024650899693369865,
            0.11207199841737747,
            0.5485560297966003,
            0.8082849979400635,
            -0.21392199397087097,
            0.4068810045719147,
            -0.03454649820923805,
            0.9128280282020569
        ]
    ],
    "ops": [
        [
            0,
            0,
            0,
            0,
            0,
            1,
            2,
            1,
            1,
            1,
            0,
            2,
            0,
            0,
            0,
            2,
            1,
            1,
            1,
            1,
            0,
            0,
            2,
            1,
            1
        ]
    ],
    "syms": [
        [
            0.0,
            0.9999960064888,
            0.002830419922247529,
            0.00021236800239421427,
            -0.009822630323469639,
            0.180527001619339,
            0.051635101437568665,
            0.0
        ],
        [
            0.0,
            0.06481029838323593,
            -0.020214200019836426,
            0.9976930022239685,
            -0.3997670114040375,
            -0.42345601320266724,
            0.11522500216960907,
            0.0
        ],
        [
            0.0,
            0.999779999256134,
            -0.0014923999551683664,
            -0.020898399874567986,
            -0.01664930023252964,
            -0.7817710041999817,
            0.06253179907798767,
            0.0
        ],
        [
            0.0,
            0.9999560117721558,
            0.00936095044016838,
            -0.0010320399887859821,
            -0.013787100091576576,
            0.031601399183273315,
            -0.19397099316120148,
            0.0
        ]
    ],
    "labels:": [
        [
            1,
            3,
            3,
            3,
            3,
            2,
            2,
            2,
            2,
            0,
            0
        ]
    ],
    "obj": 41665,
    "mat_index": 4298,
    "obbs": "N 16\n0.00287643 0.269163 -0.230435 -0.999006 0.0372076 -0.0245624 -0.0129822 0.284283 0.958652 0.0426518 0.958018 -0.283518 0.73739 0.167131 0.727226\n0.40295 0.181696 0.0517227 -0.192728 -0.578951 -0.792257 0.978665 -0.0548241 -0.198011 0.0712037 -0.813517 0.577165 0.579222 0.112154 0.207119\n-0.422596 0.179359 0.0515474 0.0242795 0.825361 -0.564083 0.976316 0.101762 0.19092 0.214981 -0.555359 -0.803343 0.208366 0.109717 0.588239\n0.388774 -0.19346 -0.163626 -0.027185 0.961441 0.273665 0.2556 -0.25798 0.931727 0.9664 0.0952778 -0.238731 0.291513 0.0227761 0.0242908\n-0.412577 -0.195781 -0.164001 0.069925 0.959482 0.272956 0.130895 -0.280085 0.951009 0.988927 -0.0307707 -0.145177 0.286798 0.0223186 0.0263581\n-0.0116627 -0.0804139 0.156997 1.34697e-06 0.00769992 -0.99997 0.00034986 0.99997 0.00769992 1 -0.00034986 -1.34697e-06 0.674516 0.094749 0.7374\n0.444487 0.28218 0.193029 1 0 0 0 1 0 0 0 1 0.094488 0.045625 0.306055\n-0.467825 0.28218 0.193029 1 0 0 0 1 0 0 0 1 0.094488 0.045625 0.306055\n-0.287333 0.0290407 -0.193689 0.548556 0.808285 -0.213922 0.406881 -0.0345465 0.912828 0.730434 -0.587777 -0.347827 0.303269 0.0246509 0.112072\n0.259758 0.0341622 -0.194254 -0.550664 0.806571 -0.21497 -0.409417 -0.0365511 0.911615 0.727425 0.590006 0.350351 0.290611 0.0226558 0.111082\n0.394092 -0.412161 -0.24012 -0.0315869 0.962506 0.269415 0.135019 -0.26297 0.95531 0.990339 0.0665515 -0.12165 0.752895 0.0419452 0.0385131\n-0.423007 -0.416208 -0.242533 -0.673219 0.212317 -0.708306 0.738862 0.155193 -0.655742 -0.029301 -0.964799 -0.261352 0.0345027 0.0334063 0.75312\n0.347533 -0.443171 0.471806 -0.0810536 0.995489 0.049309 0.752203 0.0286374 0.658308 0.653927 0.0904487 -0.751132 0.710219 0.0328751 0.0607763\n-0.376527 -0.430705 0.472983 0.416758 -0.0394433 -0.908161 0.907557 -0.0385591 0.418155 -0.0515113 -0.998478 0.0197272 0.0383041 0.0346775 0.697399\n0.401228 -0.782395 0.0537969 0.999966 0.00826464 9.40796e-06 -0.00826464 0.999963 0.00227664 9.40796e-06 -0.00227664 0.999997 0.0485284 0.02795 0.793715\n-0.434526 -0.781147 0.0712667 0.991762 0.117023 -0.0521004 -0.116973 0.993127 0.0040125 0.0522118 0.00211488 0.998634 0.0640773 0.0313768 0.821841\nC 39\n0 2\n0 7\n0 10\n0 3\n0 11\n0 4\n0 5\n0 8\n0 1\n0 6\n0 9\n1 3\n1 6\n1 5\n1 10\n1 9\n2 8\n2 5\n2 7\n2 11\n2 4\n3 10\n3 9\n3 5\n4 8\n4 5\n4 11\n5 9\n5 13\n5 8\n5 12\n5 11\n5 10\n8 11\n9 10\n10 14\n11 15\n12 14\n13 15\nS 5\n2\n1 0.40295 0.181696 0.0517227\n2 -0.422596 0.179359 0.0515474\n2\n-0.00982263 0.180527 0.0516351\n-0.999996 -0.00283042 -0.000212368\n2\n6 0.444487 0.28218 0.193029\n7 -0.467825 0.28218 0.193029\n2\n-0.011669 0.28218 0.193029\n-1 0 0\n2\n8 -0.287333 0.0290407 -0.193689\n9 0.259758 0.0341622 -0.194254\n2\n-0.0137871 0.0316014 -0.193971\n0.999956 0.00936095 -0.00103204\n2\n11 -0.423007 -0.416208 -0.242533\n13 -0.376527 -0.430705 0.472983\n2\n-0.399767 -0.423456 0.115225\n0.0648103 -0.0202142 0.997693\n2\n14 0.401228 -0.782395 0.0537969\n15 -0.434526 -0.781147 0.0712667\n2\n-0.0166493 -0.781771 0.0625318\n-0.99978 0.0014924 0.0208984\nL 16\n0\n3\n3\n3\n3\n1\n3\n3\n0\n0\n2\n2\n2\n2\n2\n2"
}