{
    "boxes": [
        [
            0.017137499526143074,
            -0.1575320065021515,
            0.22892500460147858,
            0.2502729892730713,
            1.1058399677276611,
            1.1053400039672852,
            -0.009774809703230858,
            0.9943289756774902,
            -0.10589899867773056,
            -0.0005190409719944,
            0.10589899867773056,
            0.9943770170211792
        ],
        [
            -0.5074840188026428,
            -0.15625500679016113,
            0.6835470199584961,
            0.7971969842910767,
            0.08146700263023376,
            0.06392200291156769,
            0.0,
            1.0,
            0.0,
            0.0,
            0.0,
            1.0
        ],
        [
            -0.4802440106868744,
            0.25481900572776794,
            0.11871899664402008,
            0.09854789823293686,
            1.2130199670791626,
            0.06935690343379974,
            0.02996929921209812,
            0.9995329976081848,
            -0.006042019929736853,
            -0.0447411984205246,
            0.007380119990557432,
            0.9989709854125977
        ],
        [
            -0.452210009098053,
            -0.3140389919281006,
            -0.30186301469802856,
            0.5164690017700195,
            0.08475189656019211,
            0.07126359641551971,
            0.024990899488329887,
            0.9650070071220398,
            0.2610290050506592,
            0.3336629867553711,
            -0.25418901443481445,
            0.9077759981155396
        ],
        [
            -0.48011699318885803,
            -0.3613480031490326,
            0.19065900146961212,
            0.053425200283527374,
            0.995048999786377,
            0.02253130078315735,
            -0.00014905599527992308,
            0.9999960064888,
            0.002704029902815819,
            -0.05503999814391136,
            -0.0027081300504505634,
            0.9984800219535828
        ],
        [
            -0.5074030160903931,
            -0.3491399884223938,
            0.6833980083465576,
            0.41142699122428894,
            0.08116599917411804,
            0.0640840008854866,
            0.0,
            1.0,
            0.0,
            0.0,
            0.0,
            1.0
        ],
        [
            -0.4512479901313782,
            0.024196000769734383,
            -0.40042999386787415,
            1.1524900197982788,
            0.3169020116329193,
            0.0687234029173851,
            -0.0022678100503981113,
            0.9613400101661682,
            -0.2753550112247467,
            0.017197299748659134,
            0.27535200119018555,
            0.9611899852752686
        ],
        [
            0.023725399747490883,
            0.22760100662708282,
            -0.43035098910331726,
            0.7893049716949463,
            0.24652299284934998,
            0.8604239821434021,
            -0.000106305000372231,
            0.8277270197868347,
            -0.5611310005187988,
            -0.00020049700106028467,
            0.5611310005187988,
            0.8277270197868347
        ],
        [
            0.013321500271558762,
            -0.14459699392318726,
            -0.25767800211906433,
            0.03577600046992302,
            0.05616899952292442,
            0.9579089879989624,
            0.0,
            1.0,
            0.0,
            0.0,
            0.0,
            1.0
        ],
        [
            0.012575999833643436,
            -0.0012610099511221051,
            -0.3611010015010834,
            0.12408199906349182,
            0.17199000716209412,
            0.9390760064125061,
            0.0008661180036142468,
            0.990323007106781,
            -0.13878199458122253,
            6.0393198509700596e-05,
            0.13878199458122253,
            0.990323007106781
        ],
        [
            0.012575999833643436,
            0.14390499889850616,
            -0.4579020142555237,
            0.12408000230789185,
            0.17198899388313293,
            0.9390760064125061,
            0.0008662390173412859,
            0.990319013595581,
            -0.13880500197410583,
            6.0411799495341256e-05,
            0.13880500197410583,
            0.9903200268745422
        ],
        [
            0.012629499658942223,
            0.28652098774909973,
            -0.5522260069847107,
            0.1359429955482483,
            0.1750890016555786,
            0.939070999622345,
            0.0,
            1.0,
            0.0,
            0.0,
            0.0,
            1.0
        ],
        [
            0.012657799758017063,
            0.4229919910430908,
            -0.6427630186080933,
            0.12982399761676788,
            0.15148800611495972,
            0.9390730261802673,
            -0.0005199480219744146,
            0.7162449955940247,
            -0.6978489756584167,
            -0.00021141799516044557,
            0.6978489756584167,
            0.7162449955940247
        ]
    ],
    "ops": [
        [
            0,
            0,
            0,
            1,
            2,
            1,
            0,
            0,
            0,
            1,
            1,
            2,
            1,
            0,
            2,
            0,
            0,
            1,
            1,
            0,
            0,
            1,
            0,
            0,
            1,
            1,
            1,
            1
        ]
    ],
    "syms": [
        [
            0.0,
            1.0,
            4.3066202124464326e-06,
            -3.445300171733834e-05,
            0.014967000111937523,
            -0.15625199675559998,
            0.6835299730300903,
            0.0
        ],
        [
            0.0,
            0.9999610185623169,
            0.008792280219495296,
            0.0012474500108510256,
            0.015017599798738956,
            -0.3099310100078583,
            -0.3012799918651581,
            0.0
        ],
        [
            0.0,
            0.9999880194664001,
            -5.973810038994998e-05,
            -0.004966380074620247,
            0.014886300079524517,
            0.02416820079088211,
            -0.40274500846862793,
            0.0
        ]
    ],
    "labels:": [
        [
            1,
            3,
            3,
            2,
            2,
            2,
            0,
            0,
            0,
            0,
            0,
            0,
            0
        ]
    ],
    "obj": 41689,
    "mat_index": 4311,
    "obbs": "N 19\n0.0237254 0.227601 -0.430351 -0.000106305 0.827727 -0.561131 -0.000200497 0.561131 0.827727 1 0.000200497 0.000106305 0.789305 0.246523 0.860424\n0.0133215 -0.144597 -0.257678 1 0 0 0 1 0 0 0 1 0.957909 0.035776 0.056169\n0.0171375 -0.157532 0.228925 0.999952 0.00977481 -0.000519041 -0.00977481 0.994329 -0.105899 -0.000519041 0.105899 0.994377 1.10534 0.250273 1.10584\n-0.451248 0.024196 -0.40043 -0.0171973 -0.275352 -0.96119 0.99985 -0.00255557 -0.0171569 0.00226781 -0.96134 0.275355 0.316902 0.0687234 1.15249\n0.48102 0.0241404 -0.40506 0.03092 -0.281656 -0.959017 0.999515 0.0123059 0.0286115 0.00374298 -0.959437 0.2819 0.320867 0.0713767 1.1532\n-0.507484 -0.156255 0.683547 1 0 0 0 1 0 0 0 1 0.063922 0.797197 0.081467\n0.537418 -0.15625 0.683512 1 0 0 0 1 0 0 0 1 0.064356 0.79721 0.081479\n-0.480244 0.254819 0.118719 0.0447412 -0.00738012 -0.998971 0.998549 -0.0296681 0.0449415 -0.0299693 -0.999533 0.00604202 1.21302 0.0693569 0.0985479\n0.510508 0.248766 0.118454 -0.0449719 0.00777 -0.998958 0.997623 0.0526193 -0.0445025 0.0522187 -0.998584 -0.0101179 1.21334 0.0718463 0.104517\n0.503561 -0.361349 0.190659 0.000148935 -0.999996 0.00270193 0.998484 1.11022e-16 -0.0550381 0.0550379 0.00270603 0.998481 0.0534231 0.0225302 0.995049\n-0.480117 -0.361348 0.190659 0.05504 0.00270813 -0.99848 0.998484 5.88418e-15 0.0550402 0.000149056 -0.999996 -0.00270403 0.995049 0.0225313 0.0534252\n0.012576 -0.00126101 -0.361101 -6.03932e-05 -0.138782 -0.990323 0.000866118 0.990323 -0.138782 1 -0.000866118 6.03932e-05 0.17199 0.124082 0.939076\n0.012576 0.143905 -0.457902 -6.04118e-05 -0.138805 -0.99032 0.000866239 0.990319 -0.138805 1 -0.000866239 6.04118e-05 0.171989 0.12408 0.939076\n0.0126295 0.286521 -0.552226 1 0 0 0 1 0 0 0 1 0.939071 0.135943 0.175089\n0.0126578 0.422992 -0.642763 1 0.000519948 -0.000211418 -0.000519948 0.716245 -0.697849 -0.000211418 0.697849 0.716245 0.939073 0.129824 0.151488\n-0.507403 -0.34914 0.683398 1 0 0 0 1 0 0 0 1 0.064084 0.411427 0.081166\n0.537408 -0.353352 0.683471 1 0 0 0 1 0 0 0 1 0.064284 0.403006 0.081316\n0.482246 -0.305823 -0.300697 -0.0163301 0.964439 0.2638 -0.288607 -0.257152 0.922268 0.957308 -0.0610738 0.282543 0.520151 0.0895341 0.0685042\n-0.45221 -0.314039 -0.301863 0.0249909 0.965007 0.261029 0.333663 -0.254189 0.907776 0.942361 0.0644095 -0.32834 0.516469 0.0847519 0.0712636\nC 79\n0 14\n0 7\n0 10\n0 3\n0 17\n0 11\n0 4\n0 18\n0 12\n0 8\n0 1\n0 13\n0 9\n0 2\n1 3\n1 17\n1 11\n1 2\n1 10\n1 4\n1 9\n1 12\n1 18\n2 18\n2 8\n2 12\n2 5\n2 4\n2 9\n2 15\n2 16\n2 6\n2 10\n2 3\n2 17\n2 7\n2 11\n3 11\n3 7\n3 14\n3 10\n3 13\n3 12\n3 18\n4 8\n4 12\n4 9\n4 13\n4 14\n4 11\n4 17\n5 15\n5 10\n5 7\n6 9\n6 16\n6 8\n7 12\n7 11\n7 14\n7 13\n8 13\n8 14\n8 11\n8 17\n8 12\n9 17\n9 16\n10 15\n10 18\n11 18\n11 13\n11 12\n11 17\n12 13\n12 17\n12 14\n12 18\n13 14\nS 6\n2\n3 -0.451248 0.024196 -0.40043\n4 0.48102 0.0241404 -0.40506\n2\n0.0148863 0.0241682 -0.402745\n0.999988 -5.97381e-05 -0.00496638\n2\n5 -0.507484 -0.156255 0.683547\n6 0.537418 -0.15625 0.683512\n2\n0.014967 -0.156252 0.68353\n1 4.30662e-06 -3.4453e-05\n2\n7 -0.480244 0.254819 0.118719\n8 0.510508 0.248766 0.118454\n2\n0.0151319 0.251792 0.118587\n0.999981 -0.00610935 -0.00026759\n2\n9 0.503561 -0.361349 0.190659\n10 -0.480117 -0.361348 0.190659\n2\n0.0117218 -0.361348 0.190659\n-1 5.64323e-17 -2.79333e-08\n2\n15 -0.507403 -0.34914 0.683398\n16 0.537408 -0.353352 0.683471\n2\n0.0150025 -0.351246 0.683434\n0.999992 -0.0040318 6.98685e-05\n2\n17 0.482246 -0.305823 -0.300697\n18 -0.45221 -0.314039 -0.301863\n2\n0.0150176 -0.309931 -0.30128\n-0.999961 -0.00879228 -0.00124745\nL 19\n0\n0\n1\n0\n0\n3\n3\n3\n3\n2\n2\n0\n0\n0\n0\n2\n2\n2\n2"
}