{
    "boxes": [
        [
            -0.0032161399722099304,
            -0.08943039923906326,
            0.15706700086593628,
            0.12610599398612976,
            0.9525989890098572,
            0.9367899894714355,
            3.863829988404177e-06,
            0.9960709810256958,
            -0.08855590224266052,
            1.7141900343631278e-07,
            0.08855590224266052,
            0.9960709810256958
        ],
        [
            -0.48549801111221313,
            0.25600600242614746,
            0.22853900492191315,
            0.025774899870157242,
            0.4575220048427582,
            0.05274439975619316,
            -0.002415670081973076,
            0.9999970197677612,
            0.0003747429873328656,
            -0.05233540013432503,
            -0.0005006560240872204,
            0.9986289739608765
        ],
        [
            -0.47566598653793335,
            0.11851699650287628,
            0.028981700539588928,
            0.13925300538539886,
            0.7861949801445007,
            0.028281299397349358,
            0.019620999693870544,
            0.8909069895744324,
            -0.4537619948387146,
            -0.04851889982819557,
            0.4541630148887634,
            0.8895969986915588
        ],
        [
            -0.43077999353408813,
            -0.26526299118995667,
            0.20995600521564484,
            0.2774220108985901,
            1.048509955406189,
            0.06601560115814209,
            0.02583709917962551,
            0.8335779905319214,
            0.5517979860305786,
            0.034542299807071686,
            -0.5523970127105713,
            0.8328649997711182
        ],
        [
            -0.4192039966583252,
            -0.7458170056343079,
            0.15390299260616302,
            0.15805499255657196,
            0.8728309869766235,
            0.05708310008049011,
            0.01196139957755804,
            0.9883689880371094,
            -0.1516059935092926,
            -0.0030509100761264563,
            0.1516530066728592,
            0.9884290099143982
        ],
        [
            -0.4603149890899658,
            0.2819939851760864,
            -0.3616099953651428,
            0.764274001121521,
            0.10872899740934372,
            0.021518999710679054,
            -2.5129101022258737e-09,
            0.994521975517273,
            -0.1045290008187294,
            5.980950135153762e-08,
            0.1045290008187294,
            0.994521975517273
        ],
        [
            -0.001850400003604591,
            0.33126300573349,
            -0.3729090094566345,
            0.6493780016899109,
            0.07251240313053131,
            0.9054989814758301,
            1.104889997805003e-05,
            0.9988189935684204,
            -0.048587799072265625,
            1.1599499885051046e-05,
            0.048587799072265625,
            0.9988189935684204
        ],
        [
            -0.0032160000409930944,
            0.6617069840431213,
            -0.3533160090446472,
            0.027682200074195862,
            0.02768309973180294,
            0.934984028339386,
            0.0,
            0.9781469702720642,
            0.20791399478912354,
            0.0,
            -0.20791399478912354,
            0.9781469702720642
        ]
    ],
    "ops": [
        [
            0,
            0,
            0,
            1,
            2,
            1,
            0,
            0,
            1,
            2,
            1,
            0,
            2,
            0,
            0,
            1,
            1,
            1
        ]
    ],
    "syms": [
        [
            0.0,
            1.0,
            6.482959724962711e-05,
            -4.2896099330391735e-05,
            -0.0036092600785195827,
            0.25603699684143066,
            0.2285189926624298,
            0.0
        ],
        [
            0.0,
            1.0,
            -0.0009621090139262378,
            -0.0002656620054040104,
            0.011183000169694424,
            -0.2656880021095276,
            0.20983800292015076,
            0.0
        ],
        [
            0.0,
            1.0,
            5.770809941019195e-10,
            -1.980200003970367e-08,
            -0.003399499924853444,
            0.2819939851760864,
            -0.3616099953651428,
            0.0
        ]
    ],
    "labels:": [
        [
            1,
            3,
            3,
            2,
            2,
            0,
            0,
            0
        ]
    ],
    "obj": 41702,
    "mat_index": 4315,
    "obbs": "N 13\n-0.0018504 0.331263 -0.372909 1 -1.15995e-05 -1.10489e-05 1.15995e-05 0.0485878 0.998819 -1.10489e-05 -0.998819 0.0485878 0.905499 0.0725124 0.649378\n-0.003216 0.661707 -0.353316 1 0 0 0 0.978147 0.207914 0 -0.207914 0.978147 0.934984 0.0276822 0.0276831\n-0.00321614 -0.0894304 0.157067 -1.71419e-07 -0.0885559 -0.996071 3.86383e-06 0.996071 -0.0885559 1 -3.86383e-06 1.71419e-07 0.952599 0.126106 0.93679\n0.453517 0.281994 -0.36161 1.1412e-08 -0.104528 -0.994522 1 3.09015e-09 1.11501e-08 1.90772e-09 -0.994522 0.104528 0.108729 0.021519 0.764274\n-0.460315 0.281994 -0.36161 -5.98095e-08 -0.104529 -0.994522 1 -3.75265e-09 -5.97445e-08 2.51291e-09 -0.994522 0.104529 0.108729 0.021519 0.764274\n-0.485498 0.256006 0.228539 0.0523354 0.000500656 -0.998629 -0.00241567 0.999997 0.000374743 0.998627 0.00239275 0.0523364 0.457522 0.0257749 0.0527444\n0.47828 0.256069 0.228498 0.9986 -0.00762786 -0.0523396 0.0076878 0.99997 0.000944074 0.0523308 -0.00134513 0.998629 0.0512331 0.0262473 0.45741\n-0.475666 0.118517 0.0289817 0.019621 0.890907 -0.453762 0.99863 0.00456127 0.0521369 0.0485189 -0.454163 -0.889597 0.139253 0.0282813 0.786195\n0.467839 0.118593 0.0289781 -0.0485266 -0.453809 -0.889777 0.99863 -0.00456139 -0.0521368 0.0196015 -0.891088 0.453408 0.786201 0.0282814 0.139103\n-0.43078 -0.265263 0.209956 -0.0345423 0.552397 -0.832865 0.999069 -0.00245843 -0.0430661 -0.0258371 -0.833578 -0.551798 1.04851 0.0660156 0.277422\n0.453146 -0.266114 0.209721 -0.0259656 -0.833008 -0.552652 0.999111 -0.00325252 -0.0420394 0.0332216 -0.553252 0.832351 0.27902 0.064192 1.0485\n0.464727 -0.7452 0.152482 0.00190928 0.994424 -0.105442 0.999998 -0.00201724 -0.000917185 -0.00112477 -0.10544 -0.994425 0.139996 0.0550795 0.871788\n-0.419204 -0.745817 0.153903 0.0119614 0.988369 -0.151606 0.999924 -0.0113605 0.00482941 0.00305091 -0.151653 -0.988429 0.158055 0.0570831 0.872831\nC 30\n0 2\n0 7\n0 10\n0 3\n0 4\n0 8\n0 1\n0 9\n1 3\n1 4\n2 8\n2 5\n2 9\n2 6\n2 10\n2 3\n2 7\n2 4\n3 10\n3 8\n4 7\n4 9\n5 9\n5 7\n6 10\n6 8\n7 9\n8 10\n9 12\n10 11\nS 5\n2\n3 0.453517 0.281994 -0.36161\n4 -0.460315 0.281994 -0.36161\n2\n-0.0033995 0.281994 -0.36161\n-1 -5.77081e-10 1.9802e-08\n2\n5 -0.485498 0.256006 0.228539\n6 0.47828 0.256069 0.228498\n2\n-0.00360926 0.256037 0.228519\n1 6.48296e-05 -4.28961e-05\n2\n7 -0.475666 0.118517 0.0289817\n8 0.467839 0.118593 0.0289781\n2\n-0.00391383 0.118555 0.0289799\n1 8.01488e-05 -3.79041e-06\n2\n9 -0.43078 -0.265263 0.209956\n10 0.453146 -0.266114 0.209721\n2\n0.011183 -0.265688 0.209838\n1 -0.000962109 -0.000265662\n2\n11 0.464727 -0.7452 0.152482\n12 -0.419204 -0.745817 0.153903\n2\n0.0227616 -0.745509 0.153193\n-0.999998 -0.000698009 0.0016078\nL 13\n0\n0\n1\n0\n0\n3\n3\n3\n3\n2\n2\n2\n2"
}