{
    "boxes": [
        [
            0.002174499910324812,
            0.1137939989566803,
            0.06835539638996124,
            0.14272500574588776,
            0.6995940208435059,
            0.6884400248527527,
            -0.0025096500758081675,
            0.999442994594574,
            -0.03329110145568848,
            -4.1786101064644754e-05,
            0.03329110145568848,
            0.9994459748268127
        ],
        [
            -0.3302069902420044,
            -0.2716209888458252,
            -0.24835999310016632,
            0.6364920139312744,
            0.12119700014591217,
            0.022773999720811844,
            0.0,
            1.0,
            0.0,
            0.0,
            0.0,
            1.0
        ],
        [
            -0.32795700430870056,
            -0.5300620198249817,
            0.10394600033760071,
            0.09403830021619797,
            0.6468489766120911,
            0.028970999643206596,
            -0.040478501468896866,
            0.9977390170097351,
            -0.05364520102739334,
            -0.0008084669825620949,
            0.053656499832868576,
            0.9985589981079102
        ],
        [
            -0.3270840048789978,
            -0.2399439960718155,
            0.4280740022659302,
            0.6421859860420227,
            0.13278399407863617,
            0.026518400758504868,
            -0.006541689857840538,
            0.9957770109176636,
            -0.09156820178031921,
            -0.013772999867796898,
            0.09147170186042786,
            0.9957119822502136
        ],
        [
            0.006043999921530485,
            -0.5188109874725342,
            0.4554949998855591,
            0.023663999512791634,
            0.08403900265693665,
            0.6850259900093079,
            0.0,
            1.0,
            0.0,
            0.0,
            0.0,
            1.0
        ],
        [
            0.002581000095233321,
            -0.5466089844703674,
            -0.18762600421905518,
            0.021147700026631355,
            0.0833112969994545,
            0.6850590109825134,
            0.0015708199935033917,
            0.9990540146827698,
            -0.04345659911632538,
            3.414740058360621e-05,
            0.04345659911632538,
            0.999055027961731
        ],
        [
            0.0019904999062418938,
            0.8126819729804993,
            -0.3244740068912506,
            0.08538620173931122,
            0.025045400485396385,
            0.6852440237998962,
            0.0020241199526935816,
            0.9864019751548767,
            -0.16433699429035187,
            0.002389240078628063,
            0.16433200240135193,
            0.9864019751548767
        ],
        [
            -7.450059638358653e-05,
            0.6519659757614136,
            -0.3051910102367401,
            0.08414340019226074,
            0.021131999790668488,
            0.6851500272750854,
            -0.001189479953609407,
            0.992031991481781,
            -0.12598299980163574,
            -0.0013501000357791781,
            0.12598100304603577,
            0.992031991481781
        ],
        [
            -0.3306330144405365,
            0.507498025894165,
            -0.2849520146846771,
            0.7808579802513123,
            0.08814550191164017,
            0.02466990053653717,
            -0.0016905399970710278,
            0.9899259805679321,
            -0.14157600700855255,
            0.037426501512527466,
            0.14154000580310822,
            0.9892249703407288
        ]
    ],
    "ops": [
        [
            0,
            0,
            0,
            1,
            2,
            0,
            2,
            0,
            0,
            2,
            1,
            1,
            1,
            1,
            0,
            2,
            0,
            0,
            2,
            1,
            1,
            1
        ]
    ],
    "syms": [
        [
            0.0,
            0.9999669790267944,
            0.00040630498551763594,
            -0.008108239620923996,
            0.0013078500051051378,
            -0.2714860141277313,
            -0.2510479986667633,
            0.0
        ],
        [
            0.0,
            0.9999880194664001,
            -0.00454823998734355,
            -0.001989919925108552,
            0.004125259816646576,
            -0.2414499968290329,
            0.42741501331329346,
            0.0
        ],
        [
            0.0,
            0.005378230009227991,
            0.044491998851299286,
            0.9989950060844421,
            0.003449500072747469,
            -0.5394250154495239,
            -0.02630399912595749,
            0.0
        ],
        [
            0.0,
            0.005419429857283831,
            0.9917809963226318,
            -0.12782999873161316,
            0.0010072500444948673,
            0.6327430009841919,
            -0.30128100514411926,
            0.0
        ],
        [
            0.0,
            0.9998940229415894,
            0.013899699784815311,
            -0.004258039873093367,
            0.0010636199731379747,
            0.5121080279350281,
            -0.28636500239372253,
            0.0
        ]
    ],
    "labels:": [
        [
            1,
            2,
            2,
            2,
            2,
            2,
            0,
            0,
            0
        ]
    ],
    "obj": 41703,
    "mat_index": 4316,
    "obbs": "N 15\n0.0021745 0.113794 0.0683554 0.999997 0.00250965 -4.17861e-05 -0.00250965 0.999443 -0.0332911 -4.17861e-05 0.0332911 0.999446 0.68844 0.142725 0.699594\n0.33276 0.516719 -0.287777 -0.00211016 -0.158709 -0.987323 0.999997 0.00103205 -0.00230315 0.0013845 -0.987325 0.158706 0.0998723 0.0228894 0.760488\n-0.330633 0.507498 -0.284952 -0.0374265 -0.14154 -0.989225 0.999298 -0.00362636 -0.0372887 0.00169054 -0.989926 0.141576 0.0881455 0.0246699 0.780858\n0.0019905 0.812682 -0.324474 0.999995 -0.00238924 -0.00202412 0.00238924 0.164332 0.986402 -0.00202412 -0.986402 0.164337 0.685244 0.0250454 0.0853862\n-7.45006e-05 0.651966 -0.305191 -0.00118948 0.992032 -0.125983 -0.0013501 0.125981 0.992032 0.999998 0.0013501 0.00118948 0.0841434 0.021132 0.68515\n2.40006e-05 0.452804 -0.278089 -0.0011895 0.992032 -0.125982 -0.00135011 0.12598 0.992032 0.999998 0.00135011 0.0011895 0.0841434 0.021132 0.685149\n0.002581 -0.546609 -0.187626 -3.41474e-05 -0.0434566 -0.999055 0.00157082 0.999054 -0.0434566 0.999999 -0.00157082 3.41474e-05 0.0833113 0.0211477 0.685059\n0.004318 -0.53224 0.135018 -5.26372e-05 -0.0389485 -0.999241 0.00270188 0.999238 -0.0389485 0.999996 -0.00270188 5.26372e-05 0.0834092 0.0222981 0.685083\n0.006044 -0.518811 0.455495 1 0 0 0 1 0 0 0 1 0.685026 0.023664 0.084039\n0.332823 -0.271352 -0.253736 0.00391791 -0.99965 -0.0261819 0.999644 0.00460629 -0.0262838 0.0263952 -0.0260696 0.999312 0.63971 0.0253255 0.0986128\n-0.330207 -0.271621 -0.24836 1 0 0 0 1 0 0 0 1 0.022774 0.636492 0.121197\n0.335334 -0.242957 0.426756 -0.0011132 0.987336 -0.15864 0.999997 0.000768295 -0.00223543 -0.00208524 -0.158642 -0.987334 0.640269 0.0225402 0.0974692\n-0.327084 -0.239944 0.428074 0.013773 -0.0914717 -0.995712 0.999884 0.00777481 0.0131164 0.00654169 -0.995777 0.0915682 0.132784 0.0265184 0.642186\n0.334278 -0.527467 0.099725 -0.00141078 -0.0525153 -0.998619 0.999731 -0.0231736 -0.000193696 -0.0231314 -0.998351 0.0525339 0.729994 0.0255252 0.101567\n-0.327957 -0.530062 0.103946 -0.0404785 0.997739 -0.0536452 0.99918 0.0404636 -0.0013653 0.000808467 -0.0536565 -0.998559 0.0940383 0.028971 0.646849\nC 35\n0 2\n0 10\n0 11\n0 12\n0 5\n0 1\n0 9\n1 3\n1 5\n1 4\n1 9\n2 5\n2 10\n2 3\n2 4\n3 4\n4 5\n6 9\n6 14\n6 7\n6 10\n6 13\n7 12\n7 11\n7 14\n7 8\n7 13\n8 13\n8 14\n8 11\n8 12\n9 13\n10 14\n11 13\n12 14\nS 6\n2\n1 0.33276 0.516719 -0.287777\n2 -0.330633 0.507498 -0.284952\n2\n0.00106362 0.512108 -0.286365\n-0.999894 -0.0138997 0.00425804\n2\n5 2.40006e-05 0.452804 -0.278089\n3 0.0019905 0.812682 -0.324474\n2\n0.00100725 0.632743 -0.301281\n0.00541943 0.991781 -0.12783\n2\n6 0.002581 -0.546609 -0.187626\n7 0.004318 -0.53224 0.135018\n2\n0.0034495 -0.539425 -0.026304\n0.00537823 0.044492 0.998995\n2\n9 0.332823 -0.271352 -0.253736\n10 -0.330207 -0.271621 -0.24836\n2\n0.00130785 -0.271486 -0.251048\n-0.999967 -0.000406305 0.00810824\n2\n11 0.335334 -0.242957 0.426756\n12 -0.327084 -0.239944 0.428074\n2\n0.00412526 -0.24145 0.427415\n-0.999988 0.00454824 0.00198992\n2\n13 0.334278 -0.527467 0.099725\n14 -0.327957 -0.530062 0.103946\n2\n0.00316042 -0.528764 0.101835\n-0.999972 -0.00391866 0.00637304\nL 15\n1\n0\n0\n0\n0\n0\n2\n2\n2\n2\n2\n2\n2\n2\n2"
}