{
    "boxes": [
        [
            0.00016450000111944973,
            -0.02145650051534176,
            0.06433600187301636,
            0.054607000201940536,
            0.7705540060997009,
            0.801925003528595,
            0.0,
            1.0,
            0.0,
            0.0,
            0.0,
            1.0
        ],
        [
            -0.011827000416815281,
            -0.17617399990558624,
            -0.2931880056858063,
            0.03852599859237671,
            0.050687000155448914,
            0.5030320286750793,
            0.0,
            1.0,
            0.0,
            0.0,
            0.0,
            1.0
        ],
        [
            -0.2685970067977905,
            -0.42292100191116333,
            -0.2920669913291931,
            0.7963780164718628,
            0.04654080048203468,
            0.047424398362636566,
            0.05789700150489807,
            0.9982510209083557,
            -0.01196100004017353,
            0.01196100004017353,
            0.011286599561572075,
            0.9998649954795837
        ],
        [
            0.006345499772578478,
            -0.4690229892730713,
            0.36761000752449036,
            0.036403998732566833,
            0.036403998732566833,
            0.7007790207862854,
            -0.0,
            1.0,
            -6.474670044553932e-06,
            0.0,
            6.474670044553932e-06,
            1.0
        ],
        [
            -0.3496930003166199,
            -0.44010400772094727,
            0.3729200065135956,
            0.7826880216598511,
            0.04853900149464607,
            0.04853900149464607,
            0.0,
            1.0,
            0.0,
            0.0,
            0.0,
            1.0
        ],
        [
            -0.30883198976516724,
            -0.38561999797821045,
            0.036701999604701996,
            0.03675080090761185,
            0.6681910157203674,
            0.03458670154213905,
            0.03565419837832451,
            0.9993640184402466,
            -0.000963615020737052,
            -0.14997899532318115,
            0.006304100155830383,
            0.9886689782142639
        ],
        [
            -0.3057979941368103,
            -0.22787000238895416,
            0.036702100187540054,
            0.036750901490449905,
            0.6681910157203674,
            0.034586500376462936,
            0.035651400685310364,
            0.9993640184402466,
            -0.0009641220094636083,
            -0.14997899532318115,
            0.0063041700050234795,
            0.9886689782142639
        ],
        [
            -0.26704201102256775,
            0.43847399950027466,
            -0.29224398732185364,
            1.0031499862670898,
            0.05065060034394264,
            0.05368930101394653,
            -0.046809498220682144,
            0.9988110065460205,
            -0.013597600162029266,
            0.013597600162029266,
            0.014248399995267391,
            0.9998059868812561
        ],
        [
            -0.09409750252962112,
            0.764286994934082,
            -0.33369600772857666,
            0.30757999420166016,
            0.03397509828209877,
            0.030258800834417343,
            -0.0329027995467186,
            0.9994310140609741,
            -0.007483030203729868,
            -0.554328978061676,
            -0.012018299661576748,
            0.8322110176086426
        ],
        [
            0.0934315025806427,
            0.7648259997367859,
            -0.3326849937438965,
            0.2974179983139038,
            0.030097899958491325,
            0.03584849834442139,
            -0.015981100499629974,
            0.9995750188827515,
            -0.02439800091087818,
            -0.12324299663305283,
            0.022245800122618675,
            0.992127001285553
        ],
        [
            0.17761099338531494,
            0.7675089836120605,
            -0.3177649974822998,
            0.2920919954776764,
            0.030303800478577614,
            0.03459149971604347,
            0.007980789989233017,
            0.9995099902153015,
            -0.030280500650405884,
            -0.679751992225647,
            0.027631700038909912,
            0.7329210042953491
        ],
        [
            -0.00032900000223889947,
            0.7713459730148315,
            -0.3393790125846863,
            0.3025969862937927,
            0.03032430075109005,
            0.03605569899082184,
            0.0044687301851809025,
            0.9995560050010681,
            -0.02947329916059971,
            0.5162690281867981,
            0.02293580025434494,
            0.8561199903488159
        ],
        [
            0.0009774529607966542,
            0.3264180123806,
            -0.310698002576828,
            0.0361533984541893,
            0.08366270363330841,
            0.5150859951972961,
            0.00690220994874835,
            0.9999759793281555,
            0.0006146890227682889,
            -2.121380020980723e-06,
            -0.0006146890227682889,
            1.0
        ],
        [
            -0.007581999991089106,
            0.4610309898853302,
            -0.3105190098285675,
            0.03642509877681732,
            0.08378689736127853,
            0.5287520289421082,
            0.002688139909878373,
            0.9999960064888,
            -0.0004217870009597391,
            5.669119786944066e-07,
            0.0004217870009597391,
            1.0
        ]
    ],
    "ops": [
        [
            0,
            0,
            0,
            2,
            1,
            0,
            2,
            0,
            0,
            0,
            1,
            1,
            2,
            1,
            1,
            1,
            0,
            2,
            0,
            0,
            1,
            1,
            0,
            0,
            2,
            1,
            0,
            0,
            1,
            2,
            1,
            1,
            1
        ]
    ],
    "syms": [
        [
            0.0,
            0.9999229907989502,
            -0.008022580295801163,
            0.009422590024769306,
            -0.0014098800020292401,
            -0.4250650107860565,
            -0.28954899311065674,
            0.0
        ],
        [
            0.0,
            -0.07570210099220276,
            0.9967079758644104,
            0.0290181003510952,
            -3.300000025774352e-05,
            -0.3850429952144623,
            0.3700549900531769,
            0.0
        ],
        [
            0.0,
            1.0,
            -0.0,
            -0.0,
            0.0006970000104047358,
            -0.44010400772094727,
            0.3729200065135956,
            0.0
        ],
        [
            0.0,
            0.9998800158500671,
            0.012454699724912643,
            0.009221320040524006,
            -0.0016500500496476889,
            0.4417800009250641,
            -0.28979700803756714,
            0.0
        ],
        [
            0.0,
            0.9946810007095337,
            0.02664080075919628,
            -0.09949959814548492,
            -0.09312929958105087,
            0.7688599824905396,
            -0.3300960063934326,
            0.0
        ],
        [
            0.0,
            -0.005398849956691265,
            0.9999369978904724,
            -0.009800019674003124,
            -0.0006192729924805462,
            0.6221529841423035,
            -0.3135969936847687,
            0.0
        ]
    ],
    "labels:": [
        [
            1,
            2,
            2,
            2,
            2,
            2,
            2,
            0,
            0,
            0,
            0,
            0,
            0,
            0
        ]
    ],
    "obj": 41715,
    "mat_index": 4323,
    "obbs": "N 23\n0.0001645 -0.0214565 0.064336 1 0 0 0 1 0 0 0 1 0.801925 0.054607 0.770554\n-0.18593 0.766375 -0.320813 0.390687 -0.0183317 -0.920341 0.919684 0.0504743 0.389403 0.0393151 -0.998557 0.0365791 0.0357106 0.0300693 0.303644\n-0.0940975 0.764287 -0.333696 -0.0329028 0.999431 -0.00748303 0.831647 0.0315301 0.554408 0.554329 0.0120183 -0.832211 0.30758 0.0302588 0.0339751\n-0.000329 0.771346 -0.339379 0.856415 -0.0190419 -0.515937 0.516269 0.0229358 0.85612 -0.00446873 -0.999556 0.0294733 0.0360557 0.0303243 0.302597\n0.0934315 0.764826 -0.332685 -0.992248 -0.0188622 -0.122835 -0.123243 0.0222458 0.992127 -0.0159811 0.999575 -0.024398 0.0358485 0.0300979 0.297418\n0.177611 0.767509 -0.317765 -0.733399 -0.0147339 -0.679639 -0.679752 0.0276317 0.732921 0.00798079 0.99951 -0.0302805 0.0345915 0.0303038 0.292092\n-0.002216 0.917887 -0.316495 -4.59862e-08 0.000112672 -1 -0.000816285 1 0.000112672 1 0.000816285 4.59862e-08 0.084374 0.0364102 0.585826\n0.00135864 0.616242 -0.310473 4.52851e-05 -0.0128104 -0.999918 -0.00706968 0.999893 -0.0128104 0.999975 0.00706968 -4.52851e-05 0.0840423 0.0364404 0.550523\n-0.007582 0.461031 -0.310519 -5.66912e-07 -0.000421787 -1 0.00268814 0.999996 -0.000421787 0.999996 -0.00268814 5.66912e-07 0.0837869 0.0364251 0.528752\n0.000977453 0.326418 -0.310698 2.12138e-06 0.000614689 -1 0.00690221 0.999976 0.000614689 0.999976 -0.00690221 -2.12138e-06 0.0836627 0.0361534 0.515086\n-0.011827 -0.176174 -0.293188 1 0 0 0 1 0 0 0 1 0.503032 0.038526 0.050687\n0.313079 -0.379045 0.0403565 -0.0356413 -0.999364 -0.000965598 0.988047 -0.0350926 -0.150108 0.149979 -0.00630412 0.988669 0.0367509 0.0345867 0.668192\n0.310071 -0.240363 0.0398385 -0.0356563 -0.999364 -0.000963296 0.988046 -0.0351078 -0.150108 0.149979 -0.0063041 0.988669 0.0367508 0.0345866 0.668192\n-0.305798 -0.22787 0.0367021 0.149979 -0.00630417 -0.988669 0.988046 -0.0351028 0.150108 -0.0356514 -0.999364 0.000964122 0.668191 0.0345865 0.0367509\n-0.308832 -0.38562 0.036702 0.149979 -0.0063041 -0.988669 0.988046 -0.0351057 0.150108 -0.0356542 -0.999364 0.000963615 0.668191 0.0345867 0.0367508\n-0.0064115 -0.301062 0.3725 1 0 0 0 1 0 0 0 1 0.700779 0.036404 0.036404\n0.0063455 -0.469023 0.36761 1 0 -0 -0 1 -6.47467e-06 0 6.47467e-06 1 0.700779 0.036404 0.036404\n0.265777 -0.427208 -0.287031 -0.124635 -0.0214595 -0.991971 0.990427 0.0570918 -0.125676 0.0593303 -0.998138 0.0141384 0.0486872 0.0477732 0.776733\n-0.268597 -0.422921 -0.292067 -0.057897 -0.998251 0.011961 0.998251 -0.0580323 -0.0112866 0.011961 0.0112866 0.999865 0.796378 0.0474244 0.0465408\n0.351087 -0.440104 0.37292 1 0 0 0 1 0 0 0 1 0.048539 0.782688 0.048539\n-0.349693 -0.440104 0.37292 1 0 0 0 1 0 0 0 1 0.048539 0.782688 0.048539\n0.263742 0.445085 -0.287349 -0.0437781 -0.998958 0.0128809 0.99706 -0.0444993 -0.0623797 0.0628879 0.0101122 0.997969 1.00035 0.0533804 0.0493944\n-0.267042 0.438474 -0.292244 0.0468095 -0.998811 0.0135976 0.998811 0.0466156 -0.0142484 0.0135976 0.0142484 0.999806 1.00315 0.0536893 0.0506506\nC 85\n0 20\n0 10\n0 21\n0 15\n0 17\n0 22\n0 18\n0 12\n0 19\n0 13\n1 3\n1 6\n1 2\n1 4\n1 22\n1 8\n1 7\n2 8\n2 22\n2 5\n2 6\n2 3\n2 7\n2 4\n3 21\n3 7\n3 6\n3 5\n3 22\n3 8\n3 4\n4 7\n4 8\n4 5\n4 6\n4 21\n5 6\n5 8\n5 21\n5 7\n6 21\n6 22\n7 21\n7 22\n7 8\n8 9\n8 21\n8 22\n9 22\n9 21\n10 11\n10 17\n10 21\n10 12\n10 18\n10 22\n10 13\n10 14\n11 16\n11 19\n11 12\n11 17\n11 15\n12 16\n12 17\n12 21\n12 15\n12 19\n13 22\n13 16\n13 20\n13 15\n13 14\n13 18\n14 18\n14 15\n14 20\n14 16\n15 20\n15 16\n15 19\n16 19\n16 20\n17 21\n18 22\nS 9\n2\n1 -0.18593 0.766375 -0.320813\n3 -0.000329 0.771346 -0.339379\n2\n-0.0931293 0.76886 -0.330096\n0.994681 0.0266408 -0.0994996\n2\n9 0.000977453 0.326418 -0.310698\n6 -0.002216 0.917887 -0.316495\n2\n-0.000619273 0.622153 -0.313597\n-0.00539885 0.999937 -0.00980002\n2\n8 -0.007582 0.461031 -0.310519\n7 0.00135864 0.616242 -0.310473\n2\n-0.00311168 0.538636 -0.310496\n0.0575077 0.998345 0.000296235\n2\n11 0.313079 -0.379045 0.0403565\n14 -0.308832 -0.38562 0.036702\n2\n0.00212351 -0.382333 0.0385293\n-0.999927 -0.0105715 -0.00587581\n2\n12 0.310071 -0.240363 0.0398385\n13 -0.305798 -0.22787 0.0367021\n2\n0.00213646 -0.234116 0.0382703\n-0.999781 0.0202807 -0.00509158\n2\n15 -0.0064115 -0.301062 0.3725\n16 0.0063455 -0.469023 0.36761\n2\n-3.3e-05 -0.385043 0.370055\n0.0757021 -0.996708 -0.0290181\n2\n17 0.265777 -0.427208 -0.287031\n18 -0.268597 -0.422921 -0.292067\n2\n-0.00140988 -0.425065 -0.289549\n-0.999923 0.00802258 -0.00942259\n2\n19 0.351087 -0.440104 0.37292\n20 -0.349693 -0.440104 0.37292\n2\n0.000697 -0.440104 0.37292\n-1 0 0\n2\n21 0.263742 0.445085 -0.287349\n22 -0.267042 0.438474 -0.292244\n2\n-0.00165005 0.44178 -0.289797\n-0.99988 -0.0124547 -0.00922132\nL 23\n1\n0\n0\n0\n0\n0\n0\n0\n0\n0\n2\n2\n2\n2\n2\n2\n2\n2\n2\n2\n2\n0\n0"
}