{
    "boxes": [
        [
            0.010105499997735023,
            -0.09756399691104889,
            0.17570999264717102,
            0.2170020043849945,
            1.0046800374984741,
            0.9643189907073975,
            0.0,
            1.0,
            0.0,
            0.0,
            0.0,
            1.0
        ],
        [
            0.014434900134801865,
            -0.2506850063800812,
            -0.3874410092830658,
            0.04654359817504883,
            0.04342389851808548,
            0.7716249823570251,
            -0.0013315000105649233,
            0.9645199775695801,
            -0.26400500535964966,
            -0.0017449200386181474,
            0.2640030086040497,
            0.9645199775695801
        ],
        [
            -0.43870699405670166,
            -0.2847230136394501,
            0.03832840174436569,
            0.07202570140361786,
            0.8063179850578308,
            0.06757909804582596,
            0.4377650022506714,
            0.8923580050468445,
            -0.10981500148773193,
            0.02540390007197857,
            0.10981500148773193,
            0.9936270117759705
        ],
        [
            -0.4045960009098053,
            -0.24807800352573395,
            -0.3596000075340271,
            0.9036480188369751,
            0.1493079960346222,
            0.13564500212669373,
            -0.011102600023150444,
            0.9834039807319641,
            0.18109199404716492,
            0.1390489935874939,
            -0.17782500386238098,
            0.9741889834403992
        ],
        [
            0.01000870019197464,
            -0.2886529862880707,
            0.5073379874229431,
            0.09394709765911102,
            0.05494289845228195,
            0.8218470215797424,
            -0.050613000988960266,
            0.9915220141410828,
            -0.11967899650335312,
            0.0019461000338196754,
            0.11992999911308289,
            0.9927800297737122
        ],
        [
            0.4308130145072937,
            -0.39013001322746277,
            0.48656898736953735,
            0.6028059720993042,
            0.1283629983663559,
            0.13767500221729279,
            -0.013869499787688255,
            0.9926609992980957,
            -0.12013500183820724,
            -0.13325700163841248,
            0.11723999679088593,
            0.9841229915618896
        ],
        [
            0.017331499606370926,
            0.40038299560546875,
            -0.31009700894355774,
            0.7425820231437683,
            0.09171350300312042,
            0.8580399751663208,
            0.0006659330101683736,
            0.9338610172271729,
            -0.3576349914073944,
            0.0009681250085122883,
            0.3576340079307556,
            0.9338610172271729
        ],
        [
            -0.42503100633621216,
            0.24540400505065918,
            -0.2659339904785156,
            0.6954900026321411,
            0.1412460058927536,
            0.10527399927377701,
            0.01928500086069107,
            0.9366940259933472,
            -0.34961798787117004,
            0.4774470031261444,
            0.2986080050468445,
            0.8263639807701111
        ]
    ],
    "ops": [
        [
            0,
            0,
            0,
            0,
            1,
            2,
            1,
            0,
            0,
            2,
            1,
            1,
            1,
            0,
            0,
            2,
            1,
            1
        ]
    ],
    "syms": [
        [
            0.0,
            0.9999399781227112,
            0.010658100247383118,
            -0.002512669889256358,
            0.006981910206377506,
            -0.27997300028800964,
            0.037208400666713715,
            0.0
        ],
        [
            0.0,
            0.9999229907989502,
            -0.0010947600239887834,
            -0.01237920019775629,
            0.009872869588434696,
            -0.3896690011024475,
            0.49178001284599304,
            0.0
        ],
        [
            0.0,
            0.9998679757118225,
            -0.014505299739539623,
            0.007319429889321327,
            0.010711600072681904,
            0.23908300697803497,
            -0.2627440094947815,
            0.0
        ]
    ],
    "labels:": [
        [
            1,
            2,
            2,
            2,
            2,
            2,
            0,
            0
        ]
    ],
    "obj": 41739,
    "mat_index": 4336,
    "obbs": "N 12\n0.0173315 0.400383 -0.310097 0.999999 -0.000968125 -0.000665933 0.000968125 0.357634 0.933861 -0.000665933 -0.933861 0.357635 0.85804 0.0917135 0.742582\n0.452671 -0.275222 0.0360885 0.000242295 -0.134618 -0.990897 0.967833 0.249334 -0.0336366 0.251592 -0.959015 0.130349 0.815044 0.0474554 0.0937159\n0.0144349 -0.250685 -0.387441 0.999998 0.00174492 0.0013315 -0.00174492 0.264003 0.96452 0.0013315 -0.96452 0.264005 0.771625 0.0434239 0.0465436\n0.0100087 -0.288653 0.507338 -0.050613 0.991522 -0.119679 0.0019461 0.11993 0.99278 0.998716 0.0500147 -0.00799964 0.0939471 0.0549429 0.821847\n-0.438707 -0.284723 0.0383284 -0.0254039 -0.109815 -0.993627 0.437765 0.892358 -0.109815 0.89873 -0.437765 0.0254039 0.806318 0.0720257 0.0675791\n0.0101055 -0.097564 0.17571 1 0 0 0 1 0 0 0 1 0.964319 0.217002 1.00468\n0.446454 0.232761 -0.259554 0.395827 -0.239875 -0.886443 0.917409 0.14641 0.370035 0.0410223 -0.9597 0.278016 0.155523 0.0968064 0.717349\n-0.425031 0.245404 -0.265934 -0.019285 -0.936694 0.349618 0.878449 -0.18286 -0.441463 0.477447 0.298608 0.826364 0.69549 0.105274 0.141246\n-0.404596 -0.248078 -0.3596 0.0111026 -0.983404 -0.181092 0.990223 0.0359966 -0.134767 0.139049 -0.177825 0.974189 0.903648 0.135645 0.149308\n0.424041 -0.252058 -0.357753 -0.00248154 -0.98102 -0.193889 0.995805 -0.0201589 0.0892529 -0.0914675 -0.192854 0.976955 0.898022 0.134267 0.141282\n0.430813 -0.39013 0.486569 -0.990984 -0.0296581 -0.130653 -0.133257 0.11724 0.984123 -0.0138695 0.992661 -0.120135 0.137675 0.128363 0.602806\n-0.411067 -0.389208 0.496991 0.0129567 0.990489 -0.136978 0.13451 0.134018 0.981808 0.990828 -0.0311459 -0.131494 0.603545 0.108623 0.136136\nC 33\n0 7\n0 5\n0 8\n0 6\n0 9\n1 3\n1 6\n1 2\n1 5\n1 10\n1 9\n2 8\n2 5\n2 9\n2 6\n2 7\n2 4\n3 11\n3 10\n3 5\n3 4\n4 7\n4 8\n4 5\n4 11\n5 9\n5 6\n5 8\n5 11\n5 10\n5 7\n6 9\n7 8\nS 4\n2\n1 0.452671 -0.275222 0.0360885\n4 -0.438707 -0.284723 0.0383284\n2\n0.00698191 -0.279973 0.0372084\n-0.99994 -0.0106581 0.00251267\n2\n6 0.446454 0.232761 -0.259554\n7 -0.425031 0.245404 -0.265934\n2\n0.0107116 0.239083 -0.262744\n-0.999868 0.0145053 -0.00731943\n2\n8 -0.404596 -0.248078 -0.3596\n9 0.424041 -0.252058 -0.357753\n2\n0.00972234 -0.250068 -0.358676\n0.999986 -0.00480247 0.00222978\n2\n10 0.430813 -0.39013 0.486569\n11 -0.411067 -0.389208 0.496991\n2\n0.00987287 -0.389669 0.49178\n-0.999923 0.00109476 0.0123792\nL 12\n0\n2\n2\n2\n2\n1\n0\n0\n2\n2\n2\n2"
}