{
    "boxes": [
        [
            0.0017285000067204237,
            -0.06332950294017792,
            0.10984999686479568,
            0.14187300205230713,
            0.7008649706840515,
            0.7061190009117126,
            0.0,
            1.0,
            0.0,
            0.0,
            0.0,
            1.0
        ],
        [
            -0.3224309980869293,
            -0.4554550051689148,
            -0.27294299006462097,
            0.6674090027809143,
            0.10379499942064285,
            0.047908999025821686,
            -2.144789992843845e-16,
            0.9659259915351868,
            0.25881901383399963,
            5.746939876108116e-17,
            -0.25881901383399963,
            0.9659259915351868
        ],
        [
            -0.3224309980869293,
            -0.45566999912261963,
            0.48605599999427795,
            0.6672639846801758,
            0.10756699740886688,
            0.04827579855918884,
            -2.0451800082810223e-05,
            0.9667720198631287,
            -0.25564199686050415,
            -0.0034075600560754538,
            0.25564101338386536,
            0.9667659997940063
        ],
        [
            -0.3224309980869293,
            0.2382889986038208,
            -0.32182401418685913,
            0.6593689918518066,
            0.07378990203142166,
            0.047908999025821686,
            -2.144789992843845e-16,
            0.9659259915351868,
            -0.25881901383399963,
            -5.746939876108116e-17,
            0.25881901383399963,
            0.9659259915351868
        ],
        [
            -0.014178000390529633,
            0.44721299409866333,
            -0.2716509997844696,
            0.24928200244903564,
            0.3719789981842041,
            1.0888400077819824,
            0.0,
            1.0,
            0.0,
            0.0,
            0.0,
            1.0
        ],
        [
            0.004797500092536211,
            0.3087399899959564,
            -0.29527100920677185,
            0.027664000168442726,
            0.4192200005054474,
            1.1267900466918945,
            0.0,
            1.0,
            0.0,
            0.0,
            0.0,
            1.0
        ]
    ],
    "ops": [
        [
            0,
            0,
            0,
            1,
            2,
            1,
            0,
            2,
            0,
            0,
            2,
            1,
            1,
            1
        ]
    ],
    "syms": [
        [
            0.0,
            1.0,
            -0.0,
            -0.0,
            0.0013419999741017818,
            -0.4554550051689148,
            -0.27294299006462097,
            0.0
        ],
        [
            0.0,
            1.0,
            0.0008445329731330276,
            -0.00018912399536930025,
            0.0013419999741017818,
            0.23856200277805328,
            -0.32188498973846436,
            0.0
        ],
        [
            0.0,
            -0.0,
            1.0,
            -0.0,
            0.004797500092536211,
            0.43338099122047424,
            -0.29527100920677185,
            0.0
        ]
    ],
    "labels:": [
        [
            1,
            2,
            2,
            0,
            0,
            0
        ]
    ],
    "obj": 41757,
    "mat_index": 4350,
    "obbs": "N 10\n-0.014178 0.447213 -0.271651 1 0 0 0 1 0 0 0 1 1.08884 0.249282 0.371979\n0.0047975 0.558022 -0.295271 1 -3.15249e-19 0 3.15249e-19 1 -0 0 0 1 1.12679 0.027664 0.41922\n0.0047975 0.30874 -0.295271 1 0 0 0 1 0 0 0 1 1.12679 0.027664 0.41922\n0.0017285 -0.0633295 0.10985 1 0 0 0 1 0 0 0 1 0.706119 0.141873 0.700865\n0.325116 0.238836 -0.321947 5.74694e-17 -0.258819 -0.965926 1 2.22045e-16 0 2.14479e-16 -0.965926 0.258819 0.0737908 0.047909 0.659369\n-0.322431 0.238289 -0.321824 5.74694e-17 -0.258819 -0.965926 1 2.22045e-16 0 2.14479e-16 -0.965926 0.258819 0.0737899 0.047909 0.659369\n0.325116 -0.455455 -0.272943 2.14479e-16 -0.965926 -0.258819 1 2.22045e-16 0 5.74694e-17 -0.258819 0.965926 0.667409 0.047909 0.103795\n-0.322431 -0.455455 -0.272943 2.14479e-16 -0.965926 -0.258819 1 2.22045e-16 0 5.74694e-17 -0.258819 0.965926 0.667409 0.047909 0.103795\n0.325104 -0.455616 0.486719 -0.00129344 -0.26 -0.965608 0.999999 -0.000433605 -0.00122275 -0.000100776 -0.965609 0.26 0.108909 0.0480875 0.66744\n-0.322431 -0.45567 0.486056 0.00340756 -0.255641 -0.966766 0.999994 0.000890888 0.0032891 2.04518e-05 -0.966772 0.255642 0.107567 0.0482758 0.667264\nC 17\n0 1\n0 5\n0 4\n0 2\n1 2\n1 4\n1 5\n2 4\n2 5\n3 8\n3 9\n3 6\n3 7\n3 4\n3 5\n4 6\n5 7\nS 4\n2\n1 0.0047975 0.558022 -0.295271\n2 0.0047975 0.30874 -0.295271\n2\n0.0047975 0.433381 -0.295271\n0 -1 0\n2\n4 0.325116 0.238836 -0.321947\n5 -0.322431 0.238289 -0.321824\n2\n0.001342 0.238562 -0.321885\n-1 -0.000844533 0.000189124\n2\n6 0.325116 -0.455455 -0.272943\n7 -0.322431 -0.455455 -0.272943\n2\n0.001342 -0.455455 -0.272943\n-1 0 0\n2\n8 0.325104 -0.455616 0.486719\n9 -0.322431 -0.45567 0.486056\n2\n0.00133654 -0.455643 0.486388\n-0.999999 -8.32645e-05 -0.00102416\nL 10\n0\n0\n0\n1\n0\n0\n2\n2\n2\n2"
}