{
    "boxes": [
        [
            -0.004921230021864176,
            0.002970899920910597,
            0.18664799630641937,
            0.09211190044879913,
            0.8016489744186401,
            0.8931469917297363,
            -0.001927530043758452,
            0.9928269982337952,
            -0.11954300105571747,
            -0.00011562599684111774,
            0.11954300105571747,
            0.9928290247917175
        ],
        [
            -0.43617698550224304,
            0.21582700312137604,
            -0.2561889886856079,
            0.014627000316977501,
            0.01689000055193901,
            0.04378800094127655,
            0.0,
            1.0,
            0.0,
            0.0,
            0.0,
            1.0
        ],
        [
            -0.43735599517822266,
            -0.02140449918806553,
            0.12023799866437912,
            0.014627000316977501,
            0.01689000055193901,
            0.04378800094127655,
            0.0,
            1.0,
            0.0,
            0.0,
            0.0,
            1.0
        ],
        [
            -0.4628460109233856,
            0.18917599320411682,
            0.029899299144744873,
            0.4699859917163849,
            0.6209719777107239,
            0.05317069962620735,
            -0.021464599296450615,
            0.9920480251312256,
            -0.12401899695396423,
            0.017491299659013748,
            0.12440100312232971,
            0.9920780062675476
        ],
        [
            -0.4324429929256439,
            -0.021364999935030937,
            -0.1838659942150116,
            0.014626000076532364,
            0.016889000311493874,
            0.043786998838186264,
            0.0,
            1.0,
            0.0,
            0.0,
            0.0,
            1.0
        ],
        [
            -0.004914499819278717,
            -0.4440799951553345,
            0.02241850085556507,
            0.4462999999523163,
            0.07336299866437912,
            0.0771389976143837,
            0.0,
            1.0,
            0.0,
            0.0,
            0.0,
            1.0
        ],
        [
            -0.1866849958896637,
            -0.5783860087394714,
            -0.22475600242614746,
            0.13569100201129913,
            0.5673440098762512,
            0.03714130073785782,
            -0.09194210171699524,
            0.9876880049705505,
            -0.126569002866745,
            0.5805540084838867,
            0.15643900632858276,
            0.7990520000457764
        ],
        [
            -0.34159401059150696,
            -0.731997013092041,
            -0.43779200315475464,
            0.11938200145959854,
            0.09686409682035446,
            0.08584100008010864,
            0.30611300468444824,
            0.8443390130996704,
            0.43975600600242615,
            0.5147449970245361,
            -0.5353819727897644,
            0.6696299910545349
        ],
        [
            -0.3845129907131195,
            0.28696098923683167,
            -0.2865230143070221,
            0.7412760257720947,
            0.13038000464439392,
            0.08508989959955215,
            0.07103309780359268,
            0.97781902551651,
            -0.19704100489616394,
            0.14986099302768707,
            0.1848360002040863,
            0.9712759852409363
        ],
        [
            -0.006443880032747984,
            0.33479800820350647,
            -0.2656730115413666,
            0.7522280216217041,
            0.11874900013208389,
            0.8913419842720032,
            -0.004757139831781387,
            0.9664559960365295,
            -0.2567889988422394,
            -0.006186080165207386,
            0.2567580044269562,
            0.9664559960365295
        ],
        [
            -0.00472514983266592,
            0.5346980094909668,
            -0.3620159924030304,
            0.04256030172109604,
            0.08748079836368561,
            0.6645979881286621,
            0.0015995600260794163,
            0.9379500150680542,
            -0.34676700830459595,
            0.00028621600358746946,
            0.34676700830459595,
            0.9379510283470154
        ]
    ],
    "ops": [
        [
            0,
            0,
            0,
            0,
            0,
            1,
            1,
            1,
            2,
            1,
            0,
            0,
            0,
            1,
            2,
            1,
            1,
            0,
            2,
            0,
            0,
            1,
            1,
            1
        ]
    ],
    "syms": [
        [
            0.0,
            1.0,
            -0.0,
            -0.0,
            -0.004914499819278717,
            0.21582700312137604,
            -0.2561889886856079,
            0.0
        ],
        [
            -1.0,
            -2.094810042763129e-06,
            1.0,
            -6.724119884893298e-06,
            -0.004914429970085621,
            -0.5783870220184326,
            0.02523599937558174,
            0.20000000298023224
        ],
        [
            0.0,
            0.9999160170555115,
            0.008918030187487602,
            -0.009397299960255623,
            -0.01074340008199215,
            0.2902950048446655,
            -0.2900350093841553,
            0.0
        ]
    ],
    "labels:": [
        [
            1,
            3,
            3,
            3,
            3,
            2,
            2,
            2,
            0,
            0,
            0
        ]
    ],
    "obj": 41838,
    "mat_index": 4388,
    "obbs": "N 24\n-0.00644388 0.334798 -0.265673 -0.00475714 0.966456 -0.256789 -0.00618608 0.256758 0.966456 0.99997 0.00618608 0.00475714 0.752228 0.118749 0.891342\n-0.00472515 0.534698 -0.362016 0.999999 -0.00159956 0.000286216 0.00159956 0.93795 -0.346767 0.000286216 0.346767 0.937951 0.664598 0.0425603 0.0874808\n0.452995 0.185643 0.0275885 0.0207472 0.996233 -0.0841925 0.999617 -0.0191255 0.0200224 0.0183368 -0.0845756 -0.996248 0.473677 0.0531707 0.613224\n-0.462846 0.189176 0.0298993 -0.0174913 -0.124401 -0.992078 0.999617 0.0191253 -0.0200224 0.0214646 -0.992048 0.124019 0.620972 0.0531707 0.469986\n0.422614 -0.021365 -0.183866 1 0 0 0 1 0 0 0 1 0.043788 0.014626 0.016889\n0.427527 -0.0214045 0.120238 1 0 0 0 1 0 0 0 1 0.043787 0.014627 0.01689\n0.426348 0.215827 -0.256189 1 0 0 0 1 0 0 0 1 0.043788 0.014627 0.01689\n-0.436177 0.215827 -0.256189 1 0 0 0 1 0 0 0 1 0.043788 0.014627 0.01689\n-0.437356 -0.0214045 0.120238 1 0 0 0 1 0 0 0 1 0.043788 0.014627 0.01689\n-0.432443 -0.021365 -0.183866 1 0 0 0 1 0 0 0 1 0.043787 0.014626 0.016889\n-0.00492123 0.0029709 0.186648 0.999998 0.00192753 -0.000115626 -0.00192753 0.992827 -0.119543 -0.000115626 0.119543 0.992829 0.893147 0.0921119 0.801649\n-0.384513 0.286961 -0.286523 -0.149861 -0.184836 -0.971276 0.986152 -0.0985215 -0.133407 -0.0710331 -0.977819 0.197041 0.13038 0.0850899 0.741276\n0.363026 0.293628 -0.293548 -0.020149 -0.188479 -0.98187 0.997372 0.0645631 -0.0328606 0.0695862 -0.979953 0.186683 0.114989 0.0968407 0.724037\n0.176671 -0.578387 -0.22489 0.580549 -0.156434 -0.799056 0.809017 -9.14922e-08 0.587786 -0.0919496 -0.987688 0.126558 0.567344 0.0371413 0.135691\n-0.186685 -0.578386 -0.224756 -0.580554 -0.156439 -0.799052 0.809014 -1.38404e-05 -0.587789 0.0919421 -0.987688 0.126569 0.567344 0.0371413 0.135691\n0.289084 -0.578388 0.120639 0.148776 0.987689 0.0483288 -0.309022 1.1978e-05 0.951055 0.939346 -0.156429 0.30522 0.135691 0.0371408 0.567344\n-0.0047996 -0.578387 0.334328 8.42762e-07 -0.987688 -0.156434 1 8.75416e-07 -1.39847e-07 2.75071e-07 -0.156434 0.987688 0.135691 0.037141 0.567344\n-0.298842 -0.578388 0.120859 0.939346 0.156429 -0.30522 0.309022 1.2299e-05 0.951055 0.148777 -0.987689 -0.0483285 0.567344 0.0371408 0.135691\n-0.0049145 -0.44408 0.0224185 1 0 0 0 1 0 0 0 1 0.077139 0.4463 0.073363\n-0.549865 -0.731996 0.201839 -0.475536 -0.86096 0.180594 0.814445 -0.508476 -0.27952 0.332483 0.0141622 0.943003 0.119356 0.0966316 0.0860293\n-0.341594 -0.731997 -0.437792 0.306113 0.844339 0.439756 0.514745 -0.535382 0.66963 0.800832 0.0213797 -0.598507 0.119382 0.0968641 0.085841\n0.331766 -0.731997 -0.437791 -0.80083 0.0213776 -0.59851 -0.514747 -0.535381 0.669629 -0.306116 0.84434 0.439753 0.085841 0.0968643 0.119382\n0.539957 -0.73182 0.202764 0.332108 0.0416672 -0.94232 0.82036 0.480297 0.310363 0.465526 -0.876116 0.125329 0.0872691 0.0983476 0.118794\n-0.0049155 -0.73695 0.606741 1 0 0 0 1 0 0 0 1 0.084207 0.106102 0.096048\nC 62\n0 2\n0 7\n0 10\n0 3\n0 11\n0 4\n0 18\n0 12\n0 5\n0 8\n0 1\n0 6\n0 9\n1 3\n1 11\n1 2\n1 12\n2 12\n2 5\n2 6\n2 10\n2 4\n3 11\n3 7\n3 10\n3 9\n3 8\n4 12\n4 10\n4 6\n5 10\n6 10\n6 12\n7 11\n7 10\n7 9\n8 10\n9 11\n9 10\n10 11\n10 12\n10 18\n13 17\n13 21\n13 16\n13 15\n13 14\n13 18\n14 17\n14 18\n14 15\n14 20\n14 16\n15 18\n15 22\n15 17\n15 16\n16 17\n16 18\n16 23\n17 19\n17 18\nS 7\n2\n2 0.452995 0.185643 0.0275885\n3 -0.462846 0.189176 0.0298993\n2\n-0.00492568 0.187409 0.0287439\n-0.999989 0.00385784 0.00252308\n2\n4 0.422614 -0.021365 -0.183866\n9 -0.432443 -0.021365 -0.183866\n2\n-0.00491475 -0.021365 -0.183866\n-1 0 0\n2\n5 0.427527 -0.0214045 0.120238\n8 -0.437356 -0.0214045 0.120238\n2\n-0.00491475 -0.0214045 0.120238\n-1 0 0\n2\n6 0.426348 0.215827 -0.256189\n7 -0.436177 0.215827 -0.256189\n2\n-0.0049145 0.215827 -0.256189\n-1 0 0\n2\n11 -0.384513 0.286961 -0.286523\n12 0.363026 0.293628 -0.293548\n2\n-0.0107434 0.290295 -0.290035\n0.999916 0.00891803 -0.0093973\n5\n16 -0.0047996 -0.578387 0.334328\n15 0.289084 -0.578388 0.120639\n13 0.176671 -0.578387 -0.22489\n14 -0.186685 -0.578386 -0.224756\n17 -0.298842 -0.578388 0.120859\n3\n-0.00491443 -0.578387 0.025236\n2.09481e-06 -1 6.72412e-06\n5\n21 0.331766 -0.731997 -0.437791\n20 -0.341594 -0.731997 -0.437792\n19 -0.549865 -0.731996 0.201839\n23 -0.0049155 -0.73695 0.606741\n22 0.539957 -0.73182 0.202764\n3\n-0.00493033 -0.732952 0.0271524\n0.000121688 -0.999994 -0.00340129\nL 24\n0\n0\n3\n3\n3\n3\n3\n3\n3\n3\n1\n0\n0\n2\n2\n2\n2\n2\n2\n2\n2\n2\n2\n2"
}