{
    "boxes": [
        [
            0.007127409800887108,
            0.03353999927639961,
            0.1923460066318512,
            0.1392280012369156,
            0.6960520148277283,
            0.809598982334137,
            -0.0009028160129673779,
            0.9882069826126099,
            -0.1531199961900711,
            -6.952969852136448e-05,
            0.1531199961900711,
            0.988207995891571
        ],
        [
            0.013564299792051315,
            -0.6467750072479248,
            -0.2792240083217621,
            0.12055999785661697,
            0.04474940150976181,
            0.6406800150871277,
            0.004217890091240406,
            0.9918460249900818,
            0.12737299501895905,
            0.0037108398973941803,
            -0.12738899886608124,
            0.9918460249900818
        ],
        [
            0.003865000093355775,
            0.11665800213813782,
            -0.18554000556468964,
            0.07545199990272522,
            0.048225998878479004,
            0.6378660202026367,
            0.0,
            1.0,
            0.0,
            0.0,
            0.0,
            1.0
        ],
        [
            0.42278799414634705,
            -0.3666509985923767,
            0.22680799663066864,
            0.9850299954414368,
            0.10774800181388855,
            0.08248960226774216,
            0.002625910099595785,
            0.879272997379303,
            -0.4763120114803314,
            0.02981650084257126,
            0.4760330021381378,
            0.8789219856262207
        ],
        [
            -0.3518570065498352,
            -0.21832600235939026,
            -0.22714200615882874,
            1.1364200115203857,
            0.04930320009589195,
            0.115215003490448,
            -0.009564279578626156,
            0.9927390217781067,
            0.11990699917078018,
            -0.054854799062013626,
            -0.12025299668312073,
            0.9912269711494446
        ],
        [
            0.005595429800450802,
            0.6392229795455933,
            -0.29627299308776855,
            0.3562999963760376,
            0.09764000028371811,
            0.8297619819641113,
            0.0101629002019763,
            0.853538990020752,
            -0.5209299921989441,
            0.01810690015554428,
            0.5207139849662781,
            0.853538990020752
        ],
        [
            -0.4088119864463806,
            0.4007500112056732,
            -0.17611199617385864,
            0.8957149982452393,
            0.11640500277280807,
            0.07750450074672699,
            0.010260099545121193,
            0.8964530229568481,
            -0.4430199861526489,
            -0.008505940437316895,
            0.443105012178421,
            0.8964290022850037
        ]
    ],
    "ops": [
        [
            0,
            0,
            2,
            0,
            0,
            0,
            1,
            2,
            1,
            1,
            1,
            0,
            0,
            2,
            1,
            1
        ]
    ],
    "syms": [
        [
            0.0,
            -0.006167309824377298,
            0.16981500387191772,
            0.9854570031166077,
            0.011612200178205967,
            -0.5930250287055969,
            0.0326944999396801,
            0.0
        ],
        [
            0.0,
            0.9995489716529846,
            0.026826800778508186,
            -0.01347390003502369,
            0.007643800228834152,
            -0.37779301404953003,
            0.23240399360656738,
            0.0
        ],
        [
            0.0,
            0.9997720122337341,
            0.017905499786138535,
            -0.011669900268316269,
            0.008338989689946175,
            0.4082210063934326,
            -0.18098099529743195,
            0.0
        ]
    ],
    "labels:": [
        [
            1,
            2,
            2,
            2,
            2,
            0,
            0
        ]
    ],
    "obj": 41860,
    "mat_index": 4399,
    "obbs": "N 11\n0.00559543 0.639223 -0.296273 0.999784 -0.0181069 -0.0101629 0.0181069 0.520714 0.853539 -0.0101629 -0.853539 0.52093 0.829762 0.09764 0.3563\n0.003865 0.116658 -0.18554 1 0 0 0 1 0 0 0 1 0.637866 0.075452 0.048226\n0.0135643 -0.646775 -0.279224 0.999984 -0.00371084 -0.00421789 0.00371084 -0.127389 0.991846 -0.00421789 -0.991846 -0.127373 0.64068 0.0447494 0.12056\n0.0096601 -0.539275 0.344613 1 1.44534e-05 8.66216e-06 -1.44534e-05 0.471473 0.88188 8.66216e-06 -0.88188 0.471473 0.839557 0.0462283 0.102812\n0.00712741 0.03354 0.192346 1 0.000902816 -6.95297e-05 -0.000902816 0.988207 -0.15312 -6.95297e-05 0.15312 0.988208 0.809599 0.139228 0.696052\n0.42549 0.415692 -0.18585 -0.0048135 0.873626 -0.486574 0.999778 0.0141892 0.0155857 0.0205201 -0.486391 -0.8735 0.863711 0.0785468 0.113787\n-0.408812 0.40075 -0.176112 0.00850594 -0.443105 -0.896429 0.999911 -0.00542915 0.0121715 -0.0102601 -0.896453 0.44302 0.116405 0.0775045 0.895715\n0.422788 -0.366651 0.226808 0.00262591 0.879273 -0.476312 0.999552 -0.0165099 -0.0249668 -0.0298165 -0.476033 -0.878922 0.98503 0.0824896 0.107748\n0.371511 -0.218745 -0.226813 -0.0123344 0.992368 0.122691 0.0353838 -0.122191 0.991876 0.999298 0.0165754 -0.0336066 1.13605 0.0456949 0.11732\n-0.351857 -0.218326 -0.227142 -0.00956428 0.992739 0.119907 -0.0548548 -0.120253 0.991227 0.998449 0.00290288 0.0556067 1.13642 0.0493032 0.115215\n-0.407501 -0.388935 0.238001 0.0022935 0.876386 -0.481604 0.999331 -0.019591 -0.0308912 -0.0365077 -0.481211 -0.875844 0.935777 0.0759023 0.1133\nC 27\n0 5\n0 8\n0 6\n0 9\n1 6\n1 5\n1 10\n1 4\n1 9\n1 8\n1 7\n2 8\n2 9\n3 7\n3 10\n4 7\n4 8\n4 9\n4 10\n4 5\n4 6\n5 8\n5 7\n6 9\n6 10\n7 8\n9 10\nS 4\n2\n2 0.0135643 -0.646775 -0.279224\n3 0.0096601 -0.539275 0.344613\n2\n0.0116122 -0.593025 0.0326945\n-0.00616731 0.169815 0.985457\n2\n5 0.42549 0.415692 -0.18585\n6 -0.408812 0.40075 -0.176112\n2\n0.00833899 0.408221 -0.180981\n-0.999772 -0.0179055 0.0116699\n2\n7 0.422788 -0.366651 0.226808\n10 -0.407501 -0.388935 0.238001\n2\n0.0076438 -0.377793 0.232404\n-0.999549 -0.0268268 0.0134739\n2\n8 0.371511 -0.218745 -0.226813\n9 -0.351857 -0.218326 -0.227142\n2\n0.00982665 -0.218536 -0.226977\n-1 0.000578945 -0.000453999\nL 11\n0\n2\n2\n2\n1\n0\n0\n2\n2\n2\n2"
}