{
    "boxes": [
        [
            0.011397999711334705,
            -0.1291780024766922,
            0.12553800642490387,
            0.23071399331092834,
            0.8728860020637512,
            0.8105760216712952,
            0.0,
            1.0,
            0.0,
            0.0,
            0.0,
            1.0
        ],
        [
            0.4642980098724365,
            0.09621729701757431,
            0.27473700046539307,
            0.32520100474357605,
            0.10599000006914139,
            0.08598370105028152,
            0.03431680053472519,
            0.9446219801902771,
            0.32635998725891113,
            0.3573859930038452,
            -0.31655800342559814,
            0.8786730170249939
        ],
        [
            -0.23479700088500977,
            -0.1434219926595688,
            0.16160300374031067,
            0.10076099634170532,
            0.09949199855327606,
            0.5415250062942505,
            0.2658979892730713,
            0.9619799852371216,
            -0.06239379942417145,
            0.22239400446414948,
            0.0017641199519857764,
            0.9749550223350525
        ],
        [
            -0.44875800609588623,
            0.09030099958181381,
            0.2795659899711609,
            0.31944501399993896,
            0.09708049893379211,
            0.0886726975440979,
            0.025906100869178772,
            0.936581015586853,
            0.34949201345443726,
            0.47648701071739197,
            -0.3189089894294739,
            0.8193029761314392
        ],
        [
            -0.42798998951911926,
            0.2509079873561859,
            -0.20539799332618713,
            0.04308199882507324,
            0.060492999851703644,
            0.06857699900865555,
            0.0,
            1.0,
            0.0,
            0.0,
            0.0,
            1.0
        ],
        [
            -0.4367460012435913,
            0.26225799322128296,
            0.04946890100836754,
            0.049186401069164276,
            0.5175189971923828,
            0.07550179958343506,
            0.012804900296032429,
            0.9999079704284668,
            -0.004412429872900248,
            -0.0523035004734993,
            0.005076540168374777,
            0.9986180067062378
        ],
        [
            0.01140000019222498,
            -0.4829989969730377,
            0.07693350315093994,
            0.5326859951019287,
            0.0667949989438057,
            0.0667940005660057,
            0.0,
            1.0,
            0.0,
            0.0,
            0.0,
            1.0
        ],
        [
            -0.1753149926662445,
            -0.8031589984893799,
            -0.11052499711513519,
            0.07359299808740616,
            0.05363620072603226,
            0.5236110091209412,
            -0.014210900291800499,
            0.9940509796142578,
            -0.1079849973320961,
            -0.7075790166854858,
            0.06630810350179672,
            0.7035160064697266
        ],
        [
            0.011490300297737122,
            0.36970099806785583,
            -0.3260599970817566,
            0.8721579909324646,
            0.21339400112628937,
            0.7889620065689087,
            -0.004266759846359491,
            0.9581140279769897,
            -0.2863540053367615,
            -0.005728399846702814,
            0.2863290011882782,
            0.9581140279769897
        ],
        [
            0.011635899543762207,
            0.36134499311447144,
            -0.31540098786354065,
            0.8970100283622742,
            0.18490900099277496,
            0.810699999332428,
            0.0007375599816441536,
            0.9663529992103577,
            -0.25721800327301025,
            0.0009595599840395153,
            0.25721800327301025,
            0.9663529992103577
        ]
    ],
    "ops": [
        [
            0,
            0,
            0,
            2,
            1,
            0,
            0,
            0,
            1,
            2,
            1,
            1,
            1,
            0,
            0,
            2,
            1,
            1,
            0,
            0,
            1,
            1
        ]
    ],
    "syms": [
        [
            0.0,
            1.0,
            2.742359868079802e-07,
            2.173230058133413e-07,
            0.011400500312447548,
            -0.1434219926595688,
            0.16160300374031067,
            0.0
        ],
        [
            0.0,
            1.0,
            -0.0,
            -0.0,
            0.011400300078094006,
            0.2509079873561859,
            -0.20539799332618713,
            0.0
        ],
        [
            -1.0,
            -0.0005180090083740652,
            1.0,
            -0.0005177150014787912,
            0.011354699730873108,
            -0.8030620217323303,
            0.07699409872293472,
            0.25
        ]
    ],
    "labels:": [
        [
            1,
            3,
            3,
            3,
            3,
            3,
            2,
            2,
            0,
            0
        ]
    ],
    "obj": 2695,
    "mat_index": 441,
    "obbs": "N 16\n0.0114903 0.369701 -0.32606 -0.00426676 0.958114 -0.286354 -0.0057284 0.286329 0.958114 0.999974 0.0057284 0.00426676 0.872158 0.213394 0.788962\n0.0114 -0.482999 0.0769335 1 0 0 0 1 0 0 0 1 0.066794 0.532686 0.066795\n0.45079 0.250908 -0.205398 1 0 0 0 1 0 0 0 1 0.068578 0.043082 0.060493\n0.257598 -0.143422 0.161603 0.937997 0.273115 0.21347 -0.222394 0.0017639 0.974955 0.265898 -0.96198 0.0623936 0.541525 0.0994922 0.100761\n-0.42799 0.250908 -0.205398 1 0 0 0 1 0 0 0 1 0.068577 0.043082 0.060493\n-0.234797 -0.143422 0.161603 -0.937997 0.273115 0.21347 0.222394 0.00176412 0.974955 0.265898 0.96198 -0.0623938 0.541525 0.099492 0.100761\n0.011398 -0.129178 0.125538 1 0 0 0 1 0 0 0 1 0.810576 0.230714 0.872886\n0.459434 0.26442 0.0442392 -0.052378 -0.021224 -0.998402 0.00395765 0.999762 -0.0214605 0.998619 -0.00507538 -0.0522815 0.506995 0.0400097 0.0751248\n-0.436746 0.262258 0.0494689 -0.998549 0.0125564 -0.0523637 0.0128049 0.999908 -0.00441243 0.0523035 -0.00507654 -0.998618 0.0755018 0.0491864 0.517519\n0.464298 0.0962173 0.274737 -0.357386 0.316558 -0.878673 0.933326 0.0864833 -0.348458 -0.0343168 -0.944622 -0.32636 0.10599 0.0859837 0.325201\n-0.448758 0.090301 0.279566 0.0259061 0.936581 0.349492 0.476487 -0.318909 0.819303 0.8788 0.145304 -0.454531 0.319445 0.0970805 0.0886727\n-0.176058 -0.803159 0.263648 -0.703511 -0.0663696 -0.707578 -0.108028 0.994047 0.0141672 0.702426 0.086405 -0.706493 0.05364 0.0735948 0.523611\n0.197933 -0.802771 0.264634 0.706136 -0.024674 -0.707646 0.0785122 0.995958 0.0436179 0.70371 -0.086359 0.70522 0.051439 0.0723384 0.523597\n0.198859 -0.803158 -0.109781 0.702429 -0.0864057 -0.70649 0.107953 0.994054 -0.0142427 0.703519 -0.0662635 0.70758 0.523611 0.0735917 0.0536338\n-0.175315 -0.803159 -0.110525 0.707579 -0.0663081 -0.703516 -0.0142109 0.994051 -0.107985 0.706491 0.0864054 0.702428 0.0536362 0.073593 0.523611\n0.0116359 0.361345 -0.315401 0.999999 -0.00095956 -0.00073756 0.00095956 0.257218 0.966353 -0.00073756 -0.966353 0.257218 0.8107 0.184909 0.89701\nC 43\n0 7\n0 3\n0 15\n0 4\n0 5\n0 8\n0 1\n0 6\n0 2\n1 3\n1 15\n1 6\n1 11\n1 14\n1 5\n1 13\n1 12\n2 6\n2 7\n2 15\n3 15\n3 6\n3 9\n3 5\n4 8\n4 6\n4 15\n5 6\n5 15\n5 10\n6 9\n6 10\n6 15\n7 15\n7 9\n8 10\n8 15\n11 14\n11 13\n11 12\n12 13\n12 14\n13 14\nS 4\n2\n2 0.45079 0.250908 -0.205398\n4 -0.42799 0.250908 -0.205398\n2\n0.0114003 0.250908 -0.205398\n-1 0 0\n2\n3 0.257598 -0.143422 0.161603\n5 -0.234797 -0.143422 0.161603\n2\n0.0114005 -0.143422 0.161603\n-1 -2.74236e-07 -2.17323e-07\n2\n7 0.459434 0.26442 0.0442392\n8 -0.436746 0.262258 0.0494689\n2\n0.0113439 0.263339 0.0468541\n-0.99998 -0.0024121 0.00583541\n4\n13 0.198859 -0.803158 -0.109781\n12 0.197933 -0.802771 0.264634\n11 -0.176058 -0.803159 0.263648\n14 -0.175315 -0.803159 -0.110525\n3\n0.0113547 -0.803062 0.0769941\n-0.000518009 1 -0.000517715\nL 16\n0\n2\n3\n3\n3\n3\n1\n3\n3\n3\n3\n2\n2\n2\n2\n0"
}