{
    "boxes": [
        [
            -0.006223869975656271,
            -0.10471300035715103,
            0.1153549998998642,
            0.125560000538826,
            0.6471250057220459,
            0.6673880219459534,
            0.0034475699067115784,
            0.999871015548706,
            0.01570259965956211,
            -2.706970008148346e-05,
            -0.01570259965956211,
            0.9998769760131836
        ],
        [
            -0.2810719907283783,
            -0.7152050137519836,
            0.5459229946136475,
            0.09578099846839905,
            0.11239899694919586,
            0.15002000331878662,
            0.0,
            1.0,
            0.0,
            0.0,
            0.0,
            1.0
        ],
        [
            -0.283282995223999,
            -0.40712401270866394,
            0.4817019999027252,
            0.5540599822998047,
            0.12444300204515457,
            0.1325799971818924,
            0.0188423004001379,
            0.9766079783439636,
            -0.21419799327850342,
            -0.23475100100040436,
            0.212568998336792,
            0.9485290050506592
        ],
        [
            -0.281715989112854,
            -0.7143229842185974,
            -0.3183879852294922,
            0.09754399955272675,
            0.11552699655294418,
            0.151528000831604,
            0.0,
            1.0,
            0.0,
            0.0,
            0.0,
            1.0
        ],
        [
            -0.28356999158859253,
            -0.4080260097980499,
            -0.252921998500824,
            0.5450649857521057,
            0.11519300192594528,
            0.13130399584770203,
            -0.010667899623513222,
            0.9726070165634155,
            0.23221099376678467,
            0.07422970235347748,
            -0.23081299662590027,
            0.9701619744300842
        ],
        [
            -0.006840500049293041,
            0.346902996301651,
            -0.15007300674915314,
            0.8072749972343445,
            0.10703399777412415,
            0.6656950116157532,
            0.0,
            1.0,
            0.0,
            0.0,
            0.0,
            1.0
        ]
    ],
    "ops": [
        [
            0,
            0,
            0,
            1,
            0,
            0,
            1,
            1,
            2,
            1,
            0,
            1
        ]
    ],
    "syms": [
        [
            0.0,
            0.9999740123748779,
            0.006634320132434368,
            0.0026759400498121977,
            -0.006408750079572201,
            -0.7133830189704895,
            0.5466579794883728,
            0.0
        ]
    ],
    "labels:": [
        [
            1,
            2,
            2,
            2,
            2,
            0
        ]
    ],
    "obj": 41894,
    "mat_index": 4419,
    "obbs": "N 10\n-0.0068405 0.346903 -0.150073 1 0 0 0 1 0 0 0 1 0.665695 0.807275 0.107034\n0.268255 -0.711561 0.547392 1 0 0 0 1 0 0 0 1 0.150643 0.103068 0.115339\n-0.281072 -0.715205 0.545923 1 0 0 0 1 0 0 0 1 0.15002 0.095781 0.112399\n0.267044 -0.707905 -0.316883 1 0 0 0 1 0 0 0 1 0.15019 0.11038 0.112518\n-0.281716 -0.714323 -0.318388 1 0 0 0 1 0 0 0 1 0.151528 0.097544 0.115527\n-0.00622387 -0.104713 0.115355 0.999994 -0.00344757 -2.70697e-05 0.00344757 0.999871 0.0157026 -2.70697e-05 -0.0157026 0.999877 0.667388 0.12556 0.647125\n-0.28357 -0.408026 -0.252922 0.997184 0.0275865 -0.069734 0.0742297 -0.230813 0.970162 0.0106679 -0.972607 -0.232211 0.131304 0.115193 0.545065\n0.266728 -0.406135 -0.25541 0.0163991 0.975886 0.217663 -0.0707996 -0.216013 0.97382 0.997356 -0.0313802 0.0655499 0.535402 0.108573 0.130641\n0.273869 -0.40373 0.48377 0.0150909 0.975664 -0.21875 0.212833 0.210627 0.954117 0.976972 -0.0609557 -0.204475 0.548448 0.120051 0.132869\n-0.283283 -0.407124 0.481702 -0.971873 -0.0324108 -0.233265 -0.234751 0.212569 0.948529 0.0188423 0.976608 -0.214198 0.13258 0.124443 0.55406\nC 11\n0 7\n0 6\n0 5\n1 8\n2 9\n3 7\n4 6\n5 9\n5 6\n5 7\n5 8\nS 4\n2\n1 0.268255 -0.711561 0.547392\n2 -0.281072 -0.715205 0.545923\n2\n-0.00640875 -0.713383 0.546658\n-0.999974 -0.00663432 -0.00267594\n2\n3 0.267044 -0.707905 -0.316883\n4 -0.281716 -0.714323 -0.318388\n2\n-0.007336 -0.711114 -0.317635\n-0.999928 -0.0116946 -0.00274144\n2\n6 -0.28357 -0.408026 -0.252922\n7 0.266728 -0.406135 -0.25541\n2\n-0.00842097 -0.407081 -0.254166\n0.999984 0.00343712 -0.00452018\n2\n8 0.273869 -0.40373 0.48377\n9 -0.283283 -0.407124 0.481702\n2\n-0.00470695 -0.405427 0.482736\n-0.999975 -0.00609221 -0.00371117\nL 10\n0\n2\n2\n2\n2\n1\n2\n2\n2\n2"
}