{
    "boxes": [
        [
            0.006983569823205471,
            -0.21718400716781616,
            0.2320290058851242,
            0.09046520292758942,
            0.8480539917945862,
            0.8444300293922424,
            0.00020021699310746044,
            0.9968069791793823,
            -0.07984480261802673,
            8.00593988969922e-06,
            0.07984480261802673,
            0.9968069791793823
        ],
        [
            -0.45287299156188965,
            -0.061452899128198624,
            0.3143860101699829,
            0.384117990732193,
            0.6672250032424927,
            0.05879189819097519,
            -0.43404099345207214,
            0.8931769728660583,
            -0.11765799671411514,
            -0.03231180086731911,
            0.11508399993181229,
            0.9928299784660339
        ],
        [
            -0.39061400294303894,
            -0.3941349983215332,
            0.5814530253410339,
            0.5044310092926025,
            0.06313639879226685,
            0.04876359924674034,
            0.14105799794197083,
            0.9774690270423889,
            -0.157027006149292,
            -0.022691600024700165,
            0.161763995885849,
            0.9865689873695374
        ],
        [
            -0.27926498651504517,
            -0.42294201254844666,
            -0.10967899858951569,
            0.5310940146446228,
            0.04949529841542244,
            0.056696999818086624,
            0.12909099459648132,
            0.855817973613739,
            0.5009099841117859,
            0.573930025100708,
            -0.4764150083065033,
            0.6660580039024353
        ],
        [
            -0.003492770018056035,
            0.2718220055103302,
            -0.2555199861526489,
            1.2377599477767944,
            0.389396995306015,
            1.0449999570846558,
            -0.02889860048890114,
            0.9167900085449219,
            -0.3983219861984253,
            0.0357694998383522,
            0.399181991815567,
            0.9161739945411682
        ]
    ],
    "ops": [
        [
            0,
            0,
            2,
            1,
            0,
            0,
            1,
            2,
            1,
            0,
            1
        ]
    ],
    "syms": [
        [
            0.0,
            0.9997029900550842,
            -0.021062100306153297,
            0.012270900420844555,
            0.004555339924991131,
            -0.0710901990532875,
            0.3200010061264038,
            0.0
        ],
        [
            0.0,
            1.0,
            6.240620132302865e-05,
            2.0032699467265047e-05,
            0.007047969847917557,
            -0.3941099941730499,
            0.5814610123634338,
            0.0
        ]
    ],
    "labels:": [
        [
            1,
            3,
            2,
            2,
            0
        ]
    ],
    "obj": 41896,
    "mat_index": 4421,
    "obbs": "N 8\n-0.00349277 0.271822 -0.25552 0.998942 0.0122283 -0.044329 0.0357695 0.399182 0.916174 0.0288986 -0.91679 0.398322 1.045 0.389397 1.23776\n0.461983 -0.0807274 0.325615 0.450592 0.888415 -0.0876672 0.892214 -0.451492 0.0104102 -0.0303325 -0.0829086 -0.996095 0.390008 0.0525841 0.648954\n-0.452873 -0.0614529 0.314386 -0.434041 0.893177 -0.117658 0.900314 0.43473 -0.0210909 0.0323118 -0.115084 -0.99283 0.384118 0.0587919 0.667225\n0.00698357 -0.217184 0.232029 1 -0.000200217 8.00594e-06 0.000200217 0.996807 -0.0798448 8.00594e-06 0.0798448 0.996807 0.84443 0.0904652 0.848054\n-0.390614 -0.394135 0.581453 0.141058 0.977469 -0.157027 0.989741 -0.1356 0.0449984 0.0226916 -0.161764 -0.986569 0.504431 0.0487636 0.0631364\n0.40471 -0.394086 0.581469 -0.0317666 -0.156276 -0.987202 0.989482 0.13454 -0.0531378 0.141122 -0.978507 0.150358 0.0598706 0.0488297 0.50429\n0.293237 -0.422934 -0.109648 -0.137398 0.858184 0.494614 -0.579362 -0.47465 0.662606 0.803407 -0.19552 0.562414 0.530718 0.0491784 0.062138\n-0.279265 -0.422942 -0.109679 0.808666 0.201505 -0.55268 0.57393 -0.476415 0.666058 -0.129091 -0.855818 -0.50091 0.056697 0.0494953 0.531094\nC 15\n0 1\n0 7\n0 6\n0 3\n0 2\n1 3\n1 5\n1 6\n2 7\n2 3\n2 4\n3 6\n3 7\n3 4\n3 5\nS 3\n2\n1 0.461983 -0.0807274 0.325615\n2 -0.452873 -0.0614529 0.314386\n2\n0.00455534 -0.0710902 0.320001\n-0.999703 0.0210621 -0.0122709\n2\n4 -0.390614 -0.394135 0.581453\n5 0.40471 -0.394086 0.581469\n2\n0.00704797 -0.39411 0.581461\n1 6.24062e-05 2.00327e-05\n2\n6 0.293237 -0.422934 -0.109648\n7 -0.279265 -0.422942 -0.109679\n2\n0.00698639 -0.422938 -0.109664\n-1 -1.32708e-05 -5.27271e-05\nL 8\n0\n3\n3\n1\n2\n2\n2\n2"
}