{
    "boxes": [
        [
            -0.007394679822027683,
            -0.19959600269794464,
            0.16028299927711487,
            0.19382800161838531,
            0.8346949815750122,
            0.9165310263633728,
            0.0061619700863957405,
            0.9959030151367188,
            -0.09021449834108353,
            -0.052056800574064255,
            0.090413399040699,
            0.9945430159568787
        ],
        [
            -0.4455989897251129,
            0.11371800303459167,
            0.1678140014410019,
            0.09460420161485672,
            0.6699380278587341,
            0.07711689919233322,
            -0.6963930130004883,
            0.7171419858932495,
            -0.027286000549793243,
            -0.061506498605012894,
            -0.021759700030088425,
            0.9978690147399902
        ],
        [
            -0.4518199861049652,
            -0.02158300019800663,
            0.469556987285614,
            0.3492960035800934,
            0.08235099911689758,
            0.06058700010180473,
            0.0,
            1.0,
            0.0,
            0.0,
            0.0,
            1.0
        ],
        [
            -0.45097699761390686,
            -0.46099698543548584,
            0.4667479991912842,
            0.6572840213775635,
            0.07659199833869934,
            0.06096599996089935,
            0.0,
            1.0,
            0.0,
            0.0,
            0.0,
            1.0
        ],
        [
            -0.40740200877189636,
            -0.5587040185928345,
            -0.19728100299835205,
            0.46232500672340393,
            0.07231800258159637,
            0.06495799869298935,
            0.0,
            1.0,
            0.0,
            0.0,
            0.0,
            1.0
        ],
        [
            0.4304940104484558,
            -0.5463489890098572,
            -0.13079799711704254,
            0.48527300357818604,
            0.057916898280382156,
            0.08482970297336578,
            -0.0027094900142401457,
            0.9992619752883911,
            0.03831759840250015,
            -0.6892960071563721,
            -0.029626600444316864,
            0.7238739728927612
        ],
        [
            -0.3331820070743561,
            0.18776799738407135,
            -0.2414489984512329,
            0.8246080279350281,
            0.1229029968380928,
            0.05236940085887909,
            0.006905950140208006,
            0.9821029901504517,
            -0.18821699917316437,
            -0.17989400029182434,
            0.18637099862098694,
            0.9658690094947815
        ],
        [
            -0.2682569921016693,
            0.18788200616836548,
            -0.25048398971557617,
            0.8234549760818481,
            0.11776799708604813,
            0.04809590056538582,
            0.006374369841068983,
            0.9836180210113525,
            -0.18015100061893463,
            -0.13443000614643097,
            0.1793619990348816,
            0.9745550155639648
        ],
        [
            -0.2036059945821762,
            0.18811699748039246,
            -0.25265198945999146,
            0.8213800191879272,
            0.106905996799469,
            0.049671001732349396,
            3.435480175539851e-05,
            0.9880120158195496,
            -0.15437999367713928,
            -0.1087770015001297,
            0.15346799790859222,
            0.9821479916572571
        ],
        [
            -0.13928399980068207,
            0.1877260059118271,
            -0.26294898986816406,
            0.8216779828071594,
            0.1104699969291687,
            0.042566001415252686,
            0.009501829743385315,
            0.9847729802131653,
            -0.1735830008983612,
            -0.08671940118074417,
            0.17374899983406067,
            0.9809640049934387
        ],
        [
            -0.07495260238647461,
            0.18729500472545624,
            -0.2619349956512451,
            0.8192200064659119,
            0.10806600004434586,
            0.04439910128712654,
            0.0032701101154088974,
            0.9911689758300781,
            -0.13256600499153137,
            -0.07679060101509094,
            0.132423996925354,
            0.9882140159606934
        ],
        [
            -0.010908800177276134,
            0.1870809942483902,
            -0.26083800196647644,
            0.8189430236816406,
            0.10824999958276749,
            0.04279559850692749,
            0.005066299811005592,
            0.9919229745864868,
            -0.12674300372600555,
            -0.08229620009660721,
            0.12672799825668335,
            0.9885179996490479
        ],
        [
            0.025303000584244728,
            0.6145099997520447,
            -0.31539401412010193,
            0.10360199958086014,
            0.1021910011768341,
            0.8217030167579651,
            -0.02655939944088459,
            0.9787970185279846,
            0.2031019926071167,
            -0.06412690132856369,
            -0.2044229954481125,
            0.9767799973487854
        ],
        [
            -0.4016779959201813,
            0.15434299409389496,
            -0.2213200032711029,
            1.0320099592208862,
            0.14133299887180328,
            0.08684360235929489,
            -0.007783900015056133,
            0.9913060069084167,
            -0.13134600222110748,
            -0.2941029965877533,
            0.12327100336551666,
            0.9477909803390503
        ]
    ],
    "ops": [
        [
            0,
            0,
            0,
            1,
            2,
            1,
            0,
            2,
            0,
            0,
            1,
            1,
            1,
            0,
            0,
            1,
            2,
            0,
            0,
            1,
            2,
            1,
            0,
            0,
            1,
            2,
            0,
            0,
            2,
            1,
            1,
            1,
            1
        ]
    ],
    "syms": [
        [
            0.0,
            0.9977800250053406,
            0.004295050166547298,
            0.06645960360765457,
            -0.013136499561369419,
            0.1155799999833107,
            0.19661900401115417,
            0.0
        ],
        [
            0.0,
            0.9975820183753967,
            -0.023457899689674377,
            0.0654280036687851,
            -0.029252000153064728,
            -0.47091400623321533,
            0.4944080114364624,
            0.0
        ],
        [
            0.0,
            0.9970030188560486,
            0.0008148499764502048,
            0.0773572027683258,
            0.01848609931766987,
            0.18805600702762604,
            -0.21416300535202026,
            0.0
        ],
        [
            0.0,
            0.9980130195617676,
            -0.0015619699843227863,
            0.06299500167369843,
            0.020143400877714157,
            0.18776699900627136,
            -0.23852799832820892,
            0.0
        ],
        [
            0.0,
            0.9970120191574097,
            0.002592989942058921,
            0.07720430195331573,
            0.02099890075623989,
            0.18754500150680542,
            -0.2545050084590912,
            0.0
        ],
        [
            0.0,
            0.9975129961967468,
            -0.0068534198217093945,
            0.07015019655227661,
            0.01751440018415451,
            0.15146300196647644,
            -0.19183999300003052,
            0.0
        ]
    ],
    "labels:": [
        [
            1,
            3,
            3,
            2,
            2,
            2,
            0,
            0,
            0,
            0,
            0,
            0,
            0,
            0
        ]
    ],
    "obj": 41907,
    "mat_index": 4425,
    "obbs": "N 24\n0.025303 0.61451 -0.315394 -0.0265594 0.978797 0.203102 -0.0641269 -0.204423 0.97678 0.997588 0.0129183 0.0681966 0.103602 0.102191 0.821703\n-0.00739468 -0.199596 0.160283 0.0520568 -0.0904134 -0.994543 0.00616197 0.995903 -0.0902145 0.998625 -0.00143207 0.0524007 0.834695 0.193828 0.916531\n0.370155 0.188343 -0.186877 0.018169 0.987167 -0.158657 0.998212 -0.0269474 -0.0533548 -0.0569454 -0.157404 -0.985891 0.823353 0.05246 0.114298\n0.307184 0.188309 -0.206099 0.0177199 0.987304 -0.157854 0.998269 -0.0263249 -0.0525891 -0.0560769 -0.156649 -0.986061 0.822544 0.0523729 0.112197\n0.243893 0.187417 -0.224405 0.0177992 0.990531 -0.136133 0.999266 -0.0222438 -0.0311971 -0.0339298 -0.135478 -0.990199 0.820533 0.0507629 0.115795\n0.180682 0.187226 -0.238932 0.0129054 0.991632 -0.128448 0.999589 -0.0160832 -0.0237333 -0.0256005 -0.128089 -0.991432 0.819565 0.0486562 0.115102\n0.11695 0.187794 -0.247075 0.0633159 -0.144853 -0.987425 0.997948 -0.000274454 0.0640309 -0.0095461 -0.989453 0.144539 0.102555 0.0399618 0.820123\n0.053402 0.187968 -0.253683 0.0165078 0.988421 -0.150834 0.998326 -0.00793097 0.0572885 0.055429 -0.151527 -0.986898 0.820265 0.0450487 0.0990385\n-0.0109088 0.187081 -0.260838 0.0822962 -0.126728 -0.988518 0.996595 0.00542233 0.0822735 -0.0050663 -0.991923 0.126743 0.10825 0.0427956 0.818943\n-0.0749526 0.187295 -0.261935 0.0767906 -0.132424 -0.988214 0.997042 0.00694823 0.0765455 -0.00327011 -0.991169 0.132566 0.108066 0.0443991 0.81922\n-0.139284 0.187726 -0.262949 0.0867194 -0.173749 -0.980964 0.996187 0.00573208 0.0870498 -0.00950183 -0.984773 0.173583 0.11047 0.042566 0.821678\n-0.203606 0.188117 -0.252652 0.108777 -0.153468 -0.982148 0.994066 0.0167592 0.107478 -3.43548e-05 -0.988012 0.15438 0.106906 0.049671 0.82138\n-0.268257 0.187882 -0.250484 0.13443 -0.179362 -0.974555 0.990903 0.0180055 0.133371 -0.00637437 -0.983618 0.180151 0.117768 0.0480959 0.823455\n-0.333182 0.187768 -0.241449 0.179894 -0.186371 -0.965869 0.983662 0.027189 0.177962 -0.00690595 -0.982103 0.188217 0.122903 0.0523694 0.824608\n0.419326 0.117442 0.225424 0.0566313 -0.01426 -0.998293 -0.55204 0.832697 -0.0432108 0.831892 0.553545 0.0392846 0.666412 0.064664 0.0931062\n-0.445599 0.113718 0.167814 0.0615065 0.0217597 -0.997869 0.71502 0.696587 0.0592622 0.696393 -0.717142 0.027286 0.669938 0.0771169 0.0946042\n0.391806 -0.0347405 0.53201 1 0 0 0 1 0 0 0 1 0.064539 0.375123 0.067057\n-0.45182 -0.021583 0.469557 1 0 0 0 1 0 0 0 1 0.060587 0.349296 0.082351\n0.392473 -0.48083 0.522067 1 0 0 0 1 0 0 0 1 0.064608 0.617793 0.072166\n-0.450977 -0.460997 0.466748 1 0 0 0 1 0 0 0 1 0.060966 0.657284 0.076592\n-0.407402 -0.558704 -0.197281 1 0 0 0 1 0 0 0 1 0.064958 0.462325 0.072318\n0.430494 -0.546349 -0.130798 -0.724475 0.0244508 -0.688867 -0.689296 -0.0296266 0.723874 -0.00270949 0.999262 0.0383176 0.0848297 0.0579169 0.485273\n0.436707 0.148583 -0.16236 -0.0290994 -0.98884 0.146113 0.96934 -0.0635969 -0.23735 0.243994 0.134726 0.960373 1.04558 0.0928918 0.141105\n-0.401678 0.154343 -0.22132 -0.0077839 0.991306 -0.131346 0.955742 0.0460068 0.290587 0.294103 -0.123271 -0.947791 1.03201 0.0868436 0.141333\nC 110\n0 7\n0 10\n0 4\n0 11\n0 5\n0 8\n0 2\n0 22\n0 12\n0 6\n0 9\n0 3\n0 23\n0 13\n1 17\n1 6\n1 11\n1 12\n1 21\n1 15\n1 16\n1 5\n1 10\n1 19\n1 3\n1 20\n1 14\n1 23\n1 4\n1 9\n1 18\n1 7\n1 2\n1 13\n1 22\n1 8\n2 22\n2 5\n2 6\n2 3\n2 14\n2 4\n2 21\n3 7\n3 6\n3 5\n3 22\n3 21\n3 4\n3 14\n4 5\n4 21\n4 6\n4 8\n4 22\n4 7\n4 14\n5 8\n5 21\n5 14\n5 7\n5 9\n5 6\n5 22\n6 9\n6 7\n6 10\n6 8\n6 22\n7 8\n7 11\n7 10\n7 9\n8 12\n8 9\n8 10\n8 11\n9 13\n9 23\n9 11\n9 12\n9 10\n10 13\n10 23\n10 20\n10 15\n10 11\n10 12\n11 15\n11 20\n11 13\n11 23\n11 12\n12 13\n12 23\n12 20\n12 15\n13 20\n13 23\n13 15\n14 18\n14 22\n14 16\n15 23\n15 19\n15 17\n16 18\n17 19\n20 23\n21 22\nS 10\n2\n13 -0.333182 0.187768 -0.241449\n2 0.370155 0.188343 -0.186877\n2\n0.0184861 0.188056 -0.214163\n0.997003 0.00081485 0.0773572\n2\n12 -0.268257 0.187882 -0.250484\n3 0.307184 0.188309 -0.206099\n2\n0.0194633 0.188095 -0.228292\n0.997038 0.000739738 0.0769034\n2\n11 -0.203606 0.188117 -0.252652\n4 0.243893 0.187417 -0.224405\n2\n0.0201434 0.187767 -0.238528\n0.998013 -0.00156197 0.062995\n2\n10 -0.139284 0.187726 -0.262949\n5 0.180682 0.187226 -0.238932\n2\n0.0206991 0.187476 -0.250941\n0.997194 -0.00155823 0.0748504\n2\n9 -0.0749526 0.187295 -0.261935\n6 0.11695 0.187794 -0.247075\n2\n0.0209989 0.187545 -0.254505\n0.997012 0.00259299 0.0772043\n2\n8 -0.0109088 0.187081 -0.260838\n7 0.053402 0.187968 -0.253683\n2\n0.0212466 0.187525 -0.25726\n0.993775 0.0137102 0.110558\n2\n14 0.419326 0.117442 0.225424\n15 -0.445599 0.113718 0.167814\n2\n-0.0131365 0.11558 0.196619\n-0.99778 -0.00429505 -0.0664596\n2\n16 0.391806 -0.0347405 0.53201\n17 -0.45182 -0.021583 0.469557\n2\n-0.030007 -0.0281617 0.500784\n-0.99715 0.0155519 -0.0738184\n2\n18 0.392473 -0.48083 0.522067\n19 -0.450977 -0.460997 0.466748\n2\n-0.029252 -0.470914 0.494408\n-0.997582 0.0234579 -0.065428\n2\n22 0.436707 0.148583 -0.16236\n23 -0.401678 0.154343 -0.22132\n2\n0.0175144 0.151463 -0.19184\n-0.997513 0.00685342 -0.0701502\nL 24\n0\n1\n0\n0\n0\n0\n0\n0\n0\n0\n0\n0\n0\n0\n3\n3\n3\n3\n2\n2\n2\n2\n0\n0"
}