{
    "boxes": [
        [
            -0.010159900411963463,
            -0.17419999837875366,
            0.26083099842071533,
            0.20156200230121613,
            0.777059018611908,
            1.300220012664795,
            -0.0025894700083881617,
            0.992805004119873,
            -0.11971399933099747,
            -0.0001555579947307706,
            0.11971399933099747,
            0.9928079843521118
        ],
        [
            0.005690999794751406,
            -0.6912569999694824,
            -0.4180409908294678,
            0.02068299986422062,
            0.07238899916410446,
            1.2048200368881226,
            0.0,
            1.0,
            0.0,
            0.0,
            0.0,
            1.0
        ],
        [
            -0.5802040100097656,
            -0.4565019905567169,
            0.294730007648468,
            0.46015501022338867,
            0.11062899976968765,
            0.0378371998667717,
            -0.006436760071665049,
            0.9563130140304565,
            -0.29227501153945923,
            0.03447140008211136,
            0.29231899976730347,
            0.9556990265846252
        ],
        [
            -0.5826519727706909,
            -0.6879299879074097,
            -0.04716549813747406,
            0.027005000039935112,
            0.7527830004692078,
            0.028270000591874123,
            0.0,
            1.0,
            0.0,
            0.0,
            0.0,
            1.0
        ],
        [
            -0.01027430035173893,
            0.1827870011329651,
            -0.2457759976387024,
            0.7910230159759521,
            0.27521100640296936,
            1.3006999492645264,
            0.0010820500319823623,
            0.9525099992752075,
            -0.30450600385665894,
            0.001481920015066862,
            0.30450400710105896,
            0.9525099992752075
        ],
        [
            0.5951610207557678,
            0.001305019948631525,
            -0.21249200403690338,
            0.5632039904594421,
            0.1180180013179779,
            0.028151599690318108,
            -0.002488919999450445,
            0.8807119727134705,
            -0.47364598512649536,
            0.0237720999866724,
            0.473565012216568,
            0.8804380297660828
        ]
    ],
    "ops": [
        [
            0,
            0,
            0,
            0,
            1,
            2,
            1,
            1,
            0,
            0,
            2,
            1,
            1
        ]
    ],
    "syms": [
        [
            0.0,
            0.9999930262565613,
            0.00042961700819432735,
            0.003814730094745755,
            0.006621859967708588,
            -0.45625001192092896,
            0.2969689965248108,
            0.0
        ],
        [
            0.0,
            0.9998589754104614,
            0.011255799792706966,
            -0.012479599565267563,
            0.005877289921045303,
            -0.005328789819031954,
            -0.2051369994878769,
            0.0
        ]
    ],
    "labels:": [
        [
            1,
            2,
            2,
            2,
            0,
            0
        ]
    ],
    "obj": 41920,
    "mat_index": 4436,
    "obbs": "N 9\n-0.0102743 0.182787 -0.245776 0.999998 -0.00148192 -0.00108205 0.00148192 0.304504 0.95251 -0.00108205 -0.95251 0.304506 1.3007 0.275211 0.791023\n-0.0101599 -0.1742 0.260831 0.999997 0.00258947 -0.000155558 -0.00258947 0.992805 -0.119714 -0.000155558 0.119714 0.992808 1.30022 0.201562 0.777059\n0.595161 0.00130502 -0.212492 -0.0237721 -0.473565 -0.880438 0.999714 -0.0090682 -0.022115 0.00248892 -0.880712 0.473646 0.118018 0.0281516 0.563204\n-0.583406 -0.0119626 -0.197782 -0.00986646 -0.506845 -0.861981 0.999951 -0.00597486 -0.00793248 -0.00112967 -0.862016 0.506879 0.137361 0.0281198 0.598269\n-0.580204 -0.456502 0.29473 -0.0344714 -0.292319 -0.955699 0.999385 -0.00392352 -0.034847 0.00643676 -0.956313 0.292275 0.110629 0.0378372 0.460155\n0.593448 -0.455998 0.299207 0.00816816 -0.249604 -0.968313 0.999946 -0.00422899 0.00952511 -0.0064725 -0.968339 0.249556 0.110159 0.0320601 0.467517\n-0.582652 -0.68793 -0.0471655 1 0 0 0 1 0 0 0 1 0.02827 0.027005 0.752783\n0.005691 -0.691257 -0.418041 1 0 0 0 1 0 0 0 1 1.20482 0.020683 0.072389\n0.594764 -0.688061 -0.046908 1 0 0 0 1 0 0 0 1 0.026804 0.026884 0.715354\nC 15\n0 1\n0 5\n0 4\n0 3\n0 2\n1 2\n1 3\n1 4\n1 5\n2 5\n3 4\n4 6\n5 8\n6 7\n7 8\nS 3\n2\n2 0.595161 0.00130502 -0.212492\n3 -0.583406 -0.0119626 -0.197782\n2\n0.00587729 -0.00532879 -0.205137\n-0.999859 -0.0112558 0.0124796\n2\n4 -0.580204 -0.456502 0.29473\n5 0.593448 -0.455998 0.299207\n2\n0.00662186 -0.45625 0.296969\n0.999993 0.000429617 0.00381473\n2\n6 -0.582652 -0.68793 -0.0471655\n8 0.594764 -0.688061 -0.046908\n2\n0.006056 -0.687995 -0.0470367\n1 -0.000111685 0.000218699\nL 9\n0\n1\n0\n0\n2\n2\n2\n2\n2"
}