{
    "boxes": [
        [
            0.013939499855041504,
            -0.053917501121759415,
            0.120107002556324,
            0.15055899322032928,
            0.8021240234375,
            0.8030110001564026,
            0.0,
            1.0,
            0.0,
            0.0,
            0.0,
            1.0
        ],
        [
            0.3321009874343872,
            -0.3899120092391968,
            -0.2862269878387451,
            0.882427990436554,
            0.13371099531650543,
            0.09102129936218262,
            -0.12800300121307373,
            0.9736340045928955,
            0.18881699442863464,
            -0.5471090078353882,
            -0.2281150072813034,
            0.8053789734840393
        ],
        [
            0.3438510000705719,
            -0.41192901134490967,
            0.4336380064487457,
            0.7898139953613281,
            0.14983999729156494,
            0.1262959986925125,
            0.0,
            1.0,
            0.0,
            0.0,
            0.0,
            1.0
        ],
        [
            0.014727599918842316,
            0.5768679976463318,
            -0.2831360101699829,
            0.4092940092086792,
            0.21264000236988068,
            0.8523659706115723,
            -0.00012947400682605803,
            0.9672030210494995,
            -0.2540050148963928,
            -0.0001678669941611588,
            0.2540050148963928,
            0.9672030210494995
        ],
        [
            -0.29148098826408386,
            0.3571009933948517,
            -0.265377014875412,
            0.7246530055999756,
            0.10920800268650055,
            0.06265439838171005,
            -0.10275900363922119,
            0.9858180284500122,
            -0.1326799988746643,
            0.5881509780883789,
            0.16778799891471863,
            0.7911540269851685
        ]
    ],
    "ops": [
        [
            0,
            0,
            0,
            1,
            2,
            1,
            0,
            0,
            2,
            1,
            1
        ]
    ],
    "syms": [
        [
            0.0,
            0.9998319745063782,
            -0.011882900260388851,
            -0.01398290041834116,
            0.008818060159683228,
            -0.38606899976730347,
            -0.2817060053348541,
            0.0
        ],
        [
            0.0,
            0.9999179840087891,
            0.012596599757671356,
            0.0021155700087547302,
            0.01117129996418953,
            0.3609130084514618,
            -0.26473599672317505,
            0.0
        ]
    ],
    "labels:": [
        [
            1,
            2,
            2,
            0,
            0
        ]
    ],
    "obj": 41923,
    "mat_index": 4437,
    "obbs": "N 8\n0.0147276 0.576868 -0.283136 1 0.000167867 0.000129474 -0.000167867 0.254005 0.967203 0.000129474 -0.967203 0.254005 0.852366 0.21264 0.409294\n0.0139395 -0.0539175 0.120107 1 0 0 0 1 0 0 0 1 0.803011 0.150559 0.802124\n0.313824 0.364726 -0.264096 0.0755041 0.991236 -0.108403 0.794228 0.00594926 0.607591 0.602911 -0.131972 -0.786818 0.7107 0.0513534 0.10323\n-0.291481 0.357101 -0.265377 0.102759 -0.985818 0.13268 0.802196 0.00326246 -0.597052 0.588151 0.167788 0.791154 0.724653 0.0626544 0.109208\n-0.314465 -0.382227 -0.277185 -0.550896 0.232427 -0.801555 0.823526 -0.00436308 -0.567261 -0.135344 -0.972604 -0.189007 0.134799 0.0930983 0.897498\n0.332101 -0.389912 -0.286227 0.547109 0.228115 -0.805379 0.827216 -0.000212127 0.561883 0.128003 -0.973634 -0.188817 0.133711 0.0910213 0.882428\n0.343851 -0.411929 0.433638 1 0 0 0 1 0 0 0 1 0.126296 0.789814 0.14984\n-0.321132 -0.411382 0.448429 -0.0337185 -0.999362 0.0117372 0.997489 -0.0343824 -0.0619096 0.0622737 0.00962019 0.998013 0.792256 0.105818 0.132859\nC 10\n0 3\n0 2\n1 2\n1 3\n1 4\n1 5\n1 6\n1 7\n2 5\n3 4\nS 3\n2\n2 0.313824 0.364726 -0.264096\n3 -0.291481 0.357101 -0.265377\n2\n0.0111713 0.360913 -0.264736\n-0.999918 -0.0125966 -0.00211557\n2\n4 -0.314465 -0.382227 -0.277185\n5 0.332101 -0.389912 -0.286227\n2\n0.00881806 -0.386069 -0.281706\n0.999832 -0.0118829 -0.0139829\n2\n6 0.343851 -0.411929 0.433638\n7 -0.321132 -0.411382 0.448429\n2\n0.0113596 -0.411656 0.441034\n-0.999752 0.000821993 0.0222373\nL 8\n0\n1\n0\n0\n2\n2\n2\n2"
}