{
    "boxes": [
        [
            -0.0039050099439918995,
            -0.08642590045928955,
            0.11866600066423416,
            0.11138500273227692,
            0.8079900145530701,
            0.9096220135688782,
            -0.0002514120133128017,
            0.9981240034103394,
            -0.061224400997161865,
            -7.703490155108739e-06,
            0.061224400997161865,
            0.9981240034103394
        ],
        [
            -0.4827359914779663,
            0.11592599749565125,
            0.12540100514888763,
            0.4518899917602539,
            0.07007119804620743,
            0.07520879805088043,
            -0.016656100749969482,
            0.9324039816856384,
            -0.36103400588035583,
            -0.5227479934692383,
            0.29968300461769104,
            0.7980759739875793
        ],
        [
            0.4751279950141907,
            0.1136619970202446,
            0.11946199834346771,
            0.45156699419021606,
            0.062813900411129,
            0.06401029974222183,
            0.013547100126743317,
            0.9382249712944031,
            -0.3457599878311157,
            0.09431040287017822,
            0.3430509865283966,
            0.9345700144767761
        ],
        [
            -0.48939499258995056,
            0.33017799258232117,
            0.1405780017375946,
            0.07263000309467316,
            0.40553098917007446,
            0.13573500514030457,
            0.0,
            1.0,
            0.0,
            0.0,
            0.0,
            1.0
        ],
        [
            -0.41163700819015503,
            -0.4688589870929718,
            -0.34442201256752014,
            0.6622710227966309,
            0.07647699862718582,
            0.07201530039310455,
            0.11258400231599808,
            0.9865829944610596,
            0.11823000013828278,
            -0.645425021648407,
            -0.017857499420642853,
            0.7636150121688843
        ],
        [
            -0.4870530068874359,
            -0.4428189992904663,
            0.32274800539016724,
            0.7559009790420532,
            0.054232798516750336,
            0.061688099056482315,
            0.013437099754810333,
            0.9378799796104431,
            -0.3467000126838684,
            0.019290300086140633,
            0.3464230000972748,
            0.9378799796104431
        ],
        [
            -0.001711999997496605,
            0.41567501425743103,
            -0.20013399422168732,
            0.2407120019197464,
            0.3657430112361908,
            1.070739984512329,
            0.0,
            1.0,
            0.0,
            0.0,
            0.0,
            1.0
        ],
        [
            -0.3539640009403229,
            0.08827319741249084,
            -0.2645129859447479,
            0.5065360069274902,
            0.07925970107316971,
            0.05911530181765556,
            0.084859199821949,
            0.9894459843635559,
            0.11745300143957138,
            0.5036020278930664,
            -0.1443050056695938,
            0.8517990112304688
        ],
        [
            -0.3325499892234802,
            -0.10473299771547318,
            -0.23897899687290192,
            0.09550359845161438,
            0.15950800478458405,
            0.10995800048112869,
            0.227961003780365,
            0.8839200139045715,
            -0.40831300616264343,
            0.33933699131011963,
            0.32093799114227295,
            0.8842219710350037
        ]
    ],
    "ops": [
        [
            0,
            0,
            0,
            0,
            2,
            1,
            1,
            1,
            0,
            0,
            1,
            2,
            1,
            0,
            0,
            0,
            1,
            2,
            1,
            1
        ]
    ],
    "syms": [
        [
            0.0,
            0.9999970197677612,
            -0.000753475003875792,
            -0.0024546899367123842,
            -0.0016570000443607569,
            0.3298110067844391,
            0.13938100636005402,
            0.0
        ],
        [
            0.0,
            0.9999790191650391,
            0.005172030068933964,
            -0.003792200004681945,
            -0.004861929919570684,
            -0.4667550027370453,
            -0.3459649980068207,
            0.0
        ],
        [
            0.0,
            0.9999600052833557,
            0.005957840010523796,
            -0.006664529908448458,
            -0.0036639301106333733,
            0.09036029875278473,
            -0.26684701442718506,
            0.0
        ]
    ],
    "labels:": [
        [
            1,
            3,
            3,
            3,
            2,
            2,
            0,
            0,
            0
        ]
    ],
    "obj": 2702,
    "mat_index": 446,
    "obbs": "N 14\n-0.001712 0.415675 -0.200134 1 0 0 0 1 0 0 0 1 1.07074 0.240712 0.365743\n-0.00390501 -0.0864259 0.118666 1 0.000251412 -7.70349e-06 -0.000251412 0.998124 -0.0612244 -7.70349e-06 0.0612244 0.998124 0.909622 0.111385 0.80799\n-0.353964 0.0882732 -0.264513 -0.0848592 -0.989446 -0.117453 0.859758 -0.0131331 -0.510533 0.503602 -0.144305 0.851799 0.506536 0.0591153 0.0792597\n0.346636 0.0924474 -0.269182 0.663723 0.155633 -0.731608 0.743343 -0.0285142 0.668303 0.0831485 -0.987403 -0.134614 0.0832559 0.0685421 0.499975\n0.475128 0.113662 0.119462 0.995451 -0.0452695 -0.083837 0.0943104 0.343051 0.93457 -0.0135471 -0.938225 0.34576 0.0640103 0.0628139 0.451567\n-0.482736 0.115926 0.125401 -0.0166561 0.932404 -0.361034 -0.522748 0.299683 0.798076 0.852324 0.202023 0.482421 0.45189 0.0700712 0.0752088\n0.486082 0.329443 0.138184 1 0 0 0 1 0 0 0 1 0.126617 0.071152 0.410282\n-0.489395 0.330178 0.140578 1 0 0 0 1 0 0 0 1 0.135735 0.07263 0.405531\n-0.33255 -0.104733 -0.238979 0.227961 0.88392 -0.408313 0.912625 -0.340124 -0.226785 -0.339337 -0.320938 -0.884222 0.0955036 0.109958 0.159508\n0.334153 -0.11023 -0.232115 -0.0889255 0.985232 -0.146323 0.900917 0.142211 0.410029 0.424783 -0.0953626 -0.900259 0.0930147 0.114221 0.145842\n-0.411637 -0.468859 -0.344422 0.112584 0.986583 0.11823 0.755481 -0.162279 0.634755 0.645425 0.0178575 -0.763615 0.662271 0.0720153 0.076477\n0.401913 -0.464651 -0.347508 0.0972896 -0.985909 -0.136085 0.865739 0.151283 -0.477084 0.490949 -0.0713987 0.868258 0.670996 0.0750265 0.0735294\n0.479219 -0.437984 0.32116 -0.00578106 0.93848 -0.345285 -0.0832074 0.343642 0.935407 0.996515 0.0341379 0.0761018 0.765944 0.0555917 0.0583736\n-0.487053 -0.442819 0.322748 0.999724 -0.0192903 -0.0134371 0.0192903 0.346423 0.93788 -0.0134371 -0.93788 0.3467 0.0616881 0.0542328 0.755901\nC 30\n0 7\n0 3\n0 4\n0 5\n0 6\n0 2\n1 3\n1 11\n1 2\n1 5\n1 10\n1 13\n1 4\n1 9\n1 12\n1 8\n2 8\n2 5\n2 10\n2 7\n3 11\n3 6\n3 9\n3 4\n4 12\n4 6\n5 13\n5 7\n8 10\n9 11\nS 5\n2\n2 -0.353964 0.0882732 -0.264513\n3 0.346636 0.0924474 -0.269182\n2\n-0.00366393 0.0903603 -0.266847\n0.99996 0.00595784 -0.00666453\n2\n6 0.486082 0.329443 0.138184\n7 -0.489395 0.330178 0.140578\n2\n-0.001657 0.329811 0.139381\n-0.999997 0.000753475 0.00245469\n2\n8 -0.33255 -0.104733 -0.238979\n9 0.334153 -0.11023 -0.232115\n2\n0.000801505 -0.107481 -0.235547\n0.999913 -0.00824425 0.0102939\n2\n10 -0.411637 -0.468859 -0.344422\n11 0.401913 -0.464651 -0.347508\n2\n-0.00486193 -0.466755 -0.345965\n0.999979 0.00517203 -0.0037922\n2\n12 0.479219 -0.437984 0.32116\n13 -0.487053 -0.442819 0.322748\n2\n-0.003917 -0.440401 0.321954\n-0.999986 -0.00500438 0.00164386\nL 14\n0\n1\n0\n0\n3\n3\n3\n3\n0\n0\n2\n2\n2\n2"
}