{
    "boxes": [
        [
            -0.005154639948159456,
            -0.09862689673900604,
            0.11218299716711044,
            0.13509899377822876,
            0.745523989200592,
            0.8613520264625549,
            0.001358969951979816,
            0.9966819882392883,
            -0.08137819916009903,
            5.538729965337552e-05,
            0.08137819916009903,
            0.9966830015182495
        ],
        [
            -0.40462300181388855,
            0.18868699669837952,
            0.09213180094957352,
            0.05636420100927353,
            0.5431110262870789,
            0.05600669980049133,
            0.5250539779663086,
            0.850130021572113,
            0.03996000066399574,
            -0.05586240068078041,
            -0.012426000088453293,
            0.9983609914779663
        ],
        [
            -0.4191029965877533,
            0.045409999787807465,
            0.3810800015926361,
            0.2832370102405548,
            0.05544950067996979,
            0.04470260068774223,
            -0.004224149975925684,
            0.9733579754829407,
            -0.2292499989271164,
            -0.07137860357761383,
            0.22837400436401367,
            0.9709529876708984
        ],
        [
            0.3966650068759918,
            0.19252699613571167,
            0.09840419888496399,
            0.05324919894337654,
            0.5101500153541565,
            0.04563330113887787,
            0.009843810461461544,
            0.9997519850730896,
            0.019965700805187225,
            0.052235301584005356,
            -0.020453499630093575,
            0.9984250068664551
        ],
        [
            0.4075619876384735,
            0.036306798458099365,
            0.38184601068496704,
            0.3169710040092468,
            0.057400599122047424,
            0.04839419946074486,
            -0.011516300030052662,
            0.9730129837989807,
            -0.2304610013961792,
            -0.3370699882507324,
            0.21320900321006775,
            0.9170200228691101
        ],
        [
            -0.3517169952392578,
            -0.43102601170539856,
            -0.2619459927082062,
            0.667218029499054,
            0.09571400284767151,
            0.04200670123100281,
            0.09119260311126709,
            0.9656310081481934,
            0.24339400231838226,
            0.637158989906311,
            -0.24441400170326233,
            0.7309520244598389
        ],
        [
            -0.4252530038356781,
            -0.4207859933376312,
            0.4497219920158386,
            0.7024980187416077,
            0.06018409878015518,
            0.0547994002699852,
            0.036607399582862854,
            0.9960039854049683,
            -0.08145630359649658,
            0.09623149782419205,
            0.07761870324611664,
            0.9923279881477356
        ],
        [
            -0.005293610040098429,
            0.29480499029159546,
            -0.2577719986438751,
            0.44332998991012573,
            0.1814589947462082,
            0.7832199931144714,
            0.00022817100398242474,
            0.9516540169715881,
            -0.3071720004081726,
            0.00031341001158580184,
            0.3071720004081726,
            0.9516540169715881
        ],
        [
            -0.004394580144435167,
            0.13067899644374847,
            -0.2191530019044876,
            0.20532900094985962,
            0.08437850326299667,
            0.8236259818077087,
            -0.014739500358700752,
            0.8263649940490723,
            0.5629420280456543,
            -0.007793109863996506,
            -0.5630810260772705,
            0.8263649940490723
        ]
    ],
    "ops": [
        [
            0,
            0,
            0,
            1,
            0,
            0,
            1,
            1,
            1,
            0,
            0,
            1,
            2,
            1,
            0,
            0,
            1,
            1
        ]
    ],
    "syms": [
        [
            0.0,
            0.9999669790267944,
            -0.00453794002532959,
            0.00669563002884388,
            -0.0072749899700284,
            -0.43258899450302124,
            -0.25964000821113586,
            0.0
        ]
    ],
    "labels:": [
        [
            1,
            3,
            3,
            3,
            3,
            2,
            2,
            0,
            0
        ]
    ],
    "obj": 41967,
    "mat_index": 4470,
    "obbs": "N 11\n-0.00529361 0.294805 -0.257772 1 -0.00031341 -0.000228171 0.00031341 0.307172 0.951654 -0.000228171 -0.951654 0.307172 0.78322 0.181459 0.44333\n-0.00515464 -0.0986269 0.112183 0.999999 -0.00135897 5.53873e-05 0.00135897 0.996682 -0.0813782 5.53873e-05 0.0813782 0.996683 0.861352 0.135099 0.745524\n-0.404623 0.188687 0.0921318 -0.849234 0.526426 -0.040966 0.525054 0.85013 0.03996 0.0558624 0.012426 -0.998361 0.0560067 0.0563642 0.543111\n0.396665 0.192527 0.0984042 -0.0522353 0.0204535 -0.998425 0.00984381 0.999752 0.0199657 0.998586 -0.0087854 -0.0524237 0.51015 0.0532492 0.0456333\n-0.419103 0.04541 0.38108 -0.00422415 0.973358 -0.22925 -0.0713786 0.228374 0.970953 0.99744 0.020465 0.0685123 0.283237 0.0554495 0.0447026\n0.407562 0.0363068 0.381846 -0.0115163 0.973013 -0.230461 -0.33707 0.213209 0.91702 0.941409 0.088242 0.325518 0.316971 0.0574006 0.0483942\n-0.00439458 0.130679 -0.219153 -0.0147395 0.826365 0.562942 -0.00779311 -0.563081 0.826365 0.999861 0.00779311 0.0147395 0.205329 0.0843785 0.823626\n0.337167 -0.434152 -0.257334 0.638274 0.21959 -0.737825 0.766093 -0.0871333 0.636796 0.0755451 -0.971693 -0.223842 0.0964346 0.0410091 0.671181\n-0.351717 -0.431026 -0.261946 -0.0911926 -0.965631 -0.243394 0.765318 0.0884232 -0.637549 0.637159 -0.244414 0.730952 0.667218 0.0420067 0.095714\n0.414778 -0.433225 0.450596 -0.0269094 0.996941 -0.0733818 -0.0851209 0.0708565 0.993848 0.996007 0.0329902 0.0829537 0.675402 0.0603935 0.0483387\n-0.425253 -0.420786 0.449722 0.994686 -0.0441652 -0.0930056 0.0962315 0.0776187 0.992328 -0.0366074 -0.996004 0.0814563 0.0547994 0.0601841 0.702498\nC 24\n0 2\n0 7\n0 3\n0 8\n0 1\n0 6\n1 3\n1 6\n1 2\n1 5\n1 10\n1 4\n1 9\n1 8\n1 7\n2 6\n2 10\n2 4\n3 6\n3 5\n4 10\n5 9\n6 7\n6 8\nS 2\n2\n7 0.337167 -0.434152 -0.257334\n8 -0.351717 -0.431026 -0.261946\n2\n-0.00727499 -0.432589 -0.25964\n-0.999967 0.00453794 -0.00669563\n2\n9 0.414778 -0.433225 0.450596\n10 -0.425253 -0.420786 0.449722\n2\n-0.00523722 -0.427005 0.450159\n-0.99989 0.0148068 -0.0010413\nL 11\n0\n1\n3\n3\n3\n3\n0\n2\n2\n2\n2"
}