{
    "boxes": [
        [
            -0.00330891995690763,
            -0.10784599930047989,
            0.16223199665546417,
            0.19230599701404572,
            0.9600980281829834,
            1.0463500022888184,
            -0.0007584890117868781,
            0.9868410229682922,
            -0.1616930067539215,
            -6.172720168251544e-05,
            0.1616930067539215,
            0.9868410229682922
        ],
        [
            -0.49105098843574524,
            0.21490199863910675,
            0.06401699781417847,
            0.09658680111169815,
            1.0689300298690796,
            0.08251769840717316,
            -0.1789119988679886,
            0.8912400007247925,
            0.4167500138282776,
            -0.0003574510046746582,
            -0.4236440062522888,
            0.9058290123939514
        ],
        [
            -0.49253401160240173,
            -0.42854899168014526,
            -0.34504199028015137,
            0.47203099727630615,
            0.05954499915242195,
            0.08434370160102844,
            0.041474100202322006,
            0.9314829707145691,
            0.36141300201416016,
            -0.007446289993822575,
            -0.3614259958267212,
            0.9323710203170776
        ],
        [
            0.4671509861946106,
            -0.36481600999832153,
            0.6233909726142883,
            0.5517979860305786,
            0.07519940286874771,
            0.11184100061655045,
            -0.008554830215871334,
            0.9961000084877014,
            -0.0878157988190651,
            -0.06645099818706512,
            0.08705859631299973,
            0.9939839839935303
        ],
        [
            -0.49452701210975647,
            -0.37368300557136536,
            0.6230859756469727,
            0.5346480011940002,
            0.08246719837188721,
            0.11949300020933151,
            0.0714728981256485,
            0.9960619807243347,
            -0.052466899156570435,
            -0.41378098726272583,
            0.07747060060501099,
            0.907073974609375
        ],
        [
            -0.003363860072568059,
            0.18831999599933624,
            -0.34907498955726624,
            0.6207420229911804,
            0.11497099697589874,
            1.0474400520324707,
            -0.0021119399461895227,
            0.9256979823112488,
            -0.37825700640678406,
            -0.0031444199848920107,
            0.37825000286102295,
            0.9256979823112488
        ]
    ],
    "ops": [
        [
            0,
            0,
            2,
            1,
            0,
            2,
            0,
            0,
            1,
            1,
            1,
            0,
            1
        ]
    ],
    "syms": [
        [
            0.0,
            0.999563992023468,
            -0.02156040072441101,
            0.02016879990696907,
            -0.00048334000166505575,
            0.2043199986219406,
            0.07391539961099625,
            0.0
        ],
        [
            0.0,
            0.9999989867210388,
            0.00010141600068891421,
            -0.0011794300517067313,
            -0.006966509856283665,
            -0.4284999966621399,
            -0.3456149995326996,
            0.0
        ]
    ],
    "labels:": [
        [
            1,
            3,
            2,
            2,
            2,
            0
        ]
    ],
    "obj": 41989,
    "mat_index": 4481,
    "obbs": "N 8\n-0.00336386 0.18832 -0.349075 -0.00211194 0.925698 -0.378257 -0.00314442 0.37825 0.925698 0.999993 0.00314442 0.00211194 0.620742 0.114971 1.04744\n0.490085 0.193739 0.0838139 -0.000181237 0.385822 -0.922573 0.998373 -0.0525414 -0.0221691 -0.0570266 -0.921076 -0.385185 1.12499 0.0635093 0.101911\n-0.491051 0.214902 0.064017 0.178912 -0.89124 -0.41675 0.983865 0.161915 0.0761136 -0.000357451 -0.423644 0.905829 0.0965868 0.0825177 1.06893\n-0.00330892 -0.107846 0.162232 1 0.000758489 -6.17272e-05 -0.000758489 0.986841 -0.161693 -6.17272e-05 0.161693 0.986841 1.04635 0.192306 0.960098\n0.478601 -0.428451 -0.346187 -0.00345997 0.932164 0.362019 -0.0381955 -0.361881 0.931442 0.999264 -0.0106047 0.0368566 0.470609 0.0584883 0.0843941\n0.467151 -0.364816 0.623391 -0.00855483 0.9961 -0.0878158 -0.066451 0.0870586 0.993984 0.997753 0.0143388 0.0654471 0.551798 0.0751994 0.111841\n-0.494527 -0.373683 0.623086 0.0714729 0.996062 -0.0524669 -0.413781 0.0774706 0.907074 0.907566 -0.0431214 0.417689 0.534648 0.0824672 0.119493\n-0.492534 -0.428549 -0.345042 -0.999112 0.0413604 0.00805374 -0.00744629 -0.361426 0.932371 0.0414741 0.931483 0.361413 0.0843437 0.059545 0.472031\nC 13\n0 1\n0 7\n0 4\n0 3\n0 2\n1 3\n1 5\n2 6\n2 3\n3 6\n3 7\n3 4\n3 5\nS 2\n2\n1 0.490085 0.193739 0.0838139\n2 -0.491051 0.214902 0.064017\n2\n-0.00048334 0.20432 0.0739154\n-0.999564 0.0215604 -0.0201688\n2\n4 0.478601 -0.428451 -0.346187\n7 -0.492534 -0.428549 -0.345042\n2\n-0.00696651 -0.4285 -0.345615\n-0.999999 -0.000101416 0.00117943\nL 8\n0\n3\n3\n1\n2\n2\n2\n2"
}