{
    "boxes": [
        [
            -0.015525099821388721,
            -0.16231299936771393,
            0.12662500143051147,
            0.3845840096473694,
            1.0012500286102295,
            1.5130000114440918,
            0.007336089853197336,
            0.9919829964637756,
            -0.12616199254989624,
            0.00046462900354526937,
            0.12616199254989624,
            0.9920099973678589
        ],
        [
            -0.3448219895362854,
            -0.5619760155677795,
            -0.32886800169944763,
            0.6231539845466614,
            0.14989499747753143,
            0.135453000664711,
            0.06021900102496147,
            0.9217910170555115,
            0.38298100233078003,
            -0.205717995762825,
            -0.3639799952507019,
            0.9084050059318542
        ],
        [
            -0.49080199003219604,
            -0.7978399991989136,
            0.3373650014400482,
            0.06916200369596481,
            0.021438999101519585,
            0.05260799825191498,
            0.0,
            1.0,
            0.0,
            0.0,
            0.0,
            1.0
        ],
        [
            -0.4799630045890808,
            -0.5135660171508789,
            0.33747100830078125,
            0.5221779942512512,
            0.15982499718666077,
            0.15982399880886078,
            0.0,
            1.0,
            0.0,
            0.0,
            0.0,
            1.0
        ],
        [
            -0.016078999266028404,
            0.20522700250148773,
            -0.2433989942073822,
            0.9940549731254578,
            0.6672229766845703,
            1.5089000463485718,
            -1.1238899588761342e-08,
            0.9998419880867004,
            -0.017750799655914307,
            -9.975770209891266e-11,
            0.017750799655914307,
            0.9998419880867004
        ]
    ],
    "ops": [
        [
            0,
            0,
            0,
            0,
            1,
            1,
            2,
            1,
            0,
            1
        ]
    ],
    "syms": [
        [
            0.0,
            0.9999889731407166,
            0.001399329979903996,
            0.004530599806457758,
            -0.01263859961181879,
            -0.5615109801292419,
            -0.3273630142211914,
            0.0
        ]
    ],
    "labels:": [
        [
            1,
            2,
            2,
            2,
            0
        ]
    ],
    "obj": 42007,
    "mat_index": 4490,
    "obbs": "N 8\n-0.016079 0.205227 -0.243399 1 1.12389e-08 -9.97577e-11 -1.12389e-08 0.999842 -0.0177508 -9.97577e-11 0.0177508 0.999842 1.5089 0.994055 0.667223\n0.472313 -0.797336 0.344818 1 0 0 0 1 0 0 0 1 0.052608 0.069162 0.02144\n-0.490802 -0.79784 0.337365 1 0 0 0 1 0 0 0 1 0.052608 0.069162 0.021439\n-0.0155251 -0.162313 0.126625 0.999973 -0.00733609 0.000464629 0.00733609 0.991983 -0.126162 0.000464629 0.126162 0.99201 1.513 0.384584 1.00125\n-0.344822 -0.561976 -0.328868 0.060219 0.921791 0.382981 -0.205718 -0.36398 0.908405 0.976757 -0.133489 0.16771 0.623154 0.149895 0.135453\n0.319545 -0.561046 -0.325858 0.97255 0.185071 -0.141052 0.201622 -0.367598 0.907865 0.116169 -0.911384 -0.394822 0.146242 0.16254 0.621871\n0.483152 -0.513062 0.344924 1 0 0 0 1 0 0 0 1 0.159824 0.522178 0.159824\n-0.479963 -0.513566 0.337471 1 0 0 0 1 0 0 0 1 0.159824 0.522178 0.159825\nC 11\n0 7\n0 6\n0 5\n0 4\n0 3\n1 6\n2 7\n3 6\n3 7\n3 4\n3 5\nS 3\n2\n1 0.472313 -0.797336 0.344818\n2 -0.490802 -0.79784 0.337365\n2\n-0.0092445 -0.797588 0.341091\n-0.99997 -0.000523286 -0.00773872\n2\n4 -0.344822 -0.561976 -0.328868\n5 0.319545 -0.561046 -0.325858\n2\n-0.0126386 -0.561511 -0.327363\n0.999989 0.00139933 0.0045306\n2\n6 0.483152 -0.513062 0.344924\n7 -0.479963 -0.513566 0.337471\n2\n0.0015945 -0.513314 0.341197\n-0.99997 -0.000523286 -0.00773872\nL 8\n0\n2\n2\n1\n2\n2\n2\n2"
}