{
    "boxes": [
        [
            -0.019150100648403168,
            -0.09446760267019272,
            0.13094399869441986,
            0.13575200736522675,
            0.6722880005836487,
            0.7773100137710571,
            -0.0023690499365329742,
            0.9993500113487244,
            0.03596600145101547,
            4.26164006057661e-05,
            -0.03596600145101547,
            0.9993529915809631
        ],
        [
            -0.4121919870376587,
            0.14877699315547943,
            0.09836210310459137,
            0.4930399954319,
            0.45110899209976196,
            0.18657200038433075,
            0.09525439888238907,
            0.8202000260353088,
            -0.5640910267829895,
            -0.08515000343322754,
            0.5713040232658386,
            0.8163089752197266
        ],
        [
            -0.42137300968170166,
            -0.4358319938182831,
            -0.16852900385856628,
            0.6061750054359436,
            0.0869584009051323,
            0.04643309861421585,
            0.0677495002746582,
            0.8294839859008789,
            0.5544059872627258,
            0.0004034769954159856,
            -0.5557050108909607,
            0.8313789963722229
        ],
        [
            -0.3633840084075928,
            -0.42670899629592896,
            0.2959490120410919,
            0.704587996006012,
            0.10017800331115723,
            0.04542769864201546,
            0.0009177639731206,
            0.7185090184211731,
            -0.6955170035362244,
            -0.021888500079512596,
            0.6953650116920471,
            0.7183229923248291
        ],
        [
            -0.016117900609970093,
            0.3454340100288391,
            -0.20819799602031708,
            0.824679970741272,
            0.12528499960899353,
            0.7529659867286682,
            0.002831550082191825,
            0.9852079749107361,
            -0.1713380068540573,
            0.003366470104083419,
            0.17132799327373505,
            0.9852079749107361
        ],
        [
            -0.3104250133037567,
            0.23851700127124786,
            -0.20363099873065948,
            0.9848600029945374,
            0.24464499950408936,
            0.11814200133085251,
            -0.08520229905843735,
            0.9461190104484558,
            -0.31240901350975037,
            -0.08436329662799835,
            0.3055720031261444,
            0.9484239816665649
        ],
        [
            -0.29199299216270447,
            -0.13864600658416748,
            -0.0821148008108139,
            0.07093580067157745,
            0.2715809941291809,
            0.08618179708719254,
            -0.04319680109620094,
            0.9676560163497925,
            0.24854899942874908,
            0.005456500221043825,
            -0.24854899942874908,
            0.9686040282249451
        ]
    ],
    "ops": [
        [
            0,
            0,
            2,
            1,
            0,
            0,
            1,
            2,
            1,
            0,
            0,
            0,
            1,
            2,
            1,
            1
        ]
    ],
    "syms": [
        [
            0.0,
            0.9999920129776001,
            -0.0009036450064741075,
            0.004002689849585295,
            -0.019077200442552567,
            0.1484220027923584,
            0.09993559867143631,
            0.0
        ],
        [
            0.0,
            0.9998639822006226,
            -0.015189600177109241,
            -0.006397270131856203,
            -0.01869720034301281,
            -0.4419490098953247,
            -0.1711059957742691,
            0.0
        ],
        [
            0.0,
            0.9999970197677612,
            0.0024325500708073378,
            0.0006039810250513256,
            -0.018470199778676033,
            0.23922699689865112,
            -0.20345500111579895,
            0.0
        ]
    ],
    "labels:": [
        [
            1,
            3,
            2,
            2,
            0,
            0,
            0
        ]
    ],
    "obj": 42010,
    "mat_index": 4492,
    "obbs": "N 12\n-0.0161179 0.345434 -0.208198 0.99999 -0.00336647 -0.00283155 0.00336647 0.171328 0.985208 -0.00283155 -0.985208 0.171338 0.752966 0.125285 0.82468\n0.374038 0.148067 0.101509 -0.0877822 -0.561363 -0.822901 0.991811 0.0276747 -0.12468 0.092764 -0.827107 0.554337 0.450345 0.186477 0.49225\n-0.412192 0.148777 0.0983621 0.08515 -0.571304 -0.816309 0.991804 -0.0297248 0.124259 -0.0952544 -0.8202 0.564091 0.451109 0.186572 0.49304\n-0.0191501 -0.0944676 0.130944 0.999997 0.00236905 4.26164e-05 -0.00236905 0.99935 0.035966 4.26164e-05 -0.035966 0.999353 0.77731 0.135752 0.672288\n0.273485 0.239937 -0.203279 0.0773131 0.948233 -0.308022 0.989363 -0.11115 -0.0938412 -0.12322 -0.297491 -0.94674 0.982172 0.118096 0.244821\n-0.310425 0.238517 -0.203631 0.0843633 -0.305572 -0.948424 0.992786 0.107164 0.0537823 0.0852023 -0.946119 0.312409 0.244645 0.118142 0.98486\n0.253432 -0.146441 -0.075713 0.999867 -0.0162215 -0.00170186 0.0162215 0.978094 0.20753 -0.00170186 -0.20753 0.978227 0.0851837 0.0567299 0.2541\n-0.291993 -0.138646 -0.0821148 -0.0054565 0.248549 -0.968604 -0.0431968 0.967656 0.248549 0.999052 0.0431968 0.0054565 0.271581 0.0709358 0.0861818\n0.383979 -0.448066 -0.173682 0.0637606 -0.855506 -0.513852 0.996914 0.0309699 0.0721393 -0.0458017 -0.516866 0.85484 0.63248 0.0442339 0.09125\n0.324856 -0.426709 0.295948 0.0218846 -0.695367 -0.718322 0.99976 0.0145617 0.0163627 -0.000918121 -0.718507 0.695519 0.100179 0.0454285 0.704588\n-0.363384 -0.426709 0.295949 0.0218885 -0.695365 -0.718323 0.99976 0.0145646 0.0163653 -0.000917764 -0.718509 0.695517 0.100178 0.0454277 0.704588\n-0.421373 -0.435832 -0.168529 -0.000403477 0.555705 -0.831379 0.997702 -0.0561018 -0.0379834 -0.0677495 -0.829484 -0.554406 0.0869584 0.0464331 0.606175\nC 41\n0 7\n0 10\n0 3\n0 11\n0 4\n0 5\n0 8\n0 1\n0 6\n0 9\n0 2\n1 3\n1 6\n1 4\n1 9\n1 8\n2 5\n2 10\n2 3\n2 7\n2 11\n3 11\n3 7\n3 10\n3 6\n3 9\n3 5\n3 8\n3 4\n4 8\n4 9\n4 6\n5 11\n5 10\n5 7\n6 9\n6 8\n7 11\n7 10\n8 9\n10 11\nS 5\n2\n1 0.374038 0.148067 0.101509\n2 -0.412192 0.148777 0.0983621\n2\n-0.0190772 0.148422 0.0999356\n-0.999992 0.000903645 -0.00400269\n2\n4 0.273485 0.239937 -0.203279\n5 -0.310425 0.238517 -0.203631\n2\n-0.0184702 0.239227 -0.203455\n-0.999997 -0.00243255 -0.000603981\n2\n6 0.253432 -0.146441 -0.075713\n7 -0.291993 -0.138646 -0.0821148\n2\n-0.0192804 -0.142543 -0.0789139\n-0.999829 0.0142878 -0.0117354\n2\n8 0.383979 -0.448066 -0.173682\n11 -0.421373 -0.435832 -0.168529\n2\n-0.0186972 -0.441949 -0.171106\n-0.999864 0.0151896 0.00639727\n2\n9 0.324856 -0.426709 0.295948\n10 -0.363384 -0.426709 0.295949\n2\n-0.019264 -0.426709 0.295948\n-1 4.08687e-07 4.73103e-07\nL 12\n0\n3\n3\n1\n0\n0\n0\n0\n2\n2\n2\n2"
}