{
    "boxes": [
        [
            -0.006419000215828419,
            -0.10265900194644928,
            0.20291200280189514,
            0.18804199993610382,
            0.8474230170249939,
            1.103909969329834,
            0.0,
            1.0,
            0.0,
            0.0,
            0.0,
            1.0
        ],
        [
            0.5078420042991638,
            -0.4213150143623352,
            0.054302800446748734,
            0.1434759944677353,
            1.1104999780654907,
            0.07824859768152237,
            0.018397100269794464,
            0.8700870275497437,
            -0.49255499243736267,
            0.0007423749775625765,
            0.49262601137161255,
            0.8702409863471985
        ],
        [
            -0.5041379928588867,
            -0.21685700118541718,
            -0.011400300078094006,
            0.2517929971218109,
            1.4516700506210327,
            0.08481690287590027,
            -0.003015449969097972,
            0.7084000110626221,
            0.7058050036430359,
            0.005615090020000935,
            -0.7057849764823914,
            0.708404004573822
        ],
        [
            -0.4514850080013275,
            0.10041899979114532,
            -0.3203530013561249,
            0.6079109907150269,
            0.04290800169110298,
            0.05468039959669113,
            -0.012997499667108059,
            0.8667929768562317,
            -0.4984990060329437,
            0.06799209862947464,
            0.4981530010700226,
            0.8644189834594727
        ],
        [
            -0.015662500634789467,
            0.23846399784088135,
            -0.3209719955921173,
            0.6081209778785706,
            0.10582900047302246,
            1.08542001247406,
            -3.150840033327995e-09,
            0.8862040042877197,
            -0.46329599618911743,
            -5.202649866475895e-09,
            0.46329599618911743,
            0.8862040042877197
        ],
        [
            -0.002899500075727701,
            0.3515790104866028,
            -0.4578149914741516,
            0.04572099819779396,
            0.02992900088429451,
            1.0800600051879883,
            0.0,
            1.0,
            0.0,
            0.0,
            0.0,
            1.0
        ]
    ],
    "ops": [
        [
            0,
            0,
            0,
            1,
            2,
            1,
            0,
            2,
            0,
            0,
            1,
            1,
            1
        ]
    ],
    "syms": [
        [
            0.0,
            0.9997860193252563,
            -0.002828619908541441,
            -0.020476600155234337,
            0.004482890013605356,
            -0.41989099979400635,
            0.0646120011806488,
            0.0
        ],
        [
            1.0,
            0.5017840266227722,
            0.08926133066415787,
            -0.28475821018218994,
            0.4516189992427826,
            0.10041899979114532,
            -0.3203530013561249,
            0.10000000149011612
        ]
    ],
    "labels:": [
        [
            1,
            2,
            2,
            0,
            0,
            0
        ]
    ],
    "obj": 42022,
    "mat_index": 4499,
    "obbs": "N 17\n-0.0156625 0.238464 -0.320972 -3.15084e-09 0.886204 -0.463296 -5.20265e-09 0.463296 0.886204 1 5.20265e-09 3.15084e-09 0.608121 0.105829 1.08542\n-0.0028995 0.351579 -0.457815 1 0 0 0 1 0 0 0 1 1.08006 0.045721 0.029929\n-0.006419 -0.102659 0.202912 1 0 0 0 1 0 0 0 1 1.10391 0.188042 0.847423\n-0.451485 0.100419 -0.320353 -0.0129975 0.866793 -0.498499 0.0679921 0.498153 0.864419 0.997601 -0.0226587 -0.0654098 0.607911 0.042908 0.0546804\n-0.355928 0.100412 -0.320365 -0.0203716 0.866845 -0.498161 0.0552555 0.498479 0.865139 0.998264 -0.00990194 -0.0580528 0.608266 0.0426062 0.0632379\n-0.25417 0.100412 -0.320365 -0.0203716 0.866845 -0.498161 0.0552555 0.498479 0.865139 0.998264 -0.00990194 -0.0580528 0.608266 0.0426062 0.0632379\n-0.152412 0.100412 -0.320365 -0.0203729 0.866845 -0.498161 0.0552531 0.498479 0.865139 0.998265 -0.00989955 -0.0580514 0.608266 0.0426062 0.0632397\n-0.0506533 0.100412 -0.320365 -0.0203716 0.866845 -0.498161 0.0552555 0.498479 0.865139 0.998264 -0.00990194 -0.0580528 0.608266 0.0426062 0.0632379\n0.0511047 0.100412 -0.320365 -0.0203716 0.866845 -0.498161 0.0552555 0.498479 0.865139 0.998264 -0.00990194 -0.0580528 0.608266 0.0426062 0.0632379\n0.152863 0.100412 -0.320365 -0.0203716 0.866845 -0.498161 0.0552555 0.498479 0.865139 0.998264 -0.00990194 -0.0580528 0.608266 0.0426062 0.0632379\n0.25341 0.100412 -0.320365 -0.0203716 0.866845 -0.498161 0.0552555 0.498479 0.865139 0.998264 -0.00990194 -0.0580528 0.608266 0.0426062 0.0632379\n0.35638 0.100412 -0.320365 -0.0203716 0.866845 -0.498161 0.0552555 0.498479 0.865139 0.998264 -0.00990194 -0.0580528 0.608266 0.0426062 0.0632379\n0.451619 0.100419 -0.320353 -0.0129975 0.866793 -0.498499 0.0679921 0.498153 0.864419 0.997601 -0.0226587 -0.0654098 0.607911 0.042908 0.0546804\n0.507842 -0.421315 0.0543028 0.0183971 0.870087 -0.492555 0.99983 -0.0163756 0.00841695 -0.000742375 -0.492626 -0.870241 0.143476 0.0782486 1.1105\n0.49567 -0.211732 -0.0169671 0.00443415 0.704971 -0.709222 0.999953 -0.00928021 -0.00297275 -0.00867744 -0.709175 -0.704979 1.4666 0.104195 0.251262\n-0.498876 -0.418467 0.0749213 -0.0488047 0.879722 -0.472977 0.998808 0.0433053 -0.0225168 0.000673923 -0.473512 -0.880787 0.138635 0.0946148 1.15412\n-0.504138 -0.216857 -0.0114003 -0.00561509 0.705785 -0.708404 0.99998 0.00609931 -0.00184947 0.00301545 -0.7084 -0.705805 1.45167 0.0848169 0.251793\nC 72\n0 14\n0 7\n0 16\n0 10\n0 3\n0 11\n0 4\n0 12\n0 5\n0 8\n0 1\n0 6\n0 9\n0 2\n1 3\n1 6\n1 11\n1 16\n1 14\n1 5\n1 10\n1 4\n1 9\n1 12\n1 8\n1 7\n2 8\n2 12\n2 5\n2 4\n2 9\n2 13\n2 15\n2 16\n2 6\n2 10\n2 3\n2 14\n2 7\n2 11\n3 6\n3 16\n3 5\n3 4\n4 7\n4 5\n4 16\n4 6\n5 6\n5 8\n5 16\n5 7\n6 9\n6 7\n6 8\n7 10\n7 8\n7 9\n8 9\n8 10\n8 11\n9 11\n9 10\n9 12\n10 11\n10 12\n10 14\n11 14\n11 12\n12 14\n13 14\n15 16\nS 3\n10\n3 -0.451485 0.100419 -0.320353\n4 -0.355928 0.100412 -0.320365\n5 -0.25417 0.100412 -0.320365\n6 -0.152412 0.100412 -0.320365\n7 -0.0506533 0.100412 -0.320365\n8 0.0511047 0.100412 -0.320365\n9 0.152863 0.100412 -0.320365\n10 0.25341 0.100412 -0.320365\n11 0.35638 0.100412 -0.320365\n12 0.451619 0.100419 -0.320353\n1\n0 0 0\n0 0 0\n2\n13 0.507842 -0.421315 0.0543028\n15 -0.498876 -0.418467 0.0749213\n2\n0.00448289 -0.419891 0.064612\n-0.999786 0.00282862 0.0204766\n2\n14 0.49567 -0.211732 -0.0169671\n16 -0.504138 -0.216857 -0.0114003\n2\n-0.00423397 -0.214295 -0.0141837\n-0.999971 -0.00512493 0.00556767\nL 17\n0\n0\n1\n0\n0\n0\n0\n0\n0\n0\n0\n0\n0\n2\n2\n2\n2"
}