{
    "boxes": [
        [
            0.03857079893350601,
            0.020925600081682205,
            0.16632099449634552,
            0.13670499622821808,
            0.7135339975357056,
            0.8384159803390503,
            -0.013607200235128403,
            0.9996809959411621,
            0.021295299753546715,
            -0.052186399698257446,
            -0.02197819948196411,
            0.9983950257301331
        ],
        [
            -0.4963580071926117,
            0.26242899894714355,
            0.19486500322818756,
            0.5928390026092529,
            0.894087016582489,
            0.2982040047645569,
            -0.4817050099372864,
            0.876010000705719,
            0.023827100172638893,
            -0.25120800733566284,
            -0.16408200562000275,
            0.9539240002632141
        ],
        [
            0.0001404999929945916,
            -0.262270987033844,
            0.10833700001239777,
            0.8151270151138306,
            1.0180000066757202,
            1.2637699842453003,
            0.0,
            1.0,
            0.0,
            0.0,
            0.0,
            1.0
        ],
        [
            0.00016349999350495636,
            0.3178809881210327,
            -0.25762999057769775,
            0.6265419721603394,
            0.49339601397514343,
            1.2619800567626953,
            0.0,
            1.0,
            0.0,
            0.0,
            0.0,
            1.0
        ]
    ],
    "ops": [
        [
            0,
            0,
            2,
            1,
            0,
            1,
            0,
            1
        ]
    ],
    "syms": [
        [
            0.0,
            0.9993860125541687,
            -0.022779099643230438,
            0.026610499247908592,
            -0.0031308899633586407,
            0.2511869966983795,
            0.20799799263477325,
            0.0
        ]
    ],
    "labels:": [
        [
            1,
            3,
            2,
            0
        ]
    ],
    "obj": 42034,
    "mat_index": 4505,
    "obbs": "N 5\n0.0001635 0.317881 -0.25763 1 0 0 0 1 0 0 0 1 1.26198 0.626542 0.493396\n-0.496358 0.262429 0.194865 0.251208 0.164082 -0.953924 0.839556 0.453524 0.2991 0.481705 -0.87601 -0.0238271 0.894087 0.298204 0.592839\n0.490097 0.239944 0.221131 -0.341428 -0.927248 -0.153745 0.931402 -0.311825 -0.187763 0.126161 -0.207306 0.970107 0.579764 0.345995 0.843162\n0.0385708 0.0209256 0.166321 -0.998545 -0.012474 -0.0524688 -0.0136072 0.999681 0.0212953 0.0521864 0.0219782 -0.998395 0.838416 0.136705 0.713534\n0.0001405 -0.262271 0.108337 1 0 0 0 1 0 0 0 1 1.26377 0.815127 1.018\nC 9\n0 1\n0 4\n0 3\n0 2\n1 3\n1 4\n2 4\n2 3\n3 4\nS 1\n2\n1 -0.496358 0.262429 0.194865\n2 0.490097 0.239944 0.221131\n2\n-0.00313089 0.251187 0.207998\n0.999386 -0.0227791 0.0266105\nL 5\n0\n3\n3\n1\n2"
}