{
    "boxes": [
        [
            0.007534999866038561,
            -0.10854200273752213,
            0.1454399973154068,
            0.18846799433231354,
            0.7448520064353943,
            0.7019000053405762,
            0.0,
            1.0,
            0.0,
            0.0,
            0.0,
            1.0
        ],
        [
            -0.32861799001693726,
            -0.09106329828500748,
            -0.15611499547958374,
            0.24649600684642792,
            0.07193700224161148,
            0.07694640010595322,
            -0.01872129924595356,
            0.9864299893379211,
            0.16311000287532806,
            -0.10443200170993805,
            -0.16417600214481354,
            0.9808869957923889
        ],
        [
            0.3443779945373535,
            -0.08796360343694687,
            -0.15698300302028656,
            0.2391269952058792,
            0.07281000167131424,
            0.07771849632263184,
            -0.0030663800425827503,
            0.9825680255889893,
            0.1858769953250885,
            -0.21800599992275238,
            -0.1820639967918396,
            0.9588149785995483
        ],
        [
            -0.33097898960113525,
            0.09769249707460403,
            0.10443899780511856,
            0.11592099815607071,
            0.5407670140266418,
            0.09965179860591888,
            0.17877599596977234,
            0.9792919754981995,
            -0.09500910341739655,
            0.008581509813666344,
            0.09500910341739655,
            0.9954389929771423
        ],
        [
            -0.32873499393463135,
            -0.43123099207878113,
            -0.26225998997688293,
            0.5103570222854614,
            0.10116499662399292,
            0.07066100090742111,
            0.003161570057272911,
            0.9037190079689026,
            0.42811501026153564,
            -0.03113419935107231,
            -0.42782101035118103,
            0.9033269882202148
        ],
        [
            -0.29211199283599854,
            -0.4197019934654236,
            0.5508829951286316,
            0.5243189930915833,
            0.10399500280618668,
            0.06516200304031372,
            -2.0729600107299043e-16,
            0.9335799813270569,
            -0.35836800932884216,
            -7.957370290152739e-17,
            0.35836800932884216,
            0.9335799813270569
        ],
        [
            0.017780300229787827,
            0.2484380006790161,
            -0.22267499566078186,
            0.6702340245246887,
            0.1932010054588318,
            0.8021439909934998,
            -0.035717401653528214,
            0.953357994556427,
            -0.29972100257873535,
            0.02267169952392578,
            0.3006080090999603,
            0.9534779787063599
        ]
    ],
    "ops": [
        [
            0,
            0,
            0,
            0,
            2,
            1,
            1,
            1,
            0,
            0,
            1,
            2,
            1,
            0,
            1
        ]
    ],
    "syms": [
        [
            0.0,
            0.9999970197677612,
            -0.0008993180235847831,
            -0.0023215499240905046,
            0.006235119886696339,
            0.09738919883966446,
            0.10365600138902664,
            0.0
        ],
        [
            0.0,
            0.9999189972877502,
            0.011194299906492233,
            0.0060401801019907,
            0.007712339982390404,
            -0.4274649918079376,
            -0.2602280080318451,
            0.0
        ]
    ],
    "labels:": [
        [
            1,
            3,
            3,
            3,
            2,
            2,
            0
        ]
    ],
    "obj": 42059,
    "mat_index": 4523,
    "obbs": "N 10\n0.0177803 0.248438 -0.222675 0.999105 0.0272606 -0.0323512 0.0226717 0.300608 0.953478 0.0357174 -0.953358 0.299721 0.802144 0.193201 0.670234\n0.344378 -0.0879636 -0.156983 -0.975943 0.0375821 -0.214764 -0.218006 -0.182064 0.958815 -0.00306638 0.982568 0.185877 0.0777185 0.07281 0.239127\n-0.328618 -0.0910633 -0.156115 -0.994356 -0.00132955 -0.106089 -0.104432 -0.164176 0.980887 -0.0187213 0.98643 0.16311 0.0769464 0.071937 0.246496\n0.007535 -0.108542 0.14544 1 0 0 0 1 0 0 0 1 0.7019 0.188468 0.744852\n0.34416 -0.423698 -0.258195 0.995102 0.0434403 -0.0887936 0.0988338 -0.42091 0.901702 0.00179608 -0.906062 -0.423142 0.0758486 0.103341 0.526975\n-0.328735 -0.431231 -0.26226 -0.99951 0.016185 -0.026784 -0.0311342 -0.427821 0.903327 0.00316157 0.903719 0.428115 0.070661 0.101165 0.510357\n0.309482 -0.419702 0.550883 7.95737e-17 -0.358368 -0.93358 1 2.22045e-16 0 2.07296e-16 -0.93358 0.358368 0.103995 0.065165 0.524319\n-0.292112 -0.419702 0.550883 7.95737e-17 -0.358368 -0.93358 1 2.22045e-16 0 2.07296e-16 -0.93358 0.358368 0.103995 0.065162 0.524319\n0.343449 0.097086 0.102873 -0.00304824 -0.108376 -0.994105 0.0560432 0.992529 -0.108376 0.998424 -0.0560432 0.00304824 0.544153 0.111426 0.0947852\n-0.330979 0.0976925 0.104439 -0.00858151 -0.0950091 -0.995439 0.178776 0.979292 -0.0950091 0.983852 -0.178776 0.00858151 0.540767 0.115921 0.0996518\nC 21\n0 1\n0 5\n0 4\n0 9\n0 3\n0 8\n0 2\n1 3\n1 4\n1 8\n2 9\n2 5\n2 3\n3 9\n3 8\n3 6\n3 7\n3 4\n3 5\n4 8\n5 9\nS 3\n2\n4 0.34416 -0.423698 -0.258195\n5 -0.328735 -0.431231 -0.26226\n2\n0.00771234 -0.427465 -0.260228\n-0.999919 -0.0111943 -0.00604018\n2\n6 0.309482 -0.419702 0.550883\n7 -0.292112 -0.419702 0.550883\n2\n0.00868525 -0.419702 0.550883\n-1 0 0\n2\n8 0.343449 0.097086 0.102873\n9 -0.330979 0.0976925 0.104439\n2\n0.00623512 0.0973892 0.103656\n-0.999997 0.000899318 0.00232155\nL 10\n0\n3\n3\n1\n2\n2\n2\n2\n3\n3"
}