{
    "boxes": [
        [
            -0.020210500806570053,
            -0.14935000240802765,
            0.22806400060653687,
            0.27376899123191833,
            0.8831260204315186,
            0.9822270274162292,
            0.0,
            1.0,
            0.0,
            0.0,
            0.0,
            1.0
        ],
        [
            -0.4163450002670288,
            -0.5060619711875916,
            -0.10686399787664413,
            0.45389699935913086,
            0.0706498995423317,
            0.06995560228824615,
            0.09892229735851288,
            0.9901729822158813,
            0.09884779900312424,
            -0.707069993019104,
            4.578829975798726e-05,
            0.707144021987915
        ],
        [
            -0.41636401414871216,
            -0.5060619711875916,
            0.5821380019187927,
            0.45389699935913086,
            0.0706498995423317,
            0.06995560228824615,
            0.09900909662246704,
            0.9901729822158813,
            -0.09876129776239395,
            0.7072309851646423,
            -0.0002016829967033118,
            0.7069829702377319
        ],
        [
            -0.020210500806570053,
            0.18321000039577484,
            -0.2896620035171509,
            0.9382140040397644,
            0.3851659893989563,
            1.118839979171753,
            -0.0,
            0.9692639708518982,
            -0.2460229992866516,
            -0.0,
            0.2460229992866516,
            0.9692639708518982
        ]
    ],
    "ops": [
        [
            0,
            0,
            0,
            1,
            2,
            1,
            0,
            1
        ]
    ],
    "syms": [
        [
            0.0,
            1.0,
            -6.550460174281625e-09,
            -1.7656200725468807e-05,
            -0.020217500627040863,
            -0.5060619711875916,
            -0.10687100142240524,
            0.0
        ]
    ],
    "labels:": [
        [
            1,
            2,
            2,
            0
        ]
    ],
    "obj": 42061,
    "mat_index": 4525,
    "obbs": "N 6\n-0.0202105 0.18321 -0.289662 1 0 0 -0 0.246023 0.969264 0 -0.969264 0.246023 1.11884 0.385166 0.938214\n-0.0202105 -0.14935 0.228064 1 0 0 0 1 0 0 0 1 0.982227 0.273769 0.883126\n0.37591 -0.506062 -0.106878 -0.0988592 0.990173 0.0989108 -0.700136 -0.139844 0.700181 0.707133 -3.17279e-05 0.707081 0.453897 0.0699556 0.0706499\n0.375954 -0.506062 0.582128 0.707278 0.000279199 -0.706935 0.699961 0.139845 0.700356 0.0990567 -0.990173 0.0987137 0.0706499 0.0699556 0.453897\n-0.416364 -0.506062 0.582138 0.0990091 0.990173 -0.0987613 -0.700016 0.139845 0.700301 0.707231 -0.000201683 0.706983 0.453897 0.0699556 0.0706499\n-0.416345 -0.506062 -0.106864 0.70707 -4.57883e-05 -0.707144 0.700191 -0.139845 0.700126 -0.0989223 -0.990173 -0.0988478 0.0706499 0.0699556 0.453897\nC 7\n0 1\n0 5\n0 2\n1 2\n1 3\n1 4\n1 5\nS 2\n2\n2 0.37591 -0.506062 -0.106878\n5 -0.416345 -0.506062 -0.106864\n2\n-0.0202175 -0.506062 -0.106871\n-1 6.55046e-09 1.76562e-05\n2\n3 0.375954 -0.506062 0.582128\n4 -0.416364 -0.506062 0.582138\n2\n-0.0202052 -0.506062 0.582133\n-1 -3.14281e-09 1.33617e-05\nL 6\n0\n1\n2\n2\n2\n2"
}