{
    "boxes": [
        [
            0.012261000461876392,
            -0.0662975013256073,
            0.08016149699687958,
            0.2536109983921051,
            0.9351029992103577,
            0.9532899856567383,
            0.0,
            1.0,
            0.0,
            0.0,
            0.0,
            1.0
        ],
        [
            -0.4218049943447113,
            -0.0789249986410141,
            0.45003101229667664,
            0.2398120015859604,
            0.10106399655342102,
            0.10106299817562103,
            0.0,
            1.0,
            0.0,
            0.0,
            0.0,
            1.0
        ],
        [
            -0.4396289885044098,
            0.12850899994373322,
            0.17937499284744263,
            0.5170050263404846,
            0.5084660053253174,
            0.07338599860668182,
            0.0,
            1.0,
            0.0,
            0.0,
            0.0,
            1.0
        ],
        [
            -0.43324899673461914,
            0.13284599781036377,
            0.2863689959049225,
            0.4348619878292084,
            0.15249300003051758,
            0.05810169875621796,
            -0.006245879922062159,
            0.8672410249710083,
            -0.4978500008583069,
            0.053495701402425766,
            0.4974370002746582,
            0.8658490180969238
        ],
        [
            -0.4425170123577118,
            0.34375301003456116,
            0.1746170073747635,
            0.10330399870872498,
            0.5121489763259888,
            0.0665092021226883,
            -0.028208399191498756,
            0.98471599817276,
            0.1718679964542389,
            -0.011393600143492222,
            -0.17224200069904327,
            0.9849889874458313
        ],
        [
            -0.28002798557281494,
            -0.4611259996891022,
            -0.30175501108169556,
            0.581059992313385,
            0.10514499992132187,
            0.11133600026369095,
            0.0537961982190609,
            0.9968370199203491,
            0.05850280076265335,
            -0.38817501068115234,
            -0.03310300037264824,
            0.9209910035133362
        ],
        [
            -0.4211899936199188,
            -0.4702489972114563,
            0.4499399960041046,
            0.5575540065765381,
            0.07967100292444229,
            0.0796699970960617,
            0.0,
            1.0,
            0.0,
            0.0,
            0.0,
            1.0
        ],
        [
            0.01005600020289421,
            0.2002280056476593,
            -0.2613550126552582,
            0.6616960167884827,
            0.4803619980812073,
            0.9448080062866211,
            0.0,
            1.0,
            0.0,
            0.0,
            0.0,
            1.0
        ],
        [
            0.01865830086171627,
            0.49063101410865784,
            -0.2734149992465973,
            0.10156899690628052,
            0.5005019903182983,
            0.9508630037307739,
            -0.014625400304794312,
            0.9374330043792725,
            0.3478589951992035,
            0.002625939901918173,
            -0.3478589951992035,
            0.9375429749488831
        ]
    ],
    "ops": [
        [
            0,
            0,
            0,
            1,
            0,
            0,
            1,
            1,
            2,
            1,
            0,
            0,
            1,
            2,
            1,
            0,
            0,
            1,
            1
        ]
    ],
    "syms": [
        [
            0.0,
            0.9999480247497559,
            -0.0,
            0.010154100134968758,
            0.014793300069868565,
            -0.0789249986410141,
            0.45446398854255676,
            0.0
        ],
        [
            0.0,
            0.9999399781227112,
            -4.843559872824699e-05,
            0.010948100127279758,
            0.01926730014383793,
            -0.4611400067806244,
            -0.29847800731658936,
            0.0
        ]
    ],
    "labels:": [
        [
            1,
            3,
            3,
            3,
            3,
            2,
            2,
            0,
            0
        ]
    ],
    "obj": 42066,
    "mat_index": 4528,
    "obbs": "N 15\n0.010056 0.200228 -0.261355 1 0 0 0 1 0 0 0 1 0.944808 0.661696 0.480362\n0.0186583 0.490631 -0.273415 -0.00262594 0.347859 -0.937543 -0.0146254 0.937433 0.347859 0.99989 0.0146254 0.00262594 0.500502 0.101569 0.950863\n0.451392 -0.078925 0.458898 1 0 0 0 1 0 0 0 1 0.101356 0.239812 0.101356\n-0.421805 -0.078925 0.450031 1 0 0 0 1 0 0 0 1 0.101063 0.239812 0.101064\n0.012261 -0.0662975 0.0801615 1 0 0 0 1 0 0 0 1 0.95329 0.253611 0.935103\n0.45567 0.133553 0.172262 1 0 0 0 1 0 0 0 1 0.087253 0.527783 0.546743\n-0.439629 0.128509 0.179375 1 0 0 0 1 0 0 0 1 0.073386 0.517005 0.508466\n0.465233 0.133257 0.291024 0.00573344 -0.489591 -0.871933 0.999883 -0.00957476 0.011951 -0.0141997 -0.871899 0.489479 0.155148 0.0525497 0.434654\n-0.433249 0.132846 0.286369 -0.0534957 -0.497437 -0.865849 0.998549 -0.0212248 -0.0495005 0.00624588 -0.867241 0.49785 0.152493 0.0581017 0.434862\n0.477438 0.345663 0.17644 -0.106581 -0.983489 -0.14625 0.994283 -0.106374 -0.00925348 -0.00645661 -0.146401 0.989204 0.102823 0.0696992 0.527785\n-0.442517 0.343753 0.174617 0.0282084 -0.984716 -0.171868 0.999537 0.0258267 0.0160782 -0.0113936 -0.172242 0.984989 0.103304 0.0665092 0.512149\n-0.280028 -0.461126 -0.301755 -0.920014 0.0722551 -0.385166 -0.388175 -0.033103 0.920991 0.0537962 0.996837 0.0585028 0.111336 0.105145 0.58106\n0.318563 -0.461155 -0.295201 -0.0592986 0.997472 0.039156 0.437722 -0.00927083 0.899062 0.897153 0.0704526 -0.436066 0.580554 0.116255 0.111391\n0.453763 -0.470249 0.459572 1 0 0 0 1 0 0 0 1 0.07863 0.557554 0.07863\n-0.42119 -0.470249 0.44994 1 0 0 0 1 0 0 0 1 0.07967 0.557554 0.079671\nC 48\n0 7\n0 10\n0 11\n0 4\n0 12\n0 5\n0 8\n0 1\n0 6\n0 9\n1 6\n1 5\n1 10\n1 9\n1 8\n1 7\n2 5\n2 9\n2 13\n2 7\n2 4\n3 14\n3 10\n3 6\n3 8\n3 4\n4 7\n4 8\n4 12\n4 9\n4 13\n4 10\n4 5\n4 14\n4 11\n4 6\n5 9\n5 13\n5 12\n5 7\n6 14\n6 10\n6 11\n6 8\n7 9\n7 13\n8 14\n8 10\nS 6\n2\n2 0.451392 -0.078925 0.458898\n3 -0.421805 -0.078925 0.450031\n2\n0.0147933 -0.078925 0.454464\n-0.999948 0 -0.0101541\n2\n5 0.45567 0.133553 0.172262\n6 -0.439629 0.128509 0.179375\n2\n0.00802075 0.131031 0.175819\n-0.999953 -0.00563248 0.00794389\n2\n7 0.465233 0.133257 0.291024\n8 -0.433249 0.132846 0.286369\n2\n0.0159924 0.133051 0.288697\n-0.999986 -0.000458062 -0.00518018\n2\n9 0.477438 0.345663 0.17644\n10 -0.442517 0.343753 0.174617\n2\n0.0174602 0.344708 0.175528\n-0.999996 -0.00207617 -0.00198119\n2\n11 -0.280028 -0.461126 -0.301755\n12 0.318563 -0.461155 -0.295201\n2\n0.0192673 -0.46114 -0.298478\n0.99994 -4.84356e-05 0.0109481\n2\n13 0.453763 -0.470249 0.459572\n14 -0.42119 -0.470249 0.44994\n2\n0.0162865 -0.470249 0.454756\n-0.999939 0 -0.0110074\nL 15\n0\n0\n3\n3\n1\n3\n3\n3\n3\n3\n3\n2\n2\n2\n2"
}