{
    "boxes": [
        [
            -0.001491999952122569,
            -0.01695599965751171,
            0.14023399353027344,
            0.09500399976968765,
            0.9029600024223328,
            0.8521659970283508,
            0.0,
            1.0,
            0.0,
            0.0,
            0.0,
            1.0
        ],
        [
            -0.45938101410865784,
            -0.36851000785827637,
            0.23520100116729736,
            0.7852150201797485,
            0.06678889691829681,
            0.07634879648685455,
            -0.014293700456619263,
            0.8807809948921204,
            -0.4733079969882965,
            -0.2812019884586334,
            0.4507099986076355,
            0.8472219705581665
        ],
        [
            -0.4593450129032135,
            -0.7099859714508057,
            0.4163219928741455,
            0.08770470321178436,
            0.08541250228881836,
            0.08578570187091827,
            -0.0011221000459045172,
            0.9046689867973328,
            -0.4261130094528198,
            -0.09453359991312027,
            0.42410901188850403,
            0.9006639719009399
        ],
        [
            0.45629701018333435,
            -0.3654710054397583,
            0.2335599958896637,
            0.7922710180282593,
            0.06668049842119217,
            0.07840970158576965,
            -0.013718799687922001,
            0.8789510130882263,
            -0.47671499848365784,
            -0.514959990978241,
            0.4024609923362732,
            0.756862998008728
        ],
        [
            -0.0014914999483153224,
            -0.39083799719810486,
            -0.3058370053768158,
            0.04765599966049194,
            0.04814700037240982,
            0.9256449937820435,
            0.0,
            1.0,
            0.0,
            0.0,
            0.0,
            1.0
        ],
        [
            -0.4599829912185669,
            -0.717278003692627,
            -0.4481480121612549,
            0.08611010015010834,
            0.08578599989414215,
            0.08561360090970993,
            0.00032366201048716903,
            0.9084849953651428,
            0.41791799664497375,
            0.00020737599697895348,
            -0.41791799664497375,
            0.9084849953651428
        ],
        [
            -0.4591119885444641,
            -0.2777639925479889,
            -0.25595399737358093,
            0.9927060008049011,
            0.06384699791669846,
            0.08635719865560532,
            -0.022717200219631195,
            0.9180229902267456,
            0.39587700366973877,
            -0.014940300025045872,
            -0.396246999502182,
            0.9180229902267456
        ],
        [
            -0.001491999952122569,
            0.6274970173835754,
            -0.29787999391555786,
            0.41971200704574585,
            0.046457499265670776,
            0.9095519781112671,
            -8.195510242670068e-11,
            0.8944129943847656,
            -0.44724199175834656,
            -1.3261100550998606e-10,
            0.44724199175834656,
            0.8944129943847656
        ],
        [
            0.005687380209565163,
            0.3850859999656677,
            -0.20606699585914612,
            1.0072200298309326,
            0.1481039971113205,
            0.9994300007820129,
            -0.005208310205489397,
            0.8832809925079346,
            -0.46881601214408875,
            -0.008660639636218548,
            0.4687640070915222,
            0.8832809925079346
        ]
    ],
    "ops": [
        [
            0,
            0,
            0,
            2,
            1,
            0,
            0,
            2,
            1,
            0,
            0,
            1,
            2,
            1,
            1,
            1,
            0,
            0,
            1,
            1
        ]
    ],
    "syms": [
        [
            0.0,
            1.0,
            -0.00039842500700615346,
            -0.0006476819980889559,
            -0.0023539999965578318,
            -0.7101680040359497,
            0.4160259962081909,
            0.0
        ],
        [
            0.0,
            -0.0,
            -0.0,
            1.0,
            -0.0014914999483153224,
            -0.39083799719810486,
            -0.028374800458550453,
            0.0
        ],
        [
            0.0,
            1.0,
            0.0002462819975335151,
            -0.0004018119943793863,
            -0.0021106600761413574,
            -0.7171649932861328,
            -0.44833099842071533,
            0.0
        ]
    ],
    "labels:": [
        [
            1,
            2,
            2,
            2,
            2,
            2,
            2,
            0,
            0
        ]
    ],
    "obj": 42091,
    "mat_index": 4543,
    "obbs": "N 13\n-0.001492 0.627497 -0.29788 -8.19551e-11 0.894413 -0.447242 -1.32611e-10 0.447242 0.894413 1 1.32611e-10 8.19555e-11 0.419712 0.0464575 0.909552\n-0.001492 -0.016956 0.140234 1 0 0 0 1 0 0 0 1 0.852166 0.095004 0.90296\n-0.0014915 -0.390838 0.249088 1 0 0 0 1 0 0 0 1 0.925645 0.047656 0.048146\n-0.0014915 -0.390838 -0.305837 1 0 0 0 1 0 0 0 1 0.925645 0.047656 0.048147\n-0.459983 -0.717278 -0.448148 1 -0.000207376 -0.000323662 0.000207376 -0.417918 0.908485 -0.000323662 -0.908485 -0.417918 0.0856136 0.085786 0.0861101\n0.455762 -0.717053 -0.448515 0.00120531 -0.913774 -0.406222 0.999999 0.00156989 -0.000564258 0.00115333 -0.406221 0.913774 0.0869445 0.0853951 0.0857788\n0.454637 -0.71035 0.41573 -0.000182285 -0.454616 -0.890687 0.999999 0.000975903 -0.000702767 0.00118871 -0.890687 0.454616 0.0857836 0.0851784 0.0865826\n-0.459345 -0.709986 0.416322 0.0945336 -0.424109 -0.900664 0.995521 0.0412926 0.0850457 0.0011221 -0.904669 0.426113 0.0854125 0.0857857 0.0877047\n0.456128 -0.277764 -0.255954 0.999629 -0.0149665 -0.022757 0.0149665 -0.396247 0.918022 -0.022757 -0.918022 -0.395876 0.0863966 0.063847 0.992707\n-0.459112 -0.277764 -0.255954 -0.0227172 0.918023 0.395877 -0.0149403 -0.396247 0.918023 0.99963 0.0149403 0.0227172 0.992706 0.063847 0.0863572\n0.456297 -0.365471 0.23356 -0.857104 -0.255872 -0.447103 -0.51496 0.402461 0.756863 -0.0137188 0.878951 -0.476715 0.0784097 0.0666805 0.792271\n-0.459381 -0.36851 0.235201 -0.959542 -0.145205 -0.241235 -0.281202 0.45071 0.847222 -0.0142937 0.880781 -0.473308 0.0763488 0.0667889 0.785215\n0.00568738 0.385086 -0.206067 -0.00520831 0.883281 -0.468816 -0.00866064 0.468764 0.883281 0.999949 0.00866064 0.00520831 1.00722 0.148104 0.99943\nC 20\n0 12\n1 12\n1 8\n1 9\n1 10\n1 11\n2 11\n2 10\n3 8\n3 9\n4 9\n5 8\n6 10\n7 11\n8 12\n8 10\n9 11\n9 12\n10 12\n11 12\nS 4\n2\n2 -0.0014915 -0.390838 0.249088\n3 -0.0014915 -0.390838 -0.305837\n2\n-0.0014915 -0.390838 -0.0283748\n0 0 -1\n2\n4 -0.459983 -0.717278 -0.448148\n5 0.455762 -0.717053 -0.448515\n2\n-0.00211066 -0.717165 -0.448331\n1 0.000246282 -0.000401812\n2\n6 0.454637 -0.71035 0.41573\n7 -0.459345 -0.709986 0.416322\n2\n-0.002354 -0.710168 0.416026\n-1 0.000398425 0.000647682\n2\n8 0.456128 -0.277764 -0.255954\n9 -0.459112 -0.277764 -0.255954\n2\n-0.001492 -0.277764 -0.255954\n-1 4.63471e-09 -1.07377e-08\nL 13\n0\n1\n2\n2\n2\n2\n2\n2\n2\n2\n2\n2\n0"
}