{
    "boxes": [
        [
            -0.013294000178575516,
            -0.15198799967765808,
            0.10317999869585037,
            0.3835099935531616,
            0.9465489983558655,
            1.0994499921798706,
            0.0,
            1.0,
            0.0,
            0.0,
            0.0,
            1.0
        ],
        [
            -0.5059049725532532,
            0.28535500168800354,
            0.09976740181446075,
            0.0798214003443718,
            0.24261300265789032,
            0.1015940010547638,
            -0.024675199761986732,
            0.9996849894523621,
            -0.004652650095522404,
            -0.05237739905714989,
            0.0033548700157552958,
            0.9986220002174377
        ],
        [
            -0.5265100002288818,
            -0.0005068790051154792,
            0.3833810091018677,
            0.47693100571632385,
            0.1319970041513443,
            0.08627329766750336,
            0.020946500822901726,
            0.9909229874610901,
            -0.1327899992465973,
            -0.07282789796590805,
            0.13397899270057678,
            0.9883040189743042
        ],
        [
            -0.46684199571609497,
            0.06720879673957825,
            0.045987699180841446,
            0.5418440103530884,
            0.8632329702377319,
            0.14344599843025208,
            -0.051496800035238266,
            0.9957829713821411,
            0.07592800259590149,
            -0.13040900230407715,
            -0.08208300173282623,
            0.988057017326355
        ],
        [
            -0.2885519862174988,
            -0.3456610143184662,
            -0.32250601053237915,
            0.7121679782867432,
            0.1374090015888214,
            0.12508699297904968,
            0.0,
            1.0,
            0.0,
            0.0,
            0.0,
            1.0
        ],
        [
            -0.5013660192489624,
            -0.4917620122432709,
            0.4778589904308319,
            0.4204539954662323,
            0.13908100128173828,
            0.12585000693798065,
            0.0,
            1.0,
            0.0,
            0.0,
            0.0,
            1.0
        ],
        [
            -0.013952500186860561,
            0.3216319978237152,
            -0.366907000541687,
            0.597885012626648,
            0.11876299977302551,
            0.7020739912986755,
            0.0010200600372627378,
            0.9887170195579529,
            -0.1497890055179596,
            0.0011862399987876415,
            0.1497880071401596,
            0.9887170195579529
        ],
        [
            -0.013106199912726879,
            0.38312000036239624,
            -0.3811120092868805,
            0.8044520020484924,
            0.2609359920024872,
            0.9623249769210815,
            -0.0019894500728696585,
            0.9778649806976318,
            -0.20922499895095825,
            -0.002460140036419034,
            0.2092200070619583,
            0.9778649806976318
        ]
    ],
    "ops": [
        [
            0,
            0,
            0,
            0,
            1,
            1,
            2,
            1,
            0,
            0,
            1,
            2,
            1,
            0,
            0,
            1,
            1
        ]
    ],
    "syms": [
        [
            0.0,
            1.0,
            -1.0025500159827061e-05,
            -1.1356900358805433e-05,
            -0.013663000427186489,
            0.2853499948978424,
            0.09976179897785187,
            0.0
        ],
        [
            0.0,
            1.0,
            0.0,
            0.0,
            -0.01365050021559,
            -0.3456610143184662,
            -0.32250601053237915,
            0.0
        ]
    ],
    "labels:": [
        [
            1,
            3,
            3,
            3,
            2,
            2,
            0,
            0
        ]
    ],
    "obj": 42099,
    "mat_index": 4549,
    "obbs": "N 13\n-0.0139525 0.321632 -0.366907 0.999999 -0.00118624 -0.00102006 0.00118624 0.149788 0.988717 -0.00102006 -0.988717 0.149789 0.702074 0.118763 0.597885\n-0.013294 -0.151988 0.10318 1 0 0 0 1 0 0 0 1 1.09945 0.38351 0.946549\n0.499334 -0.00997356 0.38261 0.00174643 0.988467 -0.151428 0.994988 -0.0168567 -0.0985589 -0.0999748 -0.150497 -0.983542 0.460747 0.0856841 0.136391\n-0.52651 -0.000506879 0.383381 0.0209465 0.990923 -0.13279 0.997125 -0.0110307 0.0749733 0.0728279 -0.133979 -0.988304 0.476931 0.0862733 0.131997\n0.439173 0.0674732 0.0460399 -0.135924 0.0689338 -0.988318 0.988765 -0.0531839 -0.139695 -0.0621923 -0.996203 -0.0609304 0.856931 0.141601 0.548728\n0.478579 0.285345 0.0997562 0.998281 -0.0264881 -0.0522802 0.0263038 0.999645 -0.0042098 0.0523731 0.0028274 0.998624 0.101627 0.0798936 0.242613\n-0.466842 0.0672088 0.0459877 0.130409 0.082083 -0.988057 0.990122 0.0409801 0.134086 0.0514968 -0.995783 -0.075928 0.863233 0.143446 0.541844\n-0.505905 0.285355 0.0997674 0.0523774 -0.00335487 -0.998622 -0.0246752 0.999685 -0.00465265 0.998322 0.0248849 0.0522781 0.242613 0.0798214 0.101594\n-0.0131062 0.38312 -0.381112 -0.00198945 0.977865 -0.209225 -0.00246014 0.20922 0.977865 0.999995 0.00246014 0.00198945 0.804452 0.260936 0.962325\n-0.288552 -0.345661 -0.322506 1 0 0 0 1 0 0 0 1 0.125087 0.712168 0.137409\n0.261251 -0.345661 -0.322506 1 0 0 0 1 0 0 0 1 0.125087 0.712168 0.137409\n0.470357 -0.49092 0.485028 1 0 0 0 1 0 0 0 1 0.133016 0.421685 0.124963\n-0.501366 -0.491762 0.477859 1 0 0 0 1 0 0 0 1 0.12585 0.420454 0.139081\nC 35\n0 10\n0 4\n0 8\n0 1\n0 6\n0 9\n1 3\n1 6\n1 11\n1 2\n1 5\n1 10\n1 4\n1 9\n1 12\n1 8\n1 7\n2 5\n2 11\n2 4\n3 7\n3 6\n3 12\n4 8\n4 10\n4 5\n4 11\n5 8\n6 9\n6 7\n6 12\n6 8\n7 8\n8 9\n8 10\nS 5\n2\n2 0.499334 -0.00997356 0.38261\n3 -0.52651 -0.000506879 0.383381\n2\n-0.0135878 -0.00524022 0.382996\n-0.999957 0.00922778 0.000751375\n2\n4 0.439173 0.0674732 0.0460399\n6 -0.466842 0.0672088 0.0459877\n2\n-0.0138342 0.067341 0.0460138\n-1 -0.000291772 -5.76194e-05\n2\n5 0.478579 0.285345 0.0997562\n7 -0.505905 0.285355 0.0997674\n2\n-0.013663 0.28535 0.0997618\n-1 1.00255e-05 1.13569e-05\n2\n9 -0.288552 -0.345661 -0.322506\n10 0.261251 -0.345661 -0.322506\n2\n-0.0136505 -0.345661 -0.322506\n1 0 0\n2\n11 0.470357 -0.49092 0.485028\n12 -0.501366 -0.491762 0.477859\n2\n-0.0155045 -0.491341 0.481444\n-0.999972 -0.000866993 -0.00737638\nL 13\n0\n1\n3\n3\n3\n3\n3\n3\n0\n2\n2\n2\n2"
}