{
    "boxes": [
        [
            -0.019377000629901886,
            -0.09893549978733063,
            0.0672530010342598,
            0.09739699959754944,
            0.62431800365448,
            0.97120201587677,
            0.0,
            1.0,
            0.0,
            0.0,
            0.0,
            1.0
        ],
        [
            -0.3897410035133362,
            0.0936976969242096,
            0.09430629760026932,
            0.37674400210380554,
            0.6082320213317871,
            0.10018400102853775,
            -0.03968049958348274,
            0.9987919926643372,
            -0.028983699157834053,
            -0.29438701272010803,
            0.01603339985013008,
            0.9555519819259644
        ],
        [
            -0.25971299409866333,
            -0.5165119767189026,
            0.15135599672794342,
            0.8253840208053589,
            0.04469919949769974,
            0.033763401210308075,
            0.28231799602508545,
            0.9429259896278381,
            -0.17659899592399597,
            0.3511419892311096,
            0.06974119693040848,
            0.9337210059165955
        ],
        [
            0.1349789947271347,
            -0.516510009765625,
            -0.1184379979968071,
            0.800819993019104,
            0.05417029932141304,
            0.03566969931125641,
            -0.13939900696277618,
            0.9720510244369507,
            0.18890200555324554,
            0.6321960091590881,
            -0.059465400874614716,
            0.7725229859352112
        ],
        [
            -0.20051300525665283,
            -0.516510009765625,
            -0.11853600293397903,
            0.7999650239944458,
            0.03732239827513695,
            0.0358767993748188,
            0.15043599903583527,
            0.9740869998931885,
            0.16888800263404846,
            0.5533490180969238,
            -0.22452999651432037,
            0.8021169900894165
        ],
        [
            -0.019338499754667282,
            0.2589380145072937,
            -0.2035219967365265,
            0.7188839912414551,
            0.0827689990401268,
            0.668304979801178,
            0.0,
            1.0,
            0.0,
            0.0,
            0.0,
            1.0
        ]
    ],
    "ops": [
        [
            0,
            0,
            2,
            1,
            0,
            2,
            0,
            0,
            1,
            1,
            1,
            0,
            1
        ]
    ],
    "syms": [
        [
            0.0,
            0.9999480247497559,
            -0.00442548980936408,
            0.009149420075118542,
            -0.0188657995313406,
            0.09205629676580429,
            0.09769979864358902,
            0.0
        ],
        [
            0.0,
            1.0,
            -3.3004700526362285e-05,
            4.1812900235527195e-06,
            -0.03329949826002121,
            -0.5165200233459473,
            0.1513569951057434,
            0.0
        ]
    ],
    "labels:": [
        [
            1,
            3,
            2,
            2,
            2,
            0
        ]
    ],
    "obj": 42105,
    "mat_index": 4553,
    "obbs": "N 8\n-0.0193385 0.258938 -0.203522 1 0 0 0 1 0 0 0 1 0.668305 0.718884 0.082769\n0.35201 0.0904149 0.101093 -0.0594159 -0.998085 -0.0172251 0.959429 -0.0523333 -0.277052 0.27562 -0.0329876 0.9607 0.367368 0.0940863 0.599406\n-0.389741 0.0936977 0.0943063 0.294387 -0.0160334 -0.955552 0.954862 0.0464492 0.293395 0.0396805 -0.998792 0.0289837 0.608232 0.100184 0.376744\n-0.019377 -0.0989355 0.067253 1 0 0 0 1 0 0 0 1 0.971202 0.097397 0.624318\n0.134979 -0.51651 -0.118438 -0.632196 0.0594654 -0.772523 0.762165 0.227112 -0.606238 0.139399 -0.972051 -0.188902 0.0541703 0.0356697 0.80082\n0.193114 -0.516527 0.151358 0.455919 0.00306462 -0.890016 0.838771 0.332959 0.430815 0.297659 -0.942936 0.149232 0.0497479 0.0351571 0.826795\n-0.200513 -0.51651 -0.118536 0.819252 -0.0272135 -0.572788 0.553349 -0.22453 0.802117 -0.150436 -0.974087 -0.168888 0.0358768 0.0373224 0.799965\n-0.259713 -0.516512 0.151356 -0.351142 -0.0697412 -0.933721 0.892746 -0.325618 -0.311412 -0.282318 -0.942926 0.176599 0.0446992 0.0337634 0.825384\nC 23\n0 7\n0 3\n0 4\n0 5\n0 1\n0 6\n0 2\n1 3\n1 5\n1 4\n2 6\n2 3\n2 7\n3 7\n3 6\n3 5\n3 4\n4 7\n4 5\n4 6\n5 6\n5 7\n6 7\nS 2\n2\n1 0.35201 0.0904149 0.101093\n2 -0.389741 0.0936977 0.0943063\n2\n-0.0188658 0.0920563 0.0976998\n-0.999948 0.00442549 -0.00914942\n2\n5 0.193114 -0.516527 0.151358\n7 -0.259713 -0.516512 0.151356\n2\n-0.0332995 -0.51652 0.151357\n-1 3.30047e-05 -4.18129e-06\nL 8\n0\n3\n3\n1\n2\n2\n2\n2"
}