{
    "boxes": [
        [
            -0.05409099906682968,
            -0.08094300329685211,
            0.1596059948205948,
            0.13941599428653717,
            0.8288649916648865,
            0.7831259965896606,
            0.0,
            1.0,
            0.0,
            0.0,
            0.0,
            1.0
        ],
        [
            -0.38534799218177795,
            -0.4534280002117157,
            0.4145039916038513,
            0.6535789966583252,
            0.12623099982738495,
            0.1216680034995079,
            0.0,
            1.0,
            0.0,
            0.0,
            0.0,
            1.0
        ],
        [
            -0.24093900620937347,
            -0.4564560055732727,
            -0.28268399834632874,
            0.6495109796524048,
            0.09396939724683762,
            0.04699229821562767,
            0.007216920144855976,
            0.9991340041160583,
            -0.04098280146718025,
            -0.0630635991692543,
            0.041356999427080154,
            0.9971519708633423
        ],
        [
            0.0490834005177021,
            0.28529301285743713,
            -0.2887519896030426,
            0.9386849999427795,
            0.106905996799469,
            0.6170899868011475,
            0.011440499685704708,
            0.9949569702148438,
            -0.09964729845523834,
            -0.16032899916172028,
            0.10018999874591827,
            0.9819660186767578
        ]
    ],
    "ops": [
        [
            0,
            0,
            0,
            1,
            2,
            1,
            0,
            1
        ]
    ],
    "syms": [
        [
            0.0,
            0.9881790280342102,
            0.001816469943150878,
            0.1532910019159317,
            -0.08247029781341553,
            -0.4528709948062897,
            0.4614869952201843,
            0.0
        ]
    ],
    "labels:": [
        [
            1,
            2,
            2,
            0
        ]
    ],
    "obj": 42148,
    "mat_index": 4581,
    "obbs": "N 6\n0.0490834 0.285293 -0.288752 -0.986997 -0.00474221 -0.160667 -0.160329 0.10019 0.981966 0.0114405 0.994957 -0.0996473 0.61709 0.106906 0.938685\n-0.054091 -0.080943 0.159606 1 0 0 0 1 0 0 0 1 0.783126 0.139416 0.828865\n0.220407 -0.452314 0.508471 1 0 0 0 1 0 0 0 1 0.139827 0.655806 0.132626\n-0.385348 -0.453428 0.414504 1 0 0 0 1 0 0 0 1 0.121668 0.653579 0.126231\n0.319597 -0.448737 -0.195925 0.217257 -0.0424821 -0.975189 0.976046 -0.00233914 0.21755 -0.0115231 -0.999094 0.0409563 0.0938973 0.0534959 0.6647\n-0.240939 -0.456456 -0.282684 0.00721692 0.999134 -0.0409828 0.997983 -0.00461185 0.0633074 0.0630636 -0.041357 -0.997152 0.649511 0.0469923 0.0939694\nC 7\n0 1\n0 5\n0 4\n1 2\n1 3\n1 4\n1 5\nS 2\n2\n2 0.220407 -0.452314 0.508471\n3 -0.385348 -0.453428 0.414504\n2\n-0.0824703 -0.452871 0.461487\n-0.988179 -0.00181647 -0.153291\n2\n4 0.319597 -0.448737 -0.195925\n5 -0.240939 -0.456456 -0.282684\n2\n0.039329 -0.452597 -0.239304\n-0.988141 -0.0136078 -0.152943\nL 6\n0\n1\n2\n2\n2\n2"
}