{
    "boxes": [
        [
            0.009771999903023243,
            -0.13810299336910248,
            0.115897998213768,
            0.5336710214614868,
            1.3559099435806274,
            1.0809400081634521,
            0.0,
            1.0,
            0.0,
            0.0,
            0.0,
            1.0
        ],
        [
            -0.43438300490379333,
            -0.4071829915046692,
            0.6571450233459473,
            0.06229199841618538,
            0.20454899966716766,
            0.19263499975204468,
            0.0,
            1.0,
            0.0,
            0.0,
            0.0,
            1.0
        ],
        [
            -0.4345270097255707,
            -0.4118709862232208,
            -0.46634799242019653,
            0.05391620099544525,
            0.18870499730110168,
            0.19265499711036682,
            0.009014749899506569,
            0.9999480247497559,
            0.004743619821965694,
            -2.1381800252129324e-05,
            -0.004743619821965694,
            0.9999889731407166
        ],
        [
            0.013590499758720398,
            0.3720589876174927,
            -0.3432120084762573,
            0.6639999747276306,
            0.2424210011959076,
            1.0730299949645996,
            -0.0,
            0.8648219704627991,
            -0.5020779967308044,
            -0.0,
            0.5020779967308044,
            0.8648219704627991
        ],
        [
            0.009818829596042633,
            0.18785500526428223,
            -0.5160719752311707,
            0.7783380150794983,
            0.34559398889541626,
            1.0822900533676147,
            0.0015415600501000881,
            0.8971899747848511,
            -0.4416410028934479,
            0.002477030036970973,
            0.4416370093822479,
            0.8971899747848511
        ]
    ],
    "ops": [
        [
            0,
            0,
            0,
            1,
            2,
            1,
            0,
            0,
            1,
            1
        ]
    ],
    "syms": [
        [
            0.0,
            0.9999729990959167,
            0.0025155399926006794,
            -0.006966989953070879,
            0.003384249983355403,
            -0.40608200430870056,
            0.6540949940681458,
            0.0
        ]
    ],
    "labels:": [
        [
            1,
            2,
            2,
            0,
            0
        ]
    ],
    "obj": 42150,
    "mat_index": 4583,
    "obbs": "N 7\n0.0135905 0.372059 -0.343212 1 0 0 -0 0.502078 0.864822 0 -0.864822 0.502078 1.07303 0.242421 0.664\n0.009772 -0.138103 0.115898 1 0 0 0 1 0 0 0 1 1.08094 0.533671 1.35591\n0.00981883 0.187855 -0.516072 0.999996 -0.00247703 -0.00154156 0.00247703 0.441637 0.89719 -0.00154156 -0.89719 0.441641 1.08229 0.345594 0.778338\n-0.434383 -0.407183 0.657145 1 0 0 0 1 0 0 0 1 0.192635 0.062292 0.204549\n0.441151 -0.404981 0.651045 1 0 0 0 1 0 0 0 1 0.217852 0.066697 0.216751\n0.453735 -0.412581 -0.466335 0.999938 -0.0111415 -2.05664e-05 0.0111415 0.999931 0.00369173 -2.05664e-05 -0.00369173 0.999993 0.192601 0.0524731 0.188701\n-0.434527 -0.411871 -0.466348 0.999959 -0.00901475 -2.13818e-05 0.00901475 0.999948 0.00474362 -2.13818e-05 -0.00474362 0.999989 0.192655 0.0539162 0.188705\nC 9\n0 1\n0 2\n1 2\n1 3\n1 4\n1 5\n1 6\n2 6\n2 5\nS 2\n2\n3 -0.434383 -0.407183 0.657145\n4 0.441151 -0.404981 0.651045\n2\n0.00338425 -0.406082 0.654095\n0.999973 0.00251554 -0.00696699\n2\n5 0.453735 -0.412581 -0.466335\n6 -0.434527 -0.411871 -0.466348\n2\n0.00960409 -0.412226 -0.466341\n-1 0.000799279 -1.45348e-05\nL 7\n0\n1\n0\n2\n2\n2\n2"
}