{
    "boxes": [
        [
            -0.04980650171637535,
            -0.18023599684238434,
            0.054459501057863235,
            0.5207509994506836,
            1.1118600368499756,
            1.0225600004196167,
            0.0,
            1.0,
            0.0,
            0.0,
            0.0,
            1.0
        ],
        [
            -0.5868390202522278,
            0.0398424006998539,
            0.1259399950504303,
            0.9880679845809937,
            0.9162830114364624,
            0.2701779901981354,
            -0.11104399710893631,
            0.9937040209770203,
            -0.014891699887812138,
            0.014891699887812138,
            0.016646400094032288,
            0.9997509717941284
        ],
        [
            -0.5253310203552246,
            -0.5559509992599487,
            0.4619620144367218,
            0.23776200413703918,
            0.10378500074148178,
            0.10378500074148178,
            0.0,
            1.0,
            0.0,
            0.0,
            0.0,
            1.0
        ],
        [
            -0.47011101245880127,
            -0.6691709756851196,
            -0.33156201243400574,
            0.011322000063955784,
            0.10321199893951416,
            0.10283199697732925,
            1.916940044199844e-11,
            1.0,
            -2.1847199396796135e-11,
            0.05233599990606308,
            2.0813999829227825e-11,
            0.9986299872398376
        ],
        [
            -0.43423300981521606,
            -0.5559509992599487,
            -0.2960889935493469,
            0.27230799198150635,
            0.07183399796485901,
            0.0761846974492073,
            0.31327998638153076,
            0.8967689871788025,
            0.3125079870223999,
            -0.7067210078239441,
            0.0003393760125618428,
            0.707493007183075
        ],
        [
            -0.026612499728798866,
            0.1513960063457489,
            -0.35674598813056946,
            1.1840200424194336,
            0.649724006652832,
            1.3555799722671509,
            0.0,
            1.0,
            0.0,
            0.0,
            0.0,
            1.0
        ]
    ],
    "ops": [
        [
            0,
            0,
            2,
            1,
            0,
            0,
            0,
            1,
            1,
            2,
            1,
            0,
            1
        ]
    ],
    "syms": [
        [
            0.0,
            0.9943400025367737,
            0.09654659777879715,
            0.044350799173116684,
            -0.0376741997897625,
            0.09316419810056686,
            0.15043500065803528,
            0.0
        ],
        [
            0.0,
            1.0,
            0.0,
            0.0,
            -0.04980669915676117,
            -0.5559509992599487,
            0.4619620144367218,
            0.0
        ]
    ],
    "labels:": [
        [
            1,
            3,
            2,
            2,
            2,
            0
        ]
    ],
    "obj": 42161,
    "mat_index": 4588,
    "obbs": "N 10\n-0.0266125 0.151396 -0.356746 1 0 0 0 1 0 0 0 1 1.35558 1.18402 0.649724\n0.51149 0.146486 0.174929 -0.10947 -0.993977 -0.00509676 0.993977 -0.109493 0.00456621 -0.00509676 -0.00456621 0.999977 1.21089 0.234612 0.813457\n-0.586839 0.0398424 0.12594 0.111044 -0.993704 0.0148917 0.993704 0.110794 -0.0166464 0.0148917 0.0166464 0.999751 0.988068 0.270178 0.916283\n-0.0498065 -0.180236 0.0544595 1 0 0 0 1 0 0 0 1 1.02256 0.520751 1.11186\n0.370498 -0.669171 -0.331562 -0.99863 -6.86759e-12 -0.052336 -5.73205e-12 1 -2.18472e-11 0.052336 -2.15173e-11 -0.99863 0.102832 0.011322 0.103212\n-0.470111 -0.669171 -0.331562 0.99863 -2.02866e-11 -0.052336 1.91694e-11 1 -2.18472e-11 0.052336 2.0814e-11 0.99863 0.102832 0.011322 0.103212\n0.334619 -0.555951 -0.296089 -0.706914 0.000437662 -0.707299 0.634421 0.4425 -0.633802 0.312702 -0.896769 -0.313087 0.0717738 0.0761847 0.272308\n-0.434233 -0.555951 -0.296089 0.706721 -0.000339376 -0.707493 0.634351 -0.4425 0.633871 -0.31328 -0.896769 -0.312508 0.071834 0.0761847 0.272308\n-0.525331 -0.555951 0.461962 1 0 0 0 1 0 0 0 1 0.103785 0.237762 0.103785\n0.425718 -0.555951 0.461962 1 0 0 0 1 0 0 0 1 0.103786 0.237762 0.103785\nC 21\n0 1\n0 7\n0 6\n0 3\n0 2\n1 3\n1 4\n1 6\n1 9\n2 7\n2 8\n2 5\n2 3\n3 8\n3 6\n3 9\n3 7\n3 4\n3 5\n4 6\n5 7\nS 4\n2\n1 0.51149 0.146486 0.174929\n2 -0.586839 0.0398424 0.12594\n2\n-0.0376742 0.0931642 0.150435\n-0.99434 -0.0965466 -0.0443508\n2\n4 0.370498 -0.669171 -0.331562\n5 -0.470111 -0.669171 -0.331562\n2\n-0.0498065 -0.669171 -0.331562\n-1 6.73575e-15 0\n2\n6 0.334619 -0.555951 -0.296089\n7 -0.434233 -0.555951 -0.296089\n2\n-0.0498066 -0.555951 -0.296089\n-1 -1.11318e-09 3.25639e-07\n2\n8 -0.525331 -0.555951 0.461962\n9 0.425718 -0.555951 0.461962\n2\n-0.0498067 -0.555951 0.461962\n1 0 0\nL 10\n0\n3\n3\n1\n2\n2\n2\n2\n2\n2"
}