{
    "boxes": [
        [
            0.04256739839911461,
            -0.026432599872350693,
            0.1620510071516037,
            0.07967469841241837,
            1.2875699996948242,
            1.3830599784851074,
            -0.001167519949376583,
            0.9997389912605286,
            0.022797800600528717,
            1.3310200301930308e-05,
            -0.022797800600528717,
            0.9997400045394897
        ],
        [
            -0.615792989730835,
            0.01835620030760765,
            0.3779450058937073,
            0.23913000524044037,
            0.9432349801063538,
            0.26672300696372986,
            0.17969700694084167,
            0.9797049760818481,
            -0.08881200104951859,
            0.33632099628448486,
            0.02365639992058277,
            0.9414499998092651
        ],
        [
            0.025325000286102295,
            -0.16128599643707275,
            0.1687989979982376,
            0.24444499611854553,
            1.5639699697494507,
            1.5775099992752075,
            0.0,
            1.0,
            0.0,
            0.0,
            0.0,
            1.0
        ],
        [
            -0.16035699844360352,
            0.424888014793396,
            -0.4710240066051483,
            0.8740760087966919,
            0.2596369981765747,
            0.943602979183197,
            -0.020836299285292625,
            0.999763011932373,
            0.0062722801230847836,
            0.2882489860057831,
            -2.946510058166041e-08,
            0.9575549960136414
        ],
        [
            0.17064599692821503,
            -0.0060965497978031635,
            -0.07332739979028702,
            0.2562290132045746,
            1.0486799478530884,
            1.583940029144287,
            -0.0035515299532562494,
            0.9996960163116455,
            0.024385200813412666,
            -0.5445989966392517,
            -0.022385399788618088,
            0.8383979797363281
        ]
    ],
    "ops": [
        [
            0,
            0,
            2,
            1,
            0,
            1,
            0,
            0,
            1,
            1
        ]
    ],
    "syms": [
        [
            0.0,
            0.9998990297317505,
            -0.011626499705016613,
            -0.008172069676220417,
            0.03183469921350479,
            0.010825799778103828,
            0.37265199422836304,
            0.0
        ]
    ],
    "labels:": [
        [
            1,
            3,
            2,
            0,
            0
        ]
    ],
    "obj": 42178,
    "mat_index": 4602,
    "obbs": "N 6\n-0.160357 0.424888 -0.471024 -0.0208363 0.999763 0.00627228 0.288249 -2.94651e-08 0.957555 0.957329 0.0217598 -0.288181 0.874076 0.259637 0.943603\n0.679463 0.00329541 0.367359 0.28916 -0.023929 -0.956982 0.948414 0.142907 0.282998 0.129988 -0.989447 0.0640177 0.876098 0.26216 0.268004\n-0.615793 0.0183562 0.377945 -0.179697 -0.979705 0.088812 0.924444 -0.199045 -0.325244 0.336321 0.0236564 0.94145 0.23913 0.266723 0.943235\n0.0425674 -0.0264326 0.162051 0.999999 0.00116752 1.33102e-05 -0.00116752 0.999739 0.0227978 1.33102e-05 -0.0227978 0.99974 1.38306 0.0796747 1.28757\n0.170646 -0.00609655 -0.0733274 0.544599 0.0223854 -0.838398 -0.00355153 0.999696 0.0243852 0.838689 -0.0103025 0.544513 1.04868 0.256229 1.58394\n0.025325 -0.161286 0.168799 1 0 0 0 1 0 0 0 1 1.57751 0.244445 1.56397\nC 13\n0 5\n0 4\n0 3\n0 2\n1 3\n1 4\n1 5\n2 4\n2 3\n2 5\n3 4\n3 5\n4 5\nS 1\n2\n1 0.679463 0.00329541 0.367359\n2 -0.615793 0.0183562 0.377945\n2\n0.0318347 0.0108258 0.372652\n-0.999899 0.0116265 0.00817207\nL 6\n0\n3\n3\n1\n0\n2"
}