{
    "boxes": [
        [
            -0.021201500669121742,
            -0.0021840000990778208,
            0.12506799399852753,
            1.0824400186538696,
            1.236780047416687,
            1.2455699443817139,
            0.0,
            1.0,
            0.0,
            0.0,
            0.0,
            1.0
        ],
        [
            -0.5393310189247131,
            -0.05319000035524368,
            0.15354099869728088,
            0.785968005657196,
            1.1215499639511108,
            0.20931200683116913,
            0.0,
            1.0,
            0.0,
            0.0,
            0.0,
            1.0
        ],
        [
            -0.5488870143890381,
            -0.5022109746932983,
            0.6334329843521118,
            0.213687002658844,
            0.09468899667263031,
            0.12425500154495239,
            0.0,
            1.0,
            0.0,
            0.0,
            0.0,
            1.0
        ],
        [
            -0.5350099802017212,
            -0.5489100217819214,
            -0.40068700909614563,
            0.12003999948501587,
            0.09021899849176407,
            0.10606200248003006,
            0.0,
            1.0,
            0.0,
            0.0,
            0.0,
            1.0
        ],
        [
            0.5116890072822571,
            -0.5259280204772949,
            -0.40293198823928833,
            0.1752759963274002,
            0.08492960035800934,
            0.11543700098991394,
            0.04024520143866539,
            0.9008740186691284,
            0.4322110116481781,
            -0.0736818015575409,
            -0.4287079870700836,
            0.9004340171813965
        ],
        [
            -0.020238999277353287,
            0.2612369954586029,
            -0.3676300048828125,
            0.7797539830207825,
            0.22708800435066223,
            1.1672899723052979,
            1.1228999952095364e-08,
            0.9220389723777771,
            -0.38709700107574463,
            1.6892700571702335e-08,
            0.38709700107574463,
            0.9220389723777771
        ],
        [
            -0.02119939960539341,
            0.03750680014491081,
            -0.38109099864959717,
            1.0105700492858887,
            0.4584220051765442,
            1.2455899715423584,
            1.527379936305806e-05,
            0.9720550179481506,
            -0.23475199937820435,
            1.9401499230298214e-05,
            0.23475199937820435,
            0.9720550179481506
        ]
    ],
    "ops": [
        [
            0,
            0,
            2,
            1,
            0,
            2,
            0,
            0,
            1,
            1,
            1,
            0,
            0,
            1,
            1
        ]
    ],
    "syms": [
        [
            0.0,
            0.9999960064888,
            -0.002719080075621605,
            0.00012982499902136624,
            -0.021326199173927307,
            -0.054598499089479446,
            0.1536089926958084,
            0.0
        ],
        [
            0.0,
            0.9999359846115112,
            -0.0023078001104295254,
            0.011061600409448147,
            -0.025108400732278824,
            -0.5034189820289612,
            0.6392279863357544,
            0.0
        ]
    ],
    "labels:": [
        [
            1,
            3,
            2,
            2,
            2,
            0,
            0
        ]
    ],
    "obj": 42180,
    "mat_index": 4604,
    "obbs": "N 9\n-0.020239 0.261237 -0.36763 1 -1.68927e-08 -1.1229e-08 1.68927e-08 0.387097 0.922039 -1.1229e-08 -0.922039 0.387097 1.16729 0.227088 0.779754\n0.496679 -0.056007 0.153676 1 0 0 0 1 0 0 0 1 0.209813 0.790868 1.12128\n-0.539331 -0.05319 0.153541 1 0 0 0 1 0 0 0 1 0.209312 0.785968 1.12155\n-0.0212015 -0.002184 0.125068 1 0 0 0 1 0 0 0 1 1.24557 1.08244 1.23678\n-0.0211994 0.0375068 -0.381091 1 -1.94015e-05 -1.52738e-05 1.94015e-05 0.234752 0.972055 -1.52738e-05 -0.972055 0.234752 1.24559 0.458422 1.01057\n-0.53501 -0.54891 -0.400687 1 0 0 0 1 0 0 0 1 0.106062 0.12004 0.090219\n0.511689 -0.525928 -0.402932 -0.996469 0.0680842 -0.0491246 -0.0736818 -0.428708 0.900434 0.0402452 0.900874 0.432211 0.115437 0.0849296 0.175276\n0.498671 -0.504628 0.645022 0.0148699 0.994873 -0.100037 0.0164381 0.0997916 0.994873 0.999754 -0.0164381 -0.0148699 0.210551 0.0918599 0.141608\n-0.548887 -0.502211 0.633433 1 0 0 0 1 0 0 0 1 0.124255 0.213687 0.094689\nC 19\n0 1\n0 4\n0 3\n0 2\n1 3\n1 4\n1 6\n1 7\n2 8\n2 4\n2 3\n2 5\n3 5\n3 8\n3 6\n3 7\n3 4\n4 6\n4 5\nS 2\n2\n1 0.496679 -0.056007 0.153676\n2 -0.539331 -0.05319 0.153541\n2\n-0.0213262 -0.0545985 0.153609\n-0.999996 0.00271908 -0.000129825\n2\n7 0.498671 -0.504628 0.645022\n8 -0.548887 -0.502211 0.633433\n2\n-0.0251084 -0.503419 0.639228\n-0.999936 0.0023078 -0.0110616\nL 9\n0\n3\n3\n1\n0\n2\n2\n2\n2"
}