{
    "boxes": [
        [
            -0.005814650095999241,
            0.09309300035238266,
            0.08071339875459671,
            0.5504419803619385,
            1.0255999565124512,
            0.9855440258979797,
            0.005241119768470526,
            0.9338510036468506,
            0.35762500762939453,
            -0.0009692339808680117,
            -0.35762500762939453,
            0.9338650107383728
        ],
        [
            -0.28455299139022827,
            -0.4851149916648865,
            -0.19312599301338196,
            0.7589989900588989,
            0.04104689881205559,
            0.04504600167274475,
            0.21923500299453735,
            0.9217950105667114,
            0.31973299384117126,
            0.1531289964914322,
            -0.3561530113220215,
            0.9217950105667114
        ],
        [
            -0.284402996301651,
            -0.47255998849868774,
            0.37002599239349365,
            0.7655240297317505,
            0.047164201736450195,
            0.042155198752880096,
            0.23552800714969635,
            0.9319339990615845,
            -0.27572599053382874,
            0.12179400026798248,
            0.253167986869812,
            0.959725022315979
        ],
        [
            -0.006958779878914356,
            0.2564379870891571,
            -0.17779399454593658,
            0.6530179977416992,
            0.30363500118255615,
            0.9724460244178772,
            0.02042290009558201,
            0.9522690176963806,
            -0.3045769929885864,
            0.02796589955687523,
            0.30397701263427734,
            0.9522690176963806
        ]
    ],
    "ops": [
        [
            0,
            0,
            0,
            1,
            2,
            1,
            0,
            1
        ]
    ],
    "syms": [
        [
            0.0,
            1.0,
            1.4428499830998996e-14,
            1.0796499633170756e-14,
            -0.005621000193059444,
            -0.4851149916648865,
            -0.19312599301338196,
            0.0
        ]
    ],
    "labels:": [
        [
            1,
            2,
            2,
            0
        ]
    ],
    "obj": 42189,
    "mat_index": 4608,
    "obbs": "N 6\n-0.00695878 0.256438 -0.177794 0.9994 -0.0279659 -0.0204229 0.0279659 0.303977 0.952269 -0.0204229 -0.952269 0.304577 0.972446 0.303635 0.653018\n-0.00581465 0.093093 0.0807134 0.000969234 0.357625 -0.933865 0.00524112 0.933851 0.357625 0.999986 -0.00524112 -0.000969234 1.0256 0.550442 0.985544\n0.273311 -0.485115 -0.193126 0.96358 0.153129 0.219235 -0.153129 -0.356153 0.921795 0.219235 -0.921795 -0.319733 0.045046 0.0410469 0.758999\n0.273411 -0.472962 0.368784 0.124296 -0.24175 -0.962345 0.963538 0.261012 0.0588814 0.236949 -0.934575 0.265378 0.0418502 0.042186 0.765424\n-0.284403 -0.47256 0.370026 0.235528 0.931934 -0.275726 0.964206 -0.259624 -0.0538755 -0.121794 -0.253168 -0.959725 0.765524 0.0421552 0.0471642\n-0.284553 -0.485115 -0.193126 0.219235 0.921795 0.319733 0.153129 -0.356153 0.921795 0.96358 -0.153129 -0.219235 0.758999 0.0410469 0.045046\nC 9\n0 1\n0 5\n0 4\n0 3\n0 2\n1 2\n1 3\n1 4\n1 5\nS 2\n2\n2 0.273311 -0.485115 -0.193126\n5 -0.284553 -0.485115 -0.193126\n2\n-0.005621 -0.485115 -0.193126\n-1 -1.44285e-14 -1.07965e-14\n2\n3 0.273411 -0.472962 0.368784\n4 -0.284403 -0.47256 0.370026\n2\n-0.00549575 -0.472761 0.369405\n-0.999997 0.00072139 0.00222613\nL 6\n0\n1\n2\n2\n2\n2"
}