{
    "boxes": [
        [
            0.004028500057756901,
            -0.03677999973297119,
            0.12075500190258026,
            0.1661819964647293,
            0.7998909950256348,
            0.768293023109436,
            0.0,
            1.0,
            0.0,
            0.0,
            0.0,
            1.0
        ],
        [
            -0.2965329885482788,
            -0.4666900038719177,
            -0.21113799512386322,
            0.7709360122680664,
            0.11429300159215927,
            0.08981920033693314,
            0.09501820057630539,
            0.9849500060081482,
            0.14438100159168243,
            -0.41413798928260803,
            -0.09277880191802979,
            0.905472993850708
        ],
        [
            0.3211280107498169,
            -0.463005006313324,
            0.44322600960731506,
            0.7724900245666504,
            0.11691399663686752,
            0.0903266966342926,
            -0.10716400295495987,
            0.9891080260276794,
            -0.10089799761772156,
            -0.4700630009174347,
            0.039020098745822906,
            0.8817700147628784
        ],
        [
            -0.32150998711586,
            -0.4674380123615265,
            0.4308120012283325,
            0.7627789974212646,
            0.08156879991292953,
            0.1222819983959198,
            0.09452950209379196,
            0.9915469884872437,
            -0.08886999636888504,
            -0.5191940069198608,
            0.1252710074186325,
            0.8454260230064392
        ],
        [
            0.004633239936083555,
            0.33039799332618713,
            -0.2708260118961334,
            0.7627189755439758,
            0.21391400694847107,
            0.6985819935798645,
            -0.0023455501068383455,
            0.9579899907112122,
            -0.28679201006889343,
            -0.003150569973513484,
            0.28678399324417114,
            0.9579899907112122
        ]
    ],
    "ops": [
        [
            0,
            0,
            2,
            0,
            0,
            1,
            1,
            1,
            0,
            1
        ]
    ],
    "syms": [
        [
            0.0,
            0.9999250173568726,
            -0.009095720015466213,
            0.008255249820649624,
            0.0015887400368228555,
            -0.4694019854068756,
            -0.2086769938468933,
            0.0
        ]
    ],
    "labels:": [
        [
            1,
            2,
            2,
            2,
            0
        ]
    ],
    "obj": 2737,
    "mat_index": 461,
    "obbs": "N 6\n0.00463324 0.330398 -0.270826 -0.00234555 0.95799 -0.286792 -0.00315057 0.286784 0.95799 0.999992 0.00315057 0.00234555 0.762719 0.213914 0.698582\n0.0040285 -0.03678 0.120755 1 0 0 0 1 0 0 0 1 0.768293 0.166182 0.799891\n-0.296533 -0.46669 -0.211138 0.0950182 0.98495 0.144381 -0.414138 -0.0927788 0.905473 0.905241 -0.14583 0.39909 0.770936 0.114293 0.0898192\n0.321128 -0.463005 0.443226 0.470063 -0.0390201 -0.88177 0.876103 0.141923 0.460762 0.107164 -0.989108 0.100898 0.116914 0.0903267 0.77249\n0.299711 -0.472114 -0.206215 -0.061637 0.990694 0.121353 0.447954 -0.0811931 0.890362 0.891929 0.10924 -0.438781 0.760927 0.117363 0.0849504\n-0.32151 -0.467438 0.430812 0.0945295 0.991547 -0.08887 0.849413 -0.0337769 0.526647 0.519194 -0.125271 -0.845426 0.762779 0.122282 0.0815688\nC 7\n0 1\n0 4\n0 2\n1 2\n1 3\n1 4\n1 5\nS 1\n2\n2 -0.296533 -0.46669 -0.211138\n4 0.299711 -0.472114 -0.206215\n2\n0.00158874 -0.469402 -0.208677\n0.999925 -0.00909572 0.00825525\nL 6\n0\n1\n2\n2\n2\n2"
}