{
    "boxes": [
        [
            0.0005990000208839774,
            -0.10262800008058548,
            0.10473000258207321,
            0.39532598853111267,
            0.8694069981575012,
            0.7393479943275452,
            0.0,
            1.0,
            0.0,
            0.0,
            0.0,
            1.0
        ],
        [
            -0.2781110107898712,
            -0.5152829885482788,
            -0.3462809920310974,
            0.48354798555374146,
            0.0459262989461422,
            0.08492069691419601,
            0.09837199747562408,
            0.9842780232429504,
            0.14669600129127502,
            0.6430119872093201,
            -0.17537400126457214,
            0.7455059885978699
        ],
        [
            -0.3702569901943207,
            -0.43243199586868286,
            0.5166450142860413,
            0.6420999765396118,
            0.07748910039663315,
            0.0462803989648819,
            0.10549400001764297,
            0.9942029714584351,
            -0.020749200135469437,
            0.6624029874801636,
            -0.0546937994658947,
            0.7471479773521423
        ],
        [
            0.0006626779795624316,
            0.4591279923915863,
            -0.3235900104045868,
            0.7439159750938416,
            0.12928099930286407,
            0.526902973651886,
            0.00020637499983422458,
            0.9551759958267212,
            -0.2960369884967804,
            0.0002800209913402796,
            0.2960369884967804,
            0.9551759958267212
        ],
        [
            0.0005990000208839774,
            0.10373999923467636,
            -0.2348099946975708,
            0.019202999770641327,
            0.07921499758958817,
            0.4993000030517578,
            0.0,
            1.0,
            0.0,
            0.0,
            0.0,
            1.0
        ]
    ],
    "ops": [
        [
            0,
            0,
            0,
            1,
            2,
            1,
            0,
            0,
            1,
            1
        ]
    ],
    "syms": [
        [
            0.0,
            0.9999229907989502,
            0.01227440033107996,
            0.0016478999750688672,
            0.0017711799591779709,
            -0.5118470191955566,
            -0.34582000970840454,
            0.0
        ]
    ],
    "labels:": [
        [
            1,
            2,
            2,
            0,
            0
        ]
    ],
    "obj": 42193,
    "mat_index": 4611,
    "obbs": "N 7\n0.000662678 0.459128 -0.32359 1 -0.000280021 -0.000206375 0.000280021 0.296037 0.955176 -0.000206375 -0.955176 0.296037 0.526903 0.129281 0.743916\n0.000599 -0.102628 0.10473 1 0 0 0 1 0 0 0 1 0.739348 0.395326 0.869407\n0.000599 0.10374 -0.23481 1 0 0 0 1 0 0 0 1 0.4993 0.019203 0.079215\n0.281653 -0.508411 -0.345359 -0.112339 0.982584 0.148017 -0.647891 -0.185372 0.738834 0.753404 -0.0128996 0.657431 0.49726 0.0462901 0.086096\n-0.278111 -0.515283 -0.346281 0.098372 0.984278 0.146696 0.643012 -0.175374 0.745506 0.759512 0.0209903 -0.650154 0.483548 0.0459263 0.0849207\n-0.370257 -0.432432 0.516645 -0.662403 0.0546938 -0.747148 0.741682 -0.0925638 -0.664334 -0.105494 -0.994203 0.0207492 0.0774891 0.0462804 0.6421\n0.370821 -0.432611 0.517378 0.662948 0.0495362 -0.747025 0.741677 0.0925627 0.66434 0.102056 -0.994474 0.0246244 0.0762535 0.0462801 0.641966\nC 7\n0 1\n0 2\n1 2\n1 3\n1 4\n1 5\n1 6\nS 2\n2\n3 0.281653 -0.508411 -0.345359\n4 -0.278111 -0.515283 -0.346281\n2\n0.00177118 -0.511847 -0.34582\n-0.999923 -0.0122744 -0.0016479\n2\n5 -0.370257 -0.432432 0.516645\n6 0.370821 -0.432611 0.517378\n2\n0.000281891 -0.432522 0.517012\n0.999999 -0.000241854 0.000988977\nL 7\n0\n1\n0\n2\n2\n2\n2"
}