{
    "boxes": [
        [
            0.009387499652802944,
            0.3898580074310303,
            0.14549300074577332,
            0.9108790159225464,
            0.8499330282211304,
            0.7832130193710327,
            0.0,
            1.0,
            0.0,
            0.0,
            0.0,
            1.0
        ],
        [
            -0.3402880132198334,
            0.13074100017547607,
            0.11129499971866608,
            0.30268698930740356,
            0.7243670225143433,
            0.07657700031995773,
            0.0,
            1.0,
            0.0,
            0.0,
            0.0,
            1.0
        ],
        [
            0.35600900650024414,
            0.2589370012283325,
            0.12363799661397934,
            0.07159300148487091,
            0.6796950101852417,
            0.09066099673509598,
            0.0,
            1.0,
            0.0,
            0.0,
            0.0,
            1.0
        ],
        [
            -0.33130601048469543,
            0.1300940066576004,
            0.4427550137042999,
            0.301393985748291,
            0.06273499876260757,
            0.058063000440597534,
            0.0,
            1.0,
            0.0,
            0.0,
            0.0,
            1.0
        ],
        [
            0.002555999904870987,
            -0.42533400654792786,
            0.11211500316858292,
            0.7245659828186035,
            0.26627400517463684,
            0.2768639922142029,
            0.0,
            1.0,
            0.0,
            0.0,
            0.0,
            1.0
        ],
        [
            0.1646299958229065,
            -0.7706069946289062,
            -0.16059400141239166,
            0.039640601724386215,
            0.4856399893760681,
            0.1658090054988861,
            0.02070930041372776,
            0.9995549917221069,
            0.021475600078701973,
            -0.5000849962234497,
            -0.008243770338594913,
            0.8659369945526123
        ],
        [
            0.00943250022828579,
            0.4001440107822418,
            -0.2321539968252182,
            0.9202100038528442,
            0.10264299809932709,
            0.7838370203971863,
            0.0,
            1.0,
            0.0,
            0.0,
            0.0,
            1.0
        ]
    ],
    "ops": [
        [
            0,
            0,
            0,
            0,
            2,
            1,
            1,
            1,
            0,
            0,
            2,
            1,
            1,
            0,
            1
        ]
    ],
    "syms": [
        [
            0.0,
            0.9999650120735168,
            0.002382999984547496,
            0.008056100457906723,
            0.009325000457465649,
            0.13090600073337555,
            0.445499986410141,
            0.0
        ],
        [
            -1.0,
            -0.0005033999914303422,
            1.0,
            0.000654235016554594,
            -0.005864500068128109,
            -0.7710790038108826,
            0.10706599801778793,
            0.20000000298023224
        ]
    ],
    "labels:": [
        [
            1,
            3,
            3,
            3,
            2,
            2,
            0
        ]
    ],
    "obj": 42203,
    "mat_index": 4620,
    "obbs": "N 12\n0.0094325 0.400144 -0.232154 1 0 0 0 1 0 0 0 1 0.783837 0.92021 0.102643\n0.16463 -0.770607 -0.160594 0.500085 0.00824377 -0.865937 0.0207093 0.999555 0.0214756 0.865728 -0.0286726 0.499692 0.48564 0.0396406 0.165809\n0.303257 -0.771184 0.200234 0.25882 -0.000581132 -0.965925 -0.00246283 0.999996 -0.00126155 0.965922 0.00270542 0.258817 0.158627 0.0340245 0.463249\n0.0061075 -0.771166 0.410813 1 0 0 0 1 0 0 0 1 0.151741 0.032902 0.492761\n-0.297712 -0.771262 0.217311 0.933555 -0.010212 -0.358289 0.00501808 0.999868 -0.0154233 0.3584 0.0126006 0.933483 0.472746 0.0378707 0.128288\n-0.205604 -0.771178 -0.132433 -0.629294 -0.00887197 -0.777116 -0.00584473 0.999961 -0.00668312 0.777145 0.000336386 -0.629322 0.520139 0.037177 0.144489\n0.002556 -0.425334 0.112115 1 0 0 0 1 0 0 0 1 0.276864 0.724566 0.266274\n0.0093875 0.389858 0.145493 1 0 0 0 1 0 0 0 1 0.783213 0.910879 0.849933\n0.349955 0.131717 0.448244 1 0 0 0 1 0 0 0 1 0.078393 0.303457 0.086742\n-0.331306 0.130094 0.442755 1 0 0 0 1 0 0 0 1 0.058063 0.301394 0.062735\n0.356009 0.258937 0.123638 1 0 0 0 1 0 0 0 1 0.090661 0.071593 0.679695\n-0.340288 0.130741 0.111295 1 0 0 0 1 0 0 0 1 0.076577 0.302687 0.724367\nC 29\n0 7\n0 10\n0 11\n0 6\n1 3\n1 6\n1 2\n1 5\n1 4\n2 5\n2 6\n2 3\n2 4\n3 6\n3 5\n3 4\n4 5\n4 6\n5 6\n6 9\n6 7\n6 11\n6 8\n7 11\n7 10\n7 8\n7 9\n8 10\n9 11\nS 2\n5\n4 -0.297712 -0.771262 0.217311\n5 -0.205604 -0.771178 -0.132433\n1 0.16463 -0.770607 -0.160594\n2 0.303257 -0.771184 0.200234\n3 0.0061075 -0.771166 0.410813\n3\n-0.0058645 -0.771079 0.107066\n0.0005034 -1 -0.000654235\n2\n8 0.349955 0.131717 0.448244\n9 -0.331306 0.130094 0.442755\n2\n0.009325 0.130906 0.4455\n-0.999965 -0.002383 -0.0080561\nL 12\n0\n2\n2\n2\n2\n2\n2\n1\n3\n3\n3\n3"
}