{
    "boxes": [
        [
            0.004270750097930431,
            -0.23149800300598145,
            0.17159800231456757,
            0.4766789972782135,
            0.8058570027351379,
            0.8629990220069885,
            0.04318549856543541,
            0.9927219748497009,
            -0.11242000013589859,
            0.002436310052871704,
            0.11242000013589859,
            0.9936580061912537
        ],
        [
            -0.4446919858455658,
            0.14430999755859375,
            0.09540099650621414,
            0.16536399722099304,
            0.9980000257492065,
            0.15594500303268433,
            0.0,
            1.0,
            0.0,
            0.0,
            0.0,
            1.0
        ],
        [
            -0.4237009882926941,
            -0.14584000408649445,
            0.4543150067329407,
            0.4336079955101013,
            0.19132499396800995,
            0.08495300263166428,
            0.0,
            1.0,
            0.0,
            0.0,
            0.0,
            1.0
        ],
        [
            -0.4145970046520233,
            -0.4717859923839569,
            0.46865999698638916,
            0.2842099964618683,
            0.16221199929714203,
            0.06603500247001648,
            0.0,
            1.0,
            0.0,
            0.0,
            0.0,
            1.0
        ],
        [
            -0.38037601113319397,
            -0.4054279923439026,
            -0.395577996969223,
            0.3046729862689972,
            0.5542169809341431,
            0.06360699981451035,
            -0.014390000142157078,
            0.9641839861869812,
            -0.2648429870605469,
            0.002612059935927391,
            0.26490598917007446,
            0.9642710089683533
        ],
        [
            0.36499398946762085,
            -0.47525501251220703,
            -0.3439379930496216,
            0.29753199219703674,
            0.6036419868469238,
            0.059352900832891464,
            0.021298900246620178,
            0.7812849879264832,
            -0.6238110065460205,
            0.0081753795966506,
            0.6237949728965759,
            0.7815449833869934
        ],
        [
            -0.0013755200197920203,
            0.2383899986743927,
            -0.3253290057182312,
            1.20756995677948,
            0.07048950344324112,
            0.7669289708137512,
            0.0009438989800401032,
            0.9653319716453552,
            -0.26102501153945923,
            0.0012330299941822886,
            0.26102399826049805,
            0.9653319716453552
        ],
        [
            -0.008519450202584267,
            0.2104009985923767,
            -0.35799500346183777,
            1.1721700429916382,
            0.09281469881534576,
            0.8762930035591125,
            -0.0031470099929720163,
            0.9642490148544312,
            -0.2649790048599243,
            -0.004128459841012955,
            0.2649660110473633,
            0.9642490148544312
        ]
    ],
    "ops": [
        [
            0,
            0,
            0,
            1,
            2,
            1,
            0,
            2,
            0,
            0,
            1,
            1,
            1,
            0,
            0,
            1,
            1
        ]
    ],
    "syms": [
        [
            0.0,
            0.9994019865989685,
            -0.034568898379802704,
            6.355420191539451e-05,
            -0.008317249827086926,
            0.1292160004377365,
            0.09542880207300186,
            0.0
        ],
        [
            0.0,
            0.9999930262565613,
            3.2152598578250036e-05,
            0.0037365800235420465,
            -0.006976270116865635,
            -0.4717729985713959,
            0.47018301486968994,
            0.0
        ]
    ],
    "labels:": [
        [
            1,
            3,
            3,
            2,
            2,
            2,
            0,
            0
        ]
    ],
    "obj": 42207,
    "mat_index": 4624,
    "obbs": "N 11\n-0.00137552 0.23839 -0.325329 0.999999 -0.00123303 -0.000943899 0.00123303 0.261024 0.965332 -0.000943899 -0.965332 0.261025 0.766929 0.0704895 1.20757\n0.00427075 -0.231498 0.171598 0.999064 -0.0431855 0.00243631 0.0431855 0.992722 -0.11242 0.00243631 0.11242 0.993658 0.862999 0.476679 0.805857\n0.428057 0.114122 0.0954565 1 0 0 0 1 0 0 0 1 0.15635 0.208326 0.998745\n-0.444692 0.14431 0.095401 1 0 0 0 1 0 0 0 1 0.155945 0.165364 0.998\n0.390311 -0.135272 0.46494 1 0 0 0 1 0 0 0 1 0.098797 0.357999 0.170074\n-0.423701 -0.14584 0.454315 1 0 0 0 1 0 0 0 1 0.084953 0.433608 0.191325\n-0.00851945 0.210401 -0.357995 -0.00314701 0.964249 -0.264979 -0.00412846 0.264966 0.964249 0.999987 0.00412846 0.00314701 1.17217 0.0928147 0.876293\n-0.380376 -0.405428 -0.395578 -0.00261206 -0.264906 -0.964271 0.999893 0.0131841 -0.00633051 0.01439 -0.964184 0.264843 0.554217 0.063607 0.304673\n0.364994 -0.475255 -0.343938 0.0212989 0.781285 -0.623811 0.99974 -0.0217459 0.00689883 -0.00817538 -0.623795 -0.781545 0.297532 0.0593529 0.603642\n0.400644 -0.47176 0.471706 0.00746702 -0.0456448 -0.99893 0.999831 0.0171209 0.00669143 0.0167971 -0.998811 0.045765 0.16872 0.0657502 0.306744\n-0.414597 -0.471786 0.46866 1 0 0 0 1 0 0 0 1 0.066035 0.28421 0.162212\nC 24\n0 2\n0 7\n0 3\n0 8\n0 1\n0 6\n1 3\n1 6\n1 2\n1 5\n1 10\n1 4\n1 9\n1 8\n1 7\n2 8\n2 6\n2 4\n3 6\n3 5\n4 9\n5 10\n6 7\n6 8\nS 3\n2\n2 0.428057 0.114122 0.0954565\n3 -0.444692 0.14431 0.095401\n2\n-0.00831725 0.129216 0.0954288\n-0.999402 0.0345689 -6.35542e-05\n2\n4 0.390311 -0.135272 0.46494\n5 -0.423701 -0.14584 0.454315\n2\n-0.016695 -0.140556 0.459627\n-0.999831 -0.0129798 -0.0130511\n2\n9 0.400644 -0.47176 0.471706\n10 -0.414597 -0.471786 0.46866\n2\n-0.00697627 -0.471773 0.470183\n-0.999993 -3.21526e-05 -0.00373658\nL 11\n0\n1\n3\n3\n3\n3\n0\n2\n2\n2\n2"
}