{
    "boxes": [
        [
            -0.002104999963194132,
            -0.22497199475765228,
            0.21649999916553497,
            0.2990399897098541,
            0.8705800175666809,
            0.7654500007629395,
            0.0,
            1.0,
            0.0,
            0.0,
            0.0,
            1.0
        ],
        [
            -0.3936940133571625,
            0.0070985001511871815,
            0.09657750278711319,
            0.5052239894866943,
            0.5052239894866943,
            0.0529169999063015,
            -1.7256100632088409e-16,
            0.7771459817886353,
            0.6293200254440308,
            1.3973699730712225e-16,
            -0.6293200254440308,
            0.7771459817886353
        ],
        [
            -0.33567100763320923,
            -0.5754579901695251,
            -0.08211340010166168,
            0.5114189982414246,
            0.0688915029168129,
            0.06993799656629562,
            -0.0,
            0.9697740077972412,
            0.24400299787521362,
            -0.0,
            -0.24400299787521362,
            0.9697740077972412
        ],
        [
            -0.33567100763320923,
            -0.5754579901695251,
            0.4260829985141754,
            0.5114189982414246,
            0.0688915029168129,
            0.06993799656629562,
            -0.0,
            0.9697740077972412,
            -0.24400299787521362,
            -0.0,
            0.24400299787521362,
            0.9697740077972412
        ],
        [
            -0.0021095399279147387,
            0.24006600677967072,
            -0.2578530013561249,
            0.9409580230712891,
            0.3708609938621521,
            0.7666599750518799,
            0.0014527000021189451,
            0.9942899942398071,
            -0.10670100152492523,
            0.0016169300070032477,
            0.10669799894094467,
            0.9942899942398071
        ]
    ],
    "ops": [
        [
            0,
            0,
            2,
            1,
            0,
            0,
            1,
            2,
            1,
            0,
            1
        ]
    ],
    "syms": [
        [
            0.0,
            0.9999949932098389,
            1.0854799597367457e-18,
            -0.0033107800409197807,
            0.005832499824464321,
            0.0070985001511871815,
            0.09525469690561295,
            0.0
        ],
        [
            0.0,
            0.9999579787254333,
            -0.003008059924468398,
            0.008633079938590527,
            -0.010135999880731106,
            -0.5764380097389221,
            -0.07930289953947067,
            0.0
        ]
    ],
    "labels:": [
        [
            1,
            3,
            2,
            2,
            0
        ]
    ],
    "obj": 2741,
    "mat_index": 463,
    "obbs": "N 8\n-0.00210954 0.240066 -0.257853 0.999998 -0.00161693 -0.0014527 0.00161693 0.106698 0.99429 -0.0014527 -0.99429 0.106701 0.76666 0.370861 0.940958\n0.405359 0.0070985 0.093932 1.72561e-16 -0.777146 -0.62932 1 2.22045e-16 0 1.39737e-16 -0.62932 0.777146 0.505223 0.052917 0.505223\n-0.393694 0.0070985 0.0965775 -1.39737e-16 0.62932 -0.777146 1 2.22045e-16 0 1.72561e-16 -0.777146 -0.62932 0.505224 0.052917 0.505224\n-0.002105 -0.224972 0.2165 1 0 0 0 1 0 0 0 1 0.76545 0.29904 0.87058\n-0.335671 -0.575458 -0.0821134 1 0 0 -0 -0.244003 0.969774 0 -0.969774 -0.244003 0.069938 0.0688915 0.511419\n0.315399 -0.577417 -0.0764924 2.14479e-16 -0.965926 -0.258819 1 2.22045e-16 0 5.74694e-17 -0.258819 0.965926 0.511539 0.069938 0.068698\n0.315399 -0.574346 0.429653 1 0 0 -0 0.237715 0.971335 0 -0.971335 0.237715 0.069938 0.0689672 0.511331\n-0.335671 -0.575458 0.426083 1 0 0 -0 0.244003 0.969774 0 -0.969774 0.244003 0.069938 0.0688915 0.511419\nC 15\n0 1\n0 5\n0 4\n0 3\n0 2\n1 3\n1 5\n1 6\n2 7\n2 4\n2 3\n3 6\n3 7\n3 4\n3 5\nS 3\n2\n1 0.405359 0.0070985 0.093932\n2 -0.393694 0.0070985 0.0965775\n2\n0.0058325 0.0070985 0.0952547\n-0.999995 -1.08548e-18 0.00331078\n2\n4 -0.335671 -0.575458 -0.0821134\n5 0.315399 -0.577417 -0.0764924\n2\n-0.010136 -0.576438 -0.0793029\n0.999958 -0.00300806 0.00863308\n2\n6 0.315399 -0.574346 0.429653\n7 -0.335671 -0.575458 0.426083\n2\n-0.010136 -0.574902 0.427868\n-0.999984 -0.00170774 -0.00548313\nL 8\n0\n3\n3\n1\n2\n2\n2\n2"
}