{
    "boxes": [
        [
            0.0010105000110343099,
            -0.12007100135087967,
            0.10673200339078903,
            0.36079201102256775,
            0.9553110003471375,
            1.067080020904541,
            0.0,
            1.0,
            0.0,
            0.0,
            0.0,
            1.0
        ],
        [
            -0.44089600443840027,
            0.023773400112986565,
            0.13342300057411194,
            0.41358301043510437,
            0.893854022026062,
            0.23380599915981293,
            0.10924699902534485,
            0.9448860287666321,
            0.3086340129375458,
            -0.03507300093770027,
            -0.3066349923610687,
            0.9511809945106506
        ],
        [
            -0.4753119945526123,
            -0.4865320026874542,
            0.5164279937744141,
            0.40353500843048096,
            0.06640499830245972,
            0.06038599833846092,
            0.0,
            1.0,
            0.0,
            0.0,
            0.0,
            1.0
        ],
        [
            -0.4905799925327301,
            -0.6829280257225037,
            0.5324280261993408,
            0.019060000777244568,
            0.020987000316381454,
            0.018871000036597252,
            0.0,
            1.0,
            0.0,
            0.0,
            0.0,
            1.0
        ],
        [
            -0.38591501116752625,
            -0.48156800866127014,
            -0.2618800103664398,
            0.4057160019874573,
            0.09341040253639221,
            0.05059570074081421,
            0.05031049996614456,
            0.9879159927368164,
            0.14659899473190308,
            -0.5835239887237549,
            -0.09004899859428406,
            0.8070880174636841
        ],
        [
            -0.3754569888114929,
            -0.6761540174484253,
            -0.2966890037059784,
            0.019826000556349754,
            0.023724300786852837,
            0.019433699548244476,
            -0.0344914011657238,
            0.9911869764328003,
            0.1279039978981018,
            0.034571100026369095,
            -0.12671999633312225,
            0.9913359880447388
        ],
        [
            0.003716209903359413,
            0.2695370018482208,
            -0.34404700994491577,
            0.7758119702339172,
            0.38089901208877563,
            0.9834399819374084,
            0.050880201160907745,
            0.8993369936943054,
            -0.4342859983444214,
            -0.0023227098863571882,
            0.43495500087738037,
            0.9004489779472351
        ]
    ],
    "ops": [
        [
            0,
            0,
            2,
            1,
            0,
            0,
            1,
            0,
            0,
            1,
            1,
            2,
            1,
            0,
            1
        ]
    ],
    "syms": [
        [
            0.0,
            0.9995560050010681,
            0.02832699939608574,
            0.009199989959597588,
            -0.018066199496388435,
            0.035756200551986694,
            0.13731500506401062,
            0.0
        ],
        [
            0.0,
            1.0,
            0.0,
            0.0,
            0.002555249957367778,
            -0.4865320026874542,
            0.5164279937744141,
            0.0
        ]
    ],
    "labels:": [
        [
            1,
            3,
            2,
            2,
            2,
            2,
            0
        ]
    ],
    "obj": 42218,
    "mat_index": 4631,
    "obbs": "N 12\n0.00371621 0.269537 -0.344047 -0.998702 0.0448064 -0.0242195 -0.00232271 0.434955 0.900449 0.0508802 0.899337 -0.434286 0.98344 0.380899 0.775812\n0.404764 0.047739 0.141206 0.0596203 -0.949901 -0.30681 0.997983 0.063436 -0.00247025 0.0218093 -0.306044 0.951767 0.372153 0.287919 0.873641\n-0.440896 0.0237734 0.133423 -0.109247 -0.944886 -0.308634 0.993396 -0.114738 -0.000358957 -0.035073 -0.306635 0.951181 0.413583 0.233806 0.893854\n0.0010105 -0.120071 0.106732 1 0 0 0 1 0 0 0 1 1.06708 0.360792 0.955311\n-0.475312 -0.486532 0.516428 1 0 0 0 1 0 0 0 1 0.060386 0.403535 0.066405\n0.480422 -0.486532 0.516428 1 0 0 0 1 0 0 0 1 0.060387 0.403535 0.066405\n-0.385915 -0.481568 -0.26188 0.583524 0.090049 -0.807088 0.810536 -0.126149 0.571943 -0.0503105 -0.987916 -0.146599 0.0934104 0.0505957 0.405716\n0.361893 -0.481548 -0.267661 -0.574315 0.130064 -0.808236 0.818226 0.1224 -0.561716 0.025869 -0.983922 -0.176717 0.093366 0.0511112 0.405399\n0.356398 -0.676154 -0.296689 0.0345145 -0.991188 -0.127888 0.998805 0.0386393 -0.0299135 0.0345914 -0.126702 0.991337 0.0198264 0.0194361 0.0237246\n0.495692 -0.682928 0.532428 1 0 0 0 1 0 0 0 1 0.018871 0.01906 0.020987\n-0.49058 -0.682928 0.532428 1 0 0 0 1 0 0 0 1 0.018871 0.01906 0.020987\n-0.375457 -0.676154 -0.296689 -0.0345711 0.12672 -0.991336 0.998807 0.0386143 -0.0298957 0.0344914 -0.991187 -0.127904 0.0237243 0.0194337 0.019826\nC 19\n0 1\n0 7\n0 6\n0 3\n0 2\n1 3\n1 5\n1 7\n2 6\n2 4\n2 3\n3 6\n3 7\n3 4\n3 5\n4 10\n5 9\n6 11\n7 8\nS 5\n2\n1 0.404764 0.047739 0.141206\n2 -0.440896 0.0237734 0.133423\n2\n-0.0180662 0.0357562 0.137315\n-0.999556 -0.028327 -0.00919999\n2\n4 -0.475312 -0.486532 0.516428\n5 0.480422 -0.486532 0.516428\n2\n0.00255525 -0.486532 0.516428\n1 0 0\n2\n6 -0.385915 -0.481568 -0.26188\n7 0.361893 -0.481548 -0.267661\n2\n-0.012011 -0.481558 -0.264771\n0.99997 2.74094e-05 -0.00773081\n2\n8 0.356398 -0.676154 -0.296689\n11 -0.375457 -0.676154 -0.296689\n2\n-0.00952979 -0.676154 -0.296689\n-1 9.38854e-08 -1.94902e-08\n2\n9 0.495692 -0.682928 0.532428\n10 -0.49058 -0.682928 0.532428\n2\n0.0025555 -0.682928 0.532428\n-1 0 0\nL 12\n0\n3\n3\n1\n2\n2\n2\n2\n2\n2\n2\n2"
}