{
    "boxes": [
        [
            0.007344460114836693,
            -0.2057799994945526,
            0.26949799060821533,
            0.0362032987177372,
            0.5020139813423157,
            0.6747390031814575,
            -0.007021020166575909,
            0.9993879795074463,
            0.034272901713848114,
            0.0001203520005219616,
            -0.034272901713848114,
            0.999413013458252
        ],
        [
            -0.4406690001487732,
            0.014507999643683434,
            0.1372630000114441,
            0.5081200003623962,
            0.7736790180206299,
            0.15035000443458557,
            -0.6872100234031677,
            0.7263839840888977,
            0.010431899689137936,
            -0.010431899689137936,
            -0.02422579936683178,
            0.9996520280838013
        ],
        [
            -0.006451339926570654,
            -0.5017809867858887,
            0.21060100197792053,
            0.5791149735450745,
            0.7141709923744202,
            0.7142159938812256,
            -0.011753300204873085,
            0.9999020099639893,
            0.007615719921886921,
            0.7070900201797485,
            0.002925730077549815,
            0.7071179747581482
        ],
        [
            -0.004891870077699423,
            -0.7436860203742981,
            -0.04178139939904213,
            0.11379700154066086,
            0.4629479944705963,
            0.08566939830780029,
            0.14553800225257874,
            0.9503549933433533,
            -0.2750360071659088,
            0.01009450014680624,
            0.27655500173568726,
            0.9609450101852417
        ],
        [
            -0.0026671600062400103,
            0.2879540026187897,
            -0.08776900172233582,
            1.250040054321289,
            0.6679450273513794,
            0.8526610136032104,
            0.15066100656986237,
            0.9085850119590759,
            -0.3895829916000366,
            -0.008866329677402973,
            0.3953070044517517,
            0.9185060262680054
        ]
    ],
    "ops": [
        [
            0,
            0,
            2,
            1,
            0,
            0,
            2,
            1,
            1,
            0,
            1
        ]
    ],
    "syms": [
        [
            0.0,
            0.9999709725379944,
            -0.002636109944432974,
            -0.007182280067354441,
            -0.002983479993417859,
            0.013354100286960602,
            0.13411900401115417,
            0.0
        ],
        [
            -1.0,
            -0.0073730600997805595,
            0.9999470114707947,
            -0.007156929932534695,
            -0.0031073600985109806,
            -0.7423890233039856,
            0.20929400622844696,
            0.25
        ]
    ],
    "labels:": [
        [
            1,
            3,
            2,
            2,
            0
        ]
    ],
    "obj": 2743,
    "mat_index": 464,
    "obbs": "N 9\n-0.00266716 0.287954 -0.087769 -0.988546 0.134929 -0.0676131 -0.00886633 0.395307 0.918506 0.150661 0.908585 -0.389583 0.852661 0.667945 1.25004\n0.434702 0.0122003 0.130975 -0.654127 -0.756372 0.00446435 0.756372 -0.654139 -0.00204139 0.00446435 0.00204139 0.999988 0.502756 0.157428 0.77976\n-0.440669 0.014508 0.137263 0.0104319 0.0242258 -0.999652 0.726384 0.686862 0.0242258 0.68721 -0.726384 -0.0104319 0.773679 0.15035 0.50812\n-0.00645134 -0.501781 0.210601 0.707026 0.013696 -0.707055 -0.0117533 0.999902 0.00761572 0.70709 0.00292573 0.707118 0.714216 0.579115 0.714171\n0.00734446 -0.20578 0.269498 0.999975 0.00702102 0.000120352 -0.00702102 0.999388 0.0342729 0.000120352 -0.0342729 0.999413 0.674739 0.0362033 0.502014\n-0.00489187 -0.743686 -0.0417814 -0.0100945 -0.276555 -0.960945 0.989301 -0.14263 0.0306559 -0.145538 -0.950355 0.275036 0.462948 0.0856694 0.113797\n0.249879 -0.741031 0.210342 -0.96128 0.275311 -0.0120444 0.0187124 0.108817 0.993886 0.274939 0.955177 -0.109756 0.458912 0.0830426 0.118691\n-0.00308279 -0.740079 0.460189 -0.104475 -0.956653 -0.271847 0.994505 -0.0986569 -0.0350213 0.00668371 -0.274012 0.961703 0.119083 0.0813365 0.462742\n-0.254334 -0.744762 0.208425 0.951277 0.308331 0.00187395 0.000710565 -0.00826979 0.999966 0.308335 -0.951243 -0.00808595 0.458816 0.0714673 0.11059\nC 19\n0 1\n0 4\n0 3\n0 2\n1 3\n1 4\n2 4\n2 3\n3 8\n3 6\n3 7\n3 4\n3 5\n5 6\n5 7\n5 8\n6 7\n6 8\n7 8\nS 2\n2\n1 0.434702 0.0122003 0.130975\n2 -0.440669 0.014508 0.137263\n2\n-0.00298348 0.0133541 0.134119\n-0.999971 0.00263611 0.00718228\n4\n7 -0.00308279 -0.740079 0.460189\n8 -0.254334 -0.744762 0.208425\n5 -0.00489187 -0.743686 -0.0417814\n6 0.249879 -0.741031 0.210342\n3\n-0.00310736 -0.742389 0.209294\n0.00737306 -0.999947 0.00715693\nL 9\n0\n3\n3\n2\n1\n2\n2\n2\n2"
}