{
    "boxes": [
        [
            0.015565799549221992,
            -0.11850299686193466,
            0.11940799653530121,
            0.11275099962949753,
            0.6377480030059814,
            0.7392680048942566,
            0.00824091024696827,
            0.9996600151062012,
            -0.02473369985818863,
            0.00010193100024480373,
            0.02473369985818863,
            0.9996939897537231
        ],
        [
            -0.42039498686790466,
            0.1078990027308464,
            0.13615800440311432,
            0.46987101435661316,
            0.5676509737968445,
            0.0947221964597702,
            -0.4451749920845032,
            0.8945590257644653,
            0.039807599037885666,
            -0.1149279996752739,
            -0.10116899758577347,
            0.9882090091705322
        ],
        [
            -0.29887300729751587,
            -0.4622209966182709,
            -0.1992489993572235,
            0.5226789712905884,
            0.03523699939250946,
            0.04249180108308792,
            0.18273000419139862,
            0.9699569940567017,
            0.16060400009155273,
            -0.6669579744338989,
            0.0022764101158827543,
            0.74509197473526
        ],
        [
            -0.3510330021381378,
            -0.7190709710121155,
            -0.24822600185871124,
            0.018404299393296242,
            0.029225099831819534,
            0.03264860063791275,
            -0.01769299991428852,
            0.9997460246086121,
            -0.01398599985986948,
            -0.6691179871559143,
            -0.0014452800387516618,
            0.7431550025939941
        ],
        [
            -0.3907710015773773,
            -0.43424299359321594,
            0.48066601157188416,
            0.5884870290756226,
            0.039532698690891266,
            0.04286490008234978,
            0.17745999991893768,
            0.9592570066452026,
            -0.21985000371932983,
            0.6447929739952087,
            0.055435001850128174,
            0.7623440027236938
        ],
        [
            -0.4520600140094757,
            -0.7199100255966187,
            0.5473099946975708,
            0.0182987991720438,
            0.03260330110788345,
            0.029262199997901917,
            -0.006738860160112381,
            0.9996650218963623,
            -0.024977099150419235,
            -0.7071499824523926,
            0.012896399945020676,
            0.7069460153579712
        ],
        [
            0.005212000105530024,
            0.20273299515247345,
            -0.2614290118217468,
            0.47898998856544495,
            0.38529500365257263,
            0.8873980045318604,
            0.0,
            1.0,
            0.0,
            0.0,
            0.0,
            1.0
        ]
    ],
    "ops": [
        [
            0,
            0,
            2,
            1,
            0,
            0,
            1,
            0,
            0,
            1,
            1,
            2,
            1,
            0,
            1
        ]
    ],
    "syms": [
        [
            0.0,
            0.999567985534668,
            -0.02682269923388958,
            0.012027700431644917,
            -0.00010950800060527399,
            0.09662079811096191,
            0.1412149965763092,
            0.0
        ],
        [
            0.0,
            0.9999679923057556,
            0.006214189808815718,
            0.005035629961639643,
            0.002692990005016327,
            -0.4603469967842102,
            -0.19773100316524506,
            0.0
        ]
    ],
    "labels:": [
        [
            1,
            3,
            2,
            2,
            2,
            2,
            0
        ]
    ],
    "obj": 42238,
    "mat_index": 4644,
    "obbs": "N 12\n0.005212 0.202733 -0.261429 1 0 0 0 1 0 0 0 1 0.887398 0.47899 0.385295\n0.420176 0.0853427 0.146272 -0.459803 -0.882486 -0.0989876 0.88223 -0.441248 -0.164228 0.101251 -0.162842 0.981443 0.49297 0.0910911 0.565996\n-0.420395 0.107899 0.136158 0.114928 0.101169 -0.988209 0.888038 0.43535 0.147848 0.445175 -0.894559 -0.0398076 0.567651 0.0947222 0.469871\n0.0155658 -0.118503 0.119408 0.999966 -0.00824091 0.000101931 0.00824091 0.99966 -0.0247337 0.000101931 0.0247337 0.999694 0.739268 0.112751 0.637748\n-0.298873 -0.462221 -0.199249 0.666958 -0.00227641 -0.745092 0.722342 -0.243267 0.647336 -0.18273 -0.969957 -0.160604 0.035237 0.0424918 0.522679\n0.304259 -0.458473 -0.196212 0.18263 -0.968352 -0.170122 0.723271 0.249531 -0.643905 0.665977 -0.00544748 0.745952 0.532052 0.0457464 0.0317374\n0.400104 -0.435684 0.481522 -0.191198 0.961163 -0.19902 0.732 0.274708 0.623467 0.653926 -0.0264774 -0.756095 0.585776 0.0431758 0.0355903\n-0.390771 -0.434243 0.480666 -0.17746 -0.959257 0.21985 0.743471 -0.277044 -0.608685 0.644793 0.055435 0.762344 0.588487 0.0428649 0.0395327\n0.359571 -0.719074 -0.248255 0.706918 -0.0248412 -0.706859 0.0151623 0.999686 -0.0199685 0.707133 0.00339853 0.707073 0.0326639 0.0184612 0.0292214\n0.460637 -0.719919 0.547283 0.668955 -0.0307372 -0.742667 0.0114042 0.999451 -0.0310926 0.743215 0.0123301 0.668939 0.029188 0.0182977 0.0326106\n-0.45206 -0.71991 0.54731 -0.707031 -0.0224266 -0.706827 -0.00673886 0.999665 -0.0249771 0.70715 -0.0128964 -0.706946 0.0292622 0.0182988 0.0326033\n-0.351033 -0.719071 -0.248226 0.669118 0.00144528 -0.743155 -0.017693 0.999746 -0.013986 0.742946 0.022507 0.668973 0.0292251 0.0184043 0.0326486\nC 19\n0 1\n0 5\n0 4\n0 3\n0 2\n1 3\n1 5\n1 6\n2 7\n2 4\n2 3\n3 6\n3 7\n3 4\n3 5\n4 11\n5 8\n6 9\n7 10\nS 5\n2\n1 0.420176 0.0853427 0.146272\n2 -0.420395 0.107899 0.136158\n2\n-0.000109508 0.0966208 0.141215\n-0.999568 0.0268227 -0.0120277\n2\n4 -0.298873 -0.462221 -0.199249\n5 0.304259 -0.458473 -0.196212\n2\n0.00269299 -0.460347 -0.197731\n0.999968 0.00621419 0.00503563\n2\n6 0.400104 -0.435684 0.481522\n7 -0.390771 -0.434243 0.480666\n2\n0.00466632 -0.434964 0.481094\n-0.999998 0.0018227 -0.00108235\n2\n8 0.359571 -0.719074 -0.248255\n11 -0.351033 -0.719071 -0.248226\n2\n0.00426885 -0.719073 -0.248241\n-1 2.94404e-06 4.07881e-05\n2\n9 0.460637 -0.719919 0.547283\n10 -0.45206 -0.71991 0.54731\n2\n0.0042885 -0.719915 0.547296\n-1 1.03721e-05 2.92916e-05\nL 12\n0\n3\n3\n1\n2\n2\n2\n2\n2\n2\n2\n2"
}