{
    "boxes": [
        [
            -0.004946030210703611,
            -0.022477900609374046,
            0.41449299454689026,
            0.1861259937286377,
            1.1089799404144287,
            0.49951601028442383,
            -0.010669499635696411,
            0.9998670220375061,
            0.012309099547564983,
            6.567010132130235e-05,
            -0.012309099547564983,
            0.9999240040779114
        ],
        [
            -0.003991289995610714,
            -0.121567003428936,
            0.23452800512313843,
            0.11345300078392029,
            1.467229962348938,
            0.49981701374053955,
            -0.0073767597787082195,
            0.9988700151443481,
            -0.04695900157094002,
            -0.000173300999449566,
            0.04695900157094002,
            0.9988970160484314
        ],
        [
            -0.002716080052778125,
            0.0034254100173711777,
            -0.5090469717979431,
            0.3327159881591797,
            0.8772990107536316,
            0.49798300862312317,
            0.0037098100874572992,
            0.8996530175209045,
            0.4365899860858917,
            -0.0008526109741069376,
            -0.4365899860858917,
            0.8996599912643433
        ]
    ],
    "ops": [
        [
            0,
            0,
            1,
            0,
            1
        ]
    ],
    "syms": [
        [
            0.0,
            0.0,
            0.0,
            0.0,
            0.0,
            0.0,
            0.0,
            0.0
        ]
    ],
    "labels:": [
        [
            1,
            2,
            0
        ]
    ],
    "obj": 42295,
    "mat_index": 4677,
    "obbs": "N 3\n-0.00271608 0.00342541 -0.509047 0.999993 -0.00370981 -0.000852611 0.00370981 0.899653 0.43659 -0.000852611 -0.43659 0.89966 0.497983 0.332716 0.877299\n-0.00399129 -0.121567 0.234528 0.000173301 -0.046959 -0.998897 -0.00737676 0.99887 -0.046959 0.999973 0.00737676 -0.000173301 1.46723 0.113453 0.499817\n-0.00494603 -0.0224779 0.414493 -6.56701e-05 0.0123091 -0.999924 -0.0106695 0.999867 0.0123091 0.999943 0.0106695 6.56701e-05 1.10898 0.186126 0.499516\nC 3\n0 1\n0 2\n1 2\nS 0\nL 3\n0\n2\n1"
}