{
    "boxes": [
        [
            -0.0057219997979700565,
            -0.09957549721002579,
            0.14914199709892273,
            0.8309450149536133,
            0.991815984249115,
            0.9979239702224731,
            0.0,
            1.0,
            0.0,
            0.0,
            0.0,
            1.0
        ],
        [
            -0.4618400037288666,
            -0.013581500388681889,
            0.11280400305986404,
            0.517857015132904,
            1.0159000158309937,
            0.2435619980096817,
            0.0,
            1.0,
            0.0,
            0.0,
            0.0,
            1.0
        ],
        [
            -0.45249199867248535,
            -0.5995969772338867,
            0.5291399955749512,
            0.23473800718784332,
            0.1089010015130043,
            0.08334200084209442,
            0.0,
            1.0,
            0.0,
            0.0,
            0.0,
            1.0
        ],
        [
            -0.44685301184654236,
            -0.5903760194778442,
            -0.33328598737716675,
            0.254067987203598,
            0.09958670288324356,
            0.11433900147676468,
            0.01674260012805462,
            0.9477570056915283,
            0.31855401396751404,
            0.6517559885978699,
            -0.2519550025463104,
            0.7153559923171997
        ],
        [
            0.438275009393692,
            -0.5770080089569092,
            -0.31964901089668274,
            0.28114500641822815,
            0.11102999746799469,
            0.1075029969215393,
            0.007650489918887615,
            0.8904029726982117,
            0.45510900020599365,
            0.36497199535369873,
            -0.42621201276779175,
            0.8277310132980347
        ],
        [
            -0.3813540041446686,
            0.4209519922733307,
            -0.3275189995765686,
            0.7812709808349609,
            0.3300279974937439,
            0.18055500090122223,
            -0.10102199763059616,
            0.9928179979324341,
            -0.06408049911260605,
            -0.22391299903392792,
            0.04006829857826233,
            0.9737849831581116
        ],
        [
            -0.04182979837059975,
            0.44596099853515625,
            -0.3598940074443817,
            0.8580039739608765,
            0.19251400232315063,
            0.7931709885597229,
            0.03155110031366348,
            0.9765719771385193,
            -0.21286700665950775,
            -0.02583169937133789,
            0.21369799971580505,
            0.9765580296516418
        ],
        [
            -0.028586899861693382,
            -0.04035999998450279,
            -0.36345499753952026,
            0.465380996465683,
            0.022982100024819374,
            0.8310040235519409,
            -0.000847855000756681,
            0.9928600192070007,
            -0.11928199976682663,
            -0.0009558129822835326,
            0.11928100138902664,
            0.9928600192070007
        ]
    ],
    "ops": [
        [
            0,
            0,
            2,
            1,
            0,
            2,
            0,
            0,
            1,
            1,
            1,
            0,
            2,
            0,
            0,
            1,
            1,
            1
        ]
    ],
    "syms": [
        [
            0.0,
            0.9997509717941284,
            -0.017315000295639038,
            0.014041399583220482,
            -0.006640249863266945,
            -0.021465200930833817,
            0.11919700354337692,
            0.0
        ],
        [
            0.0,
            0.9999229907989502,
            0.011319699697196484,
            0.005063360091298819,
            -0.01181070040911436,
            -0.5946080088615417,
            0.531370997428894,
            0.0
        ],
        [
            0.0,
            0.9999769926071167,
            0.004520560149103403,
            -0.005083390045911074,
            -0.0071496800519526005,
            0.4226430058479309,
            -0.3294210135936737,
            0.0
        ]
    ],
    "labels:": [
        [
            1,
            3,
            2,
            2,
            2,
            0,
            0,
            0
        ]
    ],
    "obj": 42306,
    "mat_index": 4684,
    "obbs": "N 11\n-0.0418298 0.445961 -0.359894 -0.999168 0.0253128 -0.0319689 -0.0258317 0.213698 0.976558 0.0315511 0.976572 -0.212867 0.793171 0.192514 0.858004\n-0.46184 -0.0135815 0.112804 1 0 0 0 1 0 0 0 1 0.243562 0.517857 1.0159\n0.448559 -0.029349 0.12559 1 0 0 0 1 0 0 0 1 0.247235 0.497606 1.03785\n-0.005722 -0.0995755 0.149142 1 0 0 0 1 0 0 0 1 0.997924 0.830945 0.991816\n0.367055 0.424335 -0.331324 -0.0692031 -0.994915 0.0731849 0.948496 -0.0883524 -0.304218 0.309137 0.0483627 0.949787 0.791624 0.164189 0.340352\n-0.381354 0.420952 -0.327519 0.223913 -0.0400683 -0.973785 0.969359 0.112722 0.218257 0.101022 -0.992818 0.0640805 0.330028 0.180555 0.781271\n-0.0285869 -0.04036 -0.363455 0.999999 0.000955813 0.000847855 -0.000955813 0.119281 0.99286 0.000847855 -0.99286 0.119282 0.831004 0.0229821 0.465381\n-0.446853 -0.590376 -0.333286 0.0167426 0.947757 0.318554 0.651756 -0.251955 0.715356 0.758244 0.195643 -0.621924 0.254068 0.0995867 0.114339\n0.438275 -0.577008 -0.319649 -0.00765049 -0.890403 -0.455109 0.930987 0.159769 -0.328232 0.364972 -0.426212 0.827731 0.281145 0.107503 0.11103\n0.428871 -0.589619 0.533602 1 0 0 0 1 0 0 0 1 0.107249 0.252247 0.117821\n-0.452492 -0.599597 0.52914 1 0 0 0 1 0 0 0 1 0.083342 0.234738 0.108901\nC 27\n0 2\n0 3\n0 4\n0 5\n0 1\n0 6\n1 3\n1 6\n1 5\n1 10\n1 7\n2 8\n2 9\n2 6\n2 3\n2 4\n3 7\n3 10\n3 6\n3 9\n3 5\n3 8\n3 4\n4 6\n5 6\n6 7\n6 8\nS 3\n2\n1 -0.46184 -0.0135815 0.112804\n2 0.448559 -0.029349 0.12559\n2\n-0.00664025 -0.0214652 0.119197\n0.999751 -0.017315 0.0140414\n2\n4 0.367055 0.424335 -0.331324\n5 -0.381354 0.420952 -0.327519\n2\n-0.00714968 0.422643 -0.329421\n-0.999977 -0.00452056 0.00508339\n2\n9 0.428871 -0.589619 0.533602\n10 -0.452492 -0.599597 0.52914\n2\n-0.0118107 -0.594608 0.531371\n-0.999923 -0.0113197 -0.00506336\nL 11\n0\n3\n3\n1\n0\n0\n0\n2\n2\n2\n2"
}