{
    "boxes": [
        [
            0.0046350001357495785,
            -0.07505550235509872,
            0.10065899789333344,
            0.07770899683237076,
            0.677541971206665,
            0.6595240235328674,
            0.0,
            1.0,
            0.0,
            0.0,
            0.0,
            1.0
        ],
        [
            -0.26607298851013184,
            -0.48946401476860046,
            0.3761270046234131,
            0.8070679903030396,
            0.0643559992313385,
            0.05631700158119202,
            0.0,
            1.0,
            0.0,
            0.0,
            0.0,
            1.0
        ],
        [
            -0.0025497900787740946,
            -0.21999800205230713,
            -0.20120300352573395,
            0.3069609999656677,
            0.062355101108551025,
            0.5028570294380188,
            0.0026987099554389715,
            0.990975022315979,
            -0.13401900231838226,
            0.003088240046054125,
            0.13401000201702118,
            0.990975022315979
        ],
        [
            0.26806899905204773,
            -0.49236398935317993,
            -0.1987690031528473,
            0.8009300231933594,
            0.057697199285030365,
            0.04827440157532692,
            -0.016575999557971954,
            0.9998369812965393,
            0.00708662997931242,
            -0.00708662997931242,
            -0.007204909808933735,
            0.9999489784240723
        ],
        [
            0.274370014667511,
            -0.4887079894542694,
            0.37897399067878723,
            0.808318018913269,
            0.06129569932818413,
            0.05039360001683235,
            -0.0053564500994980335,
            0.9999600052833557,
            -0.0071372101083397865,
            0.4146530032157898,
            0.008715829811990261,
            0.9099379777908325
        ],
        [
            -0.2763209939002991,
            -0.22790099680423737,
            0.0902813971042633,
            0.31310099363327026,
            0.5266680121421814,
            0.05342629924416542,
            -0.17666000127792358,
            0.9841840267181396,
            0.013140199705958366,
            -0.013140199705958366,
            -0.01570720039308071,
            0.9997900128364563
        ],
        [
            0.2757120132446289,
            0.2572129964828491,
            -0.20326000452041626,
            0.7310569882392883,
            0.07188759744167328,
            0.05510329827666283,
            0.05942149832844734,
            0.9972720146179199,
            -0.043796099722385406,
            -0.29898399114608765,
            0.05963980033993721,
            0.9523929953575134
        ],
        [
            0.0042802998796105385,
            0.5841889977455139,
            -0.21627700328826904,
            0.16707099974155426,
            0.14591099321842194,
            0.775862991809845,
            0.006376029923558235,
            0.9861860275268555,
            -0.16551999747753143,
            0.007535180076956749,
            0.16547100245952606,
            0.9861860275268555
        ],
        [
            0.002283999929204583,
            0.22206999361515045,
            -0.23073500394821167,
            0.5988630056381226,
            0.017964499071240425,
            0.0534777007997036,
            -0.0036402600817382336,
            0.9999799728393555,
            0.005250200163573027,
            -0.0036211800761520863,
            -0.005263379774987698,
            0.9999799728393555
        ]
    ],
    "ops": [
        [
            0,
            0,
            0,
            2,
            1,
            0,
            2,
            0,
            0,
            2,
            1,
            1,
            1,
            1,
            0,
            2,
            0,
            0,
            2,
            1,
            1,
            1
        ]
    ],
    "syms": [
        [
            0.0,
            0.011687199585139751,
            -0.023346299305558205,
            0.99965900182724,
            0.0009319760138168931,
            -0.22695299983024597,
            0.09660889953374863,
            0.0
        ],
        [
            0.0,
            0.9998689889907837,
            0.0038323900662362576,
            -0.015733899548649788,
            -0.0029468799475580454,
            -0.49340298771858215,
            -0.1945039927959442,
            0.0
        ],
        [
            0.0,
            0.9999359846115112,
            -0.0037018998991698027,
            0.010648299939930439,
            0.008403359912335873,
            -0.2289550006389618,
            0.09331340342760086,
            0.0
        ],
        [
            0.0,
            0.999422013759613,
            0.03050529956817627,
            -0.01499900035560131,
            0.0007338289869949222,
            0.2488200068473816,
            -0.1991329938173294,
            0.0
        ],
        [
            1.0,
            0.181380495429039,
            0.10858149826526642,
            -0.1116499975323677,
            0.12214399874210358,
            0.2159699946641922,
            -0.2241780012845993,
            0.3333333432674408
        ]
    ],
    "labels:": [
        [
            1,
            2,
            2,
            2,
            2,
            2,
            0,
            0,
            0
        ]
    ],
    "obj": 42321,
    "mat_index": 4696,
    "obbs": "N 15\n0.0042803 0.584189 -0.216277 0.999951 -0.00753518 -0.00637603 0.00753518 0.165471 0.986186 -0.00637603 -0.986186 0.16552 0.775863 0.145911 0.167071\n0.004635 -0.0750555 0.100659 1 0 0 0 1 0 0 0 1 0.659524 0.077709 0.677542\n-0.118473 0.214777 -0.225056 -0.0559744 0.998419 0.00505192 -0.00362499 -0.00526304 0.99998 0.998426 0.0559549 0.00391385 0.603311 0.0179644 0.0542717\n0.002284 0.22207 -0.230735 0.999987 0.00362118 0.00364026 -0.00362118 -0.00526338 0.99998 0.00364026 -0.99998 -0.0052502 0.0534777 0.0179645 0.598863\n0.122144 0.21597 -0.224178 -0.00364357 0.99998 0.00525021 -0.00362447 -0.00526341 0.99998 0.999987 0.00362447 0.00364357 0.597756 0.0179644 0.0617307\n-0.00254979 -0.219998 -0.201203 0.999992 -0.00308824 -0.00269871 0.00308824 0.13401 0.990975 -0.00269871 -0.990975 0.134019 0.502857 0.0623551 0.306961\n0.293128 -0.230009 0.0963454 0.0187629 0.0157023 -0.999701 0.984204 -0.176342 0.0157023 -0.176043 -0.984204 -0.0187629 0.526802 0.0534047 0.309069\n0.00441374 -0.233908 0.394421 0.999634 0.0170131 0.0210303 -0.0170131 -0.209006 0.977766 0.0210303 -0.977766 -0.20864 0.503335 0.0622234 0.307963\n-0.276321 -0.227901 0.0902814 0.0131402 0.0157072 -0.99979 0.984184 0.17645 0.0157072 0.17666 -0.984184 -0.0131402 0.526668 0.0534263 0.313101\n-0.273962 -0.494442 -0.19024 1 0 0 0 1 0 0 0 1 0.050803 0.796377 0.060061\n0.268069 -0.492364 -0.198769 0.016576 -0.999837 -0.00708663 0.999837 0.0165249 0.00720491 -0.00708663 -0.00720491 0.999949 0.80093 0.0482744 0.0576972\n0.27437 -0.488708 0.378974 0.00535645 -0.99996 0.00713721 0.909964 0.00191458 -0.414683 0.414653 0.00871583 0.909938 0.808318 0.0503936 0.0612957\n-0.266073 -0.489464 0.376127 1 0 0 0 1 0 0 0 1 0.056317 0.807068 0.064356\n-0.274244 0.240426 -0.195006 0.0411318 -0.998985 0.018354 0.991062 0.0384587 -0.127738 0.126902 0.023444 0.991638 0.690116 0.0513128 0.0719442\n0.275712 0.257213 -0.20326 0.298984 -0.0596398 -0.952393 0.952406 -0.0434983 0.301712 -0.0594215 -0.997272 0.0437961 0.0718876 0.0551033 0.731057\nC 52\n0 14\n0 2\n0 3\n0 4\n0 13\n1 3\n1 6\n1 11\n1 2\n1 14\n1 5\n1 10\n1 13\n1 4\n1 9\n1 12\n1 8\n1 7\n2 8\n2 5\n2 9\n2 13\n2 3\n2 4\n3 14\n3 10\n3 13\n3 9\n3 5\n3 4\n4 10\n4 5\n4 14\n4 6\n5 9\n5 6\n5 13\n5 8\n5 10\n5 14\n6 14\n6 7\n6 10\n6 11\n7 12\n7 11\n7 8\n8 13\n8 9\n8 12\n9 13\n10 14\nS 5\n3\n2 -0.118473 0.214777 -0.225056\n3 0.002284 0.22207 -0.230735\n4 0.122144 0.21597 -0.224178\n1\n0 0 0\n0 0 0\n2\n6 0.293128 -0.230009 0.0963454\n8 -0.276321 -0.227901 0.0902814\n2\n0.00840336 -0.228955 0.0933134\n-0.999936 0.0037019 -0.0106483\n2\n5 -0.00254979 -0.219998 -0.201203\n7 0.00441374 -0.233908 0.394421\n2\n0.000931976 -0.226953 0.0966089\n0.0116872 -0.0233463 0.999659\n2\n9 -0.273962 -0.494442 -0.19024\n10 0.268069 -0.492364 -0.198769\n2\n-0.00294688 -0.493403 -0.194504\n0.999869 0.00383239 -0.0157339\n2\n13 -0.274244 0.240426 -0.195006\n14 0.275712 0.257213 -0.20326\n2\n0.000733829 0.24882 -0.199133\n0.999422 0.0305053 -0.014999\nL 15\n0\n1\n0\n0\n0\n2\n2\n2\n2\n2\n2\n2\n2\n0\n0"
}