{
    "boxes": [
        [
            0.00023418200726155192,
            -0.0646044984459877,
            0.14966799318790436,
            0.24272499978542328,
            0.8772150278091431,
            0.8546890020370483,
            0.0014457199722528458,
            0.9997109770774841,
            -0.0240068007260561,
            0.05235319957137108,
            0.023898199200630188,
            0.9983429908752441
        ],
        [
            0.35322099924087524,
            0.22264300286769867,
            -0.1602659970521927,
            0.47166699171066284,
            0.08991820365190506,
            0.10059600323438644,
            0.4869140088558197,
            0.6811580061912537,
            0.5467529892921448,
            -0.39237600564956665,
            -0.3886739909648895,
            0.8336510062217712
        ],
        [
            0.5051169991493225,
            0.3510259985923767,
            0.07407250255346298,
            0.081256203353405,
            0.3499029874801636,
            0.1201770007610321,
            -0.04391000047326088,
            0.9989100098609924,
            -0.015842100605368614,
            0.1559399962425232,
            0.022516099736094475,
            0.9875100255012512
        ],
        [
            0.019742000848054886,
            -0.4856570065021515,
            0.04782789945602417,
            0.5859479904174805,
            0.19141200184822083,
            0.2694219946861267,
            0.2833839952945709,
            0.9545930027961731,
            0.09190399944782257,
            -0.32009801268577576,
            0.0038161498960107565,
            0.9473770260810852
        ],
        [
            0.16813400387763977,
            -0.6276860237121582,
            -0.23031599819660187,
            0.0844608023762703,
            0.5432149767875671,
            0.08676289767026901,
            0.15689200162887573,
            0.9597390294075012,
            -0.2329919934272766,
            -0.5221549868583679,
            0.2808530032634735,
            0.8052800297737122
        ],
        [
            0.2804589867591858,
            -0.750531017780304,
            -0.40013599395751953,
            0.1361510008573532,
            0.11706999689340591,
            0.09050449728965759,
            0.03571069985628128,
            0.9962679743766785,
            -0.07857780158519745,
            -0.5599079728126526,
            0.08507400006055832,
            0.8241750001907349
        ],
        [
            -0.024122700095176697,
            0.09838449954986572,
            -0.28835099935531616,
            0.1085129976272583,
            0.10108300298452377,
            0.536607027053833,
            0.0014503400307148695,
            0.9999960064888,
            -0.002242299960926175,
            0.053902700543403625,
            0.0021608599927276373,
            0.9985439777374268
        ],
        [
            -0.020765600726008415,
            0.46464699506759644,
            -0.24665500223636627,
            0.7975320219993591,
            0.27405500411987305,
            0.7869560122489929,
            -0.0005375689943321049,
            0.9843389987945557,
            -0.17628400027751923,
            0.061882998794317245,
            0.17597900331020355,
            0.9824470281600952
        ],
        [
            -0.030064299702644348,
            0.020853299647569656,
            -0.218516007065773,
            0.41912901401519775,
            0.19944000244140625,
            0.813726007938385,
            0.052484698593616486,
            0.9928489923477173,
            -0.10721799731254578,
            0.058367498219013214,
            0.1041330024600029,
            0.9928489923477173
        ]
    ],
    "ops": [
        [
            0,
            0,
            0,
            1,
            2,
            1,
            0,
            0,
            0,
            1,
            2,
            1,
            1,
            0,
            0,
            0,
            1,
            1,
            1
        ]
    ],
    "syms": [
        [
            0.0,
            0.9987779855728149,
            -0.002767649944871664,
            -0.04934430122375488,
            -0.01736689917743206,
            0.22367000579833984,
            -0.14195799827575684,
            0.0
        ],
        [
            -1.0,
            0.013735899701714516,
            0.9999060034751892,
            -0.00043926999205723405,
            -0.0013942300574854016,
            -0.6214020252227783,
            0.03610749915242195,
            0.20000000298023224
        ]
    ],
    "labels:": [
        [
            1,
            3,
            3,
            2,
            2,
            2,
            0,
            0,
            0
        ]
    ],
    "obj": 42332,
    "mat_index": 4702,
    "obbs": "N 19\n-0.0207656 0.464647 -0.246655 0.998083 -0.0103809 -0.0610084 0.061883 0.175979 0.982447 0.000537569 -0.984339 0.176284 0.786956 0.274055 0.797532\n0.019742 -0.485657 0.0478279 -0.904008 0.297889 -0.306645 -0.320098 0.00381615 0.947377 0.283384 0.954593 0.091904 0.269422 0.191412 0.585948\n0.168134 -0.627686 -0.230316 -0.838296 0.00468409 -0.545196 0.156892 0.959739 -0.232992 0.522155 -0.280853 -0.80528 0.0867629 0.0844608 0.543215\n0.311007 -0.620336 0.11332 0.344237 0.767528 -0.540742 -0.0291697 0.584407 0.810936 0.938429 -0.263381 0.223563 0.0919675 0.0964468 0.536474\n0.0136682 -0.626192 0.357278 0.961998 0.270132 0.0398587 -0.270132 0.920192 0.28333 0.0398587 -0.28333 0.958194 0.0888425 0.0876271 0.541096\n-0.301083 -0.614716 0.150997 0.901386 0.25598 -0.349252 0.432982 -0.52279 0.734314 0.00538408 -0.81312 -0.582071 0.546668 0.0896946 0.0939049\n-0.198697 -0.618077 -0.210742 -0.599401 -0.265035 -0.755298 -0.491161 0.866852 0.0856038 0.632044 0.422284 -0.649767 0.549926 0.0899039 0.083022\n0.000234182 -0.0646045 0.149668 0.998628 -0.00270016 -0.0523035 0.00144572 0.999711 -0.0240068 0.0523532 0.0238982 0.998343 0.854689 0.242725 0.877215\n-0.387955 0.224697 -0.123649 0.418536 -0.672977 -0.60986 0.711845 0.660098 -0.239888 0.564007 -0.333724 0.755331 0.472115 0.0996889 0.0885433\n0.353221 0.222643 -0.160266 -0.486914 -0.681158 -0.546753 0.780357 -0.620449 0.0780193 -0.392376 -0.388674 0.833651 0.471667 0.100596 0.0899182\n-0.509272 0.369115 0.13357 0.044767 -0.0652276 -0.996866 0.22883 0.972005 -0.0533247 0.972436 -0.225726 0.0584398 0.361941 0.0936252 0.131634\n0.505117 0.351026 0.0740725 0.98679 0.0408912 -0.156759 -0.04391 0.99891 -0.0158421 0.15594 0.0225161 0.98751 0.120177 0.0812562 0.349903\n-0.33148 -0.750238 -0.366943 -0.629901 -0.111219 -0.768671 0.772865 0.00815807 -0.634518 0.0768411 -0.993762 0.0808183 0.115994 0.088973 0.136025\n-0.488777 -0.7508 0.225212 0.940141 0.0808531 -0.331056 0.331529 0.0078914 0.943412 0.0788903 -0.996695 -0.0193861 0.117555 0.0909983 0.136105\n0.280459 -0.750531 -0.400136 0.559908 -0.085074 -0.824175 0.827785 0.0145645 0.560857 -0.0357107 -0.996268 0.0785778 0.11707 0.0905045 0.136151\n0.501215 -0.751059 0.171624 0.0804919 0.996404 0.0264563 -0.27803 -0.00304487 0.960568 0.957194 -0.0846735 0.276785 0.135778 0.0901054 0.117018\n0.0259959 -0.751534 0.558248 -0.0307094 -0.993814 -0.106728 0.998483 -0.02562 -0.0487345 0.0456986 -0.108063 0.993093 0.136504 0.0904565 0.116196\n-0.0300643 0.0208533 -0.218516 0.996915 -0.0583675 -0.0524847 0.0583675 0.104133 0.992849 -0.0524847 -0.992849 0.107218 0.813726 0.19944 0.419129\n-0.0241227 0.0983845 -0.288351 0.998545 -0.00156909 -0.0538994 0.0539027 0.00216086 0.998544 -0.00145034 -0.999996 0.0022423 0.536607 0.101083 0.108513\nC 43\n0 7\n0 10\n0 17\n0 11\n0 18\n0 8\n0 9\n1 3\n1 17\n1 6\n1 2\n1 5\n1 4\n1 7\n2 5\n2 6\n2 3\n2 14\n2 4\n3 15\n3 6\n3 5\n3 4\n4 5\n4 16\n4 6\n5 6\n5 13\n6 12\n7 10\n7 18\n7 8\n7 9\n7 17\n8 10\n8 17\n8 18\n9 18\n9 11\n9 17\n10 17\n11 17\n17 18\nS 4\n5\n5 -0.301083 -0.614716 0.150997\n6 -0.198697 -0.618077 -0.210742\n2 0.168134 -0.627686 -0.230316\n3 0.311007 -0.620336 0.11332\n4 0.0136682 -0.626192 0.357278\n3\n-0.00139423 -0.621402 0.0361075\n-0.0137359 -0.999906 0.00043927\n2\n8 -0.387955 0.224697 -0.123649\n9 0.353221 0.222643 -0.160266\n2\n-0.0173669 0.22367 -0.141958\n0.998778 -0.00276765 -0.0493443\n2\n10 -0.509272 0.369115 0.13357\n11 0.505117 0.351026 0.0740725\n2\n-0.00207762 0.36007 0.103821\n0.998126 -0.0177982 -0.0585438\n5\n16 0.0259959 -0.751534 0.558248\n13 -0.488777 -0.7508 0.225212\n12 -0.33148 -0.750238 -0.366943\n14 0.280459 -0.750531 -0.400136\n15 0.501215 -0.751059 0.171624\n3\n-0.00251739 -0.750832 0.037601\n0.000338317 -0.999999 -0.00101736\nL 19\n0\n2\n2\n2\n2\n2\n2\n1\n3\n3\n3\n3\n2\n2\n2\n2\n2\n0\n0"
}