{
    "boxes": [
        [
            -0.010103000327944756,
            -0.021564999595284462,
            0.15458199381828308,
            0.14797799289226532,
            0.6755449771881104,
            0.7745100259780884,
            0.0,
            1.0,
            0.0,
            0.0,
            0.0,
            1.0
        ],
        [
            -0.33456501364707947,
            -0.41143798828125,
            0.49067801237106323,
            0.7298759818077087,
            0.037648700177669525,
            0.12596000730991364,
            0.0005564140155911446,
            0.9992849826812744,
            -0.03781380131840706,
            0.0005778680206276476,
            0.037813398987054825,
            0.9992849826812744
        ],
        [
            -0.3403779864311218,
            -0.4148319959640503,
            -0.26393499970436096,
            0.7294589877128601,
            0.05466189980506897,
            0.12221799790859222,
            -0.013928799889981747,
            0.9943150281906128,
            0.10556399822235107,
            -0.012527200393378735,
            -0.1057400032877922,
            0.9943150281906128
        ],
        [
            -0.010143100284039974,
            0.35152900218963623,
            -0.27942198514938354,
            0.7616220116615295,
            0.08933459967374802,
            0.7754489779472351,
            -0.001885380013845861,
            0.9712600111961365,
            -0.23801499605178833,
            -0.002403189893811941,
            0.2380100041627884,
            0.9712600111961365
        ]
    ],
    "ops": [
        [
            0,
            0,
            0,
            1,
            2,
            1,
            0,
            1
        ]
    ],
    "syms": [
        [
            0.0,
            1.0,
            0.0006394570227712393,
            0.00018364199786446989,
            -0.009826350025832653,
            -0.41123101115226746,
            0.4907369911670685,
            0.0
        ]
    ],
    "labels:": [
        [
            1,
            2,
            2,
            0
        ]
    ],
    "obj": 42358,
    "mat_index": 4719,
    "obbs": "N 6\n-0.0101431 0.351529 -0.279422 0.999995 0.00240319 0.00188538 -0.00240319 0.23801 0.97126 0.00188538 -0.97126 0.238015 0.775449 0.0893346 0.761622\n-0.010103 -0.021565 0.154582 1 0 0 0 1 0 0 0 1 0.77451 0.147978 0.675545\n0.314912 -0.411023 0.490797 -0.99839 -0.00441654 -0.0565427 -0.056688 0.0470214 0.997284 -0.00174583 0.998884 -0.0471961 0.125043 0.0409652 0.730461\n-0.334565 -0.411438 0.490678 1 -0.000577868 -0.000556414 0.000577868 0.0378134 0.999285 -0.000556414 -0.999285 0.0378138 0.12596 0.0376487 0.729876\n-0.340378 -0.414832 -0.263935 -0.0139288 0.994315 0.105564 -0.0125272 -0.10574 0.994315 0.999825 0.0125272 0.0139288 0.729459 0.0546619 0.122218\n0.319977 -0.412091 -0.26113 -0.0117706 0.993968 0.109034 -0.0105494 -0.109159 0.993968 0.999875 0.0105494 0.0117706 0.735484 0.0613837 0.120643\nC 7\n0 1\n0 5\n0 4\n1 2\n1 3\n1 4\n1 5\nS 2\n2\n2 0.314912 -0.411023 0.490797\n3 -0.334565 -0.411438 0.490678\n2\n-0.00982635 -0.411231 0.490737\n-1 -0.000639457 -0.000183642\n2\n4 -0.340378 -0.414832 -0.263935\n5 0.319977 -0.412091 -0.26113\n2\n-0.0102003 -0.413462 -0.262532\n0.999982 0.00415038 0.00424783\nL 6\n0\n1\n2\n2\n2\n2"
}