{
    "boxes": [
        [
            0.010087200440466404,
            -0.1068120002746582,
            0.11773700267076492,
            0.31457099318504333,
            0.9324169754981995,
            0.7596259713172913,
            -0.002330190036445856,
            0.9992750287055969,
            0.03800370171666145,
            4.429399996297434e-05,
            -0.03800370171666145,
            0.9992780089378357
        ],
        [
            -0.42757201194763184,
            0.32730400562286377,
            -0.01121750008314848,
            0.36616599559783936,
            1.262030005455017,
            0.13526099920272827,
            -0.005430589895695448,
            0.9328569769859314,
            0.3602060079574585,
            -2.559570020821411e-05,
            -0.36021101474761963,
            0.9328709840774536
        ],
        [
            0.0151675995439291,
            -0.03567580133676529,
            0.49740201234817505,
            0.1363680064678192,
            0.06284140050411224,
            0.790444016456604,
            0.0033429099712520838,
            0.9860939979553223,
            -0.16615299880504608,
            0.0039532799273729324,
            0.16614000499248505,
            0.9860939979553223
        ],
        [
            0.44804200530052185,
            -0.2873220145702362,
            0.47843998670578003,
            0.5331249833106995,
            0.16097399592399597,
            0.13328799605369568,
            0.0,
            1.0,
            0.0,
            0.0,
            0.0,
            1.0
        ],
        [
            -0.43683499097824097,
            -0.5477030277252197,
            -0.12318000197410583,
            0.09166400134563446,
            1.1321500539779663,
            0.11493799835443497,
            0.0,
            1.0,
            0.0,
            0.0,
            0.0,
            1.0
        ],
        [
            0.010585599578917027,
            0.31225401163101196,
            -0.5158159732818604,
            0.7631980180740356,
            0.08231409639120102,
            0.784076988697052,
            -0.0028021500911563635,
            0.8866329789161682,
            -0.4624660015106201,
            -0.0046219900250434875,
            0.4624519944190979,
            0.8866329789161682
        ]
    ],
    "ops": [
        [
            0,
            0,
            2,
            1,
            0,
            0,
            0,
            1,
            2,
            1,
            1,
            0,
            1
        ]
    ],
    "syms": [
        [
            0.0,
            0.9999899864196777,
            0.0027760800439864397,
            -0.003467869944870472,
            0.010731199756264687,
            0.3285199999809265,
            -0.012737499549984932,
            0.0
        ],
        [
            0.0,
            0.9997410178184509,
            0.009588399901986122,
            -0.0206620991230011,
            0.004333159886300564,
            -0.2915779948234558,
            0.48761001229286194,
            0.0
        ]
    ],
    "labels:": [
        [
            1,
            3,
            2,
            2,
            2,
            0
        ]
    ],
    "obj": 42364,
    "mat_index": 4723,
    "obbs": "N 9\n0.0105856 0.312254 -0.515816 0.999985 0.00462199 0.00280215 -0.00462199 0.462452 0.886633 0.00280215 -0.886633 0.462466 0.784077 0.0823141 0.763198\n0.449034 0.329737 -0.0142575 -0.0135441 -0.937359 -0.3481 0.999887 -0.0104221 -0.0108396 0.00653267 -0.348208 0.937395 0.356886 0.14161 1.25575\n-0.427572 0.327304 -0.0112175 0.00543059 -0.932857 -0.360206 0.999985 0.00505682 0.00198004 -2.55957e-05 -0.360211 0.932871 0.366166 0.135261 1.26203\n0.0100872 -0.106812 0.117737 0.999997 0.00233019 4.4294e-05 -0.00233019 0.999275 0.0380037 4.4294e-05 -0.0380037 0.999278 0.759626 0.314571 0.932417\n0.0151676 -0.0356758 0.497402 0.999987 -0.00395328 -0.00334291 0.00395328 0.16614 0.986094 -0.00334291 -0.986094 0.166153 0.790444 0.0628414 0.136368\n0.448042 -0.287322 0.47844 1 0 0 0 1 0 0 0 1 0.133288 0.533125 0.160974\n-0.439376 -0.295834 0.496781 0.0290818 0.987158 0.15708 -0.109263 -0.153065 0.982157 0.993587 -0.0457258 0.103408 0.527746 0.142069 0.137477\n0.457217 -0.552287 -0.119712 1 0 0 0 1 0 0 0 1 0.114937 0.082789 1.1395\n-0.436835 -0.547703 -0.12318 1 0 0 0 1 0 0 0 1 0.114938 0.091664 1.13215\nC 18\n0 1\n0 3\n0 2\n1 3\n1 4\n1 5\n2 6\n2 3\n2 4\n3 8\n3 6\n3 7\n3 4\n3 5\n4 6\n4 5\n5 7\n6 8\nS 3\n2\n1 0.449034 0.329737 -0.0142575\n2 -0.427572 0.327304 -0.0112175\n2\n0.0107312 0.32852 -0.0127375\n-0.99999 -0.00277608 0.00346787\n2\n5 0.448042 -0.287322 0.47844\n6 -0.439376 -0.295834 0.496781\n2\n0.00433316 -0.291578 0.48761\n-0.999741 -0.0095884 0.0206621\n2\n7 0.457217 -0.552287 -0.119712\n8 -0.436835 -0.547703 -0.12318\n2\n0.0101913 -0.549995 -0.121446\n-0.999979 0.00512655 -0.00387945\nL 9\n0\n3\n3\n1\n2\n2\n2\n2\n2"
}