{
    "boxes": [
        [
            -0.002587999915704131,
            -0.029895499348640442,
            0.12747299671173096,
            0.2493010014295578,
            1.017930030822754,
            0.8735859990119934,
            0.0,
            1.0,
            0.0,
            0.0,
            0.0,
            1.0
        ],
        [
            0.430061012506485,
            0.07898840308189392,
            -0.1765419989824295,
            0.2637990117073059,
            0.3888939917087555,
            0.03411459922790527,
            0.12008900195360184,
            0.9926319718360901,
            -0.016150599345564842,
            0.016150599345564842,
            0.014312800019979477,
            0.999767005443573
        ],
        [
            0.4673590064048767,
            0.23542800545692444,
            0.1247050017118454,
            0.10376500338315964,
            1.012760043144226,
            0.16710300743579865,
            0.0,
            1.0,
            0.0,
            0.0,
            0.0,
            1.0
        ],
        [
            -0.4738979935646057,
            0.24456700682640076,
            0.1248060017824173,
            0.07985720038414001,
            1.0125499963760376,
            0.1673090010881424,
            -0.006011779885739088,
            0.9999809861183167,
            0.0013240199768915772,
            3.97988014810835e-06,
            -0.0013240199768915772,
            0.9999989867210388
        ],
        [
            -0.4372439980506897,
            0.0912851020693779,
            -0.17053699493408203,
            0.23689399659633636,
            0.32722800970077515,
            0.03274320065975189,
            -0.023613600060343742,
            0.99965500831604,
            -0.011467499658465385,
            0.011467499658465385,
            0.011740799993276596,
            0.9998649954795837
        ],
        [
            -0.0069725001230835915,
            -0.3847210109233856,
            0.03787099942564964,
            0.5054010152816772,
            0.23950199782848358,
            0.2564469873905182,
            0.0,
            1.0,
            0.0,
            0.0,
            0.0,
            1.0
        ],
        [
            -0.0034554998856037855,
            -0.6185969710350037,
            0.1239830031991005,
            0.09747199714183807,
            1.0088200569152832,
            0.8168429732322693,
            0.0,
            1.0,
            0.0,
            0.0,
            0.0,
            1.0
        ],
        [
            -0.00825108028948307,
            0.4342289865016937,
            -0.3200269937515259,
            0.8108350038528442,
            0.24164900183677673,
            0.91600102186203,
            0.002166090067476034,
            0.9898809790611267,
            -0.1418830007314682,
            0.002498690038919449,
            0.14187799394130707,
            0.9898809790611267
        ]
    ],
    "ops": [
        [
            0,
            0,
            0,
            1,
            0,
            0,
            1,
            1,
            1,
            0,
            0,
            1,
            1,
            0,
            1
        ]
    ],
    "syms": [
        [
            0.0,
            0.0,
            0.0,
            0.0,
            0.0,
            0.0,
            0.0,
            0.0
        ]
    ],
    "labels:": [
        [
            1,
            3,
            3,
            3,
            3,
            2,
            2,
            0
        ]
    ],
    "obj": 42397,
    "mat_index": 4741,
    "obbs": "N 8\n-0.00825108 0.434229 -0.320027 0.999995 -0.00249869 -0.00216609 0.00249869 0.141878 0.989881 -0.00216609 -0.989881 0.141883 0.916001 0.241649 0.810835\n0.430061 0.0789884 -0.176542 -0.0161506 -0.0143128 -0.999767 0.992632 -0.120322 -0.0143128 -0.120089 -0.992632 0.0161506 0.388894 0.0341146 0.263799\n-0.473898 0.244567 0.124806 0.999982 0.00601178 3.97988e-06 -0.00601178 0.999981 0.00132402 3.97988e-06 -0.00132402 0.999999 0.167309 0.0798572 1.01255\n-0.002588 -0.0298955 0.127473 1 0 0 0 1 0 0 0 1 0.873586 0.249301 1.01793\n-0.0069725 -0.384721 0.037871 1 0 0 0 1 0 0 0 1 0.256447 0.505401 0.239502\n0.467359 0.235428 0.124705 1 0 0 0 1 0 0 0 1 0.167103 0.103765 1.01276\n-0.437244 0.0912851 -0.170537 0.0236136 -0.999655 0.0114675 0.999655 0.0234789 -0.0117408 0.0114675 0.0117408 0.999865 0.236894 0.0327432 0.327228\n-0.0034555 -0.618597 0.123983 1 0 0 0 1 0 0 0 1 0.816843 0.097472 1.00882\nC 14\n0 1\n0 6\n0 5\n0 4\n0 3\n0 2\n1 3\n1 5\n2 6\n2 3\n3 6\n3 4\n3 5\n4 7\nS 0\nL 8\n0\n3\n3\n1\n2\n3\n3\n2"
}