{
    "boxes": [
        [
            0.01720600016415119,
            -0.1173349991440773,
            0.2093150019645691,
            0.15559299290180206,
            0.8950759768486023,
            0.8732240200042725,
            0.0,
            1.0,
            0.0,
            0.0,
            0.0,
            1.0
        ],
        [
            -0.31627199053764343,
            -0.1549070030450821,
            0.13195399940013885,
            0.06679300218820572,
            0.619704008102417,
            0.07254110276699066,
            0.054195500910282135,
            0.9981619715690613,
            0.027107499539852142,
            -0.10510600358247757,
            -0.02129399962723255,
            0.9942330121994019
        ],
        [
            -0.3811410069465637,
            -0.4308289885520935,
            -0.3328709900379181,
            0.7078189849853516,
            0.15686500072479248,
            0.05590159818530083,
            0.1393039971590042,
            0.9105830192565918,
            0.3891429901123047,
            0.5386580228805542,
            -0.39942899346351624,
            0.7418249845504761
        ],
        [
            0.3766680061817169,
            -0.29052799940109253,
            0.3545700013637543,
            0.49960601329803467,
            0.9562979936599731,
            0.05067719891667366,
            -0.017821600660681725,
            0.7511919736862183,
            0.6598430275917053,
            0.032672300934791565,
            -0.6591579914093018,
            0.7512949705123901
        ],
        [
            0.018789999186992645,
            -0.1538420021533966,
            0.4898580014705658,
            0.04467000067234039,
            0.044672999531030655,
            0.752623975276947,
            0.0,
            1.0,
            0.0,
            0.0,
            0.0,
            1.0
        ],
        [
            -0.3503299951553345,
            -0.434332013130188,
            0.5267199873924255,
            0.6723099946975708,
            0.16435499489307404,
            0.055803798139095306,
            0.04752279818058014,
            0.9800940155982971,
            -0.19276200234889984,
            -0.10840299725532532,
            0.19690099358558655,
            0.9744120240211487
        ],
        [
            0.009213410317897797,
            0.24832400679588318,
            -0.294748991727829,
            0.8227689862251282,
            0.2681350111961365,
            0.8308039903640747,
            -0.005298759788274765,
            0.9675700068473816,
            -0.2525489926338196,
            -0.006859200075268745,
            0.25251099467277527,
            0.9675700068473816
        ],
        [
            0.008740000426769257,
            -0.15056699514389038,
            -0.2629860043525696,
            0.04759399965405464,
            0.14017599821090698,
            0.7334179878234863,
            0.0,
            1.0,
            0.0,
            0.0,
            0.0,
            1.0
        ]
    ],
    "ops": [
        [
            0,
            0,
            0,
            1,
            2,
            0,
            0,
            0,
            1,
            1,
            1,
            1,
            0,
            0,
            1,
            1
        ]
    ],
    "syms": [
        [
            0.0,
            0.9989519715309143,
            0.014728100039064884,
            0.04333949834108353,
            0.0179797001183033,
            -0.14997899532318115,
            0.14645600318908691,
            0.0
        ]
    ],
    "labels:": [
        [
            1,
            2,
            2,
            2,
            2,
            2,
            0,
            0
        ]
    ],
    "obj": 42405,
    "mat_index": 4745,
    "obbs": "N 10\n0.00921341 0.248324 -0.294749 0.999962 0.0068592 0.00529876 -0.0068592 0.252511 0.96757 0.00529876 -0.96757 0.252549 0.830804 0.268135 0.822769\n0.01879 -0.153842 0.489858 1 0 0 0 1 0 0 0 1 0.752624 0.04467 0.044673\n-0.316272 -0.154907 0.131954 -0.992983 0.0567322 -0.103759 0.0541955 0.998162 0.0271075 0.105106 0.021294 -0.994233 0.0725411 0.066793 0.619704\n0.352231 -0.145051 0.160957 0.982375 -0.179923 -0.050671 0.179208 0.98364 -0.0183563 0.0531447 0.00895214 0.998547 0.0738363 0.0733091 0.635134\n0.017206 -0.117335 0.209315 1 0 0 0 1 0 0 0 1 0.873224 0.155593 0.895076\n0.00874 -0.150567 -0.262986 1 0 0 0 1 0 0 0 1 0.733418 0.047594 0.140176\n-0.35033 -0.434332 0.52672 0.108403 -0.196901 -0.974412 0.992971 -0.0254109 0.115602 -0.0475228 -0.980094 0.192762 0.164355 0.0558038 0.67231\n0.376668 -0.290528 0.35457 -0.0326723 0.659158 -0.751295 0.999307 0.0349479 -0.0127959 0.0178216 -0.751192 -0.659843 0.956298 0.0506772 0.499606\n0.41079 -0.422765 -0.313535 -0.163569 0.893594 0.418014 0.842811 -0.0936541 0.529999 0.512752 0.438998 -0.737811 0.736853 0.0636677 0.201021\n-0.381141 -0.430829 -0.332871 -0.538658 0.399429 -0.741825 0.830928 0.106276 -0.546135 -0.139304 -0.910583 -0.389143 0.156865 0.0559016 0.707819\nC 29\n0 2\n0 7\n0 3\n0 4\n0 5\n0 8\n0 9\n1 3\n1 6\n1 2\n1 4\n1 7\n2 5\n2 9\n2 6\n2 4\n3 7\n3 5\n3 8\n3 4\n4 7\n4 8\n4 9\n4 5\n4 6\n5 9\n5 8\n5 7\n7 8\nS 2\n2\n2 -0.316272 -0.154907 0.131954\n3 0.352231 -0.145051 0.160957\n2\n0.0179797 -0.149979 0.146456\n0.998952 0.0147281 0.0433395\n2\n8 0.41079 -0.422765 -0.313535\n9 -0.381141 -0.430829 -0.332871\n2\n0.0148247 -0.426797 -0.323203\n-0.99965 -0.01018 -0.0244071\nL 10\n0\n2\n2\n2\n1\n0\n2\n2\n2\n2"
}