{
    "boxes": [
        [
            -0.004129909910261631,
            -0.14344799518585205,
            0.15126200020313263,
            0.09867410361766815,
            0.8658620119094849,
            0.841651976108551,
            -0.0017564600566402078,
            0.9983689785003662,
            -0.05707079917192459,
            -5.016220165998675e-05,
            0.05707079917192459,
            0.9983699917793274
        ],
        [
            -0.4014979898929596,
            0.023312900215387344,
            0.13666300475597382,
            0.07036130130290985,
            0.7777339816093445,
            0.04533249884843826,
            -0.06578440219163895,
            0.9962329864501953,
            -0.0564970001578331,
            0.0007257920224219561,
            0.056667398661375046,
            0.9983929991722107
        ],
        [
            -0.40229400992393494,
            -0.01723399944603443,
            0.5443829894065857,
            0.18800599873065948,
            0.07977300137281418,
            0.04373199865221977,
            0.0,
            1.0,
            0.0,
            0.0,
            0.0,
            1.0
        ],
        [
            -0.4097769856452942,
            -0.4322650134563446,
            -0.31455299258232117,
            0.5399129986763,
            0.13085100054740906,
            0.04877319931983948,
            0.025040099397301674,
            0.9547809958457947,
            0.2962549924850464,
            -0.047243598848581314,
            -0.2948870062828064,
            0.954364001750946
        ],
        [
            -0.4089609980583191,
            -0.4000740051269531,
            0.5669950246810913,
            0.5976110100746155,
            0.07213660329580307,
            0.04739049822092056,
            0.014333399944007397,
            0.9981240034103394,
            -0.05951840057969093,
            0.1107650026679039,
            0.05757319927215576,
            0.9921780228614807
        ],
        [
            -0.004036500118672848,
            0.3664869964122772,
            -0.2905679941177368,
            0.5516589879989624,
            0.3546830117702484,
            1.3274199962615967,
            -2.4584599245258687e-08,
            0.9185130000114441,
            -0.39539000391960144,
            -3.7348499404288305e-08,
            0.39539000391960144,
            0.9185130000114441
        ],
        [
            0.39289599657058716,
            0.08088500052690506,
            -0.32302001118659973,
            0.6249920129776001,
            0.13390399515628815,
            0.04781629890203476,
            -0.0146551001816988,
            0.964011013507843,
            -0.26545798778533936,
            0.05780459940433502,
            0.2658590078353882,
            0.9622769951820374
        ]
    ],
    "ops": [
        [
            0,
            0,
            0,
            1,
            2,
            1,
            0,
            0,
            1,
            2,
            1,
            0,
            0,
            2,
            1,
            1
        ]
    ],
    "syms": [
        [
            0.0,
            0.9999949932098389,
            -0.00016691800556145608,
            -0.0032579300459474325,
            -0.004093340132385492,
            0.02324659936130047,
            0.13536900281906128,
            0.0
        ],
        [
            0.0,
            0.9999949932098389,
            -0.003045360092073679,
            -0.0011027900036424398,
            -0.004494199994951487,
            -0.4334990084171295,
            -0.3149999976158142,
            0.0
        ],
        [
            0.0,
            0.9994059801101685,
            -0.010333700105547905,
            -0.03286600112915039,
            -0.0038628599140793085,
            0.08498740196228027,
            -0.30997198820114136,
            0.0
        ]
    ],
    "labels:": [
        [
            1,
            3,
            3,
            2,
            2,
            0,
            0
        ]
    ],
    "obj": 42442,
    "mat_index": 4766,
    "obbs": "N 12\n-0.0040365 0.366487 -0.290568 -2.45846e-08 0.918513 -0.39539 -3.73485e-08 0.39539 0.918513 1 3.73485e-08 2.45846e-08 0.551659 0.354683 1.32742\n-0.00412991 -0.143448 0.151262 0.999998 0.00175646 -5.01622e-05 -0.00175646 0.998369 -0.0570708 -5.01622e-05 0.0570708 0.99837 0.841652 0.0986741 0.865862\n0.393311 0.0231803 0.134074 0.00306819 -0.0460224 -0.998936 0.997662 -0.0680553 0.00619969 -0.0682682 -0.996619 0.045706 0.773171 0.0464787 0.0699617\n-0.401498 0.0233129 0.136663 -0.0657844 0.996233 -0.056497 0.997834 0.0656377 -0.00445089 -0.000725792 -0.0566674 -0.998393 0.0703613 0.0453325 0.777734\n0.394077 -0.0141705 0.539431 1 0 0 0 1 0 0 0 1 0.043516 0.181385 0.088227\n-0.402294 -0.017234 0.544383 1 0 0 0 1 0 0 0 1 0.043732 0.188006 0.079773\n-0.400622 0.0890898 -0.296924 0.0163622 0.984633 -0.173869 0.999359 -0.0105663 0.0342088 0.031846 -0.174317 -0.984174 0.617391 0.0448269 0.136628\n0.392896 0.080885 -0.32302 -0.0146551 0.964011 -0.265458 0.99822 -0.00124238 -0.0596204 -0.0578046 -0.265859 -0.962277 0.624992 0.0478163 0.133904\n-0.409777 -0.432265 -0.314553 -0.0250401 -0.954781 -0.296255 0.998569 -0.0378935 0.0377233 -0.0472436 -0.294887 0.954364 0.539913 0.0487732 0.130851\n0.400789 -0.434734 -0.315447 0.00984966 -0.955977 -0.293275 0.999741 0.0154301 -0.0167206 0.0205098 -0.293035 0.955882 0.53461 0.0448913 0.131893\n0.400636 -0.393594 0.566588 -0.0333561 -0.034156 -0.99886 0.999149 0.0231073 -0.034156 0.0242476 -0.999149 0.0333561 0.0744774 0.04658 0.609457\n-0.408961 -0.400074 0.566995 -0.0143334 -0.998124 0.0595184 0.993743 -0.0208139 -0.109732 0.110765 0.0575732 0.992178 0.597611 0.0473905 0.0721366\nC 29\n0 2\n0 7\n0 3\n0 8\n0 1\n0 6\n0 9\n1 3\n1 6\n1 11\n1 2\n1 5\n1 10\n1 4\n1 9\n1 8\n1 7\n2 9\n2 10\n2 7\n2 4\n3 11\n3 6\n3 5\n3 8\n4 10\n5 11\n6 8\n7 9\nS 5\n2\n2 0.393311 0.0231803 0.134074\n3 -0.401498 0.0233129 0.136663\n2\n-0.00409334 0.0232466 0.135369\n-0.999995 0.000166918 0.00325793\n2\n4 0.394077 -0.0141705 0.539431\n5 -0.402294 -0.017234 0.544383\n2\n-0.0041085 -0.0157022 0.541907\n-0.999973 -0.00384672 0.00621804\n2\n6 -0.400622 0.0890898 -0.296924\n7 0.392896 0.080885 -0.32302\n2\n-0.00386286 0.0849874 -0.309972\n0.999406 -0.0103337 -0.032866\n2\n8 -0.409777 -0.432265 -0.314553\n9 0.400789 -0.434734 -0.315447\n2\n-0.0044942 -0.433499 -0.315\n0.999995 -0.00304536 -0.00110279\n2\n10 0.400636 -0.393594 0.566588\n11 -0.408961 -0.400074 0.566995\n2\n-0.00416267 -0.396834 0.566791\n-0.999968 -0.0080038 0.0005029\nL 12\n0\n1\n3\n3\n3\n3\n0\n0\n2\n2\n2\n2"
}