{
    "boxes": [
        [
            -0.0019430100219324231,
            0.09549789875745773,
            -0.13185200095176697,
            0.7220230102539062,
            1.3310400247573853,
            1.2487399578094482,
            0.0025363999884575605,
            0.8635280132293701,
            0.5042949914932251,
            -0.0006863829912617803,
            -0.5042949914932251,
            0.8635309934616089
        ],
        [
            -0.4761359989643097,
            0.08583980053663254,
            0.14125899970531464,
            0.5351259708404541,
            0.6750209927558899,
            0.13310100138187408,
            -0.5227630138397217,
            0.8511059880256653,
            0.048356398940086365,
            -0.12725800275802612,
            -0.1340010017156601,
            0.9827759861946106
        ],
        [
            0.5308020114898682,
            0.18630999326705933,
            0.16180799901485443,
            0.323976993560791,
            0.8329129815101624,
            0.08970809727907181,
            0.49182799458503723,
            0.7375739812850952,
            0.4626980125904083,
            -0.052361901849508286,
            -0.5053970217704773,
            0.8612970113754272
        ],
        [
            0.0009812549687922,
            -0.5552549958229065,
            0.006770030129700899,
            0.3915260136127472,
            0.9141119718551636,
            0.9114450216293335,
            0.01063380017876625,
            0.9999409914016724,
            -0.002365140011534095,
            0.7070760130882263,
            -0.005846790038049221,
            0.7071139812469482
        ],
        [
            -0.002579340012744069,
            -0.6346989870071411,
            -0.34596899151802063,
            0.11760900169610977,
            0.5959280133247375,
            0.08531279861927032,
            -0.01879110001027584,
            0.9753249883651733,
            -0.21997199952602386,
            0.008645149879157543,
            0.22016100585460663,
            0.9754250049591064
        ],
        [
            -0.020465100184082985,
            0.4412910044193268,
            -0.3549079895019531,
            0.5730119943618774,
            0.31837600469589233,
            1.1677199602127075,
            -0.03987479954957962,
            0.7453259825706482,
            -0.6655070185661316,
            0.02786399982869625,
            0.6666070222854614,
            0.7448880076408386
        ],
        [
            0.012455900199711323,
            0.26334699988365173,
            -0.25548800826072693,
            0.8452759981155396,
            0.4196360111236572,
            1.1209700107574463,
            -0.06184510141611099,
            0.9503229856491089,
            -0.3050589859485626,
            -0.013056599535048008,
            0.30484798550605774,
            0.9523119926452637
        ]
    ],
    "ops": [
        [
            0,
            0,
            0,
            1,
            2,
            1,
            0,
            0,
            2,
            1,
            1,
            0,
            0,
            1,
            1
        ]
    ],
    "syms": [
        [
            0.0,
            0.9988999962806702,
            -0.020583199337124825,
            0.042138200253248215,
            0.0024411201011389494,
            0.07597830146551132,
            0.16144800186157227,
            0.0
        ],
        [
            -1.0,
            -0.002274029888212681,
            0.9999549984931946,
            0.009214559569954872,
            -0.002045019995421171,
            -0.63823401927948,
            0.00780005007982254,
            0.25
        ]
    ],
    "labels:": [
        [
            1,
            3,
            3,
            2,
            2,
            0,
            0
        ]
    ],
    "obj": 42495,
    "mat_index": 4799,
    "obbs": "N 12\n-0.0204651 0.441291 -0.354908 0.998816 0.0111586 -0.0473486 0.027864 0.666607 0.744888 0.0398748 -0.745326 0.665507 1.16772 0.318376 0.573012\n0.481018 0.0661169 0.181637 -0.4943 -0.84996 -0.182304 0.864838 -0.459631 -0.201978 0.0878808 -0.257501 0.962273 0.505852 0.10555 0.626882\n-0.476136 0.0858398 0.141259 0.127258 0.134001 -0.982776 0.842926 0.507605 0.178361 0.522763 -0.851106 -0.0483564 0.675021 0.133101 0.535126\n0.000981255 -0.555255 0.00677003 0.707058 -0.0091916 -0.707096 0.0106338 0.999941 -0.00236514 0.707076 -0.00584679 0.707114 0.911445 0.391526 0.914112\n-0.00194301 0.0954979 -0.131852 0.999997 -0.0025364 -0.000686383 0.0025364 0.863528 0.504295 -0.000686383 -0.504295 0.863531 1.24874 0.722023 1.33104\n-0.00257934 -0.634699 -0.345969 -0.0187911 0.975325 -0.219972 0.999786 0.0164277 -0.0125689 -0.00864515 -0.220161 -0.975425 0.117609 0.0853128 0.595928\n0.357739 -0.637669 0.00528125 -0.977039 0.212997 0.0051487 0.00520184 -0.000310915 0.999986 0.212996 0.977053 -0.0008042 0.582059 0.0812687 0.117496\n0.00019684 -0.641221 0.362506 -0.00494701 0.194854 -0.98082 0.999079 -0.0408431 -0.0131532 -0.0426226 -0.979981 -0.194473 0.585188 0.0832705 0.118218\n-0.363537 -0.639347 0.00938186 0.978014 0.208459 -0.0057557 -0.000659963 0.030694 0.999529 0.208538 -0.977549 0.0301567 0.574585 0.0815352 0.118104\n0.530802 0.18631 0.161808 -0.491828 -0.737574 -0.462698 0.869116 -0.447838 -0.209948 -0.0523619 -0.505397 0.861297 0.323977 0.0897081 0.832913\n-0.542311 0.19386 0.190921 0.424898 -0.761589 -0.48933 0.901505 0.405055 0.152376 0.0821575 -0.505878 0.858684 0.272214 0.096602 0.770492\n0.0124559 0.263347 -0.255488 0.998 0.0628788 -0.00644534 -0.0130566 0.304848 0.952312 0.0618451 -0.950323 0.305059 1.12097 0.419636 0.845276\nC 34\n0 2\n0 10\n0 11\n0 4\n0 1\n0 9\n1 3\n1 11\n1 4\n1 9\n2 10\n2 3\n2 11\n2 4\n3 11\n3 7\n3 6\n3 5\n3 8\n3 4\n4 7\n4 8\n4 9\n4 10\n4 11\n4 6\n5 6\n5 8\n5 7\n6 7\n6 8\n7 8\n9 11\n10 11\nS 3\n2\n1 0.481018 0.0661169 0.181637\n2 -0.476136 0.0858398 0.141259\n2\n0.00244112 0.0759783 0.161448\n-0.9989 0.0205832 -0.0421382\n4\n7 0.00019684 -0.641221 0.362506\n6 0.357739 -0.637669 0.00528125\n5 -0.00257934 -0.634699 -0.345969\n8 -0.363537 -0.639347 0.00938186\n3\n-0.00204502 -0.638234 0.00780005\n0.00227403 -0.999955 -0.00921456\n2\n9 0.530802 0.18631 0.161808\n10 -0.542311 0.19386 0.190921\n2\n-0.00575487 0.190085 0.176365\n-0.999607 0.00703312 0.0271192\nL 12\n0\n3\n3\n2\n1\n2\n2\n2\n2\n3\n3\n0"
}