{
    "boxes": [
        [
            0.0010779999429360032,
            -0.06558600068092346,
            0.18706899881362915,
            0.053300000727176666,
            0.8308560252189636,
            0.8308560252189636,
            0.0,
            1.0,
            0.0,
            0.0,
            0.0,
            1.0
        ],
        [
            0.0002570000069681555,
            -0.5446320176124573,
            0.1904969960451126,
            0.7259470224380493,
            0.1102679967880249,
            0.1102679967880249,
            0.0,
            1.0,
            0.0,
            0.0,
            0.0,
            1.0
        ],
        [
            0.0002570000069681555,
            -0.9163110256195068,
            0.1904969960451126,
            0.017410000786185265,
            0.3743320107460022,
            0.3743320107460022,
            0.0,
            1.0,
            0.0,
            0.0,
            0.0,
            1.0
        ],
        [
            -0.3130660057067871,
            0.33977898955345154,
            -0.21630799770355225,
            0.8537660241127014,
            0.05741110071539879,
            0.05232119932770729,
            -0.27153199911117554,
            0.9470900297164917,
            -0.17114399373531342,
            0.17114399373531342,
            0.22250699996948242,
            0.9597920179367065
        ],
        [
            0.013820799998939037,
            0.3398579955101013,
            -0.25842300057411194,
            0.7978670001029968,
            0.10715600103139877,
            0.8138089776039124,
            -0.017669500783085823,
            0.9754989743232727,
            -0.2192939966917038,
            -0.022078199312090874,
            0.21889400482177734,
            0.9754989743232727
        ],
        [
            0.01090800017118454,
            0.7149699926376343,
            -0.3407590091228485,
            0.05345999822020531,
            0.136353999376297,
            0.8999840021133423,
            0.0,
            1.0,
            0.0,
            0.0,
            0.0,
            1.0
        ]
    ],
    "ops": [
        [
            0,
            0,
            0,
            1,
            1,
            0,
            2,
            0,
            0,
            1,
            1,
            1
        ]
    ],
    "syms": [
        [
            0.0,
            0.9999989867210388,
            0.00011455600179033354,
            0.0016514899907633662,
            0.007232349831610918,
            0.33981600403785706,
            -0.21577900648117065,
            0.0
        ]
    ],
    "labels:": [
        [
            1,
            2,
            2,
            0,
            0,
            0
        ]
    ],
    "obj": 42517,
    "mat_index": 4813,
    "obbs": "N 7\n0.0138208 0.339858 -0.258423 -0.0176695 0.975499 -0.219294 -0.0220782 0.218894 0.975499 0.9996 0.0220782 0.0176695 0.797867 0.107156 0.813809\n0.010908 0.71497 -0.340759 1 0 0 0 1 0 0 0 1 0.899984 0.05346 0.136354\n0.001078 -0.065586 0.187069 1 0 0 0 1 0 0 0 1 0.830856 0.0533 0.830856\n0.327531 0.339853 -0.21525 0.273955 0.947103 -0.167167 0.960202 -0.279186 -0.00816856 -0.0544073 -0.158277 -0.985895 0.834706 0.0473447 0.0561366\n-0.313066 0.339779 -0.216308 -0.171144 -0.222507 -0.959792 0.94709 0.231324 -0.222507 0.271532 -0.94709 0.171144 0.0574111 0.0523212 0.853766\n0.000257 -0.544632 0.190497 1 0 0 0 1 0 0 0 1 0.110268 0.725947 0.110268\n0.000257 -0.916311 0.190497 1 0 0 0 1 0 0 0 1 0.374332 0.01741 0.374332\nC 9\n0 1\n0 4\n0 3\n0 2\n1 3\n1 4\n2 4\n2 3\n5 6\nS 1\n2\n3 0.327531 0.339853 -0.21525\n4 -0.313066 0.339779 -0.216308\n2\n0.00723235 0.339816 -0.215779\n-0.999999 -0.000114556 -0.00165149\nL 7\n0\n0\n1\n0\n0\n2\n2"
}