{
    "boxes": [
        [
            -0.02829349972307682,
            -0.05182100087404251,
            0.06424149870872498,
            0.13492000102996826,
            0.6163730025291443,
            0.7956010103225708,
            0.0,
            1.0,
            0.0,
            0.0,
            0.0,
            1.0
        ],
        [
            -0.4326379895210266,
            0.19696499407291412,
            0.10868199914693832,
            0.20526500046253204,
            0.04997279867529869,
            0.04516709968447685,
            -0.05606339871883392,
            0.926816999912262,
            0.3713040053844452,
            0.06850379705429077,
            -0.3674420118331909,
            0.9275199770927429
        ],
        [
            -0.4311949908733368,
            0.3307519853115082,
            -0.018623199313879013,
            0.08344689756631851,
            0.3447420001029968,
            0.06278009712696075,
            -0.09558609873056412,
            0.9844040274620056,
            0.14768600463867188,
            0.024093400686979294,
            -0.14603400230407715,
            0.9889860153198242
        ],
        [
            -0.41143301129341125,
            -0.3465130031108856,
            0.24570299685001373,
            1.0001599788665771,
            0.06098559871315956,
            0.037682801485061646,
            0.0006275749765336514,
            0.9443770051002502,
            -0.3288649916648865,
            0.02229739911854267,
            0.3287700116634369,
            0.944146990776062
        ],
        [
            -0.42483699321746826,
            -0.32325100898742676,
            -0.14933599531650543,
            1.0851099491119385,
            0.06993810087442398,
            0.043422799557447433,
            -0.005725630093365908,
            0.9039090275764465,
            0.42768698930740356,
            0.03555560111999512,
            -0.4272400140762329,
            0.9034389853477478
        ],
        [
            -0.022122299298644066,
            0.4289439916610718,
            -0.25219300389289856,
            0.29302600026130676,
            0.16940400004386902,
            0.8334329724311829,
            -0.008735240437090397,
            0.9270280003547668,
            -0.374889999628067,
            -0.012954199686646461,
            0.3747679889202118,
            0.9270280003547668
        ]
    ],
    "ops": [
        [
            0,
            0,
            0,
            1,
            2,
            1,
            0,
            0,
            1,
            2,
            1,
            0,
            1
        ]
    ],
    "syms": [
        [
            0.0,
            0.9996870160102844,
            0.023721400648355484,
            0.007916050031781197,
            -0.027759600430727005,
            0.20657199621200562,
            0.11188799887895584,
            0.0
        ],
        [
            0.0,
            0.9999340176582336,
            0.00802696030586958,
            0.008238440379500389,
            -0.0221072006970644,
            -0.34338700771331787,
            0.24891099333763123,
            0.0
        ]
    ],
    "labels:": [
        [
            1,
            3,
            3,
            2,
            2,
            0
        ]
    ],
    "obj": 42588,
    "mat_index": 4858,
    "obbs": "N 10\n-0.0221223 0.428944 -0.252193 0.999878 0.0129542 0.00873524 -0.0129542 0.374768 0.927028 0.00873524 -0.927028 0.37489 0.833433 0.169404 0.293026\n0.377119 0.21618 0.115094 -0.00916729 0.863891 0.503595 -0.0353417 -0.503582 0.863225 0.999333 -0.00988446 0.0351478 0.111527 0.0501564 0.0413826\n-0.432638 0.196965 0.108682 0.996074 0.0774357 -0.0428904 0.0685038 -0.367442 0.92752 0.0560634 -0.926817 -0.371304 0.0451671 0.0499728 0.205265\n-0.0282935 -0.051821 0.0642415 1 0 0 0 1 0 0 0 1 0.795601 0.13492 0.616373\n0.367219 -0.340262 0.252119 -0.00373959 0.950374 -0.311087 0.999992 0.00321973 -0.00218462 -0.00107459 -0.311092 -0.950379 1.0077 0.0343056 0.0585659\n0.378656 -0.308028 -0.141577 0.00075031 -0.903355 -0.428894 0.996545 -0.0349435 0.075343 -0.0830485 -0.427469 0.900208 1.11819 0.0344443 0.0693563\n-0.424837 -0.323251 -0.149336 0.00572563 -0.903909 -0.427687 0.999351 0.0203794 -0.0296928 0.0355556 -0.42724 0.903439 1.08511 0.0434228 0.0699381\n-0.411433 -0.346513 0.245703 -0.0222974 -0.32877 -0.944147 0.999751 -0.00792537 -0.0208508 -0.000627575 -0.944377 0.328865 0.0609856 0.0376828 1.00016\n0.374472 0.322701 0.0105185 0.0245697 0.276142 -0.960803 0.999497 -0.0260633 0.0180684 -0.0200522 -0.960764 -0.276643 0.313179 0.053835 0.10206\n-0.431195 0.330752 -0.0186232 0.0955861 -0.984404 -0.147686 0.99513 0.0980916 -0.00975887 0.0240934 -0.146034 0.988986 0.0834469 0.0627801 0.344742\nC 26\n0 3\n0 5\n0 8\n0 1\n0 6\n0 9\n0 2\n1 3\n1 5\n1 4\n1 8\n2 9\n2 6\n2 3\n2 7\n3 7\n3 6\n3 5\n3 8\n3 4\n4 8\n4 5\n5 8\n6 9\n6 7\n7 9\nS 4\n2\n1 0.377119 0.21618 0.115094\n2 -0.432638 0.196965 0.108682\n2\n-0.0277596 0.206572 0.111888\n-0.999687 -0.0237214 -0.00791605\n2\n4 0.367219 -0.340262 0.252119\n7 -0.411433 -0.346513 0.245703\n2\n-0.0221072 -0.343387 0.248911\n-0.999934 -0.00802696 -0.00823844\n2\n5 0.378656 -0.308028 -0.141577\n6 -0.424837 -0.323251 -0.149336\n2\n-0.0230905 -0.315639 -0.145456\n-0.999774 -0.0189414 -0.00965444\n2\n8 0.374472 0.322701 0.0105185\n9 -0.431195 0.330752 -0.0186232\n2\n-0.0283616 0.326726 -0.00405232\n-0.999297 0.00998618 -0.0361455\nL 10\n0\n3\n3\n1\n2\n2\n2\n2\n3\n3"
}