{
    "boxes": [
        [
            0.004557000007480383,
            -0.12629400193691254,
            0.1623390018939972,
            0.5205299854278564,
            0.9977949857711792,
            1.3776099681854248,
            0.0,
            1.0,
            0.0,
            0.0,
            0.0,
            1.0
        ],
        [
            -0.5610870122909546,
            0.20183099806308746,
            0.11635199934244156,
            0.4939199984073639,
            1.0882500410079956,
            0.24831199645996094,
            0.0,
            1.0,
            0.0,
            0.0,
            0.0,
            1.0
        ],
        [
            0.013372699730098248,
            -0.36981698870658875,
            0.03573780134320259,
            0.03882730007171631,
            1.2211799621582031,
            1.3409500122070312,
            0.0022988400887697935,
            0.9999930262565613,
            0.002794699976220727,
            -3.2122900393005693e-06,
            -0.002794699976220727,
            0.9999960064888
        ],
        [
            0.004671839997172356,
            0.3710319995880127,
            -0.3426409959793091,
            0.5573930144309998,
            0.20867599546909332,
            0.9775400161743164,
            -0.00030658600735478103,
            0.9174649715423584,
            -0.397816002368927,
            -0.0004671030037570745,
            0.397816002368927,
            0.9174649715423584
        ],
        [
            0.0044060200452804565,
            0.04222569987177849,
            -0.41729000210762024,
            0.8634719848632812,
            0.4082089960575104,
            1.3334800004959106,
            -0.005385539960116148,
            0.9999629855155945,
            0.00669893017038703,
            -0.005349509883671999,
            -0.006727740168571472,
            0.9999629855155945
        ]
    ],
    "ops": [
        [
            0,
            0,
            2,
            1,
            0,
            1,
            0,
            0,
            1,
            1
        ]
    ],
    "syms": [
        [
            0.0,
            0.9986029863357544,
            0.016022300347685814,
            0.050343699753284454,
            0.009660749696195126,
            0.21098800003528595,
            0.14512600004673004,
            0.0
        ]
    ],
    "labels:": [
        [
            1,
            3,
            2,
            0,
            0
        ]
    ],
    "obj": 42594,
    "mat_index": 4860,
    "obbs": "N 6\n0.00467184 0.371032 -0.342641 -0.000306586 0.917465 -0.397816 -0.000467103 0.397816 0.917465 1 0.000467103 0.000306586 0.557393 0.208676 0.97754\n0.580408 0.220146 0.1739 1 0 0 0 1 0 0 0 1 0.227865 0.414832 0.970182\n-0.561087 0.201831 0.116352 1 0 0 0 1 0 0 0 1 0.248312 0.49392 1.08825\n0.004557 -0.126294 0.162339 1 0 0 0 1 0 0 0 1 1.37761 0.52053 0.997795\n0.00440602 0.0422257 -0.41729 -0.00538554 0.999963 0.00669893 -0.00534951 -0.00672774 0.999963 0.999971 0.00534951 0.00538554 0.863472 0.408209 1.33348\n0.0133727 -0.369817 0.0357378 0.999997 -0.00229884 -3.21229e-06 0.00229884 0.999993 0.0027947 -3.21229e-06 -0.0027947 0.999996 1.34095 0.0388273 1.22118\nC 11\n0 1\n0 4\n0 3\n0 2\n1 3\n1 4\n2 4\n2 3\n3 4\n3 5\n4 5\nS 1\n2\n1 0.580408 0.220146 0.1739\n2 -0.561087 0.201831 0.116352\n2\n0.00966075 0.210988 0.145126\n-0.998603 -0.0160223 -0.0503437\nL 6\n0\n3\n3\n1\n0\n2"
}