{
    "boxes": [
        [
            0.022507600486278534,
            -0.049544598907232285,
            0.09786079823970795,
            0.1287429928779602,
            0.9042760133743286,
            1.0205600261688232,
            -0.003296300070360303,
            0.9999859929084778,
            -0.004155850037932396,
            0.45398199558258057,
            0.0051993802189826965,
            0.890995979309082
        ],
        [
            0.4911409914493561,
            0.2072560042142868,
            -0.012866499833762646,
            0.6655600070953369,
            0.456712007522583,
            0.10192699730396271,
            -0.030636100098490715,
            0.9978219866752625,
            -0.058417100459337234,
            0.4179820120334625,
            0.06587839871644974,
            0.9060630202293396
        ],
        [
            -0.37214699387550354,
            0.20601899921894073,
            0.3640980124473572,
            0.634788990020752,
            0.47442299127578735,
            0.11175800114870071,
            -0.008817129768431187,
            0.9998369812965393,
            0.01575160026550293,
            0.3475410044193268,
            -0.011706200428307056,
            0.9375920295715332
        ],
        [
            0.04539860039949417,
            -0.4580180048942566,
            0.09396310150623322,
            0.7002859711647034,
            0.36682701110839844,
            0.366564005613327,
            -0.003126970026642084,
            0.9999889731407166,
            -0.0034403998870402575,
            0.6725710034370422,
            0.004649119917303324,
            0.7400180101394653
        ],
        [
            0.013443299569189548,
            -0.8241270184516907,
            -0.3780899941921234,
            0.08001620322465897,
            0.08488249778747559,
            0.061885200440883636,
            0.040882598608732224,
            0.9923589825630188,
            -0.11641799658536911,
            0.05467759817838669,
            0.11411900073289871,
            0.9919610023498535
        ],
        [
            0.02661680057644844,
            -0.76214599609375,
            -0.17285700142383575,
            0.05159870162606239,
            0.45907700061798096,
            0.0286593995988369,
            -0.0008152819937095046,
            0.9999210238456726,
            -0.012509600259363651,
            0.06484570354223251,
            0.012536199763417244,
            0.9978169798851013
        ],
        [
            -0.07055400311946869,
            0.20830099284648895,
            -0.12018600106239319,
            0.6537960171699524,
            0.4484649896621704,
            1.0065799951553345,
            0.023003200069069862,
            0.9997230172157288,
            0.004979819990694523,
            0.3764129877090454,
            -0.013275399804115295,
            0.9263569712638855
        ]
    ],
    "ops": [
        [
            0,
            0,
            0,
            1,
            1,
            0,
            0,
            0,
            1,
            2,
            1,
            1,
            0,
            1
        ]
    ],
    "syms": [
        [
            -1.0,
            0.0001353919942630455,
            1.0,
            0.00024141800531651825,
            0.04629230126738548,
            -0.8241310119628906,
            0.09258879721164703,
            0.20000000298023224
        ]
    ],
    "labels:": [
        [
            1,
            3,
            3,
            2,
            2,
            2,
            0
        ]
    ],
    "obj": 42598,
    "mat_index": 4864,
    "obbs": "N 15\n-0.070554 0.208301 -0.120186 0.926167 -0.0194347 -0.376614 0.376413 -0.0132754 0.926357 -0.0230032 -0.999723 -0.00497982 1.00658 0.448465 0.653796\n0.491141 0.207256 -0.0128665 -0.417982 -0.0658784 -0.906063 0.907938 0.00334093 -0.41909 0.0306361 -0.997822 0.0584171 0.456712 0.101927 0.66556\n-0.372147 0.206019 0.364098 0.00881713 -0.999837 -0.0157516 0.937623 0.0137412 -0.347381 0.347541 -0.0117062 0.937592 0.634789 0.111758 0.474423\n0.350626 -0.82404 0.451143 0.777258 -0.00413769 -0.629168 -0.0540594 0.995841 -0.0733327 0.626855 0.0910109 0.773802 0.0603424 0.0778005 0.0857029\n-0.413449 -0.824392 -0.0189744 0.197054 -0.154729 -0.968106 0.139075 0.981893 -0.128625 0.970478 -0.109293 0.215005 0.0690012 0.0850283 0.085253\n-0.199157 -0.824012 0.496447 0.499898 -0.0141674 -0.865968 0.0143777 0.999864 -0.00805817 0.865965 -0.00842238 0.500034 0.0857627 0.078272 0.0599057\n0.0134433 -0.824127 -0.37809 0.997667 -0.0469194 -0.0495944 0.0408826 0.992359 -0.116418 0.0546776 0.114119 0.991961 0.0618852 0.0800162 0.0848825\n0.479998 -0.824082 -0.0875811 0.913079 0.0422661 -0.405587 -0.0220613 0.998277 0.0543647 0.407186 -0.0406915 0.912438 0.0859672 0.0799736 0.0618352\n0.0453986 -0.458018 0.0939631 -0.672571 -0.00464912 -0.740018 0.740026 1.03623e-07 -0.672578 0.00312697 -0.999989 0.0034404 0.366827 0.366564 0.700286\n-0.0932337 -0.762146 0.320674 0.516168 0.0188783 -0.856279 0.856432 5.14421e-06 0.51626 0.00975053 -0.999822 -0.0161653 0.459322 0.0286594 0.0545023\n-0.214442 -0.762146 0.0299829 0.0223571 0.999735 0.0054267 -0.236528 1.53763e-05 0.971625 0.971367 -0.0230063 0.236466 0.0563913 0.0286589 0.459472\n0.0266168 -0.762146 -0.172857 0.000815282 -0.999921 0.0125096 0.997895 2.30683e-06 -0.0648508 0.0648457 0.0125362 0.997817 0.0515987 0.0286594 0.459077\n0.290452 -0.762146 -0.00915205 0.923449 0.0258584 -0.38285 0.382978 4.25678e-06 0.923758 0.0238886 -0.999666 -0.00989927 0.45957 0.0286589 0.0576958\n0.217451 -0.762146 0.29535 -0.649473 0.025858 -0.759945 0.760199 -1.0029e-05 -0.649691 -0.0168073 -0.999666 -0.0196507 0.45957 0.02866 0.0576957\n0.0225076 -0.0495446 0.0978608 -0.453982 -0.00519938 -0.890996 -0.0032963 0.999986 -0.00415585 0.891005 0.00105031 -0.453993 0.904276 0.128743 1.02056\nC 34\n0 14\n0 8\n0 1\n0 2\n1 14\n1 8\n2 8\n2 14\n3 13\n3 8\n4 8\n4 10\n5 9\n5 8\n6 11\n6 8\n7 12\n7 8\n8 13\n8 9\n8 14\n8 10\n8 11\n8 12\n9 11\n9 10\n9 13\n9 12\n10 11\n10 12\n10 13\n11 13\n11 12\n12 13\nS 2\n5\n4 -0.413449 -0.824392 -0.0189744\n5 -0.199157 -0.824012 0.496447\n3 0.350626 -0.82404 0.451143\n7 0.479998 -0.824082 -0.0875811\n6 0.0134433 -0.824127 -0.37809\n3\n0.0462923 -0.824131 0.0925888\n-0.000135392 -1 -0.000241418\n5\n12 0.290452 -0.762146 -0.00915205\n13 0.217451 -0.762146 0.29535\n9 -0.0932337 -0.762146 0.320674\n10 -0.214442 -0.762146 0.0299829\n11 0.0266168 -0.762146 -0.172857\n3\n0.0453689 -0.762146 0.0927996\n8.1328e-08 -1 -4.72717e-08\nL 15\n0\n3\n3\n2\n2\n2\n2\n2\n2\n2\n2\n2\n2\n2\n1"
}