{
    "boxes": [
        [
            0.019444599747657776,
            -0.26058000326156616,
            0.07694660127162933,
            0.5986059904098511,
            0.9461529850959778,
            1.0632400512695312,
            -0.050392698496580124,
            0.9987090229988098,
            -0.006411650218069553,
            -0.00016165499982889742,
            0.006411650218069553,
            0.9999790191650391
        ],
        [
            -0.4284670054912567,
            0.09581810235977173,
            0.06789729744195938,
            0.6167550086975098,
            0.6760770082473755,
            0.24877400696277618,
            -0.12263400107622147,
            0.9443510174751282,
            -0.3052240014076233,
            -0.23304800689220428,
            0.2715449929237366,
            0.933784008026123
        ],
        [
            -0.0007934989989735186,
            -0.601356029510498,
            0.09040950238704681,
            0.13004900515079498,
            1.1172200441360474,
            1.1172200441360474,
            1.470700006223069e-08,
            1.0,
            1.4197100384194528e-08,
            0.6691309809684753,
            -2.03915000440702e-08,
            0.7431449890136719
        ],
        [
            -0.007212500087916851,
            0.2364400029182434,
            -0.07698149979114532,
            0.6622300148010254,
            0.1346690058708191,
            0.6115570068359375,
            1.1892500127578566e-14,
            0.9659259915351868,
            -0.25881901383399963,
            1.549860059897861e-14,
            0.25881901383399963,
            0.9659259915351868
        ],
        [
            -0.012195399962365627,
            0.3503899872303009,
            -0.09677950292825699,
            1.3567899465560913,
            0.704056978225708,
            1.112529993057251,
            0.005646380130201578,
            0.9562780261039734,
            0.29240599274635315,
            0.04290580004453659,
            -0.29237300157546997,
            0.9553409814834595
        ]
    ],
    "ops": [
        [
            0,
            0,
            2,
            1,
            0,
            1,
            0,
            0,
            1,
            1
        ]
    ],
    "syms": [
        [
            0.0,
            0.9963499903678894,
            0.006547269877046347,
            0.08511489629745483,
            0.01695930026471615,
            0.09874510020017624,
            0.10594899952411652,
            0.0
        ]
    ],
    "labels:": [
        [
            1,
            3,
            2,
            0,
            0
        ]
    ],
    "obj": 42602,
    "mat_index": 4867,
    "obbs": "N 6\n-0.0072125 0.23644 -0.0769815 1 -1.54986e-14 -1.18925e-14 1.54986e-14 0.258819 0.965926 -1.18925e-14 -0.965926 0.258819 0.611557 0.134669 0.66223\n0.462386 0.101672 0.144 0.109297 -0.341789 -0.9334 0.974702 -0.147327 0.168081 -0.194963 -0.928157 0.31704 0.542103 0.188737 0.764\n-0.428467 0.0958181 0.0678973 0.233048 -0.271545 -0.933784 0.964702 0.185645 0.186778 0.122634 -0.944351 0.305224 0.676077 0.248774 0.616755\n0.0194446 -0.26058 0.0769466 0.998729 0.0503927 -0.000161655 -0.0503927 0.998709 -0.00641165 -0.000161655 0.00641165 0.999979 1.06324 0.598606 0.946153\n-0.0121954 0.35039 -0.0967795 0.999063 0.00715169 -0.0426807 0.0429058 -0.292373 0.955341 -0.00564638 -0.956278 -0.292406 1.11253 0.704057 1.35679\n-0.000793499 -0.601356 0.0904095 -0.669131 2.03915e-08 -0.743145 1.4707e-08 1 1.41971e-08 0.743145 -1.42971e-09 -0.669131 1.11722 0.130049 1.11722\nC 13\n0 1\n0 4\n0 3\n0 2\n1 3\n1 4\n1 5\n2 4\n2 3\n2 5\n3 4\n3 5\n4 5\nS 1\n2\n1 0.462386 0.101672 0.144\n2 -0.428467 0.0958181 0.0678973\n2\n0.0169593 0.0987451 0.105949\n-0.99635 -0.00654727 -0.0851149\nL 6\n0\n3\n3\n1\n0\n2"
}