{
    "boxes": [
        [
            0.003955999854952097,
            -0.1588129997253418,
            0.1149659976363182,
            0.17582499980926514,
            0.8627709746360779,
            0.9075139760971069,
            0.0,
            1.0,
            0.0,
            0.0,
            0.0,
            1.0
        ],
        [
            -0.3774870038032532,
            -0.5090370178222656,
            -0.2364950031042099,
            0.5760579705238342,
            0.06938999891281128,
            0.07238789647817612,
            0.06637749820947647,
            0.9551510214805603,
            0.28858399391174316,
            0.2768850028514862,
            -0.29549500346183777,
            0.9143400192260742
        ],
        [
            -0.4067299962043762,
            -0.5115759968757629,
            0.5018259882926941,
            0.535552978515625,
            0.05824999883770943,
            0.05824999883770943,
            0.0,
            1.0,
            0.0,
            0.0,
            0.0,
            1.0
        ],
        [
            0.0016621099784970284,
            0.3393470048904419,
            -0.10786300152540207,
            1.1128300428390503,
            0.6095730066299438,
            0.9066759943962097,
            -0.011946800164878368,
            0.9787949919700623,
            -0.2044920027256012,
            -0.014699299819767475,
            0.20431199669837952,
            0.9787949919700623
        ]
    ],
    "ops": [
        [
            0,
            0,
            0,
            1,
            2,
            1,
            0,
            1
        ]
    ],
    "syms": [
        [
            0.0,
            1.0,
            -7.634949952262104e-07,
            1.7583299268153496e-05,
            0.005045980215072632,
            -0.5090370178222656,
            -0.2364879995584488,
            0.0
        ]
    ],
    "labels:": [
        [
            1,
            2,
            2,
            0
        ]
    ],
    "obj": 42620,
    "mat_index": 4879,
    "obbs": "N 6\n0.00166211 0.339347 -0.107863 0.999821 0.0146993 0.0119468 -0.0146993 0.204312 0.978795 0.0119468 -0.978795 0.204492 0.906676 0.609573 1.11283\n0.003956 -0.158813 0.114966 1 0 0 0 1 0 0 0 1 0.907514 0.175825 0.862771\n-0.377487 -0.509037 -0.236495 0.958608 0.019213 -0.284081 0.276885 -0.295495 0.91434 -0.0663775 -0.955151 -0.288584 0.0723879 0.06939 0.576058\n0.387579 -0.509037 -0.236481 -0.0664871 0.955153 0.288553 -0.276966 -0.295495 0.914315 0.958577 -0.0191291 0.284191 0.576063 0.069393 0.0723915\n0.414641 -0.511576 0.501826 1 0 0 0 1 0 0 0 1 0.058251 0.535553 0.05825\n-0.40673 -0.511576 0.501826 1 0 0 0 1 0 0 0 1 0.05825 0.535553 0.05825\nC 9\n0 1\n0 5\n0 4\n0 3\n0 2\n1 2\n1 3\n1 4\n1 5\nS 2\n2\n2 -0.377487 -0.509037 -0.236495\n3 0.387579 -0.509037 -0.236481\n2\n0.00504598 -0.509037 -0.236488\n1 -7.63495e-07 1.75833e-05\n2\n4 0.414641 -0.511576 0.501826\n5 -0.40673 -0.511576 0.501826\n2\n0.00395575 -0.511576 0.501826\n-1 0 0\nL 6\n0\n1\n2\n2\n2\n2"
}