{
    "boxes": [
        [
            0.021466100588440895,
            -0.01904040016233921,
            0.1432960033416748,
            0.3084160089492798,
            0.7725390195846558,
            0.9739649891853333,
            0.016055099666118622,
            0.990742027759552,
            0.13480199873447418,
            -0.0010871599661186337,
            -0.13480199873447418,
            0.9908720254898071
        ],
        [
            -0.46184900403022766,
            -0.33126100897789,
            -0.26372501254081726,
            0.9989979863166809,
            0.030073000118136406,
            0.06036340072751045,
            0.03957049921154976,
            0.9716969728469849,
            0.2328909933567047,
            -0.45719200372695923,
            -0.18963900208473206,
            0.8689150214195251
        ],
        [
            -0.40695199370384216,
            -0.5010010004043579,
            0.4343540072441101,
            0.6257669925689697,
            0.026788199320435524,
            0.027120299637317657,
            0.02759769931435585,
            0.9994630217552185,
            -0.017667999491095543,
            0.5862240195274353,
            -0.0018656899919733405,
            0.8101469874382019
        ],
        [
            -0.3492090106010437,
            0.3286060094833374,
            -0.3149360120296478,
            0.43377500772476196,
            0.05231130123138428,
            0.03149719908833504,
            0.26931801438331604,
            0.7625740170478821,
            -0.5881739854812622,
            0.15206299722194672,
            0.5694059729576111,
            0.8078699707984924
        ],
        [
            0.022285999730229378,
            0.2886210083961487,
            -0.2815049886703491,
            0.5565569996833801,
            0.17968299984931946,
            0.883018970489502,
            0.0061161401681602,
            0.9009299874305725,
            -0.4339219927787781,
            0.009734000079333782,
            0.43385499715805054,
            0.9009299874305725
        ],
        [
            0.022926699370145798,
            0.49877700209617615,
            -0.45041701197624207,
            0.03185909986495972,
            0.06981319934129715,
            0.6330850124359131,
            -0.0005766800022684038,
            0.9999619722366333,
            0.008733999915421009,
            2.5184099285979755e-06,
            -0.008733999915421009,
            0.9999619722366333
        ]
    ],
    "ops": [
        [
            0,
            0,
            0,
            1,
            2,
            1,
            0,
            2,
            0,
            0,
            1,
            1,
            1
        ]
    ],
    "syms": [
        [
            0.0,
            0.9999960064888,
            -0.001943890005350113,
            0.002213750034570694,
            0.019997499883174896,
            -0.33219799399375916,
            -0.2626590132713318,
            0.0
        ],
        [
            0.0,
            0.9998890161514282,
            -0.008241389878094196,
            0.0123795997351408,
            0.023841900750994682,
            0.3255319893360138,
            -0.3103170096874237,
            0.0
        ]
    ],
    "labels:": [
        [
            1,
            2,
            2,
            0,
            0,
            0
        ]
    ],
    "obj": 2782,
    "mat_index": 488,
    "obbs": "N 9\n0.022286 0.288621 -0.281505 0.00611614 0.90093 -0.433922 0.009734 0.433855 0.90093 0.999934 -0.009734 -0.00611614 0.556557 0.179683 0.883019\n0.0229267 0.498777 -0.450417 -2.51841e-06 0.008734 -0.999962 -0.00057668 0.999962 0.008734 1 0.00057668 2.51841e-06 0.0698132 0.0318591 0.633085\n0.0214661 -0.0190404 0.143296 0.999871 -0.0160551 -0.00108716 0.0160551 0.990742 0.134802 -0.00108716 -0.134802 0.990872 0.973965 0.308416 0.772539\n0.396893 0.322457 -0.305699 0.0713854 -0.560939 -0.824774 0.961582 0.258447 -0.0925463 0.265073 -0.786482 0.557838 0.055487 0.0364481 0.454372\n-0.349209 0.328606 -0.314936 0.269318 0.762574 -0.588174 0.95097 -0.307014 0.037392 -0.152063 -0.569406 -0.80787 0.433775 0.0314972 0.0523113\n0.501844 -0.333135 -0.261592 -0.0241348 0.973941 0.225512 0.431077 -0.19339 0.881347 0.901992 0.118484 -0.415177 0.996106 0.0301112 0.064288\n0.453347 -0.505461 0.434573 -0.0126307 0.999546 -0.0273433 0.940845 0.02114 0.338176 0.338601 -0.0214544 -0.940686 0.617334 0.0318736 0.0290682\n-0.406952 -0.501001 0.434354 -0.586224 0.00186569 -0.810147 0.809679 -0.0327156 -0.58596 -0.0275977 -0.999463 0.017668 0.0267882 0.0271203 0.625767\n-0.461849 -0.331261 -0.263725 -0.888487 0.140859 -0.436748 -0.457192 -0.189639 0.868915 0.0395705 0.971697 0.232891 0.0603634 0.030073 0.998998\nC 16\n0 1\n0 5\n0 4\n0 3\n0 8\n0 2\n1 3\n1 4\n2 7\n2 6\n2 8\n2 4\n2 3\n2 5\n3 5\n4 8\nS 3\n2\n3 0.396893 0.322457 -0.305699\n4 -0.349209 0.328606 -0.314936\n2\n0.0238419 0.325532 -0.310317\n-0.999889 0.00824139 -0.0123796\n2\n5 0.501844 -0.333135 -0.261592\n8 -0.461849 -0.331261 -0.263725\n2\n0.0199975 -0.332198 -0.262659\n-0.999996 0.00194389 -0.00221375\n2\n6 0.453347 -0.505461 0.434573\n7 -0.406952 -0.501001 0.434354\n2\n0.0231975 -0.503231 0.434463\n-0.999987 0.00518435 -0.000253771\nL 9\n0\n0\n1\n0\n0\n2\n2\n2\n2"
}