{
    "boxes": [
        [
            -0.012302500195801258,
            -0.13768699765205383,
            0.0960720032453537,
            0.5938299894332886,
            0.6929939985275269,
            1.16621994972229,
            0.0,
            1.0,
            0.0,
            0.0,
            0.0,
            1.0
        ],
        [
            -0.583745002746582,
            0.03596640005707741,
            0.06172420084476471,
            0.9907630085945129,
            0.7629719972610474,
            0.3529829978942871,
            -0.0635261982679367,
            0.9967489838600159,
            0.049558598548173904,
            -0.10492400079965591,
            -0.05605439841747284,
            0.9928990006446838
        ],
        [
            -0.6165239810943604,
            -0.45176899433135986,
            0.30044299364089966,
            0.030385000631213188,
            0.07274699956178665,
            0.15706400573253632,
            0.0,
            1.0,
            0.0,
            0.0,
            0.0,
            1.0
        ],
        [
            -0.4042870104312897,
            -0.45176899433135986,
            -0.23335300385951996,
            0.030385000631213188,
            0.07274699956178665,
            0.15706400573253632,
            0.0,
            1.0,
            0.0,
            0.0,
            0.0,
            1.0
        ],
        [
            0.029398299753665924,
            0.08600369840860367,
            -0.2725690007209778,
            1.0773099660873413,
            0.26950299739837646,
            1.236299991607666,
            -0.010703000240027905,
            0.9982560276985168,
            -0.058062899857759476,
            -0.011343000456690788,
            0.05794129893183708,
            0.9982560276985168
        ]
    ],
    "ops": [
        [
            0,
            0,
            2,
            1,
            0,
            0,
            1,
            2,
            1,
            0,
            1
        ]
    ],
    "syms": [
        [
            0.0,
            0.9997149705886841,
            0.0001277209958061576,
            0.02388410083949566,
            0.0025742200668901205,
            0.03604130074381828,
            0.07573190331459045,
            0.0
        ],
        [
            0.0,
            1.0,
            -0.0,
            -0.0,
            0.004349499940872192,
            -0.45176899433135986,
            0.30044299364089966,
            0.0
        ]
    ],
    "labels:": [
        [
            1,
            3,
            2,
            2,
            0
        ]
    ],
    "obj": 42628,
    "mat_index": 4884,
    "obbs": "N 8\n0.0293983 0.0860037 -0.272569 0.999878 0.011343 0.010703 -0.011343 0.0579413 0.998256 0.010703 -0.998256 0.0580629 1.2363 0.269503 1.07731\n0.588893 0.0361162 0.0897396 -0.0701129 -0.997286 -0.0224528 0.99472 -0.068206 -0.0766857 0.0749462 -0.0277109 0.996802 0.980264 0.370492 0.725888\n-0.583745 0.0359664 0.0617242 0.104924 0.0560544 -0.992899 0.992449 0.0578753 0.108143 0.0635262 -0.996749 -0.0495586 0.762972 0.352983 0.990763\n-0.0123025 -0.137687 0.096072 1 0 0 0 1 0 0 0 1 1.16622 0.59383 0.692994\n0.625223 -0.451769 0.300443 1 0 0 0 1 0 0 0 1 0.157064 0.030385 0.072747\n0.423508 -0.451769 -0.233353 1 1.00629e-17 0 -1.00629e-17 1 0 0 -0 1 0.157065 0.030385 0.072747\n-0.404287 -0.451769 -0.233353 1 0 0 0 1 0 0 0 1 0.157064 0.030385 0.072747\n-0.616524 -0.451769 0.300443 1 0 0 0 1 0 0 0 1 0.157064 0.030385 0.072747\nC 15\n0 1\n0 6\n0 5\n0 3\n0 2\n1 3\n1 4\n1 5\n2 7\n2 6\n2 3\n3 6\n3 7\n3 4\n3 5\nS 3\n2\n1 0.588893 0.0361162 0.0897396\n2 -0.583745 0.0359664 0.0617242\n2\n0.00257422 0.0360413 0.0757319\n-0.999715 -0.000127721 -0.0238841\n2\n4 0.625223 -0.451769 0.300443\n7 -0.616524 -0.451769 0.300443\n2\n0.0043495 -0.451769 0.300443\n-1 0 0\n2\n5 0.423508 -0.451769 -0.233353\n6 -0.404287 -0.451769 -0.233353\n2\n0.00961075 -0.451769 -0.233353\n-1 0 0\nL 8\n0\n3\n3\n1\n2\n2\n2\n2"
}