{
    "boxes": [
        [
            0.005309499800205231,
            -0.1688780039548874,
            0.041121501475572586,
            0.8458349704742432,
            1.289389967918396,
            1.0525000095367432,
            0.0,
            1.0,
            0.0,
            0.0,
            0.0,
            1.0
        ],
        [
            -0.44510799646377563,
            0.016930999234318733,
            -0.04104569926857948,
            1.2291500568389893,
            1.1778899431228638,
            0.2756060063838959,
            0.01093399990350008,
            0.9998769760131836,
            0.011201400309801102,
            -0.16565899550914764,
            -0.00923593994230032,
            0.9861400127410889
        ],
        [
            0.01640780083835125,
            0.011596900410950184,
            -0.04492039978504181,
            1.2264100313186646,
            1.1032999753952026,
            0.9503070116043091,
            -0.0162758007645607,
            0.9996989965438843,
            0.018343299627304077,
            -0.2691099941730499,
            -0.022048600018024445,
            0.9628570079803467
        ]
    ],
    "ops": [
        [
            0,
            0,
            2,
            1,
            0,
            1
        ]
    ],
    "syms": [
        [
            0.0,
            0.9861369729042053,
            0.0011121999705210328,
            0.165926992893219,
            0.010859199799597263,
            0.017445199191570282,
            0.03567489981651306,
            0.0
        ]
    ],
    "labels:": [
        [
            1,
            3,
            0
        ]
    ],
    "obj": 42665,
    "mat_index": 4904,
    "obbs": "N 4\n0.0164078 0.0115969 -0.0449204 -0.962972 -0.0107349 -0.269388 -0.26911 -0.0220486 0.962857 -0.0162758 0.999699 0.0183433 0.950307 1.1033 1.22641\n0.466827 0.0179595 0.112396 -0.00637047 0.999578 -0.0283322 0.983287 0.0114169 0.181706 0.181953 -0.0267011 -0.982945 1.24928 0.250198 1.18377\n-0.445108 0.016931 -0.0410457 0.010934 0.999877 0.0112014 0.986123 -0.0126381 0.165538 0.165659 0.00923594 -0.98614 1.22915 0.275606 1.17789\n0.0053095 -0.168878 0.0411215 1 0 0 0 1 0 0 0 1 1.0525 0.845835 1.28939\nC 5\n0 1\n0 3\n0 2\n1 3\n2 3\nS 1\n2\n1 0.466827 0.0179595 0.112396\n2 -0.445108 0.016931 -0.0410457\n2\n0.0108592 0.0174452 0.0356749\n-0.986137 -0.0011122 -0.165927\nL 4\n0\n3\n3\n1"
}