{
    "boxes": [
        [
            -0.008633719757199287,
            -0.11223900318145752,
            0.11977999657392502,
            0.17900300025939941,
            0.6708139777183533,
            0.9159690141677856,
            -0.00269805989228189,
            0.9999560117721558,
            -0.008930670097470284,
            -1.2047999916831031e-05,
            0.008930670097470284,
            0.9999600052833557
        ],
        [
            -0.439411997795105,
            0.21788300573825836,
            0.12022799998521805,
            0.05589690059423447,
            0.49724099040031433,
            0.08437170088291168,
            -0.024566300213336945,
            0.9785829782485962,
            0.20438000559806824,
            -0.04978590086102486,
            -0.2053849995136261,
            0.9774140119552612
        ],
        [
            -0.40695399045944214,
            0.15851899981498718,
            0.08812189847230911,
            0.4812850058078766,
            0.4477899968624115,
            0.15028400719165802,
            0.05493529886007309,
            0.8182910084724426,
            -0.572172999382019,
            -0.10878799855709076,
            0.5745319724082947,
            0.8112199902534485
        ],
        [
            -0.4363250136375427,
            0.0016570299630984664,
            0.19316799938678741,
            0.06532499939203262,
            0.45100998878479004,
            0.06003950163722038,
            -0.058729398995637894,
            0.7651339769363403,
            -0.6411870121955872,
            -0.021333500742912292,
            0.6411870121955872,
            0.767087996006012
        ],
        [
            -0.41120201349258423,
            -0.42347198724746704,
            -0.17730200290679932,
            0.6070899963378906,
            0.0855254977941513,
            0.04609759896993637,
            0.06397330015897751,
            0.849606990814209,
            0.5235220193862915,
            -0.011971299536526203,
            -0.5239059925079346,
            0.8516920208930969
        ],
        [
            -0.352385014295578,
            -0.414342999458313,
            0.28510499000549316,
            0.70415198802948,
            0.10293299704790115,
            0.045187100768089294,
            0.001017090049572289,
            0.7122930288314819,
            -0.701882004737854,
            -0.009356549941003323,
            0.7018579840660095,
            0.7122550010681152
        ],
        [
            -0.005002070218324661,
            0.3376629948616028,
            -0.20497900247573853,
            0.7829899787902832,
            0.10333500057458878,
            0.6635149717330933,
            -0.0028788999188691378,
            0.9919229745864868,
            -0.1268099993467331,
            -0.003270359942689538,
            0.126800999045372,
            0.9919229745864868
        ],
        [
            -0.004939579870551825,
            0.2767060101032257,
            -0.1818609982728958,
            0.9979720115661621,
            0.25431299209594727,
            0.7533869743347168,
            0.0018031599465757608,
            0.9754670262336731,
            -0.2201399952173233,
            0.002255429979413748,
            0.22013600170612335,
            0.9754670262336731
        ]
    ],
    "ops": [
        [
            0,
            0,
            0,
            0,
            1,
            1,
            2,
            1,
            0,
            0,
            1,
            2,
            1,
            0,
            0,
            1,
            1
        ]
    ],
    "syms": [
        [
            0.0,
            1.0,
            -0.00020094000501558185,
            -0.00022497899772133678,
            -0.008408980444073677,
            0.21779599785804749,
            0.1201310008764267,
            0.0
        ],
        [
            0.0,
            1.0,
            -0.00046403901069425046,
            0.0007697970140725374,
            -0.008478290401399136,
            -0.42365899682044983,
            -0.1769919991493225,
            0.0
        ]
    ],
    "labels:": [
        [
            1,
            3,
            3,
            3,
            2,
            2,
            0,
            0
        ]
    ],
    "obj": 42678,
    "mat_index": 4912,
    "obbs": "N 13\n-0.00500207 0.337663 -0.204979 -0.0028789 0.991923 -0.12681 -0.00327036 0.126801 0.991923 0.999991 0.00327036 0.0028789 0.78299 0.103335 0.663515\n0.390277 0.156454 0.0962896 -0.0965485 -0.54828 -0.830703 0.994004 -0.0100748 -0.108879 0.0513268 -0.836234 0.545965 0.444637 0.154039 0.480694\n-0.406954 0.158519 0.0881219 0.108788 -0.574532 -0.81122 0.992546 0.0176812 0.120583 -0.0549353 -0.818291 0.572173 0.44779 0.150284 0.481285\n-0.00863372 -0.112239 0.11978 0.999996 0.00269806 -1.2048e-05 -0.00269806 0.999956 -0.00893067 -1.2048e-05 0.00893067 0.99996 0.915969 0.179003 0.670814\n0.423814 0.0043956 0.194817 0.968508 0.181478 -0.170462 -0.248741 0.735287 -0.630461 0.0109244 0.653007 0.757273 0.062181 0.0592341 0.45735\n-0.436325 0.00165703 0.193168 0.998046 0.0587294 -0.0213335 -0.0587294 0.765134 -0.641187 -0.0213335 0.641187 0.767088 0.0600395 0.065325 0.45101\n0.422594 0.21771 0.120034 -0.0562011 0.198319 -0.978525 -0.0385678 0.978911 0.200612 0.997674 0.0490142 -0.0473671 0.475219 0.0559003 0.0877924\n-0.439412 0.217883 0.120228 0.0497859 0.205385 -0.977414 -0.0245663 0.978583 0.20438 0.998458 0.0138362 0.0537652 0.497241 0.0558969 0.0843717\n0.394246 -0.423846 -0.176682 0.0640404 -0.852527 -0.518745 0.997879 0.0607671 0.0233236 0.0116386 -0.519139 0.854611 0.607038 0.046097 0.0873397\n0.335712 -0.414342 0.285105 0.0093577 -0.701857 -0.712256 0.999956 0.00584339 0.00737946 -0.00101734 -0.712294 0.701881 0.102933 0.0451871 0.704152\n-0.352385 -0.414343 0.285105 0.00935655 -0.701858 -0.712255 0.999956 0.00584276 0.00737846 -0.00101709 -0.712293 0.701882 0.102933 0.0451871 0.704152\n-0.411202 -0.423472 -0.177302 0.0119713 0.523906 -0.851692 0.99788 -0.0607528 -0.023345 -0.0639733 -0.849607 -0.523522 0.0855255 0.0460976 0.60709\n-0.00493958 0.276706 -0.181861 0.999996 -0.00225543 -0.00180316 0.00225543 0.220136 0.975467 -0.00180316 -0.975467 0.22014 0.753387 0.254313 0.997972\nC 49\n0 7\n0 10\n0 3\n0 11\n0 4\n0 12\n0 5\n0 8\n0 1\n0 6\n0 9\n0 2\n1 3\n1 6\n1 4\n1 9\n1 12\n1 8\n2 12\n2 5\n2 10\n2 3\n2 7\n2 11\n3 11\n3 7\n3 10\n3 6\n3 9\n3 5\n3 12\n3 8\n3 4\n4 8\n4 12\n4 9\n4 6\n5 12\n5 11\n5 10\n5 7\n6 12\n7 12\n8 9\n8 12\n9 12\n10 11\n10 12\n11 12\nS 5\n2\n1 0.390277 0.156454 0.0962896\n2 -0.406954 0.158519 0.0881219\n2\n-0.00833868 0.157487 0.0922057\n-0.999944 0.0025909 -0.0102446\n2\n4 0.423814 0.0043956 0.194817\n5 -0.436325 0.00165703 0.193168\n2\n-0.00625575 0.00302631 0.193993\n-0.999993 -0.00318385 -0.00191704\n2\n6 0.422594 0.21771 0.120034\n7 -0.439412 0.217883 0.120228\n2\n-0.00840898 0.217796 0.120131\n-1 0.00020094 0.000224979\n2\n8 0.394246 -0.423846 -0.176682\n11 -0.411202 -0.423472 -0.177302\n2\n-0.00847829 -0.423659 -0.176992\n-1 0.000464039 -0.000769797\n2\n9 0.335712 -0.414342 0.285105\n10 -0.352385 -0.414343 0.285105\n2\n-0.00833626 -0.414342 0.285105\n-1 -1.50608e-07 -1.709e-07\nL 13\n0\n3\n3\n1\n3\n3\n3\n3\n2\n2\n2\n2\n0"
}