{
    "boxes": [
        [
            0.007915499620139599,
            -0.013447999954223633,
            0.12287800014019012,
            0.14390000700950623,
            0.7877789735794067,
            0.8410170078277588,
            0.0,
            1.0,
            0.0,
            0.0,
            0.0,
            1.0
        ],
        [
            -0.3689199984073639,
            -0.30451399087905884,
            -0.3007250130176544,
            0.9692239761352539,
            0.1336890012025833,
            0.0979141965508461,
            0.012936499901115894,
            0.9899640083312988,
            0.14072799682617188,
            0.014011800289154053,
            -0.1409049928188324,
            0.9899240136146545
        ],
        [
            -0.3761810064315796,
            -0.42173901200294495,
            0.4769029915332794,
            0.7218909859657288,
            0.07972899824380875,
            0.07282499969005585,
            0.0,
            1.0,
            0.0,
            0.0,
            0.0,
            1.0
        ],
        [
            0.023997800424695015,
            0.2848399877548218,
            -0.30397099256515503,
            0.7450550198554993,
            0.11737000197172165,
            0.7983329892158508,
            -0.0005337080219760537,
            0.978659987449646,
            -0.205485001206398,
            -0.000657405995298177,
            0.205485001206398,
            0.978659987449646
        ]
    ],
    "ops": [
        [
            0,
            0,
            0,
            1,
            2,
            1,
            0,
            1
        ]
    ],
    "syms": [
        [
            0.0,
            0.99965900182724,
            -0.002400960074737668,
            0.025997599586844444,
            0.007899150252342224,
            -0.305418998003006,
            -0.2909260094165802,
            0.0
        ]
    ],
    "labels:": [
        [
            1,
            2,
            2,
            0
        ]
    ],
    "obj": 42713,
    "mat_index": 4928,
    "obbs": "N 6\n0.0239978 0.28484 -0.303971 1 0.000657406 0.000533708 -0.000657406 0.205485 0.97866 0.000533708 -0.97866 0.205485 0.798333 0.11737 0.745055\n0.0079155 -0.013448 0.122878 1 0 0 0 1 0 0 0 1 0.841017 0.1439 0.787779\n-0.36892 -0.304514 -0.300725 -0.0129365 -0.989964 -0.140728 0.999818 -0.0108343 -0.015694 0.0140118 -0.140905 0.989924 0.969224 0.0979142 0.133689\n0.384719 -0.306324 -0.281126 0.0161682 -0.993357 -0.113934 0.978157 0.0393316 -0.204112 0.207237 -0.108145 0.972295 0.96949 0.125487 0.14226\n0.392943 -0.41721 0.470394 1 0 0 0 1 0 0 0 1 0.070962 0.730949 0.092745\n-0.376181 -0.421739 0.476903 1 0 0 0 1 0 0 0 1 0.072825 0.721891 0.079729\nC 7\n0 1\n0 3\n0 2\n1 2\n1 3\n1 4\n1 5\nS 2\n2\n2 -0.36892 -0.304514 -0.300725\n3 0.384719 -0.306324 -0.281126\n2\n0.00789915 -0.305419 -0.290926\n0.999659 -0.00240096 0.0259976\n2\n4 0.392943 -0.41721 0.470394\n5 -0.376181 -0.421739 0.476903\n2\n0.00838125 -0.419475 0.473649\n-0.999947 -0.00588821 0.00846113\nL 6\n0\n1\n2\n2\n2\n2"
}