{
    "boxes": [
        [
            -0.001356360036879778,
            -0.03616800159215927,
            0.07014919817447662,
            0.15058499574661255,
            0.6068519949913025,
            0.6207879781723022,
            0.00011005099804606289,
            0.9998670220375061,
            0.016307799145579338,
            -8.97403026556276e-07,
            -0.016307799145579338,
            0.9998670220375061
        ],
        [
            -0.28624099493026733,
            -0.38436099886894226,
            -0.20428800582885742,
            0.6212819814682007,
            0.0862250030040741,
            0.05101599916815758,
            0.0,
            1.0,
            0.0,
            0.0,
            0.0,
            1.0
        ],
        [
            -0.26193100214004517,
            -0.38554999232292175,
            0.3244760036468506,
            0.6139540076255798,
            0.09707300364971161,
            0.0996360033750534,
            0.0,
            1.0,
            0.0,
            0.0,
            0.0,
            1.0
        ],
        [
            -0.2807849943637848,
            -0.5127320289611816,
            0.06794600188732147,
            0.03908490017056465,
            0.476718008518219,
            0.039191700518131256,
            -0.00018833599460776895,
            0.9998459815979004,
            0.017556600272655487,
            0.05233760178089142,
            -0.017522700130939484,
            0.9984760284423828
        ],
        [
            -0.0013569999719038606,
            -0.53677898645401,
            -0.21489199995994568,
            0.03703799843788147,
            0.035030998289585114,
            0.5337539911270142,
            0.0,
            1.0,
            0.0,
            0.0,
            0.0,
            1.0
        ],
        [
            -0.2699199914932251,
            0.42209500074386597,
            -0.2525140047073364,
            1.0132999420166016,
            0.11699000000953674,
            0.09505680203437805,
            0.017816700041294098,
            0.9957230091094971,
            -0.09065759927034378,
            0.19155000150203705,
            0.08559320122003555,
            0.9777439832687378
        ],
        [
            0.004593209829181433,
            0.8218700289726257,
            -0.29976001381874084,
            0.10560400038957596,
            0.043603599071502686,
            0.5219569802284241,
            -0.009254920296370983,
            0.9875770211219788,
            -0.15686100721359253,
            -0.010840400122106075,
            0.15676000714302063,
            0.9875770211219788
        ]
    ],
    "ops": [
        [
            0,
            0,
            2,
            0,
            2,
            0,
            2,
            0,
            2,
            1,
            1,
            1,
            1,
            0,
            2,
            0,
            2,
            1,
            1
        ]
    ],
    "syms": [
        [
            0.0,
            0.999987006187439,
            -0.005057299975305796,
            -0.0002979520068038255,
            -0.000964250008109957,
            -0.3858039975166321,
            -0.20437300205230713,
            0.0
        ],
        [
            0.0,
            1.0,
            0.0007771329837851226,
            -0.00026096298824995756,
            -0.001357999979518354,
            -0.38534700870513916,
            0.32440799474716187,
            0.0
        ],
        [
            0.0,
            1.0,
            -3.973199944998408e-16,
            6.2577900523388356e-15,
            -0.0013569999719038606,
            -0.5127320289611816,
            0.06794600188732147,
            0.0
        ],
        [
            0.0,
            -9.193320238409797e-07,
            0.0,
            1.0,
            -0.0013572500320151448,
            -0.53677898645401,
            0.05704500153660774,
            0.0
        ],
        [
            0.0,
            0.999796986579895,
            -0.015471200458705425,
            0.012910399585962296,
            0.00026390200946480036,
            0.4179140031337738,
            -0.24902600049972534,
            0.0
        ],
        [
            1.0,
            0.004129705019295216,
            0.1496960073709488,
            -0.059372998774051666,
            0.006426310166716576,
            0.2612389922142029,
            -0.2092529982328415,
            0.3333333432674408
        ]
    ],
    "labels:": [
        [
            1,
            2,
            2,
            2,
            2,
            0,
            0
        ]
    ],
    "obj": 42740,
    "mat_index": 4947,
    "obbs": "N 14\n-0.001357 -0.536779 -0.214892 1 0 0 0 1 0 0 0 1 0.533754 0.037038 0.035031\n0.278071 -0.512732 0.067946 -0.998629 0.00110679 -0.0523262 0.000188203 0.999846 0.0175566 0.0523376 0.0175227 -0.998476 0.0391917 0.0390849 0.476718\n-0.280785 -0.512732 0.067946 -0.0523376 0.0175227 -0.998476 -0.000188336 0.999846 0.0175566 0.998629 0.00110692 -0.0523262 0.476718 0.0390849 0.0391917\n-0.0013575 -0.536779 0.328982 1 0 0 0 1 0 0 0 1 0.461243 0.037038 0.035031\n0.259215 -0.385145 0.32434 1 0 0 0 1 0 0 0 1 0.099634 0.61477 0.096801\n0.284312 -0.387247 -0.204458 1 0 0 0 1 0 0 0 1 0.049445 0.615405 0.085793\n-0.286241 -0.384361 -0.204288 1 0 0 0 1 0 0 0 1 0.051016 0.621282 0.086225\n-0.261931 -0.38555 0.324476 1 0 0 0 1 0 0 0 1 0.099636 0.613954 0.097073\n-0.00135636 -0.036168 0.0701492 1 -0.000110051 -8.97403e-07 0.000110051 0.999867 0.0163078 -8.97403e-07 -0.0163078 0.999867 0.620788 0.150585 0.606852\n0.270447 0.413733 -0.245537 -0.0568412 -0.107886 -0.992537 0.998356 -0.0134491 -0.0557126 -0.00733807 -0.994072 0.108473 0.110783 0.0883449 1.03373\n-0.26992 0.422095 -0.252514 -0.0178167 -0.995723 0.0906576 0.981321 -0.0347856 -0.189206 0.19155 0.0855932 0.977744 1.0133 0.0950568 0.11699\n0.00459321 0.82187 -0.29976 -0.00925492 0.987577 -0.156861 -0.0108404 0.15676 0.987577 0.999898 0.0108404 0.00925492 0.105604 0.0436036 0.521957\n0.005938 0.533397 -0.248476 1 0 0 0 1 0 0 0 1 0.523966 0.119454 0.050817\n0.00642631 0.261239 -0.209253 0.999965 -0.00626102 -0.00547695 0.00626102 0.132982 0.991099 -0.00547695 -0.991099 0.133016 0.511315 0.0472388 0.112347\nC 29\n0 5\n0 1\n0 6\n0 2\n1 3\n1 5\n1 4\n2 6\n2 3\n2 7\n3 7\n3 4\n4 8\n5 9\n5 8\n6 10\n6 8\n7 8\n8 13\n8 9\n8 10\n9 11\n9 13\n9 12\n10 11\n10 12\n10 13\n11 12\n12 13\nS 6\n2\n1 0.278071 -0.512732 0.067946\n2 -0.280785 -0.512732 0.067946\n2\n-0.001357 -0.512732 0.067946\n-1 3.9732e-16 -6.25779e-15\n2\n0 -0.001357 -0.536779 -0.214892\n3 -0.0013575 -0.536779 0.328982\n2\n-0.00135725 -0.536779 0.057045\n-9.19332e-07 0 1\n2\n4 0.259215 -0.385145 0.32434\n7 -0.261931 -0.38555 0.324476\n2\n-0.001358 -0.385347 0.324408\n-1 -0.000777133 0.000260963\n2\n5 0.284312 -0.387247 -0.204458\n6 -0.286241 -0.384361 -0.204288\n2\n-0.00096425 -0.385804 -0.204373\n-0.999987 0.0050573 0.000297952\n2\n9 0.270447 0.413733 -0.245537\n10 -0.26992 0.422095 -0.252514\n2\n0.000263902 0.417914 -0.249026\n-0.999797 0.0154712 -0.0129104\n3\n11 0.00459321 0.82187 -0.29976\n12 0.005938 0.533397 -0.248476\n13 0.00642631 0.261239 -0.209253\n1\n0 0 0\n0 0 0\nL 14\n2\n2\n2\n2\n2\n2\n2\n2\n1\n0\n0\n0\n0\n0"
}