{
    "boxes": [
        [
            0.0004939999780617654,
            -0.06294050067663193,
            0.12407100200653076,
            0.08424299955368042,
            0.7006790041923523,
            0.8071240186691284,
            0.0,
            1.0,
            0.0,
            0.0,
            0.0,
            1.0
        ],
        [
            0.3803189992904663,
            -0.4237639904022217,
            -0.24709099531173706,
            0.7315210103988647,
            0.03187119960784912,
            0.03838019818067551,
            -0.017904700711369514,
            0.9691929817199707,
            0.2456510066986084,
            -0.5574300289154053,
            -0.2136390060186386,
            0.8022649884223938
        ],
        [
            -0.37847599387168884,
            -0.4322969913482666,
            -0.2440599948167801,
            0.731777012348175,
            0.0441569983959198,
            0.03258980065584183,
            -0.006012320052832365,
            0.9648789763450623,
            0.2626270055770874,
            0.0524354986846447,
            -0.2619670033454895,
            0.9636510014533997
        ],
        [
            -0.37362799048423767,
            -0.4334389865398407,
            0.4722149968147278,
            0.7361810207366943,
            0.05162160098552704,
            0.045182500034570694,
            0.0042559499852359295,
            0.9669619798660278,
            -0.2548860013484955,
            0.30297499895095825,
            0.24166099727153778,
            0.9218490123748779
        ],
        [
            -0.3810969889163971,
            -0.7844070196151733,
            0.1157429963350296,
            0.027956999838352203,
            0.8954030275344849,
            0.0233559999614954,
            0.0,
            1.0,
            0.0,
            0.0,
            0.0,
            1.0
        ],
        [
            0.0004944999818690121,
            0.24197599291801453,
            -0.21666400134563446,
            0.6210610270500183,
            0.05089699849486351,
            0.8071470260620117,
            0.0,
            1.0,
            0.0,
            0.0,
            0.0,
            1.0
        ]
    ],
    "ops": [
        [
            0,
            0,
            0,
            0,
            0,
            1,
            2,
            1,
            1,
            1,
            0,
            1
        ]
    ],
    "syms": [
        [
            0.0,
            0.9999759793281555,
            -0.0019043099600821733,
            0.006715849973261356,
            9.529040107736364e-05,
            -0.4341509938240051,
            0.47472500801086426,
            0.0
        ]
    ],
    "labels:": [
        [
            1,
            2,
            2,
            2,
            2,
            0
        ]
    ],
    "obj": 42747,
    "mat_index": 4954,
    "obbs": "N 8\n0.0004945 0.241976 -0.216664 1 0 0 0 1 0 0 0 1 0.807147 0.621061 0.050897\n0.000494 -0.0629405 0.124071 1 0 0 0 1 0 0 0 1 0.807124 0.084243 0.700679\n-0.378476 -0.432297 -0.24406 -0.0524355 0.261967 -0.963651 0.998606 0.0195648 -0.0490188 0.00601232 -0.964879 -0.262627 0.044157 0.0325898 0.731777\n0.380319 -0.423764 -0.247091 -0.830031 0.122569 -0.544083 -0.55743 -0.213639 0.802265 -0.0179047 0.969193 0.245651 0.0383802 0.0318712 0.731521\n0.373819 -0.434863 0.477235 -0.826894 -0.137696 -0.54524 -0.56235 0.207763 0.800373 0.00307263 0.968439 -0.249231 0.0486232 0.0462543 0.730852\n-0.373628 -0.433439 0.472215 -0.00425595 -0.966962 0.254886 0.952989 -0.0811473 -0.291937 0.302975 0.241661 0.921849 0.736181 0.0451825 0.0516216\n0.382165 -0.778682 0.110951 1 0 0 0 1 0 0 0 1 0.02339 0.039471 0.902118\n-0.381097 -0.784407 0.115743 1 0 0 0 1 0 0 0 1 0.023356 0.027957 0.895403\nC 11\n0 1\n0 3\n0 2\n1 2\n1 3\n1 4\n1 5\n2 7\n3 6\n4 6\n5 7\nS 2\n2\n4 0.373819 -0.434863 0.477235\n5 -0.373628 -0.433439 0.472215\n2\n9.52904e-05 -0.434151 0.474725\n-0.999976 0.00190431 -0.00671585\n2\n6 0.382165 -0.778682 0.110951\n7 -0.381097 -0.784407 0.115743\n2\n0.000534 -0.781544 0.113347\n-0.999952 -0.00750034 0.00627867\nL 8\n0\n1\n2\n2\n2\n2\n2\n2"
}