{
    "boxes": [
        [
            -0.0042501999996602535,
            -0.03133400157094002,
            0.14323699474334717,
            0.21109500527381897,
            0.7550830245018005,
            0.7916880249977112,
            0.000124708007206209,
            0.9979649782180786,
            -0.06376379728317261,
            3.979960183642106e-06,
            0.06376379728317261,
            0.9979649782180786
        ],
        [
            -0.4466109871864319,
            0.24241800606250763,
            0.06807540357112885,
            0.7043319940567017,
            0.7635110020637512,
            0.2149370014667511,
            -0.315762996673584,
            0.946120023727417,
            -0.07176639884710312,
            -0.13510599732398987,
            0.030032500624656677,
            0.9903759956359863
        ],
        [
            0.001092500053346157,
            -0.38972899317741394,
            0.10576300323009491,
            0.7055400013923645,
            0.1934259980916977,
            0.19809900224208832,
            0.0,
            1.0,
            0.0,
            0.0,
            0.0,
            1.0
        ],
        [
            -0.0064359200187027454,
            -0.7469549775123596,
            0.10940700024366379,
            0.1061989963054657,
            1.0159000158309937,
            1.0155800580978394,
            -0.001193900010548532,
            0.9999979734420776,
            -0.001384470029734075,
            -0.6691309809684753,
            0.0002299899933859706,
            0.7431449890136719
        ],
        [
            0.009689769707620144,
            0.2697409987449646,
            -0.29788801074028015,
            0.8215529918670654,
            0.28630200028419495,
            1.0366400480270386,
            -0.012703999876976013,
            0.9573280215263367,
            -0.28872400522232056,
            -0.017098700627684593,
            0.2884970009326935,
            0.9573280215263367
        ]
    ],
    "ops": [
        [
            0,
            0,
            2,
            1,
            0,
            0,
            1,
            1,
            0,
            1
        ]
    ],
    "syms": [
        [
            0.0,
            0.999534010887146,
            0.0024746099952608347,
            0.030421700328588486,
            -0.008453600108623505,
            0.24350300431251526,
            0.08141110092401505,
            0.0
        ]
    ],
    "labels:": [
        [
            1,
            3,
            2,
            2,
            0
        ]
    ],
    "obj": 42759,
    "mat_index": 4964,
    "obbs": "N 6\n0.00968977 0.269741 -0.297888 0.999773 0.0170987 0.012704 -0.0170987 0.288497 0.957328 0.012704 -0.957328 0.288724 1.03664 0.286302 0.821553\n0.429703 0.244588 0.0947468 -0.327137 -0.941977 0.075238 0.938537 -0.333156 -0.0903121 0.110138 0.0410691 0.993067 0.703255 0.229317 0.71222\n-0.446611 0.242418 0.0680754 0.135106 -0.0300325 -0.990376 0.93917 0.32242 0.118343 0.315763 -0.94612 0.0717664 0.763511 0.214937 0.704332\n-0.0042502 -0.031334 0.143237 1 -0.000124708 3.97996e-06 0.000124708 0.997965 -0.0637638 3.97996e-06 0.0637638 0.997965 0.791688 0.211095 0.755083\n0.0010925 -0.389729 0.105763 1 0 0 0 1 0 0 0 1 0.198099 0.70554 0.193426\n-0.00643592 -0.746955 0.109407 0.669131 -0.00022999 -0.743145 -0.0011939 0.999998 -0.00138447 0.743144 0.00181363 0.669129 1.0159 0.106199 1.01558\nC 10\n0 1\n0 4\n0 3\n0 2\n1 3\n1 4\n2 4\n2 3\n3 4\n4 5\nS 1\n2\n1 0.429703 0.244588 0.0947468\n2 -0.446611 0.242418 0.0680754\n2\n-0.0084536 0.243503 0.0814111\n-0.999534 -0.00247461 -0.0304217\nL 6\n0\n3\n3\n1\n2\n2"
}