{
    "boxes": [
        [
            0.001029500039294362,
            -0.09347350150346756,
            0.12612800300121307,
            0.098642997443676,
            0.6710630059242249,
            0.7503209710121155,
            0.0,
            1.0,
            0.0,
            0.0,
            0.0,
            1.0
        ],
        [
            -0.4258340001106262,
            0.27209600806236267,
            -0.01435959991067648,
            1.0727900266647339,
            0.3385150134563446,
            0.11701100319623947,
            -0.03451159968972206,
            0.7154210209846497,
            -0.6978409886360168,
            0.02287999913096428,
            0.6986389756202698,
            0.7151079773902893
        ],
        [
            0.0010300000431016088,
            -0.4588029980659485,
            0.12021300196647644,
            0.07314000278711319,
            0.05591600015759468,
            1.098330020904541,
            0.0,
            1.0,
            0.0,
            0.0,
            0.0,
            1.0
        ],
        [
            -0.40008699893951416,
            -0.43692800402641296,
            0.15097099542617798,
            0.9905380010604858,
            0.13106200098991394,
            0.12816399335861206,
            0.00359052000567317,
            0.7869210243225098,
            0.6170430183410645,
            -0.17127899825572968,
            -0.6074450016021729,
            0.7756770253181458
        ],
        [
            -0.47477200627326965,
            -0.419981986284256,
            0.11096400022506714,
            0.9907150268554688,
            0.11848899722099304,
            0.10069800168275833,
            -0.0009163719951175153,
            0.7782430052757263,
            -0.6279630064964294,
            0.1260489970445633,
            0.6230440139770508,
            0.7719630002975464
        ],
        [
            -0.39203301072120667,
            0.09043499827384949,
            -0.19518700242042542,
            0.467631995677948,
            0.14217999577522278,
            0.09059900045394897,
            0.0,
            1.0,
            0.0,
            0.0,
            0.0,
            1.0
        ],
        [
            -3.7535701267188415e-05,
            0.4922040104866028,
            -0.24443799257278442,
            0.4297730028629303,
            0.08804930001497269,
            0.7525870203971863,
            0.00041728600626811385,
            0.9958890080451965,
            -0.09058500081300735,
            0.00045696398592554033,
            0.09058479964733124,
            0.9958890080451965
        ],
        [
            0.0007398329908028245,
            0.5193430185317993,
            -0.2477789968252182,
            0.4826579988002777,
            0.09060610085725784,
            0.9716200232505798,
            0.0017462399555370212,
            0.9922959804534912,
            -0.12387499958276749,
            0.0019777799025177956,
            0.12387199699878693,
            0.9922959804534912
        ]
    ],
    "ops": [
        [
            0,
            0,
            2,
            1,
            0,
            0,
            0,
            1,
            2,
            1,
            1,
            0,
            2,
            0,
            0,
            1,
            1,
            1
        ]
    ],
    "syms": [
        [
            0.0,
            0.9999960064888,
            0.0018975699786096811,
            0.002035589888691902,
            0.0012164600193500519,
            0.27290698885917664,
            -0.013490299694240093,
            0.0
        ],
        [
            0.0,
            0.9999399781227112,
            0.006695989985018969,
            -0.008632910437881947,
            0.002808460034430027,
            -0.4342299997806549,
            0.14749200642108917,
            0.0
        ],
        [
            0.0,
            0.9999669790267944,
            -0.007856760174036026,
            0.0019835298880934715,
            0.0037624300457537174,
            0.08732520043849945,
            -0.19440199434757233,
            0.0
        ]
    ],
    "labels:": [
        [
            1,
            3,
            2,
            2,
            2,
            0,
            0,
            0
        ]
    ],
    "obj": 42780,
    "mat_index": 4976,
    "obbs": "N 12\n-3.75357e-05 0.492204 -0.244438 1 -0.000456964 -0.000417286 0.000456964 0.0905848 0.995889 -0.000417286 -0.995889 0.090585 0.752587 0.0880493 0.429773\n0.428266 0.273717 -0.012621 0.0313176 0.725721 -0.687276 0.999483 -0.017712 0.0268413 0.00730623 -0.687761 -0.7259 1.07556 0.114169 0.341128\n-0.425834 0.272096 -0.0143596 -0.02288 -0.698639 -0.715108 0.999142 0.00871291 -0.04048 0.0345116 -0.715421 0.697841 0.338515 0.117011 1.07279\n0.0010295 -0.0934735 0.126128 1 0 0 0 1 0 0 0 1 0.750321 0.098643 0.671063\n0.00103 -0.458803 0.120213 1 0 0 0 1 0 0 0 1 1.09833 0.07314 0.055916\n0.399557 0.0842155 -0.193617 -0.166219 -0.112654 -0.979633 0.986073 -0.0245629 -0.164487 -0.0055325 -0.993331 0.115168 0.0999825 0.0909916 0.450312\n-0.392033 0.090435 -0.195187 1 0 0 0 1 0 0 0 1 0.090599 0.467632 0.14218\n0.405704 -0.431532 0.144014 -0.0785187 0.621633 -0.779363 0.996913 0.0492745 -0.0611341 0.00039976 -0.781757 -0.623583 0.114807 0.110623 0.990473\n0.476066 -0.42499 0.104863 -0.0902098 -0.600726 -0.794349 0.995915 -0.0576154 -0.0695289 -0.00399894 -0.797376 0.603469 0.145352 0.0915596 0.990442\n-0.400087 -0.436928 0.150971 0.171279 0.607445 -0.775677 0.985216 -0.108472 0.132602 -0.00359052 -0.786921 -0.617043 0.131062 0.128164 0.990538\n-0.474772 -0.419982 0.110964 -0.000916372 0.778243 -0.627963 0.992024 -0.0784465 -0.0986675 -0.126049 -0.623044 -0.771963 0.990715 0.100698 0.118489\n0.000739833 0.519343 -0.247779 0.999997 -0.00197778 -0.00174624 0.00197778 0.123872 0.992296 -0.00174624 -0.992296 0.123875 0.97162 0.0906061 0.482658\nC 33\n0 2\n0 11\n0 5\n0 1\n0 6\n1 3\n1 11\n1 5\n1 4\n1 8\n1 7\n2 9\n2 6\n2 10\n2 3\n2 11\n2 4\n3 7\n3 10\n3 6\n3 9\n3 5\n3 8\n4 7\n4 8\n4 9\n4 10\n5 8\n5 11\n6 10\n6 11\n7 8\n9 10\nS 4\n2\n1 0.428266 0.273717 -0.012621\n2 -0.425834 0.272096 -0.0143596\n2\n0.00121646 0.272907 -0.0134903\n-0.999996 -0.00189757 -0.00203559\n2\n5 0.399557 0.0842155 -0.193617\n6 -0.392033 0.090435 -0.195187\n2\n0.00376243 0.0873252 -0.194402\n-0.999967 0.00785676 -0.00198353\n2\n7 0.405704 -0.431532 0.144014\n9 -0.400087 -0.436928 0.150971\n2\n0.00280846 -0.43423 0.147492\n-0.99994 -0.00669599 0.00863291\n2\n8 0.476066 -0.42499 0.104863\n10 -0.474772 -0.419982 0.110964\n2\n0.000646811 -0.422486 0.107914\n-0.999966 0.00526714 0.00641672\nL 12\n0\n3\n3\n1\n2\n0\n0\n2\n2\n2\n2\n0"
}