{
    "boxes": [
        [
            -0.004082249943166971,
            -0.10402700304985046,
            0.1369280070066452,
            0.15894000232219696,
            0.7877640128135681,
            0.7589089870452881,
            0.0013265300076454878,
            0.9998480081558228,
            0.017387600615620613,
            -1.1533499673532788e-05,
            -0.017387600615620613,
            0.9998490214347839
        ],
        [
            -0.34626299142837524,
            -0.4890809953212738,
            0.5018889904022217,
            0.65870600938797,
            0.03610600158572197,
            0.03979799896478653,
            0.0,
            1.0,
            0.0,
            0.0,
            0.0,
            1.0
        ],
        [
            -0.29302701354026794,
            -0.41367200016975403,
            -0.351157009601593,
            0.8203619718551636,
            0.042319998145103455,
            0.06362739950418472,
            0.06693480163812637,
            0.97707200050354,
            0.202114999294281,
            -0.570921003818512,
            -0.12862299382686615,
            0.8108670115470886
        ],
        [
            -0.0039809998124837875,
            0.24321000277996063,
            -0.24351300299167633,
            0.6820719838142395,
            0.2450229972600937,
            0.8726080060005188,
            0.0,
            1.0,
            0.0,
            0.0,
            0.0,
            1.0
        ]
    ],
    "ops": [
        [
            0,
            0,
            0,
            1,
            2,
            1,
            0,
            1
        ]
    ],
    "syms": [
        [
            0.0,
            1.0,
            0.0,
            0.0,
            -0.0038159999530762434,
            -0.4890809953212738,
            0.5018889904022217,
            0.0
        ]
    ],
    "labels:": [
        [
            1,
            2,
            2,
            0
        ]
    ],
    "obj": 42788,
    "mat_index": 4981,
    "obbs": "N 6\n-0.003981 0.24321 -0.243513 1 0 0 0 1 0 0 0 1 0.872608 0.682072 0.245023\n-0.00408225 -0.104027 0.136928 0.999999 -0.00132653 -1.15335e-05 0.00132653 0.999848 0.0173876 -1.15335e-05 -0.0173876 0.999849 0.758909 0.15894 0.787764\n-0.346263 -0.489081 0.501889 1 0 0 0 1 0 0 0 1 0.039798 0.658706 0.036106\n0.338631 -0.489081 0.501889 1 0 0 0 1 0 0 0 1 0.039798 0.658706 0.036106\n0.294033 -0.408992 -0.355257 0.874862 0.174782 -0.451739 0.476851 -0.14707 0.866593 0.0850278 -0.973561 -0.212011 0.0428009 0.0405415 0.820867\n-0.293027 -0.413672 -0.351157 -0.818272 0.169667 -0.549222 -0.570921 -0.128623 0.810867 0.0669348 0.977072 0.202115 0.0636274 0.04232 0.820362\nC 7\n0 1\n0 5\n0 4\n1 2\n1 3\n1 4\n1 5\nS 2\n2\n2 -0.346263 -0.489081 0.501889\n3 0.338631 -0.489081 0.501889\n2\n-0.003816 -0.489081 0.501889\n1 0 0\n2\n4 0.294033 -0.408992 -0.355257\n5 -0.293027 -0.413672 -0.351157\n2\n0.000503229 -0.411332 -0.353207\n-0.999944 -0.00797207 0.00698263\nL 6\n0\n1\n2\n2\n2\n2"
}