{
    "boxes": [
        [
            0.010785999707877636,
            -0.014709999784827232,
            0.0843224972486496,
            0.1206360012292862,
            0.6132689714431763,
            0.6888840198516846,
            0.0,
            1.0,
            0.0,
            0.0,
            0.0,
            1.0
        ],
        [
            0.004202249925583601,
            -0.23912100493907928,
            -0.21833600103855133,
            0.29737600684165955,
            0.9003610014915466,
            0.07075349986553192,
            -0.028471099212765694,
            0.8212469816207886,
            -0.5698630213737488,
            0.01811170019209385,
            0.5704240202903748,
            0.8211510181427002
        ],
        [
            -0.36133500933647156,
            -0.24574600160121918,
            0.40151798725128174,
            0.2869659960269928,
            0.040435999631881714,
            0.873769998550415,
            -0.5521720051765442,
            0.7741619944572449,
            0.30948200821876526,
            0.49591198563575745,
            0.006576380226761103,
            0.8683480024337769
        ],
        [
            0.010773800313472748,
            0.20620499551296234,
            -0.22983500361442566,
            0.4760960042476654,
            0.11209099739789963,
            0.6890349984169006,
            -0.0003582680074032396,
            0.9710190296173096,
            -0.23900200426578522,
            -0.0004571430035866797,
            0.23900200426578522,
            0.9710190296173096
        ]
    ],
    "ops": [
        [
            0,
            0,
            0,
            2,
            1,
            1,
            0,
            1
        ]
    ],
    "syms": [
        [
            0.0,
            0.9999769926071167,
            -0.006470679771155119,
            0.0018731099553406239,
            0.013275399804115295,
            -0.24817000329494476,
            0.4022200107574463,
            0.0
        ]
    ],
    "labels:": [
        [
            1,
            2,
            2,
            0
        ]
    ],
    "obj": 42799,
    "mat_index": 4989,
    "obbs": "N 5\n0.0107738 0.206205 -0.229835 1 0.000457143 0.000358268 -0.000457143 0.239002 0.971019 0.000358268 -0.971019 0.239002 0.689035 0.112091 0.476096\n0.010786 -0.01471 0.0843225 1 0 0 0 1 0 0 0 1 0.688884 0.120636 0.613269\n0.387885 -0.250594 0.402921 0.559639 0.769657 0.307298 -0.489752 0.00802214 0.871825 0.668541 -0.638407 0.381431 0.282507 0.0281196 0.859814\n0.00420225 -0.239121 -0.218336 -0.0181117 -0.570424 -0.821151 0.999431 0.0130579 -0.0311148 0.0284711 -0.821247 0.569863 0.900361 0.0707535 0.297376\n-0.361335 -0.245746 0.401518 0.670207 0.632953 -0.387548 0.495912 0.00657638 0.868348 0.552172 -0.774162 -0.309482 0.87377 0.040436 0.286966\nC 8\n0 1\n0 3\n1 2\n1 3\n1 4\n2 3\n2 4\n3 4\nS 1\n2\n2 0.387885 -0.250594 0.402921\n4 -0.361335 -0.245746 0.401518\n2\n0.0132754 -0.24817 0.40222\n-0.999977 0.00647068 -0.00187311\nL 5\n0\n1\n2\n2\n2"
}