{
    "boxes": [
        [
            0.012261000461876392,
            -0.0662975013256073,
            0.08016149699687958,
            0.2536109983921051,
            0.9351029992103577,
            0.9532899856567383,
            0.0,
            1.0,
            0.0,
            0.0,
            0.0,
            1.0
        ],
        [
            -0.4396289885044098,
            0.11858099699020386,
            0.18252600729465485,
            0.4971480071544647,
            0.5021640062332153,
            0.07338599860668182,
            0.0,
            1.0,
            0.0,
            0.0,
            0.0,
            1.0
        ],
        [
            -0.4218049943447113,
            -0.0789249986410141,
            0.45003101229667664,
            0.2398120015859604,
            0.10106399655342102,
            0.10106299817562103,
            0.0,
            1.0,
            0.0,
            0.0,
            0.0,
            1.0
        ],
        [
            -0.4448609948158264,
            0.3337010145187378,
            0.20607499778270721,
            0.09178370237350464,
            0.4474770128726959,
            0.06825479865074158,
            -0.07093550264835358,
            0.9909800291061401,
            0.11369600147008896,
            -0.0018233100418001413,
            -0.1141119971871376,
            0.9934660196304321
        ],
        [
            -0.43324899673461914,
            0.13284599781036377,
            0.2863689959049225,
            0.4348619878292084,
            0.15249300003051758,
            0.05810169875621796,
            -0.006245879922062159,
            0.8672410249710083,
            -0.4978500008583069,
            0.053495701402425766,
            0.4974370002746582,
            0.8658490180969238
        ],
        [
            -0.28002798557281494,
            -0.4611259996891022,
            -0.30175501108169556,
            0.581059992313385,
            0.10514499992132187,
            0.11133600026369095,
            0.0537961982190609,
            0.9968370199203491,
            0.05850280076265335,
            -0.38817501068115234,
            -0.03310300037264824,
            0.9209910035133362
        ],
        [
            -0.4211899936199188,
            -0.4702489972114563,
            0.4499399960041046,
            0.5575540065765381,
            0.07967100292444229,
            0.0796699970960617,
            0.0,
            1.0,
            0.0,
            0.0,
            0.0,
            1.0
        ],
        [
            0.013907000422477722,
            0.2002280056476593,
            -0.25283101201057434,
            0.6616960167884827,
            0.49740999937057495,
            0.9525099992752075,
            0.0,
            1.0,
            0.0,
            0.0,
            0.0,
            1.0
        ],
        [
            0.01959959976375103,
            0.4735180139541626,
            -0.2414799928665161,
            0.1025639995932579,
            0.5724239945411682,
            0.9620339870452881,
            -0.012029300443828106,
            0.9254350066184998,
            0.37871500849723816,
            0.002366049913689494,
            -0.37871500849723816,
            0.9255099892616272
        ]
    ],
    "ops": [
        [
            0,
            0,
            0,
            1,
            0,
            0,
            1,
            1,
            2,
            1,
            0,
            0,
            1,
            2,
            1,
            0,
            0,
            1,
            1
        ]
    ],
    "syms": [
        [
            0.0,
            0.9997000098228455,
            -0.001861470052972436,
            0.02441900037229061,
            0.011625699698925018,
            0.11774100363254547,
            0.1935490071773529,
            0.0
        ],
        [
            0.0,
            0.9999399781227112,
            -4.843559872824699e-05,
            0.010948100127279758,
            0.01926730014383793,
            -0.4611400067806244,
            -0.29847800731658936,
            0.0
        ]
    ],
    "labels:": [
        [
            1,
            3,
            3,
            3,
            3,
            2,
            2,
            0,
            0
        ]
    ],
    "obj": 280,
    "mat_index": 499,
    "obbs": "N 15\n0.013907 0.200228 -0.252831 1 0 0 0 1 0 0 0 1 0.95251 0.661696 0.49741\n-0.439629 0.118581 0.182526 1 0 0 0 1 0 0 0 1 0.073386 0.497148 0.502164\n0.462881 0.1169 0.204571 1 0 0 0 1 0 0 0 1 0.072833 0.494387 0.482126\n-0.421805 -0.078925 0.450031 1 0 0 0 1 0 0 0 1 0.101063 0.239812 0.101064\n0.451392 -0.078925 0.458898 1 0 0 0 1 0 0 0 1 0.101356 0.239812 0.101356\n0.012261 -0.0662975 0.0801615 1 0 0 0 1 0 0 0 1 0.95329 0.253611 0.935103\n-0.444861 0.333701 0.206075 0.0709355 -0.99098 -0.113696 0.997479 0.0702647 0.00990148 -0.00182331 -0.114112 0.993466 0.0917837 0.0682548 0.447477\n0.477461 0.333412 0.220276 0.00583746 0.0942804 -0.995529 0.987672 -0.156278 -0.00900875 -0.156429 -0.983203 -0.0940304 0.437989 0.0719181 0.0910581\n-0.433249 0.132846 0.286369 -0.0534957 -0.497437 -0.865849 0.998549 -0.0212248 -0.0495005 0.00624588 -0.867241 0.49785 0.152493 0.0581017 0.434862\n0.465233 0.133257 0.291024 0.00573344 -0.489591 -0.871933 0.999883 -0.00957476 0.011951 -0.0141997 -0.871899 0.489479 0.155148 0.0525497 0.434654\n-0.280028 -0.461126 -0.301755 0.0537962 0.996837 0.0585028 -0.388175 -0.033103 0.920991 0.920014 -0.0722551 0.385166 0.58106 0.105145 0.111336\n0.318563 -0.461155 -0.295201 -0.0592986 0.997472 0.039156 0.437722 -0.00927083 0.899062 0.897153 0.0704526 -0.436066 0.580554 0.116255 0.111391\n0.453763 -0.470249 0.459572 1 0 0 0 1 0 0 0 1 0.07863 0.557554 0.07863\n-0.42119 -0.470249 0.44994 1 0 0 0 1 0 0 0 1 0.07967 0.557554 0.079671\n0.0195996 0.473518 -0.24148 -0.00236605 0.378715 -0.92551 -0.0120293 0.925435 0.378715 0.999925 0.0120293 0.00236605 0.572424 0.102564 0.962034\nC 48\n0 14\n0 2\n0 7\n0 10\n0 11\n0 5\n0 8\n0 1\n0 6\n0 9\n1 3\n1 6\n1 14\n1 5\n1 10\n1 13\n1 8\n2 12\n2 5\n2 9\n2 14\n2 7\n2 11\n2 4\n3 6\n3 13\n3 5\n3 8\n4 7\n4 12\n4 9\n4 5\n5 9\n5 6\n5 13\n5 8\n5 12\n5 11\n5 10\n5 7\n6 14\n6 8\n7 14\n7 9\n8 13\n8 14\n9 14\n9 12\nS 6\n2\n1 -0.439629 0.118581 0.182526\n2 0.462881 0.1169 0.204571\n2\n0.0116257 0.117741 0.193549\n0.9997 -0.00186147 0.024419\n2\n3 -0.421805 -0.078925 0.450031\n4 0.451392 -0.078925 0.458898\n2\n0.0147933 -0.078925 0.454464\n0.999948 0 0.0101541\n2\n6 -0.444861 0.333701 0.206075\n7 0.477461 0.333412 0.220276\n2\n0.0163003 0.333557 0.213175\n0.999881 -0.000312704 0.0153945\n2\n8 -0.433249 0.132846 0.286369\n9 0.465233 0.133257 0.291024\n2\n0.0159924 0.133051 0.288697\n0.999986 0.000458062 0.00518018\n2\n10 -0.280028 -0.461126 -0.301755\n11 0.318563 -0.461155 -0.295201\n2\n0.0192673 -0.46114 -0.298478\n0.99994 -4.84356e-05 0.0109481\n2\n12 0.453763 -0.470249 0.459572\n13 -0.42119 -0.470249 0.44994\n2\n0.0162865 -0.470249 0.454756\n-0.999939 0 -0.0110074\nL 15\n0\n3\n3\n3\n3\n1\n3\n3\n3\n3\n2\n2\n2\n2\n0"
}