{
    "boxes": [
        [
            -0.004910619929432869,
            -0.18304799497127533,
            0.18981599807739258,
            0.20909899473190308,
            0.8211569786071777,
            0.9555760025978088,
            8.462629921268672e-05,
            0.997376024723053,
            -0.07239490002393723,
            3.067279976676218e-06,
            0.07239490002393723,
            0.997376024723053
        ],
        [
            -0.44875600934028625,
            -0.050624098628759384,
            0.45921701192855835,
            0.4333609938621521,
            0.08688089996576309,
            0.08492570370435715,
            0.024137599393725395,
            0.9890660047531128,
            -0.14548400044441223,
            0.08836369961500168,
            0.1428460031747818,
            0.9857929944992065
        ],
        [
            -0.4485580027103424,
            -0.08706650137901306,
            -0.2592700123786926,
            0.3980169892311096,
            0.1068980023264885,
            0.07357099652290344,
            0.0,
            1.0,
            0.0,
            0.0,
            0.0,
            1.0
        ],
        [
            -0.4485720098018646,
            0.16106699407100677,
            0.07015550136566162,
            0.12197200208902359,
            0.7771310210227966,
            0.07354400306940079,
            0.0,
            1.0,
            0.0,
            0.0,
            0.0,
            1.0
        ],
        [
            -0.4486280083656311,
            -0.5039680004119873,
            -0.26749101281166077,
            0.5037869811058044,
            0.10153599828481674,
            0.07708749920129776,
            0.008204399608075619,
            0.9866340160369873,
            0.16274799406528473,
            0.006961729843169451,
            -0.16280600428581238,
            0.9866340160369873
        ],
        [
            -0.4484750032424927,
            -0.4948529899120331,
            0.48072001338005066,
            0.5152090191841125,
            0.08999600261449814,
            0.07373800128698349,
            0.0,
            1.0,
            0.0,
            0.0,
            0.0,
            1.0
        ],
        [
            -0.005410999990999699,
            0.24563300609588623,
            -0.24342100322246552,
            1.0266200304031372,
            0.19590499997138977,
            0.8168259859085083,
            7.959850001348912e-10,
            0.981905996799469,
            -0.18936899304389954,
            9.64164970085335e-10,
            0.18936899304389954,
            0.981905996799469
        ]
    ],
    "ops": [
        [
            0,
            0,
            0,
            0,
            1,
            1,
            2,
            1,
            0,
            0,
            1,
            2,
            1,
            0,
            1
        ]
    ],
    "syms": [
        [
            0.0,
            0.9999070167541504,
            -0.01355110015720129,
            0.001754530007019639,
            -0.005380679853260517,
            -0.05663289874792099,
            0.45999500155448914,
            0.0
        ],
        [
            0.0,
            0.9999889731407166,
            -0.004699939861893654,
            0.00023512500047218055,
            -0.005711989942938089,
            -0.5060499906539917,
            -0.26738598942756653,
            0.0
        ]
    ],
    "labels:": [
        [
            1,
            3,
            3,
            3,
            2,
            2,
            0
        ]
    ],
    "obj": 42831,
    "mat_index": 5012,
    "obbs": "N 12\n-0.005411 0.245633 -0.243421 1 -9.64165e-10 -7.95985e-10 9.64165e-10 0.189369 0.981906 -7.95985e-10 -0.981906 0.189369 0.816826 0.195905 1.02662\n0.437521 -0.0934039 -0.263703 -0.0243267 0.990249 -0.137167 0.0321859 0.137913 0.989921 0.999186 0.0196667 -0.035227 0.397236 0.0881696 0.0834989\n0.437995 -0.0626417 0.460773 -0.998544 -0.00183613 -0.0539115 -0.0535739 0.150437 0.987167 0.00629773 0.988618 -0.150317 0.0765333 0.0856403 0.4532\n-0.448756 -0.0506241 0.459217 0.995796 -0.0366502 -0.0839495 0.0883637 0.142846 0.985793 -0.0241376 -0.989066 0.145484 0.0849257 0.0868809 0.433361\n-0.448558 -0.0870665 -0.25927 1 0 0 0 1 0 0 0 1 0.073571 0.398017 0.106898\n-0.00491062 -0.183048 0.189816 1 -8.46263e-05 3.06728e-06 8.46263e-05 0.997376 -0.0723949 3.06728e-06 0.0723949 0.997376 0.955576 0.209099 0.821157\n-0.448628 -0.503968 -0.267491 0.999942 -0.00696173 -0.0082044 0.00696173 -0.162806 0.986634 -0.0082044 -0.986634 -0.162748 0.0770875 0.101536 0.503787\n0.437204 -0.508132 -0.267282 0.998579 -0.000820149 -0.053293 0.0525266 -0.154489 0.986597 -0.00904236 -0.987994 -0.154227 0.078517 0.100621 0.495536\n0.437573 -0.495649 0.480723 1 0 0 0 1 0 0 0 1 0.073738 0.513617 0.089981\n-0.448475 -0.494853 0.48072 1 0 0 0 1 0 0 0 1 0.073738 0.515209 0.089996\n0.437573 0.155118 0.0726115 1 0 0 0 1 0 0 0 1 0.073738 0.133851 0.782589\n-0.448572 0.161067 0.0701555 1 0 0 0 1 0 0 0 1 0.073544 0.121972 0.777131\nC 25\n0 7\n0 10\n0 11\n0 4\n0 5\n0 1\n0 6\n1 5\n1 10\n1 7\n2 8\n2 5\n2 10\n3 11\n3 9\n3 5\n4 5\n4 11\n4 6\n5 9\n5 6\n5 8\n5 11\n5 10\n5 7\nS 5\n2\n1 0.437521 -0.0934039 -0.263703\n4 -0.448558 -0.0870665 -0.25927\n2\n-0.00551885 -0.0902352 -0.261486\n-0.999962 0.00715195 0.00500259\n2\n2 0.437995 -0.0626417 0.460773\n3 -0.448756 -0.0506241 0.459217\n2\n-0.00538068 -0.0566329 0.459995\n-0.999907 0.0135511 -0.00175453\n2\n6 -0.448628 -0.503968 -0.267491\n7 0.437204 -0.508132 -0.267282\n2\n-0.00571199 -0.50605 -0.267386\n0.999989 -0.00469994 0.000235125\n2\n8 0.437573 -0.495649 0.480723\n9 -0.448475 -0.494853 0.48072\n2\n-0.005451 -0.495251 0.480722\n-1 0.000897242 -3.95012e-06\n2\n10 0.437573 0.155118 0.0726115\n11 -0.448572 0.161067 0.0701555\n2\n-0.0054995 0.158093 0.0713835\n-0.999974 0.00671261 -0.00277148\nL 12\n0\n3\n3\n3\n3\n1\n2\n2\n2\n2\n3\n3"
}