{
    "boxes": [
        [
            0.004162000026553869,
            -0.09368450194597244,
            0.11295200139284134,
            0.232123002409935,
            0.8856239914894104,
            0.8557919859886169,
            0.0,
            1.0,
            0.0,
            0.0,
            0.0,
            1.0
        ],
        [
            -0.3725210130214691,
            -0.4804239869117737,
            0.4976379871368408,
            0.5923020243644714,
            0.11588999629020691,
            0.10242799669504166,
            0.0,
            1.0,
            0.0,
            0.0,
            0.0,
            1.0
        ],
        [
            0.39127498865127563,
            -0.47364699840545654,
            -0.3024660050868988,
            0.6141359806060791,
            0.12720100581645966,
            0.14166800677776337,
            -0.020229699090123177,
            0.9953929781913757,
            0.0937231034040451,
            -0.5564090013504028,
            -0.08909290283918381,
            0.8261190056800842
        ],
        [
            -0.3730829954147339,
            -0.46901899576187134,
            -0.30723199248313904,
            0.6232759952545166,
            0.12889499962329865,
            0.11998599767684937,
            -0.006000040099024773,
            0.994733989238739,
            0.10231100022792816,
            -0.35322099924087524,
            -0.09782560169696808,
            0.9304109811782837
        ],
        [
            0.005312080029398203,
            0.4670979976654053,
            -0.2977609932422638,
            0.6093639731407166,
            0.08149179816246033,
            0.8508819937705994,
            -0.0015957499854266644,
            0.998341977596283,
            -0.05753520131111145,
            -0.0016903600189834833,
            0.057532500475645065,
            0.998341977596283
        ],
        [
            -0.3733150064945221,
            0.10894899815320969,
            -0.2769179940223694,
            0.40101000666618347,
            0.09766700118780136,
            0.1008400022983551,
            0.0,
            1.0,
            0.0,
            0.0,
            0.0,
            1.0
        ]
    ],
    "ops": [
        [
            0,
            0,
            2,
            0,
            0,
            1,
            1,
            1,
            0,
            0,
            2,
            1,
            1
        ]
    ],
    "syms": [
        [
            0.0,
            0.9999979734420776,
            0.0020965898875147104,
            3.3184498988703126e-06,
            0.004160500131547451,
            -0.47963398694992065,
            0.497639000415802,
            0.0
        ],
        [
            0.0,
            0.9998630285263062,
            0.015958700329065323,
            0.004473249893635511,
            0.0037640000227838755,
            0.11496800184249878,
            -0.2752310037612915,
            0.0
        ]
    ],
    "labels:": [
        [
            1,
            2,
            2,
            2,
            0,
            0
        ]
    ],
    "obj": 42842,
    "mat_index": 5016,
    "obbs": "N 8\n0.00531208 0.467098 -0.297761 -0.00159575 0.998342 -0.0575352 -0.00169036 0.0575325 0.998342 0.999997 0.00169036 0.00159575 0.609364 0.0814918 0.850882\n0.004162 -0.0936845 0.112952 1 0 0 0 1 0 0 0 1 0.855792 0.232123 0.885624\n0.380843 0.120986 -0.273543 1 0 0 0 1 0 0 0 1 0.10243 0.377158 0.102367\n-0.373315 0.108949 -0.276918 1 0 0 0 1 0 0 0 1 0.10084 0.40101 0.097667\n0.391275 -0.473647 -0.302466 -0.0202297 0.995393 0.0937231 -0.556409 -0.0890929 0.826119 0.830662 -0.0354362 0.555647 0.614136 0.127201 0.141668\n0.380842 -0.478845 0.497641 1 0 0 0 1 0 0 0 1 0.102434 0.595461 0.115885\n-0.372521 -0.480424 0.497638 1 0 0 0 1 0 0 0 1 0.102428 0.592302 0.11589\n-0.373083 -0.469019 -0.307232 0.353221 0.0978256 -0.930411 0.935521 -0.0305559 0.351948 0.00600004 -0.994734 -0.102311 0.128895 0.119986 0.623276\nC 11\n0 1\n0 3\n0 2\n1 2\n1 3\n1 4\n1 5\n1 6\n1 7\n2 4\n3 7\nS 2\n2\n2 0.380843 0.120986 -0.273543\n3 -0.373315 0.108949 -0.276918\n2\n0.003764 0.114968 -0.275231\n-0.999863 -0.0159587 -0.00447325\n2\n5 0.380842 -0.478845 0.497641\n6 -0.372521 -0.480424 0.497638\n2\n0.0041605 -0.479634 0.497639\n-0.999998 -0.00209659 -3.31845e-06\nL 8\n0\n1\n0\n0\n2\n2\n2\n2"
}