{
    "boxes": [
        [
            0.00865199975669384,
            -0.17819300293922424,
            0.2084140032529831,
            0.24268299341201782,
            0.9109600186347961,
            1.0223599672317505,
            0.0,
            1.0,
            0.0,
            0.0,
            0.0,
            1.0
        ],
        [
            -0.439175009727478,
            -0.03599590063095093,
            0.12355899810791016,
            0.5695970058441162,
            0.779649019241333,
            0.23770399391651154,
            -0.1779409945011139,
            0.9840180277824402,
            0.006720670033246279,
            -0.06832180172204971,
            -0.019167300313711166,
            0.9974790215492249
        ],
        [
            -0.3114140033721924,
            -0.5011810064315796,
            -0.2869209945201874,
            0.4441089928150177,
            0.06262320280075073,
            0.07156649976968765,
            0.06307219713926315,
            0.9977740049362183,
            0.021638700738549232,
            -0.2157749980688095,
            -0.007535660173743963,
            0.9764140248298645
        ],
        [
            -0.4342780113220215,
            -0.5255709886550903,
            0.5992119908332825,
            0.39018499851226807,
            0.10349900275468826,
            0.10339400172233582,
            0.0,
            1.0,
            0.0,
            0.0,
            0.0,
            1.0
        ],
        [
            0.00865199975669384,
            0.17491500079631805,
            -0.36212098598480225,
            0.964356005191803,
            0.2611980140209198,
            1.0756299495697021,
            6.950219955115244e-09,
            0.9920679926872253,
            -0.1256999969482422,
            7.88640974747068e-09,
            0.1256999969482422,
            0.9920679926872253
        ]
    ],
    "ops": [
        [
            0,
            0,
            2,
            1,
            0,
            0,
            1,
            2,
            1,
            0,
            1
        ]
    ],
    "syms": [
        [
            0.0,
            0.9999970197677612,
            0.0018833200447261333,
            -0.0015359499957412481,
            0.00871478021144867,
            -0.03515240177512169,
            0.12287099659442902,
            0.0
        ],
        [
            0.0,
            0.9999899864196777,
            1.813669996408862e-07,
            0.004545850213617086,
            0.00897308997809887,
            -0.5011810064315796,
            -0.28546398878097534,
            0.0
        ]
    ],
    "labels:": [
        [
            1,
            3,
            2,
            2,
            0
        ]
    ],
    "obj": 42863,
    "mat_index": 5028,
    "obbs": "N 8\n0.008652 0.174915 -0.362121 1 -7.88641e-09 -6.95022e-09 7.88641e-09 0.1257 0.992068 -6.95022e-09 -0.992068 0.1257 1.07563 0.261198 0.964356\n0.456604 -0.0343089 0.122183 -0.175959 -0.983853 0.0327375 0.981478 -0.1779 -0.0710867 0.0757629 0.0196227 0.996933 0.566419 0.237393 0.78784\n-0.439175 -0.0359959 0.123559 0.0683218 0.0191673 -0.997479 0.981667 0.177033 0.0706406 0.177941 -0.984018 -0.00672067 0.779649 0.237704 0.569597\n0.008652 -0.178193 0.208414 1 0 0 0 1 0 0 0 1 1.02236 0.242683 0.91096\n-0.311414 -0.501181 -0.286921 0.215775 0.00753566 -0.976414 0.974404 -0.0662536 0.21482 -0.0630722 -0.997774 -0.0216387 0.0626232 0.0715665 0.444109\n0.329361 -0.501181 -0.284008 -0.214814 -0.00755322 -0.976626 0.9744 0.0662531 -0.214837 0.0663272 -0.997774 -0.00687226 0.0626258 0.0715662 0.44411\n0.451582 -0.525571 0.599212 1 0 0 0 1 0 0 0 1 0.103394 0.390185 0.103499\n-0.434278 -0.525571 0.599212 1 0 0 0 1 0 0 0 1 0.103394 0.390185 0.103499\nC 15\n0 1\n0 5\n0 4\n0 3\n0 2\n1 3\n1 5\n1 6\n2 7\n2 4\n2 3\n3 6\n3 7\n3 4\n3 5\nS 3\n2\n1 0.456604 -0.0343089 0.122183\n2 -0.439175 -0.0359959 0.123559\n2\n0.00871478 -0.0351524 0.122871\n-0.999997 -0.00188332 0.00153595\n2\n4 -0.311414 -0.501181 -0.286921\n5 0.329361 -0.501181 -0.284008\n2\n0.00897309 -0.501181 -0.285464\n0.99999 1.81367e-07 0.00454585\n2\n6 0.451582 -0.525571 0.599212\n7 -0.434278 -0.525571 0.599212\n2\n0.008652 -0.525571 0.599212\n-1 0 0\nL 8\n0\n3\n3\n1\n2\n2\n2\n2"
}