{
    "boxes": [
        [
            -0.0014764999505132437,
            0.06944649666547775,
            -0.0220784991979599,
            0.06916700303554535,
            0.49893099069595337,
            0.656378984451294,
            0.0,
            1.0,
            0.0,
            0.0,
            0.0,
            1.0
        ],
        [
            -0.3573650121688843,
            0.23561200499534607,
            -0.06324619799852371,
            0.1486700028181076,
            0.5260339975357056,
            0.08557040244340897,
            -0.1541990041732788,
            0.9403020143508911,
            -0.3034040033817291,
            0.0071822600439190865,
            0.3081350028514862,
            0.9513149857521057
        ],
        [
            0.36456000804901123,
            0.27595698833465576,
            -0.08081170171499252,
            0.14251099526882172,
            0.5476530194282532,
            0.15205800533294678,
            -0.43220800161361694,
            0.8399689793586731,
            -0.32809799909591675,
            0.01726830005645752,
            0.37147900462150574,
            0.9282810091972351
        ],
        [
            -0.3800030052661896,
            0.2624250054359436,
            -0.06457500159740448,
            0.151868999004364,
            0.5277490019798279,
            0.1101830005645752,
            0.05319949984550476,
            0.9505559802055359,
            -0.3059619963169098,
            0.008344810456037521,
            0.3059619963169098,
            0.952006995677948
        ],
        [
            -0.0001633829961065203,
            -0.3893739879131317,
            0.16245999932289124,
            0.865854024887085,
            0.48977500200271606,
            0.6760830283164978,
            0.011667399667203426,
            0.821832001209259,
            0.5696110129356384,
            0.03351509943604469,
            -0.5696510076522827,
            0.8212029933929443
        ],
        [
            -0.014424500055611134,
            0.48145800828933716,
            -0.2666170001029968,
            0.8578109741210938,
            0.08236599713563919,
            0.7074429988861084,
            0.0,
            1.0,
            0.0,
            0.0,
            0.0,
            1.0
        ]
    ],
    "ops": [
        [
            0,
            0,
            0,
            0,
            2,
            1,
            1,
            1,
            0,
            1,
            0,
            1
        ]
    ],
    "syms": [
        [
            0.0,
            0.9991809725761414,
            -0.040449999272823334,
            -0.0006304549751803279,
            -0.015339899808168411,
            0.2476630061864853,
            -0.06480509787797928,
            0.0
        ]
    ],
    "labels:": [
        [
            1,
            3,
            3,
            3,
            2,
            0
        ]
    ],
    "obj": 42886,
    "mat_index": 5043,
    "obbs": "N 7\n-0.0144245 0.481458 -0.266617 1 0 0 0 1 0 0 0 1 0.707443 0.857811 0.082366\n0.36456 0.275957 -0.0808117 0.901609 0.395544 -0.175061 -0.432208 0.839969 -0.328098 0.0172683 0.371479 0.928281 0.152058 0.142511 0.547653\n0.349323 0.2329 -0.0650352 0.00959348 -0.341784 -0.939729 0.999637 -0.0203979 0.0176239 -0.0251921 -0.939557 0.341465 0.540575 0.0725734 0.139175\n-0.380003 0.262425 -0.064575 0.998549 -0.0531995 0.00834481 0.0531995 0.950556 -0.305962 0.00834481 0.305962 0.952007 0.110183 0.151869 0.527749\n-0.357365 0.235612 -0.0632462 -0.154199 0.940302 -0.303404 0.988014 0.144513 -0.0542677 -0.00718226 -0.308135 -0.951315 0.14867 0.0855704 0.526034\n-0.0014765 0.0694465 -0.0220785 1 0 0 0 1 0 0 0 1 0.656379 0.069167 0.498931\n-0.000163383 -0.389374 0.16246 0.99937 0.00950927 -0.0341901 0.0335151 -0.569651 0.821203 -0.0116674 -0.821832 -0.569611 0.676083 0.489775 0.865854\nC 16\n0 1\n0 5\n0 4\n0 3\n0 2\n1 2\n1 5\n1 6\n2 6\n2 5\n3 6\n3 4\n3 5\n4 6\n4 5\n5 6\nS 1\n2\n2 0.349323 0.2329 -0.0650352\n3 -0.380003 0.262425 -0.064575\n2\n-0.0153399 0.247663 -0.0648051\n-0.999181 0.04045 0.000630455\nL 7\n0\n3\n3\n3\n3\n1\n2"
}