{
    "boxes": [
        [
            -0.0025289999321103096,
            -0.06985100358724594,
            0.12136700004339218,
            0.24522599577903748,
            0.6937500238418579,
            0.7483540177345276,
            0.0,
            1.0,
            0.0,
            0.0,
            0.0,
            1.0
        ],
        [
            -0.2841140031814575,
            -0.3598470091819763,
            0.09732180088758469,
            0.054467398673295975,
            0.5688940286636353,
            0.03383469954133034,
            -0.041933901607990265,
            0.9990469813346863,
            -0.012070899829268456,
            -0.1511330008506775,
            0.005599780008196831,
            0.9884979724884033
        ],
        [
            0.3211379945278168,
            -0.48132801055908203,
            0.3909919857978821,
            0.6492199897766113,
            0.0911479964852333,
            0.059376999735832214,
            0.0,
            1.0,
            0.0,
            0.0,
            0.0,
            1.0
        ],
        [
            -0.002687999978661537,
            -0.2988550066947937,
            -0.2206220030784607,
            0.11155900359153748,
            0.028720999136567116,
            0.36163198947906494,
            0.0,
            1.0,
            0.0,
            0.0,
            0.0,
            1.0
        ],
        [
            0.21658200025558472,
            -0.48894599080085754,
            -0.20191000401973724,
            0.6337069869041443,
            0.07939799875020981,
            0.11999800056219101,
            0.0,
            1.0,
            0.0,
            0.0,
            0.0,
            1.0
        ],
        [
            -0.0023268999066203833,
            0.3560509979724884,
            -0.2719550132751465,
            0.06483809649944305,
            0.02367660030722618,
            0.35826700925827026,
            -0.00737746013328433,
            0.9687349796295166,
            -0.2479889988899231,
            -0.009503589943051338,
            0.24791699647903442,
            0.9687349796295166
        ],
        [
            -0.00831202045083046,
            0.4436019957065582,
            -0.2866159975528717,
            0.05804780125617981,
            0.021815400570631027,
            0.3462499976158142,
            -0.004645019769668579,
            0.9896609783172607,
            -0.14335200190544128,
            -0.005366260185837746,
            0.143326997756958,
            0.9896609783172607
        ],
        [
            -0.0025289999321103096,
            0.8850119709968567,
            -0.29337000846862793,
            0.1512169986963272,
            0.03338500112295151,
            0.5503860116004944,
            0.0,
            1.0,
            0.0,
            0.0,
            0.0,
            1.0
        ],
        [
            -0.21556100249290466,
            0.3066270053386688,
            -0.2593410015106201,
            1.0125800371170044,
            0.0655352994799614,
            0.16212700307369232,
            -0.02302210032939911,
            0.9953100085258484,
            -0.09396039694547653,
            -0.08266119658946991,
            0.0917683020234108,
            0.9923440217971802
        ],
        [
            0.0064849997870624065,
            0.6444770097732544,
            -0.29315799474716187,
            0.06664799898862839,
            0.020287999883294106,
            0.3411700129508972,
            0.0,
            1.0,
            0.0,
            0.0,
            0.0,
            1.0
        ],
        [
            0.0031534999143332243,
            0.5429530143737793,
            -0.29177799820899963,
            0.05141599848866463,
            0.01871900074183941,
            0.341390997171402,
            0.0,
            1.0,
            0.0,
            0.0,
            0.0,
            1.0
        ]
    ],
    "ops": [
        [
            0,
            0,
            0,
            1,
            2,
            0,
            0,
            2,
            1,
            1,
            1,
            0,
            0,
            2,
            1,
            0,
            0,
            2,
            1,
            0,
            0,
            1,
            2,
            1,
            1,
            1
        ]
    ],
    "syms": [
        [
            0.0,
            0.9999960064888,
            0.00271980999968946,
            0.0012459800345823169,
            -0.0038428199477493763,
            -0.35908499360084534,
            0.09767100214958191,
            0.0
        ],
        [
            0.0,
            0.9999380111694336,
            -0.0003637380141299218,
            -0.011146900244057178,
            -0.0043161301873624325,
            -0.4888649880886078,
            -0.19944800436496735,
            0.0
        ],
        [
            0.0,
            0.011436699889600277,
            0.983680009841919,
            -0.1795630007982254,
            -0.009403680451214314,
            0.3497070074081421,
            -0.2694770097732544,
            0.0
        ],
        [
            0.0,
            0.9999979734420776,
            0.0006354409852065146,
            -0.0017950700130313635,
            0.0006043610046617687,
            0.30676499009132385,
            -0.2597289979457855,
            0.0
        ],
        [
            0.0,
            0.027435800060629845,
            0.993336021900177,
            -0.11193899810314178,
            -0.001513589988462627,
            0.3548809885978699,
            -0.2605229914188385,
            0.0
        ]
    ],
    "labels:": [
        [
            1,
            2,
            2,
            2,
            2,
            0,
            0,
            0,
            0,
            0,
            0
        ]
    ],
    "obj": 42888,
    "mat_index": 5045,
    "obbs": "N 18\n-0.002529 0.885012 -0.29337 1 0 0 0 1 0 0 0 1 0.550386 0.151217 0.033385\n-0.002529 -0.069851 0.121367 1 0 0 0 1 0 0 0 1 0.748354 0.245226 0.69375\n0.216769 0.306902 -0.260117 0.999317 -0.0273323 -0.0248647 0.0273323 0.0939624 0.9952 -0.0248647 -0.9952 0.0946452 0.151524 0.063901 1.01284\n-0.215561 0.306627 -0.259341 -0.0230221 0.99531 -0.0939604 -0.0826612 0.0917683 0.992344 0.996312 0.0306127 0.0801608 1.01258 0.0655353 0.162127\n-0.00951218 0.0652851 -0.227889 1 0.000183467 0.000167991 -0.000183467 0.0878963 0.99613 0.000167991 -0.99613 0.0878964 0.33746 0.0224546 0.0496837\n0.000436022 0.162538 -0.238511 0.99999 -0.0033817 -0.00296455 0.0033817 0.130893 0.991391 -0.00296455 -0.991391 0.130903 0.328952 0.0221543 0.0542264\n-0.0104953 0.255812 -0.252337 0.999999 0.00126179 0.00112418 -0.00126179 0.114968 0.993368 0.00112418 -0.993368 0.114969 0.339052 0.0204268 0.054806\n-0.0023269 0.356051 -0.271955 0.999928 0.00950359 0.00737746 -0.00950359 0.247917 0.968735 0.00737746 -0.968735 0.247989 0.358267 0.0236766 0.0648381\n-0.00831202 0.443602 -0.286616 0.999975 0.00536626 0.00464502 -0.00536626 0.143327 0.989661 0.00464502 -0.989661 0.143352 0.34625 0.0218154 0.0580478\n0.0031535 0.542953 -0.291778 1 0 0 0 1 0 0 0 1 0.341391 0.051416 0.018719\n0.006485 0.644477 -0.293158 1 0 0 0 1 0 0 0 1 0.34117 0.066648 0.020288\n0.276429 -0.358323 0.0980203 0.0702359 -0.997445 -0.0130213 0.98548 0.0714043 -0.154047 0.154583 -0.00201264 0.987978 0.055423 0.0275569 0.56495\n-0.002688 -0.298855 -0.220622 1 0 0 0 1 0 0 0 1 0.361632 0.111559 0.028721\n-0.284114 -0.359847 0.0973218 0.151133 -0.00559978 -0.988498 0.987624 0.0432758 0.150755 0.0419339 -0.999047 0.0120709 0.568894 0.0338347 0.0544674\n-0.320414 -0.487687 0.399711 1 0 0 0 1 0 0 0 1 0.07085 0.636416 0.073688\n-0.225214 -0.488785 -0.196985 0.999583 -0.0206988 -0.0201405 0.0206988 0.0271213 0.999418 -0.0201405 -0.999418 0.0275385 0.120788 0.0741944 0.634285\n0.216582 -0.488946 -0.20191 1 0 0 0 1 0 0 0 1 0.119998 0.633707 0.079398\n0.321138 -0.481328 0.390992 1 0 0 0 1 0 0 0 1 0.059377 0.64922 0.091148\nC 61\n0 2\n0 10\n0 3\n0 9\n1 3\n1 17\n1 15\n1 6\n1 11\n1 2\n1 16\n1 14\n1 5\n1 13\n1 4\n1 12\n2 8\n2 12\n2 5\n2 9\n2 16\n2 6\n2 10\n2 7\n2 11\n2 4\n3 15\n3 7\n3 10\n3 6\n3 13\n3 9\n3 5\n3 12\n3 8\n3 4\n4 7\n4 5\n4 16\n4 6\n4 15\n5 6\n5 8\n5 7\n6 9\n6 7\n6 8\n7 10\n7 8\n7 9\n8 9\n8 10\n9 10\n11 16\n11 12\n11 17\n12 16\n12 13\n12 15\n13 15\n13 14\nS 7\n2\n2 0.216769 0.306902 -0.260117\n3 -0.215561 0.306627 -0.259341\n2\n0.000604361 0.306765 -0.259729\n-0.999998 -0.000635441 0.00179507\n2\n4 -0.00951218 0.0652851 -0.227889\n10 0.006485 0.644477 -0.293158\n2\n-0.00151359 0.354881 -0.260523\n0.0274358 0.993336 -0.111939\n2\n5 0.000436022 0.162538 -0.238511\n9 0.0031535 0.542953 -0.291778\n2\n0.00179476 0.352745 -0.265144\n0.00707426 0.990314 -0.138665\n2\n6 -0.0104953 0.255812 -0.252337\n8 -0.00831202 0.443602 -0.286616\n2\n-0.00940368 0.349707 -0.269477\n0.0114367 0.98368 -0.179563\n2\n11 0.276429 -0.358323 0.0980203\n13 -0.284114 -0.359847 0.0973218\n2\n-0.00384282 -0.359085 0.097671\n-0.999996 -0.00271981 -0.00124598\n2\n14 -0.320414 -0.487687 0.399711\n17 0.321138 -0.481328 0.390992\n2\n0.00036225 -0.484507 0.395352\n0.999859 0.00991049 -0.0135885\n2\n15 -0.225214 -0.488785 -0.196985\n16 0.216582 -0.488946 -0.20191\n2\n-0.00431613 -0.488865 -0.199448\n0.999938 -0.000363738 -0.0111469\nL 18\n0\n1\n0\n0\n0\n0\n0\n0\n0\n0\n0\n2\n2\n2\n2\n2\n2\n2"
}