{
    "boxes": [
        [
            -0.010771499946713448,
            -0.04127959907054901,
            0.1445309966802597,
            0.08429290354251862,
            0.753358006477356,
            0.7416849732398987,
            -0.004739999771118164,
            0.9967629909515381,
            -0.0802564024925232,
            -0.00019051600247621536,
            0.0802564024925232,
            0.9967740178108215
        ],
        [
            -0.33902499079704285,
            0.06977839767932892,
            0.10212700068950653,
            0.5963590145111084,
            0.23463499546051025,
            0.24041900038719177,
            -0.6541569828987122,
            0.754721999168396,
            0.04973069950938225,
            -0.16249699890613556,
            -0.20444999635219574,
            0.9652950167655945
        ],
        [
            -0.4135020077228546,
            0.12518100440502167,
            0.02300580032169819,
            0.44140100479125977,
            0.4918859899044037,
            0.04361550137400627,
            -0.14020900428295135,
            0.9857749938964844,
            -0.09267859905958176,
            -0.02669990062713623,
            0.08980490267276764,
            0.9956009984016418
        ],
        [
            -0.23243500292301178,
            -0.10406599938869476,
            -0.11276499927043915,
            0.03849809989333153,
            0.06173510104417801,
            0.3254530131816864,
            -0.004192260093986988,
            0.999983012676239,
            -0.004020700231194496,
            -0.3090220093727112,
            0.002528429962694645,
            0.9510509967803955
        ],
        [
            -0.010716499760746956,
            -0.21057499945163727,
            0.04897550120949745,
            0.1199129968881607,
            0.08656899631023407,
            0.08656899631023407,
            0.0,
            1.0,
            0.0,
            0.0,
            0.0,
            1.0
        ],
        [
            -0.23153500258922577,
            -0.5002520084381104,
            -0.1718599945306778,
            0.8555819988250732,
            0.03476269915699959,
            0.08580750226974487,
            0.44613900780677795,
            0.7758659720420837,
            0.44608399271965027,
            -0.7085390090942383,
            0.0017000799998641014,
            0.7056689858436584
        ],
        [
            -0.011451199650764465,
            0.282384991645813,
            -0.23716400563716888,
            0.7397189736366272,
            0.10917499661445618,
            0.7124760150909424,
            -0.0022538299672305584,
            0.9836469888687134,
            -0.1800920069217682,
            -0.0027039300184696913,
            0.18008600175380707,
            0.9836469888687134
        ],
        [
            -0.010469100438058376,
            0.27456000447273254,
            -0.2611609995365143,
            0.7455719709396362,
            0.11594399809837341,
            0.7126680016517639,
            -0.00015543399786110967,
            0.9900220036506653,
            -0.14090999960899353,
            -0.00017912400653585792,
            0.14090999960899353,
            0.9900220036506653
        ]
    ],
    "ops": [
        [
            0,
            0,
            0,
            0,
            1,
            1,
            2,
            1,
            0,
            0,
            2,
            1,
            1,
            0,
            0,
            1,
            1
        ]
    ],
    "syms": [
        [
            0.0,
            0.9999729990959167,
            -0.00541948014870286,
            0.004885840229690075,
            -0.01065799966454506,
            0.06799879670143127,
            0.10373199731111526,
            0.0
        ],
        [
            -1.0,
            0.024552399292588234,
            0.9996989965438843,
            -1.998839934458374e-06,
            -0.01525889988988638,
            -0.5055639743804932,
            0.04897620156407356,
            0.25
        ]
    ],
    "labels:": [
        [
            1,
            3,
            3,
            3,
            2,
            2,
            0,
            0
        ]
    ],
    "obj": 42902,
    "mat_index": 5056,
    "obbs": "N 14\n-0.0114512 0.282385 -0.237164 -0.00225383 0.983647 -0.180092 -0.00270393 0.180086 0.983647 0.999994 0.00270393 0.00225383 0.739719 0.109175 0.712476\n0.396289 0.129365 0.0250921 0.140249 0.982389 -0.123462 0.989535 -0.143344 -0.0165103 -0.0339171 -0.119854 -0.992212 0.443103 0.0374858 0.49599\n-0.413502 0.125181 0.0230058 -0.140209 0.985775 -0.0926786 0.989762 0.142067 0.0137286 0.0266999 -0.0898049 -0.995601 0.441401 0.0436155 0.491886\n0.205986 -0.105221 -0.111036 0.951065 -0.00262743 -0.30898 -0.00629811 0.999591 -0.0278861 0.308927 0.0284675 0.95066 0.315031 0.0357798 0.0612713\n0.317709 0.0662192 0.105336 0.653298 0.756518 0.0296891 0.165898 -0.181304 0.969333 0.738701 -0.628338 -0.24395 0.594528 0.2324 0.240803\n-0.232435 -0.104066 -0.112765 -0.951046 -0.00522954 -0.309006 -0.00419226 0.999983 -0.0040207 0.309022 -0.00252843 -0.951051 0.325453 0.0384981 0.0617351\n-0.339025 0.0697784 0.102127 0.738697 0.623374 0.256382 -0.162497 -0.20445 0.965295 0.654157 -0.754722 -0.0497307 0.240419 0.234635 0.596359\n-0.0107715 -0.0412796 0.144531 0.999989 0.00474 -0.000190516 -0.00474 0.996763 -0.0802564 -0.000190516 0.0802564 0.996774 0.741685 0.0842929 0.753358\n-0.231535 -0.500252 -0.17186 -0.446139 -0.775866 -0.446084 0.708539 -0.00170008 -0.705669 0.546747 -0.630895 0.55049 0.855582 0.0347627 0.0858075\n0.201017 -0.510877 -0.162712 0.524569 0.667621 -0.528308 0.708538 0.00169895 0.70567 0.472018 -0.744499 -0.472144 0.0885299 0.0347626 0.854253\n0.201019 -0.510875 0.260665 0.472018 -0.7445 0.472144 0.708539 0.00169967 -0.70567 0.524568 0.667621 0.528309 0.854253 0.0347619 0.0885236\n-0.231535 -0.500253 0.269811 0.546747 -0.630895 -0.55049 0.708539 -0.00169972 0.70567 -0.446139 -0.775866 0.446084 0.0858078 0.0347619 0.855582\n-0.0107165 -0.210575 0.0489755 1 0 0 0 1 0 0 0 1 0.086569 0.119913 0.086569\n-0.0104691 0.27456 -0.261161 1 0.000179124 0.000155434 -0.000179124 0.14091 0.990022 0.000155434 -0.990022 0.14091 0.712668 0.115944 0.745572\nC 74\n0 7\n0 10\n0 3\n0 11\n0 4\n0 12\n0 5\n0 8\n0 1\n0 13\n0 6\n0 9\n0 2\n1 3\n1 13\n1 4\n1 7\n2 5\n2 13\n2 6\n2 7\n3 11\n3 7\n3 10\n3 6\n3 13\n3 9\n3 5\n3 12\n3 8\n3 4\n4 7\n4 8\n4 12\n4 9\n4 13\n4 10\n4 5\n4 11\n4 6\n5 9\n5 6\n5 13\n5 8\n5 12\n5 11\n5 10\n5 7\n6 9\n6 7\n6 10\n6 11\n6 12\n6 8\n6 13\n7 12\n7 8\n7 9\n7 13\n8 13\n8 9\n8 10\n8 11\n8 12\n9 11\n9 10\n9 13\n9 12\n10 11\n10 12\n10 13\n11 13\n11 12\n12 13\nS 4\n2\n1 0.396289 0.129365 0.0250921\n2 -0.413502 0.125181 0.0230058\n2\n-0.00860649 0.127273 0.0240489\n-0.999983 -0.00516675 -0.00257638\n2\n3 0.205986 -0.105221 -0.111036\n5 -0.232435 -0.104066 -0.112765\n2\n-0.0132244 -0.104644 -0.1119\n-0.999989 0.00263444 -0.00394331\n2\n4 0.317709 0.0662192 0.105336\n6 -0.339025 0.0697784 0.102127\n2\n-0.010658 0.0679988 0.103732\n-0.999973 0.00541948 -0.00488584\n4\n10 0.201019 -0.510875 0.260665\n9 0.201017 -0.510877 -0.162712\n8 -0.231535 -0.500252 -0.17186\n11 -0.231535 -0.500253 0.269811\n3\n-0.0152589 -0.505564 0.0489762\n-0.0245524 -0.999699 1.99884e-06\nL 14\n0\n3\n3\n3\n3\n3\n3\n1\n2\n2\n2\n2\n2\n0"
}