{
    "boxes": [
        [
            -0.0021170000545680523,
            -0.13689599931240082,
            0.1869560033082962,
            0.05255600064992905,
            0.8191140294075012,
            0.8191140294075012,
            0.0,
            1.0,
            0.0,
            0.0,
            0.0,
            1.0
        ],
        [
            -0.0029265000484883785,
            -0.6248949766159058,
            0.1903350055217743,
            0.7471380233764648,
            0.1087070032954216,
            0.1087070032954216,
            0.0,
            1.0,
            0.0,
            0.0,
            0.0,
            1.0
        ],
        [
            -0.31232500076293945,
            0.2628209888935089,
            -0.20975199341773987,
            0.8417900204658508,
            0.0555621013045311,
            0.052190300077199936,
            -0.2822349965572357,
            0.9377130270004272,
            -0.20257699489593506,
            0.3267019987106323,
            0.2924869954586029,
            0.898730993270874
        ],
        [
            0.007202969864010811,
            0.26229599118232727,
            -0.25428101420402527,
            0.7824059724807739,
            0.10103700309991837,
            0.802452027797699,
            -0.009673760272562504,
            0.9758599996566772,
            -0.21818099915981293,
            -0.012074699625372887,
            0.21806100010871887,
            0.9758599996566772
        ],
        [
            0.002194999950006604,
            0.635998010635376,
            -0.3320100009441376,
            0.045944999903440475,
            0.1372160017490387,
            0.8839600086212158,
            0.0,
            1.0,
            0.0,
            0.0,
            0.0,
            1.0
        ]
    ],
    "ops": [
        [
            0,
            0,
            1,
            0,
            2,
            0,
            0,
            1,
            1,
            1
        ]
    ],
    "syms": [
        [
            0.0,
            0.9999679923057556,
            0.0074462201446294785,
            -0.003026810009032488,
            0.003340299939736724,
            0.26517099142074585,
            -0.21070800721645355,
            0.0
        ]
    ],
    "labels:": [
        [
            1,
            2,
            0,
            0,
            0
        ]
    ],
    "obj": 42925,
    "mat_index": 5066,
    "obbs": "N 6\n0.00720297 0.262296 -0.254281 -0.00967376 0.97586 -0.218181 -0.0120747 0.218061 0.97586 0.99988 0.0120747 0.00967376 0.782406 0.101037 0.802452\n0.002195 0.635998 -0.33201 1 0 0 0 1 0 0 0 1 0.88396 0.045945 0.137216\n-0.002117 -0.136896 0.186956 1 0 0 0 1 0 0 0 1 0.819114 0.052556 0.819114\n-0.312325 0.262821 -0.209752 -0.326702 -0.292487 -0.898731 0.902003 0.187471 -0.388903 0.282235 -0.937713 0.202577 0.0555621 0.0521903 0.84179\n0.319006 0.267522 -0.211663 0.278858 0.941595 -0.188775 0.939767 -0.2271 0.255466 0.197675 -0.248643 -0.948209 0.832056 0.0559251 0.0448173\n-0.0029265 -0.624895 0.190335 1 0 0 0 1 0 0 0 1 0.108707 0.747138 0.108707\nC 8\n0 1\n0 4\n0 3\n0 2\n1 3\n1 4\n2 4\n2 3\nS 1\n2\n3 -0.312325 0.262821 -0.209752\n4 0.319006 0.267522 -0.211663\n2\n0.0033403 0.265171 -0.210708\n0.999968 0.00744622 -0.00302681\nL 6\n0\n0\n1\n0\n0\n2"
}