{
    "boxes": [
        [
            -0.0031475001014769077,
            -0.017144499346613884,
            0.16265399754047394,
            0.13060900568962097,
            0.7300360202789307,
            0.7333369851112366,
            0.0,
            1.0,
            0.0,
            0.0,
            0.0,
            1.0
        ],
        [
            -0.3685219883918762,
            -0.4142729938030243,
            -0.27692899107933044,
            0.7926409840583801,
            0.11226099729537964,
            0.08630789816379547,
            0.10538599640130997,
            0.9606670141220093,
            0.25692999362945557,
            0.5227980017662048,
            -0.2733049988746643,
            0.8074569702148438
        ],
        [
            0.30897700786590576,
            -0.41585400700569153,
            0.5129629969596863,
            0.7597169876098633,
            0.0654568001627922,
            0.10991799831390381,
            -0.020579900592565536,
            0.9997429847717285,
            -0.009459310211241245,
            -0.6461150050163269,
            -0.0060790302231907845,
            0.7632160186767578
        ],
        [
            -0.322733998298645,
            -0.42194798588752747,
            0.49279698729515076,
            0.746412992477417,
            0.07977599650621414,
            0.09417100250720978,
            0.0,
            1.0,
            0.0,
            0.0,
            0.0,
            1.0
        ],
        [
            -0.0030249999836087227,
            0.28134700655937195,
            0.04840549826622009,
            0.7571309804916382,
            0.8247929811477661,
            0.7718520164489746,
            0.0,
            1.0,
            0.0,
            0.0,
            0.0,
            1.0
        ]
    ],
    "ops": [
        [
            0,
            0,
            2,
            0,
            0,
            1,
            1,
            1,
            0,
            1
        ]
    ],
    "syms": [
        [
            0.0,
            0.9999250173568726,
            -0.011402600444853306,
            0.004397479817271233,
            0.0018159899627789855,
            -0.4184969961643219,
            -0.275299996137619,
            0.0
        ]
    ],
    "labels:": [
        [
            1,
            2,
            2,
            2,
            0
        ]
    ],
    "obj": 42937,
    "mat_index": 5073,
    "obbs": "N 6\n-0.003025 0.281347 0.0484055 1 0 0 0 1 0 0 0 1 0.771852 0.757131 0.824793\n-0.0031475 -0.0171445 0.162654 1 0 0 0 1 0 0 0 1 0.733337 0.130609 0.730036\n-0.368522 -0.414273 -0.276929 -0.105386 -0.960667 -0.25693 0.845917 0.0492277 -0.531038 0.522798 -0.273305 0.807457 0.792641 0.0863079 0.112261\n0.372154 -0.42272 -0.273672 0.624623 0.260491 -0.7362 0.77336 -0.075421 0.629465 0.108445 -0.962526 -0.248563 0.109135 0.0765555 0.77738\n0.308977 -0.415854 0.512963 -0.762962 -0.0218187 -0.646075 -0.646115 -0.00607903 0.763216 -0.0205799 0.999743 -0.00945931 0.109918 0.0654568 0.759717\n-0.322734 -0.421948 0.492797 1 0 0 0 1 0 0 0 1 0.094171 0.746413 0.079776\nC 9\n0 1\n0 5\n0 4\n0 3\n0 2\n1 2\n1 3\n1 4\n1 5\nS 1\n2\n2 -0.368522 -0.414273 -0.276929\n3 0.372154 -0.42272 -0.273672\n2\n0.00181599 -0.418497 -0.2753\n0.999925 -0.0114026 0.00439748\nL 6\n0\n1\n2\n2\n2\n2"
}