{
    "boxes": [
        [
            0.005551499780267477,
            -0.08114050328731537,
            0.11582999676465988,
            0.16656699776649475,
            0.6021530032157898,
            0.564972996711731,
            0.0,
            1.0,
            0.0,
            0.0,
            0.0,
            1.0
        ],
        [
            -0.27973899245262146,
            -0.4787069857120514,
            0.4171310067176819,
            0.740202009677887,
            0.03342340141534805,
            0.04025520011782646,
            0.09366980195045471,
            0.9918699860572815,
            -0.08613359928131104,
            0.6354939937591553,
            0.007032040040940046,
            0.7720739841461182
        ],
        [
            0.2145960032939911,
            -0.4502660036087036,
            0.09821420162916183,
            0.8316130042076111,
            0.7128580212593079,
            0.2551589906215668,
            -0.19568100571632385,
            0.9803479909896851,
            -0.02504030056297779,
            -0.03757710009813309,
            0.018019599840044975,
            0.9991310238838196
        ],
        [
            0.012604599818587303,
            0.2958909869194031,
            -0.2107049971818924,
            0.6790249943733215,
            0.0485089011490345,
            0.6601129770278931,
            -0.054908301681280136,
            0.9754449725151062,
            -0.21328799426555634,
            -0.003199900034815073,
            0.2134370058774948,
            0.9769520163536072
        ]
    ],
    "ops": [
        [
            0,
            0,
            0,
            1,
            2,
            1,
            0,
            1
        ]
    ],
    "syms": [
        [
            0.0,
            0.9997389912605286,
            0.022758200764656067,
            -0.00181148003321141,
            0.0038376899901777506,
            -0.4722509980201721,
            0.4166179895401001,
            0.0
        ]
    ],
    "labels:": [
        [
            1,
            2,
            2,
            0
        ]
    ],
    "obj": 42962,
    "mat_index": 5086,
    "obbs": "N 6\n0.0126046 0.295891 -0.210705 0.998486 0.0543252 -0.00859813 -0.0031999 0.213437 0.976952 0.0549083 -0.975445 0.213288 0.660113 0.0485089 0.679025\n0.0055515 -0.0811405 0.11583 1 0 0 0 1 0 0 0 1 0.564973 0.166567 0.602153\n-0.279739 -0.478707 0.417131 -0.635494 -0.00703204 -0.772074 0.766403 -0.127057 -0.629669 -0.0936698 -0.99187 0.0861336 0.0334234 0.0402552 0.740202\n0.214596 -0.450266 0.0982142 0.0375771 -0.0180196 -0.999131 0.979947 0.196452 0.0333126 0.195681 -0.980348 0.0250403 0.712858 0.255159 0.831613\n-0.205524 -0.447564 0.10828 -0.193132 -0.981173 0.000578495 0.980238 -0.192974 -0.0435228 0.042815 -0.00783859 0.999052 0.826382 0.258085 0.714127\n0.287414 -0.465796 0.416104 -0.108871 0.990065 -0.0889831 0.644225 0.138446 0.752201 0.757047 0.024568 -0.652898 0.767167 0.0441157 0.0389532\nC 12\n0 1\n0 4\n0 3\n1 2\n1 3\n1 4\n1 5\n2 3\n2 4\n3 4\n3 5\n4 5\nS 2\n2\n2 -0.279739 -0.478707 0.417131\n5 0.287414 -0.465796 0.416104\n2\n0.00383769 -0.472251 0.416618\n0.999739 0.0227582 -0.00181148\n2\n3 0.214596 -0.450266 0.0982142\n4 -0.205524 -0.447564 0.10828\n2\n0.00453606 -0.448915 0.103247\n-0.999692 0.0064311 0.0239523\nL 6\n0\n1\n2\n2\n2\n2"
}