{
    "boxes": [
        [
            -0.0012745000422000885,
            0.02546199969947338,
            0.08239450305700302,
            0.15019400417804718,
            0.8191289901733398,
            0.7519890069961548,
            0.0,
            1.0,
            0.0,
            0.0,
            0.0,
            1.0
        ],
        [
            -0.3931350111961365,
            -0.35481399297714233,
            -0.3021849989891052,
            0.9281389713287354,
            0.11101199686527252,
            0.10488899797201157,
            0.0732882022857666,
            0.9912559986114502,
            0.10972899943590164,
            -0.2508060038089752,
            -0.08817049860954285,
            0.9640139937400818
        ],
        [
            0.3727180063724518,
            -0.33831900358200073,
            -0.3169879913330078,
            0.9627829790115356,
            0.09823690354824066,
            0.09398429840803146,
            -0.06861080229282379,
            0.987197995185852,
            0.14399099349975586,
            -0.19269199669361115,
            -0.1547269970178604,
            0.9689840078353882
        ],
        [
            0.353287011384964,
            -0.25075000524520874,
            0.06270699948072433,
            0.052260998636484146,
            0.7019100189208984,
            0.050606999546289444,
            0.0,
            1.0,
            0.0,
            0.0,
            0.0,
            1.0
        ],
        [
            0.34548699855804443,
            -0.37366101145744324,
            0.4475040137767792,
            0.8710160255432129,
            0.06925000250339508,
            0.06925000250339508,
            0.0,
            1.0,
            0.0,
            0.0,
            0.0,
            1.0
        ],
        [
            -0.01645660027861595,
            0.6811800003051758,
            -0.4301680028438568,
            0.21194900572299957,
            0.11079400032758713,
            0.7922800183296204,
            0.017360400408506393,
            0.9772689938545227,
            -0.21129299700260162,
            0.021510900929570198,
            0.21091100573539734,
            0.9772689938545227
        ],
        [
            -0.40373900532722473,
            0.4269160032272339,
            -0.3268339931964874,
            0.745930016040802,
            0.08456820249557495,
            0.08009529858827591,
            -0.09414040297269821,
            0.9696130156517029,
            -0.22580599784851074,
            0.3391309976577759,
            0.24448099732398987,
            0.9084159731864929
        ]
    ],
    "ops": [
        [
            0,
            0,
            0,
            0,
            0,
            1,
            2,
            1,
            1,
            1,
            0,
            0,
            2,
            1,
            1
        ]
    ],
    "syms": [
        [
            0.0,
            0.9997779726982117,
            -0.0,
            -0.021048199385404587,
            -0.0017247500363737345,
            -0.25075000524520874,
            0.0701809972524643,
            0.0
        ],
        [
            0.0,
            0.9997559785842896,
            0.019426200538873672,
            -0.010503199882805347,
            -0.012151299975812435,
            0.4345250129699707,
            -0.33094799518585205,
            0.0
        ]
    ],
    "labels:": [
        [
            1,
            2,
            2,
            2,
            2,
            0,
            0
        ]
    ],
    "obj": 42981,
    "mat_index": 5098,
    "obbs": "N 10\n-0.0164566 0.68118 -0.430168 0.999618 -0.0215109 -0.0173604 0.0215109 0.210911 0.977269 -0.0173604 -0.977269 0.211293 0.79228 0.110794 0.211949\n0.353287 -0.25075 0.062707 1 0 0 0 1 0 0 0 1 0.050607 0.052261 0.70191\n-0.356736 -0.25075 0.077655 1 0 0 0 1 0 0 0 1 0.050286 0.052261 0.703936\n-0.0012745 0.025462 0.0823945 1 0 0 0 1 0 0 0 1 0.751989 0.150194 0.819129\n0.379437 0.442134 -0.335062 -0.935146 0.00573313 -0.354217 -0.34153 0.251077 0.905714 0.0941286 0.96795 -0.232836 0.0725723 0.0605166 0.721081\n-0.403739 0.426916 -0.326834 -0.0941404 0.969613 -0.225806 0.339131 0.244481 0.908416 0.936017 0.00894051 -0.351842 0.74593 0.0845682 0.0800953\n0.372718 -0.338319 -0.316988 -0.978858 -0.0387368 -0.200841 -0.192692 -0.154727 0.968984 -0.0686108 0.987198 0.143991 0.0939843 0.0982369 0.962783\n-0.393135 -0.354814 -0.302185 0.250806 0.0881705 -0.964014 0.965259 -0.0981717 0.242152 -0.0732882 -0.991256 -0.109729 0.111012 0.104889 0.928139\n-0.331799 -0.373661 0.462726 1 0 0 0 1 0 0 0 1 0.06925 0.871016 0.06925\n0.345487 -0.373661 0.447504 1 0 0 0 1 0 0 0 1 0.06925 0.871016 0.06925\nC 16\n0 5\n0 4\n1 3\n1 9\n1 6\n2 7\n2 8\n2 3\n3 7\n3 8\n3 9\n3 6\n3 4\n3 5\n4 6\n5 7\nS 3\n2\n1 0.353287 -0.25075 0.062707\n2 -0.356736 -0.25075 0.077655\n2\n-0.00172475 -0.25075 0.070181\n-0.999778 0 0.0210482\n2\n4 0.379437 0.442134 -0.335062\n5 -0.403739 0.426916 -0.326834\n2\n-0.0121513 0.434525 -0.330948\n-0.999756 -0.0194262 0.0105032\n2\n8 -0.331799 -0.373661 0.462726\n9 0.345487 -0.373661 0.447504\n2\n0.006844 -0.373661 0.455115\n0.999748 0 -0.0224693\nL 10\n0\n2\n2\n1\n0\n0\n2\n2\n2\n2"
}