{
    "boxes": [
        [
            -0.006969999987632036,
            -0.0618630014359951,
            0.16387300193309784,
            0.44452598690986633,
            1.0514999628067017,
            1.2422399520874023,
            0.0,
            1.0,
            0.0,
            0.0,
            0.0,
            1.0
        ],
        [
            0.621973991394043,
            -0.00962086021900177,
            0.16166900098323822,
            0.6005240082740784,
            1.022130012512207,
            0.28946399688720703,
            0.37161099910736084,
            0.9274809956550598,
            -0.041051801294088364,
            -0.02480809949338436,
            0.05412289872765541,
            0.99822598695755
        ],
        [
            -0.607375979423523,
            0.0009079999872483313,
            0.137581005692482,
            0.5692880153656006,
            1.0861899852752686,
            0.3251520097255707,
            0.0,
            1.0,
            0.0,
            0.0,
            0.0,
            1.0
        ],
        [
            0.42754900455474854,
            -0.3936910033226013,
            -0.46276798844337463,
            0.195264995098114,
            0.021664699539542198,
            0.07290639728307724,
            -0.012152300216257572,
            0.9663749933242798,
            0.2568489909172058,
            -0.009343779645860195,
            -0.2569659948348999,
            0.9663749933242798
        ],
        [
            -0.44093701243400574,
            -0.39495399594306946,
            -0.4582349956035614,
            0.202565997838974,
            0.03552410006523132,
            0.0720587968826294,
            0.010669499635696411,
            0.9718620181083679,
            0.23531100153923035,
            -0.03280390053987503,
            -0.2348569929599762,
            0.9714760184288025
        ],
        [
            -0.44117701053619385,
            -0.3707030117511749,
            0.6761500239372253,
            0.2539770007133484,
            0.027970200404524803,
            0.07392729818820953,
            0.015594400465488434,
            0.9992030262947083,
            -0.0367467999458313,
            -0.0381430983543396,
            0.03731900081038475,
            0.99857497215271
        ],
        [
            -0.44106000661849976,
            -0.4864790141582489,
            0.10037899762392044,
            0.022765999659895897,
            1.1780699491500854,
            0.06992799788713455,
            0.0,
            1.0,
            0.0,
            0.0,
            0.0,
            1.0
        ],
        [
            -0.007276390213519335,
            0.3394010066986084,
            -0.2781200110912323,
            0.48639899492263794,
            0.30295899510383606,
            1.2429499626159668,
            -0.0022885699290782213,
            0.9628689885139465,
            -0.2699579894542694,
            -0.003018449991941452,
            0.2699500024318695,
            0.9628689885139465
        ],
        [
            -0.006022680085152388,
            0.04980260133743286,
            -0.37982800602912903,
            0.7083240151405334,
            0.28751200437545776,
            1.5294699668884277,
            -0.009528500027954578,
            0.964352011680603,
            -0.2644500136375427,
            -0.012492500245571136,
            0.2643260061740875,
            0.964352011680603
        ]
    ],
    "ops": [
        [
            0,
            0,
            0,
            1,
            1,
            0,
            0,
            0,
            0,
            1,
            2,
            1,
            1,
            1,
            0,
            0,
            1,
            1
        ]
    ],
    "syms": [
        [
            0.0,
            0.9999439716339111,
            0.010489000007510185,
            0.0011239900486543775,
            -0.006737479940056801,
            -0.3661459982395172,
            0.6766390204429626,
            0.0
        ]
    ],
    "labels:": [
        [
            1,
            3,
            3,
            2,
            2,
            2,
            2,
            0,
            0
        ]
    ],
    "obj": 42982,
    "mat_index": 5099,
    "obbs": "N 11\n-0.00727639 0.339401 -0.27812 -0.00228857 0.962869 -0.269958 -0.00301845 0.26995 0.962869 0.999993 0.00301845 0.00228857 0.486399 0.302959 1.24295\n0.621974 -0.00962086 0.161669 0.371611 0.927481 -0.0410518 0.928057 -0.369933 0.0431217 0.0248081 -0.0541229 -0.998226 0.600524 0.289464 1.02213\n-0.607376 0.000908 0.137581 1 0 0 0 1 0 0 0 1 0.325152 0.569288 1.08619\n-0.00697 -0.061863 0.163873 1 0 0 0 1 0 0 0 1 1.24224 0.444526 1.0515\n-0.00602268 0.0498026 -0.379828 -0.0095285 0.964352 -0.26445 -0.0124925 0.264326 0.964352 0.999877 0.0124925 0.0095285 0.708324 0.287512 1.52947\n-0.441177 -0.370703 0.67615 -0.999151 0.0141706 -0.0386946 -0.0381431 0.037319 0.998575 0.0155944 0.999203 -0.0367468 0.0739273 0.0279702 0.253977\n-0.440937 -0.394954 -0.458235 -0.999405 0.0180842 -0.029375 -0.0328039 -0.234857 0.971476 0.0106695 0.971862 0.235311 0.0720588 0.0355241 0.202566\n0.427549 -0.393691 -0.462768 0.999883 0.00934378 0.0121523 -0.00934378 -0.256966 0.966375 0.0121523 -0.966375 -0.256849 0.0729064 0.0216647 0.195265\n0.427702 -0.361589 0.677127 -0.00221736 0.9984 -0.0565103 -0.0023464 0.0565051 0.9984 0.999995 0.0023464 0.00221736 0.242517 0.0211388 0.0715854\n0.42737 -0.482729 0.100674 2.01345e-06 -0.00047437 -1 -0.00848878 0.999964 -0.00047437 0.999964 0.00848878 -2.01345e-06 1.1839 0.0312178 0.0705421\n-0.44106 -0.486479 0.100379 1 0 0 0 1 0 0 0 1 0.069928 0.022766 1.17807\nC 29\n0 2\n0 3\n0 4\n0 1\n1 3\n1 4\n1 9\n1 8\n1 7\n2 5\n2 6\n2 10\n2 3\n2 4\n3 7\n3 10\n3 6\n3 9\n3 5\n3 8\n3 4\n4 7\n4 9\n4 10\n4 6\n5 10\n6 10\n7 9\n8 9\nS 2\n2\n5 -0.441177 -0.370703 0.67615\n8 0.427702 -0.361589 0.677127\n2\n-0.00673748 -0.366146 0.676639\n0.999944 0.010489 0.00112399\n2\n9 0.42737 -0.482729 0.100674\n10 -0.44106 -0.486479 0.100379\n2\n-0.00684507 -0.484604 0.100526\n-0.999991 -0.00431773 -0.000340232\nL 11\n0\n3\n3\n1\n0\n2\n2\n2\n2\n2\n2"
}