{
    "boxes": [
        [
            0.008212000131607056,
            -0.08780449628829956,
            0.1400730013847351,
            0.2858090102672577,
            0.7982190251350403,
            0.8836899995803833,
            0.0,
            1.0,
            0.0,
            0.0,
            0.0,
            1.0
        ],
        [
            0.4124999940395355,
            0.11036700010299683,
            0.01906749978661537,
            0.4102410078048706,
            0.612430989742279,
            0.07338699698448181,
            0.0,
            1.0,
            0.0,
            0.0,
            0.0,
            1.0
        ],
        [
            -0.39272499084472656,
            -0.46160799264907837,
            -0.2587040066719055,
            0.5776690244674683,
            0.07955069839954376,
            0.09564969688653946,
            0.014997499994933605,
            0.9899680018424988,
            0.14049400389194489,
            0.2762260138988495,
            -0.13914400339126587,
            0.950967013835907
        ],
        [
            0.42507898807525635,
            -0.4265660047531128,
            0.5117899775505066,
            0.6366119980812073,
            0.10778100043535233,
            0.07732970267534256,
            -0.02261199988424778,
            0.9979550242424011,
            -0.05978799983859062,
            -0.4147909879684448,
            0.045048199594020844,
            0.9088010191917419
        ],
        [
            -0.40798699855804443,
            -0.43023398518562317,
            0.5137590169906616,
            0.6315270066261292,
            0.08191840350627899,
            0.1168769970536232,
            0.10298500210046768,
            0.9941499829292297,
            -0.032564301043748856,
            -0.21854999661445618,
            0.05455389991402626,
            0.9743000268936157
        ],
        [
            0.009146500378847122,
            0.1859540045261383,
            -0.25981199741363525,
            0.6371729969978333,
            0.11369699984788895,
            0.8425610065460205,
            1.2766300239164252e-09,
            0.9687219858169556,
            -0.24815000593662262,
            1.6448700179694242e-09,
            0.24815000593662262,
            0.9687219858169556
        ],
        [
            0.012018400244414806,
            0.07802610099315643,
            -0.2394080013036728,
            0.5546839833259583,
            0.19884100556373596,
            0.8830329775810242,
            0.013598499819636345,
            0.9652060270309448,
            -0.261137992143631,
            0.017764300107955933,
            0.260888010263443,
            0.9652060270309448
        ]
    ],
    "ops": [
        [
            0,
            0,
            2,
            1,
            0,
            2,
            0,
            0,
            1,
            1,
            1,
            0,
            0,
            1,
            1
        ]
    ],
    "syms": [
        [
            0.0,
            0.9999229907989502,
            0.0025120300706475973,
            -0.012113600037992,
            0.008871999569237232,
            0.10935299843549728,
            0.023957200348377228,
            0.0
        ],
        [
            0.0,
            0.9999179840087891,
            0.011795000173151493,
            0.004958299919962883,
            0.007389740087091923,
            -0.45688799023628235,
            -0.25672000646591187,
            0.0
        ]
    ],
    "labels:": [
        [
            1,
            3,
            2,
            2,
            2,
            0,
            0
        ]
    ],
    "obj": 42989,
    "mat_index": 5104,
    "obbs": "N 9\n0.0091465 0.185954 -0.259812 1 -1.64487e-09 -1.27663e-09 1.64487e-09 0.24815 0.968722 -1.27663e-09 -0.968722 0.24815 0.842561 0.113697 0.637173\n0.4125 0.110367 0.0190675 1 0 0 0 1 0 0 0 1 0.073387 0.410241 0.612431\n-0.394756 0.10834 0.028847 1 0 0 0 1 0 0 0 1 0.074467 0.393221 0.597328\n0.008212 -0.0878045 0.140073 1 0 0 0 1 0 0 0 1 0.88369 0.285809 0.798219\n0.0120184 0.0780261 -0.239408 0.99975 -0.0177643 -0.0135985 0.0177643 0.260888 0.965206 -0.0135985 -0.965206 0.261138 0.883033 0.198841 0.554684\n0.425079 -0.426566 0.51179 0.414791 -0.0450482 -0.908801 0.909636 0.0453493 0.412924 0.022612 -0.997955 0.059788 0.107781 0.0773297 0.636612\n0.407504 -0.452168 -0.254736 -0.992213 -0.016472 -0.123462 -0.119782 -0.145632 0.982061 -0.0341566 0.989202 0.142525 0.109443 0.0819417 0.598221\n-0.392725 -0.461608 -0.258704 -0.276226 0.139144 -0.950967 0.960976 0.0245461 -0.275542 -0.0149975 -0.989968 -0.140494 0.0795507 0.0956497 0.577669\n-0.407987 -0.430234 0.513759 0.102985 0.99415 -0.0325643 -0.21855 0.0545539 0.9743 0.970376 -0.0932212 0.22289 0.631527 0.0819184 0.116877\nC 21\n0 1\n0 7\n0 6\n0 4\n0 3\n0 2\n1 3\n1 4\n1 5\n1 6\n2 7\n2 8\n2 4\n2 3\n3 8\n3 6\n3 7\n3 4\n3 5\n4 7\n4 6\nS 2\n2\n1 0.4125 0.110367 0.0190675\n2 -0.394756 0.10834 0.028847\n2\n0.008872 0.109353 0.0239572\n-0.999923 -0.00251203 0.0121136\n2\n6 0.407504 -0.452168 -0.254736\n7 -0.392725 -0.461608 -0.258704\n2\n0.00738974 -0.456888 -0.25672\n-0.999918 -0.011795 -0.0049583\nL 9\n0\n3\n3\n1\n0\n2\n2\n2\n2"
}