{
    "boxes": [
        [
            -0.007652999833226204,
            -0.12172800302505493,
            0.236408993601799,
            0.2117840051651001,
            0.8226770162582397,
            0.9516500234603882,
            0.0,
            1.0,
            0.0,
            0.0,
            0.0,
            1.0
        ],
        [
            -0.505541980266571,
            0.060072798281908035,
            -0.3245069980621338,
            0.522832989692688,
            0.10735099762678146,
            0.06499549746513367,
            0.004934439901262522,
            0.9679629802703857,
            0.25104498863220215,
            0.11606500297784805,
            -0.2499060034751892,
            0.9612889885902405
        ],
        [
            -0.5057010054588318,
            0.26676100492477417,
            0.052221499383449554,
            0.10740499943494797,
            0.6598209738731384,
            0.053964000195264816,
            0.0,
            1.0,
            0.0,
            0.0,
            0.0,
            1.0
        ],
        [
            -0.5057730078697205,
            0.06190260127186775,
            0.40842199325561523,
            0.4991700053215027,
            0.09971579909324646,
            0.05627699941396713,
            -0.004154129885137081,
            0.9682829976081848,
            -0.2498210072517395,
            -0.010733099654316902,
            0.249766007065773,
            0.9682469964027405
        ],
        [
            -0.5057910084724426,
            -0.398716002702713,
            -0.4519299864768982,
            0.5024340152740479,
            0.13376900553703308,
            0.0586979016661644,
            0.0018981000175699592,
            0.9381700158119202,
            0.34617000818252563,
            -0.04221859946846962,
            -0.3457860052585602,
            0.9373630285263062
        ],
        [
            -0.5057010054588318,
            -0.24131199717521667,
            0.03446799889206886,
            0.12034899741411209,
            0.8369399905204773,
            0.053964000195264816,
            0.0,
            1.0,
            0.0,
            0.0,
            0.0,
            1.0
        ],
        [
            -0.5067340135574341,
            -0.4012190103530884,
            0.520235002040863,
            0.4992220103740692,
            0.12978099286556244,
            0.06118449941277504,
            0.010734899900853634,
            0.9670990109443665,
            -0.25417399406433105,
            0.051119398325681686,
            0.2533249855041504,
            0.9660300016403198
        ],
        [
            -0.007657319772988558,
            0.19775499403476715,
            -0.26531699299812317,
            0.8800470232963562,
            0.22443200647830963,
            0.9518139958381653,
            -0.0002167979982914403,
            0.9781389832496643,
            -0.20795099437236786,
            -0.00026773399440571666,
            0.20795099437236786,
            0.9781389832496643
        ]
    ],
    "ops": [
        [
            0,
            0,
            0,
            0,
            1,
            1,
            2,
            1,
            0,
            0,
            0,
            1,
            1,
            2,
            1,
            0,
            1
        ]
    ],
    "syms": [
        [
            0.0,
            0.9999970197677612,
            0.0020300298929214478,
            -0.001382900052703917,
            -0.007298599928617477,
            0.06108430027961731,
            -0.3251959979534149,
            0.0
        ],
        [
            0.0,
            0.9999970197677612,
            0.0010256400564685464,
            0.0024320599623024464,
            -0.007816799916327,
            -0.3982050120830536,
            -0.4507189989089966,
            0.0
        ]
    ],
    "labels:": [
        [
            1,
            3,
            3,
            3,
            2,
            2,
            2,
            0
        ]
    ],
    "obj": 43011,
    "mat_index": 5122,
    "obbs": "N 14\n-0.00765732 0.197755 -0.265317 -0.000216798 0.978139 -0.207951 -0.000267734 0.207951 0.978139 1 0.000267734 0.000216798 0.880047 0.224432 0.951814\n-0.007653 -0.121728 0.236409 1 0 0 0 1 0 0 0 1 0.95165 0.211784 0.822677\n0.490394 0.267207 0.061241 1 0 0 0 1 0 0 0 1 0.053963 0.106511 0.651288\n-0.505701 0.266761 0.0522215 1 0 0 0 1 0 0 0 1 0.053964 0.107405 0.659821\n0.490422 0.0440937 0.412015 0.00798353 0.967568 -0.252486 0.998242 0.00711802 0.0588415 0.0587303 -0.252512 -0.96581 0.494989 0.0610326 0.100698\n0.490945 0.0620957 -0.325885 0.095456 0.248445 -0.963931 0.995417 -0.0182003 0.0938829 0.00578086 -0.968475 -0.249043 0.102599 0.0648073 0.512507\n-0.505773 0.0619026 0.408422 -0.00415413 0.968283 -0.249821 0.999934 0.00670357 0.00935511 0.0107331 -0.249766 -0.968247 0.49917 0.056277 0.0997158\n-0.505542 0.0600728 -0.324507 -0.116065 0.249906 -0.961289 0.993229 0.0243941 -0.113579 -0.00493444 -0.967963 -0.251045 0.107351 0.0649955 0.522833\n0.490394 -0.248797 0.0327235 1 0 0 0 1 0 0 0 1 0.053963 0.154087 0.840311\n-0.505701 -0.241312 0.034468 1 0 0 0 1 0 0 0 1 0.053964 0.120349 0.83694\n-0.506734 -0.401219 0.520235 -0.0511194 -0.253325 -0.96603 0.998635 -0.0233634 -0.0467182 -0.0107349 -0.967099 0.254174 0.129781 0.0611845 0.499222\n-0.505791 -0.398716 -0.45193 -0.0018981 -0.93817 -0.34617 0.999107 -0.016394 0.0389519 -0.0422186 -0.345786 0.937363 0.502434 0.0586979 0.133769\n0.490158 -0.397694 -0.449508 -0.00771647 -0.960153 -0.279368 0.999522 0.000960444 -0.0309088 0.0299455 -0.279473 0.959686 0.502121 0.0596142 0.105848\n0.490012 -0.398226 0.525344 0.0210478 0.964356 -0.263769 0.999718 -0.0231909 -0.00501341 -0.0109517 -0.263589 -0.964573 0.503329 0.0634511 0.11268\nC 37\n0 2\n0 7\n0 3\n0 11\n0 12\n0 5\n0 8\n0 1\n0 9\n1 3\n1 6\n1 11\n1 2\n1 5\n1 10\n1 13\n1 4\n1 9\n1 12\n1 8\n1 7\n2 5\n2 4\n3 7\n3 6\n4 8\n4 13\n5 8\n5 12\n6 9\n6 10\n7 11\n7 9\n8 13\n8 12\n9 11\n9 10\nS 6\n2\n2 0.490394 0.267207 0.061241\n3 -0.505701 0.266761 0.0522215\n2\n-0.00765325 0.266984 0.0567312\n-0.999959 -0.000448734 -0.00905448\n2\n4 0.490422 0.0440937 0.412015\n6 -0.505773 0.0619026 0.408422\n2\n-0.00767575 0.0529981 0.410218\n-0.999834 0.0178739 -0.00360579\n2\n5 0.490945 0.0620957 -0.325885\n7 -0.505542 0.0600728 -0.324507\n2\n-0.0072986 0.0610843 -0.325196\n-0.999997 -0.00203003 0.0013829\n2\n8 0.490394 -0.248797 0.0327235\n9 -0.505701 -0.241312 0.034468\n2\n-0.00765325 -0.245055 0.0335957\n-0.99997 0.00751311 0.00175129\n2\n10 -0.506734 -0.401219 0.520235\n13 0.490012 -0.398226 0.525344\n2\n-0.00836095 -0.399723 0.522789\n0.999982 0.00300303 0.00512594\n2\n11 -0.505791 -0.398716 -0.45193\n12 0.490158 -0.397694 -0.449508\n2\n-0.0078168 -0.398205 -0.450719\n0.999997 0.00102564 0.00243206\nL 14\n0\n1\n3\n3\n3\n3\n3\n3\n2\n2\n2\n2\n2\n2"
}