{
    "boxes": [
        [
            -0.0036680600605905056,
            -0.06265760213136673,
            0.136244997382164,
            0.1392890065908432,
            0.8128780126571655,
            0.8540419936180115,
            0.000181127994437702,
            0.9998829960823059,
            -0.01529419980943203,
            1.3851799849362578e-06,
            0.01529419980943203,
            0.9998829960823059
        ],
        [
            -0.4011960029602051,
            -0.2203660011291504,
            0.13762600719928741,
            0.047828301787376404,
            0.7151970267295837,
            0.025213399901986122,
            0.00442101014778018,
            0.9997649788856506,
            0.02124449983239174,
            -0.02124449983239174,
            -0.021145999431610107,
            0.999550998210907
        ],
        [
            -0.41091400384902954,
            -0.4338209927082062,
            0.5131499767303467,
            0.6495530009269714,
            0.05740400031208992,
            0.03957200050354004,
            0.0,
            1.0,
            0.0,
            0.0,
            0.0,
            1.0
        ],
        [
            -0.00355600006878376,
            -0.2889989912509918,
            -0.2645460069179535,
            0.02505199983716011,
            0.02505199983716011,
            0.7549099922180176,
            0.0,
            1.0,
            0.0,
            0.0,
            0.0,
            1.0
        ],
        [
            -0.3962419927120209,
            -0.4097819924354553,
            -0.28129300475120544,
            0.7069219946861267,
            0.07881929725408554,
            0.04489370062947273,
            0.004184590186923742,
            0.9861739873886108,
            0.1656610071659088,
            0.09622090309858322,
            -0.16529099643230438,
            0.9815400242805481
        ],
        [
            -0.0035389999393373728,
            0.35842499136924744,
            -0.3103480041027069,
            0.5254819989204407,
            0.10121099650859833,
            0.7515699863433838,
            -4.474850001656705e-08,
            0.9789729714393616,
            -0.20398899912834167,
            -5.503390099192984e-08,
            0.20398899912834167,
            0.9789729714393616
        ],
        [
            -0.3945310115814209,
            0.25625699758529663,
            -0.27571699023246765,
            0.7547789812088013,
            0.09754650294780731,
            0.04462460055947304,
            -0.007262699771672487,
            0.9886299967765808,
            -0.15019400417804718,
            -0.00754105020314455,
            0.1501390039920807,
            0.9886360168457031
        ]
    ],
    "ops": [
        [
            0,
            0,
            0,
            1,
            2,
            0,
            0,
            2,
            1,
            1,
            1,
            0,
            0,
            2,
            1,
            1
        ]
    ],
    "syms": [
        [
            0.0,
            1.0,
            -7.885429658927023e-05,
            -0.0004420240002218634,
            -0.0035472300369292498,
            -0.2203969955444336,
            0.13744999468326569,
            0.0
        ],
        [
            0.0,
            0.9999960064888,
            -0.0010157099459320307,
            0.002770350081846118,
            -0.005161719862371683,
            -0.4101789891719818,
            -0.2802090048789978,
            0.0
        ],
        [
            0.0,
            0.9999160170555115,
            -0.0016247000312432647,
            0.012822199612855911,
            -0.003112819977104664,
            0.2556209862232208,
            -0.27069801092147827,
            0.0
        ]
    ],
    "labels:": [
        [
            1,
            2,
            2,
            2,
            2,
            0,
            0
        ]
    ],
    "obj": 2821,
    "mat_index": 514,
    "obbs": "N 11\n-0.003539 0.358425 -0.310348 1 5.50339e-08 4.47485e-08 -5.50339e-08 0.203989 0.978973 4.47485e-08 -0.978973 0.203989 0.75157 0.101211 0.525482\n-0.401196 -0.220366 0.137626 0.0212445 0.021146 -0.999551 0.999765 -0.00487035 0.021146 -0.00442101 -0.999765 -0.0212445 0.715197 0.0252134 0.0478283\n-0.003556 -0.288999 -0.264546 1 0 0 0 1 0 0 0 1 0.75491 0.025052 0.025052\n0.394101 -0.220429 0.137274 0.00532576 -0.999765 0.0210142 0.999765 0.0048818 -0.0211217 0.0210142 0.0211217 0.999556 0.0492751 0.0252138 0.715874\n-0.00366806 -0.0626576 0.136245 1 -0.000181128 1.38518e-06 0.000181128 0.999883 -0.0152942 1.38518e-06 0.0152942 0.999883 0.854042 0.139289 0.812878\n0.388305 0.254985 -0.265678 0.0107501 0.993478 -0.113515 0.995475 8.58553e-05 0.095025 0.094415 -0.114022 -0.988982 0.758715 0.0521464 0.0906589\n-0.394531 0.256257 -0.275717 0.00754105 -0.150139 -0.988636 0.999945 0.00831279 0.00636489 0.0072627 -0.98863 0.150194 0.0975465 0.0446246 0.754779\n0.403641 -0.431012 0.51315 1 0 0 0 1 0 0 0 1 0.039926 0.655184 0.057405\n0.385918 -0.410576 -0.279126 0.151231 0.150006 -0.97705 0.988493 -0.0195091 0.150006 0.00344056 -0.988493 -0.151231 0.0764946 0.055293 0.707097\n-0.396242 -0.409782 -0.281293 -0.00418459 -0.986174 -0.165661 0.995351 0.0118327 -0.0955822 0.0962209 -0.165291 0.98154 0.706922 0.0448937 0.0788193\n-0.410914 -0.433821 0.51315 1 0 0 0 1 0 0 0 1 0.039572 0.649553 0.057404\nC 28\n0 4\n0 5\n0 8\n0 6\n0 9\n1 6\n1 2\n1 10\n1 4\n1 9\n2 8\n2 5\n2 9\n2 6\n2 3\n2 4\n3 7\n3 5\n3 8\n3 4\n4 7\n4 8\n4 9\n4 10\n4 5\n4 6\n5 8\n6 9\nS 4\n2\n1 -0.401196 -0.220366 0.137626\n3 0.394101 -0.220429 0.137274\n2\n-0.00354723 -0.220397 0.13745\n1 -7.88543e-05 -0.000442024\n2\n5 0.388305 0.254985 -0.265678\n6 -0.394531 0.256257 -0.275717\n2\n-0.00311282 0.255621 -0.270698\n-0.999916 0.0016247 -0.0128222\n2\n7 0.403641 -0.431012 0.51315\n10 -0.410914 -0.433821 0.51315\n2\n-0.0036365 -0.432417 0.51315\n-0.999994 -0.0034491 6.13828e-07\n2\n8 0.385918 -0.410576 -0.279126\n9 -0.396242 -0.409782 -0.281293\n2\n-0.00516172 -0.410179 -0.280209\n-0.999996 0.00101571 -0.00277035\nL 11\n0\n2\n2\n2\n1\n0\n0\n2\n2\n2\n2"
}