{
    "boxes": [
        [
            -0.00845818966627121,
            -0.05832599848508835,
            0.15763600170612335,
            0.08804160356521606,
            0.7033389806747437,
            0.7209020256996155,
            -0.0036272599827498198,
            0.9988980293273926,
            0.04678750038146973,
            -0.05225079879164696,
            -0.04691329970955849,
            0.997530996799469
        ],
        [
            -0.413006991147995,
            -0.3829430043697357,
            0.2760559916496277,
            0.8717769980430603,
            0.1656309962272644,
            0.03846510127186775,
            0.0363938994705677,
            0.8226240277290344,
            -0.5674200057983398,
            -0.004138799849897623,
            0.5679150223731995,
            0.8230770230293274
        ],
        [
            0.4114469885826111,
            -0.4108180105686188,
            -0.13585999608039856,
            0.7771729826927185,
            0.05130210146307945,
            0.0522352010011673,
            -0.029436800628900528,
            0.9099519848823547,
            0.4136680066585541,
            -0.6021900177001953,
            -0.3464590013027191,
            0.7192590236663818
        ],
        [
            0.004706589970737696,
            -0.1311900019645691,
            -0.046513598412275314,
            0.03760800138115883,
            0.03103329986333847,
            0.7943639755249023,
            0.01117129996418953,
            0.9465199708938599,
            -0.32245299220085144,
            -0.05751829966902733,
            0.32254698872566223,
            0.9448040127754211
        ],
        [
            -0.3743720054626465,
            -0.7711359858512878,
            -0.35784199833869934,
            0.02551710046827793,
            0.038193900138139725,
            0.038488298654556274,
            -0.04534830152988434,
            0.9022179841995239,
            0.4288890063762665,
            0.676006019115448,
            -0.28838300704956055,
            0.6781240105628967
        ],
        [
            -0.399616003036499,
            -0.41414499282836914,
            0.06445810198783875,
            0.7110999822616577,
            0.8579800128936768,
            0.03389029949903488,
            -0.0025263100396841764,
            0.9999719858169556,
            0.007103739771991968,
            -0.05954949930310249,
            -0.007241600193083286,
            0.9981989860534668
        ],
        [
            -0.42492198944091797,
            -0.777804970741272,
            0.4756860136985779,
            0.0251499991863966,
            0.04096199944615364,
            0.03971799835562706,
            0.0,
            1.0,
            0.0,
            0.0,
            0.0,
            1.0
        ],
        [
            0.017394600436091423,
            0.3258630037307739,
            -0.23228099942207336,
            0.8176429867744446,
            0.10374999791383743,
            0.7164450287818909,
            -0.0016310199862346053,
            0.9888020157814026,
            -0.14922599494457245,
            -0.06270109862089157,
            0.14883099496364594,
            0.9868729710578918
        ]
    ],
    "ops": [
        [
            0,
            0,
            0,
            0,
            2,
            1,
            1,
            0,
            2,
            0,
            0,
            1,
            2,
            1,
            1,
            1,
            0,
            1
        ]
    ],
    "syms": [
        [
            0.0,
            -0.059523601084947586,
            -0.20094600319862366,
            0.9777920246124268,
            -0.003135399892926216,
            -0.1576630026102066,
            0.08230669796466827,
            0.0
        ],
        [
            0.0,
            0.9981520175933838,
            9.742809652379947e-07,
            0.06076519936323166,
            0.02199769951403141,
            -0.7711349725723267,
            -0.33371201157569885,
            0.0
        ],
        [
            0.0,
            0.9980350136756897,
            0.0007875550072640181,
            0.06264829635620117,
            -0.003604650031775236,
            -0.41383200883865356,
            0.08931639790534973,
            0.0
        ]
    ],
    "labels:": [
        [
            1,
            2,
            2,
            2,
            2,
            2,
            2,
            0
        ]
    ],
    "obj": 43038,
    "mat_index": 5142,
    "obbs": "N 12\n0.0173946 0.325863 -0.232281 -0.998031 -0.0109662 -0.0617562 -0.0627011 0.148831 0.986873 -0.00163102 0.988802 -0.149226 0.716445 0.10375 0.817643\n0.00470659 -0.13119 -0.0465136 0.0111713 0.94652 -0.322453 -0.0575183 0.322547 0.944804 0.998282 0.00799223 0.0580455 0.037608 0.0310333 0.794364\n-0.0109774 -0.184137 0.211127 0.0360303 -0.68165 -0.73079 0.0414226 0.731655 -0.680415 0.998492 -0.00575571 0.0545975 0.0384417 0.0317394 0.794445\n-0.00845819 -0.058326 0.157636 0.0522508 0.0469133 -0.997531 -0.00362726 0.998898 0.0467875 0.998627 0.00117362 0.0523634 0.703339 0.0880416 0.720902\n0.411447 -0.410818 -0.13586 -0.0294368 0.909952 0.413668 -0.60219 -0.346459 0.719259 0.79781 -0.227934 0.558163 0.777173 0.0513021 0.0522352\n0.392407 -0.41352 0.114175 0.0604286 0.00808644 -0.99814 0.99817 -0.00259003 0.0604094 -0.00209671 -0.999964 -0.00822815 0.857026 0.0339409 0.712988\n-0.413007 -0.382943 0.276056 0.0363939 0.822624 -0.56742 0.999329 -0.0276065 0.0240733 0.0041388 -0.567915 -0.823077 0.871777 0.0384651 0.165631\n-0.399616 -0.414145 0.0644581 0.0595495 0.0072416 -0.998199 0.998222 0.00209873 0.0595661 0.00252631 -0.999972 -0.00710374 0.85798 0.0338903 0.7111\n-0.424922 -0.777805 0.475686 1 0 0 0 1 0 0 0 1 0.039718 0.02515 0.040962\n0.367817 -0.777805 0.523946 1 0 0 0 1 0 0 0 1 0.039718 0.02515 0.040956\n0.418367 -0.771135 -0.309582 -0.675993 0.288473 -0.678098 -0.0452515 0.902207 0.428923 0.735517 0.320634 -0.596832 0.0381888 0.0255154 0.0384832\n-0.374372 -0.771136 -0.357842 -0.676006 0.288383 -0.678124 -0.0453483 0.902218 0.428889 0.7355 0.320683 -0.596827 0.0381939 0.0255171 0.0384883\nC 29\n0 7\n0 3\n0 4\n0 5\n0 1\n0 6\n1 3\n1 6\n1 2\n1 5\n1 4\n1 7\n2 5\n2 6\n2 3\n2 7\n2 4\n3 7\n3 6\n3 5\n3 4\n4 10\n4 5\n5 9\n5 10\n6 7\n6 8\n7 11\n7 8\nS 4\n2\n1 0.00470659 -0.13119 -0.0465136\n2 -0.0109774 -0.184137 0.211127\n2\n-0.0031354 -0.157663 0.0823067\n-0.0595236 -0.200946 0.977792\n2\n5 0.392407 -0.41352 0.114175\n7 -0.399616 -0.414145 0.0644581\n2\n-0.00360465 -0.413832 0.0893164\n-0.998035 -0.000787555 -0.0626483\n2\n8 -0.424922 -0.777805 0.475686\n9 0.367817 -0.777805 0.523946\n2\n-0.0285525 -0.777805 0.499816\n0.998152 0 0.060765\n2\n10 0.418367 -0.771135 -0.309582\n11 -0.374372 -0.771136 -0.357842\n2\n0.0219977 -0.771135 -0.333712\n-0.998152 -9.74281e-07 -0.0607652\nL 12\n0\n2\n2\n1\n2\n2\n2\n2\n2\n2\n2\n2"
}