{
    "boxes": [
        [
            -0.0008308700053021312,
            0.013120199553668499,
            0.15150099992752075,
            0.11480099707841873,
            0.7687039971351624,
            0.9210569858551025,
            0.00029199299751780927,
            0.9988809823989868,
            -0.04728740081191063,
            6.907660008437233e-06,
            0.04728740081191063,
            0.9988809823989868
        ],
        [
            -0.4230549931526184,
            -0.3704659938812256,
            0.5092650055885315,
            0.7254639863967896,
            0.11092899739742279,
            0.08444389700889587,
            0.002098140073940158,
            0.9968550205230713,
            -0.07921669632196426,
            0.07921669632196426,
            0.07880230247974396,
            0.9937379956245422
        ],
        [
            -0.0009779069805517793,
            -0.2200690060853958,
            -0.3148129880428314,
            0.1211249977350235,
            0.0609171986579895,
            0.8165590167045593,
            0.005514380056411028,
            0.9746689796447754,
            0.22358299791812897,
            0.004392589908093214,
            -0.22360800206661224,
            0.9746689796447754
        ],
        [
            -0.4291380047798157,
            -0.3842700123786926,
            -0.3556930124759674,
            0.7345989942550659,
            0.10660400241613388,
            0.06669250130653381,
            -0.0031111999414861202,
            0.9673740267753601,
            0.2533319890499115,
            0.00670578982681036,
            -0.2533070147037506,
            0.9673629999160767
        ],
        [
            -0.0017040600068867207,
            0.46522700786590576,
            -0.3043450117111206,
            0.4904380142688751,
            0.06791289895772934,
            0.8550670146942139,
            0.0010424100328236818,
            0.9935659766197205,
            -0.11325400322675705,
            0.0011679800227284431,
            0.11325199902057648,
            0.9935659766197205
        ],
        [
            -0.42857301235198975,
            0.21038700640201569,
            -0.2523060142993927,
            0.5362340211868286,
            0.13726499676704407,
            0.06555300205945969,
            0.0,
            1.0,
            0.0,
            0.0,
            0.0,
            1.0
        ]
    ],
    "ops": [
        [
            0,
            0,
            2,
            0,
            2,
            0,
            2,
            1,
            1,
            1,
            0,
            0,
            2,
            1,
            1
        ]
    ],
    "syms": [
        [
            0.0,
            0.9999960064888,
            -0.0008972699870355427,
            0.0025558199267834425,
            -0.0017784599913284183,
            -0.3708440065383911,
            0.510342001914978,
            0.0
        ],
        [
            0.0,
            -0.00015738600632175803,
            0.056671999394893646,
            0.9983929991722107,
            -0.0010422300547361374,
            -0.19690799713134766,
            0.09322579950094223,
            0.0
        ],
        [
            0.0,
            0.9999949932098389,
            -0.0019720399286597967,
            0.002380549907684326,
            -0.00400304002687335,
            -0.38510799407958984,
            -0.35468098521232605,
            0.0
        ],
        [
            0.0,
            0.9997230172157288,
            -0.022789599373936653,
            0.005895620211958885,
            -0.0008319999906234443,
            0.20063599944114685,
            -0.249782994389534,
            0.0
        ]
    ],
    "labels:": [
        [
            1,
            2,
            2,
            2,
            0,
            0
        ]
    ],
    "obj": 43059,
    "mat_index": 5147,
    "obbs": "N 10\n-0.00170406 0.465227 -0.304345 0.999999 -0.00116798 -0.00104241 0.00116798 0.113252 0.993566 -0.00104241 -0.993566 0.113254 0.855067 0.0679129 0.490438\n-0.000977907 -0.220069 -0.314813 0.999975 -0.00439259 -0.00551438 0.00439259 -0.223608 0.974669 -0.00551438 -0.974669 -0.223583 0.816559 0.0609172 0.121125\n-0.00110655 -0.173746 0.501265 0.999997 0.00189079 0.00182792 -0.00189079 0.033797 0.999427 0.00182792 -0.999427 0.0338004 0.791986 0.0422687 0.0963956\n-0.00083087 0.0131202 0.151501 -6.90766e-06 -0.0472874 -0.998881 0.000291993 0.998881 -0.0472874 1 -0.000291993 6.90766e-06 0.768704 0.114801 0.921057\n0.426909 0.190885 -0.24726 1 0 0 0 1 0 0 0 1 0.065549 0.529031 0.147359\n-0.428573 0.210387 -0.252306 1 0 0 0 1 0 0 0 1 0.065553 0.536234 0.137265\n-0.429138 -0.38427 -0.355693 0.0031112 -0.967374 -0.253332 0.999973 0.00470845 -0.00569892 0.00670579 -0.253307 0.967363 0.734599 0.0666925 0.106604\n0.421132 -0.385947 -0.353669 0.00352277 -0.963452 -0.267857 0.998024 -0.0134167 0.0613842 -0.0627345 -0.267544 0.961501 0.733692 0.0842787 0.106695\n0.419498 -0.371222 0.511418 0.00571202 0.996902 -0.0784418 0.999632 -0.00777219 -0.0259835 -0.0265126 -0.0782646 -0.99658 0.72306 0.0848381 0.109347\n-0.423055 -0.370466 0.509265 -0.00209814 -0.996855 0.0792167 0.996855 -0.0083603 -0.0788023 0.0792167 0.0788023 0.993738 0.725464 0.0844439 0.110929\nC 21\n0 7\n0 6\n0 5\n0 4\n0 3\n1 3\n1 4\n1 5\n1 6\n1 7\n2 9\n2 8\n2 3\n3 5\n3 8\n3 9\n3 6\n3 7\n3 4\n4 7\n5 6\nS 4\n2\n1 -0.000977907 -0.220069 -0.314813\n2 -0.00110655 -0.173746 0.501265\n2\n-0.00104223 -0.196908 0.0932258\n-0.000157386 0.056672 0.998393\n2\n4 0.426909 0.190885 -0.24726\n5 -0.428573 0.210387 -0.252306\n2\n-0.000832 0.200636 -0.249783\n-0.999723 0.0227896 -0.00589562\n2\n6 -0.429138 -0.38427 -0.355693\n7 0.421132 -0.385947 -0.353669\n2\n-0.00400304 -0.385108 -0.354681\n0.999995 -0.00197204 0.00238055\n2\n8 0.419498 -0.371222 0.511418\n9 -0.423055 -0.370466 0.509265\n2\n-0.00177846 -0.370844 0.510342\n-0.999996 0.00089727 -0.00255582\nL 10\n0\n2\n2\n1\n0\n0\n2\n2\n2\n2"
}