{
    "boxes": [
        [
            -0.008703479543328285,
            -0.0958143025636673,
            0.1962140053510666,
            0.14654800295829773,
            0.9862520098686218,
            0.7338989973068237,
            0.008617360144853592,
            0.9999520182609558,
            -0.004598749801516533,
            1.9814999177469872e-05,
            0.004598749801516533,
            0.9999889731407166
        ],
        [
            -0.4238480031490326,
            0.052908699959516525,
            0.108924001455307,
            0.3482399880886078,
            0.6597139835357666,
            0.19585299491882324,
            -0.6343860030174255,
            0.7729799747467041,
            -0.007449400145560503,
            0.007449400145560503,
            0.015749499201774597,
            0.9998480081558228
        ],
        [
            0.009032499976456165,
            -0.39586201310157776,
            0.17250299453735352,
            0.6091880202293396,
            0.27543601393699646,
            0.29497501254081726,
            0.0,
            1.0,
            0.0,
            0.0,
            0.0,
            1.0
        ],
        [
            -0.008647999726235867,
            -0.7322790026664734,
            0.17412300407886505,
            0.12033399939537048,
            0.6955170035362244,
            0.7012420296669006,
            0.0,
            1.0,
            0.0,
            0.0,
            0.0,
            1.0
        ],
        [
            -0.012390900403261185,
            0.4050630033016205,
            -0.2374120056629181,
            1.0005600452423096,
            0.36981400847435,
            0.8875139951705933,
            0.017899999395012856,
            0.9937549829483032,
            -0.11013499647378922,
            0.07834009826183319,
            0.1084199994802475,
            0.9910140037536621
        ]
    ],
    "ops": [
        [
            0,
            0,
            2,
            1,
            0,
            0,
            1,
            1,
            0,
            1
        ]
    ],
    "syms": [
        [
            0.0,
            0.9999989867210388,
            0.0007677979883737862,
            -0.0011624300386756659,
            -0.004467700142413378,
            0.05323069915175438,
            0.10843700170516968,
            0.0
        ]
    ],
    "labels:": [
        [
            1,
            3,
            2,
            2,
            0
        ]
    ],
    "obj": 43140,
    "mat_index": 5191,
    "obbs": "N 6\n-0.0123909 0.405063 -0.237412 0.996766 -0.0263671 -0.0759102 0.0783401 0.10842 0.991014 -0.0179 -0.993755 0.110135 0.887514 0.369814 1.00056\n0.414912 0.0535527 0.107949 0.021131 -0.0147323 -0.999668 0.771429 -0.635797 0.0256764 -0.635964 -0.771716 -0.0020701 0.657568 0.180055 0.333257\n-0.423848 0.0529087 0.108924 0.634386 -0.77298 0.0074494 0.77298 0.634235 -0.0157495 0.0074494 0.0157495 0.999848 0.34824 0.195853 0.659714\n-0.00870348 -0.0958143 0.196214 0.999963 -0.00861736 1.9815e-05 0.00861736 0.999952 -0.00459875 1.9815e-05 0.00459875 0.999989 0.733899 0.146548 0.986252\n0.0090325 -0.395862 0.172503 1 0 0 0 1 0 0 0 1 0.294975 0.609188 0.275436\n-0.008648 -0.732279 0.174123 1 0 0 0 1 0 0 0 1 0.701242 0.120334 0.695517\nC 10\n0 1\n0 4\n0 3\n0 2\n1 3\n1 4\n2 4\n2 3\n3 4\n4 5\nS 1\n2\n1 0.414912 0.0535527 0.107949\n2 -0.423848 0.0529087 0.108924\n2\n-0.0044677 0.0532307 0.108437\n-0.999999 -0.000767798 0.00116243\nL 6\n0\n3\n3\n1\n2\n2"
}