{
    "boxes": [
        [
            -0.00901454035192728,
            0.032574400305747986,
            0.1141590029001236,
            0.08097460120916367,
            0.8055049777030945,
            0.8055030107498169,
            -0.00046030301018618047,
            1.0,
            -0.0007292299997061491,
            0.20791199803352356,
            0.000808997021522373,
            0.9781469702720642
        ],
        [
            -0.27226001024246216,
            -0.45100200176239014,
            -0.3169440031051636,
            0.8173480033874512,
            0.0849165990948677,
            0.0421827994287014,
            0.15624600648880005,
            0.9645339846611023,
            0.21274800598621368,
            0.3801119923591614,
            -0.2575230002403259,
            0.8883669972419739
        ],
        [
            -0.3319779932498932,
            -0.4031069874763489,
            0.38555198907852173,
            0.8554570078849792,
            0.040299300104379654,
            0.19859899580478668,
            0.1467839926481247,
            0.9780269861221313,
            -0.14804700016975403,
            0.7075150012969971,
            0.0007894840091466904,
            0.7066969871520996
        ],
        [
            -0.012233000248670578,
            0.37775900959968567,
            -0.3448300063610077,
            0.9517830014228821,
            0.06370159983634949,
            0.7136769890785217,
            0.10151000320911407,
            0.9707430005073547,
            -0.2176080048084259,
            -0.003790880087763071,
            0.21911300718784332,
            0.9756919741630554
        ]
    ],
    "ops": [
        [
            0,
            0,
            0,
            1,
            2,
            1,
            0,
            1
        ]
    ],
    "syms": [
        [
            0.0,
            0.9998490214347839,
            -0.017044799402356148,
            -0.0032424801029264927,
            0.0028972099535167217,
            -0.45569300651550293,
            -0.3178369998931885,
            0.0
        ]
    ],
    "labels:": [
        [
            1,
            2,
            2,
            0
        ]
    ],
    "obj": 43181,
    "mat_index": 5213,
    "obbs": "N 6\n-0.00901454 0.0325744 0.114159 0.978148 0.000298629 -0.207912 -0.000460303 1 -0.00072923 0.207912 0.000808997 0.978147 0.805503 0.0809746 0.805505\n-0.012233 0.377759 -0.34483 -0.994827 0.0982175 -0.0259222 -0.00379088 0.219113 0.975692 0.10151 0.970743 -0.217608 0.713677 0.0637016 0.951783\n-0.27226 -0.451002 -0.316944 -0.156246 -0.964534 -0.212748 0.911648 -0.0579362 -0.406868 0.380112 -0.257523 0.888367 0.817348 0.0421828 0.0849166\n0.278055 -0.460383 -0.318729 0.484379 0.2678 -0.832862 0.861083 0.0223356 0.507974 0.154638 -0.963215 -0.219779 0.0827724 0.0477569 0.798574\n0.336787 -0.403321 0.385241 0.146184 -0.978344 0.146541 0.707774 -5.79195e-05 -0.706438 0.691148 0.206988 0.692438 0.855395 0.0397787 0.198739\n-0.331978 -0.403107 0.385552 0.691286 -0.208477 -0.691853 0.707515 0.000789484 0.706697 -0.146784 -0.978027 0.148047 0.198599 0.0402993 0.855457\nC 7\n0 1\n0 5\n0 4\n0 3\n0 2\n1 2\n1 3\nS 2\n2\n2 -0.27226 -0.451002 -0.316944\n3 0.278055 -0.460383 -0.318729\n2\n0.00289721 -0.455693 -0.317837\n0.999849 -0.0170448 -0.00324248\n2\n4 0.336787 -0.403321 0.385241\n5 -0.331978 -0.403107 0.385552\n2\n0.00240429 -0.403214 0.385396\n-1 0.000320221 0.000465571\nL 6\n1\n0\n2\n2\n2\n2"
}