{
    "boxes": [
        [
            -0.0035474998876452446,
            0.09637050330638885,
            0.11986199766397476,
            0.11166100203990936,
            0.6533719897270203,
            0.6533730030059814,
            0.0,
            1.0,
            0.0,
            0.0,
            0.0,
            1.0
        ],
        [
            -0.0041924999095499516,
            -0.45079898834228516,
            0.12256000190973282,
            0.982679009437561,
            0.08681400120258331,
            0.08681300282478333,
            0.0,
            1.0,
            0.0,
            0.0,
            0.0,
            1.0
        ],
        [
            -0.0041924999095499516,
            -0.9489930272102356,
            0.12256000190973282,
            0.01370800007134676,
            0.2947100102901459,
            0.2947089970111847,
            -0.0,
            1.0,
            0.0,
            0.0,
            0.0,
            1.0
        ],
        [
            -0.24793300032615662,
            0.44711899757385254,
            -0.1960739940404892,
            0.662759006023407,
            0.04840720072388649,
            0.044257599860429764,
            -0.27811700105667114,
            0.9370660185813904,
            -0.21108999848365784,
            0.14647400379180908,
            0.25856301188468933,
            0.9548249840736389
        ],
        [
            -0.002135670045390725,
            0.4511770009994507,
            -0.23386800289154053,
            0.6241620182991028,
            0.08475659787654877,
            0.6407380104064941,
            0.008814689703285694,
            0.9779790043830872,
            -0.20851700007915497,
            0.01089170016348362,
            0.20841899514198303,
            0.9779790043830872
        ],
        [
            0.0010010000551119447,
            0.7461820244789124,
            -0.2949340045452118,
            0.04288399964570999,
            0.10904800146818161,
            0.7151839733123779,
            0.0,
            1.0,
            0.0,
            0.0,
            0.0,
            1.0
        ]
    ],
    "ops": [
        [
            0,
            0,
            0,
            1,
            1,
            0,
            2,
            0,
            0,
            1,
            1,
            1
        ]
    ],
    "syms": [
        [
            0.0,
            0.9999759793281555,
            0.006714880000799894,
            -0.0014906700234860182,
            0.0015338100492954254,
            0.44879499077796936,
            -0.1964460015296936,
            0.0
        ]
    ],
    "labels:": [
        [
            1,
            2,
            2,
            0,
            0,
            0
        ]
    ],
    "obj": 2841,
    "mat_index": 524,
    "obbs": "N 7\n-0.00213567 0.451177 -0.233868 0.999902 -0.0108917 -0.00881469 0.0108917 0.208419 0.977979 -0.00881469 -0.977979 0.208517 0.640738 0.0847566 0.624162\n0.001001 0.746182 -0.294934 1 0 0 0 1 0 0 0 1 0.715184 0.042884 0.109048\n-0.0035475 0.0963705 0.119862 1 0 0 0 1 0 0 0 1 0.653373 0.111661 0.653372\n0.251001 0.45047 -0.196818 -0.0214888 -0.173424 -0.984613 0.961626 -0.27302 0.0271012 -0.273519 -0.946247 0.172636 0.0408048 0.0420798 0.654754\n-0.247933 0.447119 -0.196074 -0.278117 0.937066 -0.21109 0.949314 0.234634 -0.209166 -0.146474 -0.258563 -0.954825 0.662759 0.0442576 0.0484072\n-0.0041925 -0.450799 0.12256 1 0 0 0 1 0 0 0 1 0.086813 0.982679 0.086814\n-0.0041925 -0.948993 0.12256 1 0 -0 -0 1 0 0 0 1 0.294709 0.013708 0.29471\nC 12\n0 1\n0 5\n0 4\n0 3\n0 2\n1 3\n1 4\n2 4\n2 3\n2 5\n4 5\n5 6\nS 1\n2\n3 0.251001 0.45047 -0.196818\n4 -0.247933 0.447119 -0.196074\n2\n0.00153381 0.448795 -0.196446\n-0.999976 -0.00671488 0.00149067\nL 7\n0\n0\n1\n0\n0\n2\n2"
}