{
    "boxes": [
        [
            0.003763499902561307,
            -0.06816750019788742,
            0.08873599767684937,
            0.0813629999756813,
            1.0089000463485718,
            1.0089000463485718,
            0.0,
            1.0,
            0.0,
            0.0,
            0.0,
            1.0
        ],
        [
            -0.5352699756622314,
            -0.3169640004634857,
            0.17970499396324158,
            0.9147109985351562,
            0.06936150044202805,
            0.08083129674196243,
            -0.018077699467539787,
            0.8506280183792114,
            -0.5254579782485962,
            0.1546429991722107,
            0.5215979814529419,
            0.8390589952468872
        ],
        [
            0.5374990105628967,
            -0.324862003326416,
            0.18930000066757202,
            0.9257019758224487,
            0.0681648999452591,
            0.08914259821176529,
            -0.022329099476337433,
            0.8439720273017883,
            -0.5359219908714294,
            -0.4861139953136444,
            0.45925500988960266,
            0.7434899806976318
        ],
        [
            -0.529653012752533,
            -0.3872759938240051,
            -0.20741799473762512,
            0.8167719841003418,
            0.057117801159620285,
            0.057117000222206116,
            -1.4562099627263986e-13,
            0.8660249710083008,
            0.5,
            -9.48850029658388e-08,
            -0.5,
            0.8660249710083008
        ],
        [
            0.008084270171821117,
            0.604960024356842,
            -0.3847520053386688,
            0.2936899960041046,
            0.047605399042367935,
            1.035599946975708,
            -0.0013486900134012103,
            0.8452230095863342,
            -0.5344129800796509,
            -0.002448410028591752,
            0.5344089865684509,
            0.8452230095863342
        ],
        [
            0.0069304900243878365,
            0.42456600069999695,
            -0.2702139914035797,
            0.8712279796600342,
            0.08995579928159714,
            1.1499700546264648,
            0.002769069978967309,
            0.857134997844696,
            -0.515084981918335,
            0.004894599784165621,
            0.5150690078735352,
            0.857134997844696
        ]
    ],
    "ops": [
        [
            0,
            0,
            0,
            0,
            2,
            1,
            1,
            1,
            0,
            0,
            1,
            1
        ]
    ],
    "syms": [
        [
            0.0,
            0.9999790191650391,
            0.005825969856232405,
            -0.002816080115735531,
            0.004525749944150448,
            -0.3841640055179596,
            -0.20892199873924255,
            0.0
        ]
    ],
    "labels:": [
        [
            1,
            2,
            2,
            2,
            0,
            0
        ]
    ],
    "obj": 43244,
    "mat_index": 5245,
    "obbs": "N 7\n0.00808427 0.60496 -0.384752 -0.00134869 0.845223 -0.534413 -0.00244841 0.534409 0.845223 0.999996 0.00244841 0.00134869 0.29369 0.0476054 1.0356\n0.0037635 -0.0681675 0.088736 1 0 0 0 1 0 0 0 1 1.0089 0.081363 1.0089\n0.537499 -0.324862 0.1893 -0.87361 -0.277121 -0.400012 -0.486114 0.459255 0.74349 -0.0223291 0.843972 -0.535922 0.0891426 0.0681649 0.925702\n-0.53527 -0.316964 0.179705 0.987805 -0.06609 -0.140973 0.154643 0.521598 0.839059 0.0180777 -0.850628 0.525458 0.0808313 0.0693615 0.914711\n-0.529653 -0.387276 -0.207418 9.4885e-08 0.5 -0.866025 1 -4.74424e-08 8.21729e-08 1.45621e-13 -0.866025 -0.5 0.0571178 0.057117 0.816772\n0.538704 -0.381052 -0.210426 2.2695e-12 -0.866026 -0.499999 1 7.22566e-07 -1.25152e-06 1.44513e-06 -0.499999 0.866026 0.816772 0.057116 0.0571186\n0.00693049 0.424566 -0.270214 0.999984 -0.0048946 -0.00276907 0.0048946 0.515069 0.857135 -0.00276907 -0.857135 0.515085 1.14997 0.0899558 0.871228\nC 12\n0 6\n1 2\n1 3\n1 4\n1 5\n1 6\n2 6\n2 5\n3 6\n3 4\n4 6\n5 6\nS 1\n2\n4 -0.529653 -0.387276 -0.207418\n5 0.538704 -0.381052 -0.210426\n2\n0.00452575 -0.384164 -0.208922\n0.999979 0.00582597 -0.00281608\nL 7\n0\n1\n2\n2\n2\n2\n0"
}