{
    "boxes": [
        [
            0.003957650158554316,
            -0.12245099991559982,
            0.26801198720932007,
            0.0505731999874115,
            0.7152379751205444,
            0.7761549949645996,
            -0.019711699336767197,
            0.9897260069847107,
            -0.1416109949350357,
            -0.0014028999721631408,
            0.1416109949350357,
            0.989920973777771
        ],
        [
            0.32427701354026794,
            -0.07249060273170471,
            0.264039009809494,
            0.16459299623966217,
            0.6686260104179382,
            0.05806409940123558,
            0.5055699944496155,
            0.8313850164413452,
            -0.23064599931240082,
            0.1817850023508072,
            0.15868200361728668,
            0.9704509973526001
        ],
        [
            -0.29362499713897705,
            -0.1064390018582344,
            0.2810240089893341,
            0.04855789989233017,
            0.5973759889602661,
            0.19568899273872375,
            0.6238679885864258,
            0.7780920267105103,
            0.07321929931640625,
            -0.4469670057296753,
            0.2783760130405426,
            0.850134015083313
        ],
        [
            -0.23837999999523163,
            -0.2635360062122345,
            -0.12158700078725815,
            0.20408299565315247,
            0.8761370182037354,
            0.01388620026409626,
            0.13271699845790863,
            0.8606939911842346,
            -0.4915210008621216,
            0.21141000092029572,
            0.4599129855632782,
            0.8624299764633179
        ],
        [
            -0.33465901017189026,
            -0.2642480134963989,
            0.5620430111885071,
            0.19667600095272064,
            0.683692991733551,
            0.013950900174677372,
            -0.09199350327253342,
            0.8737189769744873,
            0.47765299677848816,
            -0.47765299677848816,
            -0.4596160054206848,
            0.7487319707870483
        ],
        [
            0.01842609979212284,
            0.1418759971857071,
            -0.2808539867401123,
            0.8546259999275208,
            0.14334900677204132,
            0.8592119812965393,
            0.0012902000453323126,
            0.8414120078086853,
            -0.5403919816017151,
            0.0023619900457561016,
            0.5403890013694763,
            0.8414120078086853
        ],
        [
            0.01808370091021061,
            -0.07771830260753632,
            -0.07694189995527267,
            0.21148699522018433,
            0.4130589962005615,
            0.6039599776268005,
            0.0005469670286402106,
            0.8027669787406921,
            0.5962929725646973,
            -0.00018091799574904144,
            -0.5962929725646973,
            0.8027669787406921
        ]
    ],
    "ops": [
        [
            0,
            0,
            0,
            1,
            1,
            0,
            0,
            1,
            2,
            1,
            0,
            0,
            1,
            1
        ]
    ],
    "syms": [
        [
            0.0,
            0.9999949932098389,
            -0.0009050139924511313,
            0.003074110019952059,
            0.014214400202035904,
            -0.26376500725746155,
            -0.12081000208854675,
            0.0
        ]
    ],
    "labels:": [
        [
            1,
            3,
            3,
            2,
            2,
            0,
            0
        ]
    ],
    "obj": 43329,
    "mat_index": 5276,
    "obbs": "N 9\n0.0184261 0.141876 -0.280854 0.0012902 0.841412 -0.540392 0.00236199 0.540389 0.841412 0.999996 -0.00236199 -0.0012902 0.854626 0.143349 0.859212\n0.324277 -0.0724906 0.264039 0.50557 0.831385 -0.230646 0.843417 -0.532559 -0.070909 -0.181785 -0.158682 -0.970451 0.164593 0.0580641 0.668626\n-0.293625 -0.106439 0.281024 0.446967 -0.278376 -0.850134 0.623868 0.778092 0.0732193 0.6411 -0.563098 0.521451 0.597376 0.0485579 0.195689\n0.00395765 -0.122451 0.268012 0.0014029 -0.141611 -0.989921 -0.0197117 0.989726 -0.141611 0.999805 0.0197117 -0.0014029 0.715238 0.0505732 0.776155\n0.0180837 -0.0777183 -0.0769419 0.000180918 0.596293 -0.802767 0.000546967 0.802767 0.596293 1 -0.000546967 -0.000180918 0.413059 0.211487 0.60396\n0.266809 -0.263993 -0.120034 0.211125 -0.487332 -0.84731 0.974438 0.0368314 0.221618 -0.076794 -0.87244 0.48265 0.876256 0.0136772 0.209198\n0.373044 -0.268625 0.569624 0.0678196 -0.732128 -0.677782 0.884615 0.358275 -0.298487 0.461363 -0.579333 0.67195 0.199102 0.0137778 0.683749\n-0.23838 -0.263536 -0.121587 -0.21141 -0.459913 -0.86243 0.968345 -0.218372 -0.120921 -0.132717 -0.860694 0.491521 0.876137 0.0138862 0.204083\n-0.334659 -0.264248 0.562043 0.0919935 -0.873719 -0.477653 0.873719 -0.159274 0.459616 -0.477653 -0.459616 0.748732 0.196676 0.0139509 0.683693\nC 25\n0 2\n0 7\n0 3\n0 4\n0 5\n0 1\n1 3\n1 6\n1 5\n1 4\n2 8\n2 3\n2 7\n2 4\n3 7\n3 6\n3 5\n3 8\n3 4\n4 7\n4 8\n4 5\n4 6\n5 6\n7 8\nS 2\n2\n5 0.266809 -0.263993 -0.120034\n7 -0.23838 -0.263536 -0.121587\n2\n0.0142144 -0.263765 -0.12081\n-0.999995 0.000905014 -0.00307411\n2\n6 0.373044 -0.268625 0.569624\n8 -0.334659 -0.264248 0.562043\n2\n0.0191925 -0.266436 0.565833\n-0.999923 0.00618496 -0.0107117\nL 9\n0\n3\n3\n1\n0\n2\n2\n2\n2"
}