{
    "boxes": [
        [
            0.0033275000751018524,
            -0.13094599545001984,
            0.11174099892377853,
            0.23833000659942627,
            0.9029080271720886,
            0.8344129920005798,
            0.0,
            1.0,
            0.0,
            0.0,
            0.0,
            1.0
        ],
        [
            -0.3917129933834076,
            0.21173599362373352,
            0.007059540133923292,
            0.23631900548934937,
            0.7356870174407959,
            0.04470200091600418,
            0.000777910987380892,
            0.9134200215339661,
            0.4070180058479309,
            -0.0006836269749328494,
            -0.4070180058479309,
            0.9134200215339661
        ],
        [
            -0.38807401061058044,
            0.3097209930419922,
            -0.10909800231456757,
            0.02673500031232834,
            0.34074100852012634,
            0.05160899832844734,
            0.0,
            1.0,
            0.0,
            0.0,
            0.0,
            1.0
        ],
        [
            -0.3829590082168579,
            -0.4774259924888611,
            -0.2818860113620758,
            0.5510730147361755,
            0.10040599852800369,
            0.051972001791000366,
            0.0,
            1.0,
            0.0,
            0.0,
            0.0,
            1.0
        ],
        [
            -0.37091198563575745,
            -0.39022698998451233,
            0.5463680028915405,
            0.7323430180549622,
            0.10610000044107437,
            0.055518701672554016,
            -0.006828470155596733,
            0.9955940246582031,
            -0.09351780265569687,
            -0.06492780148983002,
            0.0928812026977539,
            0.9935579895973206
        ],
        [
            0.004418000113219023,
            0.5103319883346558,
            -0.3681640028953552,
            0.3912619948387146,
            0.05428510159254074,
            0.8309400081634521,
            -0.0,
            0.996163010597229,
            -0.0875156968832016,
            -0.0,
            0.0875156968832016,
            0.996163010597229
        ],
        [
            -0.38270100951194763,
            0.19685499370098114,
            -0.33652999997138977,
            0.8899959921836853,
            0.07069040089845657,
            0.05414250120520592,
            0.0023236300330609083,
            0.991786003112793,
            -0.12788499891757965,
            -0.05687149986624718,
            0.12780900299549103,
            0.9901670217514038
        ]
    ],
    "ops": [
        [
            0,
            0,
            0,
            1,
            2,
            1,
            0,
            0,
            1,
            2,
            1,
            0,
            0,
            2,
            1,
            1
        ]
    ],
    "syms": [
        [
            0.0,
            0.9992600083351135,
            0.03720039874315262,
            -0.009771309792995453,
            0.0011380199575796723,
            0.2263610064983368,
            0.0032180300913751125,
            0.0
        ],
        [
            0.0,
            0.9977480173110962,
            0.0670681968331337,
            -0.000956362986471504,
            0.0030519999563694,
            -0.4514780044555664,
            -0.28225600719451904,
            0.0
        ],
        [
            0.0,
            0.9975600242614746,
            0.06846120208501816,
            -0.013660700060427189,
            0.003332630032673478,
            0.223348006606102,
            -0.3418160080909729,
            0.0
        ]
    ],
    "labels:": [
        [
            1,
            3,
            3,
            2,
            2,
            0,
            0
        ]
    ],
    "obj": 43408,
    "mat_index": 5307,
    "obbs": "N 12\n0.004418 0.510332 -0.368164 1 0 0 -0 0.0875157 0.996163 0 -0.996163 0.0875157 0.83094 0.0542851 0.391262\n0.393989 0.240986 -0.000623487 -0.000520577 -0.891004 -0.453995 1 -0.000586669 4.73119e-06 -0.00027056 -0.453995 0.891004 0.235817 0.0443868 0.737441\n-0.391713 0.211736 0.00705954 -0.000777911 -0.91342 -0.407018 0.999999 -0.000988808 0.000307815 -0.000683627 -0.407018 0.91342 0.236319 0.044702 0.735687\n0.0033275 -0.130946 0.111741 1 0 0 0 1 0 0 0 1 0.834413 0.23833 0.902908\n0.389366 0.249841 -0.347103 -0.0174046 0.99247 -0.121243 -0.0196568 0.120899 0.99247 0.999655 0.0196568 0.0174046 0.769146 0.0662832 0.0640793\n-0.382701 0.196855 -0.33653 -0.998379 -0.00497219 -0.0567013 -0.0568715 0.127809 0.990167 0.00232363 0.991786 -0.127885 0.0541425 0.0706904 0.889996\n0.398402 0.338282 -0.108664 1 0 0 0 1 0 0 0 1 0.051608 0.026734 0.340741\n-0.388074 0.309721 -0.109098 1 0 0 0 1 0 0 0 1 0.051609 0.026735 0.340741\n-0.382959 -0.477426 -0.281886 1 0 0 0 1 0 0 0 1 0.051972 0.551073 0.100406\n0.389063 -0.42553 -0.282626 1 0 0 0 1 0 0 0 1 0.051972 0.667031 0.10048\n0.367731 -0.38858 0.546087 -0.00612406 0.995353 -0.0960968 0.998043 0.0120637 0.0613506 0.0622248 -0.0955331 -0.993479 0.732388 0.0551624 0.105183\n-0.370912 -0.390227 0.546368 -0.00682847 0.995594 -0.0935178 0.997867 0.0128564 0.0640076 0.0649278 -0.0928812 -0.993558 0.732343 0.0555187 0.1061\nC 24\n0 7\n0 4\n0 5\n0 1\n0 6\n0 2\n1 3\n1 6\n1 10\n1 4\n2 5\n2 3\n2 7\n2 11\n3 11\n3 10\n3 9\n3 5\n3 8\n3 4\n4 9\n4 6\n5 8\n5 7\nS 5\n2\n1 0.393989 0.240986 -0.000623487\n2 -0.391713 0.211736 0.00705954\n2\n0.00113802 0.226361 0.00321803\n-0.99926 -0.0372004 0.00977131\n2\n4 0.389366 0.249841 -0.347103\n5 -0.382701 0.196855 -0.33653\n2\n0.00333263 0.223348 -0.341816\n-0.99756 -0.0684612 0.0136607\n2\n6 0.398402 0.338282 -0.108664\n7 -0.388074 0.309721 -0.109098\n2\n0.00516375 0.324002 -0.108881\n-0.999341 -0.0362906 -0.000550194\n2\n8 -0.382959 -0.477426 -0.281886\n9 0.389063 -0.42553 -0.282626\n2\n0.003052 -0.451478 -0.282256\n0.997748 0.0670682 -0.000956363\n2\n10 0.367731 -0.38858 0.546087\n11 -0.370912 -0.390227 0.546368\n2\n-0.00159064 -0.389403 0.546227\n-0.999997 -0.00222949 0.000381253\nL 12\n0\n3\n3\n1\n0\n0\n3\n3\n2\n2\n2\n2"
}