{
    "boxes": [
        [
            0.003710000077262521,
            -0.19544899463653564,
            0.07963799685239792,
            0.4223119914531708,
            0.9263619780540466,
            0.9220619797706604,
            0.0,
            1.0,
            0.0,
            0.0,
            0.0,
            1.0
        ],
        [
            -0.5299440026283264,
            -0.07420559972524643,
            0.11760299652814865,
            0.8635820150375366,
            1.0105700492858887,
            0.42834898829460144,
            -0.2937609851360321,
            0.955731987953186,
            0.016730399802327156,
            0.051004499197006226,
            -0.0018053400563076138,
            0.9986969828605652
        ],
        [
            -0.5319290161132812,
            -0.5721520185470581,
            -0.292510986328125,
            0.19849300384521484,
            0.1551010012626648,
            0.18954600393772125,
            0.0,
            1.0,
            0.0,
            0.0,
            0.0,
            1.0
        ],
        [
            0.41507700085639954,
            -0.5727959871292114,
            0.4412519931793213,
            0.19703100621700287,
            0.16203999519348145,
            0.18230000138282776,
            0.0,
            1.0,
            0.0,
            0.0,
            0.0,
            1.0
        ],
        [
            -0.02339950017631054,
            0.40632200241088867,
            -0.260919988155365,
            0.9819930195808411,
            0.3887769877910614,
            1.0809600353240967,
            0.0,
            1.0,
            0.0,
            0.0,
            0.0,
            1.0
        ]
    ],
    "ops": [
        [
            0,
            0,
            2,
            1,
            0,
            0,
            1,
            2,
            1,
            0,
            1
        ]
    ],
    "syms": [
        [
            0.0,
            0.9999529719352722,
            -0.0037596700713038445,
            -0.008960859850049019,
            -0.027934199199080467,
            -0.07609300315380096,
            0.11310400068759918,
            0.0
        ],
        [
            0.0,
            0.9999989867210388,
            5.2634899475378916e-05,
            0.0014889499871060252,
            -0.004712999798357487,
            -0.5721240043640137,
            -0.2917250096797943,
            0.0
        ]
    ],
    "labels:": [
        [
            1,
            3,
            2,
            2,
            0
        ]
    ],
    "obj": 43418,
    "mat_index": 5313,
    "obbs": "N 8\n-0.0233995 0.406322 -0.26092 1 0 0 0 1 0 0 0 1 1.08096 0.981993 0.388777\n0.474075 -0.0779805 0.108606 0.272822 0.960614 0.0528115 0.953464 -0.277299 0.118372 0.128354 0.0180594 -0.991564 0.883223 0.420982 1.01769\n-0.529944 -0.0742056 0.117603 0.293761 -0.955732 -0.0167304 0.954517 0.294232 -0.0482163 0.0510045 -0.00180534 0.998697 0.863582 0.428349 1.01057\n0.00371 -0.195449 0.079638 1 0 0 0 1 0 0 0 1 0.922062 0.422312 0.926362\n0.522503 -0.572096 -0.29094 1 0 0 0 1 0 0 0 1 0.181814 0.198784 0.161159\n0.415077 -0.572796 0.441252 1 0 0 0 1 0 0 0 1 0.1823 0.197031 0.16204\n-0.531929 -0.572152 -0.292511 1 0 0 0 1 0 0 0 1 0.189546 0.198493 0.155101\n-0.502902 -0.573034 0.453442 0.0302782 0.99942 -0.015585 -0.0224296 0.0162676 0.999616 0.99929 -0.029917 0.0229091 0.197317 0.143227 0.192126\nC 13\n0 1\n0 3\n0 2\n1 3\n1 4\n1 5\n2 7\n2 6\n2 3\n3 6\n3 7\n3 4\n3 5\nS 3\n2\n1 0.474075 -0.0779805 0.108606\n2 -0.529944 -0.0742056 0.117603\n2\n-0.0279342 -0.076093 0.113104\n-0.999953 0.00375967 0.00896086\n2\n4 0.522503 -0.572096 -0.29094\n6 -0.531929 -0.572152 -0.292511\n2\n-0.004713 -0.572124 -0.291725\n-0.999999 -5.26349e-05 -0.00148895\n2\n5 0.415077 -0.572796 0.441252\n7 -0.502902 -0.573034 0.453442\n2\n-0.0439127 -0.572915 0.447347\n-0.999912 -0.000259774 0.0132778\nL 8\n0\n3\n3\n1\n2\n2\n2\n2"
}