{
    "boxes": [
        [
            0.007558819837868214,
            -0.06348700076341629,
            0.12836599349975586,
            0.14058800041675568,
            0.7811509966850281,
            0.8747590184211731,
            0.0038625600282102823,
            0.9961619973182678,
            -0.08744219690561295,
            0.0001691999932518229,
            0.08744219690561295,
            0.9961699843406677
        ],
        [
            0.4522320032119751,
            0.26554301381111145,
            0.052007000893354416,
            0.060068000108003616,
            0.862276017665863,
            0.045187998563051224,
            0.0,
            1.0,
            0.0,
            0.0,
            0.0,
            1.0
        ],
        [
            0.4531239867210388,
            -0.01699949987232685,
            0.46584901213645935,
            0.5600090026855469,
            0.05329800024628639,
            0.044854000210762024,
            0.0,
            1.0,
            0.0,
            0.0,
            0.0,
            1.0
        ],
        [
            -0.4382210075855255,
            0.28952398896217346,
            0.1445160061120987,
            0.08530650287866592,
            0.7662990093231201,
            0.09516319632530212,
            0.013968800194561481,
            0.9985700249671936,
            0.05160199850797653,
            -0.0003606670070439577,
            -0.05160199850797653,
            0.9986680150032043
        ],
        [
            -6.749999738531187e-05,
            -0.8151710033416748,
            -0.43408501148223877,
            0.03318899869918823,
            0.06206599995493889,
            0.8201109766960144,
            0.0,
            1.0,
            0.0,
            0.0,
            0.0,
            1.0
        ],
        [
            0.009573999792337418,
            -0.2640100121498108,
            0.4003390073776245,
            0.08733899891376495,
            0.1425819993019104,
            0.931801974773407,
            0.0,
            1.0,
            0.0,
            0.0,
            0.0,
            1.0
        ],
        [
            -0.4126729965209961,
            -0.41418200731277466,
            0.4518220126628876,
            0.794530987739563,
            0.09666000306606293,
            0.04118200019001961,
            0.0,
            1.0,
            0.0,
            0.0,
            0.0,
            1.0
        ],
        [
            -0.40295499563217163,
            -0.8055809736251831,
            0.006500000134110451,
            0.05207499861717224,
            0.8658620119094849,
            0.05646200105547905,
            0.0,
            1.0,
            0.0,
            0.0,
            0.0,
            1.0
        ],
        [
            0.0037966601084917784,
            0.4241749942302704,
            -0.31894999742507935,
            0.7207260131835938,
            0.08052779734134674,
            0.8596749901771545,
            0.007773660123348236,
            0.9997199773788452,
            -0.022356700152158737,
            0.007949200458824635,
            0.022294899448752403,
            0.9997199773788452
        ],
        [
            0.3061450123786926,
            0.36535900831222534,
            -0.04832090064883232,
            0.14146700501441956,
            1.5685100555419922,
            0.7050610184669495,
            0.006009969860315323,
            0.6833080053329468,
            0.730105996131897,
            0.5424410104751587,
            -0.6155909895896912,
            0.5716680288314819
        ],
        [
            -0.005638500209897757,
            0.2741740047931671,
            -0.3412429988384247,
            0.04589900001883507,
            0.08158499747514725,
            0.9139590263366699,
            0.0,
            1.0,
            0.0,
            0.0,
            0.0,
            1.0
        ],
        [
            0.42209699749946594,
            0.31672799587249756,
            -0.3275800049304962,
            0.8245559930801392,
            0.09131570160388947,
            0.04779469966888428,
            0.003526319982483983,
            0.991316020488739,
            -0.1314529925584793,
            0.0276699997484684,
            0.13130700588226318,
            0.9909560084342957
        ]
    ],
    "ops": [
        [
            0,
            0,
            0,
            0,
            1,
            1,
            2,
            1,
            0,
            0,
            0,
            0,
            1,
            2,
            1,
            1,
            1,
            0,
            0,
            1,
            0,
            0,
            2,
            1,
            1,
            1
        ]
    ],
    "syms": [
        [
            0.0,
            0.9994649887084961,
            0.003073900006711483,
            -0.03255850076675415,
            0.00466924998909235,
            0.264165997505188,
            0.06658679991960526,
            0.0
        ],
        [
            0.0,
            0.9999819993972778,
            0.004828730132430792,
            -0.003602710086852312,
            0.008599749766290188,
            -0.41214698553085327,
            0.4503040015697479,
            0.0
        ],
        [
            0.0,
            0.999908983707428,
            -0.003496639896184206,
            -0.013031300157308578,
            0.0036748501006513834,
            0.3181909918785095,
            -0.32212701439857483,
            0.0
        ]
    ],
    "labels:": [
        [
            1,
            3,
            3,
            3,
            2,
            2,
            2,
            2,
            0,
            0,
            0,
            0
        ]
    ],
    "obj": 2857,
    "mat_index": 532,
    "obbs": "N 18\n0.00379666 0.424175 -0.31895 0.999938 -0.0079492 -0.00777366 0.0079492 0.0222949 0.99972 -0.00777366 -0.99972 0.0223567 0.859675 0.0805278 0.720726\n0.306145 0.365359 -0.0483209 -0.542441 0.615591 -0.571668 0.00600997 0.683308 0.730106 0.840072 0.392604 -0.374354 1.56851 0.141467 0.705061\n0.00755882 -0.063487 0.128366 0.999993 -0.00386256 0.0001692 0.00386256 0.996162 -0.0874422 0.0001692 0.0874422 0.99617 0.874759 0.140588 0.781151\n-0.414747 0.319655 -0.316674 -0.001037 0.994718 -0.102639 0.999997 0.00123876 0.00190204 0.00201914 -0.102637 -0.994717 0.818218 0.0523644 0.08466\n0.422097 0.316728 -0.32758 -0.02767 -0.131307 -0.990956 0.999611 -0.00713174 -0.0269667 -0.00352632 -0.991316 0.131453 0.0913157 0.0477947 0.824556\n0.453124 -0.0169995 0.465849 1 0 0 0 1 0 0 0 1 0.044854 0.560009 0.053298\n-0.438878 -0.0253225 0.477711 1 0 0 0 1 0 0 0 1 0.034834 0.554879 0.045346\n0.45899 0.289545 0.136992 0.999612 -0.0278424 -0.000718491 0.0278424 0.998281 0.0515669 -0.000718491 -0.0515669 0.998669 0.096094 0.0864943 0.766326\n0.452232 0.265543 0.052007 1 0 0 0 1 0 0 0 1 0.045188 0.060068 0.862276\n-0.438221 0.289524 0.144516 0.999902 -0.0139688 -0.000360667 0.0139688 0.99857 0.051602 -0.000360667 -0.051602 0.998668 0.0951632 0.0853065 0.766299\n-0.442893 0.26279 0.0811665 1 0 0 0 1 0 0 0 1 0.039317 0.055882 0.832153\n0.009574 -0.26401 0.400339 1 0 0 0 1 0 0 0 1 0.931802 0.087339 0.142582\n-0.0056385 0.274174 -0.341243 1 0 0 0 1 0 0 0 1 0.913959 0.045899 0.081585\n-0.412673 -0.414182 0.451822 1 0 0 0 1 0 0 0 1 0.041182 0.794531 0.09666\n0.429872 -0.410113 0.448786 1 0 0 0 1 0 0 0 1 0.037451 0.77436 0.088099\n0.415746 -0.809797 0.00850833 0.200781 -0.979609 0.00730965 0.979609 0.200714 -0.0089595 0.00730965 0.0089595 0.999933 0.0526424 0.056456 0.876239\n-6.75e-05 -0.815171 -0.434085 1 0 0 0 1 0 0 0 1 0.820111 0.033189 0.062066\n-0.402955 -0.805581 0.0065 1 0 0 0 1 0 0 0 1 0.056462 0.052075 0.865862\nC 57\n0 2\n0 7\n0 10\n0 3\n0 4\n0 12\n0 8\n0 1\n0 9\n1 3\n1 11\n1 2\n1 14\n1 5\n1 4\n1 9\n1 12\n1 8\n1 7\n2 8\n2 5\n2 9\n2 13\n2 6\n2 10\n2 3\n2 14\n2 7\n2 11\n2 4\n3 10\n3 9\n3 12\n4 7\n4 8\n4 12\n5 8\n5 11\n5 7\n5 14\n6 9\n6 10\n6 11\n6 13\n7 12\n7 8\n8 12\n9 10\n9 13\n9 12\n10 12\n11 14\n11 13\n13 17\n14 15\n15 16\n16 17\nS 6\n2\n3 -0.414747 0.319655 -0.316674\n4 0.422097 0.316728 -0.32758\n2\n0.00367485 0.318191 -0.322127\n0.999909 -0.00349664 -0.0130313\n2\n5 0.453124 -0.0169995 0.465849\n6 -0.438878 -0.0253225 0.477711\n2\n0.007123 -0.021161 0.47178\n-0.999868 -0.00932947 0.0132964\n2\n7 0.45899 0.289545 0.136992\n9 -0.438221 0.289524 0.144516\n2\n0.0103844 0.289534 0.140754\n-0.999965 -2.36036e-05 0.00838598\n2\n8 0.452232 0.265543 0.052007\n10 -0.442893 0.26279 0.0811665\n2\n0.00466925 0.264166 0.0665868\n-0.999465 -0.0030739 0.0325585\n2\n13 -0.412673 -0.414182 0.451822\n14 0.429872 -0.410113 0.448786\n2\n0.00859975 -0.412147 0.450304\n0.999982 0.00482873 -0.00360271\n2\n15 0.415746 -0.809797 0.00850833\n17 -0.402955 -0.805581 0.0065\n2\n0.00639541 -0.807689 0.00750416\n-0.999984 0.00515039 -0.00245302\nL 18\n0\n0\n1\n0\n0\n3\n3\n3\n3\n3\n3\n2\n0\n2\n2\n2\n2\n2"
}