{
    "boxes": [
        [
            -0.0037499999161809683,
            0.06658550351858139,
            0.10989700257778168,
            0.3262070119380951,
            0.5598949790000916,
            0.6486979722976685,
            0.0,
            1.0,
            0.0,
            0.0,
            0.0,
            1.0
        ],
        [
            -0.2511340081691742,
            -0.4368399977684021,
            0.07113250344991684,
            0.04000740125775337,
            0.5305730104446411,
            0.03191789984703064,
            0.0020798000041395426,
            0.9998930096626282,
            -0.014503699727356434,
            -0.14193099737167358,
            0.014652100391685963,
            0.9897680282592773
        ],
        [
            -0.21768499910831451,
            -0.5017169713973999,
            -0.21245600283145905,
            0.797327995300293,
            0.05884400010108948,
            0.05884400010108948,
            0.0,
            1.0,
            0.0,
            0.0,
            0.0,
            1.0
        ],
        [
            -0.003714499995112419,
            -0.43704500794410706,
            0.360632985830307,
            0.0322440005838871,
            0.032242998480796814,
            0.5179110169410706,
            -0.0,
            1.0,
            3.4163800261000077e-12,
            -0.0,
            -3.4163800261000077e-12,
            1.0
        ],
        [
            -0.29491299390792847,
            -0.4257870018482208,
            0.35549798607826233,
            0.9491890072822571,
            0.06448700278997421,
            0.06448599696159363,
            0.0,
            1.0,
            0.0,
            0.0,
            0.0,
            1.0
        ],
        [
            -0.0029827100224792957,
            0.24056999385356903,
            -0.23132799565792084,
            0.6989910006523132,
            0.16107399761676788,
            0.5376719832420349,
            0.004447780083864927,
            0.9956139922142029,
            -0.09345020353794098,
            0.0048847501166164875,
            0.09342829883098602,
            0.9956139922142029
        ]
    ],
    "ops": [
        [
            0,
            0,
            0,
            1,
            2,
            0,
            0,
            2,
            1,
            1,
            1,
            0,
            1
        ]
    ],
    "syms": [
        [
            0.0,
            1.0,
            2.822349990909824e-15,
            1.020969975229491e-07,
            -0.0052791801281273365,
            -0.4368399977684021,
            0.07113250344991684,
            0.0
        ],
        [
            0.0,
            1.0,
            0.0,
            0.0,
            -0.003714499995112419,
            -0.4257870018482208,
            0.35549798607826233,
            0.0
        ]
    ],
    "labels:": [
        [
            1,
            2,
            2,
            2,
            2,
            0
        ]
    ],
    "obj": 43469,
    "mat_index": 5327,
    "obbs": "N 9\n-0.00298271 0.24057 -0.231328 0.999978 -0.00488475 -0.00444778 0.00488475 0.0934283 0.995614 -0.00444778 -0.995614 0.0934502 0.537672 0.161074 0.698991\n0.240576 -0.43684 0.0711326 -0.0020798 -0.999893 -0.0145037 0.989874 -3.61288e-09 -0.141946 0.141931 -0.014652 0.989768 0.0400074 0.0319172 0.530573\n-0.0037145 -0.437045 0.360633 1 0 0 -0 -3.41638e-12 1 0 -1 -3.41638e-12 0.517911 0.032243 0.032244\n-0.251134 -0.43684 0.0711325 0.141931 -0.0146521 -0.989768 0.989874 1.97389e-09 0.141946 -0.0020798 -0.999893 0.0145037 0.530573 0.0319179 0.0400074\n-0.00375 0.0665855 0.109897 1 0 0 0 1 0 0 0 1 0.648698 0.326207 0.559895\n-0.217685 -0.501717 -0.212456 1 0 0 0 1 0 0 0 1 0.058844 0.797328 0.058844\n0.209286 -0.501717 -0.212456 1 0 0 0 1 0 0 0 1 0.058844 0.797328 0.058844\n-0.294913 -0.425787 0.355498 1 0 0 0 1 0 0 0 1 0.064486 0.949189 0.064487\n0.287484 -0.425787 0.355498 1 0 0 0 1 0 0 0 1 0.064486 0.949189 0.064487\nC 15\n0 6\n0 5\n0 4\n1 2\n1 8\n1 6\n2 7\n2 8\n2 3\n3 7\n3 5\n4 7\n4 6\n4 8\n4 5\nS 3\n2\n1 0.240576 -0.43684 0.0711326\n3 -0.251134 -0.43684 0.0711325\n2\n-0.00527918 -0.43684 0.0711325\n-1 -2.82235e-15 -1.02097e-07\n2\n5 -0.217685 -0.501717 -0.212456\n6 0.209286 -0.501717 -0.212456\n2\n-0.0041995 -0.501717 -0.212456\n1 0 0\n2\n7 -0.294913 -0.425787 0.355498\n8 0.287484 -0.425787 0.355498\n2\n-0.0037145 -0.425787 0.355498\n1 0 0\nL 9\n0\n2\n2\n2\n1\n2\n2\n2\n2"
}