{
    "boxes": [
        [
            0.01606000028550625,
            -0.11920399963855743,
            0.13518700003623962,
            0.30908700823783875,
            1.1970700025558472,
            0.943585991859436,
            0.025392500683665276,
            0.9796410202980042,
            -0.19914400577545166,
            0.002554390113800764,
            0.19914400577545166,
            0.9799669981002808
        ],
        [
            -0.42935100197792053,
            0.005184739828109741,
            0.11221300065517426,
            0.46544399857521057,
            1.1985100507736206,
            0.11266099661588669,
            -0.1239589974284172,
            0.9922850131988525,
            -0.0019211099715903401,
            0.0019211099715903401,
            0.002176030073314905,
            0.9999960064888
        ],
        [
            -0.43566998839378357,
            -0.46511998772621155,
            -0.3914630115032196,
            0.38520100712776184,
            0.10238800197839737,
            0.04329700022935867,
            0.0,
            1.0,
            0.0,
            0.0,
            0.0,
            1.0
        ],
        [
            -0.437267005443573,
            -0.39715999364852905,
            0.6134340167045593,
            0.5209190249443054,
            0.10543899983167648,
            0.0401029996573925,
            0.0,
            1.0,
            0.0,
            0.0,
            0.0,
            1.0
        ],
        [
            0.025174900889396667,
            0.17038699984550476,
            -0.39369601011276245,
            0.8875439763069153,
            0.22349999845027924,
            0.9331210255622864,
            0.011065199971199036,
            0.9897710084915161,
            -0.14223699271678925,
            0.012768100015819073,
            0.14209400117397308,
            0.9897710084915161
        ]
    ],
    "ops": [
        [
            0,
            0,
            2,
            1,
            0,
            0,
            1,
            2,
            1,
            0,
            1
        ]
    ],
    "syms": [
        [
            0.0,
            0.9982650279998779,
            0.05660010129213333,
            0.01620119996368885,
            0.017179299145936966,
            0.030502300709486008,
            0.11946000158786774,
            0.0
        ],
        [
            0.0,
            0.9999629855155945,
            0.0086413798853755,
            2.888790004362818e-05,
            0.014327799901366234,
            -0.4612320065498352,
            -0.3914499878883362,
            0.0
        ]
    ],
    "labels:": [
        [
            1,
            3,
            2,
            2,
            0
        ]
    ],
    "obj": 2858,
    "mat_index": 533,
    "obbs": "N 8\n0.0251749 0.170387 -0.393696 0.999857 -0.0127681 -0.0110652 0.0127681 0.142094 0.989771 -0.0110652 -0.989771 0.142237 0.933121 0.2235 0.887544\n0.46371 0.0558199 0.126707 0.102243 0.99052 -0.0917449 0.994757 -0.101606 0.0115946 0.00216284 -0.0924493 -0.995715 0.464641 0.115907 1.19429\n-0.429351 0.00518474 0.112213 0.123959 -0.992285 0.00192111 0.992285 0.123955 -0.00217603 0.00192111 0.00217603 0.999996 0.465444 0.112661 1.19851\n0.01606 -0.119204 0.135187 0.999674 -0.0253925 0.00255439 0.0253925 0.979641 -0.199144 0.00255439 0.199144 0.979967 0.943586 0.309087 1.19707\n0.464326 -0.457343 -0.391437 1 0 0 0 1 0 0 0 1 0.04331 0.40069 0.102432\n0.465924 -0.397254 0.613468 1 0 0 0 1 0 0 0 1 0.040114 0.521074 0.105523\n-0.437267 -0.39716 0.613434 1 0 0 0 1 0 0 0 1 0.040103 0.520919 0.105439\n-0.43567 -0.46512 -0.391463 1 0 0 0 1 0 0 0 1 0.043297 0.385201 0.102388\nC 15\n0 1\n0 7\n0 4\n0 3\n0 2\n1 3\n1 4\n1 5\n2 7\n2 6\n2 3\n3 6\n3 7\n3 4\n3 5\nS 3\n2\n1 0.46371 0.0558199 0.126707\n2 -0.429351 0.00518474 0.112213\n2\n0.0171793 0.0305023 0.11946\n-0.998265 -0.0566001 -0.0162012\n2\n4 0.464326 -0.457343 -0.391437\n7 -0.43567 -0.46512 -0.391463\n2\n0.0143278 -0.461232 -0.39145\n-0.999963 -0.00864138 -2.88879e-05\n2\n5 0.465924 -0.397254 0.613468\n6 -0.437267 -0.39716 0.613434\n2\n0.0143283 -0.397207 0.613451\n-1 0.000103522 -3.65371e-05\nL 8\n0\n3\n3\n1\n2\n2\n2\n2"
}