{
    "boxes": [
        [
            -0.025892000645399094,
            0.012054899707436562,
            0.17788000404834747,
            0.14910000562667847,
            0.9163810014724731,
            0.9500110149383545,
            -0.00033065499155782163,
            0.9844769835472107,
            -0.17551499605178833,
            0.05230670049786568,
            0.1752920001745224,
            0.9831259846687317
        ],
        [
            -0.5219730138778687,
            0.04842910170555115,
            0.15115700662136078,
            1.3423999547958374,
            0.8779579997062683,
            0.18651199340820312,
            0.005097869783639908,
            0.9985060095787048,
            -0.05440330132842064,
            -0.04987740144133568,
            0.05459019914269447,
            0.9972620010375977
        ],
        [
            -0.293720006942749,
            -0.6248180270195007,
            -0.3477480113506317,
            0.045625001192092896,
            0.0555960014462471,
            0.055629000067710876,
            0.0,
            1.0,
            0.0,
            0.0,
            0.0,
            1.0
        ],
        [
            -0.5448970198631287,
            -0.6248180270195007,
            0.49060699343681335,
            0.045625001192092896,
            0.0555960014462471,
            0.055629998445510864,
            0.0,
            1.0,
            0.0,
            0.0,
            0.0,
            1.0
        ],
        [
            0.0010319999419152737,
            0.10398200154304504,
            -0.28352001309394836,
            1.4238899946212769,
            0.5697540044784546,
            1.1211899518966675,
            0.0,
            1.0,
            0.0,
            0.0,
            0.0,
            1.0
        ]
    ],
    "ops": [
        [
            0,
            0,
            2,
            1,
            0,
            0,
            1,
            2,
            1,
            0,
            1
        ]
    ],
    "syms": [
        [
            0.0,
            0.9928320050239563,
            -0.051124200224876404,
            0.10803099721670151,
            -0.01824820041656494,
            0.022490600124001503,
            0.2059669941663742,
            0.0
        ],
        [
            0.0,
            1.0,
            0.0,
            0.0,
            -0.013625499792397022,
            -0.6248180270195007,
            -0.3477480113506317,
            0.0
        ]
    ],
    "labels:": [
        [
            1,
            3,
            2,
            2,
            0
        ]
    ],
    "obj": 43510,
    "mat_index": 5342,
    "obbs": "N 8\n0.001032 0.103982 -0.28352 1 0 0 0 1 0 0 0 1 1.12119 1.42389 0.569754\n0.485477 -0.00344783 0.260778 -0.00410922 -0.999991 0.00111048 0.998574 -0.00416251 -0.0532244 0.0532286 0.000890188 0.998582 1.20752 0.212345 0.727558\n-0.521973 0.0484291 0.151157 0.00509787 0.998506 -0.0544033 0.998742 -0.00237042 0.0500812 0.0498774 -0.0545902 -0.997262 1.3424 0.186512 0.877958\n-0.025892 0.0120549 0.17788 0.998631 -0.00885557 -0.0515527 -0.000330655 0.984477 -0.175515 0.0523067 0.175292 0.983126 0.950011 0.1491 0.916381\n-0.29372 -0.624818 -0.347748 1 0 0 0 1 0 0 0 1 0.055629 0.045625 0.055596\n0.26647 -0.624818 -0.347748 1 0 0 0 1 0 0 0 1 0.055629 0.045625 0.055596\n0.517647 -0.624818 0.490607 1 0 0 0 1 0 0 0 1 0.055629 0.045625 0.055596\n-0.544897 -0.624818 0.490607 1 0 0 0 1 0 0 0 1 0.05563 0.045625 0.055596\nC 11\n0 1\n0 5\n0 4\n0 3\n0 2\n1 3\n1 5\n1 6\n2 7\n2 4\n2 3\nS 3\n2\n1 0.485477 -0.00344783 0.260778\n2 -0.521973 0.0484291 0.151157\n2\n-0.0182482 0.0224906 0.205967\n-0.992832 0.0511242 -0.108031\n2\n4 -0.29372 -0.624818 -0.347748\n5 0.26647 -0.624818 -0.347748\n2\n-0.0136255 -0.624818 -0.347748\n1 0 0\n2\n6 0.517647 -0.624818 0.490607\n7 -0.544897 -0.624818 0.490607\n2\n-0.0136252 -0.624818 0.490607\n-1 0 0\nL 8\n0\n3\n3\n1\n2\n2\n2\n2"
}