{
    "boxes": [
        [
            -0.021571500226855278,
            -0.19467900693416595,
            0.13555899262428284,
            0.7329400181770325,
            1.1132400035858154,
            0.9522550106048584,
            0.0,
            1.0,
            0.0,
            0.0,
            0.0,
            1.0
        ],
        [
            0.45577099919319153,
            -0.0804125964641571,
            0.12853699922561646,
            0.9423710107803345,
            1.1206200122833252,
            0.246287003159523,
            -0.0008655660203658044,
            0.9988059997558594,
            0.04884450137615204,
            0.0035457699559628963,
            -0.04884110018610954,
            0.9987999796867371
        ],
        [
            -0.5169280171394348,
            -0.5197510123252869,
            -0.31676799058914185,
            0.11967200040817261,
            0.249331995844841,
            0.18519100546836853,
            0.26469099521636963,
            0.9602599740028381,
            -0.0885469987988472,
            -0.038525499403476715,
            0.10227899998426437,
            0.9940099716186523
        ],
        [
            0.48055601119995117,
            -0.5309669971466064,
            0.45975399017333984,
            0.09071899950504303,
            0.228861004114151,
            0.1919189989566803,
            0.0,
            1.0,
            0.0,
            0.0,
            0.0,
            1.0
        ],
        [
            -0.018866000697016716,
            0.43736499547958374,
            -0.3224020004272461,
            0.4761280119419098,
            0.10911300033330917,
            0.9026579856872559,
            -0.0,
            0.9659259915351868,
            -0.25881901383399963,
            0.0,
            0.25881901383399963,
            0.9659259915351868
        ],
        [
            -0.021235400810837746,
            0.020565999671816826,
            -0.3853659927845001,
            1.186210036277771,
            0.31769001483917236,
            1.1989799737930298,
            0.0027698299381881952,
            0.9999809861183167,
            -0.0054594301618635654,
            0.002784979995340109,
            0.005451720207929611,
            0.9999809861183167
        ]
    ],
    "ops": [
        [
            0,
            0,
            2,
            1,
            0,
            0,
            1,
            2,
            1,
            0,
            0,
            1,
            1
        ]
    ],
    "syms": [
        [
            0.0,
            0.999459981918335,
            -0.003687059972435236,
            -0.032647598534822464,
            -0.028796199709177017,
            -0.07862500101327896,
            0.14436599612236023,
            0.0
        ],
        [
            0.0,
            0.9998739957809448,
            -0.013404699973762035,
            -0.008484129793941975,
            -0.024932099506258965,
            -0.5263469815254211,
            -0.3209420144557953,
            0.0
        ]
    ],
    "labels:": [
        [
            1,
            3,
            2,
            2,
            0,
            0
        ]
    ],
    "obj": 43533,
    "mat_index": 5353,
    "obbs": "N 9\n-0.018866 0.437365 -0.322402 1 0 0 0 0.258819 0.965926 0 -0.965926 0.258819 0.902658 0.109113 0.476128\n0.455771 -0.0804126 0.128537 0.000865566 -0.998806 -0.0488445 0.999993 0.00103772 -0.00349927 0.00354577 -0.0488411 0.9988 0.942371 0.246287 1.12062\n-0.513364 -0.0768374 0.160194 0.0473605 -0.996757 -0.0650636 0.998825 0.0465864 0.0133639 -0.0102895 -0.0656201 0.997792 0.947941 0.250366 1.05673\n-0.0215715 -0.194679 0.135559 1 0 0 0 1 0 0 0 1 0.952255 0.73294 1.11324\n-0.0212354 0.020566 -0.385366 0.999992 -0.00278498 -0.00276983 0.00278498 0.00545172 0.999981 -0.00276983 -0.999981 0.00545943 1.19898 0.31769 1.18621\n0.467064 -0.532943 -0.325117 1 0 0 0 1 0 0 0 1 0.219584 0.087832 0.201258\n0.480556 -0.530967 0.459754 1 0 0 0 1 0 0 0 1 0.191919 0.090719 0.228861\n-0.484726 -0.527297 0.471262 1 0 0 0 1 0 0 0 1 0.223287 0.099115 0.191268\n-0.516928 -0.519751 -0.316768 0.0385255 -0.102279 -0.99401 0.264691 0.96026 -0.088547 0.963564 -0.259694 0.0640666 0.249332 0.119672 0.185191\nC 19\n0 1\n0 4\n0 3\n0 2\n1 3\n1 4\n1 5\n1 6\n2 7\n2 8\n2 4\n2 3\n3 8\n3 6\n3 7\n3 4\n3 5\n4 8\n4 5\nS 3\n2\n1 0.455771 -0.0804126 0.128537\n2 -0.513364 -0.0768374 0.160194\n2\n-0.0287962 -0.078625 0.144366\n-0.99946 0.00368706 0.0326476\n2\n5 0.467064 -0.532943 -0.325117\n8 -0.516928 -0.519751 -0.316768\n2\n-0.0249321 -0.526347 -0.320942\n-0.999874 0.0134047 0.00848413\n2\n6 0.480556 -0.530967 0.459754\n7 -0.484726 -0.527297 0.471262\n2\n-0.0020855 -0.529132 0.465508\n-0.999922 0.0038017 0.0119205\nL 9\n0\n3\n3\n1\n0\n2\n2\n2\n2"
}