{
    "boxes": [
        [
            -0.002914499957114458,
            -0.09137099981307983,
            0.09161199629306793,
            0.21710200607776642,
            0.8003000020980835,
            0.7650589942932129,
            0.0,
            1.0,
            0.0,
            0.0,
            0.0,
            1.0
        ],
        [
            -0.35153499245643616,
            -0.482371985912323,
            -0.32537099719047546,
            0.6534339785575867,
            0.04524080082774162,
            0.0833406001329422,
            0.02594109997153282,
            0.9922400116920471,
            0.12160100042819977,
            -0.02338239923119545,
            -0.12100599706172943,
            0.9923760294914246
        ],
        [
            -0.34737199544906616,
            -0.47714200615882874,
            0.4710650146007538,
            0.6629130244255066,
            0.041391998529434204,
            0.07596699893474579,
            0.0,
            1.0,
            0.0,
            0.0,
            0.0,
            1.0
        ],
        [
            -0.3387430012226105,
            0.320252001285553,
            -0.27266600728034973,
            1.0411299467086792,
            0.07683800160884857,
            0.09340299665927887,
            0.0,
            1.0,
            0.0,
            0.0,
            0.0,
            1.0
        ],
        [
            0.015269000083208084,
            0.33906400203704834,
            -0.31682899594306946,
            1.0054800510406494,
            0.11151199787855148,
            0.7252680063247681,
            0.0,
            1.0,
            0.0,
            0.0,
            0.0,
            1.0
        ],
        [
            -0.002908000024035573,
            0.3491230010986328,
            -0.311939001083374,
            0.8766350150108337,
            0.021123699843883514,
            0.02112399972975254,
            -0.0,
            0.9980270266532898,
            -0.06279130280017853,
            0.0,
            0.06279130280017853,
            0.9980270266532898
        ]
    ],
    "ops": [
        [
            0,
            0,
            0,
            1,
            2,
            1,
            0,
            2,
            0,
            0,
            2,
            1,
            1,
            1
        ]
    ],
    "syms": [
        [
            0.0,
            0.9999480247497559,
            0.009846669621765614,
            0.002595040015876293,
            -0.004020039923489094,
            -0.47894999384880066,
            -0.3244690001010895,
            0.0
        ],
        [
            0.0,
            0.9995499849319458,
            0.025471799075603485,
            0.01584010012447834,
            -0.0028947500977665186,
            0.32881098985671997,
            -0.26734399795532227,
            0.0
        ],
        [
            1.0,
            0.26622724533081055,
            0.2625337541103363,
            -0.22535474598407745,
            -0.2141450047492981,
            0.35004499554634094,
            -0.30047300457954407,
            0.20000000298023224
        ]
    ],
    "labels:": [
        [
            1,
            2,
            2,
            0,
            0,
            0
        ]
    ],
    "obj": 43540,
    "mat_index": 5357,
    "obbs": "N 13\n0.015269 0.339064 -0.316829 1 0 0 0 1 0 0 0 1 0.725268 1.00548 0.111512\n-0.0029145 -0.091371 0.091612 1 0 0 0 1 0 0 0 1 0.765059 0.217102 0.8003\n0.208329 0.350045 -0.300473 1 0 0 -0 0.0366439 0.999328 0 -0.999328 0.0366439 0.021124 0.0211242 0.876634\n0.102711 0.349372 -0.309176 9.34579e-07 -0.052335 -0.99863 1 5.27908e-08 9.33095e-07 3.88496e-09 -0.99863 0.052335 0.0247673 0.021123 0.876714\n-0.002908 0.349123 -0.311939 1 0 0 0 0.0627913 0.998027 0 -0.998027 0.0627913 0.021124 0.0211237 0.876635\n-0.108527 0.349372 -0.309176 -9.34576e-07 -0.0523369 -0.998629 1 -5.27907e-08 -9.33092e-07 -3.8832e-09 -0.998629 0.0523369 0.0247656 0.021123 0.876714\n-0.214145 0.350045 -0.300473 1 0 0 0 0.0366439 0.999328 0 -0.999328 0.0366439 0.021124 0.0211242 0.876634\n0.343495 -0.475528 -0.323567 -0.00603075 0.993807 0.110954 -0.0522045 -0.111117 0.992435 0.998618 0.000192862 0.0525513 0.666982 0.0442263 0.076749\n0.334058 -0.480472 0.473595 1 0 0 0 1 0 0 0 1 0.090378 0.656232 0.036275\n-0.347372 -0.477142 0.471065 1 0 0 0 1 0 0 0 1 0.075967 0.662913 0.041392\n-0.351535 -0.482372 -0.325371 -0.99939 0.0285867 -0.0200619 -0.0233824 -0.121006 0.992376 0.0259411 0.99224 0.121601 0.0833406 0.0452408 0.653434\n0.332953 0.337369 -0.262022 1 0 0 0 1 0 0 0 1 0.093244 0.998741 0.091031\n-0.338743 0.320252 -0.272666 1 0 0 0 1 0 0 0 1 0.093403 1.04113 0.076838\nC 38\n0 7\n0 10\n0 3\n0 11\n0 4\n0 12\n0 5\n0 1\n0 6\n0 2\n1 3\n1 6\n1 11\n1 2\n1 5\n1 10\n1 4\n1 9\n1 12\n1 8\n1 7\n2 4\n2 3\n2 7\n2 11\n3 11\n3 7\n3 5\n3 4\n4 5\n4 6\n5 6\n5 12\n5 10\n6 10\n6 12\n7 11\n10 12\nS 4\n5\n2 0.208329 0.350045 -0.300473\n3 0.102711 0.349372 -0.309176\n4 -0.002908 0.349123 -0.311939\n5 -0.108527 0.349372 -0.309176\n6 -0.214145 0.350045 -0.300473\n1\n0 0 0\n0 0 0\n2\n7 0.343495 -0.475528 -0.323567\n10 -0.351535 -0.482372 -0.325371\n2\n-0.00402004 -0.47895 -0.324469\n-0.999948 -0.00984667 -0.00259504\n2\n8 0.334058 -0.480472 0.473595\n9 -0.347372 -0.477142 0.471065\n2\n-0.00665725 -0.478807 0.47233\n-0.999981 0.00488595 -0.00371197\n2\n11 0.332953 0.337369 -0.262022\n12 -0.338743 0.320252 -0.272666\n2\n-0.00289475 0.328811 -0.267344\n-0.99955 -0.0254718 -0.0158401\nL 13\n0\n1\n0\n0\n0\n0\n0\n2\n2\n2\n2\n0\n0"
}