{
    "boxes": [
        [
            -0.009754999540746212,
            -0.07020150125026703,
            0.03219649940729141,
            0.46608099341392517,
            0.5743489861488342,
            0.6917060017585754,
            0.0,
            1.0,
            0.0,
            0.0,
            0.0,
            1.0
        ],
        [
            -0.2960909903049469,
            0.15759600698947906,
            0.02499910071492195,
            0.5493460297584534,
            0.45541900396347046,
            0.14311599731445312,
            -0.1743600070476532,
            0.9788519740104675,
            -0.10699699819087982,
            -0.20148800313472748,
            0.07089509814977646,
            0.9769219756126404
        ],
        [
            -0.015348999761044979,
            -0.3271090090274811,
            0.06369750201702118,
            0.13609200716018677,
            0.1593029946088791,
            0.16510799527168274,
            0.0,
            1.0,
            0.0,
            0.0,
            0.0,
            1.0
        ],
        [
            -0.010077400133013725,
            -0.4623419940471649,
            0.07945530116558075,
            0.13852299749851227,
            0.7386389970779419,
            0.73860102891922,
            -0.0008879589731805027,
            0.9999989867210388,
            -0.0010140599915757775,
            0.6293200254440308,
            0.0013468899996951222,
            0.7771450281143188
        ],
        [
            -0.007188249845057726,
            0.3846229910850525,
            -0.19764700531959534,
            1.2089500427246094,
            0.21920500695705414,
            0.5679749846458435,
            0.019347500056028366,
            0.9995840191841125,
            -0.021405499428510666,
            0.019762499257922173,
            0.02102299965918064,
            0.9995840191841125
        ]
    ],
    "ops": [
        [
            0,
            0,
            2,
            1,
            0,
            0,
            1,
            1,
            0,
            1
        ]
    ],
    "syms": [
        [
            0.0,
            0.9909120202064514,
            0.13304400444030762,
            -0.019828200340270996,
            0.0011506000300869346,
            0.19750499725341797,
            0.01905130036175251,
            0.0
        ]
    ],
    "labels:": [
        [
            1,
            3,
            2,
            2,
            0
        ]
    ],
    "obj": 43555,
    "mat_index": 5366,
    "obbs": "N 6\n-0.00718825 0.384623 -0.197647 0.999617 -0.0197625 -0.0193475 0.0197625 0.021023 0.999584 -0.0193475 -0.999584 0.0214055 0.567975 0.219205 1.20895\n-0.296091 0.157596 0.0249991 0.201488 -0.0708951 -0.976922 0.963847 0.191895 0.184866 0.17436 -0.978852 0.106997 0.455419 0.143116 0.549346\n0.298392 0.237414 0.0131035 -0.151675 -0.9863 0.0648684 0.96879 -0.161358 -0.188172 0.196061 0.034303 0.979992 0.366683 0.121823 0.462554\n-0.009755 -0.0702015 0.0321965 1 0 0 0 1 0 0 0 1 0.691706 0.466081 0.574349\n-0.015349 -0.327109 0.0636975 1 0 0 0 1 0 0 0 1 0.165108 0.136092 0.159303\n-0.0100774 -0.462342 0.0794553 -0.62932 -0.00134689 -0.777145 -0.000887959 0.999999 -0.00101406 0.777146 5.19029e-05 -0.62932 0.738639 0.138523 0.738601\nC 11\n0 1\n0 5\n0 4\n0 3\n0 2\n1 3\n1 4\n2 3\n3 4\n3 5\n4 5\nS 1\n2\n1 -0.296091 0.157596 0.0249991\n2 0.298392 0.237414 0.0131035\n2\n0.0011506 0.197505 0.0190513\n0.990912 0.133044 -0.0198282\nL 6\n0\n3\n3\n1\n2\n2"
}