{
    "boxes": [
        [
            -0.007887500338256359,
            -0.10734999924898148,
            0.13521000742912292,
            0.28345000743865967,
            0.8815950155258179,
            0.9727609753608704,
            0.0,
            1.0,
            0.0,
            0.0,
            0.0,
            1.0
        ],
        [
            -0.4511440098285675,
            0.0441863015294075,
            0.05499890074133873,
            0.3246990144252777,
            0.9570969939231873,
            0.12184800207614899,
            -0.14698000252246857,
            0.9117709994316101,
            0.3834969997406006,
            0.027230799198150635,
            -0.3838309943675995,
            0.9230020046234131
        ],
        [
            -0.42297399044036865,
            -0.3916569948196411,
            0.5078849792480469,
            0.6029170155525208,
            0.15257500112056732,
            0.14097300171852112,
            0.0,
            1.0,
            0.0,
            0.0,
            0.0,
            1.0
        ],
        [
            0.41921499371528625,
            -0.40715500712394714,
            -0.22306500375270844,
            0.5997430086135864,
            0.1285800039768219,
            0.11418800055980682,
            0.0,
            1.0,
            0.0,
            0.0,
            0.0,
            1.0
        ],
        [
            -0.011191800236701965,
            0.3404200077056885,
            -0.35920700430870056,
            0.78227299451828,
            0.1379449963569641,
            1.008810043334961,
            -0.05271900072693825,
            0.9438470005989075,
            -0.32614898681640625,
            -0.0005383110255934298,
            0.32657599449157715,
            0.9451709985733032
        ]
    ],
    "ops": [
        [
            0,
            0,
            2,
            1,
            0,
            0,
            1,
            2,
            1,
            0,
            1
        ]
    ],
    "syms": [
        [
            0.0,
            0.9998819828033447,
            -0.015383499674499035,
            6.288100121309981e-05,
            -0.011910799890756607,
            0.03742849826812744,
            0.055026501417160034,
            0.0
        ],
        [
            0.0,
            0.9998250007629395,
            -0.018601199612021446,
            -0.001889039995148778,
            -0.0037872500251978636,
            -0.3994550108909607,
            0.5070930123329163,
            0.0
        ]
    ],
    "labels:": [
        [
            1,
            3,
            2,
            2,
            0
        ]
    ],
    "obj": 43582,
    "mat_index": 5370,
    "obbs": "N 8\n-0.0111918 0.34042 -0.359207 0.998609 0.050004 -0.0167087 -0.000538311 0.326576 0.945171 0.052719 -0.943847 0.326149 1.00881 0.137945 0.782273\n0.427323 0.0306708 0.0550541 0.0112008 0.410639 -0.911729 0.991165 -0.125066 -0.0441526 -0.132157 -0.90318 -0.408413 0.966126 0.137604 0.326682\n-0.451144 0.0441863 0.0549989 0.14698 -0.911771 -0.383497 0.988765 0.146106 0.0315873 0.0272308 -0.383831 0.923002 0.324699 0.121848 0.957097\n-0.0078875 -0.10735 0.13521 1 0 0 0 1 0 0 0 1 0.972761 0.28345 0.881595\n0.415399 -0.407254 0.506301 1 0 0 0 1 0 0 0 1 0.121814 0.571892 0.155519\n0.419215 -0.407155 -0.223065 1 0 0 0 1 0 0 0 1 0.114188 0.599743 0.12858\n-0.422974 -0.391657 0.507885 1 0 0 0 1 0 0 0 1 0.140973 0.602917 0.152575\n-0.434098 -0.398568 -0.208791 1 0 0 0 1 0 0 0 1 0.118723 0.616712 0.157124\nC 15\n0 1\n0 7\n0 5\n0 3\n0 2\n1 3\n1 4\n1 5\n2 7\n2 6\n2 3\n3 6\n3 7\n3 4\n3 5\nS 3\n2\n1 0.427323 0.0306708 0.0550541\n2 -0.451144 0.0441863 0.0549989\n2\n-0.0119108 0.0374285 0.0550265\n-0.999882 0.0153835 -6.2881e-05\n2\n4 0.415399 -0.407254 0.506301\n6 -0.422974 -0.391657 0.507885\n2\n-0.00378725 -0.399455 0.507093\n-0.999825 0.0186012 0.00188904\n2\n5 0.419215 -0.407155 -0.223065\n7 -0.434098 -0.398568 -0.208791\n2\n-0.00744175 -0.402861 -0.215928\n-0.99981 0.0100606 0.0167245\nL 8\n0\n3\n3\n1\n2\n2\n2\n2"
}