{
    "boxes": [
        [
            -0.017392000183463097,
            -0.10616900026798248,
            0.026038000360131264,
            0.13103599846363068,
            0.9062280058860779,
            1.1350300312042236,
            0.0,
            1.0,
            0.0,
            0.0,
            0.0,
            1.0
        ],
        [
            -0.45519399642944336,
            0.16527600586414337,
            -0.11862300336360931,
            0.5098890066146851,
            0.04741410166025162,
            0.04329850152134895,
            -0.011904600076377392,
            0.9999160170555115,
            0.005159480031579733,
            -0.5089700222015381,
            -0.010500799864530563,
            0.8607199788093567
        ],
        [
            -0.4952560067176819,
            0.15865300595760345,
            -0.04603879898786545,
            0.4967769980430603,
            0.04722459986805916,
            0.04232019931077957,
            0.05963589996099472,
            0.9981439709663391,
            0.012309599667787552,
            -0.39478600025177,
            0.012257399968802929,
            0.9186909794807434
        ],
        [
            -0.503046989440918,
            0.14798800647258759,
            0.04474179819226265,
            0.47714099287986755,
            0.04718190059065819,
            0.04447560012340546,
            0.06100640073418617,
            0.9980980157852173,
            -0.008893820457160473,
            -0.08936700224876404,
            0.014336599968373775,
            0.9958959817886353
        ],
        [
            -0.5021229982376099,
            0.14063400030136108,
            0.13124999403953552,
            0.46296200156211853,
            0.042215000838041306,
            0.054412998259067535,
            0.0,
            1.0,
            0.0,
            0.0,
            0.0,
            1.0
        ],
        [
            -0.5060480237007141,
            0.13198600709438324,
            0.21404899656772614,
            0.445019006729126,
            0.04486289992928505,
            0.04003160074353218,
            0.06303930282592773,
            0.9979940056800842,
            -0.00591279985383153,
            -0.04314050078392029,
            0.008643969893455505,
            0.9990320205688477
        ],
        [
            -0.5071820020675659,
            0.12443199753761292,
            0.2941319942474365,
            0.43050700426101685,
            0.05192349851131439,
            0.03949049860239029,
            0.060645900666713715,
            0.9978839755058289,
            -0.02342589944601059,
            -0.02576969936490059,
            0.025026600807905197,
            0.9993550181388855
        ],
        [
            -0.4864940047264099,
            0.09657900035381317,
            0.3938950002193451,
            0.4620110094547272,
            0.12119700014591217,
            0.17097899317741394,
            0.25818198919296265,
            0.9354010224342346,
            -0.24159400165081024,
            0.7152510285377502,
            -0.016968699172139168,
            0.6986619830131531
        ],
        [
            -0.44488298892974854,
            0.3740920126438141,
            0.11521700024604797,
            0.03059620037674904,
            0.7343860268592834,
            0.1399810016155243,
            0.019923599436879158,
            0.9792240262031555,
            0.20180000364780426,
            -0.1584089994430542,
            -0.19619899988174438,
            0.9676839709281921
        ],
        [
            -0.40587300062179565,
            0.1697929948568344,
            -0.18417300283908844,
            0.5190849900245667,
            0.04658380150794983,
            0.05584689974784851,
            0.019548699259757996,
            0.9996849894523621,
            -0.01572589948773384,
            0.6875039935112,
            -0.002020650077611208,
            0.726177990436554
        ],
        [
            -0.356114000082016,
            -0.42882800102233887,
            -0.25269898772239685,
            0.6826270222663879,
            0.09522440284490585,
            0.049793001264333725,
            0.01766050048172474,
            0.9998319745063782,
            0.004969819914549589,
            0.6956120133399963,
            -0.01585710048675537,
            0.7182430028915405
        ],
        [
            -0.5174390077590942,
            -0.46710100769996643,
            0.39510300755500793,
            0.7158859968185425,
            0.13288100063800812,
            0.18931999802589417,
            -0.12515400350093842,
            0.9815639853477478,
            0.1444610059261322,
            0.6511240005493164,
            -0.028600800782442093,
            0.7584329843521118
        ],
        [
            -0.019563499838113785,
            0.4608669877052307,
            -0.31342899799346924,
            0.030047699809074402,
            0.2239460051059723,
            0.7282220125198364,
            -0.0023675800766795874,
            0.9795709848403931,
            0.20108699798583984,
            0.05257600173354149,
            -0.2006870061159134,
            0.9782440066337585
        ],
        [
            -0.3566040098667145,
            0.16425099968910217,
            -0.25291600823402405,
            0.5575529932975769,
            0.047792699187994,
            0.08751630038022995,
            -0.005698539782315493,
            0.9999840259552002,
            0.00026085300487466156,
            -0.672124981880188,
            -0.004023340065032244,
            0.7404270172119141
        ],
        [
            -0.29190200567245483,
            0.176363006234169,
            -0.2789289951324463,
            0.531449019908905,
            0.04353399947285652,
            0.043387699872255325,
            0.0026356501039117575,
            0.9999960064888,
            -0.0011826199479401112,
            0.4093739986419678,
            1.3933299847224134e-08,
            0.9123669862747192
        ],
        [
            -0.2212499976158142,
            0.17636199295520782,
            -0.3186889886856079,
            0.532131016254425,
            0.04443199932575226,
            0.05387970060110092,
            -0.0193013995885849,
            0.9997580051422119,
            0.010584100149571896,
            0.48081499338150024,
            1.3404799936722611e-08,
            0.8768219947814941
        ],
        [
            0.1223519966006279,
            0.18252399563789368,
            -0.35183900594711304,
            0.5439130067825317,
            0.04817410185933113,
            0.048113398253917694,
            0.014917800202965736,
            0.9996989965438843,
            -0.019471600651741028,
            -0.3516179919242859,
            0.02347490005195141,
            0.9358490109443665
        ],
        [
            -0.054120998829603195,
            0.1827480047941208,
            -0.365570992231369,
            0.5437629818916321,
            0.052028998732566833,
            0.04119199886918068,
            0.0,
            1.0,
            0.0,
            0.0,
            0.0,
            1.0
        ]
    ],
    "ops": [
        [
            0,
            0,
            0,
            1,
            0,
            0,
            1,
            1,
            0,
            0,
            1,
            0,
            0,
            0,
            1,
            1,
            1,
            1,
            2,
            1,
            0,
            0,
            1,
            2,
            1,
            0,
            0,
            2,
            1,
            0,
            0,
            1,
            2,
            0,
            0,
            1,
            2,
            1,
            1,
            1
        ]
    ],
    "syms": [
        [
            0.0,
            1.0,
            1.621830051590223e-05,
            -0.0008665429777465761,
            -0.017572199925780296,
            0.1652829945087433,
            -0.11900199949741364,
            0.0
        ],
        [
            0.0,
            0.9999979734420776,
            -0.0017199000576511025,
            -0.00039180999738164246,
            -0.010427099652588367,
            -0.429421991109848,
            -0.2528350055217743,
            0.0
        ],
        [
            0.0,
            0.9998250007629395,
            -0.017784200608730316,
            0.005840130150318146,
            -0.012598499655723572,
            0.15813200175762177,
            -0.2509070038795471,
            0.0
        ],
        [
            0.0,
            0.9999120235443115,
            -2.3050999686802243e-07,
            0.01329139992594719,
            -0.0093636903911829,
            0.176363006234169,
            -0.27517300844192505,
            0.0
        ],
        [
            0.0,
            0.9998120069503784,
            0.0012988100061193109,
            -0.019359299913048744,
            -0.008824549615383148,
            0.18235400319099426,
            -0.34929901361465454,
            0.0
        ]
    ],
    "labels:": [
        [
            1,
            3,
            3,
            3,
            3,
            3,
            3,
            3,
            3,
            3,
            2,
            2,
            0,
            0,
            0,
            0,
            0,
            0
        ]
    ],
    "obj": 43590,
    "mat_index": 5375,
    "obbs": "N 34\n-0.0195635 0.460867 -0.313429 0.998614 0.0128884 -0.0510267 -0.00236758 0.979571 0.201087 0.052576 -0.200687 0.978244 0.728222 0.0300477 0.223946\n-0.017392 -0.106169 0.026038 1 0 0 0 1 0 0 0 1 1.13503 0.131036 0.906228\n-0.291902 0.176363 -0.278929 0.00263565 0.999996 -0.00118262 0.409374 1.39333e-08 0.912367 0.912363 -0.00288882 -0.409372 0.531449 0.043534 0.0433877\n-0.22125 0.176362 -0.318689 -0.0193014 0.999758 0.0105841 0.480815 1.34048e-08 0.876822 0.87661 0.0220128 -0.480699 0.532131 0.044432 0.0538797\n-0.140001 0.182183 -0.346759 0.943639 -0.0224461 -0.330216 0.330287 -0.000570442 0.943881 -0.0213748 -0.999748 0.00687536 0.0547924 0.0454878 0.54377\n-0.054121 0.182748 -0.365571 1 0 0 0 1 0 0 0 1 0.041192 0.543763 0.052029\n0.0264845 0.182748 -0.365264 1 0 0 0 1 0 0 0 1 0.041963 0.543763 0.052638\n0.122352 0.182524 -0.351839 0.0149178 0.999699 -0.0194716 -0.351618 0.0234749 0.935849 0.936025 -0.00711419 0.351863 0.543913 0.0481741 0.0481134\n0.203104 0.179935 -0.311845 -0.0168651 0.999821 -0.00857339 -0.470763 -0.000375575 0.88226 0.882098 0.0189154 0.470685 0.539156 0.0439467 0.0520913\n0.273175 0.176362 -0.271417 -0.0184025 0.999708 -0.0156531 -0.647912 1.3082e-08 0.761715 0.761493 0.0241593 0.647723 0.532205 0.0453351 0.0554396\n0.413001 0.374606 0.111403 0.987781 0.0244749 -0.153916 0.00747391 0.979017 0.203643 0.15567 -0.202305 0.966871 0.154046 0.0336457 0.744199\n-0.444883 0.374092 0.115217 -0.987172 0.0512469 -0.151209 0.0199236 0.979224 0.2018 0.158409 0.196199 -0.967684 0.139981 0.0305962 0.734386\n0.371886 0.169729 -0.184419 -0.698879 0.0114568 -0.715148 0.715155 -0.00421733 -0.698953 -0.0110237 -0.999925 -0.00524596 0.0478893 0.0436722 0.518685\n0.42005 0.16529 -0.119381 -0.576528 0.0136946 -0.816963 0.816975 -0.00617479 -0.57664 -0.0129414 -0.999887 -0.00762822 0.0488628 0.0432646 0.509972\n0.460675 0.15868 -0.046053 0.0489109 -0.997941 -0.041483 0.919451 0.0612096 -0.38841 0.39015 -0.0191441 0.920552 0.496986 0.0417946 0.050683\n0.468261 0.147988 0.0447204 0.0584148 -0.998098 -0.0197176 0.994129 0.0599618 -0.0900676 0.0910786 -0.0143405 0.99574 0.477469 0.0444763 0.0516283\n0.471965 0.141146 0.131105 0.0575896 -0.99805 0.0240694 0.99805 0.0569748 -0.0254905 0.0240694 0.0254905 0.999385 0.463317 0.0407561 0.0529608\n0.471263 0.131986 0.214049 -0.0442255 0.00864438 -0.998984 0.997078 0.0627238 -0.0435984 0.0622832 -0.997993 -0.0113931 0.046191 0.0400327 0.445142\n0.472397 0.124432 0.294132 -0.0287782 0.0250257 -0.999273 0.997827 0.0600035 -0.0272338 0.0592783 -0.997884 -0.0266981 0.0522733 0.0394906 0.430545\n0.463887 0.0948665 0.390233 0.676303 0.0142294 -0.736486 0.684371 0.357709 0.635358 0.272488 -0.933725 0.232181 0.123603 0.160896 0.462436\n-0.405873 0.169793 -0.184173 0.725917 -0.0250075 -0.687327 0.687504 -0.00202065 0.726178 -0.0195487 -0.999685 0.0157259 0.0558469 0.0465838 0.519085\n-0.455194 0.165276 -0.118623 0.50897 0.0105008 -0.86072 0.860702 0.00762053 0.509052 0.0119046 -0.999916 -0.00515948 0.0474141 0.0432985 0.509889\n-0.495256 0.158653 -0.0460388 0.394786 -0.0122574 -0.918691 0.916836 -0.0596466 0.394784 -0.0596359 -0.998144 -0.0123096 0.0472246 0.0423202 0.496777\n-0.503047 0.147988 0.0447418 0.089367 -0.0143366 -0.995896 0.994129 -0.0599612 0.0900716 -0.0610064 -0.998098 0.00889382 0.0471819 0.0444756 0.477141\n-0.502123 0.140634 0.13125 1 0 0 0 1 0 0 0 1 0.054413 0.462962 0.042215\n-0.506048 0.131986 0.214049 0.0630393 0.997994 -0.0059128 0.997078 -0.0627232 0.0435988 0.0431405 -0.00864397 -0.999032 0.445019 0.0400316 0.0448629\n-0.507182 0.124432 0.294132 0.0606459 0.997884 -0.0234259 0.997827 -0.0600031 0.027233 0.0257697 -0.0250266 -0.999355 0.430507 0.0394905 0.0519235\n-0.486494 0.096579 0.393895 0.258182 0.935401 -0.241594 -0.649429 0.353182 0.673427 0.715251 -0.0169687 0.698662 0.462011 0.170979 0.121197\n0.33526 -0.430017 -0.25297 -0.00603107 0.999901 0.0127022 0.734092 -0.0041983 0.679037 0.679024 0.0134199 -0.733994 0.680007 0.0487712 0.0945268\n-0.356114 -0.428828 -0.252699 -0.695612 0.0158571 -0.718243 0.7182 -0.00922748 -0.695775 -0.0176605 -0.999832 -0.00496982 0.0952244 0.049793 0.682627\n0.48098 -0.467102 0.395008 0.759281 -0.0227975 -0.650363 0.635531 -0.188983 0.748589 -0.139973 -0.981716 -0.129003 0.129074 0.189321 0.715947\n-0.517439 -0.467101 0.395103 -0.651124 0.0286008 -0.758433 0.748582 0.188983 -0.63554 0.125154 -0.981564 -0.144461 0.132881 0.18932 0.715886\n-0.356604 0.164251 -0.252916 -0.740416 -0.00404402 -0.672137 -0.672125 -0.00402334 0.740427 -0.00569854 0.999984 0.000260853 0.0875163 0.0477927 0.557553\n0.331407 0.152013 -0.248898 0.691762 0.0313327 -0.721445 0.721814 -0.000683771 0.692087 0.0211916 -0.999509 -0.0230894 0.0903065 0.0452997 0.583757\nC 172\n0 20\n0 7\n0 10\n0 32\n0 4\n0 14\n0 21\n0 11\n0 33\n0 5\n0 8\n0 2\n0 22\n0 12\n0 6\n0 9\n0 3\n0 23\n0 13\n1 17\n1 6\n1 28\n1 31\n1 12\n1 21\n1 26\n1 15\n1 33\n1 16\n1 5\n1 19\n1 30\n1 3\n1 20\n1 25\n1 14\n1 32\n1 23\n1 4\n1 9\n1 18\n1 7\n1 29\n1 2\n1 24\n1 13\n1 22\n1 27\n1 8\n2 5\n2 32\n2 11\n2 29\n2 20\n2 3\n2 4\n2 21\n3 11\n3 6\n3 5\n3 32\n3 4\n3 20\n3 29\n4 5\n4 32\n4 11\n4 6\n4 29\n4 7\n5 8\n5 7\n5 6\n6 9\n6 7\n6 8\n7 12\n7 28\n7 8\n7 33\n7 10\n7 9\n8 12\n8 9\n8 28\n8 13\n8 10\n8 33\n9 14\n9 13\n9 33\n9 12\n9 28\n9 10\n10 17\n10 18\n10 13\n10 14\n10 19\n10 15\n10 16\n10 33\n10 12\n11 22\n11 27\n11 21\n11 26\n11 20\n11 25\n11 23\n11 24\n11 32\n12 28\n12 13\n12 14\n12 33\n12 15\n13 16\n13 15\n13 28\n13 33\n13 14\n14 17\n14 15\n14 33\n14 28\n14 16\n15 16\n15 19\n15 18\n15 17\n16 19\n16 17\n16 30\n16 18\n17 18\n17 19\n17 30\n18 19\n18 30\n19 30\n20 32\n20 21\n20 22\n20 29\n20 23\n21 24\n21 23\n21 32\n21 29\n21 22\n22 25\n22 32\n22 23\n22 29\n22 24\n23 26\n23 25\n23 24\n23 27\n24 27\n24 31\n24 25\n24 26\n25 31\n25 26\n25 27\n26 31\n26 27\n27 31\n28 33\n29 32\nS 16\n2\n2 -0.291902 0.176363 -0.278929\n9 0.273175 0.176362 -0.271417\n2\n-0.00936369 0.176363 -0.275173\n0.999912 -2.3051e-07 0.0132914\n2\n3 -0.22125 0.176362 -0.318689\n8 0.203104 0.179935 -0.311845\n2\n-0.00907299 0.178149 -0.315267\n0.999835 0.00841626 0.0161267\n2\n4 -0.140001 0.182183 -0.346759\n7 0.122352 0.182524 -0.351839\n2\n-0.00882455 0.182354 -0.349299\n0.999812 0.00129881 -0.0193593\n2\n5 -0.054121 0.182748 -0.365571\n6 0.0264845 0.182748 -0.365264\n2\n-0.0138183 0.182748 -0.365418\n0.999993 0 0.00381485\n2\n10 0.413001 0.374606 0.111403\n11 -0.444883 0.374092 0.115217\n2\n-0.0159406 0.374349 0.11331\n-0.99999 -0.000599684 0.00444637\n2\n12 0.371886 0.169729 -0.184419\n20 -0.405873 0.169793 -0.184173\n2\n-0.0169934 0.169761 -0.184296\n-1 8.27964e-05 0.000316506\n2\n13 0.42005 0.16529 -0.119381\n21 -0.455194 0.165276 -0.118623\n2\n-0.0175722 0.165283 -0.119002\n-1 -1.62183e-05 0.000866543\n2\n14 0.460675 0.15868 -0.046053\n22 -0.495256 0.158653 -0.0460388\n2\n-0.0172904 0.158666 -0.0460459\n-1 -2.80639e-05 1.49046e-05\n2\n15 0.468261 0.147988 0.0447204\n23 -0.503047 0.147988 0.0447418\n2\n-0.0173932 0.147988 0.0447311\n-1 3.1186e-07 2.20149e-05\n2\n16 0.471965 0.141146 0.131105\n24 -0.502123 0.140634 0.13125\n2\n-0.015079 0.14089 0.131178\n-1 -0.000525753 0.000148969\n2\n17 0.471263 0.131986 0.214049\n25 -0.506048 0.131986 0.214049\n2\n-0.0173923 0.131986 0.214049\n-1 -3.33385e-08 -1.85043e-09\n2\n18 0.472397 0.124432 0.294132\n26 -0.507182 0.124432 0.294132\n2\n-0.0173925 0.124432 0.294132\n-1 -6.07022e-10 4.15376e-09\n2\n19 0.463887 0.0948665 0.390233\n27 -0.486494 0.096579 0.393895\n2\n-0.0113037 0.0957227 0.392064\n-0.999991 0.0018019 0.00385385\n2\n28 0.33526 -0.430017 -0.25297\n29 -0.356114 -0.428828 -0.252699\n2\n-0.0104271 -0.429422 -0.252835\n-0.999998 0.0017199 0.00039181\n2\n30 0.48098 -0.467102 0.395008\n31 -0.517439 -0.467101 0.395103\n2\n-0.0182293 -0.467102 0.395056\n-1 3.16297e-07 9.52594e-05\n2\n32 -0.356604 0.164251 -0.252916\n33 0.331407 0.152013 -0.248898\n2\n-0.0125985 0.158132 -0.250907\n0.999825 -0.0177842 0.00584013\nL 34\n0\n1\n0\n0\n0\n0\n0\n0\n0\n0\n3\n3\n3\n3\n3\n3\n3\n3\n3\n3\n3\n3\n3\n3\n3\n3\n3\n3\n2\n2\n2\n2\n0\n0"
}