{
    "boxes": [
        [
            -0.00489850016310811,
            -0.1618340015411377,
            0.1471240073442459,
            0.2617749869823456,
            0.8633279800415039,
            0.9378209710121155,
            0.0,
            1.0,
            0.0,
            0.0,
            0.0,
            1.0
        ],
        [
            -0.3589800000190735,
            -0.49761098623275757,
            -0.28164398670196533,
            0.5375069975852966,
            0.1291150003671646,
            0.11511699855327606,
            0.02402839995920658,
            0.9776920080184937,
            0.20866499841213226,
            -0.3981820046901703,
            -0.182095006108284,
            0.8990510106086731
        ],
        [
            -0.41385701298713684,
            -0.4943619966506958,
            0.5302820205688477,
            0.5323219895362854,
            0.10172100365161896,
            0.12388800084590912,
            0.0,
            1.0,
            0.0,
            0.0,
            0.0,
            1.0
        ],
        [
            -0.009543769992887974,
            0.3845509886741638,
            -0.26075899600982666,
            0.8287280201911926,
            0.02974640019237995,
            0.7731149792671204,
            0.0026541799306869507,
            0.9885810017585754,
            -0.15066500008106232,
            0.0030893199145793915,
            0.15065599977970123,
            0.9885810017585754
        ],
        [
            -0.0042349002324044704,
            0.32692599296569824,
            -0.2854059934616089,
            1.0851600170135498,
            0.07701919972896576,
            0.8977460265159607,
            0.0005378500209189951,
            0.9886680245399475,
            -0.15011699497699738,
            0.0006256800261326134,
            0.1501159965991974,
            0.9886680245399475
        ]
    ],
    "ops": [
        [
            0,
            0,
            0,
            1,
            2,
            1,
            0,
            0,
            1,
            1
        ]
    ],
    "syms": [
        [
            0.0,
            0.9999269843101501,
            0.0015109400264918804,
            0.011969500221312046,
            -0.0008045959984883666,
            -0.4970700144767761,
            -0.2773570120334625,
            0.0
        ]
    ],
    "labels:": [
        [
            1,
            2,
            2,
            0,
            0
        ]
    ],
    "obj": 43602,
    "mat_index": 5386,
    "obbs": "N 7\n-0.00954377 0.384551 -0.260759 0.999992 -0.00308932 -0.00265418 0.00308932 0.150656 0.988581 -0.00265418 -0.988581 0.150665 0.773115 0.0297464 0.828728\n-0.0048985 -0.161834 0.147124 1 0 0 0 1 0 0 0 1 0.937821 0.261775 0.863328\n-0.0042349 0.326926 -0.285406 1 -0.00062568 -0.00053785 0.00062568 0.150116 0.988668 -0.00053785 -0.988668 0.150117 0.897746 0.0770192 1.08516\n0.357371 -0.496529 -0.273069 -0.0455948 0.981379 0.186592 0.552201 -0.130894 0.823371 0.832463 0.140578 -0.535951 0.543094 0.110354 0.118678\n0.41306 -0.485201 0.526757 1 0 0 0 1 0 0 0 1 0.109377 0.550594 0.108605\n-0.413857 -0.494362 0.530282 1 0 0 0 1 0 0 0 1 0.123888 0.532322 0.101721\n-0.35898 -0.497611 -0.281644 0.0240284 0.977692 0.208665 -0.398182 -0.182095 0.899051 0.916991 -0.104689 0.384924 0.537507 0.129115 0.115117\nC 11\n0 1\n0 6\n0 3\n0 2\n1 2\n1 3\n1 4\n1 5\n1 6\n2 6\n2 3\nS 2\n2\n3 0.357371 -0.496529 -0.273069\n6 -0.35898 -0.497611 -0.281644\n2\n-0.000804596 -0.49707 -0.277357\n-0.999927 -0.00151094 -0.0119695\n2\n4 0.41306 -0.485201 0.526757\n5 -0.413857 -0.494362 0.530282\n2\n-0.00039875 -0.489781 0.52852\n-0.99993 -0.0110777 0.00426132\nL 7\n0\n1\n0\n2\n2\n2\n2"
}