{
    "boxes": [
        [
            0.010444999672472477,
            -0.1883469969034195,
            0.1650879979133606,
            0.3952009975910187,
            1.0522700548171997,
            1.0574400424957275,
            0.0,
            1.0,
            0.0,
            0.0,
            0.0,
            1.0
        ],
        [
            -0.41327500343322754,
            0.04512679949402809,
            0.16221700608730316,
            0.8421369791030884,
            1.0567400455474854,
            0.24045200645923615,
            -0.00390871986746788,
            0.9998940229415894,
            -0.014030300080776215,
            -0.03853829950094223,
            0.013869400136172771,
            0.9991610050201416
        ],
        [
            -0.4278610050678253,
            -0.40125301480293274,
            -0.3284130096435547,
            0.30167898535728455,
            0.03827869892120361,
            0.03625829890370369,
            -0.01196420006453991,
            0.9988440275192261,
            -0.04655719920992851,
            -0.3212270140647888,
            0.04025319963693619,
            0.9461460113525391
        ],
        [
            -0.42537400126457214,
            -0.5609170198440552,
            -0.32330000400543213,
            0.018181800842285156,
            0.08855430036783218,
            0.08855430036783218,
            -0.00829629972577095,
            0.9999650120735168,
            -0.0009939989540725946,
            -0.40672600269317627,
            -0.00246635009534657,
            0.9135469794273376
        ],
        [
            -0.4909999966621399,
            -0.40337198972702026,
            0.6532729864120483,
            0.301815003156662,
            0.04009019955992699,
            0.03588850051164627,
            -0.02380630001425743,
            0.9984769821166992,
            -0.049762699753046036,
            0.5017480254173279,
            0.054986901581287384,
            0.8632640242576599
        ],
        [
            -0.4888870120048523,
            -0.5629400014877319,
            0.6583369970321655,
            0.017802299931645393,
            0.08855540305376053,
            0.08855520188808441,
            -0.015073300339281559,
            0.9998819828033447,
            0.002884529996663332,
            0.10453800112009048,
            -0.00129313999786973,
            0.9945200085639954
        ],
        [
            0.0011835700133815408,
            0.19717000424861908,
            -0.36832499504089355,
            1.12663996219635,
            0.2599479854106903,
            1.0012500286102295,
            -0.0010058300103992224,
            0.9849069714546204,
            -0.1730789989233017,
            -0.0011979900300502777,
            0.1730780005455017,
            0.9849069714546204
        ]
    ],
    "ops": [
        [
            0,
            0,
            2,
            1,
            0,
            0,
            1,
            0,
            0,
            1,
            1,
            2,
            1,
            0,
            1
        ]
    ],
    "syms": [
        [
            0.0,
            0.9997599720954895,
            -0.02185799926519394,
            0.0012058400316163898,
            0.006438139826059341,
            0.03595050051808357,
            0.16272300481796265,
            0.0
        ],
        [
            0.0,
            0.9998490214347839,
            0.01475290022790432,
            0.009144269861280918,
            0.022295499220490456,
            -0.3946110010147095,
            -0.3242959976196289,
            0.0
        ]
    ],
    "labels:": [
        [
            1,
            3,
            2,
            2,
            2,
            2,
            0
        ]
    ],
    "obj": 43604,
    "mat_index": 5387,
    "obbs": "N 12\n0.00118357 0.19717 -0.368325 0.999999 0.00119799 0.00100583 -0.00119799 0.173078 0.984907 0.00100583 -0.984907 0.173079 1.00125 0.259948 1.12664\n0.426151 0.0267742 0.163229 0.0388784 -0.9992 -0.00936309 0.998229 0.0392594 -0.0446957 0.0450275 -0.00760881 0.998957 0.793303 0.236009 1.06328\n-0.413275 0.0451268 0.162217 -0.00390872 0.999894 -0.0140303 0.999249 0.00444614 0.03848 0.0385383 -0.0138694 -0.999161 0.842137 0.240452 1.05674\n0.010445 -0.188347 0.165088 1 0 0 0 1 0 0 0 1 1.05744 0.395201 1.05227\n0.472451 -0.387968 -0.320179 0.0239905 -0.998458 0.0500688 0.864507 -0.00443152 -0.502601 0.502047 0.0553425 0.863068 0.301823 0.0358906 0.0401784\n0.526411 -0.388449 0.659946 -0.0128415 0.999034 -0.0420313 0.792435 0.0358037 0.608905 0.609821 -0.0254878 -0.792129 0.301564 0.036546 0.0371759\n-0.491 -0.403372 0.653273 0.0238063 -0.998477 0.0497627 0.864686 -0.00441725 -0.502293 0.501748 0.0549869 0.863264 0.301815 0.0358885 0.0400902\n-0.427861 -0.401253 -0.328413 -0.0119642 0.998844 -0.0465572 0.946927 0.0262753 0.320374 0.321227 -0.0402532 -0.946146 0.301679 0.0362583 0.0382787\n-0.425374 -0.560917 -0.3233 0.406726 0.00246635 -0.913547 -0.0082963 0.999965 -0.000993999 0.913512 0.00798334 0.406733 0.0885543 0.0181818 0.0885543\n0.474452 -0.547808 -0.315218 0.994138 0.0272048 -0.104638 -0.0282023 0.99957 -0.0080647 0.104374 0.0109685 0.994478 0.0885534 0.0186098 0.0885505\n0.528735 -0.548204 0.665097 0.994236 0.023323 -0.10465 -0.0245431 0.999645 -0.0103861 0.10437 0.0128947 0.994455 0.0885565 0.0185361 0.0885491\n-0.488887 -0.56294 0.658337 0.994407 0.0152922 -0.104506 -0.0150733 0.999882 0.00288453 0.104538 -0.00129314 0.99452 0.0885552 0.0178023 0.0885554\nC 29\n0 7\n0 3\n0 4\n0 8\n0 1\n0 9\n0 2\n1 3\n1 5\n1 10\n1 4\n1 9\n2 8\n2 6\n2 3\n2 7\n2 11\n3 11\n3 7\n3 10\n3 6\n3 9\n3 5\n3 8\n3 4\n4 9\n5 10\n6 11\n7 8\nS 5\n2\n1 0.426151 0.0267742 0.163229\n2 -0.413275 0.0451268 0.162217\n2\n0.00643814 0.0359505 0.162723\n-0.99976 0.021858 -0.00120584\n2\n4 0.472451 -0.387968 -0.320179\n7 -0.427861 -0.401253 -0.328413\n2\n0.0222955 -0.394611 -0.324296\n-0.999849 -0.0147529 -0.00914427\n2\n5 0.526411 -0.388449 0.659946\n6 -0.491 -0.403372 0.653273\n2\n0.0177052 -0.39591 0.65661\n-0.999871 -0.0146654 -0.00655857\n2\n8 -0.425374 -0.560917 -0.3233\n9 0.474452 -0.547808 -0.315218\n2\n0.0245389 -0.554362 -0.319259\n0.999854 0.0145667 0.00898115\n2\n10 0.528735 -0.548204 0.665097\n11 -0.488887 -0.56294 0.658337\n2\n0.0199243 -0.555572 0.661717\n-0.999873 -0.0144787 -0.00664226\nL 12\n0\n3\n3\n1\n2\n2\n2\n2\n2\n2\n2\n2"
}