{
    "boxes": [
        [
            -0.00037471900577656925,
            -0.09551160037517548,
            0.1612659990787506,
            0.1259869933128357,
            0.6957640051841736,
            0.8054569959640503,
            -0.005922860000282526,
            0.9955559968948364,
            -0.09398400038480759,
            -0.0002789470017887652,
            0.09398400038480759,
            0.9955739974975586
        ],
        [
            0.3830310106277466,
            0.1440189927816391,
            0.042259201407432556,
            0.5412260293960571,
            0.7083920240402222,
            0.14160899817943573,
            0.3835200071334839,
            0.900272011756897,
            -0.20596499741077423,
            0.26635199785232544,
            0.10571900010108948,
            0.9580609798431396
        ],
        [
            0.287212997674942,
            -0.41791701316833496,
            0.3319399952888489,
            0.8390049934387207,
            0.278533011674881,
            0.042549800127744675,
            -0.22967499494552612,
            0.7713090181350708,
            -0.5935750007629395,
            -0.0757485032081604,
            0.5938630104064941,
            0.800993025302887
        ],
        [
            0.25390899181365967,
            -0.46460598707199097,
            -0.19813700020313263,
            0.7302340269088745,
            0.14725500345230103,
            0.042438898235559464,
            -0.17645199596881866,
            0.9087079763412476,
            0.37830498814582825,
            0.18036000430583954,
            -0.34797900915145874,
            0.9199900031089783
        ],
        [
            0.03273100033402443,
            0.23566199839115143,
            -0.26426199078559875,
            0.7630329728126526,
            0.22086800634860992,
            0.7262369990348816,
            -0.2895300090312958,
            0.9025490283966064,
            -0.3187119960784912,
            0.028954999521374702,
            0.3410800099372864,
            0.9395880103111267
        ]
    ],
    "ops": [
        [
            0,
            0,
            2,
            1,
            0,
            0,
            1,
            2,
            1,
            0,
            1
        ]
    ],
    "syms": [
        [
            0.0,
            0.9997810125350952,
            -0.0013621599646285176,
            -0.020864199846982956,
            -0.00351310009136796,
            0.14454500377178192,
            0.0503259003162384,
            0.0
        ],
        [
            0.0,
            0.9987750053405762,
            0.03088819980621338,
            -0.03865019977092743,
            -0.003556049894541502,
            -0.42691001296043396,
            0.3431920111179352,
            0.0
        ]
    ],
    "labels:": [
        [
            1,
            3,
            2,
            2,
            0
        ]
    ],
    "obj": 43622,
    "mat_index": 5402,
    "obbs": "N 8\n0.032731 0.235662 -0.264262 0.956731 0.262811 -0.124886 0.028955 0.34108 0.939588 0.28953 -0.902549 0.318712 0.726237 0.220868 0.763033\n0.383031 0.144019 0.0422592 -0.38352 -0.900272 0.205965 0.88429 -0.422295 -0.199244 0.266352 0.105719 0.958061 0.541226 0.141609 0.708392\n-0.390058 0.145072 0.0583926 0.290137 -0.186164 -0.938703 0.888061 0.417891 0.191608 0.356605 -0.889219 0.286571 0.625355 0.138083 0.575857\n-0.000374719 -0.0955116 0.161266 0.999982 0.00592286 -0.000278947 -0.00592286 0.995556 -0.093984 -0.000278947 0.093984 0.995574 0.805457 0.125987 0.695764\n-0.294325 -0.435902 0.354444 -0.0660655 -0.516556 -0.853701 0.970063 -0.233629 0.0662937 -0.233694 -0.823764 0.516527 0.22324 0.0425519 0.799789\n0.287213 -0.417917 0.33194 0.0757485 -0.593863 -0.800993 0.970315 0.22893 -0.0779698 0.229675 -0.771309 0.593575 0.278533 0.0425498 0.839005\n0.253909 -0.464606 -0.198137 0.176452 -0.908708 -0.378305 0.967644 0.230565 -0.102493 0.18036 -0.347979 0.91999 0.730234 0.0424389 0.147255\n-0.252797 -0.449911 -0.18689 -0.163119 -0.873788 -0.458133 0.96982 -0.227302 0.088223 -0.181223 -0.429916 0.884495 0.759384 0.0425229 0.198905\nC 19\n0 1\n0 7\n0 6\n0 5\n0 4\n0 3\n0 2\n1 3\n1 5\n1 6\n2 7\n2 4\n2 3\n3 6\n3 7\n3 4\n3 5\n4 7\n5 6\nS 3\n2\n1 0.383031 0.144019 0.0422592\n2 -0.390058 0.145072 0.0583926\n2\n-0.0035131 0.144545 0.0503259\n-0.999781 0.00136216 0.0208642\n2\n4 -0.294325 -0.435902 0.354444\n5 0.287213 -0.417917 0.33194\n2\n-0.00355605 -0.42691 0.343192\n0.998775 0.0308882 -0.0386502\n2\n6 0.253909 -0.464606 -0.198137\n7 -0.252797 -0.449911 -0.18689\n2\n0.000555926 -0.457258 -0.192514\n-0.999334 0.0289814 0.022181\nL 8\n0\n3\n3\n1\n2\n2\n2\n2"
}