{
    "boxes": [
        [
            -0.005626999773085117,
            -0.1614840030670166,
            0.10195299983024597,
            0.19241100549697876,
            0.8347150087356567,
            0.7209200263023376,
            0.0,
            1.0,
            0.0,
            0.0,
            0.0,
            1.0
        ],
        [
            -0.4014810025691986,
            0.26799899339675903,
            0.16411900520324707,
            0.0672990009188652,
            0.228535994887352,
            0.07066500186920166,
            0.0,
            1.0,
            0.0,
            0.0,
            0.0,
            1.0
        ],
        [
            -0.4014810025691986,
            0.008595990017056465,
            0.3891940116882324,
            0.42823299765586853,
            0.12804299592971802,
            0.0672990009188652,
            -0.0,
            0.9377800226211548,
            -0.34722900390625,
            0.0,
            0.34722900390625,
            0.9377800226211548
        ],
        [
            -0.3745110034942627,
            0.25612398982048035,
            0.09590800106525421,
            0.07297299802303314,
            0.7757440209388733,
            0.122250996530056,
            0.0,
            1.0,
            0.0,
            0.0,
            0.0,
            1.0
        ],
        [
            -0.39922699332237244,
            -0.5327320098876953,
            0.42838001251220703,
            0.6793050169944763,
            0.07180900126695633,
            0.07180800288915634,
            0.0,
            1.0,
            0.0,
            0.0,
            0.0,
            1.0
        ],
        [
            -0.22988499701023102,
            -0.53261399269104,
            -0.19767899811267853,
            0.6797149777412415,
            0.072496198117733,
            0.07213699817657471,
            0.006681920029222965,
            0.9999759793281555,
            0.001757520018145442,
            -0.7046359777450562,
            0.0034613399766385555,
            0.709559977054596
        ],
        [
            0.21263599395751953,
            -0.5326110124588013,
            -0.19790099561214447,
            0.6797099709510803,
            0.09130799770355225,
            0.09459149837493896,
            -0.006502910051494837,
            0.9999780058860779,
            0.0013833000557497144,
            0.302717000246048,
            0.0006501639727503061,
            0.9530799984931946
        ],
        [
            -0.1913509964942932,
            -0.10088799893856049,
            -0.2591780126094818,
            0.30900999903678894,
            0.033650100231170654,
            0.06057000160217285,
            -0.0,
            0.9961950182914734,
            -0.08715599775314331,
            0.0,
            0.08715599775314331,
            0.9961950182914734
        ],
        [
            -0.007357500027865171,
            0.33901798725128174,
            -0.289775013923645,
            0.6048250198364258,
            0.09404239803552628,
            0.5171290040016174,
            -0.05233599990606308,
            0.9950429797172546,
            -0.0845601037144661,
            2.5670499059771146e-09,
            0.0846761018037796,
            0.996408998966217
        ],
        [
            -0.007411189842969179,
            0.3392939865589142,
            -0.2853190004825592,
            0.7392299771308899,
            0.10188599675893784,
            0.6519439816474915,
            0.05436990037560463,
            0.9946609735488892,
            -0.08771570026874542,
            0.002224300056695938,
            0.0877247005701065,
            0.9961420297622681
        ]
    ],
    "ops": [
        [
            0,
            0,
            0,
            0,
            1,
            1,
            2,
            1,
            0,
            2,
            0,
            0,
            1,
            1,
            1,
            0,
            2,
            0,
            0,
            1,
            1,
            1
        ]
    ],
    "syms": [
        [
            0.0,
            0.9995899796485901,
            -0.001065360032953322,
            0.02862909995019436,
            -0.006940499879419804,
            0.26757800579071045,
            0.17541900277137756,
            0.0
        ],
        [
            0.0,
            1.0,
            -0.0,
            -0.0,
            -0.006099500227719545,
            -0.5327320098876953,
            0.42838001251220703,
            0.0
        ],
        [
            0.0,
            1.0,
            0.0,
            1.5085099601738473e-16,
            -0.007357750087976456,
            -0.10088799893856049,
            -0.2591780126094818,
            0.0
        ]
    ],
    "labels:": [
        [
            1,
            3,
            3,
            3,
            2,
            2,
            2,
            0,
            0,
            0
        ]
    ],
    "obj": 43639,
    "mat_index": 5417,
    "obbs": "N 15\n-0.0073575 0.339018 -0.289775 0.99863 0.052148 -0.00443161 2.56705e-09 0.0846761 0.996409 0.052336 -0.995043 0.0845601 0.517129 0.0940424 0.604825\n-0.005627 -0.161484 0.101953 1 0 0 0 1 0 0 0 1 0.72092 0.192411 0.834715\n0.389282 0.00859599 0.389194 1 0 0 0 0.347229 0.93778 0 -0.93778 0.347229 0.067299 0.128043 0.428233\n-0.401481 0.00859599 0.389194 1 0 0 0 0.347229 0.93778 0 -0.93778 0.347229 0.067299 0.128043 0.428233\n0.377154 0.254594 0.0942892 0.998626 -0.00280373 -0.052332 0.00265939 0.999992 -0.00282751 0.0523395 0.00268446 0.998626 0.119183 0.0731962 0.779336\n0.387601 0.267158 0.186719 1 0 0 0 1 0 0 0 1 0.074029 0.068981 0.228536\n-0.374511 0.256124 0.095908 1 0 0 0 1 0 0 0 1 0.122251 0.072973 0.775744\n-0.401481 0.267999 0.164119 1 0 0 0 1 0 0 0 1 0.070665 0.067299 0.228536\n-0.191351 -0.100888 -0.259178 1 0 0 0 0.087156 0.996195 0 -0.996195 0.087156 0.06057 0.0336501 0.30901\n0.176636 -0.100888 -0.259178 1 0 0 -0 0.087156 0.996195 0 -0.996195 0.087156 0.060569 0.0336501 0.30901\n-0.229885 -0.532614 -0.197679 0.704636 -0.00346134 -0.70956 0.709537 -0.00597964 0.704642 -0.00668192 -0.999976 -0.00175752 0.0724962 0.072137 0.679715\n0.212636 -0.532611 -0.197901 -0.00650291 0.999978 0.0013833 0.302717 0.000650164 0.95308 0.953058 0.00661654 -0.302715 0.67971 0.091308 0.0945915\n0.387028 -0.532732 0.42838 1 0 0 0 1 0 0 0 1 0.071808 0.679305 0.071809\n-0.399227 -0.532732 0.42838 1 0 0 0 1 0 0 0 1 0.071808 0.679305 0.071809\n-0.00741119 0.339294 -0.285319 0.0543699 0.994661 -0.0877157 0.0022243 0.0877247 0.996142 0.998518 -0.0543553 0.00255717 0.73923 0.101886 0.651944\nC 35\n0 14\n0 10\n0 11\n0 4\n0 8\n0 1\n0 6\n0 9\n1 3\n1 11\n1 2\n1 14\n1 10\n1 13\n1 9\n1 12\n1 8\n2 12\n2 5\n2 4\n3 7\n3 6\n3 13\n4 9\n4 5\n4 14\n6 14\n6 7\n6 8\n8 14\n8 10\n9 11\n9 14\n10 14\n11 14\nS 5\n2\n2 0.389282 0.00859599 0.389194\n3 -0.401481 0.00859599 0.389194\n2\n-0.0060995 0.00859599 0.389194\n-1 3.50997e-17 0\n2\n4 0.377154 0.254594 0.0942892\n6 -0.374511 0.256124 0.095908\n2\n0.00132158 0.255359 0.0950986\n-0.999996 0.00203457 0.00215365\n2\n5 0.387601 0.267158 0.186719\n7 -0.401481 0.267999 0.164119\n2\n-0.0069405 0.267578 0.175419\n-0.99959 0.00106536 -0.0286291\n2\n8 -0.191351 -0.100888 -0.259178\n9 0.176636 -0.100888 -0.259178\n2\n-0.00735775 -0.100888 -0.259178\n1 0 1.50851e-16\n2\n12 0.387028 -0.532732 0.42838\n13 -0.399227 -0.532732 0.42838\n2\n-0.0060995 -0.532732 0.42838\n-1 0 0\nL 15\n0\n1\n3\n3\n3\n3\n3\n3\n0\n0\n2\n2\n2\n2\n0"
}