{
    "boxes": [
        [
            -0.006783499848097563,
            -0.08180149644613266,
            0.09123899787664413,
            0.1735129952430725,
            0.7554219961166382,
            0.6441709995269775,
            0.0,
            1.0,
            0.0,
            0.0,
            0.0,
            1.0
        ],
        [
            -0.2769559919834137,
            -0.4425019919872284,
            -0.27125999331474304,
            0.7373020052909851,
            0.06185249984264374,
            0.058366600424051285,
            -0.014009200036525726,
            0.9990749955177307,
            0.040653400123119354,
            0.23616600036621094,
            -0.03620100021362305,
            0.9710379838943481
        ],
        [
            -0.2831610143184662,
            -0.43038299679756165,
            0.3861680030822754,
            0.7697029709815979,
            0.06832599639892578,
            0.06609400361776352,
            0.0,
            1.0,
            0.0,
            0.0,
            0.0,
            1.0
        ],
        [
            -0.004165499936789274,
            0.3356649875640869,
            -0.2828330099582672,
            0.05655200034379959,
            0.044112998992204666,
            0.5687450170516968,
            0.0,
            1.0,
            0.0,
            0.0,
            0.0,
            1.0
        ],
        [
            -0.0062894998118281364,
            0.8326420187950134,
            -0.30267301201820374,
            0.16424399614334106,
            0.04175199940800667,
            0.6789289712905884,
            0.0,
            1.0,
            0.0,
            0.0,
            0.0,
            1.0
        ],
        [
            -0.302839994430542,
            0.3313719928264618,
            -0.2806690037250519,
            0.8463709950447083,
            0.05262700095772743,
            0.05749860033392906,
            -0.025644000619649887,
            0.9981359839439392,
            -0.055380500853061676,
            0.13868899643421173,
            0.05841530114412308,
            0.9886119961738586
        ]
    ],
    "ops": [
        [
            0,
            0,
            0,
            1,
            2,
            1,
            0,
            0,
            0,
            2,
            1,
            1,
            1
        ]
    ],
    "syms": [
        [
            0.0,
            0.9990230202674866,
            0.04414819926023483,
            0.0018145600333809853,
            -0.0040575298480689526,
            -0.4304429888725281,
            -0.2707650065422058,
            0.0
        ],
        [
            0.0,
            0.9991790056228638,
            0.04051410034298897,
            -5.824469917570241e-05,
            -0.004173689987510443,
            0.34348198771476746,
            -0.28068599104881287,
            0.0
        ]
    ],
    "labels:": [
        [
            1,
            2,
            2,
            0,
            0,
            0
        ]
    ],
    "obj": 2869,
    "mat_index": 544,
    "obbs": "N 9\n-0.0062895 0.832642 -0.302673 1 0 0 0 1 0 0 0 1 0.678929 0.164244 0.041752\n-0.276956 -0.442502 -0.27126 0.971612 0.0232045 -0.23544 0.236166 -0.036201 0.971038 0.0140092 -0.999075 -0.0406534 0.0583666 0.0618525 0.737302\n0.268841 -0.418383 -0.270269 -0.991174 0.0257333 -0.130049 -0.130878 -0.0336528 0.990827 0.0211208 0.999102 0.0367236 0.0508811 0.0556773 0.785151\n0.252383 -0.430383 0.387822 1 0 0 0 1 0 0 0 1 0.098885 0.769703 0.070568\n-0.283161 -0.430383 0.386168 1 0 0 0 1 0 0 0 1 0.066094 0.769703 0.068326\n-0.0067835 -0.0818015 0.091239 1 0 0 0 1 0 0 0 1 0.644171 0.173513 0.755422\n0.294493 0.355592 -0.280703 -0.990997 0.0270764 -0.131118 -0.129364 0.0586902 0.989859 0.0344971 0.997909 -0.0546591 0.0497703 0.0496801 0.797604\n-0.30284 0.331372 -0.280669 -0.025644 0.998136 -0.0553805 0.138689 0.0584153 0.988612 0.990004 0.0176713 -0.139929 0.846371 0.052627 0.0574986\n-0.0041655 0.335665 -0.282833 1 0 0 0 1 0 0 0 1 0.568745 0.056552 0.044113\nC 12\n0 7\n0 6\n1 5\n1 7\n2 6\n2 5\n3 5\n4 5\n5 6\n5 7\n6 8\n7 8\nS 3\n2\n1 -0.276956 -0.442502 -0.27126\n2 0.268841 -0.418383 -0.270269\n2\n-0.00405753 -0.430443 -0.270765\n0.999023 0.0441482 0.00181456\n2\n3 0.252383 -0.430383 0.387822\n4 -0.283161 -0.430383 0.386168\n2\n-0.0153892 -0.430383 0.386995\n-0.999995 0 -0.00308844\n2\n6 0.294493 0.355592 -0.280703\n7 -0.30284 0.331372 -0.280669\n2\n-0.00417369 0.343482 -0.280686\n-0.999179 -0.0405141 5.82447e-05\nL 9\n0\n2\n2\n2\n2\n1\n0\n0\n0"
}