{
    "boxes": [
        [
            0.03157949820160866,
            -0.03360699862241745,
            0.16333399713039398,
            0.15133799612522125,
            0.7261430025100708,
            0.7449190020561218,
            0.0,
            1.0,
            0.0,
            0.0,
            0.0,
            1.0
        ],
        [
            -0.29504600167274475,
            -0.45693498849868774,
            0.46590501070022583,
            0.6953189969062805,
            0.09174899756908417,
            0.06212100014090538,
            0.0,
            1.0,
            0.0,
            0.0,
            0.0,
            1.0
        ],
        [
            0.005061000119894743,
            -0.6748530268669128,
            -0.21940399706363678,
            0.1263349950313568,
            0.0387439988553524,
            0.15749399363994598,
            0.0,
            1.0,
            0.0,
            0.0,
            0.0,
            1.0
        ],
        [
            -0.1591549962759018,
            -0.393655002117157,
            -0.22440800070762634,
            0.8299340009689331,
            0.04567280039191246,
            0.23552800714969635,
            -0.03222639858722687,
            0.9994000196456909,
            -0.012698300182819366,
            0.020390400663018227,
            0.013359599746763706,
            0.9997029900550842
        ],
        [
            0.0029423099476844072,
            0.8132339715957642,
            -0.2731499969959259,
            0.24917399883270264,
            0.04150120168924332,
            0.5358870029449463,
            -0.0008515280205756426,
            0.9968010187149048,
            -0.07991360127925873,
            -0.0009225260000675917,
            0.07991279661655426,
            0.9968010187149048
        ],
        [
            -0.16480299830436707,
            0.3440830111503601,
            -0.2483370006084442,
            0.8224560022354126,
            0.04278950020670891,
            0.2044849991798401,
            0.004080450162291527,
            0.9989759922027588,
            -0.045067198574543,
            0.0042686499655246735,
            0.045049700886011124,
            0.9989759922027588
        ]
    ],
    "ops": [
        [
            0,
            0,
            2,
            0,
            0,
            2,
            1,
            1,
            1,
            0,
            0,
            2,
            1,
            1
        ]
    ],
    "syms": [
        [
            0.0,
            0.9997190237045288,
            -0.0,
            0.023701099678874016,
            0.023941200226545334,
            -0.45693498849868774,
            0.47346800565719604,
            0.0
        ],
        [
            0.0,
            0.9994850158691406,
            -0.0319347009062767,
            -0.003067550016567111,
            0.0038454399909824133,
            -0.3988629877567291,
            -0.2249079942703247,
            0.0
        ],
        [
            0.0,
            0.9981259703636169,
            -0.06106920167803764,
            0.003949719946831465,
            0.0025162699166685343,
            0.33384600281715393,
            -0.24767500162124634,
            0.0
        ]
    ],
    "labels:": [
        [
            1,
            2,
            2,
            2,
            0,
            0
        ]
    ],
    "obj": 43684,
    "mat_index": 5446,
    "obbs": "N 9\n0.00294231 0.813234 -0.27315 0.999999 0.000922526 0.000851528 -0.000922526 0.0799128 0.996801 0.000851528 -0.996801 0.0799136 0.535887 0.0415012 0.249174\n0.0315795 -0.033607 0.163334 1 0 0 0 1 0 0 0 1 0.744919 0.151338 0.726143\n0.169835 0.323608 -0.247012 -0.015484 0.998679 -0.0489869 -0.0162601 0.0487348 0.998679 0.999748 0.0162601 0.015484 0.829532 0.0441233 0.209507\n-0.164803 0.344083 -0.248337 0.999983 -0.00426865 -0.00408045 0.00426865 0.0450497 0.998976 -0.00408045 -0.998976 0.0450672 0.204485 0.0427895 0.822456\n0.166846 -0.404071 -0.225409 -0.999233 0.0350268 -0.0175285 -0.0173241 0.00613121 0.999831 0.0351284 0.999368 -0.0055197 0.232314 0.0497492 0.809258\n0.342929 -0.456935 0.481031 1 0 0 0 1 0 0 0 1 0.092676 0.695319 0.061499\n-0.295046 -0.456935 0.465905 1 0 0 0 1 0 0 0 1 0.062121 0.695319 0.091749\n-0.159155 -0.393655 -0.224408 0.999273 0.0319579 -0.0208087 0.0203904 0.0133596 0.999703 0.0322264 -0.9994 0.0126983 0.235528 0.0456728 0.829934\n0.005061 -0.674853 -0.219404 1 0 0 0 1 0 0 0 1 0.157494 0.126335 0.038744\nC 16\n0 3\n0 2\n1 2\n1 3\n1 4\n1 5\n1 6\n1 7\n2 7\n2 4\n2 3\n3 7\n3 4\n4 7\n4 8\n7 8\nS 3\n2\n2 0.169835 0.323608 -0.247012\n3 -0.164803 0.344083 -0.248337\n2\n0.00251627 0.333846 -0.247675\n-0.998126 0.0610692 -0.00394972\n2\n4 0.166846 -0.404071 -0.225409\n7 -0.159155 -0.393655 -0.224408\n2\n0.00384544 -0.398863 -0.224908\n-0.999485 0.0319347 0.00306755\n2\n5 0.342929 -0.456935 0.481031\n6 -0.295046 -0.456935 0.465905\n2\n0.0239412 -0.456935 0.473468\n-0.999719 0 -0.0237011\nL 9\n0\n1\n0\n0\n2\n2\n2\n2\n2"
}