{
    "boxes": [
        [
            0.0037984999362379313,
            0.03995300084352493,
            0.09730149805545807,
            0.14959000051021576,
            0.6731910109519958,
            0.7127789855003357,
            0.0,
            1.0,
            0.0,
            0.0,
            0.0,
            1.0
        ],
        [
            -0.2678000032901764,
            -0.40382900834083557,
            0.3640489876270294,
            0.960299015045166,
            0.0677499994635582,
            0.0677499994635582,
            0.0,
            1.0,
            0.0,
            0.0,
            0.0,
            1.0
        ],
        [
            -0.2776930034160614,
            -0.4137189984321594,
            -0.2798129916191101,
            0.9702209830284119,
            0.12789100408554077,
            0.04865819960832596,
            -0.0009268440189771354,
            0.9882879853248596,
            0.15259599685668945,
            0.004078649915754795,
            -0.1525920033454895,
            0.9882810115814209
        ],
        [
            -0.2727859914302826,
            -0.48360899090766907,
            0.046892501413822174,
            0.039889998733997345,
            0.5694910287857056,
            0.03490399941802025,
            -2.2204500197172533e-16,
            1.0,
            0.0,
            0.0,
            -0.0,
            1.0
        ],
        [
            0.00395399983972311,
            -0.4437189996242523,
            -0.26862698793411255,
            0.03989100083708763,
            0.039889998733997345,
            0.5185760259628296,
            0.0,
            1.0,
            0.0,
            0.0,
            0.0,
            1.0
        ],
        [
            -0.2776930034160614,
            0.46702200174331665,
            -0.24987000226974487,
            0.8237389922142029,
            0.09480790048837662,
            0.05946509912610054,
            -2.8178299544379115e-05,
            0.9945430159568787,
            -0.10432600229978561,
            0.15581299364566803,
            0.10305699706077576,
            0.9823960065841675
        ],
        [
            0.00395399983972311,
            0.7896080017089844,
            -0.2952539920806885,
            0.15119099617004395,
            0.057125501334667206,
            0.5185760259628296,
            -0.0,
            0.9898689985275269,
            -0.14198599755764008,
            0.0,
            0.14198599755764008,
            0.9898689985275269
        ],
        [
            -0.0467820018529892,
            0.41762199997901917,
            -0.25484201312065125,
            0.6128159761428833,
            0.04831309989094734,
            0.04986349865794182,
            0.002719529904425144,
            0.9871060252189636,
            -0.16004599630832672,
            0.0031959700863808393,
            0.16003699600696564,
            0.9871060252189636
        ]
    ],
    "ops": [
        [
            0,
            0,
            2,
            0,
            2,
            0,
            2,
            0,
            2,
            1,
            1,
            1,
            1,
            0,
            2,
            0,
            0,
            2,
            1,
            1,
            1
        ]
    ],
    "syms": [
        [
            0.0,
            1.0,
            -0.0,
            -1.0213500116935202e-16,
            0.00395399983972311,
            -0.40382900834083557,
            0.3640489876270294,
            0.0
        ],
        [
            0.0,
            0.9992200136184692,
            0.03935069963335991,
            0.0033157600555568933,
            0.003807520028203726,
            -0.40263301134109497,
            -0.27887898683547974,
            0.0
        ],
        [
            0.0,
            1.0,
            0.0,
            0.0,
            0.00395399983972311,
            -0.48360899090766907,
            0.046892501413822174,
            0.0
        ],
        [
            0.0,
            4.3505299619430474e-17,
            -0.09378959983587265,
            0.9955919981002808,
            0.00395399983972311,
            -0.47363701462745667,
            0.048957500606775284,
            0.0
        ],
        [
            0.0,
            0.9998589754104614,
            0.016676099970936775,
            0.0021226101089268923,
            0.00422275997698307,
            0.4717240035533905,
            -0.24927100539207458,
            0.0
        ],
        [
            1.0,
            -0.194705992937088,
            0.27841466665267944,
            -0.16587799787521362,
            -0.144896999001503,
            0.41762199997901917,
            -0.2492620050907135,
            0.25
        ]
    ],
    "labels:": [
        [
            1,
            2,
            2,
            2,
            2,
            0,
            0,
            0
        ]
    ],
    "obj": 43693,
    "mat_index": 5452,
    "obbs": "N 16\n0.003954 0.789608 -0.295254 1 0 0 0 0.141986 0.989869 0 -0.989869 0.141986 0.518576 0.0571255 0.151191\n0.0037985 0.039953 0.0973015 1 0 0 0 1 0 0 0 1 0.712779 0.14959 0.673191\n0.149427 0.417622 -0.250152 0.0338551 0.987083 -0.156595 -0.0829766 0.15892 0.983798 0.995976 -0.0203129 0.087285 0.613319 0.0466798 0.0586035\n0.0507345 0.417622 -0.255436 0.00737573 0.987739 -0.155938 -0.0526241 0.156109 0.986337 0.998587 0.000931138 0.0531304 0.6125 0.0445131 0.0453116\n-0.046782 0.417622 -0.254842 0.999991 -0.00319597 -0.00271953 0.00319597 0.160037 0.987106 -0.00271953 -0.987106 0.160046 0.0498635 0.0483131 0.612816\n-0.144897 0.417622 -0.249262 0.995573 0.0134583 -0.0930212 0.0899312 0.151288 0.98439 0.0273211 -0.988398 0.149408 0.0529693 0.0415748 0.613031\n-0.272786 -0.483609 0.0468925 2.22045e-16 -1 -0 1 2.22045e-16 0 0 -0 1 0.03989 0.034904 0.569491\n0.003954 -0.443719 -0.268627 1 0 0 0 1 0 0 0 1 0.518576 0.039891 0.03989\n0.280694 -0.483609 0.0468925 1 0 0 0 1 0 0 0 1 0.034904 0.03989 0.569491\n0.003954 -0.503555 0.366542 1 0 0 0 1 0 0 0 1 0.478686 0.039891 0.03989\n-0.277693 -0.413719 -0.279813 -0.00407865 0.152592 -0.988281 0.999991 0.00153837 -0.00388945 0.000926844 -0.988288 -0.152596 0.127891 0.0486582 0.970221\n0.285308 -0.391547 -0.277945 -0.00172187 -0.982381 -0.186879 0.999498 -0.00760247 0.0307552 -0.0316341 -0.186733 0.981901 1.01832 0.0520761 0.129174\n0.275708 -0.403829 0.364049 1 0 0 0 1 0 0 0 1 0.064822 0.957371 0.064822\n-0.2678 -0.403829 0.364049 1 0 0 0 1 0 0 0 1 0.06775 0.960299 0.06775\n0.286138 0.476426 -0.248673 -0.00227228 -0.995183 0.0980119 0.995183 -0.0118568 -0.0973186 0.0980119 0.0973186 0.990415 0.804852 0.055485 0.0894751\n-0.277693 0.467022 -0.24987 2.81783e-05 -0.994543 0.104326 0.987787 -0.0162277 -0.154966 0.155813 0.103057 0.982396 0.823739 0.0594651 0.0948079\nC 44\n0 14\n0 2\n0 3\n0 15\n0 4\n0 5\n1 3\n1 15\n1 11\n1 2\n1 14\n1 5\n1 10\n1 13\n1 4\n1 12\n2 5\n2 3\n2 14\n2 11\n2 4\n3 11\n3 14\n3 5\n3 4\n4 10\n4 5\n4 15\n5 15\n5 10\n6 9\n6 7\n6 10\n6 13\n7 11\n7 10\n7 8\n8 9\n8 11\n8 12\n9 13\n9 12\n10 15\n11 14\nS 6\n4\n2 0.149427 0.417622 -0.250152\n3 0.0507345 0.417622 -0.255436\n4 -0.046782 0.417622 -0.254842\n5 -0.144897 0.417622 -0.249262\n1\n0 0 0\n0 0 0\n2\n6 -0.272786 -0.483609 0.0468925\n8 0.280694 -0.483609 0.0468925\n2\n0.003954 -0.483609 0.0468925\n1 0 0\n2\n7 0.003954 -0.443719 -0.268627\n9 0.003954 -0.503555 0.366542\n2\n0.003954 -0.473637 0.0489575\n4.35053e-17 -0.0937896 0.995592\n2\n10 -0.277693 -0.413719 -0.279813\n11 0.285308 -0.391547 -0.277945\n2\n0.00380752 -0.402633 -0.278879\n0.99922 0.0393507 0.00331576\n2\n12 0.275708 -0.403829 0.364049\n13 -0.2678 -0.403829 0.364049\n2\n0.003954 -0.403829 0.364049\n-1 0 1.02135e-16\n2\n14 0.286138 0.476426 -0.248673\n15 -0.277693 0.467022 -0.24987\n2\n0.00422276 0.471724 -0.249271\n-0.999859 -0.0166761 -0.00212261\nL 16\n0\n1\n0\n0\n0\n0\n2\n2\n2\n2\n2\n2\n2\n2\n0\n0"
}