{
    "boxes": [
        [
            0.009633909910917282,
            -0.16331200301647186,
            0.20280100405216217,
            0.20443899929523468,
            0.9001230001449585,
            0.8908560276031494,
            0.001481389976106584,
            0.98580402135849,
            -0.1678909957408905,
            0.0001252450019819662,
            0.1678909957408905,
            0.9858059883117676
        ],
        [
            -0.45899900794029236,
            -0.023181600496172905,
            0.46697598695755005,
            0.35376501083374023,
            0.07993490248918533,
            0.05275379866361618,
            0.005669760052114725,
            0.9891279935836792,
            -0.14695000648498535,
            0.18737100064754486,
            0.14329899847507477,
            0.9717810153961182
        ],
        [
            -0.498073011636734,
            0.16559399664402008,
            -0.030289700254797935,
            0.021131400018930435,
            0.533312976360321,
            0.13587400317192078,
            0.0015224800445139408,
            0.9944620132446289,
            -0.1050880029797554,
            8.021909889066592e-05,
            0.1050880029797554,
            0.9944630265235901
        ],
        [
            -0.457612007856369,
            0.15439899265766144,
            0.17864200472831726,
            0.10593000054359436,
            0.5391730070114136,
            0.04646199941635132,
            0.0,
            1.0,
            0.0,
            0.0,
            0.0,
            1.0
        ],
        [
            -0.4572170078754425,
            0.11425799876451492,
            -0.18220899999141693,
            0.07020740211009979,
            0.13731099665164948,
            0.029798999428749084,
            -1.7963800629986317e-16,
            0.80901700258255,
            0.587785005569458,
            1.3051500550322986e-16,
            -0.587785005569458,
            0.80901700258255
        ],
        [
            -0.45680299401283264,
            -0.017434699460864067,
            -0.1387770026922226,
            0.3382300138473511,
            0.06732159852981567,
            0.058246199041604996,
            -0.012014499865472317,
            0.9304649829864502,
            0.3661839962005615,
            -0.22094200551509857,
            -0.3596290051937103,
            0.9065600037574768
        ],
        [
            -0.45785799622535706,
            -0.4345400035381317,
            0.5209599733352661,
            0.5199519991874695,
            0.05343250185251236,
            0.05126269906759262,
            0.004036339931190014,
            0.9943450093269348,
            -0.10611899942159653,
            -0.28260499238967896,
            0.10292799770832062,
            0.9536979794502258
        ],
        [
            -0.45809799432754517,
            -0.4150480031967163,
            -0.2822880148887634,
            0.5751619935035706,
            0.07637420296669006,
            0.0594061017036438,
            0.006060000043362379,
            0.965034008026123,
            0.26205599308013916,
            0.27058500051498413,
            -0.2538670003414154,
            0.9286199808120728
        ],
        [
            -0.3269999921321869,
            0.18761000037193298,
            -0.32899999618530273,
            0.9254270195960999,
            0.11902499943971634,
            0.04682429879903793,
            0.07666730135679245,
            0.8671969771385193,
            -0.49202701449394226,
            0.03368530049920082,
            0.4909450113773346,
            0.8705390095710754
        ],
        [
            0.009649829939007759,
            0.23514500260353088,
            -0.3308440148830414,
            0.887440025806427,
            0.12820500135421753,
            0.7179279923439026,
            4.89863014081493e-05,
            0.9054250121116638,
            -0.4245060086250305,
            7.70701008150354e-05,
            0.4245060086250305,
            0.9054250121116638
        ],
        [
            0.009626129642128944,
            0.4006809890270233,
            -0.46608200669288635,
            0.07607980072498322,
            0.06159590184688568,
            0.593671977519989,
            -0.0002848150033969432,
            0.8360940217971802,
            -0.5485860109329224,
            -0.0005275249714031816,
            0.5485860109329224,
            0.8360940217971802
        ]
    ],
    "ops": [
        [
            0,
            0,
            0,
            1,
            0,
            0,
            0,
            1,
            1,
            1,
            2,
            1,
            0,
            0,
            1,
            2,
            1,
            0,
            2,
            0,
            0,
            1,
            1,
            1
        ]
    ],
    "syms": [
        [
            0.0,
            0.9996860027313232,
            0.023926900699734688,
            -0.00738298986107111,
            0.00892866961658001,
            -0.011982100084424019,
            0.46351999044418335,
            0.0
        ],
        [
            0.0,
            0.9997429847717285,
            0.022537099197506905,
            -0.0024669200647622347,
            0.009540149942040443,
            -0.424003005027771,
            0.519806981086731,
            0.0
        ],
        [
            0.0,
            0.9999309778213501,
            0.006013909820467234,
            0.010102899745106697,
            0.009616229683160782,
            0.18963399529457092,
            -0.3255990147590637,
            0.0
        ]
    ],
    "labels:": [
        [
            1,
            3,
            3,
            3,
            3,
            3,
            2,
            2,
            0,
            0,
            0
        ]
    ],
    "obj": 43716,
    "mat_index": 5461,
    "obbs": "N 19\n0.00964983 0.235145 -0.330844 1 -7.70701e-05 -4.89863e-05 7.70701e-05 0.424506 0.905425 -4.89863e-05 -0.905425 0.424506 0.717928 0.128205 0.88744\n-0.457217 0.114258 -0.182209 -1.30515e-16 0.587785 -0.809017 1 2.22045e-16 0 1.79638e-16 -0.809017 -0.587785 0.137311 0.029799 0.0702074\n0.47647 0.114258 -0.182209 -1.30515e-16 0.587785 -0.809017 1 2.22045e-16 0 1.79638e-16 -0.809017 -0.587785 0.137311 0.029799 0.0702074\n0.00963391 -0.163312 0.202801 0.999999 -0.00148139 0.000125245 0.00148139 0.985804 -0.167891 0.000125245 0.167891 0.985806 0.890856 0.204439 0.900123\n-0.327 0.18761 -0.329 -0.0336853 -0.490945 -0.870539 0.996488 -0.083316 0.00842763 -0.0766673 -0.867197 0.492027 0.119025 0.0468243 0.925427\n0.346232 0.191659 -0.322198 0.024177 -0.463984 -0.885514 0.997006 0.0762688 -0.0127417 0.073449 -0.882554 0.464439 0.117572 0.0492958 0.923879\n-0.456803 -0.0174347 -0.138777 -0.975213 0.0700138 -0.2099 -0.220942 -0.359629 0.90656 -0.0120145 0.930465 0.366184 0.0582462 0.0673216 0.33823\n-0.458999 -0.0231816 0.466976 0.00566976 0.989128 -0.14695 0.187371 0.143299 0.971781 0.982273 -0.0330438 -0.184521 0.353765 0.0799349 0.0527538\n0.476856 -0.0007825 0.460064 1 0 0 0 1 0 0 0 1 0.046454 0.314797 0.10802\n0.476833 -0.0102115 -0.138823 0.00885045 0.933635 0.358116 0.113878 -0.356741 0.927236 0.993455 0.0325753 -0.109478 0.309469 0.0592253 0.051528\n-0.498073 0.165594 -0.0302897 0.999999 -0.00152248 8.02191e-05 0.00152248 0.994462 -0.105088 8.02191e-05 0.105088 0.994463 0.135874 0.0211314 0.533313\n-0.457612 0.154399 0.178642 1 0 0 0 1 0 0 0 1 0.046462 0.10593 0.539173\n0.517327 0.165594 -0.0302897 0.999999 0.00152248 -8.02192e-05 -0.00152248 0.994462 -0.105088 -8.02192e-05 0.105088 0.994463 0.135874 0.0211314 0.533313\n0.476842 0.149023 0.170727 1 0 0 0 1 0 0 0 1 0.046534 0.116351 0.559272\n0.00962613 0.400681 -0.466082 -0.000284815 0.836094 -0.548586 -0.000527525 0.548586 0.836094 1 0.000527525 0.000284815 0.0760798 0.0615959 0.593672\n0.476938 -0.413467 0.518653 0.99456 0.00041005 -0.10416 0.103573 0.102277 0.989349 0.0110589 -0.994756 0.101678 0.0532919 0.0482127 0.562023\n0.476499 -0.408868 -0.277585 0.326452 0.266068 -0.906994 0.945169 -0.0825801 0.315967 0.00916908 -0.960411 -0.278438 0.080725 0.0618123 0.589509\n-0.458098 -0.415048 -0.282288 -0.00606 -0.965034 -0.262056 0.962677 0.0652808 -0.262662 0.270585 -0.253867 0.92862 0.575162 0.0594061 0.0763742\n-0.457858 -0.43454 0.52096 0.00403634 0.994345 -0.106119 -0.282605 0.102928 0.953698 0.959228 0.0261403 0.281422 0.519952 0.0534325 0.0512627\nC 67\n0 14\n0 16\n0 10\n0 3\n0 17\n0 11\n0 4\n0 12\n0 5\n0 1\n0 13\n0 6\n0 9\n0 2\n1 3\n1 17\n1 6\n1 11\n1 10\n1 4\n2 12\n2 5\n2 9\n2 13\n2 16\n2 3\n3 15\n3 11\n3 7\n3 17\n3 10\n3 6\n3 16\n3 13\n3 9\n3 5\n3 12\n3 8\n3 18\n3 4\n4 10\n4 14\n4 11\n4 6\n4 17\n5 9\n5 13\n5 12\n5 16\n5 14\n6 17\n6 10\n6 11\n7 11\n7 10\n7 18\n8 13\n8 15\n8 12\n9 16\n9 13\n9 12\n10 11\n12 16\n12 13\n13 16\n13 15\nS 8\n2\n1 -0.457217 0.114258 -0.182209\n2 0.47647 0.114258 -0.182209\n2\n0.009627 0.114258 -0.182209\n1 0 0\n2\n4 -0.327 0.18761 -0.329\n5 0.346232 0.191659 -0.322198\n2\n0.00961623 0.189634 -0.325599\n0.999931 0.00601391 0.0101029\n2\n6 -0.456803 -0.0174347 -0.138777\n9 0.476833 -0.0102115 -0.138823\n2\n0.0100155 -0.0138231 -0.1388\n0.99997 0.00773642 -4.84529e-05\n2\n7 -0.458999 -0.0231816 0.466976\n8 0.476856 -0.0007825 0.460064\n2\n0.00892867 -0.0119821 0.46352\n0.999686 0.0239269 -0.00738299\n2\n10 -0.498073 0.165594 -0.0302897\n12 0.517327 0.165594 -0.0302897\n2\n0.009627 0.165594 -0.0302897\n1 8.42363e-10 -8.33417e-11\n2\n11 -0.457612 0.154399 0.178642\n13 0.476842 0.149023 0.170727\n2\n0.009615 0.151711 0.174684\n0.999948 -0.00575333 -0.00846921\n2\n15 0.476938 -0.413467 0.518653\n18 -0.457858 -0.43454 0.52096\n2\n0.00954015 -0.424003 0.519807\n-0.999743 -0.0225371 0.00246692\n2\n16 0.476499 -0.408868 -0.277585\n17 -0.458098 -0.415048 -0.282288\n2\n0.00920052 -0.411958 -0.279936\n-0.999965 -0.0066126 -0.0050321\nL 19\n0\n3\n3\n1\n0\n0\n3\n3\n3\n3\n3\n3\n3\n3\n0\n2\n2\n2\n2"
}