{
    "boxes": [
        [
            -0.004298999905586243,
            -0.1238349974155426,
            0.12048500031232834,
            0.19202899932861328,
            0.8069720268249512,
            0.7761780023574829,
            0.0,
            1.0,
            0.0,
            0.0,
            0.0,
            1.0
        ],
        [
            -0.32833799719810486,
            -0.4127559959888458,
            -0.2909950017929077,
            0.7909619808197021,
            0.08885139971971512,
            0.09135519713163376,
            -0.005333899985998869,
            0.9865520000457764,
            0.16335999965667725,
            -0.40624600648880005,
            -0.1514119952917099,
            0.9011319875717163
        ],
        [
            -0.358830988407135,
            -0.4782559871673584,
            0.47112199664115906,
            0.6572290062904358,
            0.07214699685573578,
            0.067112997174263,
            0.0,
            1.0,
            0.0,
            0.0,
            0.0,
            1.0
        ],
        [
            -0.004531159996986389,
            0.3858250081539154,
            -0.2630949914455414,
            0.5113970041275024,
            0.09064619988203049,
            0.695667028427124,
            -0.0007906620157882571,
            0.9639750123023987,
            -0.2659910023212433,
            -0.001038379967212677,
            0.2659910023212433,
            0.9639750123023987
        ],
        [
            -0.003132619895040989,
            0.26116499304771423,
            -0.2703480124473572,
            0.7532250285148621,
            0.07159630209207535,
            0.7186909914016724,
            0.001271630055271089,
            0.9810159802436829,
            -0.1939219981431961,
            0.001547600026242435,
            0.19392000138759613,
            0.9810159802436829
        ]
    ],
    "ops": [
        [
            0,
            0,
            0,
            1,
            2,
            1,
            0,
            0,
            1,
            1
        ]
    ],
    "syms": [
        [
            0.0,
            0.9996489882469177,
            -0.0025357198901474476,
            0.026363100856542587,
            -0.005963989999145269,
            -0.4135740101337433,
            -0.282492995262146,
            0.0
        ]
    ],
    "labels:": [
        [
            1,
            2,
            2,
            0,
            0
        ]
    ],
    "obj": 43733,
    "mat_index": 5469,
    "obbs": "N 7\n-0.00453116 0.385825 -0.263095 0.999999 0.00103838 0.000790662 -0.00103838 0.265991 0.963975 0.000790662 -0.963975 0.265991 0.695667 0.0906462 0.511397\n-0.004299 -0.123835 0.120485 1 0 0 0 1 0 0 0 1 0.776178 0.192029 0.806972\n-0.00313262 0.261165 -0.270348 0.999998 -0.0015476 -0.00127163 0.0015476 0.19392 0.981016 -0.00127163 -0.981016 0.193922 0.718691 0.0715963 0.753225\n0.31641 -0.414392 -0.273992 0.0102243 -0.992948 -0.118107 0.887288 0.063474 -0.456827 0.461102 -0.100124 0.88168 0.791812 0.110936 0.0925755\n-0.328338 -0.412756 -0.290995 -0.0053339 0.986552 0.16336 0.913748 -0.0615578 0.401591 0.406246 0.151412 -0.901132 0.790962 0.0913552 0.0888514\n0.354244 -0.47927 0.473625 1 0 0 0 1 0 0 0 1 0.059093 0.655202 0.067143\n-0.358831 -0.478256 0.471122 1 0 0 0 1 0 0 0 1 0.067113 0.657229 0.072147\nC 11\n0 1\n0 4\n0 3\n0 2\n1 2\n1 3\n1 4\n1 5\n1 6\n2 4\n2 3\nS 2\n2\n3 0.31641 -0.414392 -0.273992\n4 -0.328338 -0.412756 -0.290995\n2\n-0.00596399 -0.413574 -0.282493\n-0.999649 0.00253572 -0.0263631\n2\n5 0.354244 -0.47927 0.473625\n6 -0.358831 -0.478256 0.471122\n2\n-0.002294 -0.478763 0.472374\n-0.999993 0.0014213 -0.00350872\nL 7\n0\n1\n0\n2\n2\n2\n2"
}