{
    "boxes": [
        [
            0.01210550032556057,
            -0.17382900416851044,
            0.15689000487327576,
            0.22577199339866638,
            0.9023839831352234,
            0.888027012348175,
            0.0,
            1.0,
            0.0,
            0.0,
            0.0,
            1.0
        ],
        [
            0.47006499767303467,
            -0.07911310344934464,
            0.10071799904108047,
            0.4495050013065338,
            0.8375809788703918,
            0.04596690088510513,
            -0.001774259959347546,
            0.9985899925231934,
            -0.05306340008974075,
            0.0006365110166370869,
            0.05306459963321686,
            0.9985910058021545
        ],
        [
            -0.4814850091934204,
            0.1481339931488037,
            0.10125000029802322,
            0.08573690056800842,
            0.9559760093688965,
            0.12185800075531006,
            -0.09774240106344223,
            0.9928730130195618,
            -0.06818520277738571,
            -0.003344210097566247,
            0.06818520277738571,
            0.9976670145988464
        ],
        [
            0.4629569947719574,
            -0.4718739986419678,
            -0.3153049945831299,
            0.3980560004711151,
            0.06852039694786072,
            0.04035789892077446,
            0.005207949783653021,
            0.9632459878921509,
            0.2685689926147461,
            0.1528480052947998,
            -0.2661829888820648,
            0.9517269730567932
        ],
        [
            0.4681429862976074,
            -0.4507400095462799,
            0.5409719944000244,
            0.4425550103187561,
            0.07223200052976608,
            0.0397895984351635,
            0.000778437010012567,
            0.9750329852104187,
            -0.22206099331378937,
            0.12040600180625916,
            0.22035400569438934,
            0.967960000038147
        ],
        [
            0.009613580070436,
            0.20694799721240997,
            -0.2787089943885803,
            0.7381939888000488,
            0.13700899481773376,
            0.8480259776115417,
            0.0039067198522388935,
            0.9739450216293335,
            -0.22675099968910217,
            0.00492070009931922,
            0.22673100233078003,
            0.9739450216293335
        ],
        [
            0.0041371798142790794,
            0.4808630049228668,
            -0.41561800241470337,
            0.13802899420261383,
            0.04173339903354645,
            0.830377995967865,
            0.007423750124871731,
            0.9850500226020813,
            -0.17210699617862701,
            0.008832979947328568,
            0.17204099893569946,
            0.9850500226020813
        ],
        [
            0.010427099652588367,
            0.13052499294281006,
            -0.3350139856338501,
            0.14098100364208221,
            0.04076619818806648,
            0.8044689893722534,
            0.00486352015286684,
            0.9759719967842102,
            -0.2178409993648529,
            0.006068659946322441,
            0.2178100049495697,
            0.9759719967842102
        ],
        [
            -0.40278300642967224,
            0.1316560059785843,
            -0.3314639925956726,
            0.8726549744606018,
            0.09736470133066177,
            0.07870209962129593,
            -0.014262599870562553,
            0.968563973903656,
            -0.24835500121116638,
            -0.12615400552749634,
            0.24465300142765045,
            0.961368978023529
        ]
    ],
    "ops": [
        [
            0,
            0,
            0,
            1,
            2,
            1,
            0,
            0,
            1,
            2,
            1,
            0,
            0,
            1,
            0,
            0,
            2,
            1,
            1,
            1
        ]
    ],
    "syms": [
        [
            0.0,
            0.9993979930877686,
            -0.027577100321650505,
            -0.02104569971561432,
            0.01251319982111454,
            -0.06648760288953781,
            0.1103539988398552,
            0.0
        ],
        [
            0.0,
            0.9997100234031677,
            -0.02175859920680523,
            -0.010295700281858444,
            0.00912453979253769,
            -0.4619959890842438,
            -0.31063100695610046,
            0.0
        ],
        [
            0.0,
            0.9999889731407166,
            -0.0015744799748063087,
            -0.004308110103011131,
            0.00768626993522048,
            0.1310099959373474,
            -0.33323198556900024,
            0.0
        ]
    ],
    "labels:": [
        [
            1,
            3,
            3,
            2,
            2,
            0,
            0,
            0,
            0
        ]
    ],
    "obj": 43785,
    "mat_index": 5502,
    "obbs": "N 14\n0.00961358 0.206948 -0.278709 0.99998 -0.0049207 -0.00390672 0.0049207 0.226731 0.973945 -0.00390672 -0.973945 0.226751 0.848026 0.137009 0.738194\n0.00413718 0.480863 -0.415618 0.999933 -0.00883298 -0.00742375 0.00883298 0.172041 0.98505 -0.00742375 -0.98505 0.172107 0.830378 0.0417334 0.138029\n0.470065 -0.0791131 0.100718 -0.000636511 -0.0530646 -0.998591 0.999998 0.00173798 -0.000729763 0.00177426 -0.99859 0.0530634 0.837581 0.0459669 0.449505\n-0.445039 -0.053862 0.119989 1 0 0 0 1 0 0 0 1 0.041855 0.43005 0.8189\n0.0121055 -0.173829 0.15689 1 0 0 0 1 0 0 0 1 0.888027 0.225772 0.902384\n0.418156 0.130364 -0.335001 0.147187 -0.220753 -0.96416 0.989108 0.0339365 0.143225 0.00110294 -0.974739 0.223343 0.0901795 0.078835 0.869977\n-0.402783 0.131656 -0.331464 0.126154 -0.244653 -0.961369 0.991908 0.0450428 0.118699 0.0142626 -0.968564 0.248355 0.0973647 0.0787021 0.872655\n0.511602 0.15056 0.0958376 0.9988 -0.0489389 0.00172399 0.0489389 0.996323 -0.0703254 0.00172399 0.0703254 0.997523 0.130518 0.0794826 0.955361\n-0.481485 0.148134 0.10125 0.995206 0.0977424 -0.00334421 -0.0977424 0.992873 -0.0681852 -0.00334421 0.0681852 0.997667 0.121858 0.0857369 0.955976\n0.0104271 0.130525 -0.335014 0.99997 -0.00606866 -0.00486352 0.00606866 0.21781 0.975972 -0.00486352 -0.975972 0.217841 0.804469 0.0407662 0.140981\n0.462957 -0.471874 -0.315305 -0.00520795 -0.963246 -0.268569 0.988236 0.0360938 -0.148617 0.152848 -0.266183 0.951727 0.398056 0.0403579 0.0685204\n0.468143 -0.45074 0.540972 0.000778437 0.975033 -0.222061 0.992724 -0.0274908 -0.117228 -0.120406 -0.220354 -0.96796 0.442555 0.0397896 0.072232\n-0.444708 -0.452119 -0.305957 -0.00887655 -0.96582 -0.259063 0.994073 -0.0365957 0.102372 -0.108354 -0.256619 0.96042 0.437988 0.0409431 0.0720612\n-0.439823 -0.445323 0.551289 -0.00418934 0.967075 -0.254457 0.994834 -0.0217793 -0.099152 -0.101429 -0.253558 -0.961988 0.450878 0.0374629 0.0728054\nC 43\n0 2\n0 7\n0 10\n0 3\n0 4\n0 12\n0 5\n0 8\n0 1\n0 6\n0 9\n1 6\n1 5\n1 9\n2 5\n2 9\n2 10\n2 7\n2 11\n2 4\n3 6\n3 13\n3 9\n3 12\n3 8\n3 4\n4 7\n4 8\n4 12\n4 9\n4 13\n4 10\n4 5\n4 11\n4 6\n5 9\n5 10\n5 7\n6 9\n6 12\n6 8\n7 9\n8 9\nS 5\n2\n2 0.470065 -0.0791131 0.100718\n3 -0.445039 -0.053862 0.119989\n2\n0.0125132 -0.0664876 0.110354\n-0.999398 0.0275771 0.0210457\n2\n5 0.418156 0.130364 -0.335001\n6 -0.402783 0.131656 -0.331464\n2\n0.00768627 0.13101 -0.333232\n-0.999989 0.00157448 0.00430811\n2\n7 0.511602 0.15056 0.0958376\n8 -0.481485 0.148134 0.10125\n2\n0.0150587 0.149347 0.098544\n-0.999982 -0.002443 0.00545046\n2\n10 0.462957 -0.471874 -0.315305\n12 -0.444708 -0.452119 -0.305957\n2\n0.00912454 -0.461996 -0.310631\n-0.99971 0.0217586 0.0102957\n2\n11 0.468143 -0.45074 0.540972\n13 -0.439823 -0.445323 0.551289\n2\n0.0141597 -0.448031 0.54613\n-0.999918 0.0059655 0.0113623\nL 14\n0\n0\n3\n3\n1\n0\n0\n3\n3\n0\n2\n2\n2\n2"
}