{
    "boxes": [
        [
            0.025134999305009842,
            0.036757998168468475,
            0.13468800485134125,
            0.14894600212574005,
            0.7447289824485779,
            0.7074919939041138,
            0.0,
            1.0,
            0.0,
            0.0,
            0.0,
            1.0
        ],
        [
            -0.3229599893093109,
            -0.07211239635944366,
            0.012813800014555454,
            0.03483609855175018,
            0.1141199991106987,
            0.18659700453281403,
            0.07900519669055939,
            0.9966229796409607,
            0.022398099303245544,
            -0.0008862779941409826,
            -0.022398099303245544,
            0.9997490048408508
        ],
        [
            0.3927290141582489,
            -0.051318299025297165,
            0.01462559960782528,
            0.06286720186471939,
            0.11437399685382843,
            0.19145900011062622,
            -0.14791899919509888,
            0.9885550141334534,
            -0.029651299118995667,
            -0.0022056300658732653,
            0.029651299118995667,
            0.9995579719543457
        ],
        [
            -0.4318549931049347,
            0.13217300176620483,
            0.027941599488258362,
            0.3908259868621826,
            0.12477900087833405,
            0.06213729828596115,
            -0.05728119984269142,
            0.9945440292358398,
            0.08718740195035934,
            0.02351910062134266,
            -0.08596230298280716,
            0.9960209727287292
        ],
        [
            -0.450888991355896,
            0.35172000527381897,
            0.05116749927401543,
            0.05585499852895737,
            0.37236300110816956,
            0.14894500374794006,
            0.0,
            1.0,
            0.0,
            0.0,
            0.0,
            1.0
        ],
        [
            0.10545600205659866,
            -0.6300259828567505,
            -0.16565600037574768,
            0.10437200218439102,
            0.45608100295066833,
            0.07449179887771606,
            0.07623229920864105,
            0.9964860081672668,
            0.03471300005912781,
            -0.31798601150512695,
            -0.008699620142579079,
            0.9480559825897217
        ],
        [
            0.16574600338935852,
            -0.723501980304718,
            -0.3436479866504669,
            0.09619800001382828,
            0.07988400012254715,
            0.093811996281147,
            0.0,
            1.0,
            0.0,
            0.0,
            0.0,
            1.0
        ],
        [
            -0.23610199987888336,
            -0.12167300283908844,
            0.15146200358867645,
            0.02536500059068203,
            0.03932899981737137,
            0.25517401099205017,
            0.0,
            1.0,
            0.0,
            0.0,
            0.0,
            1.0
        ],
        [
            -0.2342810034751892,
            -0.09155499935150146,
            0.26686498522758484,
            0.025366000831127167,
            0.039329998195171356,
            0.2588149905204773,
            0.0,
            1.0,
            0.0,
            0.0,
            0.0,
            1.0
        ],
        [
            -0.24112699925899506,
            -0.10527399927377701,
            -0.023989500477910042,
            0.025366000831127167,
            0.03933100029826164,
            0.2625010013580322,
            0.0,
            1.0,
            0.0,
            0.0,
            0.0,
            1.0
        ],
        [
            0.009702499955892563,
            -0.38780900835990906,
            0.12264300137758255,
            0.5811539888381958,
            0.22399500012397766,
            0.2198210060596466,
            0.0,
            1.0,
            0.0,
            0.0,
            0.0,
            1.0
        ],
        [
            0.01434670016169548,
            -0.14135399460792542,
            0.2761699855327606,
            0.0804670974612236,
            0.08919890224933624,
            0.08799690008163452,
            -0.04808669909834862,
            0.9422900080680847,
            -0.33132699131965637,
            -0.16834500432014465,
            0.3193199932575226,
            0.9325739741325378
        ],
        [
            0.022845100611448288,
            0.40838900208473206,
            -0.3295440077781677,
            0.9376819729804993,
            0.09701620042324066,
            0.7204099893569946,
            -0.00676706014201045,
            0.99064701795578,
            -0.13627900183200836,
            -0.007761499844491482,
            0.13622599840164185,
            0.99064701795578
        ]
    ],
    "ops": [
        [
            0,
            0,
            0,
            0,
            0,
            1,
            2,
            1,
            1,
            1,
            0,
            0,
            1,
            2,
            0,
            0,
            1,
            0,
            2,
            0,
            0,
            1,
            1,
            1,
            1,
            1,
            0,
            1
        ]
    ],
    "syms": [
        [
            0.0,
            0.9994630217552185,
            0.031873200088739395,
            0.007602959871292114,
            0.032343801110982895,
            0.1469770073890686,
            0.03147279843688011,
            0.0
        ],
        [
            -1.0,
            0.00029648400959558785,
            1.0,
            0.0007923829834908247,
            0.010231399908661842,
            -0.6301460266113281,
            0.13200800120830536,
            0.20000000298023224
        ],
        [
            0.0,
            0.11358699947595596,
            0.01631069928407669,
            0.9933940172195435,
            -0.23755300045013428,
            -0.10476099699735641,
            0.007269749883562326,
            0.0
        ]
    ],
    "labels:": [
        [
            1,
            3,
            3,
            3,
            3,
            2,
            2,
            2,
            2,
            2,
            2,
            2,
            0
        ]
    ],
    "obj": 43805,
    "mat_index": 5510,
    "obbs": "N 24\n0.0228451 0.408389 -0.329544 0.999947 0.0077615 0.00676706 -0.0077615 0.136226 0.990647 0.00676706 -0.990647 0.136279 0.72041 0.0970162 0.937682\n0.0097025 -0.387809 0.122643 1 0 0 0 1 0 0 0 1 0.219821 0.581154 0.223995\n0.392729 -0.0513183 0.0146256 0.988997 0.147919 -0.00220563 -0.147919 0.988555 -0.0296513 -0.00220563 0.0296513 0.999558 0.191459 0.0628672 0.114374\n-0.32296 -0.0721124 0.0128138 0.000886278 0.0223981 -0.999749 0.0790052 0.996623 0.0223981 0.996874 -0.0790052 -0.000886278 0.11412 0.0348361 0.186597\n0.025135 0.036758 0.134688 1 0 0 0 1 0 0 0 1 0.707492 0.148946 0.744729\n0.0143467 -0.141354 0.27617 0.168345 -0.31932 -0.932574 0.984555 0.100622 0.143275 0.0480867 -0.94229 0.331327 0.0891989 0.0879969 0.0804671\n0.496542 0.16178 0.035004 -0.052813 -0.988214 -0.14368 0.998593 -0.0515879 -0.0122408 0.00468432 -0.144124 0.989548 0.401645 0.0540694 0.123765\n-0.431855 0.132173 0.0279416 0.0572812 -0.994544 -0.0871874 0.998081 0.0591039 -0.0184668 0.0235191 -0.0859623 0.996021 0.390826 0.0621373 0.124779\n0.511628 0.38484 0.056459 1 0 0 0 1 0 0 0 1 0.148946 0.055855 0.372364\n-0.450889 0.35172 0.0511675 1 0 0 0 1 0 0 0 1 0.148945 0.055855 0.372363\n0.105456 -0.630026 -0.165656 0.0762323 0.996486 0.034713 0.945026 -0.0833107 0.316205 0.317986 0.00869962 -0.948056 0.104372 0.0744918 0.456081\n-0.23246 -0.629997 -0.0447627 -0.810965 0.00359756 -0.585083 -0.583134 0.0768249 0.808735 0.0478584 0.997038 -0.0602044 0.482188 0.0870654 0.102344\n0.321864 -0.630194 0.127125 1 0 0 0 1 0 0 0 1 0.451751 0.096385 0.062539\n0.0975873 -0.630349 0.427929 0.0416309 -0.999023 -0.0148621 0.950537 0.0441843 -0.307452 0.307809 -0.00132744 0.951447 0.0979231 0.0663167 0.45795\n-0.241291 -0.630163 0.315407 -0.00747101 0.999867 0.0145295 0.575996 -0.00757442 0.817418 0.817419 0.0144759 -0.575862 0.102551 0.0851534 0.457994\n-0.392097 -0.726326 0.432555 1 0 0 0 1 0 0 0 1 0.093812 0.096199 0.079884\n-0.407964 -0.724484 -0.177527 1 0 0 0 1 0 0 0 1 0.093812 0.096198 0.079884\n0.165746 -0.723502 -0.343648 1 0 0 0 1 0 0 0 1 0.093812 0.096198 0.079884\n0.484978 -0.718295 0.135605 1 0 0 0 1 0 0 0 1 0.093812 0.096198 0.079884\n0.150757 -0.728545 0.595658 1 0 0 0 1 0 0 0 1 0.093812 0.096198 0.079884\n-0.241127 -0.105274 -0.0239895 1 0 0 0 1 0 0 0 1 0.262501 0.025366 0.039331\n-0.233979 -0.104247 0.038529 1 0 0 0 1 0 0 0 1 0.25942 0.027877 0.038818\n-0.236102 -0.121673 0.151462 1 0 0 0 1 0 0 0 1 0.255174 0.025365 0.039329\n-0.234281 -0.091555 0.266865 1 0 0 0 1 0 0 0 1 0.258815 0.025366 0.03933\nC 69\n0 20\n0 7\n0 3\n0 21\n0 4\n0 8\n0 1\n0 6\n0 9\n0 2\n1 21\n1 3\n1 11\n1 20\n1 2\n1 14\n1 5\n1 10\n1 23\n1 13\n1 4\n1 22\n1 12\n2 4\n2 6\n3 21\n3 7\n3 20\n3 23\n3 22\n3 4\n4 7\n4 22\n4 9\n4 23\n4 5\n4 21\n4 20\n4 6\n5 23\n5 22\n5 21\n5 20\n6 8\n7 21\n7 20\n7 23\n7 22\n7 9\n10 11\n10 17\n10 12\n10 13\n10 14\n11 16\n11 14\n11 13\n11 12\n12 13\n12 14\n12 18\n13 19\n13 14\n14 15\n20 21\n20 22\n21 23\n21 22\n22 23\nS 5\n2\n6 0.496542 0.16178 0.035004\n7 -0.431855 0.132173 0.0279416\n2\n0.0323438 0.146977 0.0314728\n-0.999463 -0.0318732 -0.00760296\n2\n8 0.511628 0.38484 0.056459\n9 -0.450889 0.35172 0.0511675\n2\n0.0303692 0.368279 0.0538132\n-0.999393 -0.0343889 -0.00549423\n5\n14 -0.241291 -0.630163 0.315407\n11 -0.23246 -0.629997 -0.0447627\n10 0.105456 -0.630026 -0.165656\n12 0.321864 -0.630194 0.127125\n13 0.0975873 -0.630349 0.427929\n3\n0.0102314 -0.630146 0.132008\n-0.000296484 -1 -0.000792383\n5\n18 0.484978 -0.718295 0.135605\n19 0.150757 -0.728545 0.595658\n15 -0.392097 -0.726326 0.432555\n16 -0.407964 -0.724484 -0.177527\n17 0.165746 -0.723502 -0.343648\n3\n0.000284 -0.72423 0.128529\n0.00526652 -0.999976 -0.00444377\n2\n20 -0.241127 -0.105274 -0.0239895\n21 -0.233979 -0.104247 0.038529\n2\n-0.237553 -0.104761 0.00726975\n0.113587 0.0163107 0.993394\nL 24\n0\n2\n3\n3\n1\n2\n3\n3\n3\n3\n2\n2\n2\n2\n2\n2\n2\n2\n2\n2\n2\n2\n2\n2"
}