{
    "boxes": [
        [
            0.0035335200373083353,
            0.006928849965333939,
            0.06244700029492378,
            0.05749410018324852,
            0.7591599822044373,
            0.9948279857635498,
            -0.0002120139979524538,
            0.999705970287323,
            -0.024256600067019463,
            -2.5717499738675542e-06,
            0.024256600067019463,
            0.999705970287323
        ],
        [
            0.003981490153819323,
            -0.33462101221084595,
            -0.31954801082611084,
            0.047812700271606445,
            0.047780100256204605,
            0.7227349877357483,
            -5.683370090991957e-06,
            0.9999309778213501,
            -0.01174249965697527,
            -5.7505098993715364e-06,
            0.01174249965697527,
            0.9999309778213501
        ],
        [
            -0.4253079891204834,
            -0.24460899829864502,
            0.064621202647686,
            0.08947060257196426,
            0.7050390243530273,
            0.04117880016565323,
            0.04183660075068474,
            0.9991179704666138,
            0.0036984900943934917,
            -0.10383699834346771,
            0.0006662899977527559,
            0.9945939779281616
        ],
        [
            -0.40088599920272827,
            -0.3502359986305237,
            -0.32735100388526917,
            0.8781840205192566,
            0.08585269749164581,
            0.09248930215835571,
            0.07561890035867691,
            0.9810569882392883,
            0.1783509999513626,
            0.6445260047912598,
            -0.18456600606441498,
            0.741972029209137
        ],
        [
            0.005781000014394522,
            -0.1587110012769699,
            0.43338099122047424,
            0.04325300082564354,
            0.04547499865293503,
            0.8849359750747681,
            0.0,
            1.0,
            0.0,
            0.0,
            0.0,
            1.0
        ],
        [
            -0.4718640148639679,
            -0.3380129933357239,
            0.43734198808670044,
            0.8942859768867493,
            0.07396599650382996,
            0.07384859770536423,
            0.03251060098409653,
            0.9987559914588928,
            -0.03780579939484596,
            -0.5835850238800049,
            0.049677301198244095,
            0.8105310201644897
        ],
        [
            -0.410504013299942,
            -0.09503579884767532,
            -0.2377839982509613,
            1.4078500270843506,
            0.22254200279712677,
            0.07773689925670624,
            -0.0434442013502121,
            0.956309974193573,
            0.289110004901886,
            -0.5587649941444397,
            -0.2631480097770691,
            0.7864699959754944
        ],
        [
            0.004334949888288975,
            0.31126201152801514,
            -0.3848159909248352,
            0.6721770167350769,
            0.03754650056362152,
            0.2960050106048584,
            0.0012983999913558364,
            0.9625009894371033,
            -0.27127599716186523,
            0.001714930054731667,
            0.27127400040626526,
            0.9625009894371033
        ],
        [
            0.005419719964265823,
            0.6020609736442566,
            -0.1438020020723343,
            0.06324440240859985,
            0.7270349860191345,
            1.064620018005371,
            0.001870070002041757,
            0.9877200126647949,
            0.15622200071811676,
            -0.00014697499864269048,
            -0.15622200071811676,
            0.9877219796180725
        ]
    ],
    "ops": [
        [
            0,
            0,
            0,
            0,
            1,
            2,
            1,
            0,
            0,
            2,
            1,
            1,
            1,
            0,
            2,
            0,
            0,
            1,
            1,
            1
        ]
    ],
    "syms": [
        [
            0.0,
            1.0,
            -0.0004779539885930717,
            9.888459544526995e-07,
            0.0044679101556539536,
            -0.24481399357318878,
            0.064621701836586,
            0.0
        ],
        [
            0.0,
            0.999987006187439,
            8.812289888737723e-05,
            0.005076860077679157,
            0.000931782997213304,
            -0.3379710018634796,
            0.4397430121898651,
            0.0
        ],
        [
            0.0,
            1.0,
            7.680430280743167e-05,
            0.00046661499072797596,
            0.0036903899163007736,
            -0.09500399976968765,
            -0.2375909984111786,
            0.0
        ]
    ],
    "labels:": [
        [
            1,
            2,
            2,
            2,
            2,
            2,
            0,
            0,
            0
        ]
    ],
    "obj": 43816,
    "mat_index": 5515,
    "obbs": "N 13\n0.00433495 0.311262 -0.384816 0.999998 -0.00171493 -0.0012984 0.00171493 0.271274 0.962501 -0.0012984 -0.962501 0.271276 0.296005 0.0375465 0.672177\n0.00541972 0.602061 -0.143802 0.999998 -0.00187007 -0.000146975 0.00187007 0.98772 0.156222 -0.000146975 -0.156222 0.987722 1.06462 0.0632444 0.727035\n0.00353352 0.00692885 0.062447 1 0.000212014 -2.57175e-06 -0.000212014 0.999706 -0.0242566 -2.57175e-06 0.0242566 0.999706 0.994828 0.0574941 0.75916\n0.417885 -0.0949722 -0.237398 -0.0419241 -0.955786 -0.29106 0.83722 0.125375 -0.5323 0.545257 -0.265997 0.794947 1.40816 0.0778419 0.219564\n-0.410504 -0.0950358 -0.237784 0.558765 0.263148 -0.78647 0.828187 -0.127377 0.545785 0.0434442 -0.95631 -0.28911 0.222542 0.0777369 1.40785\n0.00398149 -0.334621 -0.319548 -5.68337e-06 0.999931 -0.0117425 -5.75051e-06 0.0117425 0.999931 1 5.75051e-06 5.68337e-06 0.0478127 0.0477801 0.722735\n0.434244 -0.24502 0.0646221 0.0263388 -0.999648 -0.00326348 0.994224 0.0265354 -0.103989 0.104039 -0.00050569 0.994573 0.0894689 0.0405657 0.705079\n0.005781 -0.158711 0.433381 1 0 0 0 1 0 0 0 1 0.884936 0.043253 0.045475\n-0.425308 -0.244609 0.0646212 0.0418366 0.999118 0.00369849 0.993714 -0.0419944 0.103774 0.103837 -0.00066629 -0.994594 0.0894706 0.0411788 0.705039\n-0.400886 -0.350236 -0.327351 -0.0756189 -0.981057 -0.178351 0.760834 0.0588449 -0.646273 0.644526 -0.184566 0.741972 0.878184 0.0924893 0.0858527\n0.407926 -0.345642 -0.324783 -0.0717863 0.98225 0.173295 0.728377 -0.0670706 0.681885 0.681405 0.175174 -0.710634 0.888144 0.0928044 0.0840932\n0.473727 -0.33793 0.442143 0.882672 -0.0186318 -0.46962 0.469932 0.0505598 0.881253 0.00732458 -0.998547 0.0533834 0.0810301 0.0725531 0.894089\n-0.471864 -0.338013 0.437342 -0.811401 0.00428798 -0.584474 -0.583585 0.0496773 0.810531 0.0325106 0.998756 -0.0378058 0.0738486 0.073966 0.894286\nC 35\n0 2\n0 10\n0 3\n0 4\n0 1\n0 9\n1 3\n1 4\n2 8\n2 12\n2 9\n2 6\n2 10\n2 3\n2 7\n2 11\n2 4\n3 10\n3 6\n3 5\n4 8\n4 9\n4 5\n5 9\n5 6\n5 8\n5 10\n6 7\n6 10\n6 11\n7 12\n7 11\n7 8\n8 9\n8 12\nS 4\n2\n3 0.417885 -0.0949722 -0.237398\n4 -0.410504 -0.0950358 -0.237784\n2\n0.00369039 -0.095004 -0.237591\n-1 -7.68043e-05 -0.000466615\n2\n6 0.434244 -0.24502 0.0646221\n8 -0.425308 -0.244609 0.0646212\n2\n0.00446791 -0.244814 0.0646217\n-1 0.000477954 -9.88846e-07\n2\n9 -0.400886 -0.350236 -0.327351\n10 0.407926 -0.345642 -0.324783\n2\n0.00351998 -0.347939 -0.326067\n0.999979 0.00567929 0.00317489\n2\n11 0.473727 -0.33793 0.442143\n12 -0.471864 -0.338013 0.437342\n2\n0.000931783 -0.337971 0.439743\n-0.999987 -8.81229e-05 -0.00507686\nL 13\n0\n0\n1\n0\n0\n2\n2\n2\n2\n2\n2\n2\n2"
}