{
    "boxes": [
        [
            0.005943050142377615,
            0.3092080056667328,
            0.13844400644302368,
            0.1229109987616539,
            0.713919997215271,
            0.306208997964859,
            -0.0004230150079820305,
            0.9998859763145447,
            0.015114200301468372,
            3.1969500469131162e-06,
            -0.015114200301468372,
            0.9998859763145447
        ],
        [
            0.08599419891834259,
            -0.6971110105514526,
            -0.14559100568294525,
            0.035823799669742584,
            0.4682750105857849,
            0.06856460124254227,
            0.04054940119385719,
            0.9747620224952698,
            -0.21953299641609192,
            -0.3044719994068146,
            0.22131800651550293,
            0.9264529943466187
        ],
        [
            0.005798500031232834,
            -0.2904439866542816,
            0.10344400256872177,
            0.8642879724502563,
            0.09203799813985825,
            0.09203699976205826,
            0.0,
            1.0,
            0.0,
            0.0,
            0.0,
            1.0
        ],
        [
            0.006034609861671925,
            0.1547289937734604,
            0.2583540081977844,
            0.016679000109434128,
            0.3115270137786865,
            0.016588399186730385,
            0.610031008720398,
            0.7923780083656311,
            -0.00015134700515773147,
            5.151060031494126e-05,
            0.00015134700515773147,
            1.0
        ],
        [
            0.005840499885380268,
            0.4874640107154846,
            -0.2684189975261688,
            0.49477601051330566,
            0.15384100377559662,
            0.4225830137729645,
            0.0,
            1.0,
            0.0,
            0.0,
            0.0,
            1.0
        ]
    ],
    "ops": [
        [
            0,
            0,
            2,
            0,
            0,
            1,
            1,
            1,
            0,
            1
        ]
    ],
    "syms": [
        [
            -1.0,
            -6.398629921022803e-06,
            1.0,
            1.2759700439346489e-05,
            0.005840369965881109,
            -0.6971139907836914,
            0.10297799855470657,
            0.20000000298023224
        ]
    ],
    "labels:": [
        [
            1,
            2,
            2,
            2,
            0
        ]
    ],
    "obj": 43839,
    "mat_index": 5526,
    "obbs": "N 9\n0.0058405 0.487464 -0.268419 1 0 0 0 1 0 0 0 1 0.422583 0.494776 0.153841\n0.0859942 -0.697111 -0.145591 0.304472 -0.221318 -0.926453 0.0405494 0.974762 -0.219533 0.951658 0.0292746 0.305763 0.468275 0.0358238 0.0685646\n0.267015 -0.697109 0.102397 0.975165 -0.221452 0.00340257 0.221452 0.974699 -0.0303408 0.00340257 0.0303408 0.999534 0.468284 0.0358912 0.068611\n0.0870977 -0.697121 0.351187 0.949994 -0.0232168 -0.311403 0.090372 0.974998 0.203005 0.298905 -0.220996 0.928341 0.0682935 0.0356471 0.468233\n-0.205111 -0.697113 0.256963 -0.590062 0.0276209 -0.806885 -0.162798 0.974815 0.152421 0.790774 0.221297 -0.570705 0.0684903 0.0358064 0.468264\n-0.205795 -0.697115 -0.0500643 0.585011 0.02805 -0.81054 -0.195297 0.974866 -0.10722 0.78716 0.221021 0.575786 0.0685119 0.0356798 0.468263\n0.0057985 -0.290444 0.103444 1 0 0 0 1 0 0 0 1 0.092037 0.864288 0.092038\n0.00594305 0.309208 0.138444 -3.19695e-06 0.0151142 -0.999886 -0.000423015 0.999886 0.0151142 1 0.000423015 3.19695e-06 0.71392 0.122911 0.306209\n0.00603461 0.154729 0.258354 0.792378 -0.610031 5.15106e-05 0.610031 0.792378 -0.000151347 5.15106e-05 0.000151347 1 0.0165884 0.016679 0.311527\nC 19\n0 7\n1 2\n1 3\n1 4\n1 5\n1 6\n2 6\n2 3\n2 5\n2 4\n3 6\n3 4\n3 5\n4 6\n4 5\n5 6\n6 8\n6 7\n7 8\nS 1\n5\n4 -0.205111 -0.697113 0.256963\n5 -0.205795 -0.697115 -0.0500643\n1 0.0859942 -0.697111 -0.145591\n2 0.267015 -0.697109 0.102397\n3 0.0870977 -0.697121 0.351187\n3\n0.00584037 -0.697114 0.102978\n6.39863e-06 -1 -1.27597e-05\nL 9\n0\n2\n2\n2\n2\n2\n2\n1\n2"
}