{
    "boxes": [
        [
            0.0028215700294822454,
            0.15476199984550476,
            0.13693900406360626,
            0.15952500700950623,
            0.7095109820365906,
            0.6728540062904358,
            -0.0011594300158321857,
            0.9939460158348083,
            -0.10986299812793732,
            -6.388290057657287e-05,
            0.10986299812793732,
            0.9939470291137695
        ],
        [
            0.0027540000155568123,
            -0.43450799584388733,
            -0.5898699760437012,
            0.014630000106990337,
            0.0146289998665452,
            0.6615660190582275,
            0.0,
            1.0,
            7.070730177576035e-14,
            0.0,
            -7.070730177576035e-14,
            1.0
        ],
        [
            0.0027534998953342438,
            -0.4010390043258667,
            0.7481849789619446,
            0.05720299854874611,
            0.0146289998665452,
            0.4849349856376648,
            0.0,
            1.0,
            0.0,
            0.0,
            0.0,
            1.0
        ],
        [
            -0.2555040121078491,
            -0.1838269978761673,
            -0.21398599445819855,
            0.576108992099762,
            0.061418499797582626,
            0.058907900005578995,
            0.1674560010433197,
            0.9711400270462036,
            0.16983899474143982,
            0.5266379714012146,
            -0.23374700546264648,
            0.8173210024833679
        ],
        [
            0.2610119879245758,
            -0.1838269978761673,
            -0.21398599445819855,
            0.5758439898490906,
            0.05864790081977844,
            0.058897700160741806,
            -0.17165599763393402,
            0.9696919918060303,
            0.1738719940185547,
            0.030992399901151657,
            -0.17108899354934692,
            0.9847679734230042
        ],
        [
            -0.28575199842453003,
            -0.45974600315093994,
            0.02108919993042946,
            0.12252099812030792,
            1.7559499740600586,
            0.11611700057983398,
            0.21328899264335632,
            0.9769110083580017,
            0.012359599582850933,
            0.07002809643745422,
            -0.027904899790883064,
            0.9971550107002258
        ],
        [
            -0.2280309945344925,
            -0.1769620031118393,
            0.40531298518180847,
            0.5879070162773132,
            0.05942549929022789,
            0.05844460055232048,
            0.08670330047607422,
            0.9807010293006897,
            -0.17523899674415588,
            -0.5502570271492004,
            0.19377799332141876,
            0.8121989965438843
        ],
        [
            0.003088539931923151,
            0.4543139934539795,
            -0.1809619963169098,
            0.7696899771690369,
            0.20420299470424652,
            0.5463340282440186,
            0.00856029987335205,
            0.9987419843673706,
            -0.049400098621845245,
            0.008993829600512981,
            0.04932300001382828,
            0.9987419843673706
        ]
    ],
    "ops": [
        [
            0,
            0,
            2,
            0,
            0,
            0,
            0,
            0,
            1,
            2,
            1,
            1,
            1,
            1,
            1,
            0,
            1
        ]
    ],
    "syms": [
        [
            0.0,
            -7.433570203829731e-07,
            -0.10237900167703629,
            0.9947450160980225,
            0.002753749955445528,
            -0.46893900632858276,
            -0.25532498955726624,
            0.0
        ],
        [
            0.0,
            0.9999780058860779,
            -0.006615519989281893,
            0.0003735309874173254,
            0.002421050099655986,
            -0.461652010679245,
            0.021196799352765083,
            0.0
        ]
    ],
    "labels:": [
        [
            1,
            2,
            2,
            2,
            2,
            2,
            2,
            0
        ]
    ],
    "obj": 43850,
    "mat_index": 5532,
    "obbs": "N 11\n0.00308854 0.454314 -0.180962 0.999923 -0.00899383 -0.0085603 0.00899383 0.049323 0.998742 -0.0085603 -0.998742 0.0494001 0.546334 0.204203 0.76969\n0.290595 -0.463559 0.0213045 -0.0603333 0.998043 0.0164465 0.995588 0.0589823 0.0729823 0.0718694 0.0207772 -0.997198 0.112598 0.105971 1.75601\n-0.285752 -0.459746 0.0210892 -0.213289 -0.976911 -0.0123596 0.974476 -0.211816 -0.074363 0.0700281 -0.0279049 0.997155 0.122521 0.116117 1.75595\n0.00282157 0.154762 0.136939 0.999999 0.00115943 -6.38829e-05 -0.00115943 0.993946 -0.109863 -6.38829e-05 0.109863 0.993947 0.672854 0.159525 0.709511\n0.261012 -0.183827 -0.213986 0.984669 0.17443 -0.000684742 0.0309924 -0.171089 0.984768 0.171656 -0.969692 -0.173872 0.0588977 0.0586479 0.575844\n0.233538 -0.176962 0.405313 0.0900731 -0.980206 0.176302 0.895569 0.00227192 -0.444916 0.435709 0.197966 0.878047 0.588088 0.0599665 0.0609813\n-0.228031 -0.176962 0.405313 0.550257 -0.193778 -0.812199 0.830482 0.0260062 0.556438 -0.0867033 -0.980701 0.175239 0.0594255 0.0584446 0.587907\n-0.255504 -0.183827 -0.213986 0.167456 0.97114 0.169839 0.526638 -0.233747 0.817321 0.833433 -0.0474215 -0.550582 0.576109 0.0614185 0.0589079\n0.002754 -0.434508 -0.58987 1 0 0 0 1 7.07073e-14 0 -7.07073e-14 1 0.661566 0.01463 0.014629\n0.0027535 -0.503371 0.0792195 1 0 0 0 1.66173e-05 1 0 -1 1.66173e-05 0.565927 0.014629 0.014629\n0.0027535 -0.401039 0.748185 1 0 0 0 1 0 0 0 1 0.484935 0.057203 0.014629\nC 17\n0 7\n0 4\n0 3\n1 4\n1 5\n1 8\n1 9\n1 10\n2 7\n2 6\n2 9\n2 8\n2 10\n3 6\n3 7\n3 4\n3 5\nS 3\n2\n1 0.290595 -0.463559 0.0213045\n2 -0.285752 -0.459746 0.0210892\n2\n0.00242105 -0.461652 0.0211968\n-0.999978 0.00661552 -0.000373531\n2\n5 0.233538 -0.176962 0.405313\n6 -0.228031 -0.176962 0.405313\n2\n0.00275387 -0.176962 0.405313\n-1 2.11918e-08 9.32217e-07\n2\n8 0.002754 -0.434508 -0.58987\n9 0.0027535 -0.503371 0.0792195\n2\n0.00275375 -0.468939 -0.255325\n-7.43357e-07 -0.102379 0.994745\nL 11\n0\n2\n2\n1\n2\n2\n2\n2\n2\n2\n2"
}