{
    "boxes": [
        [
            0.022293999791145325,
            0.05542000010609627,
            0.22949999570846558,
            0.05702760070562363,
            0.6628860235214233,
            1.1824899911880493,
            0.004505310207605362,
            0.9957029819488525,
            -0.09249290078878403,
            0.05254390090703964,
            0.09213030338287354,
            0.9943600296974182
        ],
        [
            0.5037980079650879,
            0.26371198892593384,
            0.030763300135731697,
            0.07976509630680084,
            0.8435570001602173,
            0.2731960117816925,
            -0.023083899170160294,
            0.9997209906578064,
            0.005026990082114935,
            0.3089900016784668,
            0.002352359937503934,
            0.951062023639679
        ],
        [
            0.03745650127530098,
            -0.15863800048828125,
            0.032092999666929245,
            0.9304599761962891,
            1.158120036125183,
            1.1031099557876587,
            0.0,
            1.0,
            0.0,
            0.0,
            0.0,
            1.0
        ],
        [
            -0.028267700225114822,
            0.2336300015449524,
            -0.27353501319885254,
            1.1712100505828857,
            0.052462998777627945,
            1.1446499824523926,
            -0.03564960137009621,
            0.899582028388977,
            -0.4352949857711792,
            0.026641400530934334,
            0.4362730085849762,
            0.8994200229644775
        ]
    ],
    "ops": [
        [
            0,
            0,
            2,
            1,
            0,
            1,
            0,
            1
        ]
    ],
    "syms": [
        [
            0.0,
            0.9984059929847717,
            0.012890299782156944,
            -0.0549422986805439,
            0.009055599570274353,
            0.2573240101337433,
            0.05798900127410889,
            0.0
        ]
    ],
    "labels:": [
        [
            1,
            3,
            2,
            0
        ]
    ],
    "obj": 43853,
    "mat_index": 5533,
    "obbs": "N 5\n-0.0282677 0.23363 -0.273535 0.999009 0.0204671 -0.0395191 0.0266414 0.436273 0.89942 0.0356496 -0.899582 0.435295 1.14465 0.052463 1.17121\n0.503798 0.263712 0.0307633 0.950785 0.0235075 -0.308958 -0.0230839 0.999721 0.00502699 0.30899 0.00235236 0.951062 0.273196 0.0797651 0.843557\n-0.485687 0.250937 0.0852146 -0.978147 0.00286083 -0.207896 0.000541961 0.999937 0.0112101 0.207915 0.0108524 -0.978087 0.271824 0.116474 0.805171\n0.022294 0.05542 0.2295 -0.0525439 -0.0921303 -0.99436 0.00450531 0.995703 -0.0924929 0.998608 -0.00933984 -0.0519031 0.662886 0.0570276 1.18249\n0.0374565 -0.158638 0.032093 1 0 0 0 1 0 0 0 1 1.10311 0.93046 1.15812\nC 9\n0 1\n0 4\n0 3\n0 2\n1 3\n1 4\n2 4\n2 3\n3 4\nS 1\n2\n1 0.503798 0.263712 0.0307633\n2 -0.485687 0.250937 0.0852146\n2\n0.0090556 0.257324 0.057989\n-0.998406 -0.0128903 0.0549423\nL 5\n0\n3\n3\n1\n2"
}