{
    "boxes": [
        [
            0.015812499448657036,
            -0.12334399670362473,
            0.07753250002861023,
            0.08738499879837036,
            0.7937989830970764,
            0.6990730166435242,
            0.0,
            1.0,
            0.0,
            0.0,
            0.0,
            1.0
        ],
        [
            -0.2986690104007721,
            -0.5162670016288757,
            -0.1862100064754486,
            0.7013520002365112,
            0.069684699177742,
            0.06968849897384644,
            0.024714399129152298,
            0.9993810057640076,
            0.025051500648260117,
            0.07502859830856323,
            -0.026842700317502022,
            0.9968199729919434
        ],
        [
            -0.298675000667572,
            -0.5162659883499146,
            0.42198699712753296,
            0.7013530135154724,
            0.06968460232019424,
            0.06968840211629868,
            0.024731600657105446,
            0.9993799924850464,
            0.025049900636076927,
            0.07504530251026154,
            -0.02684280090034008,
            0.996819019317627
        ],
        [
            -0.013081200420856476,
            0.5933570265769958,
            -0.16403600573539734,
            0.1052670031785965,
            0.25196200609207153,
            0.9128779768943787,
            -0.0012431299546733499,
            0.9999989867210388,
            -0.00025382600142620504,
            0.05233579874038696,
            0.0003185379900969565,
            0.9986289739608765
        ],
        [
            0.015429999679327011,
            0.26988399028778076,
            -0.2478030025959015,
            0.6990730166435242,
            0.0696059986948967,
            0.0696059986948967,
            0.0,
            1.0,
            0.0,
            0.0,
            0.0,
            1.0
        ],
        [
            -0.23446400463581085,
            0.26988399028778076,
            -0.19188599288463593,
            0.6990730166435242,
            0.06990599632263184,
            0.06990599632263184,
            0.0,
            1.0,
            0.0,
            0.0,
            0.0,
            1.0
        ],
        [
            -0.11704400181770325,
            0.26988399028778076,
            -0.23015199601650238,
            0.6990730166435242,
            0.06960699707269669,
            0.06960699707269669,
            0.0,
            1.0,
            0.0,
            0.0,
            0.0,
            1.0
        ]
    ],
    "ops": [
        [
            0,
            0,
            0,
            1,
            2,
            1,
            0,
            0,
            1,
            0,
            0,
            1,
            2,
            1,
            1
        ]
    ],
    "syms": [
        [
            0.0,
            1.0,
            -3.4164700082328636e-06,
            -6.7267501435708255e-06,
            0.007202589884400368,
            -0.5162680149078369,
            -0.18621200323104858,
            0.0
        ],
        [
            0.0,
            0.9999499917030334,
            0.0,
            0.010011199861764908,
            0.020537499338388443,
            0.26988399028778076,
            -0.1893330067396164,
            0.0
        ]
    ],
    "labels:": [
        [
            1,
            2,
            2,
            0,
            0,
            0,
            0
        ]
    ],
    "obj": 43872,
    "mat_index": 5540,
    "obbs": "N 11\n-0.0130812 0.593357 -0.164036 0.998629 0.00122814 -0.0523361 -0.00124313 0.999999 -0.000253826 0.0523358 0.000318538 0.998629 0.912878 0.105267 0.251962\n0.0158125 -0.123344 0.0775325 1 0 0 0 1 0 0 0 1 0.699073 0.087385 0.793799\n0.275539 0.269884 -0.18678 1 0 0 0 1 0 0 0 1 0.069674 0.699073 0.069674\n0.152973 0.269884 -0.228579 1 0 0 0 1 0 0 0 1 0.069607 0.699073 0.069607\n0.01543 0.269884 -0.247803 1 0 0 0 1 0 0 0 1 0.069606 0.699073 0.069606\n-0.117044 0.269884 -0.230152 1 0 0 0 1 0 0 0 1 0.069607 0.699073 0.069607\n-0.234464 0.269884 -0.191886 1 0 0 0 1 0 0 0 1 0.069906 0.699073 0.069906\n-0.298669 -0.516267 -0.18621 0.996875 -0.0227562 -0.0756455 0.0750286 -0.0268427 0.99682 -0.0247144 -0.999381 -0.0250515 0.0696885 0.0696847 0.701352\n0.313074 -0.516269 -0.186214 0.99689 -0.0226069 -0.0754927 0.0748796 -0.0268393 0.996831 -0.0245614 -0.999384 -0.0250631 0.0696906 0.0696855 0.701347\n0.313068 -0.516269 0.421983 0.996888 -0.0226236 -0.0755098 0.0748963 -0.0268394 0.99683 -0.0245785 -0.999384 -0.0250615 0.0696905 0.0696854 0.701348\n-0.298675 -0.516266 0.421987 0.996873 -0.022773 -0.0756627 0.0750453 -0.0268428 0.996819 -0.0247316 -0.99938 -0.0250499 0.0696884 0.0696846 0.701353\nC 25\n0 2\n0 3\n0 4\n0 5\n0 6\n1 3\n1 6\n1 2\n1 5\n1 10\n1 4\n1 9\n1 8\n1 7\n2 8\n2 3\n2 4\n3 5\n3 8\n3 4\n4 5\n4 6\n5 6\n5 7\n6 7\nS 4\n2\n6 -0.234464 0.269884 -0.191886\n2 0.275539 0.269884 -0.18678\n2\n0.0205375 0.269884 -0.189333\n0.99995 0 0.0100112\n2\n5 -0.117044 0.269884 -0.230152\n3 0.152973 0.269884 -0.228579\n2\n0.017964 0.269884 -0.229365\n0.999983 0 0.00582546\n2\n7 -0.298669 -0.516267 -0.18621\n8 0.313074 -0.516269 -0.186214\n2\n0.00720259 -0.516268 -0.186212\n1 -3.41647e-06 -6.72675e-06\n2\n9 0.313068 -0.516269 0.421983\n10 -0.298675 -0.516266 0.421987\n2\n0.00719667 -0.516267 0.421985\n-1 3.42094e-06 6.73285e-06\nL 11\n0\n1\n0\n0\n0\n0\n0\n2\n2\n2\n2"
}