{
    "boxes": [
        [
            2.5809100407059304e-05,
            -0.07014890015125275,
            0.13590200245380402,
            0.10368199646472931,
            0.7546049952507019,
            0.9146460294723511,
            0.004821680020540953,
            0.9974079728126526,
            -0.07179220020771027,
            0.00017330399714410305,
            0.07179220020771027,
            0.9974200129508972
        ],
        [
            0.009120499715209007,
            -0.7472500205039978,
            -0.2247299998998642,
            0.0303569994866848,
            0.05748099833726883,
            0.824882984161377,
            0.0,
            1.0,
            0.0,
            0.0,
            0.0,
            1.0
        ],
        [
            -0.4281269907951355,
            -0.3980180025100708,
            0.5023120045661926,
            0.7110599875450134,
            0.051614999771118164,
            0.03303400054574013,
            0.0,
            1.0,
            0.0,
            0.0,
            0.0,
            1.0
        ],
        [
            -0.41278699040412903,
            -0.7395190000534058,
            0.13032299280166626,
            0.04528199881315231,
            0.7255460023880005,
            0.06252899765968323,
            0.0,
            1.0,
            0.0,
            0.0,
            0.0,
            1.0
        ],
        [
            -2.4500299332430586e-05,
            0.341823011636734,
            -0.3097360134124756,
            0.6327279806137085,
            0.07980989664793015,
            0.9141809940338135,
            -2.4512800678166968e-08,
            0.9890379905700684,
            -0.1476610004901886,
            -2.8444199884347654e-08,
            0.1476610004901886,
            0.9890379905700684
        ],
        [
            -0.43187201023101807,
            0.2806749939918518,
            -0.2963060140609741,
            0.7699970006942749,
            0.05598349869251251,
            0.03598789870738983,
            -0.009419010020792484,
            0.9835469722747803,
            -0.18040600419044495,
            0.23103299736976624,
            0.17767399549484253,
            0.9565860033035278
        ]
    ],
    "ops": [
        [
            0,
            0,
            0,
            0,
            1,
            2,
            1,
            1,
            0,
            0,
            2,
            1,
            1
        ]
    ],
    "syms": [
        [
            0.0,
            0.9999269843101501,
            0.012059099972248077,
            -0.0010163099505007267,
            -0.00014025000564288348,
            -0.39285600185394287,
            0.5018770098686218,
            0.0
        ],
        [
            0.0,
            0.9999930262565613,
            -0.0029071499593555927,
            -0.0022667599841952324,
            -0.0013356800191104412,
            0.2794240117073059,
            -0.2972809970378876,
            0.0
        ]
    ],
    "labels:": [
        [
            1,
            2,
            2,
            2,
            0,
            0
        ]
    ],
    "obj": 43877,
    "mat_index": 5543,
    "obbs": "N 9\n-2.45003e-05 0.341823 -0.309736 -2.45128e-08 0.989038 -0.147661 -2.84442e-08 0.147661 0.989038 1 2.84442e-08 2.45128e-08 0.632728 0.0798099 0.914181\n2.58091e-05 -0.0701489 0.135902 0.999988 -0.00482168 0.000173304 0.00482168 0.997408 -0.0717922 0.000173304 0.0717922 0.99742 0.914646 0.103682 0.754605\n-0.431872 0.280675 -0.296306 0.00941901 -0.983547 0.180406 0.9729 -0.0326697 -0.228905 0.231033 0.177674 0.956586 0.769997 0.0359879 0.0559835\n0.429201 0.278172 -0.298257 0.0735623 -0.187624 -0.979482 0.997283 0.0100286 0.0729782 -0.00386967 -0.98219 0.187852 0.0579085 0.0339487 0.773911\n0.427847 -0.387695 0.501441 1 0 0 0 1 0 0 0 1 0.033289 0.714308 0.053689\n-0.428127 -0.398018 0.502312 1 0 0 0 1 0 0 0 1 0.033034 0.71106 0.051615\n0.414441 -0.73875 0.138493 1 0 0 0 1 0 0 0 1 0.060316 0.047148 0.724633\n0.0091205 -0.74725 -0.22473 1 0 0 0 1 0 0 0 1 0.824883 0.030357 0.057481\n-0.412787 -0.739519 0.130323 1 0 0 0 1 0 0 0 1 0.062529 0.045282 0.725546\nC 11\n0 1\n0 3\n0 2\n1 2\n1 3\n1 4\n1 5\n4 6\n5 8\n6 7\n7 8\nS 3\n2\n2 -0.431872 0.280675 -0.296306\n3 0.429201 0.278172 -0.298257\n2\n-0.00133568 0.279424 -0.297281\n0.999993 -0.00290715 -0.00226676\n2\n4 0.427847 -0.387695 0.501441\n5 -0.428127 -0.398018 0.502312\n2\n-0.00014025 -0.392856 0.501877\n-0.999927 -0.0120591 0.00101631\n2\n6 0.414441 -0.73875 0.138493\n8 -0.412787 -0.739519 0.130323\n2\n0.00082675 -0.739135 0.134408\n-0.999951 -0.000929564 -0.00987647\nL 9\n0\n1\n0\n0\n2\n2\n2\n2\n2"
}