{
    "boxes": [
        [
            0.003594999900087714,
            0.07336290180683136,
            0.06402160227298737,
            0.045009300112724304,
            0.7828050255775452,
            0.7890719771385193,
            2.097399942613265e-08,
            0.999081015586853,
            -0.04285220056772232,
            4.4959799772037456e-10,
            0.04285220056772232,
            0.999081015586853
        ],
        [
            0.006817500106990337,
            -0.2184929996728897,
            0.4055370092391968,
            0.06866200268268585,
            0.026525000110268593,
            0.7423869967460632,
            0.0,
            1.0,
            0.0,
            0.0,
            0.0,
            1.0
        ],
        [
            -0.38024601340293884,
            -0.3427889943122864,
            0.4171200096607208,
            0.9010949730873108,
            0.08193250000476837,
            0.05477359890937805,
            0.0007770020165480673,
            0.99754399061203,
            -0.07004529982805252,
            0.173225998878479,
            0.06885209679603577,
            0.9824730157852173
        ],
        [
            -0.3536350131034851,
            -0.3359990119934082,
            0.026857299730181694,
            0.07427559792995453,
            0.7289490103721619,
            0.02397019974887371,
            0.008835320360958576,
            0.9998769760131836,
            -0.012950699776411057,
            -0.09078100323677063,
            0.01369979977607727,
            0.9957770109176636
        ],
        [
            -0.35478198528289795,
            -0.12386000156402588,
            0.030416900292038918,
            0.06408960372209549,
            0.6920440196990967,
            0.023859599605202675,
            -0.01766889914870262,
            0.9980159997940063,
            -0.060423899441957474,
            -0.0996984988451004,
            0.058373499661684036,
            0.9933040142059326
        ],
        [
            0.0035945000126957893,
            -0.2502630054950714,
            -0.3493900001049042,
            0.060242898762226105,
            0.012161199934780598,
            0.6168670058250427,
            -1.2980399866080461e-08,
            0.9958289861679077,
            0.09123989939689636,
            -1.1845499692242356e-08,
            -0.09123989939689636,
            0.9958289861679077
        ],
        [
            -0.3146109879016876,
            -0.3745189905166626,
            -0.36159199476242065,
            0.8448060154914856,
            0.09141390025615692,
            0.040619101375341415,
            -0.0027403400745242834,
            0.9935839772224426,
            0.11305899918079376,
            0.044589199125766754,
            -0.11282599717378616,
            0.9926139712333679
        ],
        [
            0.0035325000062584877,
            0.48734501004219055,
            -0.2980380058288574,
            0.06934700161218643,
            0.059783998876810074,
            0.6321589946746826,
            0.0,
            1.0,
            0.0,
            0.0,
            0.0,
            1.0
        ],
        [
            -0.002389499917626381,
            0.8343139886856079,
            -0.37547799944877625,
            0.07736899703741074,
            0.0643720030784607,
            0.6531209945678711,
            0.0,
            1.0,
            0.0,
            0.0,
            0.0,
            1.0
        ],
        [
            -0.3176090121269226,
            0.44694599509239197,
            -0.3185259997844696,
            0.8623359799385071,
            0.1301089972257614,
            0.056075699627399445,
            -0.022219600155949593,
            0.9997509717941284,
            -0.0022121299989521503,
            0.1620199978351593,
            0.005784329958260059,
            0.98676997423172
        ]
    ],
    "ops": [
        [
            0,
            0,
            0,
            2,
            1,
            0,
            0,
            1,
            2,
            0,
            0,
            2,
            1,
            1,
            1,
            1,
            0,
            0,
            0,
            2,
            1,
            1,
            1
        ]
    ],
    "syms": [
        [
            0.0,
            0.9999819993972778,
            -0.0001806499931262806,
            -0.005995499901473522,
            0.003847959917038679,
            -0.3428579866886139,
            0.4148170053958893,
            0.0
        ],
        [
            0.0,
            0.9999589920043945,
            0.006044620182365179,
            -0.006724540144205093,
            0.0032316800206899643,
            -0.333842009305954,
            0.024457499384880066,
            0.0
        ],
        [
            0.0,
            0.9996399879455566,
            0.026220999658107758,
            0.005754929967224598,
            0.004271809943020344,
            -0.3661549985408783,
            -0.3597559928894043,
            0.0
        ],
        [
            0.0,
            0.999534010887146,
            0.030518600717186928,
            0.00046046500210650265,
            -8.147049811668694e-06,
            0.4566429853439331,
            -0.3183799982070923,
            0.0
        ]
    ],
    "labels:": [
        [
            1,
            2,
            2,
            2,
            2,
            2,
            2,
            0,
            0,
            0
        ]
    ],
    "obj": 43887,
    "mat_index": 5549,
    "obbs": "N 15\n-0.0023895 0.834314 -0.375478 1 0 0 0 1 0 0 0 1 0.653121 0.077369 0.064372\n0.003595 0.0733629 0.0640216 -4.49598e-10 -0.0428522 -0.999081 2.0974e-08 0.999081 -0.0428522 1 -2.0974e-08 4.49598e-10 0.782805 0.0450093 0.789072\n0.317592 0.46634 -0.318233 0.142365 -0.0139661 -0.989716 0.989623 -0.0176256 0.142601 -0.0194359 -0.999747 0.011312 0.125941 0.0680861 0.824254\n-0.317609 0.446946 -0.318526 0.0222196 -0.999751 0.00221213 0.986537 0.0215672 -0.162109 0.16202 0.00578433 0.98677 0.862336 0.0560757 0.130109\n0.0035325 0.487345 -0.298038 1 0 0 0 1 0 0 0 1 0.632159 0.069347 0.059784\n0.0035945 -0.250263 -0.34939 -1.29804e-08 0.995829 0.0912399 -1.18455e-08 -0.0912399 0.995829 1 1.18455e-08 1.29804e-08 0.0602429 0.0121612 0.616867\n0.360098 -0.331685 0.0220576 -0.000917885 -0.998938 0.0460741 0.995174 -0.00543354 -0.0979794 0.0981257 0.0457618 0.994121 0.0610229 0.0230459 0.71847\n0.361891 -0.123137 0.0350606 -0.087289 -0.994643 0.0553712 0.990857 -0.0924279 -0.0982785 0.10287 0.0462863 0.993617 0.0617068 0.0255269 0.692202\n-0.354782 -0.12386 0.0304169 0.0996985 -0.0583735 -0.993304 0.994861 0.0235748 0.0984693 0.0176689 -0.998016 0.0604239 0.692044 0.0238596 0.0640896\n-0.353635 -0.335999 0.0268573 0.00883532 0.999877 -0.0129507 0.995832 -0.00762233 0.0908909 0.090781 -0.0136998 -0.995777 0.0742756 0.0239702 0.728949\n0.0068175 -0.218493 0.405537 1 0 0 0 1 0 0 0 1 0.742387 0.068662 0.026525\n-0.314611 -0.374519 -0.361592 0.00274034 -0.993584 -0.113059 0.999002 0.00776132 -0.0439939 0.0445892 -0.112826 0.992614 0.844806 0.0406191 0.0914139\n0.323154 -0.35779 -0.35792 -0.00128139 -0.994691 -0.102903 0.994691 -0.0118569 0.102226 -0.102903 -0.102226 0.989425 0.878298 0.0401341 0.088293\n0.387942 -0.342927 0.412514 0.0997662 -0.0570452 -0.993374 0.995003 0.00162016 0.0998367 -0.00408578 -0.99837 0.0569217 0.0824115 0.0561769 0.900877\n-0.380246 -0.342789 0.41712 -0.000777002 -0.997544 0.0700453 0.984882 -0.012897 -0.172747 0.173226 0.0688521 0.982473 0.901095 0.0547736 0.0819325\nC 39\n0 2\n0 3\n1 3\n1 11\n1 2\n1 14\n1 13\n1 12\n1 8\n1 7\n2 12\n2 7\n2 4\n3 11\n3 5\n3 8\n3 4\n5 9\n5 6\n5 8\n5 12\n5 11\n5 7\n6 7\n6 10\n6 12\n6 13\n7 12\n7 10\n7 13\n8 9\n8 14\n8 10\n8 11\n9 11\n9 14\n9 10\n10 13\n10 14\nS 5\n2\n2 0.317592 0.46634 -0.318233\n3 -0.317609 0.446946 -0.318526\n2\n-8.14705e-06 0.456643 -0.31838\n-0.999534 -0.0305186 -0.000460465\n2\n6 0.360098 -0.331685 0.0220576\n9 -0.353635 -0.335999 0.0268573\n2\n0.00323168 -0.333842 0.0244575\n-0.999959 -0.00604462 0.00672454\n2\n7 0.361891 -0.123137 0.0350606\n8 -0.354782 -0.12386 0.0304169\n2\n0.00355423 -0.123498 0.0327387\n-0.999979 -0.00100831 -0.00647929\n2\n11 -0.314611 -0.374519 -0.361592\n12 0.323154 -0.35779 -0.35792\n2\n0.00427181 -0.366155 -0.359756\n0.99964 0.026221 0.00575493\n2\n13 0.387942 -0.342927 0.412514\n14 -0.380246 -0.342789 0.41712\n2\n0.00384796 -0.342858 0.414817\n-0.999982 0.00018065 0.0059955\nL 15\n0\n1\n0\n0\n0\n2\n2\n2\n2\n2\n2\n2\n2\n2\n2"
}