{
    "boxes": [
        [
            -0.01995600014925003,
            -0.026174599304795265,
            0.03610270097851753,
            0.09345520287752151,
            0.8033310174942017,
            1.0116300582885742,
            -0.0009209740092046559,
            0.998835027217865,
            -0.048254501074552536,
            -2.223350020358339e-05,
            0.048254501074552536,
            0.998835027217865
        ],
        [
            -0.5063830018043518,
            0.20927800238132477,
            0.40053099393844604,
            0.4515329897403717,
            0.07989499717950821,
            0.07989399880170822,
            0.0,
            1.0,
            0.0,
            0.0,
            0.0,
            1.0
        ],
        [
            -0.49180901050567627,
            0.40026500821113586,
            0.0590239018201828,
            0.037031300365924835,
            0.791483998298645,
            0.14499400556087494,
            -0.012313099578022957,
            0.9995930194854736,
            -0.02571449987590313,
            -0.10467799752950668,
            0.024286499246954918,
            0.9942100048065186
        ],
        [
            -0.010764500126242638,
            -0.20114700496196747,
            0.3983609974384308,
            0.061528000980615616,
            0.07605800032615662,
            1.0092400312423706,
            0.0,
            1.0,
            0.0,
            0.0,
            0.0,
            1.0
        ],
        [
            -0.4712109863758087,
            -0.25320199131965637,
            0.05288809910416603,
            0.1010420024394989,
            0.6921020150184631,
            0.028558600693941116,
            0.007372499909251928,
            0.9999340176582336,
            -0.008819660171866417,
            -0.0950293019413948,
            0.009480579756200314,
            0.9954289793968201
        ],
        [
            -0.506380021572113,
            -0.4076470136642456,
            0.40052399039268494,
            0.8283439874649048,
            0.07987000048160553,
            0.0798880010843277,
            0.0,
            1.0,
            0.0,
            0.0,
            0.0,
            1.0
        ],
        [
            -0.016827000305056572,
            -0.34373098611831665,
            -0.31741398572921753,
            0.05377199873328209,
            0.07385899871587753,
            0.9042459726333618,
            -3.179459895363834e-08,
            1.0,
            -9.554860298521817e-07,
            -1.5189599591688453e-14,
            9.554860298521817e-07,
            1.0
        ],
        [
            -0.44579699635505676,
            -0.44665300846099854,
            -0.3204540014266968,
            0.7490429878234863,
            0.0747700035572052,
            0.07478400319814682,
            0.0,
            1.0,
            0.0,
            0.0,
            0.0,
            1.0
        ],
        [
            -0.021074499934911728,
            0.5084310173988342,
            -0.3817709982395172,
            0.23836499452590942,
            0.15472300350666046,
            0.8240470290184021,
            -0.002129160100594163,
            0.9977859854698181,
            -0.06647370010614395,
            -0.0022757200058549643,
            0.06646890193223953,
            0.9977859854698181
        ],
        [
            -0.4458329975605011,
            0.28180599212646484,
            -0.32046398520469666,
            0.7901430130004883,
            0.0748559981584549,
            0.07485699653625488,
            0.0,
            1.0,
            0.0,
            0.0,
            0.0,
            1.0
        ]
    ],
    "ops": [
        [
            0,
            0,
            0,
            1,
            2,
            1,
            0,
            0,
            0,
            1,
            2,
            1,
            0,
            0,
            2,
            1,
            1,
            1,
            0,
            0,
            2,
            1,
            1
        ]
    ],
    "syms": [
        [
            0.0,
            0.9998610019683838,
            -0.016696399077773094,
            -0.0,
            -0.024102000519633293,
            0.20122399926185608,
            0.40053099393844604,
            0.0
        ],
        [
            0.0,
            0.9999769926071167,
            0.00677473982796073,
            -0.0008178729913197458,
            -0.017226099967956543,
            -0.25012698769569397,
            0.05251679942011833,
            0.0
        ],
        [
            0.0,
            0.9982990026473999,
            0.058302100747823715,
            -0.0008038600208237767,
            -0.0198317002505064,
            -0.4217759966850281,
            -0.32079699635505676,
            0.0
        ],
        [
            0.0,
            0.9982990026473999,
            0.05828789994120598,
            -0.0007927339756861329,
            -0.01987130008637905,
            0.3066770136356354,
            -0.3208020031452179,
            0.0
        ]
    ],
    "labels:": [
        [
            1,
            3,
            3,
            2,
            2,
            2,
            2,
            2,
            0,
            0
        ]
    ],
    "obj": 43919,
    "mat_index": 5563,
    "obbs": "N 16\n-0.0210745 0.508431 -0.381771 -0.00212916 0.997786 -0.0664737 -0.00227572 0.0664689 0.997786 0.999995 0.00227572 0.00212916 0.238365 0.154723 0.824047\n-0.019956 -0.0261746 0.0361027 1 0.000920974 -2.22335e-05 -0.000920974 0.998835 -0.0482545 -2.22335e-05 0.0482545 0.998835 1.01163 0.0934552 0.803331\n0.406091 0.331548 -0.321141 1 0 0 0 1 0 0 0 1 0.074506 0.691438 0.074525\n-0.445833 0.281806 -0.320464 1 0 0 0 1 0 0 0 1 0.074857 0.790143 0.074856\n0.458179 0.19317 0.400531 1 0 0 0 1 0 0 0 1 0.079894 0.483747 0.079895\n-0.506383 0.209278 0.400531 1 0 0 0 1 0 0 0 1 0.079894 0.451533 0.079895\n0.450488 0.400265 0.0590239 0.99443 -0.0149337 -0.104336 0.0123132 0.999593 -0.0257145 0.104678 0.0242865 0.99421 0.144993 0.0370314 0.791484\n-0.491809 0.400265 0.0590239 0.104678 -0.0242865 -0.99421 -0.0123131 0.999593 -0.0257145 0.99443 0.0149335 0.104336 0.791484 0.0370313 0.144994\n-0.0107645 -0.201147 0.398361 1 0 0 0 1 0 0 0 1 1.00924 0.061528 0.076058\n0.436759 -0.247051 0.0521455 -0.00361208 -0.999641 0.0265444 0.996901 -0.0056856 -0.07846 0.0785828 0.0261787 0.996564 0.101013 0.0290381 0.693347\n-0.016827 -0.343731 -0.317414 1 3.17946e-08 -1.51896e-14 -3.17946e-08 1 -9.55486e-07 -1.51896e-14 9.55486e-07 1 0.904246 0.053772 0.073859\n-0.471211 -0.253202 0.0528881 0.0073725 0.999934 -0.00881966 0.995447 -0.00650068 0.0950929 0.0950293 -0.00948058 -0.995429 0.101042 0.0285586 0.692102\n0.458179 -0.428352 0.400531 1 0 0 0 1 0 0 0 1 0.079794 0.786933 0.079807\n-0.50638 -0.407647 0.400524 1 0 0 0 1 0 0 0 1 0.079888 0.828344 0.07987\n0.406134 -0.396899 -0.32114 1 0 0 0 1 0 0 0 1 0.074857 0.847761 0.07487\n-0.445797 -0.446653 -0.320454 1 0 0 0 1 0 0 0 1 0.074784 0.749043 0.07477\nC 43\n0 7\n0 3\n0 6\n0 2\n1 3\n1 15\n1 11\n1 2\n1 14\n1 5\n1 10\n1 13\n1 4\n1 9\n1 12\n1 8\n2 9\n2 6\n2 14\n3 15\n3 11\n3 7\n3 10\n4 8\n4 12\n4 9\n4 6\n5 13\n5 8\n5 11\n5 7\n8 13\n8 9\n8 11\n8 12\n9 14\n9 10\n9 12\n10 11\n10 15\n10 14\n11 13\n11 15\nS 6\n2\n2 0.406091 0.331548 -0.321141\n3 -0.445833 0.281806 -0.320464\n2\n-0.0198713 0.306677 -0.320802\n-0.998299 -0.0582879 0.000792734\n2\n4 0.458179 0.19317 0.400531\n5 -0.506383 0.209278 0.400531\n2\n-0.024102 0.201224 0.400531\n-0.999861 0.0166964 0\n2\n6 0.450488 0.400265 0.0590239\n7 -0.491809 0.400265 0.0590239\n2\n-0.0206607 0.400265 0.0590239\n-1 -4.93535e-09 -5.51446e-08\n2\n9 0.436759 -0.247051 0.0521455\n11 -0.471211 -0.253202 0.0528881\n2\n-0.0172261 -0.250127 0.0525168\n-0.999977 -0.00677474 0.000817873\n2\n12 0.458179 -0.428352 0.400531\n13 -0.50638 -0.407647 0.400524\n2\n-0.0241005 -0.418 0.400527\n-0.99977 0.0214613 -6.73728e-06\n2\n14 0.406134 -0.396899 -0.32114\n15 -0.445797 -0.446653 -0.320454\n2\n-0.0198317 -0.421776 -0.320797\n-0.998299 -0.0583021 0.00080386\nL 16\n0\n1\n0\n0\n3\n3\n3\n3\n2\n2\n2\n2\n2\n2\n2\n2"
}