{
    "boxes": [
        [
            -0.011503499932587147,
            -0.13000600039958954,
            0.05341450124979019,
            0.6343950033187866,
            1.1828500032424927,
            1.3676999807357788,
            0.0,
            1.0,
            0.0,
            0.0,
            0.0,
            1.0
        ],
        [
            -0.5732669830322266,
            0.07798100262880325,
            0.028696000576019287,
            0.9171940088272095,
            1.1347399950027466,
            0.2776539921760559,
            0.0,
            1.0,
            0.0,
            0.0,
            0.0,
            1.0
        ],
        [
            -0.012023200280964375,
            -0.19689899682998657,
            -0.5481640100479126,
            0.048257600516080856,
            0.028470199555158615,
            1.1108900308609009,
            0.0025808499194681644,
            0.9993619918823242,
            -0.03563300147652626,
            0.0026744999922811985,
            0.03562609851360321,
            0.9993619918823242
        ],
        [
            -0.5838180184364319,
            -0.13894200325012207,
            0.608161985874176,
            0.8828189969062805,
            0.05260799825191498,
            0.08117199689149857,
            0.0,
            1.0,
            0.0,
            0.0,
            0.0,
            1.0
        ],
        [
            -0.6488779783248901,
            -0.19652900099754333,
            0.02871529944241047,
            0.04660290107131004,
            1.1859899759292603,
            0.12251800298690796,
            -0.02864919975399971,
            0.9995880126953125,
            -0.0016111499862745404,
            -2.308369948877953e-05,
            0.0016111499862745404,
            0.9999989867210388
        ],
        [
            -0.004322870168834925,
            0.290039986371994,
            -0.5398489832878113,
            0.085446797311306,
            0.060940198600292206,
            1.4091399908065796,
            -0.004453190136700869,
            0.9996690154075623,
            0.025335799902677536,
            -0.004341720137745142,
            -0.025355100631713867,
            0.9996690154075623
        ],
        [
            -0.5815730094909668,
            -0.1452219933271408,
            -0.5450339913368225,
            0.8703179955482483,
            0.052705999463796616,
            0.0859690010547638,
            0.0,
            1.0,
            0.0,
            0.0,
            0.0,
            1.0
        ],
        [
            -0.6738629937171936,
            0.3035469949245453,
            0.036124300211668015,
            0.055853698402643204,
            1.1918400526046753,
            0.15780100226402283,
            -0.0046717701479792595,
            0.9999889731407166,
            0.0007768319919705391,
            0.052337199449539185,
            -0.0005312659777700901,
            0.9986289739608765
        ],
        [
            -0.007642500102519989,
            0.07852800190448761,
            -0.40005698800086975,
            0.9161019921302795,
            0.25555700063705444,
            0.9027109742164612,
            0.0,
            1.0,
            0.0,
            0.0,
            0.0,
            1.0
        ]
    ],
    "ops": [
        [
            0,
            0,
            2,
            1,
            0,
            0,
            0,
            1,
            2,
            1,
            0,
            0,
            0,
            1,
            2,
            1,
            1,
            1,
            0,
            1
        ]
    ],
    "syms": [
        [
            0.0,
            0.9999979734420776,
            0.00044424799853004515,
            -0.001913179992698133,
            -0.007953190244734287,
            0.07823210209608078,
            0.027614500373601913,
            0.0
        ],
        [
            0.0,
            0.9999819993972778,
            0.005973990075290203,
            -0.0005508270114660263,
            0.006647500209510326,
            -0.1354150027036667,
            0.6078370213508606,
            0.0
        ],
        [
            0.0,
            0.9999930262565613,
            0.0036210399121046066,
            7.909080159151927e-05,
            -0.012609800323843956,
            -0.14316199719905853,
            -0.5449889898300171,
            0.0
        ]
    ],
    "labels:": [
        [
            1,
            3,
            2,
            2,
            2,
            2,
            2,
            2,
            0
        ]
    ],
    "obj": 43945,
    "mat_index": 5577,
    "obbs": "N 14\n-0.0076425 0.078528 -0.400057 1 0 0 0 1 0 0 0 1 0.902711 0.916102 0.255557\n0.557361 0.0784833 0.0265329 0.0104448 -0.999943 0.00240546 0.999943 0.0104389 -0.00243071 0.00240546 0.00243071 0.999994 0.920046 0.265227 1.13259\n-0.573267 0.077981 0.028696 1 0 0 0 1 0 0 0 1 0.277654 0.917194 1.13474\n-0.0115035 -0.130006 0.0534145 1 0 0 0 1 0 0 0 1 1.3677 0.634395 1.18285\n-0.583818 -0.138942 0.608162 1 0 0 0 1 0 0 0 1 0.081172 0.882819 0.052608\n-0.581573 -0.145222 -0.545034 1 0 0 0 1 0 0 0 1 0.085969 0.870318 0.052706\n0.556353 -0.141101 -0.544944 1 0 0 0 1 0 0 0 1 0.08578 0.878563 0.05259\n0.597113 -0.131887 0.607511 1 0 0 0 1 0 0 0 1 0.13921 0.896907 0.051373\n0.636172 -0.20284 0.030903 1 0 0 0 1 0 0 0 1 0.116464 0.065132 1.18316\n0.686709 0.308988 0.0517339 -0.994378 -0.016993 -0.104513 -0.0169005 0.999856 -0.0017703 0.104528 5.98018e-06 -0.994522 0.152067 0.0446981 1.17351\n-0.0120232 -0.196899 -0.548164 0.999993 -0.0026745 -0.00258085 0.0026745 0.0356261 0.999362 -0.00258085 -0.999362 0.035633 1.11089 0.0284702 0.0482576\n-0.00432287 0.29004 -0.539849 0.999981 0.00434172 0.00445319 -0.00434172 -0.0253551 0.999669 0.00445319 -0.999669 -0.0253358 1.40914 0.0609402 0.0854468\n-0.673863 0.303547 0.0361243 0.998619 0.00470602 -0.0523341 -0.00467177 0.999989 0.000776832 0.0523372 -0.000531266 0.998629 0.157801 0.0558537 1.19184\n-0.648878 -0.196529 0.0287153 2.30837e-05 -0.00161115 -0.999999 -0.0286492 0.999588 -0.00161115 0.99959 0.0286492 -2.30837e-05 1.18599 0.0466029 0.122518\nC 51\n0 2\n0 10\n0 3\n0 11\n0 12\n0 5\n0 8\n0 1\n0 13\n0 6\n0 9\n1 3\n1 6\n1 11\n1 10\n1 9\n1 8\n1 7\n2 12\n2 5\n2 13\n2 10\n2 3\n2 11\n2 4\n3 11\n3 7\n3 10\n3 6\n3 13\n3 9\n3 5\n3 12\n3 8\n3 4\n4 12\n4 13\n5 13\n5 12\n5 11\n5 10\n6 9\n6 10\n6 11\n6 8\n7 8\n7 9\n8 10\n9 11\n10 13\n11 12\nS 5\n2\n1 0.557361 0.0784833 0.0265329\n2 -0.573267 0.077981 0.028696\n2\n-0.00795319 0.0782321 0.0276145\n-0.999998 -0.000444248 0.00191318\n2\n4 -0.583818 -0.138942 0.608162\n7 0.597113 -0.131887 0.607511\n2\n0.0066475 -0.135415 0.607837\n0.999982 0.00597399 -0.000550827\n2\n5 -0.581573 -0.145222 -0.545034\n6 0.556353 -0.141101 -0.544944\n2\n-0.0126098 -0.143162 -0.544989\n0.999993 0.00362104 7.90908e-05\n2\n8 0.636172 -0.20284 0.030903\n13 -0.648878 -0.196529 0.0287153\n2\n-0.0063529 -0.199685 0.0298092\n-0.999986 0.00491098 -0.00170237\n2\n9 0.686709 0.308988 0.0517339\n12 -0.673863 0.303547 0.0361243\n2\n0.00642334 0.306267 0.0439291\n-0.999926 -0.00399829 -0.011472\nL 14\n0\n3\n3\n1\n2\n2\n2\n2\n2\n2\n2\n2\n2\n2"
}