{
    "boxes": [
        [
            0.024342000484466553,
            -0.10922899842262268,
            0.08787400275468826,
            0.4978730082511902,
            1.1000399589538574,
            1.1016099452972412,
            0.0,
            1.0,
            0.0,
            0.0,
            0.0,
            1.0
        ],
        [
            -0.45855799317359924,
            0.1187250018119812,
            0.04538379982113838,
            0.9289770126342773,
            0.9455320239067078,
            0.18548299372196198,
            -0.048833899199962616,
            0.9987300038337708,
            -0.012413600459694862,
            0.012413600459694862,
            0.013034299947321415,
            0.9998379945755005
        ],
        [
            -0.5194010138511658,
            0.508957028388977,
            -0.012318800203502178,
            0.15560899674892426,
            1.0854500532150269,
            0.09441419690847397,
            0.12955699861049652,
            0.9475150108337402,
            0.2922849953174591,
            0.024320900440216064,
            -0.29771700501441956,
            0.9543439745903015
        ],
        [
            0.5672060251235962,
            0.033822499215602875,
            0.516385018825531,
            0.8614069819450378,
            0.08011720329523087,
            0.08737490326166153,
            0.003573389956727624,
            0.9999939799308777,
            -0.0002777070039883256,
            -0.048784900456666946,
            0.000451706990133971,
            0.9988089799880981
        ],
        [
            0.5671629905700684,
            -0.4600389897823334,
            0.5170819759368896,
            0.5771030187606812,
            0.05331600084900856,
            0.057836998254060745,
            0.0,
            1.0,
            0.0,
            0.0,
            0.0,
            1.0
        ],
        [
            -0.472802996635437,
            -0.5194100141525269,
            -0.3227199912071228,
            0.4627450108528137,
            0.08967939764261246,
            0.07171580195426941,
            0.0931892991065979,
            0.9904149770736694,
            0.10194899886846542,
            -0.10194899886846542,
            -0.09236419945955276,
            0.9904919862747192
        ],
        [
            0.02255070023238659,
            0.1836249977350235,
            -0.4158630073070526,
            1.0699100494384766,
            0.16523399949073792,
            1.147670030593872,
            -0.0021794401109218597,
            0.9987120032310486,
            -0.050693999975919724,
            -0.0022928700782358646,
            0.05068900063633919,
            0.9987120032310486
        ],
        [
            0.026806099340319633,
            0.7059950232505798,
            -0.4989260137081146,
            0.11694300174713135,
            0.058962300419807434,
            1.0800299644470215,
            0.00155306002125144,
            0.9167140126228333,
            -0.3995420038700104,
            0.00032373701105825603,
            0.3995420038700104,
            0.9167150259017944
        ]
    ],
    "ops": [
        [
            0,
            0,
            0,
            0,
            1,
            1,
            2,
            1,
            0,
            0,
            1,
            2,
            1,
            0,
            0,
            1,
            1
        ]
    ],
    "syms": [
        [
            0.0,
            0.9997479915618896,
            -0.014112000353634357,
            0.017479000613093376,
            0.02636360004544258,
            0.11187999695539474,
            0.05386190116405487,
            0.0
        ],
        [
            0.0,
            0.9996240139007568,
            -0.023308899253606796,
            -0.014426600188016891,
            0.02951190061867237,
            -0.447503000497818,
            0.5248410105705261,
            0.0
        ]
    ],
    "labels:": [
        [
            1,
            3,
            3,
            3,
            2,
            2,
            0,
            0
        ]
    ],
    "obj": 43956,
    "mat_index": 5582,
    "obbs": "N 13\n0.0225507 0.183625 -0.415863 0.999995 0.00229287 0.00217944 -0.00229287 0.050689 0.998712 0.00217944 -0.998712 0.050694 1.14767 0.165234 1.06991\n0.0268061 0.705995 -0.498926 -0.000323737 -0.399542 -0.916715 0.00155306 0.916714 -0.399542 0.999999 -0.00155306 0.000323737 0.0589623 0.116943 1.08003\n0.024342 -0.109229 0.087874 1 0 0 0 1 0 0 0 1 1.10161 0.497873 1.10004\n-0.519401 0.508957 -0.0123188 -0.129557 -0.947515 -0.292285 0.991274 -0.116534 -0.0616159 0.0243209 -0.297717 0.954344 0.155609 0.0944142 1.08545\n0.57437 0.509625 -0.00759591 0.0350161 -0.953884 -0.298127 0.998834 0.0234846 0.0421759 -0.0332295 -0.299256 0.953594 0.155484 0.0786672 1.0772\n-0.510954 0.0208595 0.530481 1 0 0 0 1 0 0 0 1 0.087505 0.887229 0.080154\n0.567206 0.0338225 0.516385 -0.998803 0.00355559 -0.0487862 -0.0487849 0.000451707 0.998809 0.00357339 0.999994 -0.000277707 0.0873749 0.0801172 0.861407\n-0.508139 -0.434966 0.532601 0.988653 0.00646903 -0.150076 0.150039 0.00586539 0.988663 0.00727595 -0.999962 0.00482823 0.0593237 0.0548962 0.628927\n-0.472803 -0.51941 -0.32272 -0.0931893 -0.990415 -0.101949 0.990415 -0.102697 0.0923642 -0.101949 -0.0923642 0.990492 0.462745 0.0717158 0.0896794\n0.514685 -0.518982 -0.326492 0.0907707 -0.987975 -0.125167 0.990416 0.102695 -0.0923524 0.104096 -0.115585 0.987828 0.464252 0.071715 0.0925359\n0.567163 -0.460039 0.517082 1 0 0 0 1 0 0 0 1 0.057837 0.577103 0.053316\n-0.458558 0.118725 0.0453838 0.0488339 -0.99873 0.0124136 0.99873 0.0486719 -0.0130343 0.0124136 0.0130343 0.999838 0.928977 0.185483 0.945532\n0.511285 0.105035 0.06234 -0.0356539 -0.999165 -0.0199469 0.999165 -0.0360381 0.0192441 -0.0199469 -0.0192441 0.999616 0.928836 0.158094 0.923381\nC 34\n0 2\n0 3\n0 11\n0 4\n0 12\n0 8\n0 1\n0 9\n1 3\n1 11\n1 4\n1 12\n2 8\n2 12\n2 5\n2 9\n2 6\n2 10\n2 3\n2 7\n2 11\n2 4\n3 11\n3 5\n4 12\n4 6\n5 11\n5 7\n6 10\n6 12\n7 11\n8 11\n9 12\n10 12\nS 5\n2\n3 -0.519401 0.508957 -0.0123188\n4 0.57437 0.509625 -0.00759591\n2\n0.0274845 0.509291 -0.00995736\n0.99999 0.00061048 0.00431796\n2\n5 -0.510954 0.0208595 0.530481\n6 0.567206 0.0338225 0.516385\n2\n0.0281256 0.027341 0.523433\n0.999842 0.0120214 -0.0130722\n2\n7 -0.508139 -0.434966 0.532601\n10 0.567163 -0.460039 0.517082\n2\n0.0295119 -0.447503 0.524841\n0.999624 -0.0233089 -0.0144266\n2\n8 -0.472803 -0.51941 -0.32272\n9 0.514685 -0.518982 -0.326492\n2\n0.0209408 -0.519196 -0.324606\n0.999993 0.000433117 -0.00382037\n2\n11 -0.458558 0.118725 0.0453838\n12 0.511285 0.105035 0.06234\n2\n0.0263636 0.11188 0.0538619\n0.999748 -0.014112 0.017479\nL 13\n0\n0\n1\n3\n3\n3\n3\n2\n2\n2\n2\n3\n3"
}