{
    "boxes": [
        [
            0.014011000283062458,
            -0.14889200031757355,
            0.15976199507713318,
            0.19811800122261047,
            0.9856910109519958,
            1.061669945716858,
            0.00041941599920392036,
            0.9989740252494812,
            -0.04529380053281784,
            9.503350156592205e-06,
            0.04529380053281784,
            0.9989740252494812
        ],
        [
            0.009561999700963497,
            -0.020421499386429787,
            0.03680349886417389,
            0.39688101410865784,
            0.7151489853858948,
            1.135010004043579,
            0.0,
            1.0,
            0.0,
            0.0,
            0.0,
            1.0
        ],
        [
            -0.43035900592803955,
            -0.0014184600440785289,
            0.05079060047864914,
            0.4068729877471924,
            0.7025520205497742,
            0.2079939991235733,
            0.03697910159826279,
            0.9970830082893372,
            -0.0667622983455658,
            -0.18589000403881073,
            0.07250530272722244,
            0.9798920154571533
        ],
        [
            -0.5064200162887573,
            -0.3716840147972107,
            0.6540690064430237,
            0.40785399079322815,
            0.04001009836792946,
            0.04363660141825676,
            0.003426559967920184,
            0.9892879724502563,
            -0.14593400061130524,
            0.0645625963807106,
            0.14541199803352356,
            0.9872620105743408
        ],
        [
            -0.3248780071735382,
            -0.3970870077610016,
            -0.35891300439834595,
            0.36796799302101135,
            0.03814899921417236,
            0.04615509882569313,
            -0.05854789912700653,
            0.9611189961433411,
            0.2698580026626587,
            -0.5972040295600891,
            -0.2503359913825989,
            0.7620229721069336
        ],
        [
            0.016360299661755562,
            0.21952299773693085,
            -0.30115899443626404,
            0.9175230264663696,
            0.23697400093078613,
            0.8920779824256897,
            0.005798810161650181,
            0.9857100248336792,
            -0.16835199296474457,
            0.006873039994388819,
            0.16831199824810028,
            0.9857100248336792
        ]
    ],
    "ops": [
        [
            0,
            0,
            0,
            1,
            1,
            0,
            0,
            1,
            2,
            1,
            0,
            1
        ]
    ],
    "syms": [
        [
            0.0,
            0.9999939799308777,
            0.0023295599967241287,
            -0.0025519300252199173,
            0.013783199712634087,
            -0.3704720139503479,
            0.6527420282363892,
            0.0
        ]
    ],
    "labels:": [
        [
            1,
            3,
            3,
            2,
            2,
            0
        ]
    ],
    "obj": 43960,
    "mat_index": 5585,
    "obbs": "N 8\n0.0163603 0.219523 -0.301159 0.99996 -0.00687304 -0.00579881 0.00687304 0.168312 0.98571 -0.00579881 -0.98571 0.168352 0.892078 0.236974 0.917523\n0.009562 -0.0204215 0.0368035 1 0 0 0 1 0 0 0 1 1.13501 0.396881 0.715149\n-0.430359 -0.00141846 0.0507906 0.18589 -0.0725053 -0.979892 0.981874 -0.023825 0.188029 -0.0369791 -0.997083 0.0667623 0.702552 0.207994 0.406873\n0.014011 -0.148892 0.159762 -9.50335e-06 -0.0452938 -0.998974 0.000419416 0.998974 -0.0452938 1 -0.000419416 9.50335e-06 0.985691 0.198118 1.06167\n0.533986 -0.36926 0.651414 0.00125228 0.987916 -0.154985 0.243485 0.150019 0.958232 0.969904 -0.0389364 -0.240355 0.413397 0.0442325 0.0437143\n0.354686 -0.404041 -0.36307 0.9306 0.0794545 -0.35731 0.365211 -0.267113 0.89178 -0.0245863 -0.960384 -0.277593 0.0411392 0.0407138 0.35274\n-0.50642 -0.371684 0.654069 0.00342656 0.989288 -0.145934 0.0645626 0.145412 0.987262 0.997908 -0.0128048 -0.0633728 0.407854 0.0400101 0.0436366\n-0.324878 -0.397087 -0.358913 -0.79995 0.116545 -0.58864 -0.597204 -0.250336 0.762023 -0.0585479 0.961119 0.269858 0.0461551 0.038149 0.367968\nC 18\n0 1\n0 7\n0 5\n0 3\n0 2\n1 2\n1 3\n1 4\n1 5\n1 6\n1 7\n2 7\n2 6\n2 3\n3 6\n3 7\n3 4\n3 5\nS 2\n2\n4 0.533986 -0.36926 0.651414\n6 -0.50642 -0.371684 0.654069\n2\n0.0137832 -0.370472 0.652742\n-0.999994 -0.00232956 0.00255193\n2\n5 0.354686 -0.404041 -0.36307\n7 -0.324878 -0.397087 -0.358913\n2\n0.014904 -0.400564 -0.360991\n-0.999929 0.0102316 0.00611608\nL 8\n0\n3\n3\n1\n2\n2\n2\n2"
}