{
    "boxes": [
        [
            0.000881000014487654,
            -0.034637998789548874,
            0.12943699955940247,
            0.12859000265598297,
            0.8396350145339966,
            0.8107720017433167,
            0.0,
            1.0,
            0.0,
            0.0,
            0.0,
            1.0
        ],
        [
            -0.49513399600982666,
            0.35189899802207947,
            0.09584890305995941,
            0.05629890039563179,
            0.4372360110282898,
            0.10624100267887115,
            0.25319600105285645,
            0.9642689824104309,
            -0.07794920355081558,
            -0.09112419933080673,
            0.10398799926042557,
            0.9903950095176697
        ],
        [
            -0.45087501406669617,
            0.23031699657440186,
            -0.02486499957740307,
            0.25234100222587585,
            0.7052749991416931,
            0.08723069727420807,
            -0.03208719938993454,
            0.7616699934005737,
            -0.6471700072288513,
            -0.1421850025653839,
            0.6374390125274658,
            0.7572680115699768
        ],
        [
            -0.19599300622940063,
            -0.07138980180025101,
            -0.20840999484062195,
            0.05191519856452942,
            0.0651158019900322,
            0.4873510003089905,
            0.031630098819732666,
            0.9419170022010803,
            -0.3343529999256134,
            0.005445970222353935,
            0.3343529999256134,
            0.9424319863319397
        ],
        [
            0.006394499912858009,
            -0.7817209959030151,
            -0.38407599925994873,
            0.04182500019669533,
            0.0823030024766922,
            0.7378230094909668,
            0.0,
            1.0,
            0.0,
            0.0,
            0.0,
            1.0
        ],
        [
            -0.37039801478385925,
            -0.767998993396759,
            0.08622100204229355,
            0.06869199872016907,
            0.9417840242385864,
            0.08499599993228912,
            0.0,
            1.0,
            0.0,
            0.0,
            0.0,
            1.0
        ],
        [
            -0.38103199005126953,
            -0.4050329923629761,
            0.529295027256012,
            0.7187039852142334,
            0.06830160319805145,
            0.06676019728183746,
            -0.0055500902235507965,
            0.9961069822311401,
            -0.08797349780797958,
            -0.06319410353899002,
            0.08744960278272629,
            0.9941620230674744
        ],
        [
            -0.0011996000539511442,
            0.34196600317955017,
            -0.292277991771698,
            0.7723760008811951,
            0.17459599673748016,
            0.7980660200119019,
            -0.0072729699313640594,
            0.9751160144805908,
            -0.2215770035982132,
            -0.00911070965230465,
            0.22150899469852448,
            0.9751160144805908
        ],
        [
            0.002711550099775195,
            0.3317379951477051,
            -0.32711800932884216,
            0.8417140245437622,
            0.22664900124073029,
            0.8040890097618103,
            0.005972030106931925,
            0.9757959842681885,
            -0.21860100328922272,
            0.007457749918103218,
            0.2185550034046173,
            0.9757959842681885
        ]
    ],
    "ops": [
        [
            0,
            0,
            0,
            0,
            1,
            1,
            2,
            1,
            0,
            0,
            0,
            1,
            2,
            1,
            1,
            0,
            0,
            1,
            1
        ]
    ],
    "syms": [
        [
            0.0,
            1.0,
            -2.8776799808838405e-05,
            1.2445000265870476e-06,
            0.0019353199750185013,
            0.35188499093055725,
            0.09584960341453552,
            0.0
        ],
        [
            0.0,
            1.0,
            0.00019930899725295603,
            0.00034677700023166835,
            0.007707720156759024,
            -0.7679240107536316,
            0.08635210245847702,
            0.0
        ]
    ],
    "labels:": [
        [
            1,
            3,
            3,
            3,
            2,
            2,
            2,
            0,
            0
        ]
    ],
    "obj": 43986,
    "mat_index": 5594,
    "obbs": "N 14\n-0.0011996 0.341966 -0.292278 -0.00727297 0.975116 -0.221577 -0.00911071 0.221509 0.975116 0.999932 0.00911071 0.00727297 0.772376 0.174596 0.798066\n0.453839 0.223179 -0.0265459 -0.129457 -0.65749 -0.742259 0.991561 -0.0910453 -0.0922906 -0.00689904 -0.747943 0.663728 0.712448 0.0851438 0.259222\n-0.450875 0.230317 -0.024865 0.142185 -0.637439 -0.757268 0.98932 0.116317 0.0878448 0.0320872 -0.76167 0.64717 0.705275 0.0872307 0.252341\n0.176709 -0.0755965 -0.210503 -0.997855 -0.048611 -0.0438425 -0.0309109 0.940274 -0.339011 0.0577036 -0.336929 -0.93976 0.498935 0.0465898 0.0650625\n-0.195993 -0.0713898 -0.20841 0.999485 -0.0316301 0.00544597 0.0316301 0.941917 -0.334353 0.00544597 0.334353 0.942432 0.487351 0.0519152 0.0651158\n0.000881 -0.034638 0.129437 1 0 0 0 1 0 0 0 1 0.810772 0.12859 0.839635\n0.499004 0.35187 0.0958502 0.963045 0.243901 -0.114267 -0.253488 0.964154 -0.0784243 0.0910431 0.104491 0.99035 0.106255 0.0564339 0.437241\n-0.495134 0.351899 0.0958489 0.0911242 -0.103988 -0.990395 0.253196 0.964269 -0.0779492 0.963114 -0.243661 0.114198 0.437236 0.0562989 0.106241\n0.385813 -0.767848 0.0864832 -0.0518615 -0.00942996 -0.99861 -0.100365 0.994942 -0.00418297 0.993598 0.100009 -0.0525457 0.940742 0.0697361 0.0864575\n0.0063945 -0.781721 -0.384076 1 0 0 0 1 0 0 0 1 0.737823 0.041825 0.082303\n-0.370398 -0.767999 0.086221 1 0 0 0 1 0 0 0 1 0.084996 0.068692 0.941784\n-0.381032 -0.405033 0.529295 -0.00555009 0.996107 -0.0879735 -0.0631941 0.0874496 0.994162 0.997986 0.0110771 0.0624628 0.718704 0.0683016 0.0667602\n0.383658 -0.405241 0.528028 -0.998717 0.0019038 -0.050599 -0.0502213 0.0902105 0.994656 0.00645819 0.995921 -0.0899991 0.0671597 0.0685748 0.736493\n0.00271155 0.331738 -0.327118 0.999954 -0.00745775 -0.00597203 0.00745775 0.218555 0.975796 -0.00597203 -0.975796 0.218601 0.804089 0.226649 0.841714\nC 30\n0 2\n0 7\n0 3\n0 4\n0 5\n0 1\n0 13\n0 6\n1 3\n1 6\n1 5\n1 13\n2 5\n2 13\n2 7\n2 4\n3 13\n3 5\n3 4\n4 13\n4 5\n5 13\n5 12\n5 11\n6 13\n7 13\n8 9\n8 12\n9 10\n10 11\nS 5\n2\n1 0.453839 0.223179 -0.0265459\n2 -0.450875 0.230317 -0.024865\n2\n0.00148215 0.226748 -0.0257054\n-0.999967 0.00789052 0.00185786\n2\n3 0.176709 -0.0755965 -0.210503\n4 -0.195993 -0.0713898 -0.20841\n2\n-0.00964205 -0.0734931 -0.209456\n-0.999921 0.0112862 0.00561422\n2\n6 0.499004 0.35187 0.0958502\n7 -0.495134 0.351899 0.0958489\n2\n0.00193532 0.351885 0.0958496\n-1 2.87768e-05 -1.2445e-06\n2\n8 0.385813 -0.767848 0.0864832\n10 -0.370398 -0.767999 0.086221\n2\n0.00770772 -0.767924 0.0863521\n-1 -0.000199309 -0.000346777\n2\n11 -0.381032 -0.405033 0.529295\n12 0.383658 -0.405241 0.528028\n2\n0.00131273 -0.405137 0.528662\n0.999999 -0.000272029 -0.00165685\nL 14\n0\n3\n3\n3\n3\n1\n3\n3\n2\n2\n2\n2\n2\n0"
}