{
    "boxes": [
        [
            0.0001816729927668348,
            -0.03467709943652153,
            0.17023800313472748,
            0.12036000192165375,
            0.8843269944190979,
            0.8848659992218018,
            0.0008139379788190126,
            0.9992330074310303,
            -0.03915270045399666,
            1.5940000594127923e-05,
            0.03915270045399666,
            0.9992330074310303
        ],
        [
            -0.46276700496673584,
            0.19902099668979645,
            0.21470800042152405,
            0.5190269947052002,
            0.5505859851837158,
            0.09428539872169495,
            0.029328500851988792,
            0.9472110271453857,
            -0.3192659914493561,
            -0.08759430050849915,
            0.320609986782074,
            0.9431520104408264
        ],
        [
            0.009483999572694302,
            -0.39772599935531616,
            0.08466950058937073,
            0.5152750015258789,
            0.13048100471496582,
            0.13048000633716583,
            0.0,
            1.0,
            0.0,
            0.0,
            0.0,
            1.0
        ],
        [
            0.21393699944019318,
            -0.13990500569343567,
            0.08466900140047073,
            0.024392500519752502,
            0.06524000316858292,
            0.3503569960594177,
            0.14951400458812714,
            0.9887599945068359,
            4.759849736579724e-10,
            -3.578470159082414e-11,
            -4.759849736579724e-10,
            1.0
        ],
        [
            0.009557000361382961,
            -0.6900990009307861,
            -0.17629100382328033,
            0.07411900162696838,
            0.5219209790229797,
            0.10164400190114975,
            0.0,
            1.0,
            0.0,
            0.0,
            0.0,
            1.0
        ],
        [
            -0.018177999183535576,
            -0.7606030106544495,
            -0.39250999689102173,
            0.09810730069875717,
            0.08387939631938934,
            0.14741399884223938,
            -0.5016909837722778,
            0.853863000869751,
            0.1386519968509674,
            0.2599230110645294,
            -0.00408014003187418,
            0.9656209945678711
        ],
        [
            0.009483999572694302,
            0.5654060244560242,
            -0.3468930125236511,
            0.6413990259170532,
            0.18295499682426453,
            0.8308759927749634,
            0.0,
            1.0,
            0.0,
            0.0,
            0.0,
            1.0
        ],
        [
            0.009483999572694302,
            0.5653730034828186,
            -0.35825198888778687,
            0.7083219885826111,
            0.24897900223731995,
            0.8947219848632812,
            0.0,
            1.0,
            0.0,
            0.0,
            0.0,
            1.0
        ],
        [
            0.012174500152468681,
            0.0783156007528305,
            -0.3926750123500824,
            0.6703220009803772,
            0.2648560106754303,
            0.14700500667095184,
            -0.007443329785019159,
            0.8531010150909424,
            -0.5216919779777527,
            -0.03688329830765724,
            0.5211179852485657,
            0.8526880145072937
        ],
        [
            0.012266900390386581,
            0.41559898853302,
            -0.39411601424217224,
            0.07302670180797577,
            0.24595700204372406,
            0.8703920245170593,
            -0.0006196169997565448,
            0.9203529953956604,
            -0.39108800888061523,
            -0.00012618799519259483,
            0.39108800888061523,
            0.9203529953956604
        ]
    ],
    "ops": [
        [
            0,
            0,
            2,
            1,
            0,
            0,
            1,
            0,
            0,
            1,
            2,
            1,
            1,
            0,
            0,
            1,
            0,
            0,
            1,
            1,
            1
        ]
    ],
    "syms": [
        [
            0.0,
            0.9999909996986389,
            0.003935240209102631,
            -0.0013059600023552775,
            0.00011305099906167015,
            0.20084300637245178,
            0.21410299837589264,
            0.0
        ],
        [
            -1.0,
            -0.00029345598886720836,
            0.999925971031189,
            0.012171699665486813,
            0.01031890045851469,
            -0.6962190270423889,
            0.08484619855880737,
            0.20000000298023224
        ]
    ],
    "labels:": [
        [
            1,
            3,
            2,
            2,
            2,
            2,
            0,
            0,
            0,
            0
        ]
    ],
    "obj": 43996,
    "mat_index": 5601,
    "obbs": "N 19\n0.009484 0.565406 -0.346893 1 0 0 0 1 0 0 0 1 0.830876 0.641399 0.182955\n0.462993 0.202664 0.213499 -0.0319508 0.937943 -0.345314 0.995739 -3.04886e-05 -0.0922154 -0.0865033 -0.346789 -0.933946 0.520443 0.0943418 0.546177\n-0.462767 0.199021 0.214708 0.0875943 -0.32061 -0.943152 0.995724 0.000304682 0.0923733 -0.0293285 -0.947211 0.319266 0.550586 0.0942854 0.519027\n0.000181673 -0.0346771 0.170238 1 -0.000813938 1.594e-05 0.000813938 0.999233 -0.0391527 1.594e-05 0.0391527 0.999233 0.884866 0.12036 0.884327\n-0.236296 -0.697953 0.00644764 0.307325 0.0758681 -0.948575 -0.0445337 0.996871 0.0653026 0.950562 0.0221744 0.309742 0.103117 0.0777431 0.523437\n0.009557 -0.690099 -0.176291 1 0 0 0 1 0 0 0 1 0.101644 0.074119 0.521921\n0.257164 -0.697265 0.00295728 0.951035 -0.0213681 -0.308344 0.00202221 0.998016 -0.0629249 0.309077 0.0592202 0.949191 0.523387 0.0769817 0.102844\n0.163996 -0.698233 0.294746 -0.5869 0.0229636 -0.809333 0.07694 0.996656 -0.0275157 0.805995 -0.0784191 -0.586705 0.523486 0.0778566 0.103156\n-0.142827 -0.697544 0.296372 0.588193 0.0221872 -0.808416 0.0367199 0.99786 0.0541034 0.807886 -0.0615082 0.58612 0.523437 0.0770864 0.102883\n0.009484 -0.397726 0.0846695 1 0 0 0 1 0 0 0 1 0.13048 0.515275 0.130481\n0.009484 0.565373 -0.358252 1 0 0 0 1 0 0 0 1 0.894722 0.708322 0.248979\n-0.451359 -0.774361 -0.0311545 1 0 0 0 1 0 0 0 1 0.083828 0.0979 0.140565\n-0.018178 -0.760603 -0.39251 0.825073 0.520482 -0.219892 -0.501691 0.853863 0.138652 0.259923 -0.00408014 0.965621 0.147414 0.0981073 0.0838794\n0.454708 -0.760446 -0.0892046 0.838277 0.00251855 -0.545239 -0.289001 0.850016 -0.440398 0.462353 0.52675 0.713277 0.0838808 0.0979967 0.147366\n0.312485 -0.760336 0.454295 0.533862 -0.531233 -0.657862 0.33193 0.84722 -0.414777 0.777698 0.00306989 0.628631 0.147339 0.0980109 0.0838799\n-0.248561 -0.760514 0.487012 0.357707 -0.00249857 -0.933831 0.490086 0.851718 0.18545 0.794897 -0.523994 0.30589 0.0838798 0.0980046 0.147383\n0.0121745 0.0783156 -0.392675 0.0368833 -0.521118 -0.852688 0.999292 0.0255885 0.0275863 0.00744333 -0.853101 0.521692 0.264856 0.147005 0.670322\n0.213937 -0.139905 0.084669 3.57847e-11 4.75985e-10 -1 0.149514 0.98876 4.75985e-10 0.98876 -0.149514 -3.57842e-11 0.06524 0.0243925 0.350357\n0.0122669 0.415599 -0.394116 1 0.000619617 -0.000126188 -0.000619617 0.920353 -0.391088 -0.000126188 0.391088 0.920353 0.870392 0.0730267 0.245957\nC 42\n0 16\n0 10\n0 3\n0 18\n0 1\n0 2\n1 3\n1 17\n1 10\n1 18\n2 18\n2 10\n2 3\n3 17\n3 10\n3 16\n4 7\n4 8\n4 9\n4 5\n4 11\n4 6\n5 9\n5 6\n5 8\n5 12\n5 7\n6 9\n6 7\n6 8\n6 13\n7 14\n7 9\n7 8\n8 9\n8 15\n9 17\n9 16\n10 18\n10 16\n16 17\n16 18\nS 3\n2\n1 0.462993 0.202664 0.213499\n2 -0.462767 0.199021 0.214708\n2\n0.000113051 0.200843 0.214103\n-0.999991 -0.00393524 0.00130596\n5\n7 0.163996 -0.698233 0.294746\n8 -0.142827 -0.697544 0.296372\n4 -0.236296 -0.697953 0.00644764\n5 0.009557 -0.690099 -0.176291\n6 0.257164 -0.697265 0.00295728\n3\n0.0103189 -0.696219 0.0848462\n0.000293456 -0.999926 -0.0121717\n5\n14 0.312485 -0.760336 0.454295\n15 -0.248561 -0.760514 0.487012\n11 -0.451359 -0.774361 -0.0311545\n12 -0.018178 -0.760603 -0.39251\n13 0.454708 -0.760446 -0.0892046\n3\n0.00981873 -0.763252 0.0856877\n0.0113893 -0.99993 0.00311336\nL 19\n0\n3\n3\n1\n2\n2\n2\n2\n2\n2\n0\n2\n2\n2\n2\n2\n0\n2\n0"
}