{
    "boxes": [
        [
            -0.0035685000475496054,
            -0.12367700040340424,
            0.15898099541664124,
            0.08386199921369553,
            0.665835976600647,
            0.7820209860801697,
            0.0,
            1.0,
            0.0,
            0.0,
            0.0,
            1.0
        ],
        [
            -0.40917301177978516,
            -0.45970699191093445,
            -0.16106200218200684,
            0.8392239809036255,
            0.04190199822187424,
            0.023784799501299858,
            0.0396759994328022,
            0.8888880014419556,
            0.4564020037651062,
            -0.02325809933245182,
            -0.45581701397895813,
            0.889769971370697
        ],
        [
            -0.32520800828933716,
            -0.4941529929637909,
            0.4705120027065277,
            0.6606060266494751,
            0.02019600011408329,
            0.038444001227617264,
            0.0,
            1.0,
            0.0,
            0.0,
            0.0,
            1.0
        ],
        [
            -0.0050519900396466255,
            0.2933579981327057,
            -0.17517200112342834,
            0.4766809940338135,
            0.8045070171356201,
            1.1469999551773071,
            -0.004528900142759085,
            0.7986609935760498,
            0.6017640233039856,
            0.0015152000123634934,
            -0.6017640233039856,
            0.7986720204353333
        ],
        [
            -0.0015882899751886725,
            0.21782200038433075,
            -0.1957540065050125,
            0.7735379934310913,
            0.24478000402450562,
            0.8237630128860474,
            -0.005038859788328409,
            0.9475600123405457,
            -0.3195379972457886,
            -0.0070167300291359425,
            0.31950101256370544,
            0.9475600123405457
        ],
        [
            -0.3839319944381714,
            -0.08878859877586365,
            0.027589699253439903,
            0.03972439840435982,
            0.06786689907312393,
            0.07021229714155197,
            -0.085310198366642,
            0.9884889721870422,
            -0.1249459981918335,
            -0.6311830282211304,
            0.043414000421762466,
            0.7744179964065552
        ],
        [
            0.37949201464653015,
            -0.09037420153617859,
            0.022075900807976723,
            0.02510030008852482,
            0.0696668028831482,
            0.0454678013920784,
            -0.21899199485778809,
            0.9579730033874512,
            0.18528400361537933,
            0.5901539921760559,
            -0.021177899092435837,
            0.8070129752159119
        ],
        [
            0.21940700709819794,
            -0.08326520025730133,
            -0.1339610069990158,
            0.04047689959406853,
            0.06691320240497589,
            0.07422400265932083,
            -0.2816529870033264,
            0.6735889911651611,
            0.6833369731903076,
            0.6888629794120789,
            -0.35380300879478455,
            0.6326860189437866
        ],
        [
            -0.23699000477790833,
            -0.08674900233745575,
            -0.12246699631214142,
            0.06181440129876137,
            0.04010840132832527,
            0.06323909759521484,
            -0.17132599651813507,
            0.9215009808540344,
            -0.34854501485824585,
            0.4944959878921509,
            0.3864170014858246,
            0.7785599827766418
        ],
        [
            -0.009004440158605576,
            -0.09013120085000992,
            -0.1865050047636032,
            0.03197769820690155,
            0.049118101596832275,
            0.05964070186018944,
            -0.044200100004673004,
            0.9795830249786377,
            0.1961210072040558,
            -0.10006999969482422,
            -0.19966700673103333,
            0.9747409820556641
        ]
    ],
    "ops": [
        [
            0,
            0,
            0,
            1,
            2,
            1,
            0,
            0,
            0,
            1,
            1,
            0,
            0,
            1,
            0,
            0,
            1,
            1,
            1,
            1
        ]
    ],
    "syms": [
        [
            0.0,
            1.0,
            -1.8872700820793398e-05,
            0.0008192230015993118,
            -0.005411109887063503,
            -0.45971500873565674,
            -0.1607310026884079,
            0.0
        ]
    ],
    "labels:": [
        [
            1,
            2,
            2,
            0,
            0,
            0,
            0,
            0,
            0,
            0
        ]
    ],
    "obj": 44028,
    "mat_index": 5617,
    "obbs": "N 12\n-0.00158829 0.217822 -0.195754 0.999963 0.00701673 0.00503886 -0.00701673 0.319501 0.94756 0.00503886 -0.94756 0.319538 0.823763 0.24478 0.773538\n-0.0035685 -0.123677 0.158981 1 0 0 0 1 0 0 0 1 0.782021 0.083862 0.665836\n-0.383932 -0.0887886 0.0275897 0.631183 -0.043414 -0.774418 -0.0853102 0.988489 -0.124946 0.770928 0.14493 0.620214 0.0678669 0.0397244 0.0702123\n0.379492 -0.0903742 0.0220759 -0.590154 0.0211779 -0.807013 -0.218992 0.957973 0.185284 0.777021 0.286075 -0.560714 0.0696668 0.0251003 0.0454678\n0.219407 -0.0832652 -0.133961 -0.688863 0.353803 -0.632686 -0.281653 0.673589 0.683337 0.667937 0.648923 -0.364361 0.0669132 0.0404769 0.074224\n-0.23699 -0.086749 -0.122467 0.852127 -0.0389665 -0.521882 0.494496 0.386417 0.77856 0.171326 -0.921501 0.348545 0.0632391 0.0401084 0.0618144\n-0.00900444 -0.0901312 -0.186505 -0.993998 -0.0234578 -0.106852 -0.0442001 0.979583 0.196121 0.10007 0.199667 -0.974741 0.0596407 0.0319777 0.0491181\n0.398351 -0.459723 -0.1604 0.0726262 0.436772 -0.896636 0.9963 0.00965683 0.0854029 0.0459603 -0.89952 -0.434455 0.0562232 0.0213391 0.838139\n0.313873 -0.494153 0.470512 1 0 0 0 1 0 0 0 1 0.038444 0.660606 0.020196\n-0.325208 -0.494153 0.470512 1 0 0 0 1 0 0 0 1 0.038444 0.660606 0.020196\n-0.409173 -0.459707 -0.161062 -0.039676 -0.888888 -0.456402 0.998942 -0.0459175 0.00258884 -0.0232581 -0.455817 0.88977 0.839224 0.0237848 0.041902\n-0.00505199 0.293358 -0.175172 -0.0015152 0.601764 -0.798672 -0.0045289 0.798661 0.601764 0.999989 0.0045289 0.0015152 0.804507 0.476681 1.147\nC 34\n0 7\n0 10\n0 3\n0 11\n0 4\n0 5\n0 1\n0 6\n0 2\n1 3\n1 6\n1 11\n1 2\n1 5\n1 10\n1 4\n1 9\n1 8\n1 7\n2 5\n2 10\n2 11\n3 11\n3 7\n3 4\n4 7\n4 11\n4 6\n5 6\n5 11\n5 10\n6 11\n7 11\n10 11\nS 2\n2\n7 0.398351 -0.459723 -0.1604\n10 -0.409173 -0.459707 -0.161062\n2\n-0.00541111 -0.459715 -0.160731\n-1 1.88727e-05 -0.000819223\n2\n8 0.313873 -0.494153 0.470512\n9 -0.325208 -0.494153 0.470512\n2\n-0.0056675 -0.494153 0.470512\n-1 0 0\nL 12\n0\n1\n0\n0\n0\n0\n0\n2\n2\n2\n2\n0"
}