{
    "boxes": [
        [
            0.01854179985821247,
            0.00042795599438250065,
            0.11220300197601318,
            0.022883599624037743,
            0.5591560006141663,
            0.5513460040092468,
            -2.4494399895047536e-06,
            1.0,
            -1.4568699953088071e-06,
            -0.05233599990606308,
            1.3266800351630081e-06,
            0.9986299872398376
        ],
        [
            0.24273400008678436,
            -0.45630601048469543,
            0.3267019987106323,
            0.8892970085144043,
            0.0928788036108017,
            0.047418899834156036,
            -0.061282798647880554,
            0.996379017829895,
            -0.05894099920988083,
            0.6513239741325378,
            0.08466669917106628,
            0.7540619969367981
        ],
        [
            0.2994529902935028,
            -0.4809100031852722,
            -0.1905059963464737,
            0.8602290153503418,
            0.10027500241994858,
            0.04327629879117012,
            -0.19126099348068237,
            0.961670994758606,
            0.19648900628089905,
            -0.6534550189971924,
            -0.2741270065307617,
            0.7055850028991699
        ],
        [
            0.009053530171513557,
            0.6283569931983948,
            -0.2402919977903366,
            0.36359500885009766,
            0.23393499851226807,
            0.7627270221710205,
            -0.00083732302300632,
            0.9569339752197266,
            0.29030299186706543,
            0.038206301629543304,
            -0.29006099700927734,
            0.9562450051307678
        ],
        [
            0.27295300364494324,
            0.36363598704338074,
            -0.16873799264431,
            0.7997109889984131,
            0.08460059762001038,
            0.0711492970585823,
            0.14346499741077423,
            0.9777939915657043,
            -0.15276500582695007,
            -0.2573080062866211,
            0.1859070062637329,
            0.94827800989151
        ]
    ],
    "ops": [
        [
            0,
            0,
            0,
            1,
            2,
            1,
            0,
            0,
            2,
            1,
            1
        ]
    ],
    "syms": [
        [
            0.0,
            0.9995219707489014,
            0.02795170061290264,
            -0.013174399733543396,
            0.013908900320529938,
            -0.46270498633384705,
            0.3297179937362671,
            0.0
        ],
        [
            0.0,
            0.9996860027313232,
            -0.010325999930500984,
            -0.02285029925405979,
            0.011376099660992622,
            0.36633801460266113,
            -0.16275900602340698,
            0.0
        ]
    ],
    "labels:": [
        [
            1,
            2,
            2,
            0,
            0
        ]
    ],
    "obj": 44056,
    "mat_index": 5634,
    "obbs": "N 8\n0.00905353 0.628357 -0.240292 0.99927 0.0118921 -0.036318 0.0382063 -0.290061 0.956245 0.000837323 -0.956934 -0.290303 0.762727 0.233935 0.363595\n0.0185418 0.000427956 0.112203 0.052336 -1.32668e-06 -0.99863 -2.44944e-06 1 -1.45687e-06 0.99863 2.52233e-06 0.052336 0.559156 0.0228836 0.551346\n-0.250201 0.36904 -0.15678 -0.507732 -0.184856 -0.841449 0.849963 0.0519278 -0.524278 0.14061 -0.981393 0.130755 0.0841747 0.0548795 0.790462\n0.272953 0.363636 -0.168738 0.257308 -0.185907 -0.948278 0.95562 -0.0967373 0.278265 -0.143465 -0.977794 0.152765 0.0846006 0.0711493 0.799711\n0.242734 -0.456306 0.326702 -0.651324 -0.0846667 -0.754062 0.756321 0.00782139 -0.654153 0.0612828 -0.996379 0.058941 0.0928788 0.0474189 0.889297\n-0.274029 -0.482972 -0.181062 0.187511 0.965064 0.183008 -0.66681 -0.0117422 0.745136 0.721252 -0.261753 0.641312 0.853481 0.04513 0.101836\n0.299453 -0.48091 -0.190506 -0.191261 0.961671 0.196489 0.732404 0.00655389 0.680839 0.653455 0.274127 -0.705585 0.860229 0.0432763 0.100275\n-0.214916 -0.469104 0.332734 0.0660628 0.995558 -0.0670822 0.736084 -0.00323539 0.676882 0.673658 -0.0940949 -0.733028 0.86223 0.0434303 0.0871643\nC 10\n0 3\n0 2\n1 2\n1 3\n1 4\n1 5\n1 6\n1 7\n2 5\n3 6\nS 3\n2\n2 -0.250201 0.36904 -0.15678\n3 0.272953 0.363636 -0.168738\n2\n0.0113761 0.366338 -0.162759\n0.999686 -0.010326 -0.0228503\n2\n4 0.242734 -0.456306 0.326702\n7 -0.214916 -0.469104 0.332734\n2\n0.0139089 -0.462705 0.329718\n-0.999522 -0.0279517 0.0131744\n2\n5 -0.274029 -0.482972 -0.181062\n6 0.299453 -0.48091 -0.190506\n2\n0.0127116 -0.481941 -0.185784\n0.999858 0.00359406 -0.0164658\nL 8\n0\n1\n0\n0\n2\n2\n2\n2"
}