{
    "boxes": [
        [
            -0.013667800463736057,
            -0.11033699661493301,
            0.23139800131320953,
            0.11830499768257141,
            0.7622619867324829,
            0.7511420249938965,
            -0.0015117500443011522,
            0.9730640053749084,
            -0.2305299937725067,
            -0.00017663100152276456,
            0.2305299937725067,
            0.9730650186538696
        ],
        [
            -0.42855599522590637,
            0.1663839966058731,
            -0.2967210114002228,
            0.0573371984064579,
            0.17823199927806854,
            0.08840309828519821,
            0.005916109774261713,
            0.8607760071754456,
            0.5089499950408936,
            -0.001618150039575994,
            -0.5089499950408936,
            0.8607940077781677
        ],
        [
            -0.42853298783302307,
            0.10672199726104736,
            0.13502000272274017,
            0.06553489714860916,
            0.7406619787216187,
            0.0897969976067543,
            0.03242430090904236,
            0.9983310103416443,
            0.04778579995036125,
            -0.0007753579993732274,
            -0.04778579995036125,
            0.9988570213317871
        ],
        [
            -0.013656499795615673,
            -0.5358530282974243,
            -0.1706800013780594,
            0.026954999193549156,
            0.08511999994516373,
            0.7447969913482666,
            0.0,
            1.0,
            0.0,
            0.0,
            0.0,
            1.0
        ],
        [
            -0.013656499795615673,
            -0.20233500003814697,
            0.5531209707260132,
            0.08512020111083984,
            0.026954200118780136,
            0.7447969913482666,
            -0.0,
            0.9810739755630493,
            -0.19363300502300262,
            -0.0,
            0.19363300502300262,
            0.9810739755630493
        ],
        [
            -0.4287860095500946,
            -0.20900100469589233,
            0.5319579839706421,
            0.6061069965362549,
            0.08481819927692413,
            0.09570050239562988,
            -0.012158200144767761,
            0.9853460192680359,
            -0.17013399302959442,
            -0.01443609967827797,
            0.1699559986591339,
            0.9853460192680359
        ],
        [
            -0.428615003824234,
            -0.5203660130500793,
            0.18001200258731842,
            0.06962300091981888,
            0.8316109776496887,
            0.08830200135707855,
            0.0,
            1.0,
            0.0,
            0.0,
            0.0,
            1.0
        ],
        [
            -0.013663699850440025,
            0.27744200825691223,
            -0.33379900455474854,
            1.0532900094985962,
            0.1529580056667328,
            0.7532010078430176,
            -0.00229699001647532,
            0.9115260243415833,
            -0.4112350046634674,
            -0.0035562000703066587,
            0.4112260043621063,
            0.9115260243415833
        ]
    ],
    "ops": [
        [
            0,
            0,
            0,
            1,
            2,
            1,
            0,
            0,
            0,
            0,
            1,
            2,
            1,
            1,
            1,
            0,
            1
        ]
    ],
    "syms": [
        [
            0.0,
            0.9999439716339111,
            0.004592949990183115,
            -0.009504949674010277,
            -0.013661899603903294,
            0.16829000413417816,
            -0.3006640076637268,
            0.0
        ],
        [
            0.0,
            0.9999679923057556,
            -0.0005668270168825984,
            0.00795579981058836,
            -0.013919699937105179,
            -0.2092359960079193,
            0.5352590084075928,
            0.0
        ]
    ],
    "labels:": [
        [
            1,
            3,
            3,
            2,
            2,
            2,
            2,
            0
        ]
    ],
    "obj": 44058,
    "mat_index": 5636,
    "obbs": "N 12\n-0.0136637 0.277442 -0.333799 -0.00229699 0.911526 -0.411235 -0.0035562 0.411226 0.911526 0.999991 0.0035562 0.00229699 1.05329 0.152958 0.753201\n0.401232 0.170195 -0.304608 -0.00698786 0.555268 -0.831642 -0.0230469 0.831352 0.555268 0.99971 0.0230469 0.00698786 0.159826 0.0586688 0.089006\n-0.428556 0.166384 -0.296721 0.999981 -0.00591611 -0.00161815 0.00591611 0.860776 0.50895 -0.00161815 -0.50895 0.860794 0.0884031 0.0573372 0.178232\n-0.0136678 -0.110337 0.231398 0.999999 0.00151175 -0.000176631 -0.00151175 0.973064 -0.23053 -0.000176631 0.23053 0.973065 0.751142 0.118305 0.762262\n-0.0136565 -0.202335 0.553121 1 0 0 -0 0.193633 0.981074 0 -0.981074 0.193633 0.744797 0.0269542 0.0851202\n0.400998 0.104699 0.127977 -0.000670841 0.0517379 -0.99866 -0.0259105 0.998325 0.0517379 0.999664 0.0259105 0.000670841 0.78506 0.0717121 0.0900586\n-0.428533 0.106722 0.13502 0.999474 -0.0324243 -0.000775358 0.0324243 0.998331 0.0477858 -0.000775358 -0.0477858 0.998857 0.089797 0.0655349 0.740662\n0.400946 -0.209472 0.538559 -0.0206014 0.984466 -0.174364 -0.0245645 0.17385 0.984466 0.999486 0.0245645 0.0206014 0.6034 0.0706387 0.100337\n-0.428786 -0.209001 0.531958 -0.0121582 0.985346 -0.170134 -0.0144361 0.169956 0.985346 0.999822 0.0144361 0.0121582 0.606107 0.0848182 0.0957005\n0.401324 -0.523743 0.178451 0.99998 0.00637027 -3.07293e-05 -0.00637027 0.999933 -0.00964739 -3.07293e-05 0.00964739 0.999953 0.0885768 0.0691122 0.828758\n-0.428615 -0.520366 0.180012 1 0 0 0 1 0 0 0 1 0.088302 0.069623 0.831611\n-0.0136565 -0.535853 -0.17068 1 0 0 0 1 0 0 0 1 0.744797 0.026955 0.08512\nC 26\n0 3\n0 5\n0 1\n0 6\n0 2\n1 5\n2 6\n3 7\n3 10\n3 6\n3 9\n3 5\n3 8\n3 4\n4 7\n4 8\n4 9\n4 10\n4 5\n4 6\n5 7\n6 8\n7 9\n8 10\n9 11\n10 11\nS 4\n2\n1 0.401232 0.170195 -0.304608\n2 -0.428556 0.166384 -0.296721\n2\n-0.0136619 0.16829 -0.300664\n-0.999944 -0.00459295 0.00950495\n2\n5 0.400998 0.104699 0.127977\n6 -0.428533 0.106722 0.13502\n2\n-0.0137673 0.10571 0.131498\n-0.999961 0.00243857 0.00848995\n2\n7 0.400946 -0.209472 0.538559\n8 -0.428786 -0.209001 0.531958\n2\n-0.0139197 -0.209236 0.535259\n-0.999968 0.000566827 -0.0079558\n2\n9 0.401324 -0.523743 0.178451\n10 -0.428615 -0.520366 0.180012\n2\n-0.0136456 -0.522054 0.179232\n-0.99999 0.00406956 0.00188182\nL 12\n0\n3\n3\n1\n2\n3\n3\n2\n2\n2\n2\n2"
}