{
    "boxes": [
        [
            -0.006388499867171049,
            0.020826999098062515,
            0.09931650012731552,
            0.20493799448013306,
            0.7559189796447754,
            0.8253509998321533,
            0.0,
            1.0,
            0.0,
            0.0,
            0.0,
            1.0
        ],
        [
            0.3448779881000519,
            0.2551969885826111,
            0.0846031978726387,
            0.1253719925880432,
            0.4594449996948242,
            0.05607590079307556,
            -0.07237079739570618,
            0.8036749958992004,
            0.5906519889831543,
            0.2691729962825775,
            -0.5544919967651367,
            0.7874540090560913
        ],
        [
            -0.33413198590278625,
            0.1158910021185875,
            -0.011801999993622303,
            0.08086209744215012,
            0.3723140060901642,
            0.04028540104627609,
            0.1451060026884079,
            0.9074609875679016,
            0.3942829966545105,
            -0.23275600373744965,
            -0.35600900650024414,
            0.9050319790840149
        ],
        [
            -0.28902000188827515,
            -0.43696099519729614,
            -0.32208800315856934,
            0.8652920126914978,
            0.05732160061597824,
            0.08074600249528885,
            0.057184599339962006,
            0.9820809960365295,
            0.17957499623298645,
            -0.12719599902629852,
            -0.1712370067834854,
            0.976984977722168
        ],
        [
            -0.3462960124015808,
            -0.44964599609375,
            0.4220130145549774,
            0.8267449736595154,
            0.11466100066900253,
            0.0875072032213211,
            0.06289380043745041,
            0.9909859895706177,
            -0.11828599870204926,
            0.6334869861602783,
            0.05194320157170296,
            0.7720080018043518
        ],
        [
            0.338934987783432,
            -0.44700199365615845,
            0.41752201318740845,
            0.8318449854850769,
            0.10631900280714035,
            0.07606329768896103,
            -0.06725379824638367,
            0.9885299801826477,
            -0.135220006108284,
            0.07997620105743408,
            0.14043200016021729,
            0.9868549704551697
        ],
        [
            -0.006405999884009361,
            0.3666499853134155,
            -0.23771700263023376,
            0.598505973815918,
            0.2889780104160309,
            0.7581740021705627,
            0.0,
            1.0,
            0.0,
            0.0,
            0.0,
            1.0
        ]
    ],
    "ops": [
        [
            0,
            0,
            0,
            1,
            2,
            1,
            0,
            2,
            0,
            0,
            1,
            1,
            1,
            0,
            1
        ]
    ],
    "syms": [
        [
            0.0,
            0.9999439716339111,
            0.000664169027004391,
            -0.010536300018429756,
            -0.0072533502243459225,
            0.2549630105495453,
            0.08831360191106796,
            0.0
        ],
        [
            0.0,
            0.9993619918823242,
            0.031092999503016472,
            0.017565999180078506,
            -0.0014812200097367167,
            -0.42801499366760254,
            -0.3170340061187744,
            0.0
        ]
    ],
    "labels:": [
        [
            1,
            3,
            3,
            2,
            2,
            2,
            0
        ]
    ],
    "obj": 44082,
    "mat_index": 5648,
    "obbs": "N 10\n-0.359385 0.254729 0.0920239 0.257126 0.583895 -0.770034 0.964216 -0.208286 0.164029 -0.0646119 -0.784655 -0.616557 0.468934 0.0509682 0.118544\n0.344878 0.255197 0.0846032 0.0723708 -0.803675 -0.590652 0.960369 0.215976 -0.176199 0.269173 -0.554492 0.787454 0.125372 0.0560759 0.459445\n-0.334132 0.115891 -0.011802 -0.145106 -0.907461 -0.394283 0.961649 -0.223097 0.159558 -0.232756 -0.356009 0.905032 0.0808621 0.0402854 0.372314\n0.324199 0.11392 -0.00596545 0.157937 -0.890209 -0.427299 0.954595 0.248342 -0.164546 0.252596 -0.38191 0.889011 0.085873 0.0392447 0.38786\n-0.006406 0.36665 -0.237717 1 0 0 0 1 0 0 0 1 0.758174 0.598506 0.288978\n-0.346296 -0.449646 0.422013 -0.633487 -0.0519432 -0.772008 0.771193 -0.123487 -0.62451 -0.0628938 -0.990986 0.118286 0.114661 0.0875072 0.826745\n0.286057 -0.419069 -0.31198 0.92747 0.145794 -0.344301 0.363614 -0.137224 0.921387 0.0870866 -0.979752 -0.180284 0.0906823 0.0687908 0.903019\n-0.28902 -0.436961 -0.322088 0.0571846 0.982081 0.179575 -0.127196 -0.171237 0.976985 0.990228 -0.0787097 0.115125 0.865292 0.0573216 0.080746\n0.338935 -0.447002 0.417522 -0.0799762 -0.140432 -0.986855 0.994525 0.0555554 -0.0885035 0.0672538 -0.98853 0.13522 0.106319 0.0760633 0.831845\n-0.0063885 0.020827 0.0993165 1 0 0 0 1 0 0 0 1 0.825351 0.204938 0.755919\nC 23\n0 2\n0 4\n0 5\n0 9\n1 3\n1 4\n1 9\n1 8\n2 5\n2 9\n2 7\n2 4\n3 6\n3 9\n3 8\n3 4\n4 7\n4 9\n4 6\n5 9\n6 9\n7 9\n8 9\nS 3\n2\n0 -0.359385 0.254729 0.0920239\n1 0.344878 0.255197 0.0846032\n2\n-0.00725335 0.254963 0.0883136\n0.999944 0.000664169 -0.0105363\n2\n2 -0.334132 0.115891 -0.011802\n3 0.324199 0.11392 -0.00596545\n2\n-0.00496664 0.114905 -0.00888374\n0.999956 -0.00299373 0.00886535\n2\n6 0.286057 -0.419069 -0.31198\n7 -0.28902 -0.436961 -0.322088\n2\n-0.00148122 -0.428015 -0.317034\n-0.999362 -0.031093 -0.017566\nL 10\n3\n3\n3\n3\n0\n2\n2\n2\n2\n1"
}