{
    "boxes": [
        [
            0.003955530002713203,
            -0.13832800090312958,
            0.27326500415802,
            0.32027798891067505,
            0.7604349851608276,
            1.0546300411224365,
            0.012054099701344967,
            0.969573974609375,
            -0.24450300633907318,
            0.00149639998562634,
            0.24450300633907318,
            0.9696469902992249
        ],
        [
            1.1000000085914508e-05,
            -0.34178999066352844,
            0.04681650176644325,
            0.040963999927043915,
            0.05275899916887283,
            0.9409940242767334,
            0.0,
            1.0,
            0.0,
            0.0,
            0.0,
            1.0
        ],
        [
            -0.49490299820899963,
            -0.4643250107765198,
            0.33834099769592285,
            0.08814340084791183,
            0.6399589776992798,
            0.06977509707212448,
            0.1074339970946312,
            0.953328013420105,
            0.2821759879589081,
            -0.015519900247454643,
            -0.2821759879589081,
            0.9592369794845581
        ],
        [
            -0.4922719895839691,
            -0.4709320068359375,
            -0.19280800223350525,
            0.09946279972791672,
            0.5124920010566711,
            0.0905584990978241,
            0.6967920064926147,
            0.6685220003128052,
            -0.25992101430892944,
            -0.04123840108513832,
            0.3991119861602783,
            0.9159740209579468
        ],
        [
            0.003679269924759865,
            0.19605199992656708,
            -0.22596900165081024,
            0.7626389861106873,
            0.11103899776935577,
            1.0524499416351318,
            -0.00041576099465601146,
            0.9354829788208008,
            -0.3533720076084137,
            -0.0006014850223436952,
            0.3533720076084137,
            0.9354829788208008
        ],
        [
            0.0069975899532437325,
            0.38452398777008057,
            -0.37634700536727905,
            0.16395500302314758,
            0.020009199157357216,
            0.9805650115013123,
            -0.00031677799415774643,
            0.9757509827613831,
            -0.2188819944858551,
            -0.00039570999797433615,
            0.2188819944858551,
            0.9757509827613831
        ],
        [
            0.0017539199907332659,
            -0.055722400546073914,
            -0.20794600248336792,
            0.07871290296316147,
            0.020919499918818474,
            0.946386992931366,
            -0.0005901770200580359,
            0.8056439757347107,
            -0.5924000144004822,
            -0.0011665200581774116,
            0.592399001121521,
            0.8056439757347107
        ],
        [
            -0.4875450134277344,
            0.03427489846944809,
            -0.2038400024175644,
            0.9370269775390625,
            0.12216799706220627,
            0.07897129654884338,
            0.006167749874293804,
            0.8638139963150024,
            -0.5037720203399658,
            -0.11493699997663498,
            0.5010560154914856,
            0.8577489852905273
        ]
    ],
    "ops": [
        [
            0,
            0,
            0,
            0,
            1,
            2,
            1,
            1,
            0,
            0,
            1,
            0,
            0,
            2,
            1,
            1,
            1
        ]
    ],
    "syms": [
        [
            0.0,
            0.9999960064888,
            -0.0017005499685183167,
            0.002226470038294792,
            0.003846850013360381,
            -0.46517300605773926,
            0.33945199847221375,
            0.0
        ],
        [
            0.0,
            0.9999960064888,
            -0.0027779201045632362,
            -0.0006670369766652584,
            0.0024602499324828386,
            0.0329136997461319,
            -0.20416699349880219,
            0.0
        ]
    ],
    "labels:": [
        [
            1,
            2,
            2,
            2,
            0,
            0,
            0,
            0
        ]
    ],
    "obj": 44108,
    "mat_index": 5658,
    "obbs": "N 11\n0.00367927 0.196052 -0.225969 -0.000415761 0.935483 -0.353372 -0.000601485 0.353372 0.935483 1 0.000601485 0.000415761 0.762639 0.111039 1.05245\n0.00699759 0.384524 -0.376347 1 0.00039571 0.000316778 -0.00039571 0.218882 0.975751 0.000316778 -0.975751 0.218882 0.980565 0.0200092 0.163955\n0.00395553 -0.138328 0.273265 -0.0014964 -0.244503 -0.969647 0.0120541 0.969574 -0.244503 0.999926 -0.0120541 0.0014964 0.760435 0.320278 1.05463\n0.492465 0.0315525 -0.204494 -0.104814 -0.491162 -0.864739 0.994463 -0.0451738 -0.0948796 0.00753769 -0.869896 0.493177 0.114879 0.0827657 0.942046\n-0.487545 0.0342749 -0.20384 0.114937 -0.501056 -0.857749 0.993354 0.0526119 0.102375 -0.00616775 -0.863814 0.503772 0.122168 0.0789713 0.937027\n1.1e-05 -0.34179 0.0468165 1 0 0 0 1 0 0 0 1 0.940994 0.040964 0.052759\n0.00175392 -0.0557224 -0.207946 0.999999 0.00116652 0.000590177 -0.00116652 0.592399 0.805644 0.000590177 -0.805644 0.5924 0.946387 0.0209195 0.0787129\n0.502597 -0.466021 0.340562 -0.0144899 0.291454 -0.956475 -0.0970279 0.951651 0.291454 0.995176 0.0970279 0.0144899 0.636415 0.0850523 0.068749\n0.500629 -0.466343 -0.18473 -0.0579639 -0.386973 -0.920268 -0.660952 0.705728 -0.255128 0.748187 0.593464 -0.296677 0.531148 0.103186 0.0913476\n-0.492272 -0.470932 -0.192808 -0.716087 0.627525 -0.305667 0.696792 0.668522 -0.259921 0.0412384 -0.399112 -0.915974 0.0905585 0.0994628 0.512492\n-0.494903 -0.464325 0.338341 0.994091 -0.107434 -0.0155199 0.107434 0.953328 0.282176 -0.0155199 -0.282176 0.959237 0.0697751 0.0881434 0.639959\nC 34\n0 2\n0 7\n0 10\n0 3\n0 4\n0 5\n0 8\n0 1\n0 6\n0 9\n1 3\n1 4\n2 8\n2 5\n2 9\n2 6\n2 10\n2 3\n2 7\n2 4\n3 7\n3 6\n3 5\n3 8\n4 9\n4 10\n4 5\n4 6\n5 9\n5 8\n5 10\n5 7\n7 8\n9 10\nS 3\n2\n3 0.492465 0.0315525 -0.204494\n4 -0.487545 0.0342749 -0.20384\n2\n0.00246025 0.0329137 -0.204167\n-0.999996 0.00277792 0.000667037\n2\n7 0.502597 -0.466021 0.340562\n10 -0.494903 -0.464325 0.338341\n2\n0.00384685 -0.465173 0.339452\n-0.999996 0.00170055 -0.00222647\n2\n8 0.500629 -0.466343 -0.18473\n9 -0.492272 -0.470932 -0.192808\n2\n0.00417844 -0.468637 -0.188769\n-0.999956 -0.00462109 -0.00813502\nL 11\n0\n0\n1\n0\n0\n2\n0\n2\n2\n2\n2"
}