{
    "boxes": [
        [
            0.009410999715328217,
            -0.04393849894404411,
            0.043866898864507675,
            0.07137899845838547,
            0.8264619708061218,
            0.8796560168266296,
            -5.543280057196398e-09,
            0.9969819784164429,
            -0.07763929665088654,
            -2.1551299633770782e-10,
            0.07763929665088654,
            0.9969819784164429
        ],
        [
            -0.3977150022983551,
            0.5386250019073486,
            -0.092289999127388,
            0.13071000576019287,
            0.4953620135784149,
            0.06834200024604797,
            0.0,
            1.0,
            0.0,
            0.0,
            0.0,
            1.0
        ],
        [
            -0.403315007686615,
            0.2454340010881424,
            0.02037220075726509,
            0.6393769979476929,
            0.2125380039215088,
            0.05420399829745293,
            -2.1117700015819122e-16,
            0.9510570168495178,
            0.30901700258255005,
            6.861559795822911e-17,
            -0.30901700258255005,
            0.9510570168495178
        ],
        [
            0.30444300174713135,
            -0.4448620080947876,
            -0.25363799929618835,
            0.7801669836044312,
            0.12828299403190613,
            0.07256930321455002,
            -0.30585500597953796,
            0.8967229723930359,
            0.3199079930782318,
            -0.4351649880409241,
            -0.430527001619339,
            0.7907450199127197
        ],
        [
            -0.29385098814964294,
            -0.4531410038471222,
            -0.255748987197876,
            0.759880006313324,
            0.07274380326271057,
            0.13506799936294556,
            0.3292100131511688,
            0.8869820237159729,
            0.32385799288749695,
            -0.6628599762916565,
            -0.02717830054461956,
            0.7482500076293945
        ],
        [
            0.013754299841821194,
            0.5398960113525391,
            -0.34428900480270386,
            0.14355100691318512,
            0.15179599821567535,
            0.8635960221290588,
            -0.0024625801015645266,
            0.9998599886894226,
            -0.016561899334192276,
            -0.002503700088709593,
            0.016555799171328545,
            0.9998599886894226
        ]
    ],
    "ops": [
        [
            0,
            0,
            0,
            1,
            2,
            1,
            0,
            0,
            1,
            2,
            1,
            0,
            1
        ]
    ],
    "syms": [
        [
            0.0,
            0.9999989867210388,
            0.0003924049960914999,
            0.001187019981443882,
            0.010026800446212292,
            0.5387849807739258,
            -0.09180600196123123,
            0.0
        ],
        [
            0.0,
            0.07101990282535553,
            0.020939400419592857,
            0.9972550272941589,
            0.3278310000896454,
            -0.437965989112854,
            0.0747779980301857,
            0.0
        ]
    ],
    "labels:": [
        [
            1,
            3,
            3,
            2,
            2,
            0
        ]
    ],
    "obj": 44179,
    "mat_index": 5685,
    "obbs": "N 10\n0.0137543 0.539896 -0.344289 -0.00246258 0.99986 -0.0165619 -0.0025037 0.0165558 0.99986 0.999994 0.0025037 0.00246258 0.143551 0.151796 0.863596\n0.417768 0.538945 -0.091322 1 0 0 0 1 0 0 0 1 0.065879 0.133058 0.493228\n-0.397715 0.538625 -0.09229 1 0 0 0 1 0 0 0 1 0.068342 0.13071 0.495362\n0.009411 -0.0439385 0.0438669 1 5.54328e-09 -2.15513e-10 -5.54328e-09 0.996982 -0.0776393 -2.15513e-10 0.0776393 0.996982 0.879656 0.071379 0.826462\n0.35122 -0.43107 0.403194 0.158219 -0.96327 0.216973 0.80306 -0.00231916 -0.595894 0.57451 0.268524 0.773196 0.751567 0.0787067 0.129573\n-0.334285 -0.430524 0.402457 0.829456 -0.249125 -0.49994 0.534746 0.0955419 0.839594 -0.161399 -0.963747 0.212467 0.129251 0.0710184 0.751493\n-0.293851 -0.453141 -0.255749 0.32921 0.886982 0.323858 -0.66286 -0.0271783 0.74825 0.672486 -0.461004 0.578997 0.75988 0.0727438 0.135068\n0.304443 -0.444862 -0.253638 -0.305855 0.896723 0.319908 0.846808 0.102641 0.521901 0.435165 0.430527 -0.790745 0.780167 0.0725693 0.128283\n0.422137 0.245434 0.0203722 2.11177e-16 -0.951057 -0.309017 1 2.22045e-16 0 6.86156e-17 -0.309017 0.951057 0.639377 0.054204 0.212538\n-0.403315 0.245434 0.0203722 2.11177e-16 -0.951057 -0.309017 1 2.22045e-16 0 6.86156e-17 -0.309017 0.951057 0.639377 0.054204 0.212538\nC 16\n0 1\n0 9\n0 8\n0 2\n1 8\n2 9\n3 8\n3 9\n3 6\n3 7\n3 4\n3 5\n4 8\n6 9\n6 7\n7 8\nS 4\n2\n1 0.417768 0.538945 -0.091322\n2 -0.397715 0.538625 -0.09229\n2\n0.0100268 0.538785 -0.091806\n-0.999999 -0.000392405 -0.00118702\n2\n4 0.35122 -0.43107 0.403194\n7 0.304443 -0.444862 -0.253638\n2\n0.327831 -0.437966 0.074778\n-0.0710199 -0.0209394 -0.997255\n2\n5 -0.334285 -0.430524 0.402457\n6 -0.293851 -0.453141 -0.255749\n2\n-0.314068 -0.441832 0.073354\n0.0612788 -0.0342776 -0.997532\n2\n8 0.422137 0.245434 0.0203722\n9 -0.403315 0.245434 0.0203722\n2\n0.009411 0.245434 0.0203722\n-1 0 0\nL 10\n0\n3\n3\n1\n2\n2\n2\n2\n3\n3"
}