{
    "boxes": [
        [
            -0.016963999718427658,
            -0.0941229984164238,
            0.056093499064445496,
            0.23648999631404877,
            0.8673290014266968,
            0.9912059903144836,
            0.0,
            1.0,
            0.0,
            0.0,
            0.0,
            1.0
        ],
        [
            -0.47443199157714844,
            0.07907120138406754,
            0.4165650010108948,
            0.612205982208252,
            0.046806901693344116,
            0.07531949877738953,
            -0.1330610066652298,
            0.9911069869995117,
            0.0011226700153201818,
            -0.02864539995789528,
            -0.004978050012141466,
            0.999576985836029
        ],
        [
            -0.4776670038700104,
            0.29545798897743225,
            0.04605640098452568,
            0.17305000126361847,
            0.7136930227279663,
            0.21074600517749786,
            0.6083080172538757,
            0.7827420234680176,
            0.13144099712371826,
            -0.20862600207328796,
            -0.0020945100113749504,
            0.9779930114746094
        ],
        [
            -0.4494749903678894,
            0.20363099873065948,
            0.03458229824900627,
            0.02796350046992302,
            0.7720270156860352,
            0.15170499682426453,
            0.0026441600639373064,
            0.9999960064888,
            0.000448459992185235,
            -0.25881901383399963,
            0.0002511790080461651,
            0.9659259915351868
        ],
        [
            -0.42218801379203796,
            -0.4638180136680603,
            0.058813199400901794,
            0.029152600094676018,
            0.7239000201225281,
            0.14821499586105347,
            -0.012078899890184402,
            0.999925971031189,
            -0.001556050032377243,
            -0.25880900025367737,
            -0.001623230054974556,
            0.965927004814148
        ],
        [
            -0.45181798934936523,
            -0.49891000986099243,
            0.4168910086154938,
            0.5947920083999634,
            0.05263400077819824,
            0.05265599861741066,
            0.0,
            1.0,
            0.0,
            0.0,
            0.0,
            1.0
        ],
        [
            -0.30157700181007385,
            -0.4584900140762329,
            -0.25989899039268494,
            0.6773020029067993,
            0.05344900116324425,
            0.05327099934220314,
            0.0,
            1.0,
            0.0,
            0.0,
            0.0,
            1.0
        ],
        [
            -0.017002500593662262,
            -0.46373000741004944,
            0.022359000518918037,
            0.028040999546647072,
            0.7995359897613525,
            0.98574298620224,
            0.0,
            1.0,
            0.0,
            0.0,
            0.0,
            1.0
        ],
        [
            -0.016650499776005745,
            -0.3275179862976074,
            0.38804998993873596,
            0.0268716998398304,
            0.08223369717597961,
            0.8581749796867371,
            3.6145600461168215e-05,
            1.0,
            -0.0008025059942156076,
            1.4503600098692004e-08,
            0.0008025059942156076,
            1.0
        ],
        [
            -0.3377160131931305,
            0.22570599615573883,
            -0.2997640073299408,
            0.8298460245132446,
            0.08332160115242004,
            0.04859999939799309,
            -0.11925400048494339,
            0.9835789799690247,
            -0.13546499609947205,
            0.6765599846839905,
            0.18036100268363953,
            0.7139589786529541
        ],
        [
            -0.010655900463461876,
            0.4286090135574341,
            -0.395236998796463,
            0.4783490002155304,
            0.2039259970188141,
            0.7585870027542114,
            1.8827299754775595e-06,
            0.9485939741134644,
            -0.31649601459503174,
            2.6129200705327094e-06,
            0.31649601459503174,
            0.9485939741134644
        ],
        [
            -0.010877000167965889,
            0.20366500318050385,
            0.0013050000416114926,
            0.02812900021672249,
            0.8396000266075134,
            1.0646799802780151,
            0.0,
            1.0,
            0.0,
            0.0,
            0.0,
            1.0
        ]
    ],
    "ops": [
        [
            0,
            0,
            0,
            0,
            1,
            1,
            2,
            1,
            0,
            0,
            1,
            2,
            0,
            2,
            0,
            0,
            1,
            1,
            1,
            1,
            0,
            2,
            0,
            0,
            1,
            1,
            1
        ]
    ],
    "syms": [
        [
            0.0,
            0.9999290108680725,
            -0.011934000067412853,
            -0.0001114249971578829,
            -0.016752900555729866,
            0.0736088976264,
            0.41651400923728943,
            0.0
        ],
        [
            0.0,
            0.9999279975891113,
            0.0001511650043539703,
            0.012001999653875828,
            -0.011636300012469292,
            -0.4637559950351715,
            0.06374099850654602,
            0.0
        ],
        [
            0.0,
            0.9982420206069946,
            -0.0592678003013134,
            -3.332559936097823e-05,
            -0.01701129972934723,
            -0.47538501024246216,
            -0.259907990694046,
            0.0
        ],
        [
            0.0,
            0.9997559785842896,
            -0.02196509949862957,
            -0.0022945699747651815,
            -0.016266299411654472,
            0.21864399313926697,
            -0.3005009889602661,
            0.0
        ]
    ],
    "labels:": [
        [
            1,
            3,
            3,
            3,
            2,
            2,
            2,
            2,
            2,
            0,
            0,
            0
        ]
    ],
    "obj": 44199,
    "mat_index": 5695,
    "obbs": "N 19\n-0.0106559 0.428609 -0.395237 1 -2.61292e-06 -1.88273e-06 2.61292e-06 0.316496 0.948594 -1.88273e-06 -0.948594 0.316496 0.758587 0.203926 0.478349\n-0.010877 0.203665 0.001305 1 0 0 0 1 0 0 0 1 1.06468 0.028129 0.8396\n-0.016964 -0.094123 0.0560935 1 0 0 0 1 0 0 0 1 0.991206 0.23649 0.867329\n0.305183 0.211582 -0.301239 0.667785 -0.19287 -0.718933 0.732784 0.000704851 0.680461 -0.130734 -0.981224 0.141802 0.0892733 0.0471472 0.856883\n-0.337716 0.225706 -0.299764 -0.67656 -0.180361 -0.713959 0.726667 -0.00650715 -0.686959 0.119254 -0.983579 0.135465 0.0833216 0.0486 0.829846\n0.460651 0.295481 0.0459924 0.777966 0.606518 -0.164027 -0.59246 0.795061 0.129882 0.209187 -0.00386484 0.977868 0.21041 0.17399 0.713715\n0.429678 0.20372 0.0364011 0.965918 -0.00415222 -0.258816 0.00392769 0.999991 -0.00138461 0.25882 0.000320869 0.965926 0.149781 0.0284986 0.766887\n-0.477667 0.295458 0.0460564 -0.765792 0.622343 -0.162027 0.608308 0.782742 0.131441 0.208626 0.00209451 -0.977993 0.210746 0.17305 0.713693\n-0.449475 0.203631 0.0345823 -0.965922 0.00267013 -0.258818 0.00264416 0.999996 0.00044846 0.258819 -0.000251179 -0.965926 0.151705 0.0279635 0.772027\n0.440926 0.0681466 0.416463 -0.987291 0.145678 -0.0635202 -0.0631941 0.00686949 0.997978 0.14582 0.989308 0.00242381 0.078895 0.0481963 0.633953\n-0.474432 0.0790712 0.416565 0.990694 0.132973 0.029053 -0.0286454 -0.00497805 0.999577 0.133061 -0.991107 -0.00112267 0.0753195 0.0468069 0.612206\n0.398916 -0.463694 0.0686689 -0.207912 3.48066e-05 -0.978148 -0.00160959 0.999999 0.000377714 0.978146 0.00165295 -0.207911 0.704504 0.028116 0.13235\n-0.0170025 -0.46373 0.022359 1 0 0 0 1 0 0 0 1 0.985743 0.028041 0.799536\n-0.422188 -0.463818 0.0588132 0.258809 0.00162323 -0.965927 -0.0120789 0.999926 -0.00155605 0.965853 0.0120701 0.25881 0.7239 0.0291526 0.148215\n-0.0166505 -0.327518 0.38805 -1.45036e-08 -0.000802506 -1 3.61456e-05 1 -0.000802506 1 -3.61456e-05 1.45036e-08 0.0822337 0.0268717 0.858175\n-0.451818 -0.49891 0.416891 1 0 0 0 1 0 0 0 1 0.052656 0.594792 0.052634\n-0.301577 -0.45849 -0.259899 1 0 0 0 1 0 0 0 1 0.053271 0.677302 0.053449\n0.267554 -0.492281 -0.259918 1 0 0 0 1 0 0 0 1 0.053432 0.609785 0.053403\n0.41789 -0.502045 0.416891 1 0 0 0 1 0 0 0 1 0.052656 0.588522 0.052634\nC 69\n0 2\n0 7\n0 3\n0 4\n0 5\n0 8\n0 1\n0 6\n1 3\n1 6\n1 2\n1 5\n1 10\n1 4\n1 9\n1 8\n1 7\n2 18\n2 8\n2 12\n2 5\n2 9\n2 13\n2 16\n2 6\n2 10\n2 3\n2 14\n2 17\n2 7\n2 11\n2 15\n2 4\n3 11\n3 17\n3 6\n3 5\n4 7\n4 8\n4 16\n5 9\n5 6\n6 9\n7 10\n7 8\n8 10\n9 18\n9 11\n9 14\n9 12\n10 15\n10 12\n10 13\n10 14\n11 14\n11 18\n11 12\n11 17\n12 16\n12 13\n12 17\n12 14\n12 18\n12 15\n13 16\n13 15\n13 14\n14 18\n14 15\nS 7\n2\n3 0.305183 0.211582 -0.301239\n4 -0.337716 0.225706 -0.299764\n2\n-0.0162663 0.218644 -0.300501\n-0.999756 0.0219651 0.00229457\n2\n5 0.460651 0.295481 0.0459924\n7 -0.477667 0.295458 0.0460564\n2\n-0.00850796 0.29547 0.0460244\n-1 -2.45007e-05 6.8214e-05\n2\n6 0.429678 0.20372 0.0364011\n8 -0.449475 0.203631 0.0345823\n2\n-0.00989862 0.203675 0.0354917\n-0.999998 -0.000101297 -0.00206878\n2\n9 0.440926 0.0681466 0.416463\n10 -0.474432 0.0790712 0.416565\n2\n-0.0167529 0.0736089 0.416514\n-0.999929 0.011934 0.000111425\n2\n11 0.398916 -0.463694 0.0686689\n13 -0.422188 -0.463818 0.0588132\n2\n-0.0116363 -0.463756 0.063741\n-0.999928 -0.000151165 -0.012002\n2\n15 -0.451818 -0.49891 0.416891\n18 0.41789 -0.502045 0.416891\n2\n-0.016964 -0.500477 0.416891\n0.999994 -0.00360463 0\n2\n16 -0.301577 -0.45849 -0.259899\n17 0.267554 -0.492281 -0.259918\n2\n-0.0170113 -0.475385 -0.259908\n0.998242 -0.0592678 -3.33256e-05\nL 19\n0\n0\n1\n0\n0\n3\n3\n3\n3\n3\n3\n2\n2\n2\n2\n2\n2\n2\n2"
}