{
    "boxes": [
        [
            0.0030785000417381525,
            -0.16746799647808075,
            0.16583499312400818,
            0.36980101466178894,
            1.1312600374221802,
            0.9414010047912598,
            0.0,
            1.0,
            0.0,
            0.0,
            0.0,
            1.0
        ],
        [
            -0.46998998522758484,
            0.2261209934949875,
            0.027610400691628456,
            0.08861439675092697,
            0.537775993347168,
            0.10139200091362,
            0.28591200709342957,
            0.9422289729118347,
            -0.1745229959487915,
            -0.07457850128412247,
            0.20345300436019897,
            0.9762399792671204
        ],
        [
            -0.454818993806839,
            -0.03750310093164444,
            -0.3181209862232208,
            0.48563098907470703,
            0.11044099926948547,
            0.07336779683828354,
            0.009175639599561691,
            0.893688976764679,
            0.44859299063682556,
            0.6740869879722595,
            -0.336885005235672,
            0.657355010509491
        ],
        [
            -0.47387900948524475,
            -0.40814799070358276,
            -0.46408501267433167,
            0.3692289888858795,
            0.1015859991312027,
            0.04934769868850708,
            0.11360900104045868,
            0.9401789903640747,
            0.32117998600006104,
            0.3065569996833801,
            -0.34067198634147644,
            0.8888000249862671
        ],
        [
            -0.4889880120754242,
            -0.5685269832611084,
            -0.5175679922103882,
            0.010669000446796417,
            0.08240749686956406,
            0.03674840182065964,
            8.755559832707149e-08,
            1.0,
            -1.2975799990044834e-08,
            0.30901700258255005,
            -1.4715399565545795e-08,
            0.9510570168495178
        ],
        [
            -0.4077039957046509,
            -0.3475170135498047,
            0.7009260058403015,
            0.4446159899234772,
            0.12157700210809708,
            0.04342550039291382,
            0.020162099972367287,
            0.9992390275001526,
            -0.033397600054740906,
            -0.4186350107192993,
            0.03877260163426399,
            0.9073259830474854
        ],
        [
            -0.40915700793266296,
            -0.568526029586792,
            0.7112810015678406,
            0.010669000446796417,
            0.08239659667015076,
            0.03688120096921921,
            7.668170098895644e-08,
            1.0,
            7.025190029708028e-08,
            -0.40673699975013733,
            -3.2988999976169e-08,
            0.9135450124740601
        ],
        [
            0.002494269981980324,
            0.23636500537395477,
            -0.3425469994544983,
            0.8116419911384583,
            0.19971400499343872,
            0.8034650087356567,
            -0.005584950093179941,
            0.9319180250167847,
            -0.3626269996166229,
            -0.008165880106389523,
            0.36257800459861755,
            0.9319180250167847
        ]
    ],
    "ops": [
        [
            0,
            0,
            0,
            1,
            2,
            1,
            0,
            0,
            1,
            0,
            0,
            1,
            1,
            2,
            1,
            0,
            1
        ]
    ],
    "syms": [
        [
            0.0,
            0.9999549984931946,
            0.004922380205243826,
            0.008153829723596573,
            0.004301909822970629,
            0.22845500707626343,
            0.031477801501750946,
            0.0
        ],
        [
            0.0,
            0.9999200105667114,
            0.0037348601035773754,
            0.012117099948227406,
            0.002107319887727499,
            -0.40637001395225525,
            -0.45831701159477234,
            0.0
        ]
    ],
    "labels:": [
        [
            1,
            3,
            3,
            2,
            2,
            2,
            2,
            0
        ]
    ],
    "obj": 2925,
    "mat_index": 570,
    "obbs": "N 14\n0.00249427 0.236365 -0.342547 0.999951 0.00816588 0.00558495 -0.00816588 0.362578 0.931918 0.00558495 -0.931918 0.362627 0.803465 0.199714 0.811642\n0.0030785 -0.167468 0.165835 1 0 0 0 1 0 0 0 1 0.941401 0.369801 1.13126\n0.478594 0.23079 0.0353453 0.956274 0.263382 -0.12716 -0.282395 0.944634 -0.167093 0.07611 0.195696 0.977707 0.101276 0.0816329 0.520813\n-0.46999 0.226121 0.0276104 -0.955349 0.266103 -0.12844 0.285912 0.942229 -0.174523 0.0745785 -0.203453 -0.97624 0.101392 0.0886144 0.537776\n0.464521 -0.0202461 -0.30809 -0.00527335 0.883137 0.469086 0.75999 -0.301334 0.575859 0.649914 0.359537 -0.669586 0.495651 0.0762406 0.115229\n-0.454819 -0.0375031 -0.318121 -0.00917564 -0.893689 -0.448593 0.738595 0.296359 -0.605515 0.674087 -0.336885 0.657355 0.485631 0.0733678 0.110441\n0.478093 -0.404592 -0.452549 -0.114274 0.947566 0.298429 0.929544 -0.00401512 0.368689 0.350555 0.319535 -0.880346 0.382161 0.0535242 0.120548\n0.415729 -0.34655 0.69841 0.00341851 -0.999986 -0.0040064 0.891915 0.00486069 -0.452178 0.452191 -0.00202759 0.891919 0.444285 0.045402 0.113444\n-0.407704 -0.347517 0.700926 0.418635 -0.0387726 -0.907326 0.907931 -0.00431222 0.419098 -0.0201621 -0.999239 0.0333976 0.121577 0.0434255 0.444616\n-0.473879 -0.408148 -0.464085 -0.306557 0.340672 -0.8888 0.945048 -0.00251614 -0.326922 -0.113609 -0.940179 -0.32118 0.101586 0.0493477 0.369229\n-0.488988 -0.568527 -0.517568 0.951057 -8.72801e-08 -0.309017 8.75556e-08 1 -1.29758e-08 0.309017 -1.47154e-08 0.951057 0.0367484 0.010669 0.0824075\n0.502251 -0.568527 -0.517568 0.309017 -3.64733e-08 -0.951057 -5.08452e-08 1 -5.48709e-08 0.951057 6.53127e-08 0.309017 0.0824078 0.010669 0.0367484\n0.42242 -0.568526 0.711281 0.913545 -1.10454e-07 -0.406737 9.01822e-08 1 -6.90085e-08 0.406737 2.63621e-08 0.913545 0.0368812 0.010669 0.082397\n-0.409157 -0.568526 0.711281 -0.913545 9.86262e-08 -0.406737 7.66817e-08 1 7.02519e-08 0.406737 3.2989e-08 -0.913545 0.0368812 0.010669 0.0823966\nC 27\n0 2\n0 3\n0 4\n0 5\n0 1\n0 6\n0 9\n1 3\n1 6\n1 11\n1 2\n1 5\n1 10\n1 13\n1 4\n1 9\n1 12\n1 8\n1 7\n2 4\n3 5\n4 6\n5 9\n6 11\n7 12\n8 13\n9 10\nS 6\n2\n2 0.478594 0.23079 0.0353453\n3 -0.46999 0.226121 0.0276104\n2\n0.00430191 0.228455 0.0314778\n-0.999955 -0.00492238 -0.00815383\n2\n4 0.464521 -0.0202461 -0.30809\n5 -0.454819 -0.0375031 -0.318121\n2\n0.00485106 -0.0288746 -0.313106\n-0.999764 -0.0187667 -0.0109084\n2\n6 0.478093 -0.404592 -0.452549\n9 -0.473879 -0.408148 -0.464085\n2\n0.00210732 -0.40637 -0.458317\n-0.99992 -0.00373486 -0.0121171\n2\n7 0.415729 -0.34655 0.69841\n8 -0.407704 -0.347517 0.700926\n2\n0.00401259 -0.347033 0.699668\n-0.999995 -0.0011742 0.00305506\n2\n10 -0.488988 -0.568527 -0.517568\n11 0.502251 -0.568527 -0.517568\n2\n0.00663152 -0.568527 -0.517568\n1 -5.60018e-15 -1.48245e-07\n2\n12 0.42242 -0.568526 0.711281\n13 -0.409157 -0.568526 0.711281\n2\n0.00663154 -0.568526 0.711281\n-1 1.81571e-14 -2.23414e-07\nL 14\n0\n1\n3\n3\n3\n3\n2\n2\n2\n2\n2\n2\n2\n2"
}