{
    "boxes": [
        [
            1.4937199921405409e-06,
            0.12640200555324554,
            0.09781459718942642,
            0.06731060147285461,
            0.851419985294342,
            0.8514189720153809,
            -1.795400003527011e-14,
            0.9993910193443298,
            -0.034899499267339706,
            -0.10452800244092941,
            0.03470829874277115,
            0.9939159750938416
        ],
        [
            -0.2823120057582855,
            -0.33060699701309204,
            -0.29535698890686035,
            0.9986159801483154,
            0.2541959881782532,
            0.0940873995423317,
            0.13868999481201172,
            0.9247490167617798,
            0.3544059991836548,
            0.30640900135040283,
            -0.380374014377594,
            0.8725990056991577
        ],
        [
            -0.35484299063682556,
            -0.333950012922287,
            0.4084779918193817,
            0.9599829912185669,
            0.09272640198469162,
            0.27946600317955017,
            0.18131400644779205,
            0.9666010141372681,
            -0.18112599849700928,
            0.705249011516571,
            0.0005585469771176577,
            0.7089599967002869
        ],
        [
            6.899389700265601e-05,
            0.6177629828453064,
            -0.37609100341796875,
            0.13553200662136078,
            0.14425300061702728,
            0.932004988193512,
            -0.0009110799874179065,
            0.976347029209137,
            -0.2162099927663803,
            -0.0011349100386723876,
            0.21620799601078033,
            0.976347029209137
        ],
        [
            -0.2979690134525299,
            0.23548999428749084,
            -0.35977301001548767,
            0.8960850238800049,
            0.09871459752321243,
            0.10068900138139725,
            -0.021359000355005264,
            0.9928330183029175,
            -0.11758899688720703,
            0.3791140019893646,
            0.11687500029802322,
            0.9179390072822571
        ]
    ],
    "ops": [
        [
            0,
            0,
            0,
            1,
            2,
            1,
            0,
            0,
            2,
            1,
            1
        ]
    ],
    "syms": [
        [
            0.0,
            0.9999930262565613,
            0.0023663800675421953,
            -0.0030131100211292505,
            0.0005141819710843265,
            -0.32993701100349426,
            -0.2962090075016022,
            0.0
        ],
        [
            0.0,
            1.0,
            0.0006033689714968204,
            0.0005304929800331593,
            0.000357398996129632,
            0.23567000031471252,
            -0.3596140146255493,
            0.0
        ]
    ],
    "labels:": [
        [
            1,
            2,
            2,
            0,
            0
        ]
    ],
    "obj": 44259,
    "mat_index": 5728,
    "obbs": "N 8\n6.89939e-05 0.617763 -0.376091 -0.00091108 0.976347 -0.21621 -0.00113491 0.216208 0.976347 0.999999 0.00113491 0.00091108 0.135532 0.144253 0.932005\n1.49372e-06 0.126402 0.0978146 -0.994522 -0.00364799 -0.104465 -1.7954e-14 0.999391 -0.0348995 0.104528 -0.0347083 -0.993916 0.851419 0.0673106 0.85142\n0.298683 0.23585 -0.359456 -0.934707 0.00357108 -0.3554 -0.352566 0.117116 0.92843 0.0449384 0.993112 -0.10821 0.106918 0.0963607 0.897421\n-0.297969 0.23549 -0.359773 -0.021359 0.992833 -0.117589 0.379114 0.116875 0.917939 0.925103 -0.0249734 -0.378893 0.896085 0.0987146 0.100689\n-0.282312 -0.330607 -0.295357 -0.306409 0.380374 -0.872599 0.941742 -0.0124274 -0.336105 -0.13869 -0.924749 -0.354406 0.254196 0.0940874 0.998616\n0.28334 -0.329268 -0.297061 0.142119 -0.922349 -0.359269 0.941293 0.0136482 0.337315 -0.306219 -0.386116 0.87014 0.9989 0.0932559 0.253362\n0.354212 -0.334757 0.407074 -0.180471 0.967693 -0.176068 -0.702194 -0.00141423 0.711984 0.688733 0.252126 0.679764 0.959983 0.0953021 0.280205\n-0.354843 -0.33395 0.408478 0.181314 0.966601 -0.181126 0.705249 0.000558547 0.70896 0.685383 -0.256284 -0.681593 0.959983 0.0927264 0.279466\nC 12\n0 3\n0 2\n1 2\n1 3\n1 4\n1 5\n1 6\n1 7\n2 5\n3 4\n4 7\n5 6\nS 3\n2\n2 0.298683 0.23585 -0.359456\n3 -0.297969 0.23549 -0.359773\n2\n0.000357399 0.23567 -0.359614\n-1 -0.000603369 -0.000530493\n2\n4 -0.282312 -0.330607 -0.295357\n5 0.28334 -0.329268 -0.297061\n2\n0.000514182 -0.329937 -0.296209\n0.999993 0.00236638 -0.00301311\n2\n6 0.354212 -0.334757 0.407074\n7 -0.354843 -0.33395 0.408478\n2\n-0.00031545 -0.334354 0.407776\n-0.999997 0.00113884 0.00198006\nL 8\n0\n1\n0\n0\n2\n2\n2\n2"
}