{
    "boxes": [
        [
            -0.04130600020289421,
            -0.15660999715328217,
            0.08326549828052521,
            0.14207400381565094,
            0.636883020401001,
            1.6593400239944458,
            -7.549350197441642e-19,
            1.0,
            0.0,
            0.0,
            -0.0,
            1.0
        ],
        [
            -0.8233500123023987,
            0.05745600163936615,
            0.11726299673318863,
            0.2841480076313019,
            0.5095070004463196,
            0.06858699768781662,
            0.0,
            1.0,
            0.0,
            0.0,
            0.0,
            1.0
        ],
        [
            0.7398099899291992,
            -0.3300429880619049,
            -0.1310189962387085,
            0.22063800692558289,
            0.08536239713430405,
            0.08638360351324081,
            0.001656319946050644,
            0.9999970197677612,
            0.0016976699698716402,
            -0.6274880170822144,
            -0.00028253000346012414,
            0.778626024723053
        ],
        [
            -0.8268470168113708,
            -0.3300839960575104,
            -0.1320440024137497,
            0.22177499532699585,
            0.10914599895477295,
            0.11009100079536438,
            0.012686899863183498,
            0.9999079704284668,
            0.004855989944189787,
            -0.14333100616931915,
            -0.0029876800253987312,
            0.9896699786186218
        ],
        [
            -0.04614200070500374,
            0.2129790037870407,
            -0.1624470055103302,
            0.5971029996871948,
            0.07159099727869034,
            1.6407300233840942,
            0.0,
            1.0,
            0.0,
            0.0,
            0.0,
            1.0
        ]
    ],
    "ops": [
        [
            0,
            0,
            2,
            1,
            0,
            0,
            1,
            2,
            1,
            0,
            1
        ]
    ],
    "syms": [
        [
            0.0,
            0.9999840259552002,
            -0.0,
            0.005624989978969097,
            -0.03949429839849472,
            0.05745600163936615,
            0.12167300283908844,
            0.0
        ],
        [
            0.0,
            -4.681679911300307e-06,
            -2.7019100912184513e-07,
            1.0,
            0.7398080229759216,
            -0.3300429880619049,
            0.09433870017528534,
            0.0
        ]
    ],
    "labels:": [
        [
            1,
            3,
            2,
            2,
            0
        ]
    ],
    "obj": 44265,
    "mat_index": 5732,
    "obbs": "N 8\n-0.046142 0.212979 -0.162447 1 0 0 0 1 0 0 0 1 1.64073 0.597103 0.071591\n0.744362 0.057456 0.126082 1 0 0 0 1 0 0 0 1 0.068588 0.284148 0.509506\n-0.82335 0.057456 0.117263 1 0 0 0 1 0 0 0 1 0.068587 0.284148 0.509507\n-0.041306 -0.15661 0.0832655 1 7.54935e-19 0 -7.54935e-19 1 0 0 -0 1 1.65934 0.142074 0.636883\n0.73981 -0.330043 -0.131019 0.00165632 0.999997 0.00169767 -0.627488 -0.00028253 0.778626 0.778624 -0.00235493 0.627486 0.220638 0.0853624 0.0863836\n0.739807 -0.330043 0.319696 0.00162429 0.999997 0.00167329 -0.62752 -0.000283555 0.778601 0.778599 -0.00231469 0.627518 0.220635 0.0853597 0.0863785\n-0.826847 -0.330084 -0.132044 0.0126869 0.999908 0.00485599 -0.143331 -0.00298768 0.98967 0.989593 -0.0132518 0.14328 0.221775 0.109146 0.110091\n-0.826845 -0.330084 0.318673 0.0127127 0.999907 0.00486066 -0.143305 -0.00298895 0.989674 0.989597 -0.013278 0.143254 0.221778 0.109147 0.110093\nC 15\n0 1\n0 6\n0 4\n0 3\n0 2\n1 3\n1 4\n1 5\n2 7\n2 6\n2 3\n3 6\n3 7\n3 4\n3 5\nS 3\n2\n1 0.744362 0.057456 0.126082\n2 -0.82335 0.057456 0.117263\n2\n-0.0394943 0.057456 0.121673\n-0.999984 0 -0.00562499\n2\n4 0.73981 -0.330043 -0.131019\n5 0.739807 -0.330043 0.319696\n2\n0.739808 -0.330043 0.0943387\n-4.68168e-06 -2.70191e-07 1\n2\n6 -0.826847 -0.330084 -0.132044\n7 -0.826845 -0.330084 0.318673\n2\n-0.826846 -0.330084 0.0933143\n4.52058e-06 -2.68126e-07 1\nL 8\n0\n3\n3\n1\n2\n2\n2\n2"
}