{
    "boxes": [
        [
            -0.020993400365114212,
            -0.14221400022506714,
            0.08595199882984161,
            0.2141059935092926,
            0.8679050207138062,
            0.8925529718399048,
            -0.0371847003698349,
            0.9992020130157471,
            0.014568500220775604,
            0.00027097100974060595,
            -0.014568500220775604,
            0.9998940229415894
        ],
        [
            -0.5012019872665405,
            0.059943899512290955,
            0.09709849953651428,
            0.6014310121536255,
            0.843986988067627,
            0.16610600054264069,
            -0.40035098791122437,
            0.9163619875907898,
            -0.0005234479904174805,
            0.0005234479904174805,
            0.0007999140070751309,
            1.0
        ],
        [
            -0.5941100120544434,
            -0.3131529986858368,
            -0.2742449939250946,
            0.061231400817632675,
            0.04765550047159195,
            0.363415002822876,
            -0.5498809814453125,
            0.8350279927253723,
            -0.018964899703860283,
            -0.006394010037183762,
            0.0184968002140522,
            0.9998080134391785
        ],
        [
            -0.5985919833183289,
            -0.3128669857978821,
            0.49672698974609375,
            0.05816499888896942,
            0.052813198417425156,
            0.37894099950790405,
            -0.5356780290603638,
            0.770421028137207,
            0.3456900119781494,
            0.19182899594306946,
            -0.2876499891281128,
            0.9383280277252197
        ],
        [
            -0.7190030217170715,
            -0.42293599247932434,
            0.11252900213003159,
            0.027856599539518356,
            0.8126770257949829,
            0.06024400144815445,
            -0.6588190197944641,
            0.7523009777069092,
            0.0003875110123772174,
            0.00014569399354513735,
            -0.0003875110123772174,
            1.0
        ],
        [
            -0.013435100205242634,
            0.18955500423908234,
            -0.374083012342453,
            0.8650100231170654,
            0.14089399576187134,
            0.8316599726676941,
            -0.004921529907733202,
            0.9891970157623291,
            -0.14650900661945343,
            -0.005704060196876526,
            0.146479994058609,
            0.9891970157623291
        ]
    ],
    "ops": [
        [
            0,
            0,
            2,
            1,
            0,
            0,
            0,
            1,
            1,
            2,
            1,
            0,
            1
        ]
    ],
    "syms": [
        [
            0.0,
            0.9999960064888,
            0.0001311999949393794,
            0.002916879951953888,
            -0.005388330202549696,
            0.06000899896025658,
            0.09854470193386078,
            0.0
        ],
        [
            0.0,
            0.9999619722366333,
            0.008224519900977612,
            -0.0028947200626134872,
            0.0014439000515267253,
            -0.30825498700141907,
            -0.275968998670578,
            0.0
        ]
    ],
    "labels:": [
        [
            1,
            3,
            2,
            2,
            2,
            0
        ]
    ],
    "obj": 44268,
    "mat_index": 5735,
    "obbs": "N 10\n-0.0134351 0.189555 -0.374083 0.999972 0.00570406 0.00492153 -0.00570406 0.14648 0.989197 0.00492153 -0.989197 0.146509 0.83166 0.140894 0.86501\n0.490425 0.060074 0.0999909 0.0121797 0.00818264 -0.999892 0.925744 -0.378061 0.00818264 -0.377954 -0.925744 -0.0121797 0.844778 0.168061 0.614815\n-0.501202 0.0599439 0.0970985 0.400351 -0.916362 0.000523448 0.916362 0.40035 -0.000799914 0.000523448 0.000799914 1 0.601431 0.166106 0.843987\n-0.0209934 -0.142214 0.085952 0.999308 0.0371847 0.000270971 -0.0371847 0.999202 0.0145685 0.000270971 -0.0145685 0.999894 0.892553 0.214106 0.867905\n-0.598592 -0.312867 0.496727 0.822345 0.568955 0.00629858 0.191829 -0.28765 0.938328 0.535678 -0.770421 -0.34569 0.378941 0.0528132 0.058165\n-0.59411 -0.313153 -0.274245 -0.549881 0.835028 -0.0189649 -0.00639401 0.0184968 0.999808 0.835218 0.549897 -0.00483187 0.0612314 0.0476555 0.363415\n0.596998 -0.303357 -0.277693 -0.834228 0.551414 -0.00232767 0.0634406 0.10017 0.992946 0.547757 0.828196 -0.118547 0.358879 0.0428925 0.0641166\n0.595118 -0.301408 0.485384 0.53589 0.773883 0.33753 -0.193801 -0.276354 0.941313 0.821744 -0.569854 0.00188349 0.0716945 0.0731129 0.361107\n0.72034 -0.40167 0.108398 0.000848805 0.00180983 -0.999998 0.768873 0.639399 0.00180983 0.639401 -0.768873 -0.000848805 0.804907 0.0311268 0.0605884\n-0.719003 -0.422936 0.112529 -0.000145694 0.000387511 -1 -0.658819 0.752301 0.000387511 0.752301 0.658819 0.000145694 0.812677 0.0278566 0.060244\nC 19\n0 1\n0 6\n0 5\n0 3\n0 2\n1 3\n1 6\n1 7\n2 4\n2 3\n2 5\n3 7\n3 6\n3 4\n3 5\n4 9\n5 9\n6 8\n7 8\nS 4\n2\n1 0.490425 0.060074 0.0999909\n2 -0.501202 0.0599439 0.0970985\n2\n-0.00538833 0.060009 0.0985447\n-0.999996 -0.0001312 -0.00291688\n2\n4 -0.598592 -0.312867 0.496727\n7 0.595118 -0.301408 0.485384\n2\n-0.00173693 -0.307138 0.491056\n0.999909 0.00959876 -0.00950172\n2\n5 -0.59411 -0.313153 -0.274245\n6 0.596998 -0.303357 -0.277693\n2\n0.0014439 -0.308255 -0.275969\n0.999962 0.00822452 -0.00289472\n2\n8 0.72034 -0.40167 0.108398\n9 -0.719003 -0.422936 0.112529\n2\n0.000668453 -0.412303 0.110464\n-0.999887 -0.0147733 0.00287004\nL 10\n0\n3\n3\n1\n2\n2\n2\n2\n2\n2"
}