{
    "boxes": [
        [
            -0.0008280000183731318,
            -0.1715169996023178,
            0.16159099340438843,
            0.15054099261760712,
            0.7260910272598267,
            0.5879219770431519,
            0.0,
            1.0,
            0.0,
            0.0,
            0.0,
            1.0
        ],
        [
            -0.002336390083655715,
            -0.3636719882488251,
            -0.03044630028307438,
            0.253385990858078,
            0.19326800107955933,
            0.18184299767017365,
            -0.01842080056667328,
            0.999550998210907,
            0.02364709973335266,
            0.34383299946784973,
            -0.01587570086121559,
            0.9388970136642456
        ],
        [
            -0.0013014100259169936,
            -0.6723920106887817,
            -0.30554699897766113,
            0.5404059886932373,
            0.08920039981603622,
            0.06049109995365143,
            -0.001223420025780797,
            0.8259660005569458,
            0.5637180209159851,
            -0.02673809975385666,
            -0.563543975353241,
            0.8256530165672302
        ],
        [
            -0.0008210000232793391,
            0.3614180088043213,
            -0.12867499887943268,
            0.9386820197105408,
            0.1543630063533783,
            0.5879459977149963,
            0.0,
            1.0,
            0.0,
            0.0,
            0.0,
            1.0
        ]
    ],
    "ops": [
        [
            0,
            0,
            0,
            2,
            1,
            1,
            0,
            1
        ]
    ],
    "syms": [
        [
            -1.0,
            0.006600600201636553,
            0.9999409914016724,
            0.008583590388298035,
            0.0015482900198549032,
            -0.6737059950828552,
            -0.03471110016107559,
            0.1666666716337204
        ]
    ],
    "labels:": [
        [
            1,
            2,
            2,
            0
        ]
    ],
    "obj": 44303,
    "mat_index": 5747,
    "obbs": "N 9\n-0.000821 0.361418 -0.128675 1 0 0 0 1 0 0 0 1 0.587946 0.938682 0.154363\n-0.00233639 -0.363672 -0.0304463 0.0184208 -0.999551 -0.0236471 0.93885 0.0254259 -0.343386 0.343833 -0.0158757 0.938897 0.253386 0.181843 0.193268\n-0.000828 -0.171517 0.161591 1 0 0 0 1 0 0 0 1 0.587922 0.150541 0.726091\n-0.228 -0.671267 0.0995142 0.503654 0.81175 -0.295627 0.495893 0.00855677 0.868341 0.707405 -0.583943 -0.398231 0.549511 0.0684994 0.0957631\n0.00133303 -0.675855 0.233252 -0.0510641 -0.578257 -0.814255 0.998695 -0.0305544 -0.0409321 -0.00120986 -0.815283 0.579062 0.0923547 0.0657383 0.53761\n0.237009 -0.679072 0.100724 0.714503 0.553543 0.427873 -0.5092 -0.00796243 0.860612 0.479792 -0.832783 0.276175 0.0878136 0.0598994 0.528938\n0.229255 -0.671052 -0.168151 0.726322 0.562635 -0.394838 0.481149 -0.00594841 0.876618 0.490868 -0.826684 -0.275032 0.0945203 0.0631769 0.551626\n-0.00130141 -0.672392 -0.305547 0.0267381 0.563544 -0.825653 0.999642 -0.0140627 0.0227743 0.00122342 -0.825966 -0.563718 0.0892004 0.0604911 0.540406\n-0.229006 -0.672598 -0.168059 -0.669952 0.59438 -0.444833 -0.537397 0.0251414 0.842954 0.512219 0.803791 0.302575 0.100189 0.064018 0.54625\nC 29\n0 1\n0 2\n1 3\n1 6\n1 2\n1 5\n1 4\n1 8\n1 7\n2 8\n2 5\n2 6\n2 3\n2 7\n3 7\n3 6\n3 5\n3 8\n3 4\n4 7\n4 8\n4 5\n4 6\n5 6\n5 8\n5 7\n6 7\n6 8\n7 8\nS 1\n6\n6 0.229255 -0.671052 -0.168151\n5 0.237009 -0.679072 0.100724\n4 0.00133303 -0.675855 0.233252\n3 -0.228 -0.671267 0.0995142\n8 -0.229006 -0.672598 -0.168059\n7 -0.00130141 -0.672392 -0.305547\n3\n0.00154829 -0.673706 -0.0347111\n0.0066006 0.999941 0.00858359\nL 9\n0\n2\n1\n2\n2\n2\n2\n2\n2"
}