{
    "boxes": [
        [
            0.021483099088072777,
            -0.08952219784259796,
            0.12269599735736847,
            0.11020199954509735,
            0.6061149835586548,
            0.761214017868042,
            0.0017574699595570564,
            0.9999240040779114,
            0.012186200357973576,
            -1.0708799891290255e-05,
            -0.012186200357973576,
            0.999925971031189
        ],
        [
            -0.37283700704574585,
            -0.4685080051422119,
            -0.2063470035791397,
            0.8340330123901367,
            0.026717500761151314,
            0.03319679945707321,
            0.05646200105547905,
            0.9451360106468201,
            0.32175999879837036,
            -0.5531290173530579,
            -0.23868399858474731,
            0.7981719970703125
        ],
        [
            -0.3220289945602417,
            -0.4764370024204254,
            0.415706992149353,
            0.7636610269546509,
            0.024418100714683533,
            0.025545600801706314,
            -2.039460014202632e-05,
            0.999098002910614,
            -0.04246729984879494,
            -2.1279900465742685e-05,
            0.04246729984879494,
            0.999098002910614
        ],
        [
            0.020687200129032135,
            0.24167500436306,
            -0.09820429980754852,
            0.7074220180511475,
            0.43067601323127747,
            1.0170799493789673,
            0.0004132169997319579,
            0.9873999953269958,
            -0.1582449972629547,
            0.00048471399350091815,
            0.1582449972629547,
            0.9873999953269958
        ]
    ],
    "ops": [
        [
            0,
            0,
            0,
            1,
            2,
            1,
            0,
            1
        ]
    ],
    "syms": [
        [
            0.0,
            1.0,
            -1.9379299942556827e-07,
            3.7963599197610165e-07,
            0.018449699506163597,
            -0.4685080051422119,
            -0.2063470035791397,
            0.0
        ]
    ],
    "labels:": [
        [
            1,
            2,
            2,
            0
        ]
    ],
    "obj": 44443,
    "mat_index": 5786,
    "obbs": "N 6\n0.0206872 0.241675 -0.0982043 0.000413217 0.9874 -0.158245 0.000484714 0.158245 0.9874 1 -0.000484714 -0.000413217 0.707422 0.430676 1.01708\n0.0214831 -0.0895222 0.122696 0.999998 -0.00175747 -1.07088e-05 0.00175747 0.999924 0.0121862 -1.07088e-05 -0.0121862 0.999926 0.761214 0.110202 0.606115\n0.409737 -0.468508 -0.206347 0.831129 0.222943 -0.509432 0.553217 -0.238659 0.798118 0.0563543 -0.945166 -0.321692 0.0333058 0.0267175 0.834029\n0.358929 -0.476437 0.415708 1 0 0 -0 0.0424673 0.999098 0 -0.999098 0.0424673 0.02553 0.0244179 0.763661\n-0.322029 -0.476437 0.415707 -2.03946e-05 0.999098 -0.0424673 -2.12799e-05 0.0424673 0.999098 1 2.12799e-05 2.03946e-05 0.763661 0.0244181 0.0255456\n-0.372837 -0.468508 -0.206347 -0.83118 0.223041 -0.509306 -0.553129 -0.238684 0.798172 0.056462 0.945136 0.32176 0.0331968 0.0267175 0.834033\nC 9\n0 1\n0 5\n0 4\n0 3\n0 2\n1 2\n1 3\n1 4\n1 5\nS 2\n2\n2 0.409737 -0.468508 -0.206347\n5 -0.372837 -0.468508 -0.206347\n2\n0.0184497 -0.468508 -0.206347\n-1 1.93793e-07 -3.79636e-07\n2\n3 0.358929 -0.476437 0.415708\n4 -0.322029 -0.476437 0.415707\n2\n0.01845 -0.476437 0.415707\n-1 -1.56253e-11 -1.49753e-11\nL 6\n0\n1\n2\n2\n2\n2"
}