{
    "boxes": [
        [
            -0.0240860003978014,
            -0.10437899827957153,
            0.16806399822235107,
            0.9891330003738403,
            0.9953629970550537,
            0.7523120045661926,
            0.0,
            1.0,
            0.0,
            0.0,
            0.0,
            1.0
        ],
        [
            -0.4619710147380829,
            -0.1970590054988861,
            0.08218900114297867,
            0.8037729859352112,
            1.1671099662780762,
            0.2064490020275116,
            0.0,
            1.0,
            0.0,
            0.0,
            0.0,
            1.0
        ],
        [
            -0.4724859893321991,
            0.4613890051841736,
            -0.30564698576927185,
            0.6413170099258423,
            0.5611839890480042,
            0.18764899671077728,
            0.012129699811339378,
            0.9998819828033447,
            -0.009379150345921516,
            -0.04234340041875839,
            0.009885050356388092,
            0.9990540146827698
        ],
        [
            -0.020179500803351402,
            0.2955079972743988,
            -0.3779430091381073,
            1.0228400230407715,
            0.3696820139884949,
            0.7497429847717285,
            -3.7090399640504756e-09,
            0.9606069922447205,
            -0.2779110074043274,
            -4.934200159567581e-09,
            0.2779110074043274,
            0.9606069922447205
        ],
        [
            -0.05803389847278595,
            -0.39944401383399963,
            -0.3360840082168579,
            0.4402939975261688,
            0.24307399988174438,
            0.7989310026168823,
            -0.05465789884328842,
            0.9937170147895813,
            0.09767179936170578,
            -0.04948149994015694,
            -0.10039400309324265,
            0.9937170147895813
        ]
    ],
    "ops": [
        [
            0,
            0,
            2,
            1,
            0,
            2,
            0,
            0,
            1,
            1,
            1
        ]
    ],
    "syms": [
        [
            0.0,
            0.9999889731407166,
            -0.004718509968370199,
            0.00036696300958283246,
            -0.024601999670267105,
            -0.19912299513816833,
            0.0823495015501976,
            0.0
        ],
        [
            0.0,
            0.9999399781227112,
            0.009755410254001617,
            -0.004951749928295612,
            -0.01892009936273098,
            0.4658139944076538,
            -0.3078930079936981,
            0.0
        ]
    ],
    "labels:": [
        [
            1,
            3,
            0,
            0,
            0
        ]
    ],
    "obj": 44467,
    "mat_index": 5803,
    "obbs": "N 7\n-0.0201795 0.295508 -0.377943 -3.70904e-09 0.960607 -0.277911 -4.9342e-09 0.277911 0.960607 1 4.9342e-09 3.70904e-09 1.02284 0.369682 0.749743\n0.412767 -0.201187 0.08251 1 0 0 0 1 0 0 0 1 0.275901 0.795518 1.16647\n-0.461971 -0.197059 0.082189 1 0 0 0 1 0 0 0 1 0.206449 0.803773 1.16711\n-0.024086 -0.104379 0.168064 1 0 0 0 1 0 0 0 1 0.752312 0.989133 0.995363\n-0.0580339 -0.399444 -0.336084 -0.0546579 0.993717 0.0976718 -0.0494815 -0.100394 0.993717 0.997278 0.0494815 0.0546579 0.440294 0.243074 0.798931\n0.434646 0.470239 -0.310139 0.0022058 -0.99975 -0.0222685 0.999541 0.00287716 -0.0301616 0.0302181 -0.0221917 0.999297 0.644897 0.186907 0.562498\n-0.472486 0.461389 -0.305647 0.0121297 0.999882 -0.00937915 0.999029 -0.0117211 0.0424583 0.0423434 -0.00988505 -0.999054 0.641317 0.187649 0.561184\nC 15\n0 1\n0 6\n0 5\n0 4\n0 3\n0 2\n1 3\n1 4\n1 5\n2 6\n2 4\n2 3\n3 6\n3 4\n3 5\nS 2\n2\n1 0.412767 -0.201187 0.08251\n2 -0.461971 -0.197059 0.082189\n2\n-0.024602 -0.199123 0.0823495\n-0.999989 0.00471851 -0.000366963\n2\n5 0.434646 0.470239 -0.310139\n6 -0.472486 0.461389 -0.305647\n2\n-0.0189201 0.465814 -0.307893\n-0.99994 -0.00975541 0.00495175\nL 7\n0\n3\n3\n1\n0\n0\n0"
}