{
    "boxes": [
        [
            -0.018195800483226776,
            -0.07448829710483551,
            0.18509800732135773,
            0.16657499969005585,
            0.8534319996833801,
            0.8398159742355347,
            0.010071299970149994,
            0.9963840246200562,
            -0.08436080068349838,
            0.00042557998676784337,
            0.08436080068349838,
            0.9964349865913391
        ],
        [
            0.45725399255752563,
            0.08198049664497375,
            0.18384400010108948,
            0.40348899364471436,
            0.780817985534668,
            0.1512569934129715,
            0.3898420035839081,
            0.9191809892654419,
            -0.05593449994921684,
            0.024039600044488907,
            0.05056139826774597,
            0.9984319806098938
        ],
        [
            0.007826000452041626,
            -0.40190398693084717,
            0.14263799786567688,
            0.5422700047492981,
            0.9291149973869324,
            0.9291120171546936,
            0.0,
            1.0,
            0.0,
            0.0,
            0.0,
            1.0
        ],
        [
            0.247406005859375,
            -0.6345149874687195,
            -0.10774800181388855,
            0.06813299655914307,
            0.6205329895019531,
            0.0787326991558075,
            0.03271070122718811,
            0.9994580149650574,
            -0.0036463600117713213,
            -0.6884700059890747,
            0.02517700009047985,
            0.724826991558075
        ],
        [
            -0.008143140003085136,
            0.25277799367904663,
            -0.27530598640441895,
            0.8001419901847839,
            0.34225600957870483,
            0.9658049941062927,
            0.0080060800537467,
            0.9297450184822083,
            -0.3681179881095886,
            0.01178009994328022,
            0.3680169880390167,
            0.9297450184822083
        ]
    ],
    "ops": [
        [
            0,
            0,
            2,
            1,
            0,
            0,
            2,
            1,
            1,
            0,
            1
        ]
    ],
    "syms": [
        [
            0.0,
            0.9990860223770142,
            -0.03468659892678261,
            -0.024985499680042267,
            0.005128779914230108,
            0.09767749905586243,
            0.19515100121498108,
            0.0
        ],
        [
            -1.0,
            -0.0007251030183397233,
            0.9999970197677612,
            0.002499300055205822,
            0.007121560163795948,
            -0.6351739764213562,
            0.1434050053358078,
            0.25
        ]
    ],
    "labels:": [
        [
            1,
            3,
            2,
            2,
            0
        ]
    ],
    "obj": 44538,
    "mat_index": 5840,
    "obbs": "N 9\n-0.00814314 0.252778 -0.275306 0.999899 -0.0117801 -0.00800608 0.0117801 0.368017 0.929745 -0.00800608 -0.929745 0.368118 0.965805 0.342256 0.800142\n0.457254 0.0819805 0.183844 -0.0240396 -0.0505614 -0.998432 0.920568 -0.390575 -0.00238583 -0.389842 -0.919181 0.0559345 0.780818 0.151257 0.403489\n-0.446996 0.113375 0.206458 -0.00648403 -0.00958358 -0.999933 0.928213 0.371926 -0.00958358 0.371993 -0.928213 0.00648403 0.749545 0.170599 0.365108\n0.007826 -0.401904 0.142638 1 0 0 0 1 0 0 0 1 0.929112 0.54227 0.929115\n-0.0181958 -0.0744883 0.185098 -0.00042558 -0.0843608 -0.996435 0.0100713 0.996384 -0.0843608 0.999949 -0.0100713 0.00042558 0.853432 0.166575 0.839816\n0.247406 -0.634515 -0.107748 0.0327107 0.999458 -0.00364636 0.724526 -0.0211992 0.688921 0.68847 -0.025177 -0.724827 0.068133 0.0787327 0.620533\n0.256711 -0.635467 0.389693 0.0865099 0.996182 -0.0117162 -0.704977 0.0695224 0.705814 0.703934 -0.0528003 0.7083 0.0850601 0.070872 0.614443\n-0.236182 -0.63611 0.390428 0.706977 -0.000212331 -0.707236 0.69959 0.14686 0.69929 0.103716 -0.989157 0.103975 0.61723 0.0810712 0.081804\n-0.239448 -0.634606 -0.0987537 0.111203 0.987814 -0.108895 -0.69714 0.155629 0.699839 0.708258 -0.00190876 0.705951 0.0853817 0.0744614 0.621933\nC 19\n0 1\n0 4\n0 3\n0 2\n1 3\n1 4\n2 4\n2 3\n3 8\n3 6\n3 7\n3 4\n3 5\n5 6\n5 7\n5 8\n6 7\n6 8\n7 8\nS 2\n2\n1 0.457254 0.0819805 0.183844\n2 -0.446996 0.113375 0.206458\n2\n0.00512878 0.0976775 0.195151\n-0.999086 0.0346866 0.0249855\n4\n7 -0.236182 -0.63611 0.390428\n8 -0.239448 -0.634606 -0.0987537\n5 0.247406 -0.634515 -0.107748\n6 0.256711 -0.635467 0.389693\n3\n0.00712156 -0.635174 0.143405\n0.000725103 -0.999997 -0.0024993\nL 9\n0\n3\n3\n2\n1\n2\n2\n2\n2"
}