{
    "boxes": [
        [
            -0.042002301663160324,
            0.0008144269813783467,
            0.21682199835777283,
            0.41571900248527527,
            0.7358800172805786,
            1.4674400091171265,
            0.01751280017197132,
            0.9925550222396851,
            -0.12053199857473373,
            -0.10345900058746338,
            0.12170200049877167,
            0.9871600270271301
        ],
        [
            0.05380430072546005,
            -0.24015800654888153,
            -0.5383089780807495,
            0.8724169731140137,
            0.06313619762659073,
            0.07485439628362656,
            -0.021844200789928436,
            0.9411919713020325,
            0.3371649980545044,
            -0.12555399537086487,
            -0.3371579945087433,
            0.9330379962921143
        ],
        [
            -0.5409349799156189,
            -0.3839479982852936,
            0.4277710020542145,
            0.5611270070075989,
            0.03455070033669472,
            0.029229899868369102,
            0.29861199855804443,
            0.9491279721260071,
            -0.09993579983711243,
            0.5676500201225281,
            -0.09245699644088745,
            0.8180620074272156
        ],
        [
            -0.008670169860124588,
            0.13175499439239502,
            -0.2030400037765503,
            0.35394999384880066,
            0.9906499981880188,
            1.0885599851608276,
            -0.07235559821128845,
            0.6649479866027832,
            0.7433760166168213,
            0.6524479985237122,
            -0.5321769714355469,
            0.5395359992980957
        ]
    ],
    "ops": [
        [
            0,
            0,
            0,
            2,
            1,
            1,
            0,
            1
        ]
    ],
    "syms": [
        [
            0.0,
            0.9921020269393921,
            0.0023837999906390905,
            0.12540799379348755,
            -0.07013560086488724,
            -0.38281700015068054,
            0.48728299140930176,
            0.0
        ]
    ],
    "labels:": [
        [
            1,
            2,
            2,
            0
        ]
    ],
    "obj": 44544,
    "mat_index": 5844,
    "obbs": "N 5\n-0.00867017 0.131755 -0.20304 -0.652448 0.532177 -0.539536 -0.0723556 0.664948 0.743376 0.754372 0.524053 -0.395338 0.99065 0.35395 1.08856\n-0.0420023 0.000814427 0.216822 -0.99448 0.00481784 -0.10482 0.0175128 0.992555 -0.120532 0.103459 -0.121702 -0.98716 1.46744 0.415719 0.73588\n0.0538043 -0.240158 -0.538309 -0.0218442 0.941192 0.337165 -0.125554 -0.337158 0.933038 0.991846 -0.021951 0.125535 0.872417 0.0631362 0.0748544\n-0.540935 -0.383948 0.427771 -0.56765 0.092457 -0.818062 0.767205 -0.301011 -0.566382 -0.298612 -0.949128 0.0999358 0.0345507 0.0292299 0.561127\n0.400664 -0.381686 0.546795 0.729658 0.0459573 -0.682266 0.640205 0.304684 0.705199 0.240284 -0.951344 0.192893 0.0313394 0.0299709 0.564859\nC 6\n0 1\n0 3\n0 2\n1 2\n1 3\n1 4\nS 1\n2\n3 -0.540935 -0.383948 0.427771\n4 0.400664 -0.381686 0.546795\n2\n-0.0701356 -0.382817 0.487283\n0.992102 0.0023838 0.125408\nL 5\n0\n1\n2\n2\n2"
}