{
    "boxes": [
        [
            0.0022150001022964716,
            -0.1990550011396408,
            0.12024500221014023,
            0.14241500198841095,
            0.740032970905304,
            0.78547602891922,
            0.0,
            1.0,
            0.0,
            0.0,
            0.0,
            1.0
        ],
        [
            -0.42378100752830505,
            0.16746899485588074,
            0.06276030093431473,
            0.029515700414776802,
            0.5868170261383057,
            0.15437699854373932,
            -0.04077240079641342,
            0.9991120100021362,
            -0.010576600208878517,
            -0.20794999599456787,
            0.0018684299429878592,
            0.9781380295753479
        ],
        [
            -0.4375239908695221,
            -0.056866999715566635,
            0.3006350100040436,
            0.42656001448631287,
            0.07590699940919876,
            0.10010799765586853,
            0.0,
            1.0,
            0.0,
            0.0,
            0.0,
            1.0
        ],
        [
            -0.3077619969844818,
            -0.4574519991874695,
            -0.21941299736499786,
            0.7762609720230103,
            0.10080599784851074,
            0.04256030172109604,
            0.001246739993803203,
            0.9973340034484863,
            0.07295499742031097,
            -0.020763300359249115,
            -0.07291349768638611,
            0.9971219897270203
        ],
        [
            -0.36459100246429443,
            -0.517113983631134,
            0.42418599128723145,
            0.6456120014190674,
            0.07595399767160416,
            0.03797699883580208,
            0.0,
            1.0,
            0.0,
            0.0,
            0.0,
            1.0
        ],
        [
            -0.04868679866194725,
            0.42627599835395813,
            -0.2817859947681427,
            0.8738319873809814,
            0.037937600165605545,
            0.05203720182180405,
            -0.0005141029832884669,
            0.9984790086746216,
            -0.05513809993863106,
            -0.05584299936890602,
            0.055023398250341415,
            0.9969220161437988
        ],
        [
            -0.30752500891685486,
            0.40505799651145935,
            -0.2403700053691864,
            1.0246599912643433,
            0.08246529847383499,
            0.04193279892206192,
            0.0009927420178428292,
            0.9958069920539856,
            -0.0914698988199234,
            -0.013080299831926823,
            0.0914750024676323,
            0.9957209825515747
        ],
        [
            0.00036700000055134296,
            -0.028988000005483627,
            -0.23180000483989716,
            0.058423999696969986,
            0.055567000061273575,
            0.5822299718856812,
            0.0,
            1.0,
            0.0,
            0.0,
            0.0,
            1.0
        ],
        [
            -0.23726899921894073,
            0.42790600657463074,
            -0.2681350111961365,
            0.8740230202674866,
            0.03758599981665611,
            0.0551925003528595,
            -0.015204999595880508,
            0.9985100030899048,
            -0.05239950120449066,
            0.1490900069475174,
            0.05408380180597305,
            0.9873430132865906
        ],
        [
            -0.14343999326229095,
            0.4264509975910187,
            -0.27541500329971313,
            0.8738409876823425,
            0.03708289936184883,
            0.04981829971075058,
            -0.005072270054370165,
            0.9982879757881165,
            -0.05827169865369797,
            0.1054529994726181,
            0.058481499552726746,
            0.9927030205726624
        ]
    ],
    "ops": [
        [
            0,
            0,
            0,
            1,
            2,
            1,
            0,
            0,
            1,
            2,
            1,
            0,
            0,
            1,
            2,
            0,
            2,
            0,
            0,
            1,
            2,
            1,
            1,
            1
        ]
    ],
    "syms": [
        [
            0.0,
            0.9999920129776001,
            -0.0019365199841558933,
            -0.0034626200795173645,
            0.0022268500179052353,
            0.16664400696754456,
            0.06128520146012306,
            0.0
        ],
        [
            0.0,
            0.9998760223388672,
            -0.013376199640333652,
            -0.008268339559435844,
            0.002153269946575165,
            -0.4615980088710785,
            -0.22197599709033966,
            0.0
        ],
        [
            0.0,
            0.9999790191650391,
            0.005623819772154093,
            -0.003227560082450509,
            -0.001596249989233911,
            0.4265410006046295,
            -0.28193798661231995,
            0.0
        ],
        [
            0.0,
            0.0018923099851235747,
            0.9985250234603882,
            -0.05425969883799553,
            0.0012359999818727374,
            0.42956098914146423,
            -0.2567180097103119,
            0.0
        ],
        [
            0.0,
            0.9999930262565613,
            0.003625940065830946,
            -0.0002173770044464618,
            0.0016813899856060743,
            0.4287720024585724,
            -0.2681869864463806,
            0.0
        ]
    ],
    "labels:": [
        [
            1,
            3,
            3,
            2,
            2,
            0,
            0,
            0,
            0,
            0
        ]
    ],
    "obj": 44545,
    "mat_index": 5845,
    "obbs": "N 19\n0.000367 -0.028988 -0.2318 1 0 0 0 1 0 0 0 1 0.58223 0.058424 0.055567\n0.002105 0.888111 -0.281635 1 0 0 0 1 0 0 0 1 0.58223 0.053027 0.050971\n0.002215 -0.199055 0.120245 1 0 0 0 1 0 0 0 1 0.785476 0.142415 0.740033\n0.240632 0.429639 -0.268239 -0.981014 0.0157404 -0.193297 -0.192172 0.0552461 0.979805 0.0261014 0.998349 -0.0511723 0.0654833 0.0375365 0.873858\n0.139421 0.427934 -0.278345 -0.984707 -0.0180866 -0.173279 -0.17403 0.055645 0.983167 -0.00814 0.998287 -0.0579416 0.0645566 0.0377006 0.874483\n0.0454943 0.426806 -0.28209 0.00882693 0.998542 -0.0532604 -0.101005 0.0538804 0.993426 0.994847 -0.00338931 0.101334 0.873923 0.0372825 0.053838\n-0.0486868 0.426276 -0.281786 -0.000514103 0.998479 -0.0551381 -0.055843 0.0550234 0.996922 0.998439 0.0035916 0.0557298 0.873832 0.0379376 0.0520372\n-0.14344 0.426451 -0.275415 0.994411 -0.00110967 -0.105569 0.105453 0.0584815 0.992703 0.00507227 -0.998288 0.0582717 0.0498183 0.0370829 0.873841\n-0.237269 0.427906 -0.268135 0.988707 0.00720031 -0.14969 0.14909 0.0540838 0.987343 0.015205 -0.99851 0.0523995 0.0551925 0.037586 0.874023\n0.428235 0.165819 0.0598101 -0.20795 -0.0018841 -0.978138 0.0410035 0.999102 -0.0106418 0.97728 -0.04232 -0.207686 0.586322 0.0295536 0.154326\n-0.423781 0.167469 0.0627603 -0.977289 -0.0420805 -0.207689 -0.0407724 0.999112 -0.0105766 0.20795 -0.00186843 -0.978138 0.154377 0.0295157 0.586817\n0.436881 -0.0576435 0.297227 1 0 0 0 1 0 0 0 1 0.097744 0.424817 0.075907\n-0.437524 -0.056867 0.300635 1 0 0 0 1 0 0 0 1 0.100108 0.42656 0.075907\n0.312069 -0.465744 -0.224538 0.00287297 -0.991884 -0.12711 0.999741 -2.17555e-05 0.0227661 -0.0225841 -0.127143 0.991627 0.762554 0.0436783 0.0971495\n-0.307762 -0.457452 -0.219413 -0.00124674 -0.997334 -0.072955 0.999784 -0.00275794 0.0206171 -0.0207633 -0.0729135 0.997122 0.776261 0.0425603 0.100806\n0.36902 -0.517114 0.424186 1 0 0 0 1 0 0 0 1 0.037977 0.645612 0.075954\n-0.364591 -0.517114 0.424186 1 0 0 0 1 0 0 0 1 0.037977 0.645612 0.075954\n0.311662 0.404582 -0.234738 -0.0521431 -0.0523074 -0.997269 0.998629 0.00177628 -0.0523074 0.00450749 -0.998629 0.0521431 0.0876198 0.0476633 1.02619\n-0.307525 0.405058 -0.24037 0.0130803 -0.091475 -0.995721 0.999914 0.000207962 0.0131163 -0.000992742 -0.995807 0.0914699 0.0824653 0.0419328 1.02466\nC 75\n0 14\n0 7\n0 10\n0 3\n0 17\n0 4\n0 18\n0 5\n0 8\n0 13\n0 6\n0 9\n0 2\n1 3\n1 17\n1 6\n1 5\n1 4\n1 18\n1 8\n1 7\n2 18\n2 8\n2 12\n2 5\n2 4\n2 13\n2 15\n2 16\n2 6\n2 3\n2 14\n2 17\n2 7\n2 11\n3 17\n3 6\n3 13\n3 9\n3 5\n3 4\n4 7\n4 9\n4 13\n4 5\n4 6\n4 17\n5 9\n5 6\n5 13\n5 8\n5 17\n5 7\n6 14\n6 7\n6 10\n6 18\n6 8\n7 10\n7 14\n7 18\n7 8\n8 14\n8 10\n8 18\n9 11\n9 17\n9 13\n10 12\n10 18\n10 14\n11 15\n12 16\n13 17\n14 18\nS 9\n2\n0 0.000367 -0.028988 -0.2318\n1 0.002105 0.888111 -0.281635\n2\n0.001236 0.429561 -0.256718\n0.00189231 0.998525 -0.0542597\n2\n8 -0.237269 0.427906 -0.268135\n3 0.240632 0.429639 -0.268239\n2\n0.00168139 0.428772 -0.268187\n0.999993 0.00362594 -0.000217377\n2\n7 -0.14344 0.426451 -0.275415\n4 0.139421 0.427934 -0.278345\n2\n-0.00200967 0.427192 -0.27688\n0.999933 0.00524248 -0.0103583\n2\n6 -0.0486868 0.426276 -0.281786\n5 0.0454943 0.426806 -0.28209\n2\n-0.00159625 0.426541 -0.281938\n0.999979 0.00562382 -0.00322756\n2\n9 0.428235 0.165819 0.0598101\n10 -0.423781 0.167469 0.0627603\n2\n0.00222685 0.166644 0.0612852\n-0.999992 0.00193652 0.00346262\n2\n11 0.436881 -0.0576435 0.297227\n12 -0.437524 -0.056867 0.300635\n2\n-0.0003215 -0.0572553 0.298932\n-0.999992 0.000888025 0.00389748\n2\n13 0.312069 -0.465744 -0.224538\n14 -0.307762 -0.457452 -0.219413\n2\n0.00215327 -0.461598 -0.221976\n-0.999876 0.0133762 0.00826834\n2\n15 0.36902 -0.517114 0.424186\n16 -0.364591 -0.517114 0.424186\n2\n0.002215 -0.517114 0.424186\n-1 0 0\n2\n17 0.311662 0.404582 -0.234738\n18 -0.307525 0.405058 -0.24037\n2\n0.00206857 0.40482 -0.237554\n-0.999958 0.000768005 -0.00909546\nL 19\n0\n0\n1\n0\n0\n0\n0\n0\n0\n3\n3\n3\n3\n2\n2\n2\n2\n0\n0"
}