{
    "boxes": [
        [
            -0.014000399969518185,
            -0.10814499855041504,
            0.1805810034275055,
            0.1425819993019104,
            0.6640220284461975,
            0.6626999974250793,
            -0.0030088399071246386,
            0.9890310168266296,
            0.14767499268054962,
            0.00022339000133797526,
            -0.14767499268054962,
            0.9890360236167908
        ],
        [
            -0.3626460134983063,
            -0.04086099937558174,
            0.1515830010175705,
            0.6046000123023987,
            0.6976249814033508,
            0.13866299390792847,
            0.0,
            1.0,
            0.0,
            0.0,
            0.0,
            1.0
        ],
        [
            -0.38713499903678894,
            -0.5154510140419006,
            0.46886101365089417,
            0.572970986366272,
            0.05013500154018402,
            0.05013500154018402,
            0.0,
            1.0,
            0.0,
            0.0,
            0.0,
            1.0
        ],
        [
            -0.3865239918231964,
            -0.5482079982757568,
            -0.2097020000219345,
            0.5159159898757935,
            0.07001029700040817,
            0.062178801745176315,
            0.008330180309712887,
            0.9943860173225403,
            0.1054840013384819,
            -0.39914199709892273,
            -0.09341289848089218,
            0.9121180176734924
        ],
        [
            -0.014007500372827053,
            0.08120369911193848,
            -0.21121199429035187,
            1.0038700103759766,
            0.19730399549007416,
            0.8385760188102722,
            -0.0026648500934243202,
            0.9925029873847961,
            -0.12218999862670898,
            -0.0030130299273878336,
            0.12218199670314789,
            0.9925029873847961
        ]
    ],
    "ops": [
        [
            0,
            0,
            2,
            1,
            0,
            0,
            1,
            2,
            1,
            0,
            1
        ]
    ],
    "syms": [
        [
            0.0,
            0.9998980164527893,
            -0.013822799548506737,
            0.0034726399462670088,
            -0.011940199881792068,
            -0.04570930078625679,
            0.1528010070323944,
            0.0
        ],
        [
            0.0,
            1.0,
            0.0,
            0.0,
            -0.015460999682545662,
            -0.5154510140419006,
            0.46886101365089417,
            0.0
        ]
    ],
    "labels:": [
        [
            1,
            3,
            2,
            2,
            0
        ]
    ],
    "obj": 44558,
    "mat_index": 5847,
    "obbs": "N 8\n-0.0140075 0.0812037 -0.211212 -0.00266485 0.992503 -0.12219 -0.00301303 0.122182 0.992503 0.999992 0.00301303 0.00266485 1.00387 0.197304 0.838576\n0.338766 -0.0505575 0.154019 1 0 0 0 1 0 0 0 1 0.130958 0.584367 0.692753\n-0.362646 -0.040861 0.151583 1 0 0 0 1 0 0 0 1 0.138663 0.6046 0.697625\n-0.0140004 -0.108145 0.180581 0.999995 0.00300884 0.00022339 -0.00300884 0.989031 0.147675 0.00022339 -0.147675 0.989036 0.6627 0.142582 0.664022\n-0.387135 -0.515451 0.468861 1 0 0 0 1 0 0 0 1 0.050135 0.572971 0.050135\n-0.386524 -0.548208 -0.209702 0.399142 0.0934129 -0.912118 0.916851 -0.049701 0.396123 -0.00833018 -0.994386 -0.105484 0.0700103 0.0621788 0.515916\n0.354299 -0.547859 -0.212676 -0.399226 0.115376 -0.909564 0.916853 0.0497002 -0.39612 -0.000497337 -0.992078 -0.125625 0.066744 0.0621795 0.51656\n0.356213 -0.515451 0.468861 1 0 0 0 1 0 0 0 1 0.050135 0.572971 0.050135\nC 15\n0 1\n0 6\n0 5\n0 3\n0 2\n1 3\n1 6\n1 7\n2 4\n2 3\n2 5\n3 7\n3 6\n3 4\n3 5\nS 3\n2\n1 0.338766 -0.0505575 0.154019\n2 -0.362646 -0.040861 0.151583\n2\n-0.0119402 -0.0457093 0.152801\n-0.999898 0.0138228 -0.00347264\n2\n4 -0.387135 -0.515451 0.468861\n7 0.356213 -0.515451 0.468861\n2\n-0.015461 -0.515451 0.468861\n1 0 0\n2\n5 -0.386524 -0.548208 -0.209702\n6 0.354299 -0.547859 -0.212676\n2\n-0.0161126 -0.548033 -0.211189\n0.999992 0.000470399 -0.00401401\nL 8\n0\n3\n3\n1\n2\n2\n2\n2"
}