{
    "boxes": [
        [
            -0.011504000052809715,
            -0.06067400053143501,
            0.08491600304841995,
            0.07435400038957596,
            0.7199680209159851,
            0.7411879897117615,
            0.0,
            1.0,
            0.0,
            0.0,
            0.0,
            1.0
        ],
        [
            -0.3094469904899597,
            -0.5321419835090637,
            0.10036399960517883,
            0.04507499933242798,
            0.5860180258750916,
            0.03680900111794472,
            0.0,
            1.0,
            0.0,
            0.0,
            0.0,
            1.0
        ],
        [
            -0.2884959876537323,
            -0.4502129852771759,
            -0.1883459985256195,
            0.749521017074585,
            0.0589601993560791,
            0.05721930041909218,
            0.24807900190353394,
            0.9444000124931335,
            0.2157910019159317,
            0.15372799336910248,
            -0.2583099901676178,
            0.9537519812583923
        ],
        [
            -0.011682000011205673,
            -0.5340830087661743,
            0.10471799969673157,
            0.021758999675512314,
            0.029776999726891518,
            0.5665619969367981,
            0.0,
            1.0,
            0.0,
            0.0,
            0.0,
            1.0
        ],
        [
            -0.28896400332450867,
            -0.4501839876174927,
            0.3882960081100464,
            0.7493810057640076,
            0.0583081990480423,
            0.052382998168468475,
            0.23109200596809387,
            0.9484249949455261,
            -0.2169940024614334,
            -0.301254004240036,
            0.28182199597358704,
            0.9109460115432739
        ],
        [
            0.12427700310945511,
            0.3647629916667938,
            -0.26980099081993103,
            0.8122050166130066,
            0.040453001856803894,
            0.03749150037765503,
            0.024344099685549736,
            0.990772008895874,
            -0.13333800435066223,
            0.6587939858436584,
            0.08442089706659317,
            0.7475720047950745
        ],
        [
            -0.15229499340057373,
            0.36418798565864563,
            -0.26798200607299805,
            0.8106330037117004,
            0.041952699422836304,
            0.03820540010929108,
            -0.014090100303292274,
            0.9902939796447754,
            -0.1382720023393631,
            -0.13596400618553162,
            0.1351040005683899,
            0.9814580082893372
        ],
        [
            -0.011576400138437748,
            0.39905598759651184,
            -0.20300400257110596,
            0.9138479828834534,
            0.04725930094718933,
            0.7598270177841187,
            -0.0002919200051110238,
            0.9499319791793823,
            -0.31245601177215576,
            -0.00040332600474357605,
            0.31245601177215576,
            0.9499319791793823
        ],
        [
            0.03991900011897087,
            0.373647004365921,
            -0.28432899713516235,
            0.8275420069694519,
            0.04231499880552292,
            0.038761500269174576,
            0.0013016000157222152,
            0.9922130107879639,
            -0.12454500049352646,
            -0.34650200605392456,
            0.11727699637413025,
            0.9306889772415161
        ],
        [
            -0.05741190165281296,
            0.377018004655838,
            -0.2831839919090271,
            0.8339170217514038,
            0.038414500653743744,
            0.03772810101509094,
            -0.005808799993246794,
            0.9936590194702148,
            -0.11228799819946289,
            0.007240959908813238,
            0.11232899874448776,
            0.9936450123786926
        ]
    ],
    "ops": [
        [
            0,
            0,
            0,
            1,
            2,
            0,
            0,
            2,
            1,
            1,
            1,
            0,
            0,
            1,
            2,
            0,
            0,
            0,
            1,
            1,
            1,
            1
        ]
    ],
    "syms": [
        [
            0.0,
            1.0,
            -0.0001679559936746955,
            0.0007249959744513035,
            -0.013239200226962566,
            -0.5321909785270691,
            0.10057900100946426,
            0.0
        ],
        [
            0.0,
            0.9999759793281555,
            0.0015478100394830108,
            0.006735019851475954,
            -0.011469700373709202,
            -0.449753999710083,
            0.3901650011539459,
            0.0
        ],
        [
            0.0,
            0.9930790066719055,
            0.07871779799461365,
            -0.08716969937086105,
            -0.04880319908261299,
            0.3510429859161377,
            -0.25460800528526306,
            0.0
        ]
    ],
    "labels:": [
        [
            1,
            2,
            2,
            2,
            2,
            0,
            0,
            0,
            0,
            0
        ]
    ],
    "obj": 2958,
    "mat_index": 585,
    "obbs": "N 15\n0.282969 -0.532241 0.100793 1 0 0 0 1 0 0 0 1 0.044096 0.04561 0.586125\n-0.011682 -0.534083 0.104718 1 0 0 0 1 0 0 0 1 0.566562 0.021759 0.029777\n-0.309447 -0.532142 0.100364 1 0 0 0 1 0 0 0 1 0.036809 0.045075 0.586018\n-0.011504 -0.060674 0.084916 1 0 0 0 1 0 0 0 1 0.741188 0.074354 0.719968\n0.202043 0.327777 -0.240302 -0.0374685 -0.984712 0.170115 0.984712 -0.0653624 -0.161464 0.170115 0.161464 0.972106 0.7413 0.0404724 0.032014\n0.124277 0.364763 -0.269801 -0.0243441 -0.990772 0.133338 0.75193 -0.106041 -0.650659 0.658794 0.0844209 0.747572 0.812205 0.0374915 0.040453\n0.039919 0.373647 -0.284329 -0.938048 -0.0419438 -0.343956 -0.346502 0.117277 0.930689 0.0013016 0.992213 -0.124545 0.0387615 0.042315 0.827542\n-0.0574119 0.377018 -0.283184 -0.0058088 0.993659 -0.112288 0.999957 0.00495881 -0.00784754 -0.00724096 -0.112329 -0.993645 0.833917 0.0377281 0.0384145\n-0.152295 0.364188 -0.267982 -0.0140901 0.990294 -0.138272 -0.135964 0.135104 0.981458 0.990614 0.0326288 0.132741 0.810633 0.0419527 0.0382054\n-0.221884 0.337324 -0.239415 -0.6848 -0.17695 -0.706921 0.726099 -0.0833159 -0.682524 0.0618751 -0.980687 0.185538 0.0452779 0.0325506 0.759332\n-0.288496 -0.450213 -0.188346 -0.956464 0.203433 0.209262 0.153728 -0.25831 0.953752 0.248079 0.9444 0.215791 0.0572193 0.0589602 0.749521\n0.266292 -0.449508 -0.190161 0.975859 0.218054 0.0123221 0.0357524 -0.215152 0.975926 0.215456 -0.951925 -0.217754 0.0567396 0.0560872 0.749499\n0.266025 -0.449325 0.392033 0.974519 0.199946 -0.101662 0.0530683 0.234841 0.970584 0.217938 -0.951247 0.218247 0.0556868 0.0528197 0.749418\n-0.288964 -0.450184 0.388296 0.231092 0.948425 -0.216994 -0.301254 0.281822 0.910946 0.925118 -0.145142 0.350843 0.749381 0.0583082 0.052383\n-0.0115764 0.399056 -0.203004 -0.00029192 0.949932 -0.312456 -0.000403326 0.312456 0.949932 1 0.000403326 0.00029192 0.913848 0.0472593 0.759827\nC 46\n0 11\n0 12\n0 1\n1 2\n1 13\n2 13\n2 10\n3 11\n3 7\n3 14\n3 10\n3 6\n3 13\n3 9\n3 5\n3 12\n3 8\n3 4\n4 7\n4 5\n4 14\n4 11\n4 6\n5 6\n5 8\n5 11\n5 7\n5 14\n6 9\n6 14\n6 7\n6 10\n6 11\n6 8\n7 11\n7 10\n7 14\n7 8\n7 9\n8 9\n8 14\n8 10\n9 14\n9 10\n10 14\n11 14\nS 5\n2\n0 0.282969 -0.532241 0.100793\n2 -0.309447 -0.532142 0.100364\n2\n-0.0132392 -0.532191 0.100579\n-1 0.000167956 -0.000724996\n2\n9 -0.221884 0.337324 -0.239415\n5 0.124277 0.364763 -0.269801\n2\n-0.0488032 0.351043 -0.254608\n0.993079 0.0787178 -0.0871697\n2\n8 -0.152295 0.364188 -0.267982\n4 0.202043 0.327777 -0.240302\n2\n0.0248741 0.345982 -0.254142\n0.991772 -0.101912 0.0774749\n2\n10 -0.288496 -0.450213 -0.188346\n11 0.266292 -0.449508 -0.190161\n2\n-0.0111023 -0.44986 -0.189254\n0.999994 0.00126965 -0.00327104\n2\n12 0.266025 -0.449325 0.392033\n13 -0.288964 -0.450184 0.388296\n2\n-0.0114697 -0.449754 0.390165\n-0.999976 -0.00154781 -0.00673502\nL 15\n2\n2\n2\n1\n0\n0\n0\n0\n0\n0\n2\n2\n2\n2\n0"
}