{
    "boxes": [
        [
            0.01137080043554306,
            -0.12800699472427368,
            0.32753100991249084,
            0.19694000482559204,
            0.9499679803848267,
            1.1538499593734741,
            -0.009149010293185711,
            0.9026979804039001,
            -0.4301759898662567,
            -0.002068480011075735,
            0.4301759898662567,
            0.9027420282363892
        ],
        [
            -0.0018415700178593397,
            -0.28319600224494934,
            -0.1651960015296936,
            0.025035299360752106,
            0.0697517991065979,
            1.0149600505828857,
            0.003564189886674285,
            0.729174017906189,
            0.6843199729919434,
            -0.0014105200534686446,
            -0.6843199729919434,
            0.7291809916496277
        ],
        [
            -0.5388529896736145,
            -0.5070220232009888,
            -0.3329629898071289,
            0.07371640205383301,
            0.5743799805641174,
            0.05424069985747337,
            0.020623400807380676,
            0.9088760018348694,
            -0.4165570139884949,
            0.0045004598796367645,
            0.4165570139884949,
            0.9090989828109741
        ],
        [
            -0.5382699966430664,
            -0.5175690054893494,
            0.27939900755882263,
            0.08387859910726547,
            0.7369589805603027,
            0.05618609860539436,
            0.09707490354776382,
            0.92364501953125,
            0.3707520067691803,
            -0.000775745022110641,
            -0.37244099378585815,
            0.9280549883842468
        ],
        [
            -0.5293570160865784,
            0.05829869955778122,
            -0.3651160001754761,
            1.0646899938583374,
            0.13819199800491333,
            0.07406940311193466,
            -0.0030106499325484037,
            0.8587629795074463,
            -0.5123639702796936,
            0.014885099604725838,
            0.5123479962348938,
            0.8586490154266357
        ],
        [
            0.0016560599906370044,
            0.17517100274562836,
            -0.27428799867630005,
            1.0077500343322754,
            0.14648599922657013,
            1.1280100345611572,
            -2.9488599011529004e-06,
            0.7726600170135498,
            -0.6348199844360352,
            -6.239290087250993e-06,
            0.6348199844360352,
            0.7726600170135498
        ],
        [
            0.018205299973487854,
            0.1292250007390976,
            -0.4070430099964142,
            0.9109699726104736,
            0.12220899760723114,
            1.1434799432754517,
            -0.004151320084929466,
            0.9182429909706116,
            -0.39599499106407166,
            -0.0063110701739788055,
            0.3959659934043884,
            0.9182429909706116
        ]
    ],
    "ops": [
        [
            0,
            0,
            0,
            0,
            1,
            2,
            1,
            1,
            0,
            2,
            0,
            0,
            1,
            1,
            1
        ]
    ],
    "syms": [
        [
            0.0,
            0.9999499917030334,
            0.009171339683234692,
            -0.004042489919811487,
            -0.005692970007658005,
            -0.502131998538971,
            -0.33511799573898315,
            0.0
        ],
        [
            0.0,
            0.9999589920043945,
            -0.008429169654846191,
            0.003315720008686185,
            -0.007015340030193329,
            0.05389560014009476,
            -0.3633840084075928,
            0.0
        ]
    ],
    "labels:": [
        [
            1,
            2,
            2,
            2,
            0,
            0,
            0
        ]
    ],
    "obj": 44582,
    "mat_index": 5852,
    "obbs": "N 10\n0.00165606 0.175171 -0.274288 -2.94886e-06 0.77266 -0.63482 -6.23929e-06 0.63482 0.77266 1 6.23929e-06 2.94886e-06 1.00775 0.146486 1.12801\n0.0182053 0.129225 -0.407043 0.999971 0.00631107 0.00415132 -0.00631107 0.395966 0.918243 0.00415132 -0.918243 0.395995 1.14348 0.122209 0.91097\n0.0113708 -0.128007 0.327531 0.999956 0.00914901 -0.00206848 -0.00914901 0.902698 -0.430176 -0.00206848 0.430176 0.902742 1.15385 0.19694 0.949968\n0.515326 0.0494925 -0.361652 -0.0678202 -0.50629 -0.859692 0.997694 -0.0319812 -0.0598726 0.00281892 -0.86177 0.507292 0.134757 0.0859084 1.06101\n-0.529357 0.0582987 -0.365116 -0.00301065 0.858763 -0.512364 0.999885 -0.00504152 -0.0143253 -0.0148851 -0.512348 -0.858649 1.06469 0.0740694 0.138192\n-0.00184157 -0.283196 -0.165196 0.999993 -0.00356419 -0.00141052 0.00356419 0.729174 0.68432 -0.00141052 -0.68432 0.729181 1.01496 0.0250353 0.0697518\n-0.538853 -0.507022 -0.332963 -0.00450046 -0.416557 -0.909099 0.0206234 0.908876 -0.416557 0.999777 -0.0206234 0.00450046 0.57438 0.0737164 0.0542407\n0.527468 -0.497242 -0.337274 0.982586 0.163738 -0.0878292 -0.185467 0.892884 -0.410318 0.0112366 0.419462 0.907703 0.0626704 0.101187 0.574916\n0.529286 -0.518061 0.281529 -0.00110249 0.3246 -0.945851 0.994778 -0.0961751 -0.0341653 -0.102057 -0.940949 -0.322799 0.73512 0.0558898 0.0835303\n-0.53827 -0.517569 0.279399 -0.0970749 -0.923645 -0.370752 0.995277 -0.0903785 -0.0354382 -0.000775745 -0.372441 0.928055 0.0838786 0.0561861 0.736959\nC 36\n0 2\n0 7\n0 3\n0 4\n0 5\n0 8\n0 1\n0 6\n0 9\n1 3\n1 6\n1 2\n1 5\n1 4\n1 9\n1 8\n1 7\n2 8\n2 5\n2 9\n2 6\n2 3\n2 7\n2 4\n3 7\n3 5\n3 8\n4 9\n4 5\n4 6\n5 9\n5 6\n5 8\n5 7\n6 9\n7 8\nS 3\n2\n3 0.515326 0.0494925 -0.361652\n4 -0.529357 0.0582987 -0.365116\n2\n-0.00701534 0.0538956 -0.363384\n-0.999959 0.00842917 -0.00331572\n2\n6 -0.538853 -0.507022 -0.332963\n7 0.527468 -0.497242 -0.337274\n2\n-0.00569297 -0.502132 -0.335118\n0.99995 0.00917134 -0.00404249\n2\n8 0.529286 -0.518061 0.281529\n9 -0.53827 -0.517569 0.279399\n2\n-0.00449214 -0.517815 0.280464\n-0.999998 0.000460615 -0.00199535\nL 10\n0\n0\n1\n0\n0\n2\n2\n2\n2\n2"
}