{
    "boxes": [
        [
            -0.007474000100046396,
            -0.1593399941921234,
            0.2739810049533844,
            0.1992119997739792,
            0.6368119716644287,
            0.7462440133094788,
            0.0,
            1.0,
            0.0,
            0.0,
            0.0,
            1.0
        ],
        [
            -0.3970629870891571,
            0.11908700317144394,
            0.19137300550937653,
            0.27395299077033997,
            0.733027994632721,
            0.0535132996737957,
            -0.002398459939286113,
            0.8921610116958618,
            0.4517109990119934,
            0.004089049994945526,
            -0.45170000195503235,
            0.8921599984169006
        ],
        [
            0.1028280034661293,
            -0.5959870219230652,
            -0.18645499646663666,
            0.13710099458694458,
            0.5256149768829346,
            0.06205829977989197,
            0.2058209925889969,
            0.9234219789505005,
            -0.32392698526382446,
            -0.3339729905128479,
            0.3774240016937256,
            0.8637210130691528
        ],
        [
            0.154106006026268,
            -0.7590799927711487,
            -0.3690289855003357,
            0.09259550273418427,
            0.055675700306892395,
            0.08635219931602478,
            -0.27492401003837585,
            0.9391180276870728,
            0.2060920000076294,
            0.5058159828186035,
            -0.041019100695848465,
            0.8616660237312317
        ],
        [
            -0.1830269992351532,
            -0.27326700091362,
            0.2700349986553192,
            0.024343600496649742,
            0.061455998569726944,
            0.1255279928445816,
            1.7345099649901385e-06,
            0.8191530108451843,
            0.5735750198364258,
            0.05233540013432503,
            -0.5727890133857727,
            0.8180299997329712
        ],
        [
            0.007602000143378973,
            -0.49651798605918884,
            0.08697699755430222,
            0.388713002204895,
            0.14881199598312378,
            0.15641799569129944,
            0.0,
            1.0,
            0.0,
            0.0,
            0.0,
            1.0
        ],
        [
            -0.0010939999483525753,
            -0.3101300001144409,
            0.2648800015449524,
            0.07504700124263763,
            0.08857200294733047,
            0.08282999694347382,
            0.0,
            1.0,
            0.0,
            0.0,
            0.0,
            1.0
        ],
        [
            -0.007323530036956072,
            0.2778260111808777,
            -0.22622500360012054,
            1.0998300313949585,
            0.24490100145339966,
            0.7509599924087524,
            -0.005635830108076334,
            0.9380840063095093,
            -0.3463610112667084,
            -0.008088380098342896,
            0.3463119864463806,
            0.9380840063095093
        ]
    ],
    "ops": [
        [
            0,
            0,
            2,
            1,
            0,
            0,
            1,
            2,
            0,
            0,
            0,
            1,
            1,
            1,
            1,
            0,
            1
        ]
    ],
    "syms": [
        [
            0.0,
            1.0,
            -9.244430110300073e-09,
            -1.8127199297168772e-08,
            0.0003398830012883991,
            0.11908700317144394,
            0.19137300550937653,
            0.0
        ],
        [
            -1.0,
            -0.0033050000201910734,
            0.9999949932098389,
            7.574229675810784e-05,
            0.002531199948862195,
            -0.5953249931335449,
            0.08201280236244202,
            0.20000000298023224
        ]
    ],
    "labels:": [
        [
            1,
            3,
            2,
            2,
            2,
            2,
            2,
            0
        ]
    ],
    "obj": 44583,
    "mat_index": 5853,
    "obbs": "N 17\n-0.00732353 0.277826 -0.226225 0.999951 0.00808838 0.00563583 -0.00808838 0.346312 0.938084 0.00563583 -0.938084 0.346361 0.75096 0.244901 1.09983\n0.397742 0.119087 0.191373 0.00239857 -0.892161 -0.451711 0.999989 0.00398703 -0.00256477 0.00408917 -0.4517 0.89216 0.273953 0.0535133 0.733028\n-0.397063 0.119087 0.191373 0.00239846 -0.892161 -0.451711 0.999989 0.00398688 -0.00256471 0.00408905 -0.4517 0.89216 0.273953 0.0535133 0.733028\n-0.236258 -0.59552 0.248489 0.753146 0.385769 -0.532872 0.603016 -0.0810638 0.7936 0.26295 -0.919027 -0.293678 0.529632 0.0657271 0.137398\n0.0738851 -0.595494 0.360318 -0.236282 0.359305 -0.902813 0.966118 -0.0124378 -0.2578 -0.103858 -0.933137 -0.344193 0.531631 0.0570538 0.140137\n0.290755 -0.595664 0.0867756 -0.926816 0.375467 -0.00611889 -0.0330353 -0.0652923 0.997319 0.374061 0.924533 0.0729176 0.521484 0.0553178 0.136577\n-0.218554 -0.593958 -0.0990626 -0.281924 0.925268 -0.253768 -0.646485 0.0122357 0.762828 0.708926 0.379117 0.594722 0.137183 0.0595604 0.533281\n0.102828 -0.595987 -0.186455 0.333973 -0.377424 -0.863721 0.919837 -0.069589 0.386079 -0.205821 -0.923422 0.323927 0.525615 0.0620583 0.137101\n0.007602 -0.496518 0.086977 1 0 0 0 1 0 0 0 1 0.156418 0.388713 0.148812\n-0.001094 -0.31013 0.26488 1 0 0 0 1 0 0 0 1 0.08283 0.075047 0.088572\n-0.007474 -0.15934 0.273981 1 0 0 0 1 0 0 0 1 0.746244 0.199212 0.636812\n-0.411487 -0.758037 0.337307 1 0 0 0 1 0 0 0 1 0.053662 0.100255 0.066508\n-0.369563 -0.759145 -0.246936 0.672263 -0.334007 -0.660683 0.202525 0.941368 -0.269831 0.712072 0.0475925 0.700492 0.0860335 0.0929534 0.0560015\n0.154106 -0.75908 -0.369029 -0.505816 0.0410191 -0.861666 -0.274924 0.939118 0.206092 0.81766 0.341137 -0.463743 0.0556757 0.0925955 0.0863522\n0.517341 -0.758037 0.086505 1 0 0 0 1 0 0 0 1 0.069232 0.100255 0.057744\n0.11634 -0.759319 0.570878 0.82205 0.332549 -0.462217 -0.256672 0.941003 0.220528 0.508284 -0.0626463 0.858908 0.0860055 0.0932788 0.0567391\n-0.183027 -0.273267 0.270035 0.99863 0.0300169 -0.0428717 1.73451e-06 0.819153 0.573575 0.0523354 -0.572789 0.81803 0.125528 0.0243436 0.061456\nC 50\n0 7\n0 16\n0 10\n0 3\n0 5\n0 8\n0 1\n0 6\n0 9\n0 2\n1 10\n2 16\n2 10\n3 11\n3 7\n3 10\n3 6\n3 16\n3 9\n3 5\n3 8\n3 4\n4 7\n4 8\n4 9\n4 5\n4 16\n4 6\n4 15\n5 9\n5 6\n5 8\n5 10\n5 7\n5 14\n6 9\n6 7\n6 10\n6 16\n6 12\n6 8\n7 10\n7 8\n7 9\n7 13\n8 9\n8 10\n8 16\n9 16\n10 16\nS 3\n2\n1 0.397742 0.119087 0.191373\n2 -0.397063 0.119087 0.191373\n2\n0.000339883 0.119087 0.191373\n-1 9.24443e-09 1.81272e-08\n5\n5 0.290755 -0.595664 0.0867756\n4 0.0738851 -0.595494 0.360318\n3 -0.236258 -0.59552 0.248489\n6 -0.218554 -0.593958 -0.0990626\n7 0.102828 -0.595987 -0.186455\n3\n0.0025312 -0.595325 0.0820128\n-0.003305 0.999995 7.57423e-05\n5\n14 0.517341 -0.758037 0.086505\n15 0.11634 -0.759319 0.570878\n11 -0.411487 -0.758037 0.337307\n12 -0.369563 -0.759145 -0.246936\n13 0.154106 -0.75908 -0.369029\n3\n0.00134742 -0.758724 0.075745\n5.61035e-05 -1 0.000248072\nL 17\n0\n3\n3\n2\n2\n2\n2\n2\n2\n2\n1\n2\n2\n2\n2\n2\n2"
}