{
    "boxes": [
        [
            -0.008450999855995178,
            -0.07690650224685669,
            0.099932000041008,
            0.23358699679374695,
            0.8146979808807373,
            0.9476159811019897,
            0.0,
            1.0,
            0.0,
            0.0,
            0.0,
            1.0
        ],
        [
            -0.44027599692344666,
            0.28283199667930603,
            0.00016299499839078635,
            0.07056549936532974,
            0.6120960116386414,
            0.08904749900102615,
            -0.102292999625206,
            0.9945560097694397,
            -0.019884800538420677,
            -0.0010198099771514535,
            0.019884800538420677,
            0.9998019933700562
        ],
        [
            0.42679399251937866,
            0.1110910028219223,
            0.3439899981021881,
            0.3631879985332489,
            0.14337199926376343,
            0.1300020068883896,
            0.014857999980449677,
            0.8399839997291565,
            -0.5424079895019531,
            -0.45917901396751404,
            0.48761600255966187,
            0.7425529956817627
        ],
        [
            -0.4404360055923462,
            -0.45991501212120056,
            -0.26322099566459656,
            0.6206750273704529,
            0.08166299760341644,
            0.08364599943161011,
            0.0,
            1.0,
            0.0,
            0.0,
            0.0,
            1.0
        ],
        [
            -0.44043099880218506,
            -0.46086999773979187,
            0.4603089988231659,
            0.6187940239906311,
            0.09394499659538269,
            0.08365499973297119,
            0.0,
            1.0,
            0.0,
            0.0,
            0.0,
            1.0
        ],
        [
            -0.4326840043067932,
            0.21098199486732483,
            -0.3200420141220093,
            0.7425950169563293,
            0.1183520033955574,
            0.1227789968252182,
            -0.012068900279700756,
            0.9821500182151794,
            -0.18771199882030487,
            0.17446400225162506,
            0.18691499531269073,
            0.966759979724884
        ],
        [
            -0.022690700367093086,
            0.254474014043808,
            -0.3416610062122345,
            0.6615610122680664,
            0.08647719770669937,
            0.536387026309967,
            -0.0007710380014032125,
            0.968222975730896,
            -0.2500860095024109,
            -0.0009954969864338636,
            0.2500849962234497,
            0.968222975730896
        ],
        [
            -0.008572010323405266,
            0.6013550162315369,
            -0.42245399951934814,
            0.12409000098705292,
            0.053283900022506714,
            0.9469190239906311,
            0.0009467090130783617,
            0.8751770257949829,
            -0.48380300402641296,
            0.0016050799749791622,
            0.483801007270813,
            0.8751770257949829
        ]
    ],
    "ops": [
        [
            0,
            0,
            0,
            1,
            2,
            1,
            0,
            0,
            1,
            2,
            1,
            0,
            2,
            0,
            0,
            1,
            1,
            1
        ]
    ],
    "syms": [
        [
            0.0,
            0.9998589754104614,
            -0.015851100906729698,
            -0.005624989978969097,
            -0.008781660348176956,
            0.2759909927845001,
            -0.0022644998971372843,
            0.0
        ],
        [
            0.0,
            0.9999989867210388,
            0.0012072300305590034,
            2.720019983826205e-05,
            -0.008453999646008015,
            -0.4593929946422577,
            -0.2632099986076355,
            0.0
        ],
        [
            0.0,
            0.9999949932098389,
            -0.002507509896531701,
            0.001993519952520728,
            -0.009332199580967426,
            0.2099210023880005,
            -0.31919899582862854,
            0.0
        ]
    ],
    "labels:": [
        [
            1,
            3,
            3,
            2,
            2,
            0,
            0,
            0
        ]
    ],
    "obj": 44593,
    "mat_index": 5859,
    "obbs": "N 13\n-0.0226907 0.254474 -0.341661 0.999999 0.000995497 0.000771038 -0.000995497 0.250085 0.968223 0.000771038 -0.968223 0.250086 0.536387 0.0864772 0.661561\n-0.00857201 0.601355 -0.422454 0.000946709 0.875177 -0.483803 0.00160508 0.483801 0.875177 0.999998 -0.00160508 -0.000946709 0.12409 0.0532839 0.946919\n-0.008451 -0.0769065 0.099932 1 0 0 0 1 0 0 0 1 0.947616 0.233587 0.814698\n0.414019 0.208859 -0.318355 0.0203591 0.979584 -0.2 -0.103197 0.201032 0.974134 0.994453 0.000806908 0.105183 0.750365 0.125242 0.123424\n-0.432684 0.210982 -0.320042 0.98459 -0.0210812 -0.173605 0.174464 0.186915 0.96676 0.0120689 -0.98215 0.187712 0.122779 0.118352 0.742595\n-0.440276 0.282832 0.000162995 0.994754 0.102293 -0.00101981 -0.102293 0.994556 -0.0198848 -0.00101981 0.0198848 0.999802 0.0890475 0.0705655 0.612096\n0.422713 0.269151 -0.004692 1 0 0 0 1 0 0 0 1 0.085272 0.063477 0.633914\n-0.441484 0.094867 0.362849 -0.278606 -0.502192 -0.818647 0.959627 -0.179888 -0.216234 -0.0386737 -0.845839 0.532034 0.136758 0.122542 0.413735\n0.426794 0.111091 0.34399 0.014858 0.839984 -0.542408 0.88822 0.238029 0.392948 0.459179 -0.487616 -0.742553 0.363188 0.130002 0.143372\n-0.440436 -0.459915 -0.263221 1 0 0 0 1 0 0 0 1 0.083646 0.620675 0.081663\n0.423528 -0.458871 -0.263198 1 0 0 0 1 0 0 0 1 0.083658 0.622511 0.081712\n0.425434 -0.453036 0.464175 1 0 0 0 1 0 0 0 1 0.079846 0.634185 0.086211\n-0.440431 -0.46087 0.460309 1 0 0 0 1 0 0 0 1 0.083655 0.618794 0.093945\nC 29\n0 2\n0 10\n0 3\n0 4\n0 5\n0 1\n0 6\n0 9\n1 3\n1 5\n1 4\n2 8\n2 12\n2 5\n2 9\n2 6\n2 10\n2 3\n2 7\n2 11\n2 4\n3 10\n3 6\n4 9\n4 5\n5 7\n6 8\n7 12\n8 11\nS 5\n2\n3 0.414019 0.208859 -0.318355\n4 -0.432684 0.210982 -0.320042\n2\n-0.0093322 0.209921 -0.319199\n-0.999995 0.00250751 -0.00199352\n2\n5 -0.440276 0.282832 0.000162995\n6 0.422713 0.269151 -0.004692\n2\n-0.00878166 0.275991 -0.0022645\n0.999859 -0.0158511 -0.00562499\n2\n7 -0.441484 0.094867 0.362849\n8 0.426794 0.111091 0.34399\n2\n-0.00734508 0.102979 0.35342\n0.99959 0.0186782 -0.0217114\n2\n9 -0.440436 -0.459915 -0.263221\n10 0.423528 -0.458871 -0.263198\n2\n-0.008454 -0.459393 -0.26321\n0.999999 0.00120723 2.72002e-05\n2\n11 0.425434 -0.453036 0.464175\n12 -0.440431 -0.46087 0.460309\n2\n-0.00749875 -0.456953 0.462242\n-0.999949 -0.00904656 -0.00446582\nL 13\n0\n0\n1\n0\n0\n3\n3\n3\n3\n2\n2\n2\n2"
}