{
    "boxes": [
        [
            -0.025539999827742577,
            -0.11021500080823898,
            0.13179700076580048,
            0.28290799260139465,
            0.8890860080718994,
            0.6158639788627625,
            0.0,
            1.0,
            0.0,
            0.0,
            0.0,
            1.0
        ],
        [
            -0.4002699851989746,
            0.20303699374198914,
            0.04156399890780449,
            0.07409299910068512,
            0.5920500159263611,
            0.10796599835157394,
            0.0,
            1.0,
            0.0,
            0.0,
            0.0,
            1.0
        ],
        [
            -0.372873991727829,
            -0.4491940140724182,
            0.5382980108261108,
            0.5229930281639099,
            0.15112200379371643,
            0.09423690289258957,
            0.005435459781438112,
            0.8603330254554749,
            -0.5097029805183411,
            -0.04483979940414429,
            0.5094069838523865,
            0.8593559861183167
        ],
        [
            0.32245001196861267,
            -0.47080498933792114,
            -0.38776299357414246,
            0.4695279896259308,
            0.14560000598430634,
            0.0981995016336441,
            0.021672099828720093,
            0.8624619841575623,
            0.5056570172309875,
            0.03976390138268471,
            -0.5061190128326416,
            0.861545979976654
        ],
        [
            0.3219580054283142,
            -0.27939099073410034,
            0.05641449987888336,
            0.25973400473594666,
            0.7169110178947449,
            0.08728700131177902,
            0.0,
            1.0,
            0.0,
            0.0,
            0.0,
            1.0
        ],
        [
            -0.025646500289440155,
            0.32244300842285156,
            -0.25230899453163147,
            0.9705439805984497,
            0.12087500095367432,
            0.8575029969215393,
            0.0,
            1.0,
            0.0,
            0.0,
            0.0,
            1.0
        ]
    ],
    "ops": [
        [
            0,
            0,
            2,
            1,
            0,
            0,
            0,
            1,
            1,
            2,
            1,
            0,
            1
        ]
    ],
    "syms": [
        [
            0.0,
            0.9999480247497559,
            0.003714800113812089,
            0.009473759680986404,
            -0.019448300823569298,
            0.20445099472999573,
            0.04517199844121933,
            0.0
        ],
        [
            0.0,
            0.9999709725379944,
            -0.007170449942350388,
            0.0025850199162960052,
            -0.0249720998108387,
            -0.4516879916191101,
            0.5391970276832581,
            0.0
        ]
    ],
    "labels:": [
        [
            1,
            3,
            2,
            2,
            2,
            0
        ]
    ],
    "obj": 44622,
    "mat_index": 5865,
    "obbs": "N 10\n-0.0256465 0.322443 -0.252309 1 0 0 0 1 0 0 0 1 0.857503 0.970544 0.120875\n0.361374 0.205866 0.04878 1 0 0 0 1 0 0 0 1 0.083463 0.067854 0.577616\n-0.40027 0.203037 0.041564 1 0 0 0 1 0 0 0 1 0.107966 0.074093 0.59205\n-0.02554 -0.110215 0.131797 1 0 0 0 1 0 0 0 1 0.615864 0.282908 0.889086\n-0.372938 -0.45697 -0.376494 0.0157354 -0.852223 -0.522942 0.999634 0.00190712 0.0269713 -0.0219882 -0.523175 0.851942 0.506114 0.0959809 0.145964\n0.32245 -0.470805 -0.387763 -0.0216721 -0.862462 -0.505657 0.998974 0.00143536 -0.0452635 0.0397639 -0.506119 0.861546 0.469528 0.0981995 0.1456\n0.32293 -0.454183 0.540096 0.0129285 0.84649 -0.532247 0.99388 -0.069281 -0.0860433 -0.109709 -0.527877 -0.842205 0.515519 0.102492 0.153024\n-0.372874 -0.449194 0.538298 0.0448398 -0.509407 -0.859356 0.998979 0.018184 0.041346 -0.00543546 -0.860333 0.509703 0.151122 0.0942369 0.522993\n0.321958 -0.279391 0.0564145 1 0 0 0 1 0 0 0 1 0.087287 0.259734 0.716911\n-0.372696 -0.26207 0.0777455 1 0 0 0 1 0 0 0 1 0.087969 0.224633 0.674217\nC 19\n0 1\n0 5\n0 4\n0 9\n0 3\n0 8\n0 2\n1 3\n2 3\n3 8\n3 9\n3 6\n3 7\n3 4\n3 5\n4 9\n5 8\n6 8\n7 9\nS 4\n2\n1 0.361374 0.205866 0.04878\n2 -0.40027 0.203037 0.041564\n2\n-0.0194483 0.204451 0.045172\n-0.999948 -0.0037148 -0.00947376\n2\n4 -0.372938 -0.45697 -0.376494\n5 0.32245 -0.470805 -0.387763\n2\n-0.0252439 -0.463887 -0.382129\n0.999671 -0.0198889 -0.016201\n2\n6 0.32293 -0.454183 0.540096\n7 -0.372874 -0.449194 0.538298\n2\n-0.0249721 -0.451688 0.539197\n-0.999971 0.00717045 -0.00258502\n2\n8 0.321958 -0.279391 0.0564145\n9 -0.372696 -0.26207 0.0777455\n2\n-0.0253695 -0.27073 0.06708\n-0.999219 0.0249159 0.0306834\nL 10\n0\n3\n3\n1\n2\n2\n2\n2\n2\n2"
}