{
    "boxes": [
        [
            0.008028149604797363,
            0.004175100009888411,
            0.16897700726985931,
            0.11915600299835205,
            0.8708909749984741,
            0.8959090113639832,
            0.007053149864077568,
            0.9990969896316528,
            0.0418987013399601,
            -0.00014782500511500984,
            -0.0418987013399601,
            0.9991220235824585
        ],
        [
            0.023883499205112457,
            -0.7592480182647705,
            -0.34043800830841064,
            0.04602000117301941,
            0.08952099829912186,
            0.8093370199203491,
            0.0,
            1.0,
            0.0,
            0.0,
            0.0,
            1.0
        ],
        [
            -0.4127059876918793,
            -0.3746820092201233,
            0.6071310043334961,
            0.7548699975013733,
            0.2647460103034973,
            0.045593999326229095,
            0.0,
            1.0,
            0.0,
            0.0,
            0.0,
            1.0
        ],
        [
            -0.39828500151634216,
            -0.7416759729385376,
            0.07196000218391418,
            0.07947699725627899,
            0.8428220152854919,
            0.07398100197315216,
            0.0,
            1.0,
            0.0,
            0.0,
            0.0,
            1.0
        ],
        [
            -0.40996500849723816,
            0.33538100123405457,
            -0.34720098972320557,
            0.6166260242462158,
            0.15527699887752533,
            0.054554201662540436,
            -0.008620649576187134,
            0.9077180027961731,
            -0.4194929897785187,
            0.06864830106496811,
            0.4190559983253479,
            0.905360996723175
        ],
        [
            0.00803850032389164,
            0.2997550070285797,
            -0.32520198822021484,
            0.38679900765419006,
            0.058528199791908264,
            0.8955850005149841,
            -0.0,
            0.9842879772186279,
            -0.17657099664211273,
            -0.0,
            0.17657099664211273,
            0.9842879772186279
        ],
        [
            0.0006464999751187861,
            0.5782279968261719,
            -0.5335140228271484,
            0.0456480011343956,
            0.08227399736642838,
            0.85978102684021,
            0.0,
            1.0,
            0.0,
            0.0,
            0.0,
            1.0
        ]
    ],
    "ops": [
        [
            0,
            0,
            0,
            0,
            1,
            2,
            1,
            1,
            0,
            2,
            0,
            0,
            1,
            1,
            1
        ]
    ],
    "syms": [
        [
            0.0,
            0.9991729855537415,
            -0.035145800560712814,
            0.020423199981451035,
            0.008100350387394428,
            -0.3894839882850647,
            0.6157320141792297,
            0.0
        ],
        [
            0.0,
            0.9999939799308777,
            0.0019624601118266582,
            0.002895750105381012,
            0.0037159500643610954,
            0.3361920118331909,
            -0.346002995967865,
            0.0
        ]
    ],
    "labels:": [
        [
            1,
            2,
            2,
            2,
            0,
            0,
            0
        ]
    ],
    "obj": 44711,
    "mat_index": 5879,
    "obbs": "N 10\n0.0080385 0.299755 -0.325202 1 0 0 -0 0.176571 0.984288 0 -0.984288 0.176571 0.895585 0.0585282 0.386799\n0.0006465 0.578228 -0.533514 1 0 0 0 1 0 0 0 1 0.859781 0.045648 0.082274\n0.00802815 0.0041751 0.168977 0.000147825 0.0418987 -0.999122 0.00705315 0.999097 0.0418987 0.999975 -0.00705315 -0.000147825 0.870891 0.119156 0.895909\n-0.409965 0.335381 -0.347201 -0.0686483 -0.419056 -0.905361 0.997604 -0.0209927 -0.0659258 0.00862065 -0.907718 0.419493 0.155277 0.0545542 0.616626\n0.417397 0.337004 -0.344805 0.00352527 -0.449832 -0.893106 0.999988 -0.00141675 0.00466074 -0.00336186 -0.893112 0.449822 0.161957 0.0682142 0.642291\n0.428907 -0.404286 0.624334 -0.000580912 -0.994107 -0.108401 0.999992 -0.00100871 0.00389163 -0.00397804 -0.108398 0.9941 0.696947 0.0458731 0.226836\n-0.412706 -0.374682 0.607131 1 0 0 0 1 0 0 0 1 0.045594 0.75487 0.264746\n0.415691 -0.73883 0.091346 1 0 0 0 1 0 0 0 1 0.071337 0.086856 0.836948\n0.0238835 -0.759248 -0.340438 1 0 0 0 1 0 0 0 1 0.809337 0.04602 0.089521\n-0.398285 -0.741676 0.07196 1 0 0 0 1 0 0 0 1 0.073981 0.079477 0.842822\nC 14\n0 1\n0 4\n0 3\n0 2\n1 3\n1 4\n2 6\n2 4\n2 3\n2 5\n5 7\n6 9\n7 8\n8 9\nS 3\n2\n3 -0.409965 0.335381 -0.347201\n4 0.417397 0.337004 -0.344805\n2\n0.00371595 0.336192 -0.346003\n0.999994 0.00196246 0.00289575\n2\n5 0.428907 -0.404286 0.624334\n6 -0.412706 -0.374682 0.607131\n2\n0.00810035 -0.389484 0.615732\n-0.999173 0.0351458 -0.0204232\n2\n7 0.415691 -0.73883 0.091346\n9 -0.398285 -0.741676 0.07196\n2\n0.0087025 -0.740253 0.081653\n-0.99971 -0.00349602 -0.0238095\nL 10\n0\n0\n1\n0\n0\n2\n2\n2\n2\n2"
}