{
    "boxes": [
        [
            0.0010694999946281314,
            -0.07350900024175644,
            0.08542300015687943,
            0.14042599499225616,
            1.0042699575424194,
            1.1951099634170532,
            0.0,
            1.0,
            0.0,
            0.0,
            0.0,
            1.0
        ],
        [
            -0.37081798911094666,
            -0.5036600232124329,
            -0.1987919956445694,
            0.7273420095443726,
            0.07454299926757812,
            0.07454399764537811,
            0.0,
            1.0,
            0.0,
            0.0,
            0.0,
            1.0
        ],
        [
            -0.3752090036869049,
            -0.5045089721679688,
            0.3654850125312805,
            0.7273430228233337,
            0.07454399764537811,
            0.07454299926757812,
            0.0,
            1.0,
            0.0,
            0.0,
            0.0,
            1.0
        ],
        [
            0.002091499976813793,
            0.4431689977645874,
            -0.24478499591350555,
            0.9684060215950012,
            0.1366029977798462,
            1.0266400575637817,
            0.0,
            1.0,
            0.0,
            0.0,
            0.0,
            1.0
        ],
        [
            -0.28120601177215576,
            0.3642610013484955,
            -0.25807899236679077,
            0.792809009552002,
            0.06123489886522293,
            0.10772199928760529,
            -0.09274560213088989,
            0.9956459999084473,
            -0.00937809981405735,
            -0.09321600198745728,
            0.0006949210073798895,
            0.9956459999084473
        ],
        [
            -0.18112300336360931,
            0.3972660005092621,
            -0.26044899225234985,
            0.8548370003700256,
            0.0702861025929451,
            0.10083500295877457,
            -0.07495799660682678,
            0.9971399903297424,
            0.00965122040361166,
            -0.022429099306464195,
            -0.01136189978569746,
            0.9996839761734009
        ],
        [
            0.1712149977684021,
            0.3383080065250397,
            -0.2610729932785034,
            0.754938006401062,
            0.06685639917850494,
            0.07477790117263794,
            0.03610629960894585,
            0.9993379712104797,
            0.00435328995808959,
            -0.3249320089817047,
            0.007620209828019142,
            0.9457070231437683
        ],
        [
            0.07788959890604019,
            0.36388200521469116,
            -0.26086100935935974,
            0.7855250239372253,
            0.046445801854133606,
            0.07257699966430664,
            0.01912190020084381,
            0.9997879862785339,
            0.007655609864741564,
            0.018972599878907204,
            -0.00801847968250513,
            0.9997879862785339
        ]
    ],
    "ops": [
        [
            0,
            0,
            0,
            1,
            2,
            1,
            0,
            0,
            2,
            1,
            0,
            2,
            0,
            0,
            1,
            1,
            1,
            1
        ]
    ],
    "syms": [
        [
            0.0,
            0.9999759793281555,
            -0.0011356499744579196,
            0.006842129863798618,
            0.009792749769985676,
            -0.5040919780731201,
            -0.19618800282478333,
            0.0
        ],
        [
            0.0,
            0.9994029998779297,
            -0.0340907983481884,
            -0.005547179840505123,
            -0.00046195401228033006,
            0.3546839952468872,
            -0.2596369981765747,
            0.0
        ],
        [
            0.0,
            0.9972890019416809,
            -0.0319783017039299,
            0.06627470254898071,
            -0.1330229938030243,
            0.39572399854660034,
            -0.2572529911994934,
            0.0
        ]
    ],
    "labels:": [
        [
            1,
            2,
            2,
            0,
            0,
            0,
            0,
            0
        ]
    ],
    "obj": 44713,
    "mat_index": 5880,
    "obbs": "N 12\n0.0010695 -0.073509 0.085423 1 0 0 0 1 0 0 0 1 1.19511 0.140426 1.00427\n0.280282 0.345108 -0.261196 0.100523 0.994846 0.0132594 0.047559 -0.0181163 0.998704 0.993797 -0.099762 -0.0491351 0.776847 0.0850198 0.107911\n0.171215 0.338308 -0.261073 0.0361063 0.999338 0.00435329 -0.324932 0.00762021 0.945707 0.945048 -0.0355605 0.324992 0.754938 0.0668564 0.0747779\n0.0778896 0.363882 -0.260861 0.0191219 0.999788 0.00765561 0.0189726 -0.00801848 0.999788 0.999637 -0.0189726 -0.0191219 0.785525 0.0464458 0.072577\n-0.0849239 0.394181 -0.254057 0.998569 0.0377039 0.0379304 -0.0377039 -0.00670226 0.999266 0.0379304 -0.999266 -0.00527108 0.0892673 0.0608473 0.853076\n-0.181123 0.397266 -0.260449 0.996934 0.0747178 0.0232167 -0.0224291 -0.0113619 0.999684 0.074958 -0.99714 -0.00965122 0.100835 0.0702861 0.854837\n-0.281206 0.364261 -0.258079 0.991317 0.093216 0.0927456 -0.093216 0.000694921 0.995646 0.0927456 -0.995646 0.0093781 0.107722 0.0612349 0.792809\n-0.370818 -0.50366 -0.198792 1 0 0 0 1 0 0 0 1 0.074544 0.727342 0.074543\n0.390404 -0.504525 -0.193584 1 0 0 0 1 0 0 0 1 0.074543 0.727343 0.074544\n0.386012 -0.505374 0.370694 1 0 0 0 1 0 0 0 1 0.074543 0.727342 0.074543\n-0.375209 -0.504509 0.365485 1 0 0 0 1 0 0 0 1 0.074543 0.727343 0.074544\n0.0020915 0.443169 -0.244785 1 0 0 0 1 0 0 0 1 1.02664 0.968406 0.136603\nC 36\n0 2\n0 7\n0 10\n0 3\n0 11\n0 4\n0 5\n0 8\n0 1\n0 6\n0 9\n1 3\n1 11\n1 2\n1 4\n1 8\n2 8\n2 5\n2 3\n2 11\n2 4\n3 11\n3 6\n3 5\n3 4\n4 7\n4 5\n4 11\n4 6\n5 6\n5 11\n5 7\n6 7\n6 11\n7 11\n8 11\nS 4\n2\n6 -0.281206 0.364261 -0.258079\n1 0.280282 0.345108 -0.261196\n2\n-0.000461954 0.354684 -0.259637\n0.999403 -0.0340908 -0.00554718\n2\n5 -0.181123 0.397266 -0.260449\n4 -0.0849239 0.394181 -0.254057\n2\n-0.133023 0.395724 -0.257253\n0.997289 -0.0319783 0.0662747\n2\n7 -0.370818 -0.50366 -0.198792\n8 0.390404 -0.504525 -0.193584\n2\n0.00979275 -0.504092 -0.196188\n0.999976 -0.00113565 0.00684213\n2\n9 0.386012 -0.505374 0.370694\n10 -0.375209 -0.504509 0.365485\n2\n0.005402 -0.504942 0.368089\n-0.999976 0.00113565 -0.00684213\nL 12\n1\n0\n0\n0\n0\n0\n0\n2\n2\n2\n2\n0"
}