{
    "boxes": [
        [
            -0.010585499927401543,
            -0.10231699794530869,
            0.11614599823951721,
            0.15205399692058563,
            0.7742829918861389,
            0.9585409760475159,
            0.0,
            1.0,
            0.0,
            0.0,
            0.0,
            1.0
        ],
        [
            -0.4526199996471405,
            0.023047499358654022,
            0.45209801197052,
            0.3995490074157715,
            0.12197700142860413,
            0.07447300106287003,
            0.0,
            1.0,
            0.0,
            0.0,
            0.0,
            1.0
        ],
        [
            0.4466319978237152,
            0.2359970062971115,
            0.09726150333881378,
            0.07240600138902664,
            0.7050989866256714,
            0.04410500079393387,
            0.0,
            1.0,
            0.0,
            0.0,
            0.0,
            1.0
        ],
        [
            -0.46813899278640747,
            -0.4326620101928711,
            -0.31806299090385437,
            0.6101740002632141,
            0.1436470001935959,
            0.04876819998025894,
            0.0012212400324642658,
            0.9862059950828552,
            0.16551600396633148,
            0.043647900223731995,
            -0.16541099548339844,
            0.9852579832077026
        ],
        [
            -0.4602409899234772,
            -0.436708003282547,
            0.4674620032310486,
            0.5787720084190369,
            0.0912420004606247,
            0.05922999978065491,
            0.0,
            1.0,
            0.0,
            0.0,
            0.0,
            1.0
        ],
        [
            -0.010586000047624111,
            0.25742799043655396,
            -0.32818999886512756,
            0.7700859904289246,
            0.0329120010137558,
            0.8743299841880798,
            -0.0,
            0.9847059845924377,
            -0.17422600090503693,
            0.0,
            0.17422600090503693,
            0.9847059845924377
        ],
        [
            -0.46833598613739014,
            0.24231800436973572,
            -0.3091239929199219,
            0.8191919922828674,
            0.17562399804592133,
            0.04734539985656738,
            -0.0026249100919812918,
            0.9902039766311646,
            -0.13960599899291992,
            -0.01761999912559986,
            0.13953900337219238,
            0.9900599718093872
        ]
    ],
    "ops": [
        [
            0,
            0,
            0,
            1,
            2,
            1,
            0,
            0,
            1,
            2,
            1,
            0,
            0,
            2,
            1,
            1
        ]
    ],
    "syms": [
        [
            0.0,
            0.9999849796295166,
            -0.0001204979998874478,
            0.00549881998449564,
            -0.004484749864786863,
            0.022993499413132668,
            0.4545629918575287,
            0.0
        ],
        [
            0.0,
            0.9999610185623169,
            -0.0045758201740682125,
            -0.0075885700061917305,
            -0.010806499980390072,
            -0.43475499749183655,
            -0.32153400778770447,
            0.0
        ],
        [
            0.0,
            0.9999079704284668,
            -0.01076740026473999,
            0.008214590139687061,
            -0.010632400400936604,
            0.2373889982700348,
            -0.3053640127182007,
            0.0
        ]
    ],
    "labels:": [
        [
            1,
            3,
            3,
            2,
            2,
            0,
            0
        ]
    ],
    "obj": 44882,
    "mat_index": 5921,
    "obbs": "N 12\n-0.010586 0.257428 -0.32819 1 0 0 0 0.174226 0.984706 0 -0.984706 0.174226 0.87433 0.032912 0.770086\n-0.0105855 -0.102317 0.116146 1 0 0 0 1 0 0 0 1 0.958541 0.152054 0.774283\n0.447071 0.23246 -0.301604 -0.0377017 -0.0895565 -0.995268 0.999285 -0.00605515 -0.037309 -0.00268523 -0.995963 0.0897208 0.163836 0.0494953 0.834218\n-0.468336 0.242318 -0.309124 0.01762 -0.139539 -0.99006 0.999841 0.00505867 0.0170811 0.00262491 -0.990204 0.139606 0.175624 0.0473454 0.819192\n0.44365 0.0229395 0.457027 1 0 0 0 1 0 0 0 1 0.05007 0.430531 0.112122\n-0.45262 0.0230475 0.452098 1 0 0 0 1 0 0 0 1 0.074473 0.399549 0.121977\n0.446632 0.235997 0.0972615 1 0 0 0 1 0 0 0 1 0.044105 0.072406 0.705099\n-0.467804 0.227315 0.112428 1 0 0 0 1 0 0 0 1 0.044104 0.089591 0.735561\n-0.468139 -0.432662 -0.318063 -0.00122124 -0.986206 -0.165516 0.999046 0.00602117 -0.0432479 0.0436479 -0.165411 0.985258 0.610174 0.0487682 0.143647\n0.446526 -0.436848 -0.325005 -0.000719565 -0.98577 -0.168101 0.999155 0.00620025 -0.0406362 0.0411002 -0.167988 0.984932 0.599823 0.0478448 0.128865\n0.44401 -0.442764 0.467329 1 0 0 0 1 0 0 0 1 0.04935 0.566658 0.091518\n-0.460241 -0.436708 0.467462 1 0 0 0 1 0 0 0 1 0.05923 0.578772 0.091242\nC 25\n0 7\n0 3\n0 8\n0 1\n0 6\n0 9\n0 2\n1 3\n1 6\n1 11\n1 2\n1 5\n1 10\n1 4\n1 9\n1 8\n1 7\n2 9\n2 6\n3 7\n3 8\n4 10\n4 6\n5 11\n5 7\nS 5\n2\n2 0.447071 0.23246 -0.301604\n3 -0.468336 0.242318 -0.309124\n2\n-0.0106324 0.237389 -0.305364\n-0.999908 0.0107674 -0.00821459\n2\n4 0.44365 0.0229395 0.457027\n5 -0.45262 0.0230475 0.452098\n2\n-0.00448475 0.0229935 0.454563\n-0.999985 0.000120498 -0.00549882\n2\n6 0.446632 0.235997 0.0972615\n7 -0.467804 0.227315 0.112428\n2\n-0.0105858 0.231656 0.104845\n-0.999817 -0.00949318 0.0165831\n2\n8 -0.468139 -0.432662 -0.318063\n9 0.446526 -0.436848 -0.325005\n2\n-0.0108065 -0.434755 -0.321534\n0.999961 -0.00457582 -0.00758857\n2\n10 0.44401 -0.442764 0.467329\n11 -0.460241 -0.436708 0.467462\n2\n-0.0081155 -0.439736 0.467395\n-0.999978 0.00669711 0.00014708\nL 12\n0\n1\n0\n0\n3\n3\n3\n3\n2\n2\n2\n2"
}