{
    "boxes": [
        [
            0.009634999558329582,
            -0.09042830020189285,
            0.2037699967622757,
            0.8099880218505859,
            0.16628199815750122,
            0.744733989238739,
            -4.5469398912700854e-08,
            0.8127049803733826,
            0.5826759934425354,
            -2.3348599498262956e-08,
            -0.5826759934425354,
            0.8127049803733826
        ],
        [
            -0.3958030045032501,
            0.19054700434207916,
            0.15490800142288208,
            0.10901100188493729,
            0.5230140089988708,
            0.08444300293922424,
            0.0,
            1.0,
            0.0,
            0.0,
            0.0,
            1.0
        ],
        [
            -0.3943830132484436,
            -0.09202220290899277,
            0.09624580293893814,
            0.6166899800300598,
            0.6282370090484619,
            0.06620270013809204,
            -0.005680370144546032,
            0.9999790191650391,
            0.0030235699377954006,
            -0.0030235699377954006,
            -0.0030407800804823637,
            0.9999909996986389
        ],
        [
            -0.3958339989185333,
            -0.6419540047645569,
            -0.11821699887514114,
            0.4959009885787964,
            0.32692599296569824,
            0.08420299738645554,
            0.0,
            1.0,
            0.0,
            0.0,
            0.0,
            1.0
        ],
        [
            0.0203878004103899,
            0.24385400116443634,
            -0.2050579935312271,
            1.019279956817627,
            0.11364500224590302,
            0.7465590238571167,
            0.0003398680128157139,
            0.9816669821739197,
            -0.19060200452804565,
            0.00041220401180908084,
            0.19060200452804565,
            0.9816669821739197
        ]
    ],
    "ops": [
        [
            0,
            0,
            0,
            1,
            2,
            1,
            0,
            2,
            1,
            0,
            1
        ]
    ],
    "syms": [
        [
            0.0,
            0.9999549984931946,
            -0.006994800176471472,
            0.006344419904053211,
            0.008943499997258186,
            0.18771499395370483,
            0.15747599303722382,
            0.0
        ],
        [
            0.0,
            0.999987006187439,
            0.005123780108988285,
            6.670309812761843e-05,
            0.008939250372350216,
            -0.6398800015449524,
            -0.11818999797105789,
            0.0
        ]
    ],
    "labels:": [
        [
            1,
            3,
            3,
            2,
            0
        ]
    ],
    "obj": 44887,
    "mat_index": 5923,
    "obbs": "N 8\n0.0203878 0.243854 -0.205058 1 -0.000412204 -0.000339868 0.000412204 0.190602 0.981667 -0.000339868 -0.981667 0.190602 0.746559 0.113645 1.01928\n0.41369 0.184884 0.160044 1 0 0 0 1 0 0 0 1 0.084443 0.120336 0.512746\n-0.395803 0.190547 0.154908 1 0 0 0 1 0 0 0 1 0.084443 0.109011 0.523014\n0.009635 -0.0904283 0.20377 -4.54694e-08 0.812705 0.582676 -2.33486e-08 -0.582676 0.812705 1 2.33486e-08 4.54694e-08 0.809988 0.166282 0.744734\n0.413713 -0.637806 -0.118163 1 0 0 0 1 0 0 0 1 0.084172 0.504229 0.326846\n-0.395834 -0.641954 -0.118217 1 0 0 0 1 0 0 0 1 0.084203 0.495901 0.326926\n0.409222 -0.096846 0.0968265 1 0 0 0 1 0 0 0 1 0.075507 0.627572 0.627675\n-0.394383 -0.0920222 0.0962458 0.00302357 0.00304078 -0.999991 0.999979 0.00567118 0.00304078 0.00568037 -0.999979 -0.00302357 0.628237 0.0662027 0.61669\nC 17\n0 1\n0 7\n0 6\n0 5\n0 4\n0 3\n0 2\n1 3\n1 6\n2 7\n2 3\n3 6\n3 7\n3 4\n3 5\n4 6\n5 7\nS 3\n2\n1 0.41369 0.184884 0.160044\n2 -0.395803 0.190547 0.154908\n2\n0.0089435 0.187715 0.157476\n-0.999955 0.0069948 -0.00634442\n2\n4 0.413713 -0.637806 -0.118163\n5 -0.395834 -0.641954 -0.118217\n2\n0.00893925 -0.63988 -0.11819\n-0.999987 -0.00512378 -6.67031e-05\n2\n6 0.409222 -0.096846 0.0968265\n7 -0.394383 -0.0920222 0.0962458\n2\n0.00741955 -0.0944341 0.0965362\n-0.999982 0.00600253 -0.00072256\nL 8\n0\n3\n3\n1\n2\n2\n3\n3"
}