{
    "boxes": [
        [
            -0.004944500047713518,
            -0.046169500797986984,
            0.14287500083446503,
            0.08783300220966339,
            0.7106649875640869,
            0.7017790079116821,
            0.0,
            1.0,
            0.0,
            0.0,
            0.0,
            1.0
        ],
        [
            -0.3721640110015869,
            -0.44213101267814636,
            -0.25769099593162537,
            0.7969890236854553,
            0.021979300305247307,
            0.05959409847855568,
            0.015982000157237053,
            0.9833530187606812,
            0.18100300431251526,
            -0.6446380019187927,
            -0.1282459944486618,
            0.7536540031433105
        ],
        [
            -0.3227440118789673,
            -0.44209200143814087,
            0.46713000535964966,
            0.7752469778060913,
            0.05704810097813606,
            0.02008640021085739,
            0.004777059890329838,
            0.9999880194664001,
            -0.0014563200529664755,
            -0.7039759755134583,
            0.004397280048578978,
            0.7102100253105164
        ],
        [
            -0.004866689909249544,
            0.5685359835624695,
            -0.3045620024204254,
            0.09537199884653091,
            0.03478020057082176,
            0.5804340243339539,
            -5.340950156096369e-05,
            0.9919120073318481,
            -0.12692399322986603,
            -6.067919821362011e-05,
            0.12692399322986603,
            0.9919120073318481
        ],
        [
            -0.00486805010586977,
            0.45591700077056885,
            -0.28775298595428467,
            0.09753239899873734,
            0.03868110105395317,
            0.5898439884185791,
            -7.341199670918286e-05,
            0.9774580001831055,
            -0.2111310064792633,
            -9.096210123971105e-05,
            0.2111310064792633,
            0.9774580001831055
        ],
        [
            0.2750380039215088,
            0.2925330102443695,
            -0.2560189962387085,
            0.6365540027618408,
            0.03171290084719658,
            0.04200910031795502,
            -0.04695440083742142,
            0.9880819916725159,
            -0.14659400284290314,
            0.06698200106620789,
            0.1495400071144104,
            0.9864839911460876
        ],
        [
            -0.004786659963428974,
            0.34336400032043457,
            -0.2707279920578003,
            0.09748370200395584,
            0.037448298186063766,
            0.5990679860115051,
            0.0014252800028771162,
            0.9810140132904053,
            -0.19393399357795715,
            0.0017346199601888657,
            0.1939309984445572,
            0.9810140132904053
        ],
        [
            -0.005037370137870312,
            0.0035525700077414513,
            -0.20553000271320343,
            0.11834699660539627,
            0.03847520053386688,
            0.6314629912376404,
            -0.0025853998959064484,
            0.8469719886779785,
            -0.5316309928894043,
            -0.004675290081650019,
            0.5316159725189209,
            0.8469719886779785
        ]
    ],
    "ops": [
        [
            0,
            0,
            0,
            1,
            2,
            1,
            0,
            0,
            1,
            2,
            0,
            2,
            0,
            0,
            1,
            1,
            1,
            1
        ]
    ],
    "syms": [
        [
            0.0,
            1.0,
            -6.580089717544979e-08,
            3.8668599700031336e-07,
            -0.004944880027323961,
            -0.44213101267814636,
            -0.25769099593162537,
            0.0
        ],
        [
            0.0,
            2.7707799745257944e-05,
            0.9890760183334351,
            -0.1474049985408783,
            -0.0048729898408055305,
            0.34357601404190063,
            -0.27103498578071594,
            0.0
        ],
        [
            0.0,
            0.9998360276222229,
            0.012136000208556652,
            -0.01347339991480112,
            -0.005193190183490515,
            0.2891309857368469,
            -0.2522430121898651,
            0.0
        ]
    ],
    "labels:": [
        [
            1,
            2,
            2,
            0,
            0,
            0,
            0,
            0
        ]
    ],
    "obj": 44893,
    "mat_index": 5925,
    "obbs": "N 13\n-0.372164 -0.442131 -0.257691 0.015982 0.983353 0.181003 -0.644638 -0.128246 0.753654 0.76432 -0.128727 0.631857 0.796989 0.0219793 0.0595941\n0.362274 -0.442132 -0.257691 -0.0184556 0.983481 0.180069 0.64396 -0.126078 0.754599 0.764837 0.129883 -0.630995 0.796994 0.0237358 0.0606108\n0.312855 -0.442092 0.46713 0.00634524 0.999976 0.00294447 -0.702434 0.00236146 0.711745 0.711721 -0.00658449 0.702431 0.775357 0.020198 0.0581098\n-0.322744 -0.442092 0.46713 0.703976 -0.00439728 -0.71021 0.710207 -0.0023675 0.703989 -0.00477706 -0.999988 0.00145632 0.0570481 0.0200864 0.775247\n-0.0049445 -0.0461695 0.142875 1 0 0 0 1 0 0 0 1 0.701779 0.087833 0.710665\n0.275038 0.292533 -0.256019 0.996649 0.0365006 -0.0732053 0.066982 0.14954 0.986484 0.0469544 -0.988082 0.146594 0.0420091 0.0317129 0.636554\n-0.285425 0.28573 -0.248467 0.0538436 0.98679 -0.152797 -0.120424 0.158319 0.980017 0.991261 -0.0343673 0.127357 0.652501 0.0500475 0.0484808\n-0.00486669 0.568536 -0.304562 1 6.06792e-05 5.34095e-05 -6.06792e-05 0.126924 0.991912 5.34095e-05 -0.991912 0.126924 0.580434 0.0347802 0.095372\n-0.00486805 0.455917 -0.287753 -7.3412e-05 0.977458 -0.211131 -9.09621e-05 0.211131 0.977458 1 9.09621e-05 7.3412e-05 0.0975324 0.0386811 0.589844\n-0.00478666 0.343364 -0.270728 0.999997 -0.00173462 -0.00142528 0.00173462 0.193931 0.981014 -0.00142528 -0.981014 0.193934 0.599068 0.0374483 0.0974837\n-0.00479829 0.230959 -0.254023 0.999998 -0.00146053 -0.00119728 0.00146053 0.196173 0.980568 -0.00119728 -0.980568 0.196175 0.607876 0.037479 0.0974596\n-0.00487929 0.118615 -0.237509 1 0.000364383 0.000294276 -0.000364383 0.210493 0.977595 0.000294276 -0.977595 0.210493 0.616568 0.0384279 0.0975285\n-0.00503737 0.00355257 -0.20553 -0.0025854 0.846972 -0.531631 -0.00467529 0.531616 0.846972 0.999986 0.00467529 0.0025854 0.118347 0.0384752 0.631463\nC 41\n0 10\n0 11\n0 4\n0 12\n0 6\n1 11\n1 5\n1 10\n1 4\n1 12\n2 4\n3 4\n4 12\n4 10\n4 5\n4 11\n4 6\n5 9\n5 8\n5 12\n5 11\n5 10\n5 7\n6 9\n6 7\n6 10\n6 11\n6 12\n6 8\n7 10\n7 9\n7 8\n8 9\n8 10\n8 11\n9 11\n9 10\n9 12\n10 11\n10 12\n11 12\nS 5\n2\n0 -0.372164 -0.442131 -0.257691\n1 0.362274 -0.442132 -0.257691\n2\n-0.00494488 -0.442131 -0.257691\n1 -6.58009e-08 3.86686e-07\n2\n2 0.312855 -0.442092 0.46713\n3 -0.322744 -0.442092 0.46713\n2\n-0.00494475 -0.442092 0.46713\n-1 1.17011e-09 5.1685e-09\n2\n5 0.275038 0.292533 -0.256019\n6 -0.285425 0.28573 -0.248467\n2\n-0.00519319 0.289131 -0.252243\n-0.999836 -0.012136 0.0134734\n2\n11 -0.00487929 0.118615 -0.237509\n7 -0.00486669 0.568536 -0.304562\n2\n-0.00487299 0.343576 -0.271035\n2.77078e-05 0.989076 -0.147405\n2\n10 -0.00479829 0.230959 -0.254023\n8 -0.00486805 0.455917 -0.287753\n2\n-0.00483317 0.343438 -0.270888\n-0.000306659 0.988945 -0.148285\nL 13\n2\n2\n2\n2\n1\n0\n0\n0\n0\n0\n0\n0\n0"
}