{
    "boxes": [
        [
            -0.007116999942809343,
            -0.1978060007095337,
            0.05032949894666672,
            0.6213039755821228,
            0.9897069931030273,
            0.7595340013504028,
            0.0,
            1.0,
            0.0,
            0.0,
            0.0,
            1.0
        ],
        [
            -0.35109901428222656,
            -0.604423999786377,
            0.5145429968833923,
            0.2534390091896057,
            0.06620410084724426,
            0.06781599670648575,
            0.02528260089457035,
            0.9993849992752075,
            -0.024292999878525734,
            0.07939179986715317,
            0.0222168006002903,
            0.9965959787368774
        ],
        [
            -0.3223339915275574,
            -0.604915976524353,
            -0.4243920147418976,
            0.2555620074272156,
            0.07568159699440002,
            0.07150080054998398,
            0.10079599916934967,
            0.9931960105895996,
            0.05833199992775917,
            -0.6208270192146301,
            0.016973599791526794,
            0.7837640047073364
        ],
        [
            -0.00603211997076869,
            0.4388900101184845,
            -0.3933809995651245,
            0.8358330130577087,
            0.08466749638319016,
            0.7547370195388794,
            -0.00023197699920274317,
            0.9970399737358093,
            -0.07688450068235397,
            -0.00025055400328710675,
            0.07688439637422562,
            0.9970399737358093
        ]
    ],
    "ops": [
        [
            0,
            0,
            0,
            1,
            2,
            1,
            0,
            1
        ]
    ],
    "syms": [
        [
            0.0,
            1.0,
            -1.0791800377774052e-05,
            0.0009405789896845818,
            -0.0065911198034882545,
            -0.6044269800186157,
            0.5148670077323914,
            0.0
        ]
    ],
    "labels:": [
        [
            1,
            2,
            2,
            0
        ]
    ],
    "obj": 44939,
    "mat_index": 5947,
    "obbs": "N 6\n-0.00603212 0.43889 -0.393381 1 0.000250554 0.000231977 -0.000250554 0.0768844 0.99704 0.000231977 -0.99704 0.0768845 0.754737 0.0846675 0.835833\n-0.007117 -0.197806 0.0503295 1 0 0 0 1 0 0 0 1 0.759534 0.621304 0.989707\n-0.351099 -0.604424 0.514543 0.996523 -0.0271252 -0.0787813 0.0793918 0.0222168 0.996596 -0.0252826 -0.999385 0.024293 0.067816 0.0662041 0.253439\n0.337917 -0.604431 0.515191 0.999239 0.0186908 -0.0342365 0.0336355 0.0315744 0.998935 0.0197519 -0.999327 0.0309217 0.0679724 0.0639936 0.255132\n0.317018 -0.60378 -0.420249 0.902404 0.153392 -0.402663 0.409491 -0.0144546 0.9122 0.134104 -0.98806 -0.0758565 0.0674519 0.0761018 0.256976\n-0.322334 -0.604916 -0.424392 0.100796 0.993196 0.058332 -0.620827 0.0169736 0.783764 0.777441 -0.115214 0.618313 0.255562 0.0756816 0.0715008\nC 5\n0 1\n1 4\n1 3\n1 5\n1 2\nS 2\n2\n2 -0.351099 -0.604424 0.514543\n3 0.337917 -0.604431 0.515191\n2\n-0.00659112 -0.604427 0.514867\n1 -1.07918e-05 0.000940579\n2\n4 0.317018 -0.60378 -0.420249\n5 -0.322334 -0.604916 -0.424392\n2\n-0.00265806 -0.604348 -0.422321\n-0.999977 -0.00177701 -0.00647882\nL 6\n0\n1\n2\n2\n2\n2"
}