{
    "boxes": [
        [
            0.002340999897569418,
            -0.07255399972200394,
            0.12329600006341934,
            0.16671399772167206,
            0.8051519989967346,
            0.7263699769973755,
            0.0,
            1.0,
            0.0,
            0.0,
            0.0,
            1.0
        ],
        [
            -0.28645598888397217,
            0.0696806013584137,
            0.035607900470495224,
            0.4703730046749115,
            0.5225099921226501,
            0.15207399427890778,
            0.08951900154352188,
            0.995943009853363,
            -0.009146389551460743,
            -0.08614329993724823,
            0.016891099512577057,
            0.9961400032043457
        ],
        [
            -0.22415000200271606,
            -0.4733870029449463,
            -0.222789004445076,
            0.7300639748573303,
            0.1321129947900772,
            0.051807701587677,
            0.08103589713573456,
            0.9890580177307129,
            0.12328000366687775,
            0.11868699640035629,
            -0.13238200545310974,
            0.9840670228004456
        ],
        [
            -0.3012700080871582,
            -0.48351600766181946,
            0.4700460135936737,
            0.6827719807624817,
            0.06715399771928787,
            0.064690001308918,
            -2.2204500197172533e-16,
            1.0,
            0.0,
            0.0,
            -0.0,
            1.0
        ],
        [
            -0.004308749921619892,
            0.2878519892692566,
            -0.2842020094394684,
            0.9187679886817932,
            0.19656699895858765,
            0.5835909843444824,
            0.017190400511026382,
            0.9906499981880188,
            -0.13534000515937805,
            0.01969520002603531,
            0.13499799370765686,
            0.9906499981880188
        ]
    ],
    "ops": [
        [
            0,
            0,
            2,
            1,
            0,
            0,
            1,
            2,
            1,
            0,
            1
        ]
    ],
    "syms": [
        [
            0.0,
            0.9999070167541504,
            -0.013595799915492535,
            0.0005377170164138079,
            0.002976439893245697,
            0.06574519723653793,
            0.03576349839568138,
            0.0
        ],
        [
            0.0,
            0.9999989867210388,
            0.0013357199495658278,
            0.0005685720243491232,
            0.007002280093729496,
            -0.47307801246643066,
            -0.22265799343585968,
            0.0
        ]
    ],
    "labels:": [
        [
            1,
            3,
            2,
            2,
            0
        ]
    ],
    "obj": 44942,
    "mat_index": 5950,
    "obbs": "N 8\n-0.00430875 0.287852 -0.284202 0.999658 -0.0196952 -0.0171904 0.0196952 0.134998 0.99065 -0.0171904 -0.99065 0.13534 0.583591 0.196567 0.918768\n0.292409 0.0618098 0.0359192 0.0734416 -0.997136 -0.0180692 0.992833 0.0748135 -0.0931945 0.0942794 -0.0110954 0.995484 0.450376 0.146363 0.534275\n-0.286456 0.0696806 0.0356079 0.089519 0.995943 -0.00914639 0.992253 -0.0883855 0.0873059 0.0861433 -0.0168911 -0.99614 0.470373 0.152074 0.52251\n0.002341 -0.072554 0.123296 1 0 0 0 1 0 0 0 1 0.72637 0.166714 0.805152\n-0.22415 -0.473387 -0.222789 -0.0810359 -0.989058 -0.12328 0.989619 -0.0651131 -0.128116 0.118687 -0.132382 0.984067 0.730064 0.0518077 0.132113\n0.238154 -0.47277 -0.222527 0.0778146 -0.991844 -0.100946 0.991844 0.0667646 0.108571 -0.100946 -0.108571 0.98895 0.728293 0.0528603 0.134098\n0.315767 -0.483516 0.470046 2.22045e-16 -1 -0 1 2.22045e-16 0 0 -0 1 0.682772 0.06469 0.067154\n-0.30127 -0.483516 0.470046 2.22045e-16 -1 -0 1 2.22045e-16 0 0 -0 1 0.682772 0.06469 0.067154\nC 15\n0 1\n0 5\n0 4\n0 3\n0 2\n1 3\n1 5\n1 6\n2 7\n2 4\n2 3\n3 6\n3 7\n3 4\n3 5\nS 3\n2\n1 0.292409 0.0618098 0.0359192\n2 -0.286456 0.0696806 0.0356079\n2\n0.00297644 0.0657452 0.0357635\n-0.999907 0.0135958 -0.000537717\n2\n4 -0.22415 -0.473387 -0.222789\n5 0.238154 -0.47277 -0.222527\n2\n0.00700228 -0.473078 -0.222658\n0.999999 0.00133572 0.000568572\n2\n6 0.315767 -0.483516 0.470046\n7 -0.30127 -0.483516 0.470046\n2\n0.0072485 -0.483516 0.470046\n-1 8.99641e-17 0\nL 8\n0\n3\n3\n1\n2\n2\n2\n2"
}