{
    "boxes": [
        [
            -0.0030815000645816326,
            -0.06794749945402145,
            0.1466909945011139,
            0.17602300643920898,
            0.7055929899215698,
            0.6496449708938599,
            0.0,
            1.0,
            0.0,
            0.0,
            0.0,
            1.0
        ],
        [
            -0.30309200286865234,
            -0.42892199754714966,
            0.4880230128765106,
            0.7446349859237671,
            0.08062539994716644,
            0.0511539988219738,
            -0.0,
            0.9968140125274658,
            -0.07975850254297256,
            0.0,
            0.07975850254297256,
            0.9968140125274658
        ],
        [
            -0.30310899019241333,
            -0.38925400376319885,
            -0.18615999817848206,
            0.8246750235557556,
            0.09961339831352234,
            0.05115300044417381,
            -2.2174000393626478e-16,
            0.9986299872398376,
            -0.05233599990606308,
            -1.162089995271865e-17,
            0.05233599990606308,
            0.9986299872398376
        ],
        [
            -0.0030811699107289314,
            0.34893301129341125,
            -0.2253129929304123,
            0.5829629898071289,
            0.091525599360466,
            0.6513720154762268,
            -1.6475800293846987e-05,
            0.9905229806900024,
            -0.13734400272369385,
            -1.891790088848211e-05,
            0.13734400272369385,
            0.9905229806900024
        ],
        [
            -0.14229099452495575,
            0.04035690054297447,
            -0.18675300478935242,
            0.04743050038814545,
            0.02558719925582409,
            0.0256779994815588,
            -2.2082800091497812e-16,
            0.994521975517273,
            -0.10452800244092941,
            -2.3209999773968312e-17,
            0.10452800244092941,
            0.994521975517273
        ]
    ],
    "ops": [
        [
            0,
            0,
            0,
            1,
            2,
            1,
            0,
            0,
            2,
            1,
            1
        ]
    ],
    "syms": [
        [
            0.0,
            0.9999920129776001,
            -0.0038379300385713577,
            0.0009745549759827554,
            -0.003464000066742301,
            -0.43007200956344604,
            0.48831498622894287,
            0.0
        ],
        [
            0.0,
            1.0,
            5.050649747317948e-07,
            -4.738389947078758e-08,
            0.0009377499809488654,
            0.04035700112581253,
            -0.1867540031671524,
            0.0
        ]
    ],
    "labels:": [
        [
            1,
            2,
            2,
            0,
            0
        ]
    ],
    "obj": 44947,
    "mat_index": 5954,
    "obbs": "N 8\n-0.00308117 0.348933 -0.225313 -1.64758e-05 0.990523 -0.137344 -1.89179e-05 0.137344 0.990523 1 1.89179e-05 1.64758e-05 0.582963 0.0915256 0.651372\n-0.0030815 -0.0679475 0.146691 1 0 0 0 1 0 0 0 1 0.649645 0.176023 0.705593\n-0.142291 0.0403569 -0.186753 2.321e-17 -0.104528 -0.994522 1 2.22045e-16 0 2.20828e-16 -0.994522 0.104528 0.0255872 0.025678 0.0474305\n0.144167 0.0403571 -0.186754 1 -4.28094e-07 -3.92277e-07 4.28094e-07 0.0871538 0.996195 -3.92277e-07 -0.996195 0.0871538 0.025679 0.0250356 0.0472641\n0.296164 -0.431222 0.488607 1 0 0 0 0.0797586 0.996814 0 -0.996814 0.0797586 0.051154 0.0806255 0.744635\n0.296148 -0.391554 -0.185576 1.16209e-17 -0.052336 -0.99863 1 2.22045e-16 0 2.2174e-16 -0.99863 0.052336 0.0996144 0.051153 0.824675\n-0.303109 -0.389254 -0.18616 1.16209e-17 -0.052336 -0.99863 1 2.22045e-16 0 2.2174e-16 -0.99863 0.052336 0.0996134 0.051153 0.824675\n-0.303092 -0.428922 0.488023 1 0 0 0 0.0797585 0.996814 0 -0.996814 0.0797585 0.051154 0.0806254 0.744635\nC 13\n0 1\n0 6\n0 5\n0 3\n0 2\n1 2\n1 3\n1 4\n1 5\n1 6\n1 7\n2 6\n3 5\nS 3\n2\n2 -0.142291 0.0403569 -0.186753\n3 0.144167 0.0403571 -0.186754\n2\n0.00093775 0.040357 -0.186754\n1 5.05065e-07 -4.73839e-08\n2\n4 0.296164 -0.431222 0.488607\n7 -0.303092 -0.428922 0.488023\n2\n-0.003464 -0.430072 0.488315\n-0.999992 0.00383793 -0.000974555\n2\n5 0.296148 -0.391554 -0.185576\n6 -0.303109 -0.389254 -0.18616\n2\n-0.0034805 -0.390404 -0.185868\n-0.999992 0.00383806 -0.0009737\nL 8\n0\n1\n0\n0\n2\n2\n2\n2"
}