{
    "boxes": [
        [
            0.0016454999567940831,
            -0.3520689904689789,
            0.09076599776744843,
            0.8346350193023682,
            0.8369640111923218,
            0.8103010058403015,
            0.0,
            1.0,
            0.0,
            0.0,
            0.0,
            1.0
        ],
        [
            -0.405009001493454,
            0.19635899364948273,
            -0.05596550181508064,
            0.2167080044746399,
            0.03513209894299507,
            0.03177890181541443,
            0.0446740984916687,
            0.7317339777946472,
            -0.6801249980926514,
            -0.389955997467041,
            0.6395679712295532,
            0.6624850034713745
        ],
        [
            -0.3968459963798523,
            0.054813798516988754,
            -0.15301400423049927,
            0.15175800025463104,
            0.03153320029377937,
            0.030434999614953995,
            0.048464298248291016,
            0.7321490049362183,
            -0.6794189810752869,
            -0.6269479990005493,
            0.551826000213623,
            0.549930989742279
        ],
        [
            -0.3930619955062866,
            0.12787599861621857,
            -0.20333300530910492,
            0.03422040119767189,
            0.3009209930896759,
            0.028217600658535957,
            0.019603600725531578,
            0.7174109816551208,
            -0.6963739991188049,
            -0.07536330074071884,
            0.6955860257148743,
            0.7144790291786194
        ],
        [
            -0.413114994764328,
            0.18794900178909302,
            0.1515830010175705,
            0.07763530313968658,
            0.2972249984741211,
            0.04939480125904083,
            -0.04939639940857887,
            0.8158730268478394,
            0.576117992401123,
            -0.07874389737844467,
            -0.5782080292701721,
            0.812080979347229
        ],
        [
            -0.39423200488090515,
            0.2866930067539215,
            -0.12463700026273727,
            0.04989190027117729,
            0.3660770058631897,
            0.05238410085439682,
            -0.16275300085544586,
            0.9862269759178162,
            -0.029447300359606743,
            -0.0540475994348526,
            0.020889099687337875,
            0.9983199834823608
        ],
        [
            0.4031209945678711,
            0.19665899872779846,
            -0.05442800000309944,
            0.21905499696731567,
            0.03499229997396469,
            0.031518399715423584,
            -0.07136459648609161,
            0.7358009815216064,
            -0.6734269857406616,
            -0.3011209964752197,
            0.6277549862861633,
            0.7178090214729309
        ],
        [
            -0.4192500114440918,
            0.019928500056266785,
            0.24803699553012848,
            0.22831499576568604,
            0.09682100266218185,
            0.04798100143671036,
            0.0,
            1.0,
            0.0,
            0.0,
            0.0,
            1.0
        ],
        [
            -0.40723100304603577,
            0.07427229732275009,
            -0.00770157016813755,
            0.03691260144114494,
            0.30964401364326477,
            0.021483799442648888,
            0.03564929962158203,
            0.7133749723434448,
            -0.699874997138977,
            -0.05087969824671745,
            0.7007079720497131,
            0.7116320133209229
        ],
        [
            -0.36844000220298767,
            -0.4359700083732605,
            -0.3197849988937378,
            0.7083399891853333,
            0.049467798322439194,
            0.08668670058250427,
            -0.011037600226700306,
            0.9989849925041199,
            0.04366929829120636,
            -0.010564999654889107,
            -0.043786000460386276,
            0.9989849925041199
        ],
        [
            -0.35935699939727783,
            -0.44394800066947937,
            0.48825201392173767,
            0.6913400292396545,
            0.04199099913239479,
            0.08771900087594986,
            0.0,
            1.0,
            0.0,
            0.0,
            0.0,
            1.0
        ],
        [
            -0.3618820011615753,
            -0.49673599004745483,
            0.08591750264167786,
            0.03915800154209137,
            0.7747809886932373,
            0.03915899991989136,
            9.459579928261519e-07,
            1.0,
            -2.7105100841047067e-19,
            1.2820100278084573e-25,
            2.7105100841047067e-19,
            1.0
        ],
        [
            -0.01790199987590313,
            -0.44676101207733154,
            -0.31318899989128113,
            0.027879999950528145,
            0.027879999950528145,
            0.728630006313324,
            0.0,
            1.0,
            0.0,
            0.0,
            0.0,
            1.0
        ],
        [
            -0.36498600244522095,
            0.3461970090866089,
            -0.332753986120224,
            0.8934770226478577,
            0.04886459931731224,
            0.09979330003261566,
            0.014498700387775898,
            0.9978799819946289,
            -0.06344089657068253,
            -0.04034360125660896,
            0.06397970020771027,
            0.9971349835395813
        ],
        [
            0.0016174999764189124,
            0.7621719837188721,
            -0.3647080063819885,
            0.08119799941778183,
            0.04160299897193909,
            0.8190469741821289,
            0.0,
            1.0,
            0.0,
            0.0,
            0.0,
            1.0
        ],
        [
            0.0016690000193193555,
            0.3581860065460205,
            -0.3309819996356964,
            0.7668269872665405,
            0.04255110025405884,
            0.6746609807014465,
            -0.005251769907772541,
            0.9960770010948181,
            -0.08833429962396622,
            -0.0057380301877856255,
            0.08830399811267853,
            0.9960770010948181
        ]
    ],
    "ops": [
        [
            0,
            0,
            0,
            0,
            1,
            2,
            1,
            0,
            0,
            1,
            2,
            0,
            0,
            0,
            1,
            2,
            1,
            1,
            1,
            1,
            0,
            2,
            0,
            2,
            0,
            2,
            0,
            2,
            1,
            1,
            1,
            1,
            0,
            2,
            0,
            0,
            1,
            1,
            1
        ]
    ],
    "syms": [
        [
            0.0,
            0.9999909996986389,
            0.0030889299232512712,
            -0.0030185100622475147,
            -0.0004164820129517466,
            0.056038301438093185,
            -0.15421099960803986,
            0.0
        ],
        [
            0.0,
            0.9999729990959167,
            0.00532292015850544,
            -0.005061990115791559,
            0.0005374010070227087,
            0.19015100598335266,
            0.14948900043964386,
            0.0
        ],
        [
            0.0,
            0.9999970197677612,
            0.0026055299676954746,
            8.090229675872251e-05,
            0.0010089999996125698,
            0.021023500710725784,
            0.24807199835777283,
            0.0
        ],
        [
            0.0,
            0.9999880194664001,
            -0.004821470007300377,
            0.0012165299849584699,
            0.0019585699774324894,
            -0.4377560019493103,
            -0.319335013628006,
            0.0
        ],
        [
            0.0,
            0.9999470114707947,
            0.0076854899525642395,
            -0.006788540165871382,
            0.002962250029668212,
            -0.44116300344467163,
            0.48579299449920654,
            0.0
        ],
        [
            0.0,
            1.0,
            6.405720138352722e-13,
            -0.0,
            0.007327250204980373,
            -0.49673599004745483,
            0.08591750264167786,
            0.0
        ],
        [
            0.0,
            0.04469459876418114,
            -0.11332300305366516,
            0.9925519824028015,
            -0.007734749931842089,
            -0.4725399911403656,
            -0.08740050345659256,
            0.0
        ],
        [
            0.0,
            0.9999970197677612,
            -0.0005249630194157362,
            -0.002552200108766556,
            0.0005985579919070005,
            0.34600499272346497,
            -0.3336870074272156,
            0.0
        ]
    ],
    "labels:": [
        [
            1,
            3,
            3,
            3,
            3,
            3,
            3,
            3,
            3,
            2,
            2,
            2,
            2,
            0,
            0,
            0
        ]
    ],
    "obj": 44955,
    "mat_index": 5959,
    "obbs": "N 27\n0.0016175 0.762172 -0.364708 1 0 0 0 1 0 0 0 1 0.819047 0.081198 0.041603\n0.001669 0.358186 -0.330982 -0.00525177 0.996077 -0.0883343 -0.00573803 0.088304 0.996077 0.99997 0.00573803 0.00525177 0.766827 0.0425511 0.674661\n0.366184 0.345813 -0.33462 0.998444 -0.0035694 -0.0556566 0.0557697 0.0705631 0.995947 0.000372369 -0.997501 0.0706524 0.0915982 0.0528259 0.907114\n-0.364986 0.346197 -0.332754 -0.999081 0.0118977 -0.0411857 -0.0403436 0.0639797 0.997135 0.0144987 0.99788 -0.0634409 0.0997933 0.0488646 0.893477\n0.0016455 -0.352069 0.090766 1 0 0 0 1 0 0 0 1 0.810301 0.834635 0.836964\n0.421268 0.0221185 0.248106 1 0 0 0 1 0 0 0 1 0.048523 0.232731 0.095165\n0.396013 0.0572629 -0.155407 0.0572623 -0.748928 0.660173 0.693576 -0.44579 -0.565883 0.718104 0.490284 0.493912 0.154817 0.0337676 0.0333436\n0.391303 0.1267 -0.203595 0.0500644 0.725056 -0.686868 0.995707 -0.0898448 -0.022265 -0.0778549 -0.682804 -0.726441 0.0355213 0.0287663 0.301483\n0.403121 0.196659 -0.054428 -0.0713646 0.735801 -0.673427 0.950912 0.254009 0.176766 0.301121 -0.627755 -0.717809 0.219055 0.0315184 0.0349923\n0.407071 0.0747238 -0.00896199 -0.0468733 -0.700049 -0.712555 0.984947 0.0864273 -0.149702 0.166383 -0.708846 0.685459 0.309377 0.0249458 0.0396151\n0.41419 0.192353 0.147395 -0.0756206 0.595487 -0.799798 0.995474 -0.00121042 -0.0950229 -0.057553 -0.803364 -0.5927 0.293002 0.0469476 0.0800719\n-0.41925 0.0199285 0.248037 1 0 0 0 1 0 0 0 1 0.047981 0.228315 0.096821\n-0.396846 0.0548138 -0.153014 0.626948 -0.551826 -0.549931 0.777552 0.399308 0.485763 -0.0484643 -0.732149 0.679419 0.0315332 0.030435 0.151758\n-0.393062 0.127876 -0.203333 0.0753633 -0.695586 -0.714479 0.996963 0.0384747 0.0677025 -0.0196036 -0.717411 0.696374 0.300921 0.0282176 0.0342204\n-0.405009 0.196359 -0.0559655 0.0446741 0.731734 -0.680125 0.919749 0.235623 0.313916 0.389956 -0.639568 -0.662485 0.216708 0.0317789 0.0351321\n-0.407231 0.0742723 -0.00770157 0.0508797 -0.700708 -0.711632 0.998068 0.0102403 0.0612761 -0.0356493 -0.713375 0.699875 0.309644 0.0214838 0.0369126\n-0.413115 0.187949 0.151583 0.0787439 0.578208 -0.812081 0.99567 -0.00525189 0.0928064 0.0493964 -0.815873 -0.576118 0.297225 0.0493948 0.0776353\n0.392643 0.288148 -0.123664 0.993763 0.0380831 -0.104812 -0.0398594 0.999094 -0.0149045 0.10415 0.0189893 0.99438 0.0523116 0.0474147 0.369698\n-0.394232 0.286693 -0.124637 0.0540476 -0.0208891 -0.99832 -0.162753 0.986227 -0.0294473 0.985185 0.164072 0.0499035 0.366077 0.0498919 0.0523841\n-0.017902 -0.446761 -0.313189 1 0 0 0 1 0 0 0 1 0.72863 0.02788 0.02788\n0.376537 -0.496736 0.0859175 -5.28892e-06 -1 6.04126e-20 1 -5.28892e-06 -6.04122e-20 6.04126e-20 6.04122e-20 1 0.039158 0.039158 0.774781\n-0.361882 -0.496736 0.0859175 1 -9.45958e-07 1.28201e-25 9.45958e-07 1 -2.71051e-19 1.28201e-25 2.71051e-19 1 0.039159 0.039158 0.774781\n0.0024325 -0.498319 0.138388 1 0 0 0 1 0 0 0 1 0.728631 0.02788 0.02788\n0.365282 -0.438379 0.483333 1 0 0 0 1 0 0 0 1 0.082346 0.702429 0.051826\n-0.359357 -0.443948 0.488252 1 0 0 0 1 0 0 0 1 0.087719 0.69134 0.041991\n0.372358 -0.439542 -0.318884 0.999998 0.00121976 0.00126993 -0.00121976 -0.0402869 0.999187 0.00126993 -0.999187 -0.0402854 0.0789277 0.0468637 0.70098\n-0.36844 -0.43597 -0.319785 -0.0110376 0.998985 0.0436693 -0.010565 -0.043786 0.998985 0.999883 0.010565 0.0110376 0.70834 0.0494678 0.0866867\nC 110\n0 1\n0 2\n0 3\n1 17\n1 6\n1 12\n1 26\n1 15\n1 3\n1 25\n1 14\n1 4\n1 9\n1 18\n1 7\n1 2\n1 13\n1 8\n2 6\n2 17\n2 7\n2 8\n2 25\n2 4\n2 9\n3 12\n3 18\n3 15\n3 26\n3 4\n3 14\n3 13\n4 19\n4 10\n4 5\n4 16\n4 15\n4 26\n4 21\n4 12\n4 11\n4 6\n4 17\n4 8\n4 22\n4 13\n4 24\n4 7\n4 18\n4 9\n4 23\n4 14\n4 25\n4 20\n5 8\n5 17\n5 10\n5 23\n5 9\n6 9\n6 7\n6 10\n6 25\n6 17\n6 8\n7 25\n7 8\n7 17\n7 10\n7 9\n8 9\n8 10\n8 17\n9 25\n9 17\n9 10\n10 17\n11 15\n11 16\n11 14\n11 24\n11 18\n12 13\n12 18\n12 14\n12 16\n12 15\n12 26\n13 26\n13 16\n13 15\n13 18\n13 14\n14 18\n14 15\n14 16\n15 16\n15 26\n15 18\n16 18\n19 21\n19 26\n19 25\n19 20\n20 25\n20 22\n20 23\n21 24\n21 26\n21 22\nS 11\n2\n2 0.366184 0.345813 -0.33462\n3 -0.364986 0.346197 -0.332754\n2\n0.000598558 0.346005 -0.333687\n-0.999997 0.000524963 0.0025522\n2\n5 0.421268 0.0221185 0.248106\n11 -0.41925 0.0199285 0.248037\n2\n0.001009 0.0210235 0.248072\n-0.999997 -0.00260553 -8.09023e-05\n2\n6 0.396013 0.0572629 -0.155407\n12 -0.396846 0.0548138 -0.153014\n2\n-0.000416482 0.0560383 -0.154211\n-0.999991 -0.00308893 0.00301851\n2\n7 0.391303 0.1267 -0.203595\n13 -0.393062 0.127876 -0.203333\n2\n-0.000879163 0.127288 -0.203464\n-0.999999 0.00149827 0.000334982\n2\n9 0.407071 0.0747238 -0.00896199\n15 -0.407231 0.0742723 -0.00770157\n2\n-8.03719e-05 0.074498 -0.00833178\n-0.999999 -0.000554435 0.00154785\n2\n10 0.41419 0.192353 0.147395\n16 -0.413115 0.187949 0.151583\n2\n0.000537401 0.190151 0.149489\n-0.999973 -0.00532292 0.00506199\n2\n17 0.392643 0.288148 -0.123664\n18 -0.394232 0.286693 -0.124637\n2\n-0.000794622 0.287421 -0.12415\n-0.999998 -0.00184876 -0.00123621\n2\n20 0.376537 -0.496736 0.0859175\n21 -0.361882 -0.496736 0.0859175\n2\n0.00732725 -0.496736 0.0859175\n-1 -6.40572e-13 0\n2\n19 -0.017902 -0.446761 -0.313189\n22 0.0024325 -0.498319 0.138388\n2\n-0.00773475 -0.47254 -0.0874005\n0.0446946 -0.113323 0.992552\n2\n23 0.365282 -0.438379 0.483333\n24 -0.359357 -0.443948 0.488252\n2\n0.00296225 -0.441163 0.485793\n-0.999947 -0.00768549 0.00678854\n2\n25 0.372358 -0.439542 -0.318884\n26 -0.36844 -0.43597 -0.319785\n2\n0.00195857 -0.437756 -0.319335\n-0.999988 0.00482147 -0.00121653\nL 27\n0\n0\n0\n0\n1\n3\n3\n3\n3\n3\n3\n3\n3\n3\n3\n3\n3\n3\n3\n2\n2\n2\n2\n2\n2\n2\n2"
}