{
    "boxes": [
        [
            -0.0066189998760819435,
            -0.08120650053024292,
            0.12557600438594818,
            0.10088499635457993,
            0.8156859874725342,
            0.756775975227356,
            0.0,
            1.0,
            0.0,
            0.0,
            0.0,
            1.0
        ],
        [
            -0.4129540026187897,
            0.20910300314426422,
            0.07222049683332443,
            0.07707890123128891,
            0.6193310022354126,
            0.07057999819517136,
            -0.39711201190948486,
            0.914592981338501,
            -0.07629860192537308,
            -0.01582540012896061,
            0.07629860192537308,
            0.9969589710235596
        ],
        [
            -0.41612499952316284,
            0.08703009784221649,
            0.42594900727272034,
            0.3092310130596161,
            0.0713203027844429,
            0.07194100320339203,
            0.02488970011472702,
            0.9751200079917908,
            -0.22027599811553955,
            -0.03436819836497307,
            0.2210479974746704,
            0.9746569991111755
        ],
        [
            -0.32133200764656067,
            0.02771949954330921,
            -0.2747710049152374,
            0.27978599071502686,
            0.03846060112118721,
            0.06802430003881454,
            0.030352899804711342,
            0.9974640011787415,
            0.06437969952821732,
            0.2222609966993332,
            -0.06953220069408417,
            0.9725049734115601
        ],
        [
            0.40529298782348633,
            0.20613400638103485,
            0.0630996972322464,
            0.07450280338525772,
            0.6083840131759644,
            0.08123420178890228,
            -0.6015700101852417,
            0.7983019948005676,
            -0.02876349911093712,
            0.02876349911093712,
            0.057631101459264755,
            0.9979239702224731
        ],
        [
            0.41239601373672485,
            0.10919500142335892,
            0.4189929962158203,
            0.2992579936981201,
            0.0828540027141571,
            0.08080430328845978,
            -0.006515809800475836,
            0.9450960159301758,
            -0.3267270028591156,
            -0.36550000309944153,
            0.3018760085105896,
            0.8805000185966492
        ],
        [
            -0.4160059988498688,
            -0.41077399253845215,
            0.4430449903011322,
            0.7619410157203674,
            0.03356499969959259,
            0.06545700132846832,
            0.0,
            1.0,
            0.0,
            0.0,
            0.0,
            1.0
        ],
        [
            -0.3281930088996887,
            -0.42555099725723267,
            -0.2972410023212433,
            0.7351160049438477,
            0.03535759821534157,
            0.0756416991353035,
            0.0016741800354793668,
            0.9984220266342163,
            0.056137699633836746,
            0.24660299718379974,
            -0.05481620132923126,
            0.9675650000572205
        ],
        [
            -0.0066184899769723415,
            0.26067399978637695,
            -0.24630199372768402,
            0.545877993106842,
            0.14342699944972992,
            0.7224329710006714,
            -3.4225099199147735e-08,
            0.9566460251808167,
            -0.2912540137767792,
            -4.619609939027214e-08,
            0.2912540137767792,
            0.9566460251808167
        ],
        [
            0.0005440210225060582,
            0.18553400039672852,
            -0.276762992143631,
            0.07443629950284958,
            0.1138409972190857,
            0.8265320062637329,
            -0.0048814998008310795,
            0.9858419895172119,
            -0.16760699450969696,
            -0.0004120029916521162,
            0.16760699450969696,
            0.9858540296554565
        ]
    ],
    "ops": [
        [
            0,
            0,
            0,
            1,
            0,
            2,
            0,
            0,
            1,
            1,
            1,
            1,
            0,
            0,
            1,
            2,
            1,
            0,
            0,
            1,
            1
        ]
    ],
    "syms": [
        [
            0.0,
            0.9992309808731079,
            0.039156101644039154,
            0.0022029399406164885,
            -0.006899250205606222,
            0.0400409996509552,
            -0.27407801151275635,
            0.0
        ],
        [
            0.0,
            0.9999719858169556,
            0.007495999801903963,
            -6.028629968568566e-07,
            -0.0013294999953359365,
            -0.4076650142669678,
            0.4430449903011322,
            0.0
        ]
    ],
    "labels:": [
        [
            1,
            3,
            3,
            3,
            3,
            3,
            2,
            2,
            0,
            0
        ]
    ],
    "obj": 2988,
    "mat_index": 597,
    "obbs": "N 13\n-0.00661849 0.260674 -0.246302 -3.42251e-08 0.956646 -0.291254 -4.61961e-08 0.291254 0.956646 1 4.61961e-08 3.42251e-08 0.545878 0.143427 0.722433\n-0.006619 -0.0812065 0.125576 1 0 0 0 1 0 0 0 1 0.756776 0.100885 0.815686\n0.405293 0.206134 0.0630997 -0.0287635 -0.0576311 -0.997924 0.798302 0.599493 -0.0576311 0.60157 -0.798302 0.0287635 0.608384 0.0812342 0.0745028\n-0.412954 0.209103 0.0722205 0.917634 0.397112 -0.0158254 -0.397112 0.914593 -0.0762986 -0.0158254 0.0762986 0.996959 0.07058 0.0770789 0.619331\n0.412396 0.109195 0.418993 -0.930788 -0.125156 -0.343466 -0.3655 0.301876 0.8805 -0.00651581 0.945096 -0.326727 0.0808043 0.082854 0.299258\n0.307533 0.0523624 -0.273385 -0.00186863 0.998169 0.0604646 -0.245739 -0.059069 0.967535 0.969334 -0.0130506 0.245399 0.230439 0.0351525 0.0685816\n-0.416125 0.0870301 0.425949 -0.999099 0.0166885 -0.039015 -0.0343682 0.221048 0.974657 0.0248897 0.97512 -0.220276 0.071941 0.0713203 0.309231\n-0.321332 0.0277195 -0.274771 0.0303529 0.997464 0.0643797 0.222261 -0.0695322 0.972505 0.974515 -0.0152092 -0.223808 0.279786 0.0384606 0.0680243\n0.000544021 0.185534 -0.276763 0.999988 0.0048815 -0.000412003 -0.0048815 0.985842 -0.167607 -0.000412003 0.167607 0.985854 0.826532 0.0744363 0.113841\n0.413346 -0.404556 0.443045 1 0 0 0 1 0 0 0 1 0.065467 0.774397 0.033566\n0.314688 -0.409451 -0.296453 -0.00209379 0.9984 0.0565023 -0.246887 -0.0552694 0.967467 0.969042 -0.011924 0.246608 0.76685 0.0356919 0.075517\n-0.328193 -0.425551 -0.297241 0.969115 0.0122239 -0.246306 0.246603 -0.0548162 0.967565 -0.00167418 -0.998422 -0.0561377 0.0756417 0.0353576 0.735116\n-0.416006 -0.410774 0.443045 1 0 0 0 1 0 0 0 1 0.065457 0.761941 0.033565\nC 37\n0 2\n0 7\n0 10\n0 3\n0 11\n0 5\n0 8\n0 1\n1 3\n1 6\n1 11\n1 2\n1 5\n1 10\n1 4\n1 9\n1 12\n1 8\n1 7\n2 8\n2 5\n2 9\n2 10\n2 4\n3 11\n3 7\n3 6\n3 12\n3 8\n4 9\n5 8\n5 10\n6 12\n7 11\n7 8\n8 10\n8 11\nS 3\n2\n5 0.307533 0.0523624 -0.273385\n7 -0.321332 0.0277195 -0.274771\n2\n-0.00689925 0.040041 -0.274078\n-0.999231 -0.0391561 -0.00220294\n2\n9 0.413346 -0.404556 0.443045\n12 -0.416006 -0.410774 0.443045\n2\n-0.0013295 -0.407665 0.443045\n-0.999972 -0.007496 6.02863e-07\n2\n10 0.314688 -0.409451 -0.296453\n11 -0.328193 -0.425551 -0.297241\n2\n-0.00675264 -0.417501 -0.296847\n-0.999686 -0.0250362 -0.00122637\nL 13\n0\n1\n3\n3\n3\n3\n3\n3\n0\n2\n2\n2\n2"
}