{
    "boxes": [
        [
            0.011207000352442265,
            -0.18306399881839752,
            0.12352699786424637,
            0.17104899883270264,
            1.121709942817688,
            1.1182299852371216,
            -0.0,
            0.9766560196876526,
            -0.21480900049209595,
            0.0,
            0.21480900049209595,
            0.9766560196876526
        ],
        [
            -0.5593799948692322,
            -0.039015501737594604,
            -0.265067994594574,
            0.6159170269966125,
            0.12616699934005737,
            0.03221999853849411,
            0.0,
            1.0,
            0.0,
            0.0,
            0.0,
            1.0
        ],
        [
            0.5703189969062805,
            -0.03441449999809265,
            -0.265067994594574,
            0.6067150235176086,
            0.12616699934005737,
            0.0551690012216568,
            0.0,
            1.0,
            0.0,
            0.0,
            0.0,
            1.0
        ],
        [
            -0.5591149926185608,
            0.03689949959516525,
            0.5344250202178955,
            0.46408700942993164,
            0.12616699934005737,
            0.0327490009367466,
            0.0,
            1.0,
            0.0,
            0.0,
            0.0,
            1.0
        ],
        [
            -0.565654993057251,
            0.2812960147857666,
            0.15280799567699432,
            0.026624999940395355,
            1.0649800300598145,
            0.08874800056219101,
            0.0,
            1.0,
            0.0,
            0.0,
            0.0,
            1.0
        ],
        [
            -0.5479050278663635,
            -0.3627620041370392,
            0.5344250202178955,
            0.4088920056819916,
            0.12616699934005737,
            0.0551690012216568,
            0.0,
            1.0,
            0.0,
            0.0,
            0.0,
            1.0
        ],
        [
            0.011207000352442265,
            -0.3135179877281189,
            -0.33531099557876587,
            0.02662459947168827,
            0.1151920035481453,
            1.0649800300598145,
            0.0,
            0.9848080277442932,
            -0.1736450046300888,
            0.0,
            0.1736450046300888,
            0.9848080277442932
        ],
        [
            -0.5479050278663635,
            -0.4317469894886017,
            -0.265067994594574,
            0.270922988653183,
            0.12616699934005737,
            0.0551690012216568,
            0.0,
            1.0,
            0.0,
            0.0,
            0.0,
            1.0
        ],
        [
            0.011207000352442265,
            0.6561340093612671,
            -0.4921320080757141,
            0.02662450075149536,
            0.1242469996213913,
            1.1182299852371216,
            -0.0,
            0.9063079953193665,
            -0.42261800169944763,
            0.0,
            0.42261800169944763,
            0.9063079953193665
        ],
        [
            -0.5220490097999573,
            0.18001200258731842,
            -0.2708840072154999,
            1.0248500108718872,
            0.13694199919700623,
            0.05920439958572388,
            -0.002189180115237832,
            0.9109230041503906,
            -0.4125710129737854,
            -0.05207759886980057,
            0.4119090139865875,
            0.9097359776496887
        ],
        [
            0.011207000352442265,
            -0.23837000131607056,
            -0.15822499990463257,
            0.12442599982023239,
            0.027424700558185577,
            1.0649800300598145,
            -0.0,
            0.9033949971199036,
            -0.4288100004196167,
            0.0,
            0.4288100004196167,
            0.9033949971199036
        ],
        [
            0.011207000352442265,
            0.6207299828529358,
            -0.4315580129623413,
            0.08874829858541489,
            0.02662459947168827,
            1.0649800300598145,
            -0.0,
            0.9063060283660889,
            -0.42262300848960876,
            0.0,
            0.42262300848960876,
            0.9063060283660889
        ]
    ],
    "ops": [
        [
            0,
            0,
            0,
            0,
            0,
            1,
            2,
            1,
            1,
            1,
            0,
            2,
            0,
            2,
            0,
            2,
            1,
            1,
            1,
            0,
            0,
            2,
            1,
            0,
            0,
            2,
            1,
            1,
            1
        ]
    ],
    "syms": [
        [
            0.0,
            0.9999790191650391,
            0.006547010038048029,
            -0.0,
            0.011896500363945961,
            0.04063799977302551,
            0.5344250202178955,
            0.0
        ],
        [
            0.0,
            0.9999319911003113,
            0.011652899906039238,
            -0.0,
            0.011207000352442265,
            -0.3562459945678711,
            0.5344250202178955,
            0.0
        ],
        [
            0.0,
            0.0,
            0.17345300316810608,
            0.9848420023918152,
            0.011207000352442265,
            -0.30244898796081543,
            -0.27246201038360596,
            0.0
        ],
        [
            0.0,
            0.9999809861183167,
            0.00613773986697197,
            0.0,
            0.011207000352442265,
            -0.42831501364707947,
            -0.265067994594574,
            0.0
        ],
        [
            0.0,
            1.0,
            0.00018986599752679467,
            -0.0007832249975763261,
            0.01118990033864975,
            0.18011300265789032,
            -0.2713020145893097,
            0.0
        ],
        [
            1.0,
            0.009806125424802303,
            0.6312824487686157,
            -0.4187155067920685,
            0.011207000352442265,
            0.6207299828529358,
            -0.4315580129623413,
            0.1111111119389534
        ]
    ],
    "labels:": [
        [
            1,
            3,
            3,
            3,
            3,
            2,
            2,
            2,
            0,
            0,
            0,
            0
        ]
    ],
    "obj": 44997,
    "mat_index": 5977,
    "obbs": "N 26\n0.011207 0.656134 -0.492132 1 0 -0 -0 0.906308 -0.422618 0 0.422618 0.906308 1.11823 0.0266245 0.124247\n0.011207 -0.183064 0.123527 1 0 -0 -0 0.976656 -0.214809 0 0.214809 0.976656 1.11823 0.171049 1.12171\n-0.522049 0.180012 -0.270884 0.0520776 -0.411909 -0.909736 0.998641 0.0234773 0.0465369 0.00218918 -0.910923 0.412571 0.136942 0.0592044 1.02485\n0.544429 0.180214 -0.27172 -0.0520487 -0.401327 -0.914455 0.998641 -0.0234773 -0.0465369 -0.00279242 -0.915634 0.402003 0.147404 0.0592044 1.02509\n0.011207 0.0037245 -0.143842 1 0 0 0 0.422623 0.906306 0 -0.906306 0.422623 1.06498 0.0266246 0.0887483\n0.011207 0.0918674 -0.184945 1 0 0 -0 0.422617 0.906308 0 -0.906308 0.422617 1.06498 0.0266245 0.0887482\n0.011207 0.180011 -0.226047 1 0 0 0 0.422613 0.90631 0 -0.90631 0.422613 1.06498 0.0266246 0.0887479\n0.011207 0.268156 -0.267149 1 0 0 -0 0.422613 0.90631 0 -0.90631 0.422613 1.06498 0.0266246 0.0887479\n0.011207 0.3563 -0.308251 1 0 0 0 0.422613 0.90631 0 -0.90631 0.422613 1.06498 0.0266246 0.0887479\n0.011207 0.444443 -0.349354 1 0 0 0 0.422627 0.906304 0 -0.906304 0.422627 1.06498 0.0266245 0.0887485\n0.011207 0.532587 -0.390456 1 0 0 -0 0.422623 0.906306 0 -0.906306 0.422623 1.06498 0.0266246 0.0887483\n0.011207 0.62073 -0.431558 1 0 0 0 0.422623 0.906306 0 -0.906306 0.422623 1.06498 0.0266246 0.0887483\n0.011207 -0.0844195 -0.10274 1 0 0 0 0.422623 0.906306 0 -0.906306 0.422623 1.06498 0.0266246 0.0887483\n0.582909 0.0443765 0.534425 1 0 0 0 1 0 0 0 1 0.029991 0.449133 0.126167\n0.570319 -0.0344145 -0.265068 1 0 0 0 1 0 0 0 1 0.055169 0.606715 0.126167\n-0.559115 0.0368995 0.534425 1 0 0 0 1 0 0 0 1 0.032749 0.464087 0.126167\n-0.55938 -0.0390155 -0.265068 1 0 0 0 1 0 0 0 1 0.03222 0.615917 0.126167\n0.588069 0.281296 0.152808 1 0 0 0 1 0 0 0 1 0.088748 0.026625 1.06498\n-0.565655 0.281296 0.152808 1 0 0 0 1 0 0 0 1 0.088748 0.026625 1.06498\n0.011207 -0.313518 -0.335311 1 0 0 0 0.984808 -0.173645 0 0.173645 0.984808 1.06498 0.0266246 0.115192\n0.011207 -0.291379 -0.209613 1 0 0 0 0.986013 -0.16667 0 0.16667 0.986013 1.06498 0.0274388 0.12251\n0.011207 -0.23837 -0.158225 1 0 0 0 0.42881 0.903395 0 -0.903395 0.42881 1.06498 0.0274247 0.124426\n-0.547905 -0.431747 -0.265068 1 0 0 0 1 0 0 0 1 0.055169 0.270923 0.126167\n0.570319 -0.424883 -0.265068 1 0 0 0 1 0 0 0 1 0.055169 0.28465 0.126167\n0.570319 -0.349731 0.534425 1 0 0 0 1 0 0 0 1 0.055169 0.434955 0.126167\n-0.547905 -0.362762 0.534425 1 0 0 0 1 0 0 0 1 0.055169 0.408892 0.126167\nC 133\n0 10\n0 11\n0 2\n0 9\n0 3\n1 12\n1 21\n1 15\n1 16\n1 5\n1 19\n1 3\n1 20\n1 25\n1 14\n1 23\n1 4\n1 2\n1 24\n1 13\n1 22\n2 22\n2 5\n2 6\n2 11\n2 18\n2 12\n2 7\n2 8\n2 19\n2 20\n2 4\n2 9\n2 16\n2 10\n2 21\n3 7\n3 23\n3 12\n3 11\n3 17\n3 6\n3 5\n3 21\n3 10\n3 9\n3 4\n3 14\n3 20\n3 19\n3 8\n4 5\n4 16\n4 21\n4 12\n4 6\n4 17\n4 7\n4 18\n4 14\n4 20\n5 8\n5 18\n5 21\n5 14\n5 17\n5 7\n5 16\n5 6\n5 12\n6 9\n6 7\n6 16\n6 14\n6 17\n6 18\n6 8\n6 12\n7 8\n7 18\n7 17\n7 14\n7 16\n7 10\n7 9\n8 18\n8 9\n8 10\n8 16\n8 14\n8 11\n8 17\n9 14\n9 16\n9 18\n9 11\n9 17\n9 10\n10 17\n10 18\n10 14\n10 16\n10 11\n12 22\n12 23\n12 20\n12 14\n12 19\n12 16\n12 21\n13 17\n13 24\n14 17\n14 21\n14 19\n14 23\n14 20\n15 25\n15 18\n16 22\n16 19\n16 20\n16 21\n16 18\n19 23\n19 22\n19 21\n19 20\n20 21\n20 22\n20 23\n21 23\n21 22\nS 7\n2\n2 -0.522049 0.180012 -0.270884\n3 0.544429 0.180214 -0.27172\n2\n0.0111899 0.180113 -0.271302\n1 0.000189866 -0.000783225\n9\n12 0.011207 -0.0844195 -0.10274\n4 0.011207 0.0037245 -0.143842\n5 0.011207 0.0918674 -0.184945\n6 0.011207 0.180011 -0.226047\n7 0.011207 0.268156 -0.267149\n8 0.011207 0.3563 -0.308251\n9 0.011207 0.444443 -0.349354\n10 0.011207 0.532587 -0.390456\n11 0.011207 0.62073 -0.431558\n1\n0 0 0\n0 0 0\n2\n13 0.582909 0.0443765 0.534425\n15 -0.559115 0.0368995 0.534425\n2\n0.0118965 0.040638 0.534425\n-0.999979 -0.00654701 0\n2\n17 0.588069 0.281296 0.152808\n18 -0.565655 0.281296 0.152808\n2\n0.011207 0.281296 0.152808\n-1 0 0\n2\n19 0.011207 -0.313518 -0.335311\n20 0.011207 -0.291379 -0.209613\n2\n0.011207 -0.302449 -0.272462\n0 0.173453 0.984842\n2\n22 -0.547905 -0.431747 -0.265068\n23 0.570319 -0.424883 -0.265068\n2\n0.011207 -0.428315 -0.265068\n0.999981 0.00613774 0\n2\n24 0.570319 -0.349731 0.534425\n25 -0.547905 -0.362762 0.534425\n2\n0.011207 -0.356246 0.534425\n-0.999932 -0.0116529 0\nL 26\n0\n1\n0\n0\n0\n0\n0\n0\n0\n0\n0\n0\n0\n3\n3\n3\n3\n3\n3\n2\n2\n0\n2\n2\n2\n2"
}