{
    "boxes": [
        [
            -0.0006810000049881637,
            -0.09167049825191498,
            0.06776049733161926,
            0.12104500085115433,
            0.6986669898033142,
            0.5258380174636841,
            0.0,
            1.0,
            0.0,
            0.0,
            0.0,
            1.0
        ],
        [
            0.2333730012178421,
            0.09915950149297714,
            0.367235004901886,
            0.35717499256134033,
            0.06472299993038177,
            0.024963999167084694,
            0.0,
            1.0,
            0.0,
            0.0,
            0.0,
            1.0
        ],
        [
            0.23847299814224243,
            0.264272004365921,
            0.18184299767017365,
            0.09744259715080261,
            0.4691329896450043,
            0.06651420146226883,
            -0.16193300485610962,
            0.9777140021324158,
            -0.13361899554729462,
            -0.048934001475572586,
            0.1272830069065094,
            0.9906589984893799
        ],
        [
            -0.3038170039653778,
            -0.38753899931907654,
            -0.24956299364566803,
            0.5757930278778076,
            0.24245500564575195,
            0.05198489874601364,
            0.24792799353599548,
            0.9537439942359924,
            0.1700109988451004,
            -0.05320959910750389,
            -0.1618189960718155,
            0.985385000705719
        ],
        [
            -0.2927919924259186,
            -0.3830009996891022,
            0.3940899968147278,
            0.5824549794197083,
            0.24254600703716278,
            0.06737630069255829,
            0.24107100069522858,
            0.9593709707260132,
            -0.14659999310970306,
            0.028113100677728653,
            0.1440880000591278,
            0.9891650080680847
        ],
        [
            -0.0005179999861866236,
            0.48743000626564026,
            -0.190994992852211,
            0.9767919778823853,
            0.16935299336910248,
            0.516319990158081,
            0.0,
            1.0,
            0.0,
            0.0,
            0.0,
            1.0
        ],
        [
            -0.0005179999861866236,
            -0.03968999907374382,
            -0.24076400697231293,
            0.07744800299406052,
            0.06726899743080139,
            0.12490999698638916,
            0.0,
            1.0,
            0.0,
            0.0,
            0.0,
            1.0
        ]
    ],
    "ops": [
        [
            0,
            0,
            0,
            1,
            2,
            1,
            0,
            0,
            1,
            2,
            1,
            0,
            0,
            1,
            1
        ]
    ],
    "syms": [
        [
            0.0,
            0.9999120235443115,
            0.0018191999988630414,
            -0.013132999651134014,
            -0.002424249891191721,
            0.09873049706220627,
            0.3703320026397705,
            0.0
        ],
        [
            0.0,
            0.9999099969863892,
            0.008287490345537663,
            -0.010578899644315243,
            -0.002180709969252348,
            -0.38503900170326233,
            -0.25275400280952454,
            0.0
        ]
    ],
    "labels:": [
        [
            1,
            3,
            3,
            2,
            2,
            0,
            0
        ]
    ],
    "obj": 45003,
    "mat_index": 5980,
    "obbs": "N 11\n-0.000518 0.48743 -0.190995 1 0 0 0 1 0 0 0 1 0.51632 0.976792 0.169353\n-0.000681 -0.0916705 0.0677605 1 0 0 0 1 0 0 0 1 0.525838 0.121045 0.698667\n0.233373 0.0991595 0.367235 1 0 0 0 1 0 0 0 1 0.024964 0.357175 0.064723\n-0.238222 0.0983015 0.373428 1 0 0 0 1 0 0 0 1 0.026075 0.355461 0.064723\n0.238473 0.264272 0.181843 0.048934 -0.127283 -0.990659 0.985588 0.166959 0.0272321 0.161933 -0.977714 0.133619 0.469133 0.0665142 0.0974426\n-0.243236 0.2634 0.187052 -0.0522452 -0.0951134 -0.994095 0.994491 -0.0955403 -0.0431249 -0.0908743 -0.990871 0.099581 0.46902 0.0665029 0.101677\n-0.000518 -0.03969 -0.240764 1 0 0 0 1 0 0 0 1 0.12491 0.077448 0.067269\n-0.303817 -0.387539 -0.249563 -0.247928 -0.953744 -0.170011 0.967316 -0.253351 0.0106288 -0.0532096 -0.161819 0.985385 0.575793 0.0519849 0.242455\n0.299455 -0.382539 -0.255945 0.234976 -0.96157 -0.142018 0.970612 0.239931 -0.0185896 0.0519497 -0.133476 0.989689 0.578074 0.0549921 0.242868\n0.302574 -0.386173 0.389433 -0.247939 0.954156 -0.167669 0.968379 0.249051 -0.0147064 0.0277258 -0.166013 -0.985734 0.578462 0.0531578 0.241736\n-0.292792 -0.383001 0.39409 -0.0281131 -0.144088 -0.989165 0.9701 -0.242581 0.00776454 -0.241071 -0.959371 0.1466 0.242546 0.0673763 0.582455\nC 21\n0 1\n0 7\n0 6\n0 5\n0 4\n0 8\n1 2\n1 3\n1 4\n1 5\n1 8\n1 6\n1 9\n1 10\n1 7\n2 9\n2 4\n3 5\n3 10\n6 7\n6 8\nS 4\n2\n2 0.233373 0.0991595 0.367235\n3 -0.238222 0.0983015 0.373428\n2\n-0.00242425 0.0987305 0.370332\n-0.999912 -0.0018192 0.013133\n2\n4 0.238473 0.264272 0.181843\n5 -0.243236 0.2634 0.187052\n2\n-0.00238178 0.263836 0.184447\n-0.99994 -0.00181097 0.010813\n2\n7 -0.303817 -0.387539 -0.249563\n8 0.299455 -0.382539 -0.255945\n2\n-0.00218071 -0.385039 -0.252754\n0.99991 0.00828749 -0.0105789\n2\n9 0.302574 -0.386173 0.389433\n10 -0.292792 -0.383001 0.39409\n2\n0.00489093 -0.384587 0.391761\n-0.999955 0.00532785 0.00782216\nL 11\n0\n1\n3\n3\n3\n3\n0\n2\n2\n2\n2"
}