{
    "boxes": [
        [
            -0.006558000110089779,
            -0.04953249916434288,
            0.12474299967288971,
            0.17504100501537323,
            0.7632049918174744,
            0.927623987197876,
            0.0,
            1.0,
            0.0,
            0.0,
            0.0,
            1.0
        ],
        [
            -0.41544800996780396,
            -0.47211700677871704,
            -0.3452099859714508,
            0.6955289840698242,
            0.1409830003976822,
            0.13188500702381134,
            0.11375299841165543,
            0.9844350218772888,
            0.13396699726581573,
            0.655538022518158,
            -0.17569500207901,
            0.7344390153884888
        ],
        [
            0.4035789966583252,
            -0.2818619906902313,
            0.06536229699850082,
            0.06271810084581375,
            0.705024003982544,
            0.033747099339962006,
            -0.0018973799888044596,
            0.9990479946136475,
            -0.043578099459409714,
            0.043578099459409714,
            0.04361940175294876,
            0.9980970025062561
        ],
        [
            -0.4148400127887726,
            -0.4719829857349396,
            0.45177000761032104,
            0.6749340295791626,
            0.0984020009636879,
            0.0984020009636879,
            0.0,
            1.0,
            0.0,
            0.0,
            0.0,
            1.0
        ],
        [
            -0.0034876600839197636,
            0.3147920072078705,
            -0.3041419982910156,
            0.9127839803695679,
            0.17884300649166107,
            0.8733559846878052,
            0.005451720207929611,
            0.997376024723053,
            -0.0721869021654129,
            0.0058604697696864605,
            0.07215490192174911,
            0.997376024723053
        ],
        [
            -0.006444510072469711,
            0.13872499763965607,
            -0.2982960045337677,
            0.5490679740905762,
            0.13357600569725037,
            0.7000460028648376,
            0.0012519600568339229,
            0.9999150037765503,
            -0.01300050038844347,
            0.001268340041860938,
            0.01299890037626028,
            0.9999150037765503
        ]
    ],
    "ops": [
        [
            0,
            0,
            0,
            0,
            1,
            1,
            2,
            1,
            0,
            0,
            1,
            1
        ]
    ],
    "syms": [
        [
            0.0,
            0.9999960064888,
            0.00013184100680518895,
            -0.002755689900368452,
            -0.006567949894815683,
            -0.47206398844718933,
            -0.3463369905948639,
            0.0
        ]
    ],
    "labels:": [
        [
            1,
            2,
            2,
            2,
            0,
            0
        ]
    ],
    "obj": 45045,
    "mat_index": 5997,
    "obbs": "N 9\n-0.00348766 0.314792 -0.304142 0.999968 -0.00586047 -0.00545172 0.00586047 0.0721549 0.997376 -0.00545172 -0.997376 0.0721869 0.873356 0.178843 0.912784\n0.403579 -0.281862 0.0653623 0.00189738 -0.999048 0.0435781 0.999048 -5.28683e-06 -0.0436194 0.0435781 0.0436194 0.998097 0.0627181 0.0337471 0.705024\n-0.414955 -0.280795 0.0761651 0.0436177 -0.00872658 -0.99901 0.999048 6.96299e-06 0.0436193 -0.000373692 -0.999962 0.00871858 0.704586 0.0337474 0.0517168\n-0.006558 -0.0495325 0.124743 1 0 0 0 1 0 0 0 1 0.927624 0.175041 0.763205\n-0.00644451 0.138725 -0.298296 0.999998 -0.00126834 -0.00125196 0.00126834 0.0129989 0.999915 -0.00125196 -0.999915 0.0130005 0.700046 0.133576 0.549068\n-0.41484 -0.471983 0.45177 1 0 0 0 1 0 0 0 1 0.098402 0.674934 0.098402\n-0.415448 -0.472117 -0.34521 0.746545 0.00427612 -0.665321 0.655538 -0.175695 0.734439 -0.113753 -0.984435 -0.133967 0.131885 0.140983 0.695529\n0.402312 -0.47201 -0.347464 -0.782708 0.00744465 -0.622345 -0.613355 -0.178985 0.76926 -0.105663 0.983824 0.144659 0.128893 0.141016 0.695791\n0.403492 -0.471983 0.45177 1 0 0 0 1 0 0 0 1 0.098401 0.674934 0.098402\nC 21\n0 1\n0 7\n0 6\n0 4\n0 3\n0 2\n1 3\n1 4\n1 8\n1 7\n2 6\n2 4\n2 3\n2 5\n3 5\n3 8\n3 6\n3 7\n3 4\n4 6\n4 7\nS 3\n2\n1 0.403579 -0.281862 0.0653623\n2 -0.414955 -0.280795 0.0761651\n2\n-0.00568782 -0.281329 0.0707637\n-0.999912 0.00130313 0.0131965\n2\n5 -0.41484 -0.471983 0.45177\n8 0.403492 -0.471983 0.45177\n2\n-0.00567425 -0.471983 0.45177\n1 0 0\n2\n6 -0.415448 -0.472117 -0.34521\n7 0.402312 -0.47201 -0.347464\n2\n-0.00656795 -0.472064 -0.346337\n0.999996 0.000131841 -0.00275569\nL 9\n0\n2\n2\n1\n0\n2\n2\n2\n2"
}