{
    "boxes": [
        [
            -0.008700760081410408,
            -0.07039660215377808,
            0.2134310007095337,
            0.1199050024151802,
            0.8925899863243103,
            0.8088719844818115,
            -0.0009347919840365648,
            0.9901300072669983,
            -0.1401520073413849,
            -6.583149661310017e-05,
            0.1401520073413849,
            0.9901300072669983
        ],
        [
            -0.3765150010585785,
            -0.3520500063896179,
            -0.31143200397491455,
            0.5990539789199829,
            0.0830439031124115,
            0.05727839842438698,
            0.0010684400331228971,
            0.7730720043182373,
            0.6343179941177368,
            -0.009182929992675781,
            -0.6342840194702148,
            0.7730460166931152
        ],
        [
            0.3560580015182495,
            -0.3511059880256653,
            0.3479210138320923,
            0.0831243023276329,
            0.8714799880981445,
            0.04718020185828209,
            0.007193659897893667,
            0.8390020132064819,
            0.5440800189971924,
            -0.00387750007212162,
            -0.5440670251846313,
            0.8390330076217651
        ],
        [
            -0.008437619544565678,
            0.19667500257492065,
            -0.31772300601005554,
            0.6487830281257629,
            0.09557680040597916,
            0.8082659840583801,
            0.0011242900509387255,
            0.9165729880332947,
            -0.3998669981956482,
            0.0017171100480481982,
            0.3998650014400482,
            0.9165729880332947
        ]
    ],
    "ops": [
        [
            0,
            0,
            0,
            1,
            2,
            1,
            0,
            1
        ]
    ],
    "syms": [
        [
            0.0,
            0.9999420046806335,
            -0.007510609924793243,
            0.007677420042455196,
            -0.004697879776358604,
            -0.35484200716018677,
            -0.3085770010948181,
            0.0
        ]
    ],
    "labels:": [
        [
            1,
            2,
            2,
            0
        ]
    ],
    "obj": 2995,
    "mat_index": 600,
    "obbs": "N 6\n-0.00843762 0.196675 -0.317723 0.999998 -0.00171711 -0.00112429 0.00171711 0.399865 0.916573 -0.00112429 -0.916573 0.399867 0.808266 0.0955768 0.648783\n-0.00870076 -0.0703966 0.213431 1 0.000934792 -6.58315e-05 -0.000934792 0.99013 -0.140152 -6.58315e-05 0.140152 0.99013 0.808872 0.119905 0.89259\n0.36712 -0.357635 -0.305722 0.098408 0.610207 -0.786106 0.995129 -0.0556912 0.0813446 0.00585792 -0.790282 -0.612715 0.0828067 0.0395876 0.599206\n0.356058 -0.351106 0.347921 -0.00719366 -0.839002 -0.54408 0.999967 -0.00814539 -0.000660595 -0.0038775 -0.544067 0.839033 0.0831243 0.0471802 0.87148\n-0.376024 -0.363001 0.357054 -0.000872769 0.568732 -0.822522 0.988272 0.12609 0.0861363 0.1527 -0.812801 -0.562172 0.838053 0.047551 0.0683004\n-0.376515 -0.35205 -0.311432 -0.00106844 -0.773072 -0.634318 0.999957 -0.00665085 0.00642137 -0.00918293 -0.634284 0.773046 0.599054 0.0572784 0.0830439\nC 11\n0 1\n0 5\n0 4\n0 3\n0 2\n1 2\n1 3\n1 4\n1 5\n2 3\n4 5\nS 2\n2\n2 0.36712 -0.357635 -0.305722\n5 -0.376515 -0.35205 -0.311432\n2\n-0.00469788 -0.354842 -0.308577\n-0.999942 0.00751061 -0.00767742\n2\n3 0.356058 -0.351106 0.347921\n4 -0.376024 -0.363001 0.357054\n2\n-0.00998335 -0.357053 0.352487\n-0.99979 -0.0162451 0.0124731\nL 6\n0\n1\n2\n2\n2\n2"
}