{
    "boxes": [
        [
            -0.008826999925076962,
            -0.04707200080156326,
            0.09843099862337112,
            0.14134599268436432,
            0.7083759903907776,
            0.7077580094337463,
            0.0,
            1.0,
            0.0,
            0.0,
            0.0,
            1.0
        ],
        [
            -0.3491800129413605,
            -0.3993459939956665,
            0.4664570093154907,
            0.7457410097122192,
            0.05859699845314026,
            0.08297990262508392,
            0.07609789818525314,
            0.9908149838447571,
            -0.1117829978466034,
            -0.32207098603248596,
            0.13052399456501007,
            0.9376749992370605
        ],
        [
            -0.35815900564193726,
            -0.37551701068878174,
            -0.3539089858531952,
            0.8116490244865417,
            0.05791329964995384,
            0.07149709761142731,
            0.0695279985666275,
            0.9779279828071594,
            0.1970359981060028,
            -0.37633201479911804,
            -0.15720799565315247,
            0.9130499958992004
        ],
        [
            -0.008479500189423561,
            0.3077160120010376,
            -0.25582098960876465,
            0.6997619867324829,
            0.08061599731445312,
            0.7049329876899719,
            0.0,
            1.0,
            0.0,
            0.0,
            0.0,
            1.0
        ]
    ],
    "ops": [
        [
            0,
            0,
            0,
            1,
            2,
            1,
            0,
            1
        ]
    ],
    "syms": [
        [
            0.0,
            0.9999989867210388,
            -0.0009325859718956053,
            0.001011259970255196,
            -0.008509330451488495,
            -0.3996640145778656,
            0.4668020009994507,
            0.0
        ]
    ],
    "labels:": [
        [
            1,
            2,
            2,
            0
        ]
    ],
    "obj": 45107,
    "mat_index": 6018,
    "obbs": "N 6\n-0.0084795 0.307716 -0.255821 1 0 0 0 1 0 0 0 1 0.704933 0.699762 0.080616\n-0.008827 -0.047072 0.098431 1 0 0 0 1 0 0 0 1 0.707758 0.141346 0.708376\n-0.34918 -0.399346 0.466457 0.0760979 0.990815 -0.111783 -0.322071 0.130524 0.937675 0.943652 -0.0353531 0.329046 0.745741 0.058597 0.0829799\n0.332161 -0.399982 0.467146 -0.329564 -0.13416 -0.934553 0.940719 0.0374418 -0.337113 0.0802185 -0.990252 0.113867 0.06037 0.087808 0.746726\n0.343931 -0.366285 -0.353457 -0.469223 0.155252 -0.869326 0.880776 0.153335 -0.448019 0.0637422 -0.975902 -0.208691 0.058287 0.0698378 0.830666\n-0.358159 -0.375517 -0.353909 0.069528 0.977928 0.197036 0.923872 -0.137633 0.357095 0.376332 0.157208 -0.91305 0.811649 0.0714971 0.0579133\nC 7\n0 1\n0 5\n0 4\n1 2\n1 3\n1 4\n1 5\nS 2\n2\n2 -0.34918 -0.399346 0.466457\n3 0.332161 -0.399982 0.467146\n2\n-0.00850933 -0.399664 0.466802\n0.999999 -0.000932586 0.00101126\n2\n4 0.343931 -0.366285 -0.353457\n5 -0.358159 -0.375517 -0.353909\n2\n-0.00711403 -0.370901 -0.353683\n-0.999913 -0.0131477 -0.000644142\nL 6\n0\n1\n2\n2\n2\n2"
}