{
    "boxes": [
        [
            -0.0016282700235024095,
            -0.1650339961051941,
            0.15720300376415253,
            0.2830849885940552,
            1.2399200201034546,
            1.0783900022506714,
            0.0036956099793314934,
            0.9960529804229736,
            -0.08868180215358734,
            0.0001641910057514906,
            0.08868180215358734,
            0.9960600137710571
        ],
        [
            -0.5485129952430725,
            -0.007517499849200249,
            -0.4400950074195862,
            0.49629101157188416,
            0.04437299817800522,
            0.05158200114965439,
            0.0,
            1.0,
            0.0,
            0.0,
            0.0,
            1.0
        ],
        [
            -0.5497519969940186,
            0.2350810021162033,
            0.1930059939622879,
            0.04840900003910065,
            0.822953999042511,
            0.0645110011100769,
            0.0,
            1.0,
            0.0,
            0.0,
            0.0,
            1.0
        ],
        [
            -0.5483970046043396,
            0.05897099897265434,
            0.6871970295906067,
            0.3713519871234894,
            0.031217999756336212,
            0.05141400173306465,
            0.0,
            1.0,
            0.0,
            0.0,
            0.0,
            1.0
        ],
        [
            -0.5486130118370056,
            0.2405959963798523,
            0.11701499670743942,
            0.023569099605083466,
            1.1534700393676758,
            0.0518031008541584,
            -0.023040400817990303,
            0.9997320175170898,
            -0.0021215800661593676,
            -2.444419988023583e-05,
            0.0021215800661593676,
            0.9999979734420776
        ],
        [
            -0.5484480261802673,
            -0.34889501333236694,
            0.6919549703598022,
            0.4956069886684418,
            0.022027000784873962,
            0.05151800066232681,
            0.0,
            1.0,
            0.0,
            0.0,
            0.0,
            1.0
        ],
        [
            0.5453270077705383,
            -0.34282100200653076,
            0.6822580099105835,
            0.5089880228042603,
            0.0416640006005764,
            0.05172000080347061,
            0.0,
            1.0,
            0.0,
            0.0,
            0.0,
            1.0
        ],
        [
            -0.5484499931335449,
            -0.4168649911880493,
            -0.4397119879722595,
            0.3587619960308075,
            0.04513999819755554,
            0.05151300132274628,
            0.0,
            1.0,
            0.0,
            0.0,
            0.0,
            1.0
        ],
        [
            -0.548488974571228,
            -0.5934990048408508,
            0.12362000346183777,
            0.029124600812792778,
            1.1531000137329102,
            0.051963500678539276,
            -0.04970899969339371,
            0.9987639784812927,
            -0.00044644399895332754,
            -1.1103000360890292e-05,
            0.00044644399895332754,
            1.0
        ],
        [
            0.017787300050258636,
            0.2863999903202057,
            -0.27243098616600037,
            0.850039005279541,
            0.1705709993839264,
            0.9206230044364929,
            0.002780440030619502,
            0.905788004398346,
            -0.42372098565101624,
            0.0043702698312699795,
            0.4237079918384552,
            0.905788004398346
        ],
        [
            0.00010139100049855188,
            0.17294000089168549,
            -0.3919849991798401,
            0.9568470120429993,
            0.22153699398040771,
            1.0602799654006958,
            -0.00013348199718166143,
            0.9342340230941772,
            -0.35666200518608093,
            -0.00019383900507818907,
            0.35666200518608093,
            0.9342340230941772
        ]
    ],
    "ops": [
        [
            0,
            0,
            0,
            1,
            0,
            0,
            1,
            1,
            2,
            1,
            0,
            0,
            0,
            0,
            1,
            2,
            1,
            1,
            1,
            0,
            0,
            1,
            1
        ]
    ],
    "syms": [
        [
            0.0,
            1.0,
            0.0009077999857254326,
            -0.0,
            -0.0015867500333115458,
            -0.007021000143140554,
            -0.4400950074195862,
            0.0
        ],
        [
            0.0,
            0.999983012676239,
            0.0020772400312125683,
            -0.005396069958806038,
            -0.0015790000325068831,
            -0.41572898626327515,
            -0.4426630139350891,
            0.0
        ]
    ],
    "labels:": [
        [
            1,
            3,
            3,
            3,
            3,
            2,
            2,
            2,
            2,
            0,
            0
        ]
    ],
    "obj": 45149,
    "mat_index": 6022,
    "obbs": "N 17\n0.0177873 0.2864 -0.272431 0.999987 -0.00437027 -0.00278044 0.00437027 0.423708 0.905788 -0.00278044 -0.905788 0.423721 0.920623 0.170571 0.850039\n-0.00162827 -0.165034 0.157203 0.999993 -0.00369561 0.000164191 0.00369561 0.996053 -0.0886818 0.000164191 0.0886818 0.99606 1.07839 0.283085 1.23992\n0.545339 -0.0065245 -0.440095 1 0 0 0 1 0 0 0 1 0.051533 0.495999 0.044373\n0.545349 0.0631935 0.680299 1 0 0 0 1 0 0 0 1 0.051595 0.356925 0.045582\n-0.548397 0.058971 0.687197 1 0 0 0 1 0 0 0 1 0.051414 0.371352 0.031218\n-0.548513 -0.0075175 -0.440095 1 0 0 0 1 0 0 0 1 0.051582 0.496291 0.044373\n0.549967 0.235081 0.193006 1 0 0 0 1 0 0 0 1 0.064511 0.048409 0.822954\n0.545322 0.240733 0.120387 1 0 0 0 1 0 0 0 1 0.051497 0.021631 1.14671\n-0.549752 0.235081 0.193006 1 0 0 0 1 0 0 0 1 0.064511 0.048409 0.822954\n-0.548613 0.240596 0.117015 0.999735 0.0230404 -2.44442e-05 -0.0230404 0.999732 -0.00212158 -2.44442e-05 0.00212158 0.999998 0.0518031 0.0235691 1.15347\n0.000101391 0.17294 -0.391985 1 0.000193839 0.000133482 -0.000193839 0.356662 0.934234 0.000133482 -0.934234 0.356662 1.06028 0.221537 0.956847\n-0.54845 -0.416865 -0.439712 1 0 0 0 1 0 0 0 1 0.051513 0.358762 0.04514\n0.545292 -0.414593 -0.445614 1 0 0 0 1 0 0 0 1 0.051519 0.371286 0.033336\n0.545327 -0.342821 0.682258 1 0 0 0 1 0 0 0 1 0.05172 0.508988 0.041664\n-0.548448 -0.348895 0.691955 1 0 0 0 1 0 0 0 1 0.051518 0.495607 0.022027\n0.545411 -0.586384 0.124901 1 0 0 0 1 0 0 0 1 0.051553 0.0417 1.1545\n-0.548489 -0.593499 0.12362 0.998764 0.049709 -1.1103e-05 -0.049709 0.998764 -0.000446444 -1.1103e-05 0.000446444 1 0.0519635 0.0291246 1.1531\nC 49\n0 7\n0 10\n0 5\n0 8\n0 1\n0 6\n0 9\n0 2\n1 3\n1 15\n1 6\n1 11\n1 2\n1 16\n1 14\n1 5\n1 10\n1 13\n1 4\n1 9\n1 12\n1 8\n1 7\n2 12\n2 6\n2 10\n2 7\n3 7\n3 6\n3 13\n4 8\n4 9\n4 14\n5 9\n5 8\n5 11\n5 10\n6 7\n6 10\n7 10\n8 9\n8 10\n9 10\n10 11\n10 12\n11 16\n12 15\n13 15\n14 16\nS 6\n2\n2 0.545339 -0.0065245 -0.440095\n5 -0.548513 -0.0075175 -0.440095\n2\n-0.00158675 -0.007021 -0.440095\n-1 -0.0009078 0\n2\n3 0.545349 0.0631935 0.680299\n4 -0.548397 0.058971 0.687197\n2\n-0.00152375 0.0610823 0.683748\n-0.999973 -0.00386048 0.00630659\n2\n6 0.549967 0.235081 0.193006\n8 -0.549752 0.235081 0.193006\n2\n0.000107 0.235081 0.193006\n-1 0 0\n2\n7 0.545322 0.240733 0.120387\n9 -0.548613 0.240596 0.117015\n2\n-0.00164551 0.240664 0.118701\n-0.999995 -0.000125153 -0.00308232\n2\n11 -0.54845 -0.416865 -0.439712\n12 0.545292 -0.414593 -0.445614\n2\n-0.001579 -0.415729 -0.442663\n0.999983 0.00207724 -0.00539607\n2\n15 0.545411 -0.586384 0.124901\n16 -0.548489 -0.593499 0.12362\n2\n-0.00153928 -0.589941 0.124261\n-0.999978 -0.00650377 -0.00117176\nL 17\n0\n1\n3\n3\n3\n3\n3\n3\n3\n3\n0\n2\n2\n2\n2\n2\n2"
}