{
    "boxes": [
        [
            -0.015575500205159187,
            -0.07863850146532059,
            0.14102700352668762,
            0.19834500551223755,
            0.7734019756317139,
            0.8362370133399963,
            0.0,
            1.0,
            0.0,
            0.0,
            0.0,
            1.0
        ],
        [
            -0.4516960084438324,
            0.11925400048494339,
            0.15227800607681274,
            0.341623991727829,
            0.6057739853858948,
            0.097713403403759,
            -0.27776700258255005,
            0.9606410264968872,
            -0.003807459957897663,
            0.003807459957897663,
            0.005064299795776606,
            0.9999799728393555
        ],
        [
            -0.2783159911632538,
            -0.5011780261993408,
            -0.18446199595928192,
            0.672694981098175,
            0.06932710111141205,
            0.06965100020170212,
            0.2013860046863556,
            0.9203659892082214,
            0.3352159857749939,
            -0.07883299887180328,
            -0.3258880078792572,
            0.9421160221099854
        ],
        [
            0.30512601137161255,
            -0.4886389970779419,
            0.39923301339149475,
            0.6640430092811584,
            0.05757579952478409,
            0.07944919914007187,
            -0.22833199799060822,
            0.9651049971580505,
            -0.12820500135421753,
            -0.1948309987783432,
            0.08372490108013153,
            0.9772570133209229
        ],
        [
            -0.32572299242019653,
            -0.5007230043411255,
            0.4005950093269348,
            0.6400840282440186,
            0.05939960107207298,
            0.054599400609731674,
            0.22347800433635712,
            0.9648540019989014,
            -0.13825500011444092,
            -0.6270099878311157,
            0.25090500712394714,
            0.7374989986419678
        ],
        [
            -0.02151780016720295,
            0.2671470046043396,
            0.0047697401605546474,
            0.7670109868049622,
            0.723688006401062,
            1.0536600351333618,
            0.18924599885940552,
            0.949180006980896,
            -0.2514820098876953,
            -0.024790100753307343,
            0.2606459856033325,
            0.965116024017334
        ]
    ],
    "ops": [
        [
            0,
            0,
            2,
            1,
            0,
            2,
            0,
            0,
            1,
            1,
            1,
            0,
            1
        ]
    ],
    "syms": [
        [
            0.0,
            0.9998540282249451,
            -0.0165242999792099,
            0.004340589977800846,
            -0.0071257599629461765,
            0.11190599948167801,
            0.1542080044746399,
            0.0
        ],
        [
            0.0,
            0.9999330043792725,
            0.00960742961615324,
            -0.006533099804073572,
            -0.00383199006319046,
            -0.4985400140285492,
            -0.18625499308109283,
            0.0
        ]
    ],
    "labels:": [
        [
            1,
            3,
            2,
            2,
            2,
            0
        ]
    ],
    "obj": 454,
    "mat_index": 6029,
    "obbs": "N 8\n-0.0215178 0.267147 0.00476974 -0.981617 0.17641 -0.0728567 -0.0247901 0.260646 0.965116 0.189246 0.94918 -0.251482 1.05366 0.723688 0.767011\n-0.451696 0.119254 0.152278 0.277767 -0.960641 0.00380746 0.960641 0.277747 -0.0050643 0.00380746 0.0050643 0.99998 0.341624 0.0977134 0.605774\n0.437445 0.104559 0.156138 -0.00875051 -0.00677771 -0.999939 0.968202 -0.250079 -0.00677771 -0.250018 -0.968202 0.00875051 0.617656 0.0984636 0.366339\n-0.0155755 -0.0786385 0.141027 1 0 0 0 1 0 0 0 1 0.836237 0.198345 0.773402\n-0.278316 -0.501178 -0.184462 -0.976334 0.216155 -0.00692597 -0.078833 -0.325888 0.942116 0.201386 0.920366 0.335216 0.069651 0.0693271 0.672695\n0.270652 -0.495903 -0.188049 0.226582 -0.912279 -0.341186 0.957917 0.272103 -0.0914054 0.176225 -0.306117 0.935541 0.678491 0.0678501 0.0656507\n0.305126 -0.488639 0.399233 0.194831 -0.0837249 -0.977257 0.953889 0.248118 0.168915 0.228332 -0.965105 0.128205 0.0575758 0.0794492 0.664043\n-0.325723 -0.500723 0.400595 0.223478 0.964854 -0.138255 -0.62701 0.250905 0.737499 0.746268 -0.0781272 0.661045 0.640084 0.0593996 0.0545994\nC 17\n0 1\n0 7\n0 6\n0 5\n0 4\n0 3\n0 2\n1 3\n1 4\n1 7\n2 6\n2 5\n2 3\n3 5\n3 6\n3 7\n3 4\nS 2\n2\n1 -0.451696 0.119254 0.152278\n2 0.437445 0.104559 0.156138\n2\n-0.00712576 0.111906 0.154208\n0.999854 -0.0165243 0.00434059\n2\n4 -0.278316 -0.501178 -0.184462\n5 0.270652 -0.495903 -0.188049\n2\n-0.00383199 -0.49854 -0.186255\n0.999933 0.00960743 -0.0065331\nL 8\n0\n3\n3\n1\n2\n2\n2\n2"
}