{
    "boxes": [
        [
            0.0029074600897729397,
            -0.06807990372180939,
            0.1392810046672821,
            0.27816298604011536,
            0.7853639721870422,
            0.8224899768829346,
            0.004892800003290176,
            0.9970690011978149,
            -0.07635319977998734,
            0.00018706399714574218,
            0.07635319977998734,
            0.9970809817314148
        ],
        [
            -0.3880540132522583,
            -0.3539919853210449,
            -0.2079250067472458,
            0.9016119837760925,
            0.14920300245285034,
            0.04555480182170868,
            -0.00509398989379406,
            0.9672260284423828,
            0.2538659870624542,
            0.006666169967502356,
            -0.25383099913597107,
            0.9672260284423828
        ],
        [
            0.38282400369644165,
            -0.28127801418304443,
            0.14306099712848663,
            1.245129942893982,
            0.25491300225257874,
            0.06911870092153549,
            0.000493665982503444,
            0.8543350100517273,
            -0.5197229981422424,
            -0.034432899206876755,
            0.5194299817085266,
            0.8538190126419067
        ],
        [
            0.004364999942481518,
            0.25691500306129456,
            -0.12755300104618073,
            0.7105420231819153,
            0.17036600410938263,
            0.8182460069656372,
            0.0,
            1.0,
            0.0,
            0.0,
            0.0,
            1.0
        ],
        [
            0.002599499886855483,
            0.19222599267959595,
            -0.21133500337600708,
            0.8347979784011841,
            0.0779620036482811,
            0.8221409916877747,
            0.0,
            1.0,
            0.0,
            0.0,
            0.0,
            1.0
        ]
    ],
    "ops": [
        [
            0,
            0,
            0,
            1,
            2,
            1,
            0,
            0,
            1,
            1
        ]
    ],
    "syms": [
        [
            0.0,
            0.9998840093612671,
            -0.00520922988653183,
            0.01429080031812191,
            0.0028667200822383165,
            -0.3560290038585663,
            -0.20233699679374695,
            0.0
        ]
    ],
    "labels:": [
        [
            1,
            2,
            2,
            0,
            0
        ]
    ],
    "obj": 47243,
    "mat_index": 6047,
    "obbs": "N 7\n0.004365 0.256915 -0.127553 1 0 0 0 1 0 0 0 1 0.818246 0.710542 0.170366\n0.00290746 -0.0680799 0.139281 -0.000187064 -0.0763532 -0.997081 0.0048928 0.997069 -0.0763532 0.999988 -0.0048928 0.000187064 0.785364 0.278163 0.82249\n0.0025995 0.192226 -0.211335 1 0 0 0 1 0 0 0 1 0.822141 0.834798 0.077962\n0.393788 -0.358066 -0.19675 -0.00754335 -0.955213 -0.295824 0.999899 -0.00363437 -0.0137616 0.0120701 -0.295898 0.955143 0.906005 0.0455775 0.156238\n0.382824 -0.281278 0.143061 0.0344329 -0.51943 -0.853819 0.999407 0.0174741 0.0296737 -0.000493666 -0.854335 0.519723 0.254913 0.0691187 1.24513\n-0.371126 -0.267544 0.166993 -0.0094995 -0.55273 -0.833306 0.99995 -0.00259111 -0.00968053 0.00319153 -0.833356 0.552727 0.242558 0.0785888 1.25617\n-0.388054 -0.353992 -0.207925 0.00509399 -0.967226 -0.253866 0.999965 0.00661935 -0.00515468 0.00666617 -0.253831 0.967226 0.901612 0.0455548 0.149203\nC 17\n0 1\n0 6\n0 5\n0 4\n0 3\n0 2\n1 2\n1 3\n1 4\n1 5\n1 6\n2 6\n2 4\n2 3\n2 5\n3 4\n5 6\nS 2\n2\n3 0.393788 -0.358066 -0.19675\n6 -0.388054 -0.353992 -0.207925\n2\n0.00286672 -0.356029 -0.202337\n-0.999884 0.00520923 -0.0142908\n2\n4 0.382824 -0.281278 0.143061\n5 -0.371126 -0.267544 0.166993\n2\n0.00584907 -0.274411 0.155027\n-0.999331 0.0182044 0.0317208\nL 7\n0\n1\n0\n2\n2\n2\n2"
}