{
    "boxes": [
        [
            0.028572000563144684,
            -0.22949500381946564,
            0.2463880032300949,
            0.3687480092048645,
            0.7342169880867004,
            0.8013219833374023,
            0.0,
            1.0,
            0.0,
            0.0,
            0.0,
            1.0
        ],
        [
            -0.4186609983444214,
            -0.17609800398349762,
            0.23796600103378296,
            0.47738999128341675,
            0.6755660176277161,
            0.19074100255966187,
            0.015027499757707119,
            0.9998869895935059,
            0.000247246993239969,
            -0.05179709941148758,
            0.0005315240123309195,
            0.9986569881439209
        ],
        [
            0.00034649998997338116,
            -0.5233759880065918,
            0.18074600398540497,
            0.035787999629974365,
            0.024776000529527664,
            0.9091470241546631,
            0.0,
            1.0,
            0.0,
            0.0,
            0.0,
            1.0
        ],
        [
            -0.41460999846458435,
            -0.5470060110092163,
            -0.2863529920578003,
            0.2729969918727875,
            0.0734110027551651,
            0.0734110027551651,
            0.0,
            1.0,
            0.0,
            0.0,
            0.0,
            1.0
        ],
        [
            -0.4619219899177551,
            -0.5233759880065918,
            0.12068899720907211,
            0.04283919930458069,
            0.8357049822807312,
            0.029327599331736565,
            0.0008114959928207099,
            0.9999639987945557,
            -0.008402620442211628,
            -0.09612579643726349,
            0.008441709913313389,
            0.9953330159187317
        ],
        [
            -0.49455100297927856,
            -0.5470060110092163,
            0.5277289748191833,
            0.2729969918727875,
            0.0734110027551651,
            0.0734110027551651,
            0.0,
            1.0,
            0.0,
            0.0,
            0.0,
            1.0
        ],
        [
            0.00029200001154094934,
            0.24020299315452576,
            -0.14006100594997406,
            1.3081400394439697,
            0.3510569930076599,
            0.7445899844169617,
            0.0,
            1.0,
            0.0,
            0.0,
            0.0,
            1.0
        ],
        [
            -0.3839319944381714,
            0.23929500579833984,
            -0.12542499601840973,
            1.3080300092697144,
            0.38326799869537354,
            0.17841500043869019,
            0.015817899256944656,
            0.9998739957809448,
            -0.001035909983329475,
            -0.05047599971294403,
            0.0018332400359213352,
            0.9987239837646484
        ]
    ],
    "ops": [
        [
            0,
            0,
            2,
            1,
            0,
            0,
            0,
            0,
            1,
            1,
            2,
            1,
            1,
            0,
            0,
            2,
            1,
            1
        ]
    ],
    "syms": [
        [
            0.0,
            0.9999529719352722,
            -0.0020630001090466976,
            -0.009508069604635239,
            -0.0030716098845005035,
            -0.17695499956607819,
            0.23401400446891785,
            0.0
        ],
        [
            0.0,
            1.0,
            0.0,
            0.0,
            0.00034649998997338116,
            -0.5470060110092163,
            -0.2863529920578003,
            0.0
        ],
        [
            0.0,
            0.9999629855155945,
            9.589050023350865e-06,
            -0.008638150058686733,
            -0.0036407900042831898,
            0.2392989993095398,
            -0.12871000170707703,
            0.0
        ]
    ],
    "labels:": [
        [
            1,
            3,
            2,
            2,
            2,
            2,
            0,
            0
        ]
    ],
    "obj": 47888,
    "mat_index": 6056,
    "obbs": "N 13\n0.000292 0.240203 -0.140061 1 0 0 0 1 0 0 0 1 0.74459 1.30814 0.351057\n0.412518 -0.177813 0.230063 0.0435506 -0.999019 -0.00807995 0.993926 0.0441439 -0.100805 0.101063 -0.00364076 0.994873 0.477816 0.187877 0.683985\n-0.418661 -0.176098 0.237966 0.0150275 0.999887 0.000247247 0.998545 -0.0150201 0.0517992 0.0517971 -0.000531524 -0.998657 0.47739 0.190741 0.675566\n0.028572 -0.229495 0.246388 1 0 0 0 1 0 0 0 1 0.801322 0.368748 0.734217\n-0.383932 0.239295 -0.125425 0.0158179 0.999874 -0.00103591 0.9986 -0.0157454 0.0504987 0.050476 -0.00183324 -0.998724 1.30803 0.178415 0.383268\n0.376651 0.239302 -0.131995 0.0159607 -0.999811 0.0110837 0.992988 0.0145513 -0.117317 0.117133 0.0128784 0.993033 1.31159 0.192937 0.401175\n0.462614 -0.523376 0.120688 -0.000811496 -0.999964 -0.00840262 0.995369 1.25455e-14 -0.0961293 0.0961258 -0.00844171 0.995333 0.0428392 0.0293276 0.835705\n0.0003465 -0.523376 0.180746 1 0 0 0 1 0 0 0 1 0.909147 0.035788 0.024776\n-0.461922 -0.523376 0.120689 0.0961258 -0.00844171 -0.995333 0.995369 -1.19904e-14 0.0961293 -0.000811496 -0.999964 0.00840262 0.835705 0.0293276 0.0428392\n-0.494551 -0.547006 0.527729 1 0 0 0 1 0 0 0 1 0.073411 0.272997 0.073411\n-0.41461 -0.547006 -0.286353 1 0 0 0 1 0 0 0 1 0.073411 0.272997 0.073411\n0.415303 -0.547006 -0.286353 1 0 0 0 1 0 0 0 1 0.073411 0.272997 0.073411\n0.495244 -0.547006 0.527729 1 0 0 0 1 0 0 0 1 0.073411 0.272997 0.073411\nC 43\n0 2\n0 7\n0 10\n0 3\n0 11\n0 4\n0 5\n0 8\n0 1\n0 6\n1 3\n1 6\n1 11\n1 5\n1 12\n1 7\n2 8\n2 9\n2 10\n2 3\n2 7\n2 4\n3 11\n3 7\n3 10\n3 6\n3 9\n3 5\n3 12\n3 8\n3 4\n4 7\n4 8\n4 10\n5 6\n5 11\n5 7\n6 7\n6 11\n6 12\n7 8\n8 9\n8 10\nS 5\n2\n1 0.412518 -0.177813 0.230063\n2 -0.418661 -0.176098 0.237966\n2\n-0.00307161 -0.176955 0.234014\n-0.999953 0.002063 0.00950807\n2\n4 -0.383932 0.239295 -0.125425\n5 0.376651 0.239302 -0.131995\n2\n-0.00364079 0.239299 -0.12871\n0.999963 9.58905e-06 -0.00863815\n2\n6 0.462614 -0.523376 0.120688\n8 -0.461922 -0.523376 0.120689\n2\n0.000346495 -0.523376 0.120689\n-1 1.20084e-16 1.03494e-07\n2\n9 -0.494551 -0.547006 0.527729\n12 0.495244 -0.547006 0.527729\n2\n0.0003465 -0.547006 0.527729\n1 0 0\n2\n10 -0.41461 -0.547006 -0.286353\n11 0.415303 -0.547006 -0.286353\n2\n0.0003465 -0.547006 -0.286353\n1 0 0\nL 13\n0\n3\n3\n1\n0\n0\n2\n2\n2\n2\n2\n2\n2"
}