{
    "boxes": [
        [
            0.007239469792693853,
            -0.07584449648857117,
            0.12922300398349762,
            0.14014199376106262,
            0.82185298204422,
            0.8822150230407715,
            9.209579729940742e-05,
            0.9981610178947449,
            -0.06062059849500656,
            2.7940200197917875e-06,
            0.06062059849500656,
            0.9981610178947449
        ],
        [
            -0.48611798882484436,
            0.33956900238990784,
            0.25161999464035034,
            0.06856299936771393,
            0.4340299963951111,
            0.18307900428771973,
            0.13205599784851074,
            0.9896320104598999,
            -0.05647239834070206,
            -0.048134200274944305,
            0.0633063018321991,
            0.9968330264091492
        ],
        [
            -0.4760110080242157,
            0.2435380071401596,
            0.06208350136876106,
            0.15490399301052094,
            0.5628489851951599,
            0.109265998005867,
            -0.2359910011291504,
            0.863103985786438,
            -0.44649600982666016,
            -0.20425300300121307,
            0.4051530063152313,
            0.8911409974098206
        ],
        [
            0.005650119855999947,
            -0.4624510109424591,
            0.07232219725847244,
            0.4298799932003021,
            0.23748299479484558,
            0.24375300109386444,
            -0.3834809958934784,
            0.9145370125770569,
            0.1287049949169159,
            0.2618280053138733,
            -0.025984499603509903,
            0.9647650122642517
        ],
        [
            0.005549500230699778,
            -0.6759709715843201,
            -0.4616760015487671,
            0.11651899665594101,
            0.08718500286340714,
            0.09050299972295761,
            0.0,
            1.0,
            0.0,
            0.0,
            0.0,
            1.0
        ],
        [
            0.023489000275731087,
            -0.5812540054321289,
            -0.25090399384498596,
            0.1297679990530014,
            0.5626850128173828,
            0.16987699270248413,
            -0.0029978801030665636,
            0.9572439789772034,
            -0.28926798701286316,
            -0.052778199315071106,
            0.2887139916419983,
            0.9559599757194519
        ],
        [
            0.004313500132411718,
            0.39086899161338806,
            -0.20884999632835388,
            1.0115100145339966,
            0.34917300939559937,
            0.9207630157470703,
            0.0,
            1.0,
            0.0,
            0.0,
            0.0,
            1.0
        ],
        [
            0.040768399834632874,
            -0.1802850067615509,
            -0.004587220028042793,
            0.20785799622535706,
            0.7036380171775818,
            0.5150910019874573,
            -0.030103299766778946,
            0.9973009824752808,
            0.06696929782629013,
            0.10548499971628189,
            -0.06345579773187637,
            0.992393970489502
        ]
    ],
    "ops": [
        [
            0,
            0,
            0,
            1,
            2,
            1,
            0,
            0,
            0,
            1,
            2,
            1,
            1,
            0,
            0,
            1,
            1
        ]
    ],
    "syms": [
        [
            0.0,
            0.9999719858169556,
            0.005345089826732874,
            0.005245530046522617,
            0.004282800015062094,
            0.3421899974346161,
            0.2541930079460144,
            0.0
        ],
        [
            -1.0,
            -1.8291300875716843e-05,
            1.0,
            -2.5175799237331375e-05,
            0.005549500230699778,
            -0.675961971282959,
            0.10392200201749802,
            0.20000000298023224
        ]
    ],
    "labels:": [
        [
            1,
            3,
            3,
            2,
            2,
            2,
            0,
            0
        ]
    ],
    "obj": 48434,
    "mat_index": 6080,
    "obbs": "N 18\n0.0043135 0.390869 -0.20885 1 0 0 0 1 0 0 0 1 0.920763 1.01151 0.349173\n-0.326927 -0.675971 0.561581 1 0 0 0 1 0 0 0 1 0.090503 0.116519 0.087185\n-0.532409 -0.675971 -0.0708265 1 0 0 0 1 0 0 0 1 0.090503 0.116519 0.087185\n0.0055495 -0.675971 -0.461676 1 0 0 0 1 0 0 0 1 0.090503 0.116519 0.087185\n0.543508 -0.675971 -0.0708265 1 0 0 0 1 0 0 0 1 0.090503 0.116519 0.087185\n0.338027 -0.675927 0.561359 1 0 0 0 1 0 0 0 1 0.090503 0.116607 0.08763\n0.00565012 -0.462451 0.0723222 0.885657 0.403667 -0.229487 0.261828 -0.0259845 0.964765 0.383481 -0.914537 -0.128705 0.243753 0.237483 0.42988\n0.00723947 -0.0758445 0.129223 1 -9.20958e-05 2.79402e-06 9.20958e-05 0.998161 -0.0606206 2.79402e-06 0.0606206 0.998161 0.882215 0.140142 0.821853\n0.023489 -0.581254 -0.250904 -0.998602 -0.0181329 -0.049656 -0.00299788 0.957244 -0.289268 0.0527782 -0.288714 -0.95596 0.169877 0.129768 0.562685\n0.317162 -0.580606 -0.0198835 0.921688 -0.296833 -0.249761 0.291321 0.954764 -0.0596509 0.256169 -0.017781 0.966468 0.567442 0.128595 0.160425\n0.203462 -0.582545 0.329904 0.781547 0.0682354 -0.620103 0.126177 0.956167 0.264243 0.610953 -0.284761 0.73868 0.161911 0.136064 0.571057\n-0.181148 -0.581998 0.347082 0.524918 0.296334 -0.797902 -0.130065 0.954354 0.268873 0.841157 -0.0373571 0.5395 0.558595 0.128689 0.149061\n-0.305591 -0.583421 -0.0199115 -0.915488 -0.299998 -0.268112 -0.326709 0.943206 0.0601919 0.234827 0.142699 -0.961506 0.56585 0.139446 0.165234\n0.494683 0.344811 0.256765 0.989612 0.132162 -0.0565854 -0.135695 0.988685 -0.0639432 0.0474943 0.0709573 0.996348 0.18236 0.05458 0.4227\n0.487498 0.247761 0.0564872 -0.220118 -0.447562 -0.866739 0.959941 -0.257314 -0.110917 -0.173381 -0.856433 0.486273 0.555797 0.104636 0.15587\n-0.486118 0.339569 0.25162 0.0481342 -0.0633063 -0.996833 0.132056 0.989632 -0.0564724 0.990073 -0.12892 0.0559951 0.43403 0.068563 0.183079\n-0.476011 0.243538 0.0620835 0.204253 -0.405153 -0.891141 0.950047 0.301499 0.0806797 0.235991 -0.863104 0.446496 0.562849 0.109266 0.154904\n0.0407684 -0.180285 -0.00458722 0.993965 0.0369386 -0.10329 -0.0301033 0.997301 0.0669693 0.105485 -0.0634558 0.992394 0.515091 0.207858 0.703638\nC 40\n0 14\n0 7\n0 16\n0 15\n0 17\n0 13\n0 6\n1 11\n2 12\n3 8\n4 9\n5 10\n6 9\n6 17\n6 7\n6 10\n6 11\n6 12\n6 8\n7 16\n7 14\n7 17\n8 9\n8 10\n8 11\n8 17\n8 12\n9 11\n9 10\n9 12\n10 11\n10 17\n10 12\n11 12\n11 17\n12 17\n13 14\n14 17\n15 16\n16 17\nS 4\n5\n3 0.0055495 -0.675971 -0.461676\n2 -0.532409 -0.675971 -0.0708265\n1 -0.326927 -0.675971 0.561581\n5 0.338027 -0.675927 0.561359\n4 0.543508 -0.675971 -0.0708265\n3\n0.0055495 -0.675962 0.103922\n1.82913e-05 -1 2.51758e-05\n5\n10 0.203462 -0.582545 0.329904\n9 0.317162 -0.580606 -0.0198835\n8 0.023489 -0.581254 -0.250904\n12 -0.305591 -0.583421 -0.0199115\n11 -0.181148 -0.581998 0.347082\n3\n0.0114749 -0.581965 0.0772572\n0.00293255 -0.999995 -0.00130817\n2\n13 0.494683 0.344811 0.256765\n15 -0.486118 0.339569 0.25162\n2\n0.0042828 0.34219 0.254193\n-0.999972 -0.00534509 -0.00524553\n2\n14 0.487498 0.247761 0.0564872\n16 -0.476011 0.243538 0.0620835\n2\n0.00574347 0.245649 0.0592854\n-0.999974 -0.00438284 0.00580811\nL 18\n0\n2\n2\n2\n2\n2\n2\n1\n2\n2\n2\n2\n2\n3\n3\n3\n3\n0"
}