{
    "boxes": [
        [
            -0.0020425000693649054,
            -0.21778899431228638,
            0.02232149988412857,
            1.1006900072097778,
            1.0896999835968018,
            1.1384799480438232,
            0.0,
            1.0,
            0.0,
            0.0,
            0.0,
            1.0
        ],
        [
            -0.5071930289268494,
            0.37917399406433105,
            0.15129299461841583,
            0.56939297914505,
            0.8122940063476562,
            0.09373009949922562,
            -0.19125600159168243,
            0.9813870191574097,
            0.0173483993858099,
            -0.0173483993858099,
            -0.02105179987847805,
            0.9996280074119568
        ],
        [
            -0.5739529728889465,
            -0.7368469834327698,
            -0.20163500308990479,
            0.10591500252485275,
            0.0337848998606205,
            0.03378390148282051,
            -0.005846209824085236,
            0.9999690055847168,
            0.005183400120586157,
            0.6633039712905884,
            -1.1841400464618346e-06,
            0.7483500242233276
        ],
        [
            0.5691570043563843,
            -0.7368109822273254,
            -0.20190800726413727,
            0.10571999847888947,
            0.03382899984717369,
            0.03382899984717369,
            0.0,
            1.0,
            0.0,
            0.0,
            0.0,
            1.0
        ],
        [
            -0.5188469886779785,
            -0.5763149857521057,
            0.5305699706077576,
            0.372096985578537,
            0.0969190001487732,
            0.057989999651908875,
            0.0,
            1.0,
            0.0,
            0.0,
            0.0,
            1.0
        ],
        [
            -0.5484060049057007,
            -0.5842819809913635,
            0.17573599517345428,
            0.02704799920320511,
            0.7868970036506653,
            0.02445489913225174,
            0.051503799855709076,
            0.9655500054359436,
            -0.2550710141658783,
            0.06072159856557846,
            0.2519089877605438,
            0.9658439755439758
        ],
        [
            -0.002245499985292554,
            0.4300920069217682,
            -0.3345080018043518,
            0.7368299961090088,
            0.42681199312210083,
            1.1605600118637085,
            0.0,
            1.0,
            0.0,
            0.0,
            0.0,
            1.0
        ]
    ],
    "ops": [
        [
            0,
            0,
            2,
            1,
            0,
            0,
            0,
            0,
            1,
            2,
            1,
            1,
            1,
            0,
            1
        ]
    ],
    "syms": [
        [
            0.0,
            0.9998350143432617,
            -0.0034141698852181435,
            0.017842799425125122,
            0.0014126700116321445,
            0.3774369955062866,
            0.16036899387836456,
            0.0
        ],
        [
            0.0,
            0.9998469948768616,
            -0.0021350299939513206,
            0.017355099320411682,
            -0.0027964399196207523,
            -0.5774170160293579,
            0.5395269989967346,
            0.0
        ]
    ],
    "labels:": [
        [
            1,
            3,
            2,
            2,
            2,
            2,
            0
        ]
    ],
    "obj": 48525,
    "mat_index": 6091,
    "obbs": "N 10\n-0.0022455 0.430092 -0.334508 1 0 0 0 1 0 0 0 1 1.16056 0.73683 0.426812\n0.510018 0.3757 0.169446 -0.167968 -0.985694 -0.013902 0.985694 -0.168133 0.0117325 -0.013902 -0.0117325 0.999835 0.597548 0.0873757 0.777812\n-0.507193 0.379174 0.151293 0.191256 -0.981387 -0.0173484 0.981387 0.190884 0.0210518 -0.0173484 -0.0210518 0.999628 0.569393 0.0937301 0.812294\n-0.0020425 -0.217789 0.0223215 1 0 0 0 1 0 0 0 1 1.13848 1.10069 1.0897\n0.569157 -0.736811 -0.201908 1 0 0 0 1 0 0 0 1 0.033829 0.10572 0.033829\n-0.573953 -0.736847 -0.201635 -0.00584621 0.999969 0.0051834 0.663304 -1.18414e-06 0.74835 0.748327 0.00781318 -0.663284 0.105915 0.0337849 0.0337839\n-0.518847 -0.576315 0.53057 1 0 0 0 1 0 0 0 1 0.05799 0.372097 0.096919\n0.513254 -0.578519 0.548484 -0.0250403 0.996131 -0.084237 0.999214 0.0223491 -0.0327407 -0.0307314 -0.0849907 -0.995908 0.368604 0.0620684 0.074471\n0.544358 -0.586935 0.16723 0.0705875 -0.265139 -0.961623 0.943892 0.329549 -0.0215774 0.322622 -0.906145 0.273525 0.792979 0.0299634 0.029531\n-0.548406 -0.584282 0.175736 -0.0607216 -0.251909 -0.965844 0.996825 -0.065233 -0.0456554 -0.0515038 -0.96555 0.255071 0.786897 0.0244549 0.027048\nC 15\n0 1\n0 3\n0 2\n1 3\n2 3\n3 8\n3 9\n3 6\n3 7\n3 4\n3 5\n4 8\n5 9\n6 9\n7 8\nS 3\n2\n1 0.510018 0.3757 0.169446\n2 -0.507193 0.379174 0.151293\n2\n0.00141267 0.377437 0.160369\n-0.999835 0.00341417 -0.0178428\n2\n6 -0.518847 -0.576315 0.53057\n7 0.513254 -0.578519 0.548484\n2\n-0.00279644 -0.577417 0.539527\n0.999847 -0.00213503 0.0173551\n2\n8 0.544358 -0.586935 0.16723\n9 -0.548406 -0.584282 0.175736\n2\n-0.00202432 -0.585608 0.171483\n-0.999967 0.00242801 0.00778387\nL 10\n0\n3\n3\n1\n2\n2\n2\n2\n2\n2"
}