{
    "boxes": [
        [
            0.01651410013437271,
            0.03302820026874542,
            0.19222499430179596,
            0.13562099635601044,
            0.6961389780044556,
            0.8142610192298889,
            -0.0020174600649625063,
            0.9895340204238892,
            -0.14428499341011047,
            -0.0001463109947508201,
            0.14428499341011047,
            0.9895359873771667
        ],
        [
            0.005439020227640867,
            -0.6466569900512695,
            -0.2793720066547394,
            0.1209229975938797,
            0.049455899745225906,
            0.6379330158233643,
            0.006450749933719635,
            0.9969760179519653,
            0.07744739949703217,
            0.005968960002064705,
            -0.07748609781265259,
            0.9969760179519653
        ],
        [
            0.010314900428056717,
            0.11213400214910507,
            -0.18629300594329834,
            0.07151000201702118,
            0.04421690106391907,
            0.6271309852600098,
            0.0014967899769544601,
            0.981124997138977,
            0.19336700439453125,
            0.0012305800337344408,
            -0.19336800277233124,
            0.981124997138977
        ],
        [
            -0.4050840139389038,
            -0.38124600052833557,
            0.23400500416755676,
            0.9524469971656799,
            0.10751999914646149,
            0.0860707014799118,
            0.004691029898822308,
            0.881201982498169,
            -0.4727169871330261,
            0.08376099914312363,
            0.4707149863243103,
            0.8783010244369507
        ],
        [
            -0.3459480106830597,
            -0.21839599311351776,
            -0.22652900218963623,
            1.1360100507736206,
            0.04769270122051239,
            0.11688199639320374,
            -0.00027104400214739144,
            0.9927089810371399,
            0.12053599953651428,
            -0.046612098813056946,
            -0.12041699886322021,
            0.9916279911994934
        ],
        [
            0.01165470015257597,
            0.6358929872512817,
            -0.29335901141166687,
            0.3648500144481659,
            0.08561909943819046,
            0.8348309993743896,
            -0.005199190229177475,
            0.8597599864006042,
            -0.5106719732284546,
            -0.009135089814662933,
            0.5106170177459717,
            0.8597599864006042
        ],
        [
            -0.4039260149002075,
            0.40171200037002563,
            -0.17803999781608582,
            0.8946160078048706,
            0.10246100276708603,
            0.08341489732265472,
            0.004994669929146767,
            0.8813239932060242,
            -0.4724859893321991,
            0.02609029971063137,
            0.47221699357032776,
            0.8810960054397583
        ]
    ],
    "ops": [
        [
            0,
            0,
            2,
            0,
            0,
            0,
            1,
            2,
            1,
            1,
            1,
            0,
            0,
            2,
            1,
            1
        ]
    ],
    "syms": [
        [
            0.0,
            0.005461640190333128,
            0.17619100213050842,
            0.984341025352478,
            0.007173319812864065,
            -0.5907099843025208,
            0.03319690003991127,
            0.0
        ],
        [
            0.0,
            0.9999459981918335,
            -0.008885419927537441,
            0.005473750177770853,
            0.0070806099101901054,
            -0.384907990694046,
            0.2362619936466217,
            0.0
        ],
        [
            0.0,
            0.9999549984931946,
            -0.007770129945129156,
            0.005381760187447071,
            0.011143900454044342,
            0.3984859883785248,
            -0.17580600082874298,
            0.0
        ]
    ],
    "labels:": [
        [
            1,
            2,
            2,
            2,
            2,
            0,
            0
        ]
    ],
    "obj": 48640,
    "mat_index": 6094,
    "obbs": "N 11\n0.0116547 0.635893 -0.293359 -0.00519919 0.85976 -0.510672 -0.00913509 0.510617 0.85976 0.999945 0.00913509 0.00519919 0.36485 0.0856191 0.834831\n0.00890761 -0.534762 0.345766 0.999932 0.00973061 0.00649031 -0.00973061 0.384143 0.923222 0.00649031 -0.923222 0.384211 0.805753 0.0518262 0.102298\n0.00543902 -0.646657 -0.279372 0.999961 -0.00596896 -0.00645075 0.00596896 -0.0774861 0.996976 -0.00645075 -0.996976 -0.0774474 0.637933 0.0494559 0.120923\n0.0103149 0.112134 -0.186293 0.999998 -0.00123058 -0.00149679 0.00123058 -0.193368 0.981125 -0.00149679 -0.981125 -0.193367 0.627131 0.0442169 0.07151\n0.0165141 0.0330282 0.192225 0.999998 0.00201746 -0.000146311 -0.00201746 0.989534 -0.144285 -0.000146311 0.144285 0.989536 0.814261 0.135621 0.696139\n0.426214 0.395261 -0.173572 0.000396346 -0.455809 -0.890078 0.999986 0.00486828 -0.00204776 0.00526653 -0.890064 0.455804 0.104105 0.0765689 0.909441\n-0.403926 0.401712 -0.17804 0.00499467 0.881324 -0.472486 0.999647 -0.0167281 -0.0206355 -0.0260903 -0.472217 -0.881096 0.894616 0.0834149 0.102461\n0.419245 -0.388571 0.238518 0.00131209 0.877492 -0.47959 0.999441 -0.0171656 -0.028673 -0.0333927 -0.479285 -0.877024 0.935635 0.0888195 0.110208\n-0.345948 -0.218396 -0.226529 -0.000271044 0.992709 0.120536 -0.0466121 -0.120417 0.991628 0.998913 -0.00534965 0.0463048 1.13601 0.0476927 0.116882\n0.370539 -0.218754 -0.226812 0.999295 0.0164606 -0.0337423 0.0355006 -0.121886 0.991909 0.0122147 -0.992408 -0.122384 0.119123 0.0454286 1.13605\n-0.405084 -0.381246 0.234005 -0.083761 -0.470715 -0.878301 0.996475 -0.0437154 -0.0716022 -0.00469103 -0.881202 0.472717 0.10752 0.0860707 0.952447\nC 27\n0 5\n0 8\n0 6\n0 9\n1 10\n1 7\n2 8\n2 9\n3 7\n3 10\n3 6\n3 9\n3 5\n3 8\n3 4\n4 7\n4 8\n4 9\n4 10\n4 5\n4 6\n5 9\n5 7\n6 10\n6 8\n7 9\n8 10\nS 4\n2\n1 0.00890761 -0.534762 0.345766\n2 0.00543902 -0.646657 -0.279372\n2\n0.00717332 -0.59071 0.0331969\n-0.00546164 -0.176191 -0.984341\n2\n5 0.426214 0.395261 -0.173572\n6 -0.403926 0.401712 -0.17804\n2\n0.0111439 0.398486 -0.175806\n-0.999955 0.00777013 -0.00538176\n2\n7 0.419245 -0.388571 0.238518\n10 -0.405084 -0.381246 0.234005\n2\n0.00708061 -0.384908 0.236262\n-0.999946 0.00888542 -0.00547375\n2\n8 -0.345948 -0.218396 -0.226529\n9 0.370539 -0.218754 -0.226812\n2\n0.0122953 -0.218575 -0.226671\n1 -0.000500949 -0.000395495\nL 11\n0\n2\n2\n2\n1\n0\n0\n2\n2\n2\n2"
}