{
    "boxes": [
        [
            0.009240499697625637,
            -0.15337499976158142,
            0.06488099694252014,
            0.3748509883880615,
            0.848904013633728,
            0.993710994720459,
            0.0,
            1.0,
            0.0,
            0.0,
            0.0,
            1.0
        ],
        [
            -0.49727100133895874,
            0.4966529905796051,
            0.17713700234889984,
            0.06281950324773788,
            0.5761550068855286,
            0.07082749903202057,
            0.39535099267959595,
            0.867579996585846,
            0.3016670048236847,
            -0.15929099917411804,
            -0.2586889863014221,
            0.9527360200881958
        ],
        [
            0.5148659944534302,
            0.4955059885978699,
            0.17348599433898926,
            0.0666666030883789,
            0.5740320086479187,
            0.06498929858207703,
            0.5589450001716614,
            0.8140090107917786,
            0.1580200046300888,
            0.12447799742221832,
            -0.27077800035476685,
            0.9545599818229675
        ],
        [
            -0.4748440086841583,
            0.1463489979505539,
            0.1396930068731308,
            0.8423780202865601,
            0.4993019998073578,
            0.048143599182367325,
            -0.00026958901435136795,
            0.9996150135993958,
            -0.027732599526643753,
            -0.12930500507354736,
            0.02746490016579628,
            0.9912239909172058
        ],
        [
            -0.5174890160560608,
            0.05578700080513954,
            0.4082010090351105,
            0.7434920072555542,
            0.06197400018572807,
            0.059748999774456024,
            0.0,
            1.0,
            0.0,
            0.0,
            0.0,
            1.0
        ],
        [
            -0.4917739927768707,
            -0.5442799925804138,
            0.41000598669052124,
            0.4566420018672943,
            0.13228599727153778,
            0.15537799894809723,
            0.0,
            1.0,
            0.0,
            0.0,
            0.0,
            1.0
        ],
        [
            -0.30012398958206177,
            -0.4950940012931824,
            -0.2512440085411072,
            0.4566429853439331,
            0.13228599727153778,
            0.10447599738836288,
            0.0,
            1.0,
            0.0,
            0.0,
            0.0,
            1.0
        ],
        [
            0.010472499765455723,
            0.1968729943037033,
            -0.28384700417518616,
            0.9326559901237488,
            0.4691289961338043,
            0.9183089733123779,
            0.0,
            1.0,
            0.0,
            0.0,
            0.0,
            1.0
        ],
        [
            0.006767489947378635,
            0.6265609860420227,
            -0.29861098527908325,
            0.05735120177268982,
            0.4692220091819763,
            0.989096999168396,
            -0.001116179977543652,
            0.9626439809799194,
            0.27076900005340576,
            0.0001539899967610836,
            -0.27076900005340576,
            0.9626439809799194
        ]
    ],
    "ops": [
        [
            0,
            0,
            0,
            0,
            0,
            1,
            2,
            1,
            1,
            1,
            0,
            0,
            1,
            2,
            1,
            0,
            0,
            1,
            1
        ]
    ],
    "syms": [
        [
            0.0,
            0.9999679923057556,
            -0.007811639923602343,
            -0.0014906900469213724,
            0.008850470185279846,
            0.14257000386714935,
            0.13897199928760529,
            0.0
        ],
        [
            0.0,
            1.0,
            0.0,
            0.0,
            0.009240999817848206,
            -0.5442799925804138,
            0.41000598669052124,
            0.0
        ]
    ],
    "labels:": [
        [
            1,
            3,
            3,
            3,
            3,
            2,
            2,
            0,
            0
        ]
    ],
    "obj": 48641,
    "mat_index": 6095,
    "obbs": "N 13\n0.0104725 0.196873 -0.283847 1 0 0 0 1 0 0 0 1 0.918309 0.932656 0.469129\n0.00676749 0.626561 -0.298611 0.999999 0.00111618 0.00015399 -0.00111618 0.962644 0.270769 0.00015399 -0.270769 0.962644 0.989097 0.0573512 0.469222\n0.0092405 -0.153375 0.064881 1 0 0 0 1 0 0 0 1 0.993711 0.374851 0.848904\n0.492545 0.138792 0.138251 0.00312263 -0.999687 0.0248112 0.991597 -0.000113363 -0.129365 0.129328 0.0250067 0.991287 0.82488 0.0440548 0.499337\n-0.474844 0.146349 0.139693 0.129305 -0.0274649 -0.991224 0.991605 0.00385318 0.129247 0.000269589 -0.999615 0.0277326 0.499302 0.0481436 0.842378\n0.535994 0.05604 0.408193 1 0 0 0 1 0 0 0 1 0.059795 0.743998 0.06199\n-0.517489 0.055787 0.408201 1 0 0 0 1 0 0 0 1 0.059749 0.743492 0.061974\n0.514866 0.495506 0.173486 -0.124478 0.270778 -0.95456 0.558945 0.814009 0.15802 0.819808 -0.513877 -0.252676 0.574032 0.0666666 0.0649893\n-0.497271 0.496653 0.177137 0.159291 0.258689 -0.952736 0.395351 0.86758 0.301667 0.904613 -0.424718 0.0359244 0.576155 0.0628195 0.0708275\n-0.491774 -0.54428 0.410006 1 0 0 0 1 0 0 0 1 0.155378 0.456642 0.132286\n0.510256 -0.54428 0.410006 1 0 0 0 1 0 0 0 1 0.155378 0.456642 0.132286\n-0.300124 -0.495094 -0.251244 1 0 0 0 1 0 0 0 1 0.104476 0.456643 0.132286\n0.318806 -0.495094 -0.251244 1 0 0 0 1 0 0 0 1 0.104475 0.456642 0.132286\nC 32\n0 2\n0 7\n0 3\n0 11\n0 4\n0 12\n0 8\n0 1\n1 3\n1 4\n1 8\n1 7\n2 12\n2 5\n2 9\n2 6\n2 10\n2 3\n2 11\n2 4\n3 7\n3 10\n3 5\n3 12\n4 8\n4 9\n4 11\n4 6\n5 10\n5 7\n6 9\n6 8\nS 4\n2\n3 0.492545 0.138792 0.138251\n4 -0.474844 0.146349 0.139693\n2\n0.00885047 0.14257 0.138972\n-0.999968 0.00781164 0.00149069\n2\n5 0.535994 0.05604 0.408193\n6 -0.517489 0.055787 0.408201\n2\n0.009252 0.0559135 0.408197\n-1 -0.000240156 7.59386e-06\n2\n9 -0.491774 -0.54428 0.410006\n10 0.510256 -0.54428 0.410006\n2\n0.009241 -0.54428 0.410006\n1 0 0\n2\n11 -0.300124 -0.495094 -0.251244\n12 0.318806 -0.495094 -0.251244\n2\n0.00934075 -0.495094 -0.251244\n1 -8.07846e-07 0\nL 13\n0\n0\n1\n3\n3\n3\n3\n3\n3\n2\n2\n2\n2"
}