{
    "boxes": [
        [
            -0.001944500021636486,
            -0.03530000150203705,
            0.16291899979114532,
            0.11432600021362305,
            0.8137099742889404,
            0.8534730076789856,
            0.0,
            1.0,
            0.0,
            0.0,
            0.0,
            1.0
        ],
        [
            -0.0007099999929778278,
            -0.2919209897518158,
            0.42188501358032227,
            0.02359200082719326,
            0.017532000318169594,
            0.7893019914627075,
            0.0,
            1.0,
            0.0,
            0.0,
            0.0,
            1.0
        ],
        [
            -0.43951699137687683,
            -0.7947750091552734,
            0.41797199845314026,
            0.026544999331235886,
            0.10271000117063522,
            0.026844000443816185,
            0.0,
            1.0,
            0.0,
            0.0,
            0.0,
            1.0
        ],
        [
            -0.40271198749542236,
            -0.37945500016212463,
            0.4326449930667877,
            0.7779409885406494,
            0.034154001623392105,
            0.03748999908566475,
            -0.0004549009900074452,
            0.9840490221977234,
            -0.17789499461650848,
            -0.5086079835891724,
            0.15293900668621063,
            0.8473060131072998
        ],
        [
            0.4334520101547241,
            -0.40268799662590027,
            -0.2677749991416931,
            0.7434300184249878,
            0.030759399756789207,
            0.026624999940395355,
            0.0012218300253152847,
            0.9946699738502502,
            0.1031000018119812,
            -0.35222598910331726,
            -0.09606499969959259,
            0.9309719800949097
        ],
        [
            -0.43854600191116333,
            -0.3964729905128479,
            -0.268216997385025,
            0.7285950183868408,
            0.02437330037355423,
            0.029039500281214714,
            -0.009921150282025337,
            0.9968249797821045,
            0.07900270074605942,
            -0.6724680066108704,
            -0.06512360274791718,
            0.7372559905052185
        ],
        [
            -0.4395259916782379,
            -0.7949470281600952,
            -0.22303800284862518,
            0.026201000437140465,
            0.10398399829864502,
            0.026861999183893204,
            0.0,
            1.0,
            0.0,
            0.0,
            0.0,
            1.0
        ],
        [
            -0.4241909980773926,
            -0.775081992149353,
            0.10270799696445465,
            0.05649600178003311,
            0.8234599828720093,
            0.055146001279354095,
            0.0,
            1.0,
            0.0,
            0.0,
            0.0,
            1.0
        ],
        [
            -0.002650940092280507,
            0.3519749939441681,
            -0.30004099011421204,
            0.4897249937057495,
            0.14254499971866608,
            0.8553590178489685,
            -0.0022712498903274536,
            0.9751799702644348,
            -0.22140100598335266,
            -0.002844699891284108,
            0.22139400243759155,
            0.9751799702644348
        ],
        [
            -0.43332400918006897,
            0.18718500435352325,
            -0.22828400135040283,
            0.4631049931049347,
            0.051346201449632645,
            0.033554401248693466,
            -0.0007365290075540543,
            0.9992219805717468,
            -0.03942539915442467,
            -0.06544949859380722,
            0.039292801171541214,
            0.997081995010376
        ]
    ],
    "ops": [
        [
            0,
            0,
            0,
            0,
            1,
            2,
            1,
            0,
            0,
            0,
            0,
            1,
            2,
            1,
            1,
            1,
            1,
            0,
            0,
            2,
            1,
            1
        ]
    ],
    "syms": [
        [
            0.0,
            0.9999949932098389,
            -0.002661400008946657,
            0.0014365799725055695,
            -0.0027187499217689037,
            -0.7959380149841309,
            0.4185999929904938,
            0.0
        ],
        [
            0.0,
            0.9999960064888,
            -0.0024644900113344193,
            -0.0011606999905779958,
            -0.0027232500724494457,
            -0.7960240244865417,
            -0.22354499995708466,
            0.0
        ],
        [
            0.0,
            0.9999709725379944,
            0.006486920174211264,
            -0.004087409935891628,
            -0.0006368960021063685,
            0.1899919956922531,
            -0.23005199432373047,
            0.0
        ]
    ],
    "labels:": [
        [
            1,
            2,
            2,
            2,
            2,
            2,
            2,
            2,
            0,
            0
        ]
    ],
    "obj": 493,
    "mat_index": 6109,
    "obbs": "N 15\n-0.00265094 0.351975 -0.300041 -0.00227125 0.97518 -0.221401 -0.0028447 0.221394 0.97518 0.999993 0.0028447 0.00227125 0.489725 0.142545 0.855359\n-0.0019445 -0.0353 0.162919 1 0 0 0 1 0 0 0 1 0.853473 0.114326 0.81371\n-0.433324 0.187185 -0.228284 0.0654495 -0.0392928 -0.997082 0.997856 0.00331476 0.0653697 0.000736529 -0.999222 0.0394254 0.0513462 0.0335544 0.463105\n0.432051 0.192799 -0.231821 1 0 0 0 1 0 0 0 1 0.025067 0.45109 0.05482\n-0.00071 -0.291921 0.421885 1 0 0 0 1 0 0 0 1 0.789302 0.023592 0.017532\n0.43408 -0.7971 -0.224052 1 0 0 0 1 0 0 0 1 0.025805 0.019547 0.09216\n0.43408 -0.7971 0.419227 1 0 0 0 1 0 0 0 1 0.025805 0.019547 0.09216\n-0.439517 -0.794775 0.417972 1 0 0 0 1 0 0 0 1 0.026844 0.026545 0.10271\n-0.439526 -0.794947 -0.223038 1 0 0 0 1 0 0 0 1 0.026862 0.026201 0.103984\n-0.438546 -0.396473 -0.268217 -0.74006 0.0458123 -0.670979 -0.672468 -0.0651236 0.737256 -0.00992115 0.996825 0.0790027 0.0290395 0.0243733 0.728595\n-0.402712 -0.379455 0.432645 0.508608 -0.152939 -0.847306 0.860998 0.0908642 0.500426 0.000454901 -0.984049 0.177895 0.034154 0.03749 0.777941\n0.433452 -0.402688 -0.267775 0.00122183 0.99467 0.1031 0.935914 -0.037452 0.350231 0.352226 0.096065 -0.930972 0.74343 0.026625 0.0307594\n0.397544 -0.388744 0.439818 0.00479459 -0.981112 0.193379 0.879825 -0.0877709 -0.467123 0.475273 0.172379 0.862787 0.783761 0.0331473 0.0354582\n0.418768 -0.780307 0.102751 1 0 0 0 1 0 0 0 1 0.051163 0.040271 0.821034\n-0.424191 -0.775082 0.102708 1 0 0 0 1 0 0 0 1 0.055146 0.056496 0.82346\nC 28\n0 3\n0 11\n0 1\n0 9\n0 2\n1 3\n1 11\n1 2\n1 10\n1 4\n1 9\n1 12\n2 9\n3 11\n4 12\n4 10\n5 13\n5 11\n6 12\n6 13\n7 10\n7 14\n8 9\n8 14\n9 14\n10 14\n11 13\n12 13\nS 5\n2\n2 -0.433324 0.187185 -0.228284\n3 0.432051 0.192799 -0.231821\n2\n-0.000636896 0.189992 -0.230052\n0.999971 0.00648692 -0.00408741\n2\n5 0.43408 -0.7971 -0.224052\n8 -0.439526 -0.794947 -0.223038\n2\n-0.00272325 -0.796024 -0.223545\n-0.999996 0.00246449 0.0011607\n2\n6 0.43408 -0.7971 0.419227\n7 -0.439517 -0.794775 0.417972\n2\n-0.00271875 -0.795938 0.4186\n-0.999995 0.0026614 -0.00143658\n2\n10 -0.402712 -0.379455 0.432645\n12 0.397544 -0.388744 0.439818\n2\n-0.00258399 -0.3841 0.436232\n0.999892 -0.0116065 0.00896332\n2\n13 0.418768 -0.780307 0.102751\n14 -0.424191 -0.775082 0.102708\n2\n-0.00271125 -0.777694 0.102729\n-0.999981 0.00619769 -5.10098e-05\nL 15\n0\n1\n0\n0\n2\n2\n2\n2\n2\n2\n2\n2\n2\n2\n2"
}