{
    "boxes": [
        [
            0.008739500306546688,
            -0.22665399312973022,
            0.09818749874830246,
            0.6554149985313416,
            0.8317630290985107,
            0.8775010108947754,
            0.0,
            1.0,
            0.0,
            0.0,
            0.0,
            1.0
        ],
        [
            -0.45396000146865845,
            0.3417789936065674,
            0.1508069932460785,
            0.09211040288209915,
            0.548475980758667,
            0.08733709901571274,
            0.35036200284957886,
            0.9247289896011353,
            0.14873699843883514,
            0.056543201208114624,
            -0.17939600348472595,
            0.9821509718894958
        ],
        [
            0.4602760076522827,
            0.34073400497436523,
            0.1405930072069168,
            0.0996754989027977,
            0.5779860019683838,
            0.0875575989484787,
            0.35002401471138,
            0.9218990206718445,
            0.16608600318431854,
            -0.09932780265808105,
            -0.13977600634098053,
            0.9851890206336975
        ],
        [
            -0.40912601351737976,
            -0.09734539687633514,
            0.1303039938211441,
            0.9189479947090149,
            0.7603399753570557,
            0.1773570030927658,
            0.027963899075984955,
            0.99959397315979,
            -0.005543520208448172,
            0.005543520208448172,
            0.005390529986470938,
            0.999970018863678
        ],
        [
            -0.4099690020084381,
            -0.12764500081539154,
            0.4591909945011139,
            0.8625670075416565,
            0.09746109694242477,
            0.12800399959087372,
            -0.014207299798727036,
            0.9957169890403748,
            -0.09135840088129044,
            -0.3507780134677887,
            0.08059749752283096,
            0.9329839944839478
        ],
        [
            -0.4290260076522827,
            -0.5794849991798401,
            0.4938350021839142,
            0.06346700340509415,
            0.07956899702548981,
            0.07956899702548981,
            0.0,
            1.0,
            0.0,
            0.0,
            0.0,
            1.0
        ],
        [
            -0.43240800499916077,
            -0.5607240200042725,
            -0.287418007850647,
            0.10321900248527527,
            0.03481290116906166,
            0.03319400176405907,
            0.2557390034198761,
            0.8580340147018433,
            0.44539299607276917,
            0.360942006111145,
            -0.5121430158615112,
            0.7793779969215393
        ],
        [
            0.44458499550819397,
            -0.5592809915542603,
            -0.2838110029697418,
            0.10325399786233902,
            0.033191800117492676,
            0.03492039814591408,
            -0.26285800337791443,
            0.8582900166511536,
            0.4407320022583008,
            0.5946769714355469,
            -0.21559099853038788,
            0.7745190262794495
        ],
        [
            -0.003140110056847334,
            0.11655700206756592,
            -0.10167700052261353,
            1.472059965133667,
            0.9368780255317688,
            1.0331100225448608,
            -0.039496101438999176,
            0.986598014831543,
            -0.1583150029182434,
            0.07652539759874344,
            0.16096000373363495,
            0.9839900135993958
        ],
        [
            0.0036828499287366867,
            0.5992439985275269,
            -0.3603520095348358,
            0.10306199640035629,
            0.6732180118560791,
            1.0531699657440186,
            -0.00732348021119833,
            0.8035609722137451,
            0.5951769948005676,
            0.0024167599622160196,
            -0.5951769948005676,
            0.8035910129547119
        ]
    ],
    "ops": [
        [
            0,
            0,
            0,
            0,
            0,
            1,
            2,
            1,
            1,
            1,
            0,
            2,
            0,
            0,
            1,
            1,
            1,
            0,
            0,
            1,
            1
        ]
    ],
    "syms": [
        [
            0.0,
            0.999966025352478,
            0.008179419673979282,
            -0.0013898999895900488,
            0.0021459199488162994,
            -0.0939813032746315,
            0.12973199784755707,
            0.0
        ],
        [
            0.0,
            0.9999960064888,
            -0.0016747999470680952,
            0.002339990111067891,
            0.005053999833762646,
            -0.5802130103111267,
            0.4948509931564331,
            0.0
        ]
    ],
    "labels:": [
        [
            1,
            3,
            3,
            3,
            3,
            2,
            2,
            2,
            0,
            0
        ]
    ],
    "obj": 49325,
    "mat_index": 6110,
    "obbs": "N 13\n-0.00314011 0.116557 -0.101677 0.996285 0.0267487 -0.0818572 0.0765254 0.16096 0.98399 0.0394961 -0.986598 0.158315 1.03311 0.936878 1.47206\n0.413418 -0.0906172 0.129161 0.0258556 -0.999557 -0.0147444 0.999557 0.0256324 0.015129 -0.0147444 -0.015129 0.999777 0.934214 0.181443 0.782087\n-0.409126 -0.0973454 0.130304 -0.0279639 -0.999594 0.00554352 0.999594 -0.0279938 -0.00539053 0.00554352 0.00539053 0.99997 0.918948 0.177357 0.76034\n0.0087395 -0.226654 0.0981875 1 0 0 0 1 0 0 0 1 0.877501 0.655415 0.831763\n0.460276 0.340734 0.140593 -0.350024 -0.921899 -0.166086 0.93146 -0.361337 0.0426453 -0.0993278 -0.139776 0.985189 0.0996755 0.0875576 0.577986\n-0.45396 0.341779 0.150807 -0.350362 -0.924729 -0.148737 0.934906 -0.335698 -0.115141 0.0565432 -0.179396 0.982151 0.0921104 0.0873371 0.548476\n0.416457 -0.129758 0.456542 0.945996 -0.016838 -0.323741 0.324041 0.0781752 0.942807 0.00943348 -0.996797 0.0794097 0.120836 0.105301 0.858423\n-0.409969 -0.127645 0.459191 -0.936351 -0.0453017 -0.34813 -0.350778 0.0805975 0.932984 -0.0142073 0.995717 -0.0913584 0.128004 0.0974611 0.862567\n-0.432408 -0.560724 -0.287418 -0.360942 0.512143 -0.779378 0.896838 -0.0385564 -0.440675 -0.255739 -0.858034 -0.445393 0.0348129 0.033194 0.103219\n0.444585 -0.559281 -0.283811 -0.262858 0.85829 0.440732 0.594677 -0.215591 0.774519 0.75978 0.465682 -0.453735 0.103254 0.0331918 0.0349204\n0.439134 -0.580939 0.495867 1 0 0 0 1 0 0 0 1 0.079569 0.063467 0.07957\n-0.429026 -0.579485 0.493835 1 0 0 0 1 0 0 0 1 0.079569 0.063467 0.079569\n0.00368285 0.599244 -0.360352 0.99997 0.00732348 0.00241676 -0.00732348 0.803561 0.595177 0.00241676 -0.595177 0.803591 1.05317 0.103062 0.673218\nC 38\n0 7\n0 10\n0 3\n0 11\n0 4\n0 12\n0 5\n0 8\n0 1\n0 6\n0 9\n0 2\n1 3\n1 6\n1 10\n1 4\n1 9\n1 12\n2 8\n2 12\n2 5\n2 3\n2 7\n2 11\n3 11\n3 7\n3 10\n3 6\n3 9\n3 5\n3 8\n3 4\n4 12\n4 6\n5 12\n5 7\n6 10\n7 11\nS 3\n2\n1 0.413418 -0.0906172 0.129161\n2 -0.409126 -0.0973454 0.130304\n2\n0.00214592 -0.0939813 0.129732\n-0.999966 -0.00817942 0.0013899\n2\n6 0.416457 -0.129758 0.456542\n7 -0.409969 -0.127645 0.459191\n2\n0.00324425 -0.128702 0.457866\n-0.999992 0.00255745 0.00320484\n2\n10 0.439134 -0.580939 0.495867\n11 -0.429026 -0.579485 0.493835\n2\n0.005054 -0.580213 0.494851\n-0.999996 0.0016748 -0.00233999\nL 13\n0\n3\n3\n1\n3\n3\n3\n3\n2\n2\n2\n2\n0"
}