{
    "boxes": [
        [
            0.002694410039111972,
            -0.03675689920783043,
            0.16739299893379211,
            0.13191400468349457,
            0.7128310203552246,
            0.7863600254058838,
            -0.010315099731087685,
            0.9977419972419739,
            -0.06636500358581543,
            -0.00034266800503246486,
            0.06636500358581543,
            0.9977949857711792
        ],
        [
            0.3872700035572052,
            -0.4255779981613159,
            -0.2443069964647293,
            0.6902610063552856,
            0.027516700327396393,
            0.0559111014008522,
            -0.02347709983587265,
            0.9570760130882263,
            0.2888830006122589,
            -0.0949878990650177,
            -0.2897909879684448,
            0.952364981174469
        ],
        [
            -0.3749539852142334,
            -0.3980660140514374,
            0.4955190122127533,
            0.7351700067520142,
            0.06761900335550308,
            0.056293901056051254,
            0.0896276980638504,
            0.9958750009536743,
            -0.014122599735856056,
            0.3437249958515167,
            -0.01762009970843792,
            0.9389050006866455
        ],
        [
            -0.3978489935398102,
            -0.7658979892730713,
            0.08758450299501419,
            0.04429600015282631,
            0.8594430088996887,
            0.04262999817728996,
            0.0,
            1.0,
            0.0,
            0.0,
            0.0,
            1.0
        ],
        [
            0.002337000099942088,
            0.29941800236701965,
            0.026379000395536423,
            0.7178059816360474,
            0.8136780261993408,
            0.7815380096435547,
            0.0,
            1.0,
            0.0,
            0.0,
            0.0,
            1.0
        ]
    ],
    "ops": [
        [
            0,
            0,
            0,
            0,
            1,
            1,
            2,
            1,
            0,
            1
        ]
    ],
    "syms": [
        [
            0.0,
            0.9998239874839783,
            -0.016469400376081467,
            -0.008991880342364311,
            0.002525809919461608,
            -0.4192410111427307,
            -0.24084700644016266,
            0.0
        ]
    ],
    "labels:": [
        [
            1,
            2,
            2,
            2,
            0
        ]
    ],
    "obj": 515,
    "mat_index": 6128,
    "obbs": "N 8\n0.002337 0.299418 0.026379 1 0 0 0 1 0 0 0 1 0.781538 0.717806 0.813678\n0.00269441 -0.0367569 0.167393 0.999947 0.0103151 -0.000342668 -0.0103151 0.997742 -0.066365 -0.000342668 0.066365 0.997795 0.78636 0.131914 0.712831\n0.375314 -0.40153 0.504318 -0.0852381 0.996361 -0.000271688 -0.084951 -0.00699583 0.996361 0.992732 0.084951 0.0852381 0.72907 0.0379213 0.048022\n0.38727 -0.425578 -0.244307 -0.0234771 0.957076 0.288883 -0.0949879 -0.289791 0.952365 0.995202 -0.00508164 0.0977142 0.690261 0.0275167 0.0559111\n-0.382218 -0.412903 -0.237387 0.0246795 0.957303 0.288032 0.0572002 -0.289 0.955619 0.998058 -0.00710863 -0.0618903 0.716999 0.0325368 0.0546583\n-0.374954 -0.398066 0.495519 0.934783 -0.0890062 -0.343886 0.343725 -0.0176201 0.938905 -0.0896277 -0.995875 0.0141226 0.0562939 0.067619 0.73517\n0.403216 -0.765821 0.085045 1 0 0 0 1 0 0 0 1 0.040855 0.044325 0.854656\n-0.397849 -0.765898 0.0875845 1 0 0 0 1 0 0 0 1 0.04263 0.044296 0.859443\nC 13\n0 1\n0 5\n0 4\n0 3\n0 2\n1 2\n1 3\n1 4\n1 5\n2 6\n3 6\n4 7\n5 7\nS 3\n2\n2 0.375314 -0.40153 0.504318\n5 -0.374954 -0.398066 0.495519\n2\n0.000180144 -0.399798 0.499919\n-0.999921 0.0046174 -0.0117265\n2\n3 0.38727 -0.425578 -0.244307\n4 -0.382218 -0.412903 -0.237387\n2\n0.00252581 -0.419241 -0.240847\n-0.999824 0.0164694 0.00899188\n2\n6 0.403216 -0.765821 0.085045\n7 -0.397849 -0.765898 0.0875845\n2\n0.00268375 -0.765859 0.0863147\n-0.999995 -9.67457e-05 0.00317014\nL 8\n0\n1\n2\n2\n2\n2\n2\n2"
}