{
    "boxes": [
        [
            -0.030442800372838974,
            -0.24301600456237793,
            0.14496800303459167,
            0.4314520061016083,
            0.7204160094261169,
            0.7232850193977356,
            0.02669770084321499,
            0.9940919876098633,
            -0.10520999878644943,
            -0.20645999908447266,
            0.10846100002527237,
            0.9724249839782715
        ],
        [
            -0.3714820146560669,
            -0.20836199820041656,
            -0.016467800363898277,
            0.19734600186347961,
            0.19734600186347961,
            0.020003600046038628,
            -0.12584899365901947,
            0.8053650259971619,
            0.5792660117149353,
            -0.17303599417209625,
            -0.5927780270576477,
            0.7865579724311829
        ],
        [
            0.3478870093822479,
            -0.20837299525737762,
            0.14050699770450592,
            0.19737400114536285,
            0.19737400114536285,
            0.020089099183678627,
            -0.02364340052008629,
            0.9939950108528137,
            0.10683999955654144,
            -0.21140700578689575,
            -0.10942400246858597,
            0.971252977848053
        ],
        [
            -0.4139710068702698,
            -0.02501939982175827,
            0.10618399828672409,
            0.5060709714889526,
            0.057719700038433075,
            0.02331010065972805,
            -0.09891989827156067,
            0.8178949952125549,
            0.5667999982833862,
            -0.1661369949579239,
            -0.575173020362854,
            0.8009840250015259
        ],
        [
            -0.430867999792099,
            0.17276699841022491,
            0.2201090008020401,
            0.034475501626729965,
            0.43001601099967957,
            0.09034939855337143,
            -0.10948900133371353,
            0.989342987537384,
            0.09598340094089508,
            -0.20149199664592743,
            -0.11665000021457672,
            0.9725189805030823
        ],
        [
            -0.03505229949951172,
            -0.5724390149116516,
            0.17032299935817719,
            0.47042199969291687,
            0.12643200159072876,
            0.0758202001452446,
            0.08104170113801956,
            0.9515119791030884,
            -0.2967450022697449,
            -0.24730899930000305,
            0.30761098861694336,
            0.918811023235321
        ],
        [
            -0.011299300007522106,
            -0.8118969798088074,
            0.059199899435043335,
            0.09943179786205292,
            0.632686972618103,
            0.3169209957122803,
            -0.0026534299831837416,
            0.9999920129776001,
            -0.0028779900167137384,
            -0.20791499316692352,
            0.0022634200286120176,
            0.9781439900398254
        ],
        [
            0.04320960119366646,
            0.3417949974536896,
            -0.14848600327968597,
            1.1727499961853027,
            0.4461739957332611,
            0.7409669756889343,
            -0.009522410109639168,
            0.9960269927978516,
            -0.08854459971189499,
            -0.2914870083332062,
            0.08193810284137726,
            0.9530590176582336
        ]
    ],
    "ops": [
        [
            0,
            0,
            0,
            0,
            0,
            1,
            2,
            1,
            1,
            1,
            0,
            0,
            1,
            1,
            0,
            1
        ]
    ],
    "syms": [
        [
            0.0,
            0.977931022644043,
            0.0025547000113874674,
            0.2089110016822815,
            -0.038887299597263336,
            -0.024039600044488907,
            0.1863120049238205,
            0.0
        ]
    ],
    "labels:": [
        [
            1,
            3,
            3,
            3,
            3,
            2,
            2,
            0
        ]
    ],
    "obj": 534,
    "mat_index": 6136,
    "obbs": "N 10\n0.0432096 0.341795 -0.148486 -0.956527 -0.034885 -0.289549 -0.291487 0.0819381 0.953059 -0.00952241 0.996027 -0.0885446 0.740967 0.446174 1.17275\n0.347887 -0.208373 0.140507 -0.0236434 0.993995 0.10684 0.977112 0.00037705 0.212725 0.211407 0.109424 -0.971253 0.197374 0.0200891 0.197374\n-0.371482 -0.208362 -0.0164678 0.125849 -0.805365 -0.579266 0.976842 -0.00124619 0.213958 -0.173036 -0.592778 0.786558 0.197346 0.0200036 0.197346\n-0.0304428 -0.243016 0.144968 0.20646 -0.108461 -0.972425 0.0266977 0.994092 -0.10521 0.978091 -0.00423992 0.208135 0.720416 0.431452 0.723285\n-0.0350523 -0.572439 0.170323 0.247309 -0.307611 -0.918811 0.965542 -0.00107438 0.260247 -0.0810417 -0.951512 0.296745 0.126432 0.0758202 0.470422\n0.336196 -0.0230597 0.266439 0.173316 0.557669 -0.811767 0.974506 0.0221329 0.223267 0.142476 -0.829768 -0.539616 0.0594797 0.0232937 0.505582\n-0.413971 -0.0250194 0.106184 0.0989199 -0.817895 -0.5668 0.981129 -0.014933 0.192779 -0.166137 -0.575173 0.800984 0.506071 0.0233101 0.0577197\n0.303302 0.172679 0.380569 0.211313 0.118094 -0.970258 0.0572947 0.989471 0.132911 0.975738 -0.0836764 0.202322 0.430055 0.0346205 0.087765\n-0.430868 0.172767 0.220109 0.201492 0.11665 -0.972519 -0.109489 0.989343 0.0959834 0.973352 0.0871408 0.212116 0.430016 0.0344755 0.0903494\n-0.0112993 -0.811897 0.0591999 -0.978143 -0.00319381 -0.207907 -0.00265343 0.999992 -0.00287799 0.207915 -0.00226342 -0.978144 0.316921 0.0994318 0.632687\nC 20\n0 1\n0 7\n0 6\n0 5\n0 4\n0 3\n0 8\n0 2\n1 3\n1 5\n2 6\n2 3\n3 8\n3 6\n3 7\n3 4\n3 5\n4 9\n5 7\n6 8\nS 2\n2\n5 0.336196 -0.0230597 0.266439\n6 -0.413971 -0.0250194 0.106184\n2\n-0.0388873 -0.0240396 0.186312\n-0.977931 -0.0025547 -0.208911\n2\n7 0.303302 0.172679 0.380569\n8 -0.430868 0.172767 0.220109\n2\n-0.063783 0.172723 0.300339\n-0.976939 0.000116896 -0.213519\nL 10\n0\n3\n3\n1\n2\n3\n3\n3\n3\n2"
}