{
    "boxes": [
        [
            -0.0009934999980032444,
            -0.11138799786567688,
            0.15771399438381195,
            0.22978700697422028,
            0.7505490183830261,
            0.743412971496582,
            0.0,
            1.0,
            0.0,
            0.0,
            0.0,
            1.0
        ],
        [
            -0.4142780005931854,
            -0.02294749952852726,
            0.49909600615501404,
            0.5297539830207825,
            0.07319530099630356,
            0.08814240247011185,
            -0.11518800258636475,
            0.9933410286903381,
            0.0022368000354617834,
            0.056124698370695114,
            0.004260019864886999,
            0.9984149932861328
        ],
        [
            -0.4134550094604492,
            0.019031699746847153,
            0.07864149659872055,
            0.4588339924812317,
            0.7938470244407654,
            0.09340719878673553,
            -0.12087800353765488,
            0.992667019367218,
            -1.5603700376232155e-05,
            1.5603700376232155e-05,
            1.761900057317689e-05,
            1.0
        ],
        [
            -0.4147759974002838,
            -0.25160300731658936,
            -0.27999600768089294,
            0.9865509867668152,
            0.0687130019068718,
            0.09123700112104416,
            0.0,
            1.0,
            0.0,
            0.0,
            0.0,
            1.0
        ],
        [
            -0.4030030071735382,
            -0.5077790021896362,
            0.4989140033721924,
            0.47622400522232056,
            0.07079900056123734,
            0.06975399702787399,
            0.0,
            1.0,
            0.0,
            0.0,
            0.0,
            1.0
        ],
        [
            -0.0031734800431877375,
            0.1730629950761795,
            -0.2475699931383133,
            0.800320029258728,
            0.2942369878292084,
            0.9452250003814697,
            0.011632800102233887,
            0.9842740297317505,
            -0.17626400291919708,
            -0.048657599836587906,
            0.17662499845027924,
            0.9830750226974487
        ]
    ],
    "ops": [
        [
            0,
            0,
            0,
            1,
            2,
            1,
            0,
            0,
            1,
            2,
            1,
            0,
            1
        ]
    ],
    "syms": [
        [
            0.0,
            0.999110996723175,
            0.042157698422670364,
            -0.00022153400641400367,
            -0.00445007998496294,
            -0.005654760170727968,
            0.499004989862442,
            0.0
        ],
        [
            0.0,
            1.0,
            0.00015769699530210346,
            0.0005451560136862099,
            -0.007572080008685589,
            -0.2515380084514618,
            -0.2797749936580658,
            0.0
        ]
    ],
    "labels:": [
        [
            1,
            3,
            3,
            2,
            2,
            0
        ]
    ],
    "obj": 572,
    "mat_index": 6152,
    "obbs": "N 10\n-0.00317348 0.173063 -0.24757 -0.998748 0.00285929 -0.049947 -0.0486576 0.176625 0.983075 0.0116328 0.984274 -0.176264 0.945225 0.294237 0.80032\n0.405378 0.011638 0.498914 1 0 0 0 1 0 0 0 1 0.092557 0.46134 0.070799\n-0.414278 -0.0229475 0.499096 0.115188 -0.993341 -0.0022368 0.991757 0.115131 -0.0562416 0.0561247 0.00426002 0.998415 0.529754 0.0881424 0.0731953\n-0.0009935 -0.111388 0.157714 1 0 0 0 1 0 0 0 1 0.743413 0.229787 0.750549\n-0.414776 -0.251603 -0.279996 1 0 0 0 1 0 0 0 1 0.091237 0.986551 0.068713\n0.399632 -0.251474 -0.279553 -0.0471223 0.00509951 -0.998876 0.998613 -0.0232531 -0.0472286 -0.0234678 -0.999717 -0.0039967 0.0744753 0.0832911 0.986954\n0.393562 -0.476994 0.498914 1 0 0 0 1 0 0 0 1 0.069754 0.537793 0.070799\n-0.403003 -0.507779 0.498914 1 0 0 0 1 0 0 0 1 0.069754 0.476224 0.070799\n0.404015 0.0190327 0.0786416 1.98037e-05 1.75385e-05 -1 0.992667 -0.120878 1.75385e-05 -0.120878 -0.992667 -1.98037e-05 0.793848 0.0934062 0.45884\n-0.413455 0.0190317 0.0786415 0.120878 -0.992667 1.56037e-05 0.992667 0.120878 -1.7619e-05 1.56037e-05 1.7619e-05 1 0.458834 0.0934072 0.793847\nC 21\n0 5\n0 4\n0 9\n0 3\n0 8\n1 3\n1 8\n1 6\n2 7\n2 9\n2 3\n3 7\n3 8\n3 9\n3 6\n3 4\n3 5\n4 9\n5 8\n6 8\n7 9\nS 4\n2\n1 0.405378 0.011638 0.498914\n2 -0.414278 -0.0229475 0.499096\n2\n-0.00445008 -0.00565476 0.499005\n-0.999111 -0.0421577 0.000221534\n2\n4 -0.414776 -0.251603 -0.279996\n5 0.399632 -0.251474 -0.279553\n2\n-0.00757208 -0.251538 -0.279775\n1 0.000157697 0.000545156\n2\n6 0.393562 -0.476994 0.498914\n7 -0.403003 -0.507779 0.498914\n2\n-0.0047205 -0.492387 0.498914\n-0.999254 -0.0386177 0\n2\n8 0.404015 0.0190327 0.0786416\n9 -0.413455 0.0190317 0.0786415\n2\n-0.00472019 0.0190322 0.0786415\n-1 -1.16993e-06 -1.77587e-07\nL 10\n0\n3\n3\n1\n2\n2\n2\n2\n3\n3"
}