{
    "boxes": [
        [
            -0.004618499893695116,
            -0.10107800364494324,
            0.09853649884462357,
            0.2131430059671402,
            0.7962210178375244,
            0.893110990524292,
            0.0,
            1.0,
            0.0,
            0.0,
            0.0,
            1.0
        ],
        [
            -0.43256500363349915,
            0.20175300538539886,
            0.16006499528884888,
            0.10066299885511398,
            0.7894179821014404,
            0.08756709843873978,
            0.19228099286556244,
            0.9694820046424866,
            -0.1520950049161911,
            0.014848999679088593,
            0.1520950049161911,
            0.9882540106773376
        ],
        [
            0.41561299562454224,
            0.20131300389766693,
            0.16021700203418732,
            0.10847300291061401,
            0.7900140285491943,
            0.09797859936952591,
            0.3104510009288788,
            0.9380810260772705,
            -0.1537020057439804,
            0.024620700627565384,
            0.1537020057439804,
            0.9878100156784058
        ],
        [
            -0.42628899216651917,
            0.04235849902033806,
            0.4607029855251312,
            0.33675700426101685,
            0.08973000198602676,
            0.06455300003290176,
            0.0,
            1.0,
            0.0,
            0.0,
            0.0,
            1.0
        ],
        [
            0.4202069938182831,
            -0.4703019857406616,
            -0.3082590103149414,
            0.6267009973526001,
            0.0863168016076088,
            0.07879280298948288,
            -0.006187709979712963,
            0.9907119870185852,
            0.13583800196647644,
            -0.13583800196647644,
            -0.1354140043258667,
            0.9814329743385315
        ],
        [
            -0.42659199237823486,
            -0.45948800444602966,
            -0.2940889894962311,
            0.640986979007721,
            0.1469939947128296,
            0.06394799798727036,
            0.0,
            1.0,
            0.0,
            0.0,
            0.0,
            1.0
        ],
        [
            -0.42628899216651917,
            -0.2776170074939728,
            0.0972990021109581,
            0.05167999863624573,
            0.6862180233001709,
            0.04134399816393852,
            0.0,
            1.0,
            0.0,
            0.0,
            0.0,
            1.0
        ],
        [
            -0.42631301283836365,
            -0.4414460062980652,
            0.4681220054626465,
            0.6757509708404541,
            0.07489199936389923,
            0.06450600177049637,
            0.0,
            1.0,
            0.0,
            0.0,
            0.0,
            1.0
        ],
        [
            -0.002512000035494566,
            0.38653698563575745,
            -0.3151110112667084,
            0.07975679636001587,
            0.0935932993888855,
            0.7855380177497864,
            -1.1645200037573621e-17,
            0.9982320070266724,
            -0.05944019928574562,
            -1.2359200008452855e-17,
            0.05944019928574562,
            0.9982320070266724
        ],
        [
            -0.002512000035494566,
            0.29473501443862915,
            -0.29099801182746887,
            0.06627430021762848,
            0.08421660214662552,
            0.7855380177497864,
            -0.0,
            0.9850040078163147,
            -0.17253300547599792,
            0.0,
            0.17253300547599792,
            0.9850040078163147
        ],
        [
            -0.42116299271583557,
            0.23267099261283875,
            -0.2998889982700348,
            0.7815179824829102,
            0.12957899272441864,
            0.07395219802856445,
            0.0190884992480278,
            0.9917600154876709,
            -0.12668199837207794,
            -0.07939749956130981,
            0.12780800461769104,
            0.9886159896850586
        ],
        [
            -0.002512000035494566,
            0.20135800540447235,
            -0.2739720046520233,
            0.07346799969673157,
            0.08939199894666672,
            0.7855380177497864,
            0.0,
            1.0,
            0.0,
            0.0,
            0.0,
            1.0
        ],
        [
            -0.002512000035494566,
            0.5227940082550049,
            -0.36726999282836914,
            0.16537800431251526,
            0.08073420077562332,
            0.7855380177497864,
            -0.0,
            0.9159899950027466,
            -0.4012010097503662,
            0.0,
            0.4012010097503662,
            0.9159899950027466
        ]
    ],
    "ops": [
        [
            0,
            0,
            0,
            0,
            2,
            1,
            1,
            1,
            0,
            0,
            0,
            0,
            1,
            2,
            1,
            1,
            1,
            0,
            0,
            1,
            2,
            0,
            2,
            0,
            0,
            1,
            1,
            1,
            1
        ]
    ],
    "syms": [
        [
            0.0,
            0.9999979734420776,
            0.0015433599473908544,
            0.0015510900411754847,
            -0.005618750117719173,
            0.04300779849290848,
            0.4613550007343292,
            0.0
        ],
        [
            0.0,
            1.0,
            0.0,
            0.0,
            -0.002512000035494566,
            -0.2776170074939728,
            0.0972990021109581,
            0.0
        ],
        [
            0.0,
            -2.2866700794604717e-18,
            0.9894570112228394,
            -0.1448259949684143,
            -0.002512000035494566,
            0.19888100028038025,
            -0.28764399886131287,
            0.0
        ],
        [
            0.0,
            0.9999240040779114,
            -0.012240299955010414,
            -0.001193449948914349,
            -0.0036659000907093287,
            0.22755999863147736,
            -0.30038800835609436,
            0.0
        ]
    ],
    "labels:": [
        [
            1,
            3,
            3,
            3,
            2,
            2,
            2,
            2,
            0,
            0,
            0,
            0,
            0
        ]
    ],
    "obj": 708,
    "mat_index": 6169,
    "obbs": "N 19\n-0.0046185 -0.101078 0.0985365 1 0 0 0 1 0 0 0 1 0.893111 0.213143 0.796221\n-0.421163 0.232671 -0.299889 0.0793975 -0.127808 -0.988616 0.99666 -0.00881293 0.0811829 -0.0190885 -0.99176 0.126682 0.129579 0.0739522 0.781518\n0.413831 0.222449 -0.300886 -0.0107883 0.988698 -0.149532 0.997984 0.0199985 0.060228 0.0625377 -0.148581 -0.986921 0.802121 0.0790508 0.131759\n-0.002512 0.011224 -0.260177 1 0 0 0 1 0 0 0 1 0.785538 0.06268 0.081512\n-0.002512 0.106876 -0.264182 1 0 0 -0 0.0758333 0.997121 0 -0.997121 0.0758333 0.785538 0.0810064 0.0620166\n-0.002512 0.201358 -0.273972 1 0 0 0 1 0 0 0 1 0.785538 0.073468 0.089392\n-0.002512 0.294735 -0.290998 1 0 0 0 0.172533 0.985004 0 -0.985004 0.172533 0.785538 0.0842166 0.0662743\n-0.002512 0.386537 -0.315111 1 1.23592e-17 1.16452e-17 -1.23592e-17 0.0594402 0.998232 1.16452e-17 -0.998232 0.0594402 0.785538 0.0935933 0.0797568\n-0.002512 0.522794 -0.36727 1 0 0 0 0.401201 0.91599 0 -0.91599 0.401201 0.785538 0.0807342 0.165378\n0.415613 0.201313 0.160217 -0.0246207 -0.153702 -0.98781 0.310451 0.938081 -0.153702 0.950271 -0.310451 0.0246207 0.790014 0.108473 0.0979786\n-0.432565 0.201753 0.160065 0.981228 -0.192281 0.014849 0.192281 0.969482 -0.152095 0.014849 0.152095 0.988254 0.0875671 0.100663 0.789418\n0.415052 0.043657 0.462008 1 0 0 0 1 0 0 0 1 0.07653 0.333712 0.086672\n-0.426289 0.0423585 0.460703 1 0 0 0 1 0 0 0 1 0.064553 0.336757 0.08973\n-0.426289 -0.277617 0.097299 1 0 0 0 1 0 0 0 1 0.041344 0.05168 0.686218\n0.421265 -0.277617 0.097299 1 0 0 0 1 0 0 0 1 0.041344 0.05168 0.686218\n-0.426592 -0.459488 -0.294089 1 0 0 0 1 0 0 0 1 0.063948 0.640987 0.146994\n0.420207 -0.470302 -0.308259 0.00618771 -0.990712 -0.135838 0.990712 -0.0123791 0.135414 -0.135838 -0.135414 0.981433 0.626701 0.0787928 0.0863168\n0.42127 -0.449724 0.469024 1 0 0 0 1 0 0 0 1 0.064094 0.660469 0.07264\n-0.426313 -0.441446 0.468122 1 0 0 0 1 0 0 0 1 0.064506 0.675751 0.074892\nC 73\n0 14\n0 16\n0 10\n0 3\n0 15\n0 17\n0 11\n0 4\n0 18\n0 12\n0 5\n0 1\n0 13\n0 9\n0 2\n1 3\n1 15\n1 6\n1 5\n1 10\n1 13\n1 4\n1 8\n1 7\n2 8\n2 5\n2 4\n2 9\n2 16\n2 6\n2 3\n2 14\n2 7\n3 15\n3 14\n3 10\n3 6\n3 16\n3 13\n3 9\n3 5\n3 4\n4 7\n4 9\n4 10\n4 5\n4 16\n4 6\n4 15\n5 9\n5 6\n5 8\n5 10\n5 7\n6 9\n6 7\n6 10\n6 8\n7 10\n7 8\n7 9\n9 11\n9 16\n10 15\n10 12\n11 14\n11 17\n12 13\n12 18\n13 15\n13 18\n14 17\n14 16\nS 6\n2\n1 -0.421163 0.232671 -0.299889\n2 0.413831 0.222449 -0.300886\n2\n-0.0036659 0.22756 -0.300388\n0.999924 -0.0122403 -0.00119345\n2\n3 -0.002512 0.011224 -0.260177\n7 -0.002512 0.386537 -0.315111\n2\n-0.002512 0.198881 -0.287644\n-2.28667e-18 0.989457 -0.144826\n2\n4 -0.002512 0.106876 -0.264182\n6 -0.002512 0.294735 -0.290998\n2\n-0.002512 0.200805 -0.27759\n0 0.989965 -0.141313\n2\n11 0.415052 0.043657 0.462008\n12 -0.426289 0.0423585 0.460703\n2\n-0.00561875 0.0430078 0.461355\n-0.999998 -0.00154336 -0.00155109\n2\n13 -0.426289 -0.277617 0.097299\n14 0.421265 -0.277617 0.097299\n2\n-0.002512 -0.277617 0.097299\n1 0 0\n2\n17 0.42127 -0.449724 0.469024\n18 -0.426313 -0.441446 0.468122\n2\n-0.0025215 -0.445585 0.468573\n-0.999952 0.00976612 -0.00106415\nL 19\n1\n0\n0\n0\n0\n0\n0\n0\n0\n3\n3\n3\n3\n2\n2\n2\n2\n2\n2"
}