{
    "boxes": [
        [
            0.003283000085502863,
            -0.04882349818944931,
            0.10331399738788605,
            0.13790300488471985,
            0.6598089933395386,
            0.8004360198974609,
            0.0,
            1.0,
            0.0,
            0.0,
            0.0,
            1.0
        ],
        [
            -0.36844199895858765,
            -0.4432849884033203,
            -0.25622498989105225,
            0.7145450115203857,
            0.06542649865150452,
            0.06652410328388214,
            0.015545300208032131,
            0.9946039915084839,
            0.10256899893283844,
            0.10821200162172318,
            -0.1036520004272461,
            0.9887089729309082
        ],
        [
            -0.36733800172805786,
            -0.44732600450515747,
            0.4377549886703491,
            0.7052180171012878,
            0.05038800090551376,
            0.062250200659036636,
            0.003225809894502163,
            0.9969080090522766,
            -0.07851090282201767,
            -0.10958299785852432,
            0.07839089632034302,
            0.9908819794654846
        ],
        [
            0.004553120117634535,
            0.38757699728012085,
            -0.2597289979457855,
            0.4525330066680908,
            0.028972899541258812,
            0.6859490275382996,
            0.0028944499790668488,
            0.9935179948806763,
            -0.11364100128412247,
            0.0032443800009787083,
            0.11363200098276138,
            0.9935179948806763
        ],
        [
            -0.35798200964927673,
            0.2608329951763153,
            -0.25458401441574097,
            0.7331780195236206,
            0.06036069989204407,
            0.09429150074720383,
            0.02432199940085411,
            0.9948539733886719,
            -0.09835679829120636,
            0.026836400851607323,
            0.09770070016384125,
            0.9948539733886719
        ]
    ],
    "ops": [
        [
            0,
            0,
            0,
            1,
            2,
            1,
            0,
            0,
            2,
            1,
            1
        ]
    ],
    "syms": [
        [
            0.0,
            0.9999750256538391,
            -0.007020450197160244,
            0.0002597339916974306,
            0.0036593300756067038,
            -0.44589701294898987,
            -0.2561289966106415,
            0.0
        ],
        [
            0.0,
            0.9999930262565613,
            -0.003631330095231533,
            -0.00022646899742539972,
            0.0036737299524247646,
            0.2595199942588806,
            -0.2546660006046295,
            0.0
        ]
    ],
    "labels:": [
        [
            1,
            2,
            2,
            0,
            0
        ]
    ],
    "obj": 725,
    "mat_index": 6175,
    "obbs": "N 8\n0.00455312 0.387577 -0.259729 0.999991 -0.00324438 -0.00289445 0.00324438 0.113632 0.993518 -0.00289445 -0.993518 0.113641 0.685949 0.0289729 0.452533\n0.003283 -0.0488235 0.103314 1 0 0 0 1 0 0 0 1 0.800436 0.137903 0.659809\n0.365329 0.258206 -0.254748 -0.019275 0.995115 -0.0968176 -0.0212369 0.0964063 0.995115 0.999589 0.0212369 0.019275 0.738788 0.061648 0.0888806\n-0.357982 0.260833 -0.254584 0.999344 -0.0268364 -0.024322 0.0268364 0.0977007 0.994854 -0.024322 -0.994854 0.0983568 0.0942915 0.0603607 0.733178\n-0.368442 -0.443285 -0.256225 0.0155453 0.994604 0.102569 0.108212 -0.103652 0.988709 0.994006 -0.00427066 -0.109239 0.714545 0.0654265 0.0665241\n0.375761 -0.448509 -0.256032 -0.0256348 0.994173 0.104701 0.024062 -0.104091 0.994277 0.999382 0.0280074 -0.0212535 0.704282 0.0611467 0.0734497\n0.376473 -0.443975 0.430908 -0.0220906 0.996341 -0.0825626 -0.0807159 0.0805358 0.993478 0.996492 0.0286107 0.0786415 0.713119 0.0625555 0.0716068\n-0.367338 -0.447326 0.437755 -0.993972 -0.00540704 -0.109497 -0.109583 0.0783909 0.990882 0.00322581 0.996908 -0.0785109 0.0622502 0.050388 0.705218\nC 11\n0 1\n0 3\n0 2\n1 2\n1 3\n1 4\n1 5\n1 6\n1 7\n2 5\n3 4\nS 3\n2\n2 0.365329 0.258206 -0.254748\n3 -0.357982 0.260833 -0.254584\n2\n0.00367373 0.25952 -0.254666\n-0.999993 0.00363133 0.000226469\n2\n4 -0.368442 -0.443285 -0.256225\n5 0.375761 -0.448509 -0.256032\n2\n0.00365933 -0.445897 -0.256129\n0.999975 -0.00702045 0.000259734\n2\n6 0.376473 -0.443975 0.430908\n7 -0.367338 -0.447326 0.437755\n2\n0.00456721 -0.44565 0.434331\n-0.999947 -0.00450532 0.00920508\nL 8\n0\n1\n0\n0\n2\n2\n2\n2"
}