{
    "boxes": [
        [
            -0.002469629980623722,
            0.08970250189304352,
            0.07427600026130676,
            0.12028700113296509,
            0.6097949743270874,
            0.6908469796180725,
            -0.00959817972034216,
            0.9999520182609558,
            0.0020688800141215324,
            9.92897003015969e-06,
            -0.0020688800141215324,
            0.9999979734420776
        ],
        [
            -0.23539100587368011,
            -0.430620014667511,
            -0.08093249797821045,
            1.0016100406646729,
            0.08060300350189209,
            0.08557499945163727,
            0.0,
            1.0,
            0.0,
            0.0,
            0.0,
            1.0
        ],
        [
            -0.23450900614261627,
            -0.42939698696136475,
            0.0951324999332428,
            0.0448634997010231,
            0.33329498767852783,
            0.052168700844049454,
            0.005273160059005022,
            0.9991620182991028,
            0.040585801005363464,
            -0.00010705299791879952,
            -0.040585801005363464,
            0.999176025390625
        ],
        [
            -0.23536799848079681,
            -0.4328869879245758,
            0.26433101296424866,
            0.9968979954719543,
            0.07524699717760086,
            0.0850759968161583,
            0.0,
            1.0,
            0.0,
            0.0,
            0.0,
            1.0
        ],
        [
            -0.0045964899472892284,
            -0.42930999398231506,
            -0.08472549915313721,
            0.048830099403858185,
            0.034821800887584686,
            0.44135400652885437,
            -0.010592199862003326,
            0.9999439716339111,
            -8.742939826333895e-05,
            -0.010592499747872353,
            -2.4774599296506494e-05,
            0.9999439716339111
        ],
        [
            -0.005227500107139349,
            0.5331460237503052,
            -0.20225100219249725,
            0.6412590146064758,
            0.06036290153861046,
            0.6392009854316711,
            0.7059810161590576,
            0.7082080245018005,
            0.005577529780566692,
            -0.001579049974679947,
            -0.006301289889961481,
            0.9999790191650391
        ],
        [
            -0.320048987865448,
            0.2657960057258606,
            -0.20240500569343567,
            0.33233699202537537,
            0.05619899928569794,
            0.055939000099897385,
            0.0,
            1.0,
            0.0,
            0.0,
            0.0,
            1.0
        ]
    ],
    "ops": [
        [
            0,
            0,
            0,
            1,
            2,
            0,
            2,
            0,
            2,
            1,
            1,
            1,
            0,
            0,
            2,
            1,
            1
        ]
    ],
    "syms": [
        [
            0.0,
            0.999966025352478,
            -0.005718229804188013,
            -0.00597677007317543,
            -0.0042952499352395535,
            -0.4319410026073456,
            -0.08231370151042938,
            0.0
        ],
        [
            0.0,
            0.999983012676239,
            -0.00015676399925723672,
            0.0058781797997653484,
            -0.006439750082790852,
            -0.43292298913002014,
            0.26567599177360535,
            0.0
        ],
        [
            0.0,
            -3.0277099938302854e-08,
            -7.562839937635957e-11,
            1.0,
            -0.004596500191837549,
            -0.42930999398231506,
            0.09018900245428085,
            0.0
        ],
        [
            0.0,
            0.9993979930877686,
            0.033495400100946426,
            -0.009013580158352852,
            -0.003412750083953142,
            0.27640798687934875,
            -0.2052610069513321,
            0.0
        ]
    ],
    "labels:": [
        [
            1,
            2,
            2,
            2,
            2,
            0,
            0
        ]
    ],
    "obj": 739,
    "mat_index": 6179,
    "obbs": "N 12\n-0.00246963 0.0897025 0.074276 0.999954 0.00959818 9.92897e-06 -0.00959818 0.999952 0.00206888 9.92897e-06 -0.00206888 0.999998 0.690847 0.120287 0.609795\n-0.0052275 0.533146 -0.202251 0.705981 0.708208 0.00557753 -0.00157905 -0.00630129 0.999979 0.708229 -0.705975 -0.00333029 0.641259 0.0603629 0.639201\n-0.320049 0.265796 -0.202405 1 0 0 0 1 0 0 0 1 0.055939 0.332337 0.056199\n0.313224 0.28702 -0.208117 1 0 0 0 1 0 0 0 1 0.058742 0.323374 0.044806\n0.2268 -0.433263 -0.083695 1 0 0 0 1 0 0 0 1 0.085576 0.996508 0.07492\n0.222488 -0.432959 0.267022 0.0103594 0.999934 0.00490322 0.0103082 -0.00501001 0.999934 0.999893 -0.0103082 -0.0103594 0.996927 0.0753188 0.0850385\n-0.235368 -0.432887 0.264331 1 0 0 0 1 0 0 0 1 0.085076 0.996898 0.075247\n-0.235391 -0.43062 -0.0809325 1 0 0 0 1 0 0 0 1 0.085575 1.00161 0.080603\n-0.00459651 -0.42931 0.265103 -0.010592 0.999944 -8.38994e-05 -0.0105923 -2.83008e-05 0.999944 0.999888 0.0105923 0.010592 0.04883 0.0348219 0.441354\n0.227049 -0.424323 0.0913935 1 0 0 0 1 0 0 0 1 0.046014 0.044784 0.332337\n-0.00459649 -0.42931 -0.0847255 -0.0105922 0.999944 -8.74294e-05 -0.0105925 -2.47746e-05 0.999944 0.999888 0.0105925 0.0105922 0.0488301 0.0348218 0.441354\n-0.234509 -0.429397 0.0951325 0.000107053 0.0405858 -0.999176 0.00527316 0.999162 0.0405858 0.999986 -0.00527316 -0.000107053 0.333295 0.0448635 0.0521687\nC 25\n0 7\n0 3\n0 4\n0 5\n0 1\n0 6\n0 2\n1 3\n1 2\n1 4\n1 7\n2 7\n3 4\n4 9\n4 10\n5 9\n5 8\n6 11\n6 8\n7 11\n7 10\n8 9\n8 11\n9 10\n10 11\nS 5\n2\n2 -0.320049 0.265796 -0.202405\n3 0.313224 0.28702 -0.208117\n2\n-0.00341275 0.276408 -0.205261\n0.999398 0.0334954 -0.00901358\n2\n4 0.2268 -0.433263 -0.083695\n7 -0.235391 -0.43062 -0.0809325\n2\n-0.00429525 -0.431941 -0.0823137\n-0.999966 0.00571823 0.00597677\n2\n5 0.222488 -0.432959 0.267022\n6 -0.235368 -0.432887 0.264331\n2\n-0.00643975 -0.432923 0.265676\n-0.999983 0.000156764 -0.00587818\n2\n9 0.227049 -0.424323 0.0913935\n11 -0.234509 -0.429397 0.0951325\n2\n-0.00373 -0.42686 0.093263\n-0.999907 -0.0109922 0.00810002\n2\n8 -0.00459651 -0.42931 0.265103\n10 -0.00459649 -0.42931 -0.0847255\n2\n-0.0045965 -0.42931 0.090189\n3.02771e-08 7.56284e-11 -1\nL 12\n1\n0\n0\n0\n2\n2\n2\n2\n2\n2\n2\n2"
}