{
    "boxes": [
        [
            0.008562999777495861,
            -0.1199060007929802,
            0.14251500368118286,
            0.219991996884346,
            0.7419540286064148,
            0.72257399559021,
            0.0,
            1.0,
            0.0,
            0.0,
            0.0,
            1.0
        ],
        [
            -0.390174001455307,
            -0.006222560070455074,
            0.1126519963145256,
            0.4616270065307617,
            0.8197649717330933,
            0.0900128036737442,
            -0.1318950057029724,
            0.9912239909172058,
            -0.008870270103216171,
            -0.05038309842348099,
            0.002233319915831089,
            0.998727023601532
        ],
        [
            -0.4133470058441162,
            -0.26389700174331665,
            0.47158798575401306,
            0.9576659798622131,
            0.06703700125217438,
            0.12016700208187103,
            0.0,
            1.0,
            0.0,
            0.0,
            0.0,
            1.0
        ],
        [
            -0.3723819851875305,
            -0.26389700174331665,
            -0.25589099526405334,
            0.9576659798622131,
            0.06703700125217438,
            0.12016800045967102,
            0.0,
            1.0,
            0.0,
            0.0,
            0.0,
            1.0
        ],
        [
            0.006584079936146736,
            0.15762099623680115,
            -0.25983500480651855,
            0.780754029750824,
            0.28705599904060364,
            0.9221640229225159,
            0.01152270007878542,
            0.9842730164527893,
            -0.17628000676631927,
            -0.048789601773023605,
            0.1766349971294403,
            0.9830660223960876
        ]
    ],
    "ops": [
        [
            0,
            0,
            2,
            1,
            0,
            0,
            1,
            2,
            1,
            0,
            1
        ]
    ],
    "syms": [
        [
            0.0,
            1.0,
            -2.824640068865847e-05,
            1.499150039308006e-05,
            0.008170969784259796,
            -0.006233809981495142,
            0.11265800148248672,
            0.0
        ],
        [
            0.0,
            1.0,
            -0.0,
            -0.0,
            0.008142249658703804,
            -0.26389700174331665,
            0.47158798575401306,
            0.0
        ]
    ],
    "labels:": [
        [
            1,
            3,
            2,
            2,
            0
        ]
    ],
    "obj": 746,
    "mat_index": 6182,
    "obbs": "N 8\n0.00658408 0.157621 -0.259835 -0.998743 0.00272696 -0.0500576 -0.0487896 0.176635 0.983066 0.0115227 0.984273 -0.17628 0.922164 0.287056 0.780754\n0.406516 -0.00624506 0.112664 -0.132603 -0.99116 0.00435744 0.98992 -0.132656 -0.0496113 0.0497507 -0.00226511 0.998759 0.461267 0.0900792 0.817875\n-0.390174 -0.00622256 0.112652 -0.131895 0.991224 -0.00887027 0.989983 0.132174 0.0496464 0.0503831 -0.00223332 -0.998727 0.461627 0.0900128 0.819765\n0.008563 -0.119906 0.142515 1 0 0 0 1 0 0 0 1 0.722574 0.219992 0.741954\n0.429631 -0.263897 0.471588 1 0 0 0 1 0 0 0 1 0.120168 0.957666 0.067037\n0.388667 -0.263897 -0.255891 1 0 0 0 1 0 0 0 1 0.120167 0.957666 0.067037\n-0.372382 -0.263897 -0.255891 1 0 0 0 1 0 0 0 1 0.120168 0.957666 0.067037\n-0.413347 -0.263897 0.471588 1 0 0 0 1 0 0 0 1 0.120167 0.957666 0.067037\nC 15\n0 1\n0 6\n0 5\n0 3\n0 2\n1 3\n1 4\n1 5\n2 7\n2 6\n2 3\n3 6\n3 7\n3 4\n3 5\nS 3\n2\n1 0.406516 -0.00624506 0.112664\n2 -0.390174 -0.00622256 0.112652\n2\n0.00817097 -0.00623381 0.112658\n-1 2.82464e-05 -1.49915e-05\n2\n4 0.429631 -0.263897 0.471588\n7 -0.413347 -0.263897 0.471588\n2\n0.00814225 -0.263897 0.471588\n-1 0 0\n2\n5 0.388667 -0.263897 -0.255891\n6 -0.372382 -0.263897 -0.255891\n2\n0.00814225 -0.263897 -0.255891\n-1 0 0\nL 8\n0\n3\n3\n1\n2\n2\n2\n2"
}