{
    "boxes": [
        [
            -0.012464700266718864,
            -0.09309159964323044,
            0.018658500164747238,
            0.16635699570178986,
            0.8509489893913269,
            0.8346409797668457,
            -0.006101429928094149,
            0.9988200068473816,
            -0.048174500465393066,
            -0.00014705299690831453,
            0.048174500465393066,
            0.9988390207290649
        ],
        [
            0.4257600009441376,
            0.13142099976539612,
            0.3175230026245117,
            0.5576859712600708,
            0.10696200281381607,
            0.07272110134363174,
            -0.025124799460172653,
            0.9641289710998535,
            -0.2642410099506378,
            -0.05690060183405876,
            0.2625170052051544,
            0.9632480144500732
        ],
        [
            -0.4310370087623596,
            0.40071699023246765,
            0.09422080218791962,
            0.11768899857997894,
            0.6666200160980225,
            0.11772900074720383,
            -0.32698699831962585,
            0.9439319968223572,
            0.04552049934864044,
            -0.04552049934864044,
            -0.06384459882974625,
            0.9969210028648376
        ],
        [
            -0.4567340016365051,
            -0.4745990037918091,
            0.3872259855270386,
            0.6536139845848083,
            0.09649799764156342,
            0.07586699724197388,
            0.0,
            1.0,
            0.0,
            0.0,
            0.0,
            1.0
        ],
        [
            0.3260659873485565,
            -0.5272719860076904,
            -0.3991279900074005,
            0.5794069766998291,
            0.10264000296592712,
            0.08765040338039398,
            -0.14144200086593628,
            0.9642969965934753,
            0.22388799488544464,
            -0.6565899848937988,
            -0.2606390118598938,
            0.7077839970588684
        ],
        [
            0.0020904999691993,
            0.47544199228286743,
            -0.299562007188797,
            0.20201000571250916,
            0.27331599593162537,
            0.8558989763259888,
            0.0,
            1.0,
            0.0,
            0.0,
            0.0,
            1.0
        ],
        [
            0.2838340103626251,
            0.11165100336074829,
            -0.3368949890136719,
            0.7488579750061035,
            0.10198000073432922,
            0.07903280109167099,
            0.012482999823987484,
            0.9994149804115295,
            0.03185480087995529,
            -0.4284540116786957,
            -0.023438500240445137,
            0.9032599925994873
        ]
    ],
    "ops": [
        [
            0,
            0,
            0,
            1,
            2,
            1,
            0,
            0,
            1,
            2,
            1,
            0,
            0,
            2,
            1,
            1
        ]
    ],
    "syms": [
        [
            0.0,
            0.9993939995765686,
            0.03201029822230339,
            -0.013676599599421024,
            -0.013943400233983994,
            0.11733700335025787,
            0.32354098558425903,
            0.0
        ],
        [
            0.0,
            0.9998109936714172,
            0.01801469922065735,
            -0.007308249827474356,
            -0.015262000262737274,
            -0.4666450023651123,
            0.3839989900588989,
            0.0
        ],
        [
            0.0,
            0.9934279918670654,
            -0.11409399658441544,
            -0.009127690456807613,
            -0.01065909955650568,
            0.14547400176525116,
            -0.3341889977455139,
            0.0
        ]
    ],
    "labels:": [
        [
            1,
            3,
            3,
            2,
            2,
            0,
            0
        ]
    ],
    "obj": 748,
    "mat_index": 6183,
    "obbs": "N 12\n0.0020905 0.475442 -0.299562 1 0 0 0 1 0 0 0 1 0.855899 0.20201 0.273316\n-0.0124647 -0.0930916 0.0186585 0.000147053 -0.0481745 -0.998839 -0.00610143 0.99882 -0.0481745 0.999981 0.00610143 -0.000147053 0.850949 0.166357 0.834641\n0.283834 0.111651 -0.336895 0.012483 0.999415 0.0318548 0.903477 -0.0249237 0.427911 0.428454 0.0234385 -0.90326 0.748858 0.0790328 0.10198\n-0.305152 0.179296 -0.331483 -0.000885013 -0.99993 0.0118257 0.803683 -0.00774816 -0.595007 0.595057 0.00897749 0.803634 0.613567 0.0701137 0.0919585\n0.42576 0.131421 0.317523 0.0569006 -0.262517 -0.963248 0.998064 0.0392369 0.0482638 0.0251248 -0.964129 0.264241 0.106962 0.0727211 0.557686\n-0.453646 0.103254 0.329558 0.0132339 0.958897 -0.283445 0.996457 -0.0361937 -0.0759198 -0.0830582 -0.281436 -0.955979 0.612073 0.0787206 0.122508\n0.417594 0.407758 0.118764 -0.346026 -0.933886 -0.0901228 0.937971 -0.346567 -0.0100795 -0.0218205 -0.0880204 0.99588 0.114683 0.127027 0.617626\n-0.431037 0.400717 0.0942208 0.326987 -0.943932 -0.0455205 0.943932 0.323909 0.0638446 -0.0455205 -0.0638446 0.996921 0.117689 0.117729 0.66662\n-0.456734 -0.474599 0.387226 1 0 0 0 1 0 0 0 1 0.075867 0.653614 0.096498\n0.42621 -0.45869 0.380772 1 0 0 0 1 0 0 0 1 0.076113 0.676144 0.093974\n-0.342905 -0.449864 -0.389888 -0.0963724 -0.978893 -0.180225 0.80527 0.0297447 -0.592162 0.585024 -0.202198 0.785406 0.729151 0.0840794 0.11876\n0.326066 -0.527272 -0.399128 0.65659 0.260639 -0.707784 0.740867 -0.0468919 0.670013 0.141442 -0.964297 -0.223888 0.10264 0.0876504 0.579407\nC 20\n0 7\n0 6\n0 3\n0 2\n1 2\n1 3\n1 4\n1 5\n1 8\n1 9\n1 10\n1 11\n2 6\n2 11\n3 10\n3 7\n4 6\n4 9\n5 7\n5 8\nS 5\n2\n2 0.283834 0.111651 -0.336895\n3 -0.305152 0.179296 -0.331483\n2\n-0.0106591 0.145474 -0.334189\n-0.993428 0.114094 0.00912769\n2\n4 0.42576 0.131421 0.317523\n5 -0.453646 0.103254 0.329558\n2\n-0.0139434 0.117337 0.323541\n-0.999394 -0.0320103 0.0136766\n2\n6 0.417594 0.407758 0.118764\n7 -0.431037 0.400717 0.0942208\n2\n-0.00672142 0.404237 0.106493\n-0.999548 -0.00829259 -0.0289082\n2\n8 -0.456734 -0.474599 0.387226\n9 0.42621 -0.45869 0.380772\n2\n-0.015262 -0.466645 0.383999\n0.999811 0.0180147 -0.00730825\n2\n10 -0.342905 -0.449864 -0.389888\n11 0.326066 -0.527272 -0.399128\n2\n-0.00841971 -0.488568 -0.394508\n0.993278 -0.114935 -0.0137191\nL 12\n0\n1\n0\n0\n3\n3\n3\n3\n2\n2\n2\n2"
}