{
    "boxes": [
        [
            0.002073500072583556,
            0.0410429984331131,
            0.14227700233459473,
            0.053373999893665314,
            0.8246819972991943,
            0.7426249980926514,
            -0.0,
            1.0,
            0.0,
            0.0,
            -0.0,
            1.0
        ],
        [
            -0.3468799889087677,
            -0.6110900044441223,
            0.5569000244140625,
            0.12435299903154373,
            0.049508001655340195,
            0.049508001655340195,
            0.0,
            1.0,
            0.0,
            0.0,
            0.0,
            1.0
        ],
        [
            -0.34317201375961304,
            -0.604790985584259,
            -0.3376399874687195,
            0.14169900119304657,
            0.051960598677396774,
            0.049508001655340195,
            -2.527949902741966e-07,
            0.9945200085639954,
            0.10454300045967102,
            -1.4471899703494273e-05,
            -0.10454300045967102,
            0.9945200085639954
        ],
        [
            0.002073500072583556,
            0.4456929862499237,
            -0.3655099868774414,
            0.8858789801597595,
            0.11475499719381332,
            0.7426249980926514,
            1.3188200531644156e-09,
            0.9894430041313171,
            -0.14492399990558624,
            1.526059945078373e-09,
            0.14492399990558624,
            0.9894430041313171
        ]
    ],
    "ops": [
        [
            0,
            0,
            0,
            1,
            2,
            1,
            0,
            1
        ]
    ],
    "syms": [
        [
            0.0,
            1.0,
            -0.0,
            -0.0,
            0.0002969999914057553,
            -0.6110900044441223,
            0.5569000244140625,
            0.0
        ]
    ],
    "labels:": [
        [
            1,
            2,
            2,
            0
        ]
    ],
    "obj": 750,
    "mat_index": 6184,
    "obbs": "N 6\n0.0020735 0.445693 -0.36551 1 -1.52606e-09 -1.31882e-09 1.52606e-09 0.144924 0.989443 -1.31882e-09 -0.989443 0.144924 0.742625 0.114755 0.885879\n0.0020735 0.041043 0.142277 1 0 0 -0 1 0 0 -0 1 0.742625 0.053374 0.824682\n0.347474 -0.61109 0.5569 1 0 0 0 1 0 0 0 1 0.049508 0.124353 0.049508\n-0.34688 -0.61109 0.5569 1 0 0 0 1 0 0 0 1 0.049508 0.124353 0.049508\n0.349531 -0.604791 -0.33764 2.0131e-07 -0.994521 -0.10454 1 -1.00476e-06 1.14843e-05 -1.15264e-05 -0.10454 0.994521 0.141699 0.049509 0.0519602\n-0.343172 -0.604791 -0.33764 2.52795e-07 -0.99452 -0.104543 1 -1.26152e-06 1.4419e-05 -1.44719e-05 -0.104543 0.99452 0.141699 0.049508 0.0519606\nC 1\n0 1\nS 2\n2\n2 0.347474 -0.61109 0.5569\n3 -0.34688 -0.61109 0.5569\n2\n0.000297 -0.61109 0.5569\n-1 0 0\n2\n4 0.349531 -0.604791 -0.33764\n5 -0.343172 -0.604791 -0.33764\n2\n0.00317975 -0.604791 -0.33764\n-1 -7.25239e-13 8.28945e-12\nL 6\n0\n1\n2\n2\n2\n2"
}