{
    "boxes": [
        [
            -0.01708569936454296,
            -0.2586840093135834,
            0.07682149857282639,
            0.5491899847984314,
            0.6290320158004761,
            0.975383996963501,
            0.01965009979903698,
            0.9998030066490173,
            0.0027138700243085623,
            -0.1368110030889511,
            0.0,
            0.9905970096588135
        ],
        [
            -0.5665180087089539,
            0.006112759932875633,
            0.02185029909014702,
            1.1029900312423706,
            0.9228330254554749,
            0.4564169943332672,
            -0.20686499774456024,
            0.9747160077095032,
            -0.08447030186653137,
            -0.3539449870586395,
            0.005931700114160776,
            0.935247004032135
        ],
        [
            0.11447600275278091,
            0.0056405398063361645,
            -0.28603899478912354,
            1.1046700477600098,
            0.48898300528526306,
            1.3092299699783325,
            0.04541200026869774,
            0.9814310073852539,
            -0.18636499345302582,
            -0.2591390013694763,
            0.19174399971961975,
            0.946615993976593
        ]
    ],
    "ops": [
        [
            0,
            0,
            2,
            1,
            0,
            1
        ]
    ],
    "syms": [
        [
            0.0,
            0.986050009727478,
            -0.015421399846673012,
            0.1657319962978363,
            -0.005756179802119732,
            -0.002657329896464944,
            0.11610099673271179,
            0.0
        ]
    ],
    "labels:": [
        [
            1,
            3,
            0
        ]
    ],
    "obj": 751,
    "mat_index": 6185,
    "obbs": "N 4\n0.114476 0.00564054 -0.286039 0.045412 0.981431 -0.186365 -0.259139 0.191744 0.946616 0.964772 0.00530663 0.263034 1.10467 0.488983 1.30923\n0.555006 -0.0114274 0.210352 -0.246012 -0.968456 -0.0396479 0.968456 -0.247273 0.0308161 -0.0396479 -0.0308161 0.998738 1.1347 0.384326 0.660913\n-0.566518 0.00611276 0.0218503 0.353945 -0.0059317 -0.935247 0.912102 0.223368 0.343769 0.206865 -0.974716 0.0844703 0.922833 0.456417 1.10299\n-0.0170857 -0.258684 0.0768215 0.0196501 0.999803 0.00271387 -0.136811 0 0.990597 0.990402 -0.0198366 0.136784 0.54919 0.629032 0.975384\nC 5\n0 1\n0 3\n0 2\n1 3\n2 3\nS 1\n2\n1 0.555006 -0.0114274 0.210352\n2 -0.566518 0.00611276 0.0218503\n2\n-0.00575618 -0.00265733 0.116101\n-0.98605 0.0154214 -0.165732\nL 4\n0\n3\n3\n1"
}