{
    "boxes": [
        [
            0.005889299791306257,
            -0.10439600050449371,
            0.09605620056390762,
            0.25161299109458923,
            1.1150799989700317,
            1.0294400453567505,
            0.002724309917539358,
            0.9975789785385132,
            -0.06948509812355042,
            9.476440027356148e-05,
            0.06948509812355042,
            0.9975829720497131
        ],
        [
            0.47031301259994507,
            0.0506725013256073,
            0.5727609992027283,
            0.5289469957351685,
            0.11884099990129471,
            0.10027100145816803,
            0.0,
            1.0,
            0.0,
            0.0,
            0.0,
            1.0
        ],
        [
            0.47594600915908813,
            0.004952500108629465,
            -0.429064005613327,
            0.45636698603630066,
            0.11070799827575684,
            0.08906300365924835,
            0.0,
            1.0,
            0.0,
            0.0,
            0.0,
            1.0
        ],
        [
            -0.4685089886188507,
            0.2747479975223541,
            0.05923650041222572,
            0.09808459877967834,
            1.0922399759292603,
            0.08025260269641876,
            0.05439990013837814,
            0.9959319829940796,
            -0.07183559983968735,
            0.0019579099025577307,
            0.07183559983968735,
            0.9974150061607361
        ],
        [
            -0.4684869945049286,
            -0.45787501335144043,
            -0.4404450058937073,
            0.5113130211830139,
            0.0766770988702774,
            0.09888999909162521,
            0.04284600168466568,
            0.9987810254096985,
            0.024528000503778458,
            0.04176919907331467,
            -0.026319900527596474,
            0.9987810254096985
        ],
        [
            0.48215198516845703,
            -0.44543901085853577,
            0.5820119976997375,
            0.5342090129852295,
            0.08061199635267258,
            0.07588899880647659,
            0.0,
            1.0,
            0.0,
            0.0,
            0.0,
            1.0
        ],
        [
            -0.46850600838661194,
            -0.21472300589084625,
            0.5700079798698425,
            0.9865310192108154,
            0.11318700015544891,
            0.07987499982118607,
            0.0,
            1.0,
            0.0,
            0.0,
            0.0,
            1.0
        ],
        [
            0.026920000091195107,
            0.20739799737930298,
            -0.3995969891548157,
            0.8610010147094727,
            0.22626100480556488,
            0.9786900281906128,
            0.0,
            1.0,
            0.0,
            0.0,
            0.0,
            1.0
        ]
    ],
    "ops": [
        [
            0,
            0,
            0,
            0,
            1,
            1,
            2,
            1,
            0,
            2,
            0,
            0,
            1,
            1,
            1,
            0,
            1
        ]
    ],
    "syms": [
        [
            0.0,
            0.9998059868812561,
            -0.01549729984253645,
            -0.012186099775135517,
            -0.001854000031016767,
            0.05799119919538498,
            0.5785149931907654,
            0.0
        ],
        [
            0.0,
            0.9999189972877502,
            0.009785979986190796,
            -0.008096160367131233,
            0.00507399020716548,
            -0.4532400071620941,
            -0.4442789852619171,
            0.0
        ]
    ],
    "labels:": [
        [
            1,
            3,
            3,
            3,
            2,
            2,
            2,
            0
        ]
    ],
    "obj": 3033,
    "mat_index": 619,
    "obbs": "N 12\n0.02692 0.207398 -0.399597 1 0 0 0 1 0 0 0 1 0.97869 0.861001 0.226261\n0.475946 0.0049525 -0.429064 1 0 0 0 1 0 0 0 1 0.089063 0.456367 0.110708\n0.470313 0.0506725 0.572761 1 0 0 0 1 0 0 0 1 0.100271 0.528947 0.118841\n-0.469564 0.0225455 -0.402691 1 0 0 0 1 0 0 0 1 0.078707 0.473967 0.168497\n-0.474021 0.06531 0.58427 1 0 0 0 1 0 0 0 1 0.069799 0.50026 0.093449\n0.0058893 -0.104396 0.0960562 -9.47644e-05 -0.0694851 -0.997583 0.00272431 0.997579 -0.0694851 0.999996 -0.00272431 9.47644e-05 1.11508 0.251613 1.02944\n-0.468487 -0.457875 -0.440445 0.998208 -0.0417692 -0.042846 0.0417692 -0.0263199 0.998781 -0.042846 -0.998781 -0.024528 0.09889 0.0766771 0.511313\n0.478635 -0.448606 -0.448113 -0.0289581 0.999106 0.0307948 -0.0786824 -0.0329905 0.996354 0.996479 0.0264295 0.0795674 0.52966 0.0662939 0.103872\n0.482152 -0.445439 0.582012 1 0 0 0 1 0 0 0 1 0.075889 0.534209 0.080612\n-0.468506 -0.214723 0.570008 1 0 0 0 1 0 0 0 1 0.079875 0.986531 0.113187\n0.480604 0.262806 0.0556215 0.999815 0.019209 -0.000767563 -0.019209 0.996627 -0.0797822 -0.000767563 0.0797822 0.996812 0.0795952 0.0823528 1.08246\n-0.468509 0.274748 0.0592365 -0.00195791 -0.0718356 -0.997415 0.0543999 0.995932 -0.0718356 0.998517 -0.0543999 0.00195791 1.09224 0.0980846 0.0802526\nC 26\n0 7\n0 10\n0 3\n0 11\n0 5\n0 1\n0 6\n1 5\n1 10\n1 7\n2 8\n2 5\n2 10\n3 11\n3 6\n3 5\n4 9\n4 5\n4 11\n5 9\n5 6\n5 8\n5 11\n5 10\n5 7\n9 11\nS 4\n2\n1 0.475946 0.0049525 -0.429064\n3 -0.469564 0.0225455 -0.402691\n2\n0.003191 0.013749 -0.415878\n-0.999438 0.0185964 0.0278767\n2\n2 0.470313 0.0506725 0.572761\n4 -0.474021 0.06531 0.58427\n2\n-0.001854 0.0579912 0.578515\n-0.999806 0.0154973 0.0121861\n2\n6 -0.468487 -0.457875 -0.440445\n7 0.478635 -0.448606 -0.448113\n2\n0.00507399 -0.45324 -0.444279\n0.999919 0.00978598 -0.00809616\n2\n10 0.480604 0.262806 0.0556215\n11 -0.468509 0.274748 0.0592365\n2\n0.00604754 0.268777 0.057429\n-0.999914 0.0125814 0.00380845\nL 12\n0\n3\n3\n3\n3\n1\n2\n2\n2\n2\n3\n3"
}