{
    "boxes": [
        [
            -0.025349099189043045,
            -0.1967490017414093,
            0.03930889815092087,
            0.4260759949684143,
            1.0062199831008911,
            1.5383299589157104,
            -0.015036400407552719,
            0.9839910268783569,
            -0.17758500576019287,
            -0.0013458899920806289,
            0.17758500576019287,
            0.9841039776802063
        ],
        [
            -0.7253149747848511,
            0.040593698620796204,
            0.009318679571151733,
            0.6172729730606079,
            0.9886720180511475,
            0.11502499878406525,
            -0.009943580254912376,
            0.9977480173110962,
            -0.0663267970085144,
            -0.03951200097799301,
            0.06588619947433472,
            0.9970449805259705
        ],
        [
            -0.7631750106811523,
            -0.3598000109195709,
            0.3097440004348755,
            0.06320600211620331,
            0.20231500267982483,
            0.05764799937605858,
            0.0,
            1.0,
            0.0,
            0.0,
            0.0,
            1.0
        ],
        [
            0.6929730176925659,
            -0.36664000153541565,
            -0.2694990038871765,
            0.05207400023937225,
            0.17234599590301514,
            0.05389399826526642,
            0.0,
            1.0,
            0.0,
            0.0,
            0.0,
            1.0
        ],
        [
            -0.7280700206756592,
            -0.36685600876808167,
            -0.2789379954338074,
            0.04341519996523857,
            0.1895110011100769,
            0.06374230235815048,
            -0.6060960292816162,
            0.7945659756660461,
            0.036225300282239914,
            0.012234699912369251,
            -0.036225300282239914,
            0.9992690086364746
        ],
        [
            -0.022666899487376213,
            0.15417900681495667,
            -0.30668601393699646,
            0.9086700081825256,
            0.17080099880695343,
            1.4211299419403076,
            -0.00025557499611750245,
            0.9649860262870789,
            -0.2623029947280884,
            -0.00033431898918934166,
            0.2623029947280884,
            0.9649860262870789
        ]
    ],
    "ops": [
        [
            0,
            0,
            2,
            1,
            0,
            2,
            0,
            0,
            1,
            1,
            1,
            0,
            1
        ]
    ],
    "syms": [
        [
            0.0,
            0.9999859929084778,
            0.004775070119649172,
            0.002472969936206937,
            -0.0339135006070137,
            0.04389530047774315,
            0.011028500273823738,
            0.0
        ],
        [
            0.0,
            0.9999859929084778,
            -0.0007998580113053322,
            -0.005175610072910786,
            -0.022741500288248062,
            -0.3603920042514801,
            0.30591198801994324,
            0.0
        ]
    ],
    "labels:": [
        [
            1,
            3,
            2,
            2,
            2,
            0
        ]
    ],
    "obj": 770,
    "mat_index": 6195,
    "obbs": "N 8\n-0.0226669 0.154179 -0.306686 -0.000255575 0.964986 -0.262303 -0.000334319 0.262303 0.964986 1 0.000334319 0.000255575 0.90867 0.170801 1.42113\n0.657488 0.0471968 0.0127384 -0.0112382 -0.998885 0.0458452 0.998885 -0.0133166 -0.0452852 0.0458452 0.0452852 0.997922 0.618081 0.15716 0.983181\n-0.725315 0.0405937 0.00931868 -0.00994358 0.997748 -0.0663268 0.99917 0.0125349 0.0387679 0.039512 -0.0658862 -0.997045 0.617273 0.115025 0.988672\n-0.0253491 -0.196749 0.0393089 0.999886 0.0150364 -0.00134589 -0.0150364 0.983991 -0.177585 -0.00134589 0.177585 0.984104 1.53833 0.426076 1.00622\n0.717692 -0.360985 0.30208 1 0 0 0 1 0 0 0 1 0.05763 0.061433 0.233952\n0.692973 -0.36664 -0.269499 1 0 0 0 1 0 0 0 1 0.053894 0.052074 0.172346\n-0.72807 -0.366856 -0.278938 -0.0122347 0.0362253 -0.999269 -0.606096 0.794566 0.0362253 0.795297 0.606096 0.0122347 0.189511 0.0434152 0.0637423\n-0.763175 -0.3598 0.309744 1 0 0 0 1 0 0 0 1 0.057648 0.063206 0.202315\nC 15\n0 1\n0 6\n0 5\n0 3\n0 2\n1 3\n1 4\n1 5\n2 7\n2 6\n2 3\n3 6\n3 7\n3 4\n3 5\nS 2\n2\n1 0.657488 0.0471968 0.0127384\n2 -0.725315 0.0405937 0.00931868\n2\n-0.0339135 0.0438953 0.0110285\n-0.999986 -0.00477507 -0.00247297\n2\n4 0.717692 -0.360985 0.30208\n7 -0.763175 -0.3598 0.309744\n2\n-0.0227415 -0.360392 0.305912\n-0.999986 0.000799858 0.00517561\nL 8\n0\n3\n3\n1\n2\n2\n2\n2"
}