{
    "boxes": [
        [
            -0.0038896999321877956,
            -0.20556999742984772,
            0.22224000096321106,
            0.16486099362373352,
            0.8356289863586426,
            0.8184890151023865,
            0.002503260038793087,
            0.9791229963302612,
            -0.20325200259685516,
            0.0002570810029283166,
            0.20325200259685516,
            0.9791259765625
        ],
        [
            0.4149340093135834,
            0.14869099855422974,
            0.06292250007390976,
            0.1490200012922287,
            0.998727023601532,
            0.09357330203056335,
            0.6242370009422302,
            0.7802489995956421,
            -0.039243899285793304,
            0.019592400640249252,
            0.034582000225782394,
            0.999210000038147
        ],
        [
            -0.20599399507045746,
            0.18174700438976288,
            -0.42430299520492554,
            0.019897999241948128,
            0.02781200036406517,
            0.4063520133495331,
            0.0,
            1.0,
            0.0,
            0.0,
            0.0,
            1.0
        ],
        [
            -0.41694900393486023,
            -0.0951647013425827,
            -0.26777398586273193,
            0.44975799322128296,
            0.15371200442314148,
            0.058750998228788376,
            0.0053171501494944096,
            0.9826850295066833,
            0.18520599603652954,
            0.02248530089855194,
            -0.1852789968252182,
            0.982429027557373
        ],
        [
            -0.4438360035419464,
            0.14548900723457336,
            0.06318250298500061,
            0.09293100237846375,
            1.0027799606323242,
            0.08717299997806549,
            0.0,
            1.0,
            0.0,
            0.0,
            0.0,
            1.0
        ],
        [
            -0.42409399151802063,
            -0.09533520042896271,
            0.48768699169158936,
            0.4430660009384155,
            0.15654799342155457,
            0.04570790007710457,
            -0.01258230023086071,
            0.9933969974517822,
            -0.11403500288724899,
            0.008299220353364944,
            0.11414399743080139,
            0.9934300184249878
        ],
        [
            -0.41438499093055725,
            -0.25505098700523376,
            0.10416100174188614,
            0.08939400315284729,
            0.7394620180130005,
            0.05888200178742409,
            0.0,
            1.0,
            0.0,
            0.0,
            0.0,
            1.0
        ],
        [
            -0.42708200216293335,
            -0.42705199122428894,
            -0.34676700830459595,
            0.2838119864463806,
            0.09453240036964417,
            0.03644530102610588,
            -0.003643359988927841,
            0.9798660278320312,
            0.1996230036020279,
            -0.04400449991226196,
            -0.19958800077438354,
            0.9788910150527954
        ],
        [
            -0.427511990070343,
            -0.5980640053749084,
            0.1099499985575676,
            0.1348229944705963,
            1.0935399532318115,
            0.032627999782562256,
            0.0,
            1.0,
            0.0,
            0.0,
            0.0,
            1.0
        ],
        [
            -0.42734000086784363,
            -0.43007799983024597,
            0.547652006149292,
            0.2601970136165619,
            0.0963464006781578,
            0.03604559972882271,
            -0.00684700021520257,
            0.991989016532898,
            -0.12613800168037415,
            -0.03198949992656708,
            0.12585900723934174,
            0.991532027721405
        ],
        [
            -0.003909110091626644,
            0.2892549932003021,
            -0.2433529943227768,
            1.1476600170135498,
            0.12714600563049316,
            0.823976993560791,
            -0.005186489783227444,
            0.9797239899635315,
            -0.20028600096702576,
            -0.006353930104523897,
            0.20025299489498138,
            0.9797239899635315
        ],
        [
            -0.0037205000407993793,
            0.09476400166749954,
            -0.2876630127429962,
            0.07988200336694717,
            0.04190199822187424,
            0.8017889857292175,
            0.0,
            1.0,
            0.0,
            0.0,
            0.0,
            1.0
        ]
    ],
    "ops": [
        [
            0,
            0,
            0,
            0,
            1,
            2,
            1,
            0,
            0,
            0,
            1,
            2,
            1,
            1,
            1,
            0,
            0,
            0,
            1,
            1,
            2,
            1,
            0,
            0,
            1,
            1
        ]
    ],
    "syms": [
        [
            0.0,
            0.9999989867210388,
            0.0007030239794403315,
            0.0010268200421705842,
            -0.007565749809145927,
            0.18188700079917908,
            -0.42409899830818176,
            0.0
        ],
        [
            0.0,
            0.9999889731407166,
            -0.002371120033785701,
            0.004078709986060858,
            -0.00954889040440321,
            -0.09631820023059845,
            0.4893780052661896,
            0.0
        ],
        [
            0.0,
            0.9999729990959167,
            0.0061606899835169315,
            0.004116090014576912,
            -0.0033303999807685614,
            -0.42444100975990295,
            -0.3450230062007904,
            0.0
        ]
    ],
    "labels:": [
        [
            1,
            3,
            3,
            3,
            3,
            3,
            3,
            2,
            2,
            2,
            0,
            0
        ]
    ],
    "obj": 798,
    "mat_index": 6200,
    "obbs": "N 19\n-0.00390911 0.289255 -0.243353 0.999966 0.00635393 0.00518649 -0.00635393 0.200253 0.979724 0.00518649 -0.979724 0.200286 0.823977 0.127146 1.14766\n0.190863 0.182026 -0.423895 1 0 0 0 1 0 0 0 1 0.413395 0.019758 0.027001\n-0.205994 0.181747 -0.424303 1 0 0 0 1 0 0 0 1 0.406352 0.019898 0.027812\n-0.0038897 -0.20557 0.22224 -0.000257081 -0.203252 -0.979126 0.00250326 0.979123 -0.203252 0.999997 -0.00250326 0.000257081 0.835629 0.164861 0.818489\n0.41622 -0.0894227 -0.274861 0.000208052 -0.970972 -0.239194 0.999459 -0.00766166 0.0319707 -0.0328753 -0.239071 0.970445 0.44917 0.0444342 0.147139\n0.404996 -0.0973011 0.491069 0.013517 0.99367 -0.111527 0.999873 -0.0143804 -0.00694157 -0.00850143 -0.111419 -0.993737 0.440267 0.0680205 0.149841\n-0.424094 -0.0953352 0.487687 -0.0125823 0.993397 -0.114035 0.999886 0.0115532 -0.00968062 -0.00829922 -0.114144 -0.99343 0.443066 0.0457079 0.156548\n-0.416949 -0.0951647 -0.267774 -0.00531715 -0.982685 -0.185206 0.999733 -0.00105931 -0.0230811 0.0224853 -0.185279 0.982429 0.449758 0.058751 0.153712\n0.41987 -0.606334 0.109925 1 0 0 0 1 0 0 0 1 0.032628 0.118277 1.09358\n-0.427512 -0.598064 0.10995 1 0 0 0 1 0 0 0 1 0.032628 0.134823 1.09354\n0.414934 0.148691 0.0629225 -0.0195924 -0.034582 -0.99921 0.780989 -0.624513 0.00630044 -0.624237 -0.780249 0.0392439 0.998727 0.0935733 0.14902\n0.408832 -0.255038 0.098581 1 0 0 0 1 0 0 0 1 0.054704 0.089368 0.728566\n-0.443836 0.145489 0.0631825 1 0 0 0 1 0 0 0 1 0.087173 0.092931 1.00278\n-0.414385 -0.255051 0.104161 1 0 0 0 1 0 0 0 1 0.058882 0.089394 0.739462\n-0.0037205 0.094764 -0.287663 1 0 0 0 1 0 0 0 1 0.801789 0.079882 0.041902\n-0.42734 -0.430078 0.547652 0.0319895 -0.125859 -0.991532 0.999465 0.0108241 0.0308715 0.006847 -0.991989 0.126138 0.0963464 0.0360456 0.260197\n-0.427082 -0.427052 -0.346767 0.00364336 -0.979866 -0.199623 0.999025 -0.00521785 0.0438457 -0.0440045 -0.199588 0.978891 0.283812 0.0364453 0.0945324\n0.420421 -0.42183 -0.343278 0.000787154 -0.979985 -0.19907 0.995336 -0.0184361 0.0946935 -0.0964683 -0.198216 0.9754 0.300586 0.0413968 0.0994219\n0.41987 -0.428407 0.543912 1 0 0 0 1 0 0 0 1 0.032628 0.26403 0.11927\nC 63\n0 14\n0 7\n0 16\n0 10\n0 3\n0 17\n0 11\n0 4\n0 12\n0 1\n0 13\n0 9\n0 2\n1 2\n1 14\n1 10\n1 4\n2 12\n2 14\n2 7\n3 15\n3 11\n3 7\n3 17\n3 10\n3 6\n3 16\n3 13\n3 9\n3 5\n3 12\n3 8\n3 18\n3 4\n4 8\n4 10\n4 14\n4 11\n4 17\n5 8\n5 18\n5 11\n5 10\n6 9\n6 15\n6 12\n6 13\n7 12\n7 16\n7 14\n7 9\n7 13\n8 17\n8 18\n9 15\n9 16\n9 13\n10 14\n11 18\n11 17\n12 14\n13 16\n13 15\nS 7\n2\n1 0.190863 0.182026 -0.423895\n2 -0.205994 0.181747 -0.424303\n2\n-0.00756575 0.181887 -0.424099\n-0.999999 -0.000703024 -0.00102682\n2\n4 0.41622 -0.0894227 -0.274861\n7 -0.416949 -0.0951647 -0.267774\n2\n-0.000364243 -0.0922937 -0.271317\n-0.99994 -0.0068914 0.00850552\n2\n5 0.404996 -0.0973011 0.491069\n6 -0.424094 -0.0953352 0.487687\n2\n-0.00954889 -0.0963182 0.489378\n-0.999989 0.00237112 -0.00407871\n2\n8 0.41987 -0.606334 0.109925\n9 -0.427512 -0.598064 0.10995\n2\n-0.003821 -0.602199 0.109937\n-0.999952 0.00976019 2.89112e-05\n2\n11 0.408832 -0.255038 0.098581\n13 -0.414385 -0.255051 0.104161\n2\n-0.0027765 -0.255045 0.101371\n-0.999977 -1.57913e-05 0.00677813\n2\n15 -0.42734 -0.430078 0.547652\n18 0.41987 -0.428407 0.543912\n2\n-0.00373495 -0.429242 0.545782\n0.999988 0.00197185 -0.00441482\n2\n16 -0.427082 -0.427052 -0.346767\n17 0.420421 -0.42183 -0.343278\n2\n-0.0033304 -0.424441 -0.345023\n0.999973 0.00616069 0.00411609\nL 19\n0\n3\n3\n1\n3\n3\n3\n3\n2\n2\n3\n3\n3\n3\n0\n2\n2\n2\n2"
}