{
    "boxes": [
        [
            0.3738270103931427,
            -0.13121700286865234,
            0.21389099955558777,
            0.16279800236225128,
            0.5242869853973389,
            0.6733980178833008,
            0.0,
            1.0,
            0.0,
            0.0,
            0.0,
            1.0
        ],
        [
            -0.3360599875450134,
            -0.13121700286865234,
            0.21389099955558777,
            0.16279800236225128,
            0.5242869853973389,
            0.6733980178833008,
            0.0,
            1.0,
            0.0,
            0.0,
            0.0,
            1.0
        ],
        [
            -0.6924120187759399,
            -0.012090000323951244,
            0.42082399129867554,
            0.25386399030685425,
            0.09284680336713791,
            0.05375159904360771,
            0.001813050010241568,
            0.9871450066566467,
            0.15981799364089966,
            -0.1084820032119751,
            -0.1586810052394867,
            0.9813519716262817
        ],
        [
            -0.6929020285606384,
            -0.01790120080113411,
            -0.1934020072221756,
            0.21984800696372986,
            0.0934126004576683,
            0.054694999009370804,
            0.00931406021118164,
            0.9893659949302673,
            -0.14515100419521332,
            -0.11564400047063828,
            0.14524899423122406,
            0.9826130270957947
        ],
        [
            -0.6914600133895874,
            0.13127000629901886,
            0.11922600120306015,
            0.0929901972413063,
            0.7906699776649475,
            0.07770679891109467,
            0.03527839854359627,
            0.9984610080718994,
            -0.042802199721336365,
            0.0007555769989266992,
            0.042802199721336365,
            0.9990829825401306
        ],
        [
            -0.6913110017776489,
            -0.17151400446891785,
            0.11520600318908691,
            0.11456599831581116,
            0.6706299781799316,
            0.048983000218868256,
            0.0,
            1.0,
            0.0,
            0.0,
            0.0,
            1.0
        ],
        [
            -0.6920080184936523,
            -0.4024209976196289,
            0.43580499291419983,
            0.370932012796402,
            0.08093930035829544,
            0.055554501712322235,
            -0.020097900182008743,
            0.9866600036621094,
            -0.16154900193214417,
            0.05589500069618225,
            0.16243800520896912,
            0.9851340055465698
        ],
        [
            -0.6925119757652283,
            -0.39888501167297363,
            -0.20164799690246582,
            0.3784579932689667,
            0.08053019642829895,
            0.057754598557949066,
            -0.028250299394130707,
            0.9865019917488098,
            0.16129200160503387,
            0.05422760173678398,
            -0.1596059948205948,
            0.9856899976730347
        ],
        [
            -0.33604198694229126,
            0.14597100019454956,
            -0.23298700153827667,
            0.7524870038032532,
            0.2201859951019287,
            0.6737030148506165,
            0.00037761201383545995,
            0.9317389726638794,
            -0.36313000321388245,
            0.000552445009816438,
            0.36312898993492126,
            0.9317389726638794
        ]
    ],
    "ops": [
        [
            0,
            0,
            1,
            0,
            0,
            0,
            0,
            1,
            1,
            1,
            2,
            1,
            0,
            0,
            1,
            2,
            1,
            0,
            2,
            1
        ]
    ],
    "syms": [
        [
            0.0,
            0.9999989867210388,
            0.0012836100067943335,
            0.0010793600231409073,
            0.015757400542497635,
            -0.01118099968880415,
            0.4215889871120453,
            0.0
        ],
        [
            0.0,
            0.9999970197677612,
            -0.0020402399823069572,
            -0.001494679949246347,
            0.014795900322496891,
            -0.40386301279067993,
            0.43474799394607544,
            0.0
        ],
        [
            0.0,
            1.0,
            -2.064629916276317e-05,
            -6.191669672261924e-05,
            0.018901800736784935,
            0.14596399664878845,
            -0.2330089956521988,
            0.0
        ]
    ],
    "labels:": [
        [
            1,
            1,
            3,
            3,
            3,
            3,
            2,
            2,
            0
        ]
    ],
    "obj": 836,
    "mat_index": 6201,
    "obbs": "N 16\n0.373845 0.145957 -0.233031 1 -0.000553648 -0.000378331 0.000553648 0.363368 0.931646 -0.000378331 -0.931646 0.363368 0.673703 0.220259 0.752492\n-0.336042 0.145971 -0.232987 1 -0.000552445 -0.000377612 0.000552445 0.363129 0.931739 -0.000377612 -0.931739 0.36313 0.673703 0.220186 0.752487\n0.722975 0.128279 0.119376 -0.000471958 -0.0471425 -0.998888 0.0200094 0.998688 -0.0471425 0.9998 -0.0200094 0.000471958 0.7907 0.0983214 0.0770681\n0.723044 -0.175313 0.115008 1 0 0 0 1 0 0 0 1 0.048983 0.122168 0.668793\n-0.69146 0.13127 0.119226 -0.000755577 -0.0428022 -0.999083 0.0352784 0.998461 -0.0428022 0.999377 -0.0352784 0.000755577 0.79067 0.0929902 0.0777068\n-0.691311 -0.171514 0.115206 1 0 0 0 1 0 0 0 1 0.048983 0.114566 0.67063\n0.373827 -0.131217 0.213891 1 0 0 0 1 0 0 0 1 0.673398 0.162798 0.524287\n-0.33606 -0.131217 0.213891 1 0 0 0 1 0 0 0 1 0.673398 0.162798 0.524287\n0.7216 -0.405305 0.433692 1 0 0 0 1 0 0 0 1 0.046094 0.355583 0.115196\n0.72213 -0.399471 -0.199449 0.0170725 -0.993613 -0.111545 0.99984 0.0163737 0.00717756 -0.0053053 -0.11165 0.993733 0.375308 0.0531901 0.0800189\n-0.692512 -0.398885 -0.201648 0.0282503 -0.986502 -0.161292 0.998129 0.0365926 -0.0489867 0.0542276 -0.159606 0.98569 0.378458 0.0577546 0.0805302\n-0.692008 -0.402421 0.435805 -0.055895 -0.162438 -0.985134 0.998234 0.0107694 -0.058414 0.0200979 -0.98666 0.161549 0.0809393 0.0555545 0.370932\n0.72218 -0.026108 -0.196939 1 0 0 0 1 0 0 0 1 0.047254 0.196202 0.110358\n0.723926 -0.010272 0.422353 0.00493856 -0.989312 -0.145728 0.995574 -0.00881303 0.0935686 -0.0938529 -0.145545 0.98489 0.257314 0.0560698 0.092556\n-0.692412 -0.01209 0.420824 0.108482 0.158681 -0.981352 0.994097 -0.0191167 0.1068 -0.00181305 -0.987145 -0.159818 0.0928468 0.0537516 0.253864\n-0.692902 -0.0179012 -0.193402 0.00931406 0.989366 -0.145151 0.993247 0.00763369 0.115767 0.115644 -0.145249 -0.982613 0.219848 0.054695 0.0934126\nC 44\n0 7\n0 3\n0 12\n0 1\n0 6\n0 9\n0 2\n1 15\n1 6\n1 5\n1 10\n1 4\n1 7\n2 12\n2 13\n2 6\n2 3\n3 6\n3 13\n3 9\n3 12\n3 8\n4 7\n4 5\n4 14\n4 15\n5 11\n5 15\n5 10\n5 7\n5 14\n6 9\n6 7\n6 12\n6 8\n6 13\n7 11\n7 15\n7 10\n7 14\n8 13\n9 12\n10 15\n11 14\nS 7\n2\n0 0.373845 0.145957 -0.233031\n1 -0.336042 0.145971 -0.232987\n2\n0.0189018 0.145964 -0.233009\n-1 2.06463e-05 6.19167e-05\n2\n2 0.722975 0.128279 0.119376\n4 -0.69146 0.13127 0.119226\n2\n0.0157576 0.129774 0.119301\n-0.999998 0.00211452 -0.000106212\n2\n3 0.723044 -0.175313 0.115008\n5 -0.691311 -0.171514 0.115206\n2\n0.015867 -0.173413 0.115107\n-0.999996 0.00268602 0.000140346\n2\n8 0.7216 -0.405305 0.433692\n11 -0.692008 -0.402421 0.435805\n2\n0.0147959 -0.403863 0.434748\n-0.999997 0.00204024 0.00149468\n2\n9 0.72213 -0.399471 -0.199449\n10 -0.692512 -0.398885 -0.201648\n2\n0.0148092 -0.399178 -0.200549\n-0.999999 0.000413933 -0.00155424\n2\n12 0.72218 -0.026108 -0.196939\n15 -0.692902 -0.0179012 -0.193402\n2\n0.0146388 -0.0220046 -0.19517\n-0.99998 0.00579941 0.00249958\n2\n13 0.723926 -0.010272 0.422353\n14 -0.692412 -0.01209 0.420824\n2\n0.0157574 -0.011181 0.421589\n-0.999999 -0.00128361 -0.00107936\nL 16\n0\n0\n3\n3\n3\n3\n1\n1\n2\n2\n2\n2\n3\n3\n3\n3"
}