{
    "boxes": [
        [
            0.015408500097692013,
            -0.21861599385738373,
            0.16415899991989136,
            0.4012199938297272,
            1.106760025024414,
            1.1585400104522705,
            0.0,
            1.0,
            0.0,
            0.0,
            0.0,
            1.0
        ],
        [
            0.62950599193573,
            -0.016971999779343605,
            -0.38954100012779236,
            0.27603399753570557,
            0.06514199823141098,
            0.08159500360488892,
            0.0,
            1.0,
            0.0,
            0.0,
            0.0,
            1.0
        ],
        [
            -0.6057050228118896,
            0.008248340338468552,
            0.15220800042152405,
            0.06779330223798752,
            1.0644999742507935,
            0.08315850049257278,
            0.05001330003142357,
            0.9977179765701294,
            -0.04535159841179848,
            0.00113539001904428,
            0.04535159841179848,
            0.9989699721336365
        ],
        [
            -0.6056939959526062,
            0.03286350145936012,
            -0.39362800121307373,
            0.17479899525642395,
            0.0563570000231266,
            0.08051200211048126,
            0.0,
            1.0,
            0.0,
            0.0,
            0.0,
            1.0
        ],
        [
            -0.60589998960495,
            0.05276549980044365,
            0.6995469927787781,
            0.16837100684642792,
            0.039420999586582184,
            0.07896099984645844,
            0.0,
            1.0,
            0.0,
            0.0,
            0.0,
            1.0
        ],
        [
            0.6295819878578186,
            0.13317200541496277,
            0.1472180038690567,
            0.0653626024723053,
            1.0595799684524536,
            0.08194349706172943,
            -0.004219419788569212,
            0.998304009437561,
            -0.05806029960513115,
            -0.00012259400682523847,
            0.05806029960513115,
            0.9983130097389221
        ],
        [
            -0.6054940223693848,
            -0.27389299869537354,
            -0.3701139986515045,
            0.4806720018386841,
            0.05349909886717796,
            0.08166100084781647,
            -0.003329860046505928,
            0.989533007144928,
            -0.14426599442958832,
            -0.00385051011107862,
            0.14425300061702728,
            0.989533007144928
        ],
        [
            -0.6050670146942139,
            -0.45118701457977295,
            0.14738300442695618,
            0.11840499937534332,
            0.9358220100402832,
            0.07486599683761597,
            0.0,
            1.0,
            0.0,
            0.0,
            0.0,
            1.0
        ],
        [
            -0.6058089733123779,
            -0.2640720009803772,
            0.6713979840278625,
            0.4951919913291931,
            0.05436750128865242,
            0.08228609710931778,
            0.007073590066283941,
            0.9895510077476501,
            0.1440100073814392,
            0.006118549965322018,
            -0.14405399560928345,
            0.9895510077476501
        ],
        [
            0.013402599841356277,
            0.20895099639892578,
            -0.3438340127468109,
            0.5394030213356018,
            0.09569740295410156,
            1.1586899757385254,
            -0.00028936000308021903,
            0.9870219826698303,
            -0.1605830043554306,
            -0.0003402419970370829,
            0.1605830043554306,
            0.9870219826698303
        ],
        [
            0.01604210026562214,
            0.04263639822602272,
            -0.38048699498176575,
            0.9319599866867065,
            0.1287049949169159,
            1.1585400104522705,
            -0.010926400311291218,
            0.9963099956512451,
            -0.08512719720602036,
            -0.011899000033736229,
            0.08499670028686523,
            0.9963099956512451
        ]
    ],
    "ops": [
        [
            0,
            0,
            0,
            2,
            1,
            0,
            0,
            0,
            1,
            2,
            1,
            1,
            1,
            0,
            0,
            0,
            1,
            1,
            2,
            1,
            0,
            0,
            1,
            1
        ]
    ],
    "syms": [
        [
            0.0,
            1.0,
            0.0006824809825047851,
            0.0004968889988958836,
            0.011927000246942043,
            0.008669859729707241,
            0.1525139957666397,
            0.0
        ],
        [
            0.0,
            0.9998890161514282,
            0.013330900110304356,
            -0.0066096000373363495,
            0.011845700442790985,
            0.0610014982521534,
            0.6954630017280579,
            0.0
        ],
        [
            0.0,
            0.999563992023468,
            -0.029446899890899658,
            0.00236441008746624,
            0.012094300240278244,
            -0.29208698868751526,
            -0.36865299940109253,
            0.0
        ]
    ],
    "labels:": [
        [
            1,
            3,
            3,
            3,
            3,
            3,
            2,
            2,
            2,
            0,
            0
        ]
    ],
    "obj": 3038,
    "mat_index": 622,
    "obbs": "N 17\n0.0134026 0.208951 -0.343834 -0.00028936 0.987022 -0.160583 -0.000340242 0.160583 0.987022 1 0.000340242 0.00028936 0.539403 0.0956974 1.15869\n0.0154085 -0.218616 0.164159 1 0 0 0 1 0 0 0 1 1.15854 0.40122 1.10676\n0.629591 0.0692375 0.69138 1 0 0 0 1 0 0 0 1 0.081764 0.214235 0.057503\n0.629506 -0.016972 -0.389541 1 0 0 0 1 0 0 0 1 0.081595 0.276034 0.065142\n-0.6059 0.0527655 0.699547 1 0 0 0 1 0 0 0 1 0.078961 0.168371 0.039421\n-0.605694 0.0328635 -0.393628 1 0 0 0 1 0 0 0 1 0.080512 0.174799 0.056357\n0.629582 0.133172 0.147218 0.999991 0.00421942 -0.000122594 -0.00421942 0.998304 -0.0580603 -0.000122594 0.0580603 0.998313 0.0819435 0.0653626 1.05958\n0.629559 0.00909139 0.152821 0.999927 0.0121152 -0.00036657 -0.0121152 0.998097 -0.0604562 -0.00036657 0.0604562 0.998171 0.0822475 0.0651718 1.04929\n-0.605671 0.132736 0.166989 -0.000347991 -0.0422117 -0.999109 0.0164794 0.998973 -0.0422117 0.999864 -0.0164794 0.000347991 1.10373 0.06764 0.0814648\n-0.605705 0.00824834 0.152208 -0.00113539 -0.0453516 -0.99897 0.0500133 0.997718 -0.0453516 0.998748 -0.0500133 0.00113539 1.0645 0.0677933 0.0831585\n-0.605067 -0.451187 0.147383 1 0 0 0 1 0 0 0 1 0.074866 0.118405 0.935822\n0.62834 -0.451187 0.147383 1 0 0 0 1 0 0 0 1 0.076114 0.118405 0.935822\n0.0160421 0.0426364 -0.380487 -0.0109264 0.99631 -0.0851272 -0.011899 0.0849967 0.99631 0.99987 0.011899 0.0109264 0.93196 0.128705 1.15854\n0.629337 -0.257299 0.671848 -0.00450456 0.98899 0.147917 -0.00388091 -0.147935 0.98899 0.999982 0.00388091 0.00450456 0.513571 0.0571981 0.0833726\n-0.605809 -0.264072 0.671398 0.999956 -0.00611855 -0.00707359 0.00611855 -0.144054 0.989551 -0.00707359 -0.989551 -0.14401 0.0822861 0.0543675 0.495192\n0.629682 -0.310281 -0.367192 0.999419 -0.025982 -0.0220652 0.025982 0.161626 0.98651 -0.0220652 -0.98651 0.162207 0.0890824 0.0512026 0.410361\n-0.605494 -0.273893 -0.370114 -0.00332986 0.989533 -0.144266 -0.00385051 0.144253 0.989533 0.999987 0.00385051 0.00332986 0.480672 0.0534991 0.081661\nC 62\n0 7\n0 16\n0 3\n0 15\n0 12\n0 5\n0 8\n0 1\n0 6\n0 9\n1 3\n1 15\n1 6\n1 11\n1 2\n1 16\n1 14\n1 5\n1 10\n1 13\n1 4\n1 9\n1 12\n1 8\n1 7\n2 13\n2 6\n2 7\n3 15\n3 11\n3 7\n3 6\n3 12\n4 8\n4 9\n4 14\n5 9\n5 8\n5 12\n5 16\n6 7\n6 15\n6 12\n6 13\n7 12\n7 15\n7 13\n8 9\n8 14\n8 16\n8 12\n9 14\n9 16\n9 12\n10 12\n10 16\n10 14\n11 13\n11 12\n11 15\n12 16\n12 15\nS 6\n2\n2 0.629591 0.0692375 0.69138\n4 -0.6059 0.0527655 0.699547\n2\n0.0118457 0.0610015 0.695463\n-0.999889 -0.0133309 0.0066096\n2\n6 0.629582 0.133172 0.147218\n8 -0.605671 0.132736 0.166989\n2\n0.0119555 0.132954 0.157103\n-0.999872 -0.000353076 0.0160036\n2\n7 0.629559 0.00909139 0.152821\n9 -0.605705 0.00824834 0.152208\n2\n0.011927 0.00866986 0.152514\n-1 -0.000682481 -0.000496889\n2\n10 -0.605067 -0.451187 0.147383\n11 0.62834 -0.451187 0.147383\n2\n0.0116365 -0.451187 0.147383\n1 0 0\n2\n13 0.629337 -0.257299 0.671848\n14 -0.605809 -0.264072 0.671398\n2\n0.0117639 -0.260685 0.671623\n-0.999985 -0.00548335 -0.000364314\n2\n15 0.629682 -0.310281 -0.367192\n16 -0.605494 -0.273893 -0.370114\n2\n0.0120943 -0.292087 -0.368653\n-0.999564 0.0294469 -0.00236441\nL 17\n0\n1\n3\n3\n3\n3\n3\n3\n3\n3\n2\n2\n0\n2\n2\n2\n2"
}