{
    "boxes": [
        [
            0.007100999820977449,
            -0.1449050009250641,
            0.04498500004410744,
            0.47305798530578613,
            1.2906999588012695,
            1.2469899654388428,
            0.0,
            1.0,
            0.0,
            0.0,
            0.0,
            1.0
        ],
        [
            -0.46933799982070923,
            0.21964600682258606,
            0.01948310062289238,
            0.415242999792099,
            1.3647500276565552,
            0.21018600463867188,
            -0.040005698800086975,
            0.9989780187606812,
            0.021042700856924057,
            -0.07538279891014099,
            -0.024017000570893288,
            0.9968649744987488
        ],
        [
            -0.5082650184631348,
            -0.625603973865509,
            0.5940999984741211,
            0.043771401047706604,
            0.09593729674816132,
            0.09595269709825516,
            -0.004582370165735483,
            0.9999880194664001,
            -0.0016133399913087487,
            -0.35836800932884216,
            -0.0001359879970550537,
            0.9335809946060181
        ],
        [
            0.5225579738616943,
            -0.6268309950828552,
            0.6039159893989563,
            0.04100299999117851,
            0.09612199664115906,
            0.09612199664115906,
            0.0,
            1.0,
            0.0,
            0.0,
            0.0,
            1.0
        ],
        [
            -0.5076029896736145,
            -0.49655500054359436,
            0.5949169993400574,
            0.23764599859714508,
            0.06908100098371506,
            0.06784100085496902,
            0.0,
            1.0,
            0.0,
            0.0,
            0.0,
            1.0
        ],
        [
            -0.40809598565101624,
            -0.4959560036659241,
            -0.4691939949989319,
            0.276885986328125,
            0.06556490063667297,
            0.07941559702157974,
            -0.04625210165977478,
            0.9191100001335144,
            0.3912760019302368,
            0.22373299300670624,
            -0.3722130060195923,
            0.9007779955863953
        ],
        [
            -0.40764299035072327,
            -0.6246100068092346,
            -0.5185589790344238,
            0.045444000512361526,
            0.09613300114870071,
            0.09612099826335907,
            0.0,
            1.0,
            0.0,
            0.0,
            0.0,
            1.0
        ],
        [
            0.052411001175642014,
            0.27620700001716614,
            -0.45753899216651917,
            0.5413860082626343,
            0.4291499853134155,
            0.9276279807090759,
            0.02332890033721924,
            0.9564539790153503,
            -0.2909489870071411,
            0.03146890178322792,
            0.2901810109615326,
            0.9564539790153503
        ]
    ],
    "ops": [
        [
            0,
            0,
            2,
            1,
            0,
            0,
            0,
            2,
            1,
            1,
            0,
            0,
            1,
            2,
            1,
            1,
            0,
            1
        ]
    ],
    "syms": [
        [
            0.0,
            0.9999470114707947,
            0.0028038700111210346,
            -0.009893019683659077,
            0.0036666500382125378,
            0.2209720015525818,
            0.01480340026319027,
            0.0
        ],
        [
            0.0,
            0.9999539852142334,
            -3.830330024356954e-05,
            0.009552559815347195,
            0.007993750274181366,
            -0.4965749979019165,
            0.5998420119285583,
            0.0
        ],
        [
            0.0,
            0.9999579787254333,
            0.0016692300559952855,
            -0.009051980450749397,
            -0.002652500057592988,
            -0.4952790141105652,
            -0.4728640019893646,
            0.0
        ]
    ],
    "labels:": [
        [
            1,
            3,
            2,
            2,
            2,
            2,
            2,
            0
        ]
    ],
    "obj": 3062,
    "mat_index": 636,
    "obbs": "N 12\n0.052411 0.276207 -0.457539 0.999232 -0.0314689 -0.0233289 0.0314689 0.290181 0.956454 -0.0233289 -0.956454 0.290949 0.927628 0.42915 0.541386\n0.476672 0.222298 0.0101237 -0.0710446 -0.997471 -0.00184435 0.992909 -0.0705428 -0.0956824 0.0953104 -0.008629 0.99541 0.401078 0.208243 1.36025\n-0.469338 0.219646 0.0194831 0.0753828 0.024017 -0.996865 0.996352 0.038294 0.0762666 0.0400057 -0.998978 -0.0210427 1.36475 0.210186 0.415243\n0.007101 -0.144905 0.044985 1 0 0 0 1 0 0 0 1 1.24699 0.473058 1.2907\n-0.408096 -0.495956 -0.469194 0.0462521 -0.91911 -0.391276 0.973552 0.129204 -0.188419 0.223733 -0.372213 0.900778 0.276886 0.0794156 0.0655649\n0.402791 -0.494602 -0.476534 0.0129631 0.892235 0.451385 -0.088662 -0.448619 0.889314 0.995977 -0.0515489 0.0732919 0.277323 0.0801589 0.0722303\n-0.507603 -0.496555 0.594917 1 0 0 0 1 0 0 0 1 0.067841 0.237646 0.069081\n0.523591 -0.496594 0.604768 1 0 0 0 1 0 0 0 1 0.068756 0.237729 0.069209\n0.400639 -0.62538 -0.525589 1 0 0 0 1 0 0 0 1 0.096051 0.04391 0.096056\n-0.407643 -0.62461 -0.518559 1 0 0 0 1 0 0 0 1 0.096121 0.045444 0.096133\n0.522558 -0.626831 0.603916 1 0 0 0 1 0 0 0 1 0.096122 0.041003 0.096122\n-0.508265 -0.625604 0.5941 0.358368 0.000135988 -0.933581 -0.00458237 0.999988 -0.00161334 0.933569 0.00485618 0.358364 0.0959373 0.0437714 0.0959527\nC 17\n0 1\n0 3\n0 2\n1 3\n2 3\n3 10\n3 11\n3 8\n3 9\n3 6\n3 7\n3 4\n3 5\n4 9\n5 8\n6 11\n7 10\nS 4\n2\n1 0.476672 0.222298 0.0101237\n2 -0.469338 0.219646 0.0194831\n2\n0.00366665 0.220972 0.0148034\n-0.999947 -0.00280387 0.00989302\n2\n4 -0.408096 -0.495956 -0.469194\n5 0.402791 -0.494602 -0.476534\n2\n-0.0026525 -0.495279 -0.472864\n0.999958 0.00166923 -0.00905198\n2\n6 -0.507603 -0.496555 0.594917\n7 0.523591 -0.496594 0.604768\n2\n0.00799375 -0.496575 0.599842\n0.999954 -3.83033e-05 0.00955256\n2\n8 0.400639 -0.62538 -0.525589\n9 -0.407643 -0.62461 -0.518559\n2\n-0.0035025 -0.624995 -0.522074\n-0.999962 0.000952601 0.00869651\nL 12\n0\n3\n3\n1\n2\n2\n2\n2\n2\n2\n2\n2"
}