{
    "boxes": [
        [
            -0.012243499979376793,
            -0.1795099973678589,
            0.24253900349140167,
            0.11192300170660019,
            0.48530998826026917,
            0.7826370000839233,
            0.0,
            1.0,
            0.0,
            0.0,
            0.0,
            1.0
        ],
        [
            -0.44555699825286865,
            -0.06230499967932701,
            0.0728600025177002,
            0.3711319863796234,
            0.6195979714393616,
            0.14900699257850647,
            0.0,
            1.0,
            0.0,
            0.0,
            0.0,
            1.0
        ],
        [
            -0.01574300043284893,
            -0.4140320122241974,
            0.21205300092697144,
            0.39221999049186707,
            0.10128500312566757,
            0.10465399920940399,
            0.0,
            1.0,
            0.0,
            0.0,
            0.0,
            1.0
        ],
        [
            -0.2556940019130707,
            -0.6839510202407837,
            -0.18115900456905365,
            0.11407200247049332,
            0.10729700326919556,
            0.07655160129070282,
            0.3066070079803467,
            0.7727829813957214,
            0.5556960105895996,
            0.38752299547195435,
            -0.634585976600647,
            0.6686750054359436
        ],
        [
            -0.15771399438381195,
            -0.5840010046958923,
            -0.01141079980880022,
            0.06928910315036774,
            0.4123220145702362,
            0.02239139936864376,
            -0.023468999192118645,
            0.9983729720115662,
            -0.05197089910507202,
            0.5032740235328674,
            0.056716300547122955,
            0.8622639775276184
        ],
        [
            -0.019759800285100937,
            0.26132699847221375,
            -0.17488199472427368,
            1.014549970626831,
            0.2521589994430542,
            0.8168780207633972,
            -5.1157800044165924e-05,
            0.988493025302887,
            -0.15127000212669373,
            -5.958199835731648e-05,
            0.15127000212669373,
            0.988493025302887
        ]
    ],
    "ops": [
        [
            0,
            0,
            2,
            1,
            0,
            0,
            0,
            1,
            2,
            1,
            1,
            0,
            1
        ]
    ],
    "syms": [
        [
            0.0,
            0.9999669790267944,
            0.008084760047495365,
            -0.0006965809734538198,
            -0.01525569986552,
            -0.05882599949836731,
            0.07256019860506058,
            0.0
        ],
        [
            -1.0,
            0.007675259839743376,
            0.9999600052833557,
            -0.004538060165941715,
            -0.012672900222241879,
            -0.6833590269088745,
            0.19865800440311432,
            0.20000000298023224
        ]
    ],
    "labels:": [
        [
            1,
            3,
            2,
            2,
            2,
            0
        ]
    ],
    "obj": 3063,
    "mat_index": 637,
    "obbs": "N 15\n-0.0197598 0.261327 -0.174882 1 5.9582e-05 5.11578e-05 -5.9582e-05 0.15127 0.988493 5.11578e-05 -0.988493 0.15127 0.816878 0.252159 1.01455\n0.415046 -0.055347 0.0722605 1 0 0 0 1 0 0 0 1 0.148804 0.385794 0.618257\n-0.445557 -0.062305 0.07286 1 0 0 0 1 0 0 0 1 0.149007 0.371132 0.619598\n-0.255694 -0.683951 -0.181159 -0.306607 -0.772783 -0.555696 0.869378 0.0103249 -0.49404 0.387523 -0.634586 0.668675 0.114072 0.0765516 0.107297\n-0.448009 -0.678299 0.329838 0.572498 0.802675 -0.167211 0.269091 0.00869967 0.963076 0.774491 -0.596353 -0.211012 0.115807 0.0768328 0.105716\n-0.0255392 -0.682297 0.658047 0.012225 0.807959 -0.589111 0.999866 -0.0163059 -0.00161447 -0.0109104 -0.589012 -0.80805 0.117448 0.0764759 0.106859\n0.424247 -0.685217 0.339987 0.784931 0.589766 0.189895 -0.261497 0.0374863 0.964476 0.561696 -0.806704 0.183646 0.10686 0.0776702 0.119174\n0.241631 -0.687029 -0.153423 0.368725 -0.75617 -0.5406 0.820422 -0.0086578 0.571692 -0.436977 -0.654318 0.617187 0.113671 0.0762411 0.10657\n-0.015743 -0.414032 0.212053 1 0 0 0 1 0 0 0 1 0.104654 0.39222 0.101285\n-0.157714 -0.584001 -0.0114108 0.023469 -0.998373 0.0519709 0.863808 -0.0059192 -0.503786 0.503274 0.0567163 0.862264 0.0692891 0.0223914 0.412322\n0.129611 -0.578906 0.00689315 0.0246497 0.999685 -0.00478289 0.819368 -0.0174621 0.573003 0.572738 -0.0180433 -0.81954 0.0689878 0.0232791 0.409649\n0.236143 -0.585428 0.290264 0.0322022 0.997304 0.0659427 -0.262232 -0.0552352 0.963423 0.964467 -0.0483166 0.259746 0.0693825 0.0255507 0.411651\n-0.0255309 -0.582633 0.463092 0.000843663 -0.998813 -0.0487027 0.999993 0.00102221 -0.00364127 0.00368673 -0.0486993 0.998807 0.0687006 0.0221486 0.410835\n-0.259582 -0.5776 0.278743 -0.0383034 0.998284 0.0442982 0.262303 -0.0327316 0.96443 0.964225 0.0485605 -0.260599 0.0692035 0.0241548 0.411668\n-0.0122435 -0.17951 0.242539 1 0 0 0 1 0 0 0 1 0.782637 0.111923 0.48531\nC 27\n0 14\n0 8\n0 1\n0 2\n1 14\n2 14\n3 9\n4 13\n5 12\n6 11\n7 10\n8 13\n8 9\n8 14\n8 10\n8 11\n8 12\n9 11\n9 10\n9 13\n9 12\n10 11\n10 12\n10 13\n11 13\n11 12\n12 13\nS 3\n2\n1 0.415046 -0.055347 0.0722605\n2 -0.445557 -0.062305 0.07286\n2\n-0.0152557 -0.058826 0.0725602\n-0.999967 -0.00808476 0.000696581\n5\n6 0.424247 -0.685217 0.339987\n7 0.241631 -0.687029 -0.153423\n3 -0.255694 -0.683951 -0.181159\n4 -0.448009 -0.678299 0.329838\n5 -0.0255392 -0.682297 0.658047\n3\n-0.0126729 -0.683359 0.198658\n0.00767526 0.99996 -0.00453806\n5\n11 0.236143 -0.585428 0.290264\n10 0.129611 -0.578906 0.00689315\n9 -0.157714 -0.584001 -0.0114108\n13 -0.259582 -0.5776 0.278743\n12 -0.0255309 -0.582633 0.463092\n3\n-0.0154144 -0.581714 0.205516\n-0.00698205 -0.999972 -0.0026444\nL 15\n0\n3\n3\n2\n2\n2\n2\n2\n2\n2\n2\n2\n2\n2\n1"
}