{
    "boxes": [
        [
            0.010255799628794193,
            0.03581010177731514,
            0.19198599457740784,
            0.13714100420475006,
            0.6962640285491943,
            0.801596999168396,
            -0.004583240021020174,
            0.9882060289382935,
            -0.15306499600410461,
            -0.00035284701152704656,
            0.15306499600410461,
            0.988215982913971
        ],
        [
            0.007907059974968433,
            -0.6466720104217529,
            -0.2793869972229004,
            0.12166699767112732,
            0.05022690072655678,
            0.6298940181732178,
            0.007672620005905628,
            0.9970250129699707,
            0.07669690251350403,
            0.007104869931936264,
            -0.07675159722566605,
            0.9970250129699707
        ],
        [
            0.010273500345647335,
            0.11256899684667587,
            -0.1860550045967102,
            0.06727399677038193,
            0.047196000814437866,
            0.6270830035209656,
            0.0,
            1.0,
            0.0,
            0.0,
            0.0,
            1.0
        ],
        [
            -0.34594500064849854,
            -0.21871599555015564,
            -0.22663399577140808,
            1.1360599994659424,
            0.04661700129508972,
            0.12630000710487366,
            0.009077879600226879,
            0.9925919771194458,
            0.12115400284528732,
            -0.03831959888339043,
            -0.12072499841451645,
            0.9919459819793701
        ],
        [
            -0.40734198689460754,
            -0.3521539866924286,
            0.21813499927520752,
            1.018779993057251,
            0.10907100141048431,
            0.0789330005645752,
            0.0009093050030060112,
            0.8801140189170837,
            -0.4747619926929474,
            0.08470740169286728,
            0.4729880094528198,
            0.8769869804382324
        ],
        [
            0.014201000332832336,
            0.6344149708747864,
            -0.29638901352882385,
            0.36386701464653015,
            0.08714810013771057,
            0.8222029805183411,
            -0.0038030000869184732,
            0.8658750057220459,
            -0.500245988368988,
            -0.00658908998593688,
            0.5002170205116272,
            0.8658750057220459
        ],
        [
            -0.4077099859714508,
            0.42996498942375183,
            -0.19268199801445007,
            0.8310850262641907,
            0.10204900056123734,
            0.07484959810972214,
            0.0039897700771689415,
            0.8811330199241638,
            -0.4728519916534424,
            0.026049600914120674,
            0.47260400652885437,
            0.8808900117874146
        ]
    ],
    "ops": [
        [
            0,
            0,
            2,
            0,
            0,
            0,
            1,
            2,
            1,
            1,
            1,
            0,
            0,
            2,
            1,
            1
        ]
    ],
    "syms": [
        [
            0.0,
            0.009906579740345478,
            0.17434699833393097,
            0.9846339821815491,
            0.011021500453352928,
            -0.5918610095977783,
            0.03016199916601181,
            0.0
        ],
        [
            0.0,
            1.0,
            0.0005295000155456364,
            -0.000319471990223974,
            0.01276359986513853,
            -0.21852600574493408,
            -0.2267490029335022,
            0.0
        ],
        [
            0.0,
            0.9999589920043945,
            -0.007494240067899227,
            0.0050246501341462135,
            0.01012639980763197,
            0.42683398723602295,
            -0.1905820071697235,
            0.0
        ]
    ],
    "labels:": [
        [
            1,
            2,
            2,
            2,
            2,
            0,
            0
        ]
    ],
    "obj": 309,
    "mat_index": 653,
    "obbs": "N 11\n0.014201 0.634415 -0.296389 -0.003803 0.865875 -0.500246 -0.00658909 0.500217 0.865875 0.999971 0.00658909 0.003803 0.363867 0.0871481 0.822203\n0.0102735 0.112569 -0.186055 1 0 0 0 1 0 0 0 1 0.627083 0.067274 0.047196\n0.00790706 -0.646672 -0.279387 0.999945 -0.00710487 -0.00767262 0.00710487 -0.0767516 0.997025 -0.00767262 -0.997025 -0.0766969 0.629894 0.0502269 0.121667\n0.0141359 -0.53705 0.339711 0.999978 -0.00570959 -0.00335405 0.00570959 0.486874 0.873453 -0.00335405 -0.873453 0.486896 0.818712 0.0578788 0.0963665\n0.0102558 0.0358101 0.191986 0.999989 0.00458324 -0.000352847 -0.00458324 0.988206 -0.153065 -0.000352847 0.153065 0.988216 0.801597 0.137141 0.696264\n0.427963 0.423702 -0.188483 -0.00074004 -0.455972 -0.889994 0.999994 0.00272392 -0.00222706 0.00343975 -0.88999 0.455967 0.103331 0.0713526 0.845234\n-0.40771 0.429965 -0.192682 0.00398977 0.881133 -0.472852 0.999653 -0.0158322 -0.0210676 -0.0260496 -0.472604 -0.88089 0.831085 0.0748496 0.102049\n-0.345945 -0.218716 -0.226634 -0.999224 0.0136474 -0.0369398 -0.0383196 -0.120725 0.991946 0.00907788 0.992592 0.121154 0.1263 0.046617 1.13606\n0.371473 -0.218336 -0.226863 0.998634 8.04755e-05 -0.0522452 0.051868 -0.121482 0.991238 -0.00626708 -0.992594 -0.12132 0.111125 0.0470876 1.13636\n0.422652 -0.357983 0.22196 0.00582252 0.882085 -0.471054 0.999679 -0.0167559 -0.0190201 -0.0246702 -0.470792 -0.881899 1.00431 0.0851242 0.102257\n-0.407342 -0.352154 0.218135 -0.0847074 -0.472988 -0.876987 0.996405 -0.0410134 -0.0741221 -0.000909305 -0.880114 0.474762 0.109071 0.078933 1.01878\nC 27\n0 7\n0 5\n0 8\n0 6\n1 6\n1 5\n1 10\n1 4\n1 9\n1 8\n1 7\n2 8\n2 7\n3 10\n3 9\n4 7\n4 8\n4 9\n4 10\n4 5\n4 6\n5 9\n5 8\n6 7\n6 10\n7 10\n8 9\nS 4\n2\n2 0.00790706 -0.646672 -0.279387\n3 0.0141359 -0.53705 0.339711\n2\n0.0110215 -0.591861 0.030162\n0.00990658 0.174347 0.984634\n2\n5 0.427963 0.423702 -0.188483\n6 -0.40771 0.429965 -0.192682\n2\n0.0101264 0.426834 -0.190582\n-0.999959 0.00749424 -0.00502465\n2\n7 -0.345945 -0.218716 -0.226634\n8 0.371473 -0.218336 -0.226863\n2\n0.0127636 -0.218526 -0.226749\n1 0.0005295 -0.000319472\n2\n9 0.422652 -0.357983 0.22196\n10 -0.407342 -0.352154 0.218135\n2\n0.00765522 -0.355068 0.220048\n-0.999965 0.00702256 -0.00460872\nL 11\n0\n2\n2\n2\n1\n0\n0\n2\n2\n2\n2"
}