{
    "boxes": [
        [
            0.006625030189752579,
            -0.10431600362062454,
            0.14538100361824036,
            0.15751700103282928,
            0.7923589944839478,
            0.8075559735298157,
            0.0025994901079684496,
            0.9994530081748962,
            0.032960399985313416,
            -4.285179966245778e-05,
            -0.032960399985313416,
            0.9994570016860962
        ],
        [
            -0.39289501309394836,
            -0.007204010151326656,
            -0.10605800151824951,
            0.3127239942550659,
            0.0957074984908104,
            0.02974030002951622,
            -0.0054662697948515415,
            0.88994300365448,
            0.4560379981994629,
            0.06009230017662048,
            -0.454928994178772,
            0.8884980082511902
        ],
        [
            -0.39682498574256897,
            0.11359000205993652,
            0.12779399752616882,
            0.05328899994492531,
            0.41278401017189026,
            0.019747000187635422,
            0.0,
            1.0,
            0.0,
            0.0,
            0.0,
            1.0
        ],
        [
            -0.39051198959350586,
            -0.4479219913482666,
            -0.3021000027656555,
            0.7202690243721008,
            0.06484589725732803,
            0.03404970094561577,
            0.002068120054900646,
            0.9261119961738586,
            0.3772430121898651,
            -0.0226197000592947,
            -0.3771040141582489,
            0.9258949756622314
        ],
        [
            -0.37019699811935425,
            -0.4681299924850464,
            0.5110359787940979,
            0.6172800064086914,
            0.057583998888731,
            0.04140700027346611,
            0.0,
            1.0,
            0.0,
            0.0,
            0.0,
            1.0
        ],
        [
            -0.001141499960795045,
            0.23464199900627136,
            -0.2347330003976822,
            0.6360020041465759,
            0.0618630014359951,
            0.7348949909210205,
            0.0,
            1.0,
            0.0,
            0.0,
            0.0,
            1.0
        ],
        [
            -0.3597489893436432,
            0.21908000111579895,
            -0.23363399505615234,
            0.6996319890022278,
            0.10263500362634659,
            0.06230099871754646,
            0.0,
            1.0,
            0.0,
            0.0,
            0.0,
            1.0
        ]
    ],
    "ops": [
        [
            0,
            0,
            0,
            1,
            2,
            1,
            0,
            0,
            1,
            2,
            1,
            0,
            0,
            2,
            1,
            1
        ]
    ],
    "syms": [
        [
            0.0,
            0.9999840259552002,
            -0.005119329784065485,
            0.0025541200302541256,
            0.0019440599717199802,
            -0.009225360117852688,
            -0.1050489991903305,
            0.0
        ],
        [
            0.0,
            0.9999520182609558,
            -0.008173130452632904,
            -0.005461679771542549,
            0.007080260198563337,
            -0.45117101073265076,
            -0.30427199602127075,
            0.0
        ],
        [
            0.0,
            0.9999759793281555,
            0.00693356990814209,
            0.00010935099999187514,
            0.006034750025719404,
            0.2216159999370575,
            -0.23359400033950806,
            0.0
        ]
    ],
    "labels:": [
        [
            1,
            3,
            3,
            2,
            2,
            0,
            0
        ]
    ],
    "obj": 3139,
    "mat_index": 679,
    "obbs": "N 12\n-0.0011415 0.234642 -0.234733 1 0 0 0 1 0 0 0 1 0.734895 0.636002 0.061863\n0.00662503 -0.104316 0.145381 0.999997 -0.00259949 -4.28518e-05 0.00259949 0.999453 0.0329604 -4.28518e-05 -0.0329604 0.999457 0.807556 0.157517 0.792359\n-0.359749 0.21908 -0.233634 1 0 0 0 1 0 0 0 1 0.062301 0.699632 0.102635\n0.371819 0.224153 -0.233554 1 0 0 0 1 0 0 0 1 0.06228 0.689839 0.103163\n0.396783 -0.0112467 -0.104041 -0.00371343 -0.915438 -0.402442 0.994156 -0.0467982 0.0972789 -0.107886 -0.399729 0.910262 0.313818 0.0445504 0.090619\n-0.392895 -0.00720401 -0.106058 0.00546627 -0.889943 -0.456038 0.998178 0.0322612 -0.050992 0.0600923 -0.454929 0.888498 0.312724 0.0297403 0.0957075\n0.408884 0.113635 0.134687 1 0 0 0 1 0 0 0 1 0.019748 0.05316 0.39897\n-0.396825 0.11359 0.127794 1 0 0 0 1 0 0 0 1 0.019747 0.053289 0.412784\n0.404672 -0.454421 -0.306443 -0.00274482 -0.928556 -0.371182 0.999871 -0.00842555 0.0136837 -0.0158335 -0.371096 0.928459 0.701972 0.0299142 0.0518142\n0.381531 -0.469795 0.512172 1 0 0 0 1 0 0 0 1 0.042856 0.613934 0.055171\n-0.370197 -0.46813 0.511036 1 0 0 0 1 0 0 0 1 0.041407 0.61728 0.057584\n-0.390512 -0.447922 -0.3021 -0.00206812 -0.926112 -0.377243 0.999742 -0.010448 0.0201684 -0.0226197 -0.377104 0.925895 0.720269 0.0340497 0.0648459\nC 31\n0 7\n0 3\n0 11\n0 4\n0 5\n0 8\n0 1\n0 6\n0 2\n1 3\n1 6\n1 11\n1 2\n1 5\n1 10\n1 4\n1 9\n1 8\n1 7\n2 5\n2 7\n2 11\n3 6\n3 8\n3 4\n4 8\n4 6\n5 11\n5 7\n6 8\n7 11\nS 5\n2\n2 -0.359749 0.21908 -0.233634\n3 0.371819 0.224153 -0.233554\n2\n0.00603475 0.221616 -0.233594\n0.999976 0.00693357 0.000109351\n2\n4 0.396783 -0.0112467 -0.104041\n5 -0.392895 -0.00720401 -0.106058\n2\n0.00194406 -0.00922536 -0.105049\n-0.999984 0.00511933 -0.00255412\n2\n6 0.408884 0.113635 0.134687\n7 -0.396825 0.11359 0.127794\n2\n0.00602975 0.113613 0.13124\n-0.999963 -5.52289e-05 -0.00855489\n2\n8 0.404672 -0.454421 -0.306443\n11 -0.390512 -0.447922 -0.3021\n2\n0.00708026 -0.451171 -0.304272\n-0.999952 0.00817313 0.00546168\n2\n9 0.381531 -0.469795 0.512172\n10 -0.370197 -0.46813 0.511036\n2\n0.00566725 -0.468962 0.511604\n-0.999996 0.00221489 -0.00151185\nL 12\n0\n1\n0\n0\n3\n3\n3\n3\n2\n2\n2\n2"
}