{
    "boxes": [
        [
            0.0024319998919963837,
            -0.044198501855134964,
            0.15087999403476715,
            0.14275699853897095,
            0.7437800168991089,
            0.7891740202903748,
            0.0,
            1.0,
            0.0,
            0.0,
            0.0,
            1.0
        ],
        [
            -0.38531699776649475,
            -0.434796005487442,
            -0.24328400194644928,
            0.6908379793167114,
            0.036444999277591705,
            0.052216898649930954,
            0.058657899498939514,
            0.9576879739761353,
            0.28176701068878174,
            0.08275710046291351,
            -0.2859469950199127,
            0.9546650052070618
        ],
        [
            -0.3713949918746948,
            -0.4139310121536255,
            0.5053319931030273,
            0.7063450217247009,
            0.03591810166835785,
            0.050847701728343964,
            0.09082759916782379,
            0.9958639740943909,
            0.0024636699818074703,
            -0.013740899972617626,
            -0.001220430014654994,
            0.999904990196228
        ],
        [
            -0.39816200733184814,
            -0.7663180232048035,
            0.08730179816484451,
            0.04417100176215172,
            0.8500080108642578,
            0.04186689853668213,
            0.005516009870916605,
            0.9999840259552002,
            0.0010966199915856123,
            -3.0244900699472055e-06,
            -0.0010966199915856123,
            0.9999989867210388
        ],
        [
            0.0022186499554663897,
            0.3297039866447449,
            -0.292807012796402,
            0.672776997089386,
            0.05630769953131676,
            0.781548023223877,
            -0.00042516901157796383,
            0.9793059825897217,
            -0.20238499343395233,
            -0.0005220189923420548,
            0.20238399505615234,
            0.9793059825897217
        ]
    ],
    "ops": [
        [
            0,
            0,
            0,
            0,
            1,
            1,
            2,
            1,
            0,
            1
        ]
    ],
    "syms": [
        [
            0.0,
            0.9999849796295166,
            0.004116979893296957,
            -0.0036527100019156933,
            0.0010393300326541066,
            -0.4332050085067749,
            -0.2446960061788559,
            0.0
        ]
    ],
    "labels:": [
        [
            1,
            2,
            2,
            2,
            0
        ]
    ],
    "obj": 2121,
    "mat_index": 69,
    "obbs": "N 8\n0.00221865 0.329704 -0.292807 -0.000425169 0.979306 -0.202385 -0.000522019 0.202384 0.979306 1 0.000522019 0.000425169 0.672777 0.0563077 0.781548\n0.002432 -0.0441985 0.15088 1 0 0 0 1 0 0 0 1 0.789174 0.142757 0.74378\n-0.371395 -0.413931 0.505332 0.0908276 0.995864 0.00246367 -0.0137409 -0.00122043 0.999905 0.995772 -0.0908529 0.0135733 0.706345 0.0359181 0.0508477\n-0.385317 -0.434796 -0.243284 0.994842 -0.0326804 -0.0960285 0.0827571 -0.285947 0.954665 -0.0586579 -0.957688 -0.281767 0.0522169 0.036445 0.690838\n0.387396 -0.431614 -0.246107 -0.0187271 0.957325 0.288406 -0.0915559 -0.288886 0.952975 0.995624 -0.00855875 0.0930587 0.685082 0.0279736 0.0590028\n0.377421 -0.421222 0.504025 0.99579 0.0645081 0.0651222 -0.0645081 -0.0115599 0.99785 0.0651222 -0.99785 -0.00734992 0.0460059 0.0410778 0.712414\n0.403216 -0.765821 0.0859485 1 0 0 0 1 0 0 0 1 0.040855 0.044325 0.847187\n-0.398162 -0.766318 0.0873018 0.999985 -0.00551601 -3.02449e-06 0.00551601 0.999984 0.00109662 -3.02449e-06 -0.00109662 0.999999 0.0418669 0.044171 0.850008\nC 11\n0 1\n0 4\n0 3\n1 2\n1 3\n1 4\n1 5\n2 7\n3 7\n4 6\n5 6\nS 3\n2\n2 -0.371395 -0.413931 0.505332\n5 0.377421 -0.421222 0.504025\n2\n0.00301329 -0.417576 0.504679\n0.999951 -0.00973642 -0.00174489\n2\n3 -0.385317 -0.434796 -0.243284\n4 0.387396 -0.431614 -0.246107\n2\n0.00103933 -0.433205 -0.244696\n0.999985 0.00411698 -0.00365271\n2\n6 0.403216 -0.765821 0.0859485\n7 -0.398162 -0.766318 0.0873018\n2\n0.00252721 -0.766069 0.0866251\n-0.999998 -0.000620814 0.00168869\nL 8\n0\n1\n2\n2\n2\n2\n2\n2"
}