{
    "boxes": [
        [
            -0.005156999919563532,
            -0.05026800185441971,
            0.13290299475193024,
            0.10430199652910233,
            0.7593550086021423,
            0.8010619878768921,
            0.0,
            1.0,
            0.0,
            0.0,
            0.0,
            1.0
        ],
        [
            -0.34609800577163696,
            -0.43611499667167664,
            0.4589020013809204,
            0.7050300240516663,
            0.10702499747276306,
            0.11642000079154968,
            0.0,
            1.0,
            0.0,
            0.0,
            0.0,
            1.0
        ],
        [
            -0.3435229957103729,
            -0.42992401123046875,
            -0.19096800684928894,
            0.717411994934082,
            0.10964500159025192,
            0.12753400206565857,
            0.0,
            1.0,
            0.0,
            0.0,
            0.0,
            1.0
        ],
        [
            0.003985019866377115,
            0.5364350080490112,
            -0.29450398683547974,
            0.49355700612068176,
            0.10917200148105621,
            0.6111429929733276,
            -0.023585699498653412,
            0.9717519879341125,
            -0.23482400178909302,
            0.03655549883842468,
            0.2355699986219406,
            0.9711700081825256
        ],
        [
            -0.3518649935722351,
            0.3685159981250763,
            -0.26484599709510803,
            0.9089009761810303,
            0.17069800198078156,
            0.17447400093078613,
            -0.021454300731420517,
            0.9804810285568237,
            -0.19544200599193573,
            0.6222339868545532,
            0.16610600054264069,
            0.7650049924850464
        ]
    ],
    "ops": [
        [
            0,
            0,
            0,
            1,
            2,
            1,
            0,
            0,
            2,
            1,
            1
        ]
    ],
    "syms": [
        [
            0.0,
            1.0,
            -0.0004921350046060979,
            -0.0002970409987028688,
            -0.005236499942839146,
            -0.4362829923629761,
            0.45879998803138733,
            0.0
        ],
        [
            0.0,
            0.999858021736145,
            -0.016141900792717934,
            -0.004933429881930351,
            -0.006765170022845268,
            0.36294499039649963,
            -0.2665489912033081,
            0.0
        ]
    ],
    "labels:": [
        [
            1,
            2,
            2,
            0,
            0
        ]
    ],
    "obj": 3157,
    "mat_index": 693,
    "obbs": "N 8\n0.00398502 0.536435 -0.294504 0.999053 0.0143216 -0.041079 0.0365555 0.23557 0.97117 0.0235857 -0.971752 0.234824 0.611143 0.109172 0.493557\n-0.005157 -0.050268 0.132903 1 0 0 0 1 0 0 0 1 0.801062 0.104302 0.759355\n0.338335 0.357373 -0.268252 -0.865884 -0.113389 -0.487225 -0.500236 0.190076 0.84477 -0.00317805 0.9752 -0.221305 0.160078 0.173824 0.927062\n-0.351865 0.368516 -0.264846 0.782537 -0.105198 -0.613652 0.622234 0.166106 0.765005 0.0214543 -0.980481 0.195442 0.174474 0.170698 0.908901\n0.335625 -0.436451 0.458699 1 0 0 0 1 0 0 0 1 0.121524 0.704359 0.107428\n0.335072 -0.435632 -0.191767 1 0 0 0 1 0 0 0 1 0.118511 0.705997 0.109911\n-0.343523 -0.429924 -0.190968 1 0 0 0 1 0 0 0 1 0.127534 0.717412 0.109645\n-0.346098 -0.436115 0.458902 1 0 0 0 1 0 0 0 1 0.11642 0.70503 0.107025\nC 10\n0 3\n0 2\n1 2\n1 3\n1 4\n1 5\n1 6\n1 7\n2 5\n3 6\nS 3\n2\n2 0.338335 0.357373 -0.268252\n3 -0.351865 0.368516 -0.264846\n2\n-0.00676517 0.362945 -0.266549\n-0.999858 0.0161419 0.00493343\n2\n4 0.335625 -0.436451 0.458699\n7 -0.346098 -0.436115 0.458902\n2\n-0.0052365 -0.436283 0.4588\n-1 0.000492135 0.000297041\n2\n5 0.335072 -0.435632 -0.191767\n6 -0.343523 -0.429924 -0.190968\n2\n-0.00422525 -0.432778 -0.191367\n-0.999964 0.00841045 0.00117886\nL 8\n0\n1\n0\n0\n2\n2\n2\n2"
}