{
    "boxes": [
        [
            -0.0002730000123847276,
            -0.12166000157594681,
            0.13655200600624084,
            0.1891469955444336,
            0.8965089917182922,
            0.9218479990959167,
            0.0,
            1.0,
            0.0,
            0.0,
            0.0,
            1.0
        ],
        [
            0.44569000601768494,
            0.10349299758672714,
            0.16665799915790558,
            0.4165329933166504,
            0.7204809784889221,
            0.1489579975605011,
            0.2707059979438782,
            0.9613909721374512,
            -0.04945480078458786,
            0.04945480078458786,
            0.037416499108076096,
            0.998075008392334
        ],
        [
            -0.3898940086364746,
            -0.4945470094680786,
            -0.4185520112514496,
            0.6496059894561768,
            0.0842617005109787,
            0.054542701691389084,
            0.05735139921307564,
            0.9566299915313721,
            0.28560400009155273,
            0.3266800045967102,
            -0.2883079946041107,
            0.9000880122184753
        ],
        [
            -0.3490230143070221,
            -0.473706990480423,
            0.46935001015663147,
            0.6584140062332153,
            0.0635887011885643,
            0.06174460053443909,
            0.005391090176999569,
            0.9990710020065308,
            -0.042764898389577866,
            -0.4671249985694885,
            0.040328800678253174,
            0.8832709789276123
        ],
        [
            0.004554870072752237,
            0.20536500215530396,
            -0.3479959964752197,
            0.8370760083198547,
            0.2429489940404892,
            0.8297690153121948,
            -0.0012329199817031622,
            0.9847800135612488,
            -0.1738010048866272,
            -0.00146956997923553,
            0.17379899322986603,
            0.9847800135612488
        ]
    ],
    "ops": [
        [
            0,
            0,
            2,
            1,
            0,
            0,
            1,
            2,
            1,
            0,
            1
        ]
    ],
    "syms": [
        [
            0.0,
            0.9992319941520691,
            0.009380940347909927,
            -0.038032498210668564,
            -0.009024140425026417,
            0.09922459721565247,
            0.18396499752998352,
            0.0
        ],
        [
            0.0,
            0.9999909996986389,
            -0.00376764009706676,
            -0.002072799950838089,
            0.015430299565196037,
            -0.49607399106025696,
            -0.4193919897079468,
            0.0
        ]
    ],
    "labels:": [
        [
            1,
            3,
            2,
            2,
            0
        ]
    ],
    "obj": 3213,
    "mat_index": 715,
    "obbs": "N 8\n0.00455487 0.205365 -0.347996 0.999998 0.00146957 0.00123292 -0.00146957 0.173799 0.98478 0.00123292 -0.98478 0.173801 0.829769 0.242949 0.837076\n0.44569 0.103493 0.166658 -0.270706 -0.961391 0.0494548 0.961391 -0.272631 -0.0374165 0.0494548 0.0374165 0.998075 0.416533 0.148958 0.720481\n-0.463738 0.0949556 0.201272 0.0194259 0.0246282 -0.999508 0.972253 0.23263 0.0246282 0.233122 -0.972253 -0.0194259 0.68193 0.16041 0.448039\n-0.000273 -0.12166 0.136552 1 0 0 0 1 0 0 0 1 0.921848 0.189147 0.896509\n0.420754 -0.497601 -0.420232 -0.0688775 0.957551 0.279913 0.827364 -0.101947 0.552336 0.557426 0.269633 -0.785222 0.633237 0.0536676 0.0828759\n0.382209 -0.471077 0.471713 0.942645 0.0285032 -0.332578 0.3313 0.0417582 0.942601 0.040755 -0.998721 0.0299201 0.0588338 0.0584162 0.665193\n-0.349023 -0.473707 0.46935 0.00539109 0.999071 -0.0427649 -0.467125 0.0403288 0.883271 0.884175 0.0152148 0.466908 0.658414 0.0635887 0.0617446\n-0.389894 -0.494547 -0.418552 -0.32668 0.288308 -0.900088 0.943393 0.0416798 -0.329047 -0.0573514 -0.95663 -0.285604 0.0842617 0.0545427 0.649606\nC 15\n0 1\n0 7\n0 4\n0 3\n0 2\n1 3\n1 4\n1 5\n2 7\n2 6\n2 3\n3 6\n3 7\n3 4\n3 5\nS 3\n2\n1 0.44569 0.103493 0.166658\n2 -0.463738 0.0949556 0.201272\n2\n-0.00902414 0.0992246 0.183965\n-0.999232 -0.00938094 0.0380325\n2\n4 0.420754 -0.497601 -0.420232\n7 -0.389894 -0.494547 -0.418552\n2\n0.0154303 -0.496074 -0.419392\n-0.999991 0.00376764 0.0020728\n2\n5 0.382209 -0.471077 0.471713\n6 -0.349023 -0.473707 0.46935\n2\n0.0165929 -0.472392 0.470531\n-0.999988 -0.00359587 -0.00323166\nL 8\n0\n3\n3\n1\n2\n2\n2\n2"
}