{
    "boxes": [
        [
            0.008719000034034252,
            -0.23506200313568115,
            0.20241400599479675,
            0.3759079873561859,
            0.6411610245704651,
            0.8229280114173889,
            0.0,
            1.0,
            0.0,
            0.0,
            0.0,
            1.0
        ],
        [
            -0.35499000549316406,
            0.2039009928703308,
            -0.19133099913597107,
            0.059307001531124115,
            0.13679100573062897,
            0.09550900012254715,
            0.0,
            1.0,
            0.0,
            0.0,
            0.0,
            1.0
        ],
        [
            -0.3579680025577545,
            0.06076040118932724,
            0.11724500358104706,
            0.13789699971675873,
            0.6078720092773438,
            0.11298999935388565,
            0.15480899810791016,
            0.920553982257843,
            0.3586300015449524,
            -0.012415300123393536,
            -0.36116400361061096,
            0.9324190020561218
        ],
        [
            0.009241369552910328,
            -0.6251149773597717,
            0.14044800400733948,
            0.41930699348449707,
            0.7049959897994995,
            0.6328259706497192,
            0.005135629791766405,
            0.9999560117721558,
            0.007851329632103443,
            -0.7071120142936707,
            -0.0019202899420633912,
            0.7070990204811096
        ],
        [
            0.03634149953722954,
            -0.6883029937744141,
            -0.07387769967317581,
            0.14350000023841858,
            0.5772079825401306,
            0.03791230171918869,
            -0.034644901752471924,
            0.8001909852027893,
            -0.5987430214881897,
            -0.008254430256783962,
            0.5988540053367615,
            0.800815999507904
        ],
        [
            0.008527000434696674,
            0.31024399399757385,
            -0.15824100375175476,
            0.926891028881073,
            0.27088800072669983,
            0.6435679793357849,
            0.0,
            1.0,
            0.0,
            0.0,
            0.0,
            1.0
        ],
        [
            0.008883349597454071,
            0.27687299251556396,
            -0.1755550056695938,
            1.0059200525283813,
            0.33910098671913147,
            0.8253719806671143,
            -0.002672449918463826,
            0.9992939829826355,
            -0.03748070076107979,
            -0.00277455011382699,
            0.037473201751708984,
            0.9992939829826355
        ]
    ],
    "ops": [
        [
            0,
            0,
            0,
            1,
            2,
            1,
            0,
            0,
            2,
            1,
            1,
            0,
            0,
            1,
            1
        ]
    ],
    "syms": [
        [
            0.0,
            0.9999639987945557,
            -0.0003079040034208447,
            0.008469769731163979,
            0.007934249937534332,
            0.20378899574279785,
            -0.18825599551200867,
            0.0
        ],
        [
            -1.0,
            0.004063940141350031,
            0.9999669790267944,
            -0.0070856898091733456,
            0.00849130004644394,
            -0.6843039989471436,
            0.12884099781513214,
            0.25
        ]
    ],
    "labels:": [
        [
            1,
            3,
            3,
            2,
            2,
            0,
            0
        ]
    ],
    "obj": 3289,
    "mat_index": 761,
    "obbs": "N 12\n0.008527 0.310244 -0.158241 1 0 0 0 1 0 0 0 1 0.643568 0.926891 0.270888\n0.00924137 -0.625115 0.140448 0.707112 0.00192029 -0.707099 0.00513563 0.999956 0.00785133 0.707083 -0.00918317 0.707071 0.704996 0.419307 0.632826\n0.370859 0.203677 -0.185182 1 0 0 0 1 0 0 0 1 0.098632 0.05925 0.147991\n-0.35499 0.203901 -0.191331 1 0 0 0 1 0 0 0 1 0.095509 0.059307 0.136791\n0.008719 -0.235062 0.202414 1 0 0 0 1 0 0 0 1 0.822928 0.375908 0.641161\n0.200206 -0.682574 0.137403 -0.717841 0.696191 0.00477014 -0.0150734 -0.0223915 0.999636 0.696044 0.717508 0.0265675 0.520436 0.0337841 0.133624\n-0.0205344 -0.685161 0.33689 0.00386722 0.617256 -0.786753 0.999557 -0.0255928 -0.0151658 -0.0294964 -0.786346 -0.617082 0.602118 0.0375182 0.141125\n-0.182047 -0.68118 0.114948 -0.710655 0.703292 -0.0187045 -0.00515252 0.0213828 0.999758 0.703522 0.710579 -0.011572 0.134556 0.0353061 0.521097\n0.0363415 -0.688303 -0.0738777 -0.0346449 0.800191 -0.598743 0.999366 0.0326865 -0.0141421 0.00825443 -0.598854 -0.800816 0.1435 0.0379123 0.577208\n0.3741 0.059517 0.12233 -0.00705604 0.360221 -0.93284 0.999684 0.025037 0.00210652 0.0241143 -0.932531 -0.360284 0.595854 0.0967874 0.1308\n-0.357968 0.0607604 0.117245 0.0124153 0.361164 -0.932419 0.987866 -0.1488 -0.0444827 -0.154809 -0.920554 -0.35863 0.607872 0.11299 0.137897\n0.00888335 0.276873 -0.175555 -0.00267245 0.999294 -0.0374807 -0.00277455 0.0374732 0.999294 0.999993 0.00277455 0.00267245 1.00592 0.339101 0.825372\nC 34\n0 2\n0 10\n0 3\n0 11\n0 4\n0 9\n1 6\n1 11\n1 5\n1 4\n1 8\n1 7\n2 9\n2 11\n2 4\n3 11\n3 10\n3 4\n4 7\n4 8\n4 9\n4 10\n4 5\n4 11\n4 6\n5 6\n5 8\n5 7\n6 7\n6 8\n7 11\n7 8\n9 11\n10 11\nS 3\n2\n2 0.370859 0.203677 -0.185182\n3 -0.35499 0.203901 -0.191331\n2\n0.00793425 0.203789 -0.188256\n-0.999964 0.000307904 -0.00846977\n4\n7 -0.182047 -0.68118 0.114948\n8 0.0363415 -0.688303 -0.0738777\n5 0.200206 -0.682574 0.137403\n6 -0.0205344 -0.685161 0.33689\n3\n0.0084913 -0.684304 0.128841\n-0.00406394 -0.999967 0.00708569\n2\n9 0.3741 0.059517 0.12233\n10 -0.357968 0.0607604 0.117245\n2\n0.0080658 0.0601387 0.119788\n-0.999974 0.00169844 -0.006946\nL 12\n0\n2\n3\n3\n1\n2\n2\n2\n2\n3\n3\n0"
}