{
    "boxes": [
        [
            0.011722300201654434,
            -0.05378039926290512,
            0.17742300033569336,
            0.0819656029343605,
            0.6440520286560059,
            0.7711889743804932,
            -0.003561970079317689,
            0.9979730248451233,
            -0.06354139745235443,
            -0.0001132809993578121,
            0.06354139745235443,
            0.9979789853096008
        ],
        [
            -0.3722720146179199,
            0.11528299748897552,
            0.2691250145435333,
            0.30092599987983704,
            0.0377345010638237,
            0.049927398562431335,
            -0.16167299449443817,
            0.9868170022964478,
            0.007351289968937635,
            0.309128999710083,
            0.0435682013630867,
            0.9500219821929932
        ],
        [
            -0.37196600437164307,
            0.11977499723434448,
            -0.10166999697685242,
            0.31814301013946533,
            0.04449189826846123,
            0.05656050145626068,
            -0.05811930075287819,
            0.998199999332428,
            0.014798100106418133,
            0.20048899948596954,
            -0.0028504699002951384,
            0.9796919822692871
        ],
        [
            -0.40704599022865295,
            0.2678399980068207,
            0.07405299693346024,
            0.0287127997726202,
            0.39188000559806824,
            0.08434680104255676,
            0.13345499336719513,
            0.9909489750862122,
            -0.014488100074231625,
            0.1559939980506897,
            -0.006567240227013826,
            0.9877359867095947
        ],
        [
            0.40272799134254456,
            -0.39775699377059937,
            0.3617739975452423,
            0.7963629961013794,
            0.02683890052139759,
            0.04550499841570854,
            -0.08230020105838776,
            0.9717090129852295,
            -0.22137700021266937,
            -0.037588201463222504,
            0.21894599497318268,
            0.975013017654419
        ],
        [
            -0.4047980010509491,
            -0.7881879806518555,
            0.44878700375556946,
            0.010621299967169762,
            0.026009200140833855,
            0.026009900495409966,
            0.07276719808578491,
            0.9973400235176086,
            -0.0042412299662828445,
            -0.15586699545383453,
            0.015572300180792809,
            0.987654983997345
        ],
        [
            -0.378262996673584,
            -0.40340501070022583,
            -0.1781419962644577,
            0.7838490009307861,
            0.027270199730992317,
            0.02896139957010746,
            0.008553680032491684,
            0.9814940094947815,
            0.19130200147628784,
            0.22108300030231476,
            -0.1884309947490692,
            0.9568780064582825
        ],
        [
            0.3998369872570038,
            -0.396916002035141,
            -0.1767289936542511,
            0.7972859740257263,
            0.03259050101041794,
            0.028744900599122047,
            -0.009422659873962402,
            0.9802619814872742,
            0.19747799634933472,
            0.49888598918914795,
            -0.16654500365257263,
            0.8505150079727173
        ],
        [
            -0.383991003036499,
            -0.7913990020751953,
            -0.2515789866447449,
            0.010619999840855598,
            0.02600950002670288,
            0.02600960060954094,
            -7.381580288230295e-18,
            1.0,
            -2.2204500197172533e-16,
            -0.15643399953842163,
            2.1815599577819502e-16,
            0.9876880049705505
        ],
        [
            0.010551299899816513,
            0.2253500074148178,
            -0.2194029986858368,
            0.6223440170288086,
            0.11905600130558014,
            0.7153840065002441,
            -0.0012365500442683697,
            0.949101984500885,
            -0.31496500968933105,
            -0.0017132200300693512,
            0.3149630129337311,
            0.949101984500885
        ]
    ],
    "ops": [
        [
            0,
            0,
            0,
            0,
            1,
            1,
            2,
            1,
            0,
            0,
            2,
            1,
            0,
            2,
            0,
            0,
            2,
            1,
            1,
            1,
            1,
            0,
            1
        ]
    ],
    "syms": [
        [
            0.0,
            0.9999380111694336,
            0.010149500332772732,
            -0.004641479812562466,
            0.010857800021767616,
            0.11917199939489365,
            0.26734599471092224,
            0.0
        ],
        [
            0.0,
            1.0,
            -4.337989967240219e-09,
            3.16522008603215e-09,
            0.010670999996364117,
            -0.7881879806518555,
            0.44878700375556946,
            0.0
        ],
        [
            0.0,
            -0.006282289978116751,
            0.012450099922716618,
            0.9999030232429504,
            -0.379956990480423,
            -0.40004900097846985,
            0.09139250218868256,
            0.0
        ],
        [
            0.0,
            1.0,
            -1.406549957334887e-16,
            0.0,
            0.010670999996364117,
            -0.7913990020751953,
            -0.2515789866447449,
            0.0
        ]
    ],
    "labels:": [
        [
            1,
            3,
            3,
            3,
            2,
            2,
            2,
            2,
            2,
            0
        ]
    ],
    "obj": 3299,
    "mat_index": 769,
    "obbs": "N 16\n0.0105513 0.22535 -0.219403 0.999998 0.00171322 0.00123655 -0.00171322 0.314963 0.949102 0.00123655 -0.949102 0.314965 0.715384 0.119056 0.622344\n0.0117223 -0.0537804 0.177423 0.999994 0.00356197 -0.000113281 -0.00356197 0.997973 -0.0635414 -0.000113281 0.0635414 0.997979 0.771189 0.0819656 0.644052\n0.412739 0.12536 -0.098365 1 0 0 0 1 0 0 0 1 0.081252 0.311863 0.04917\n0.393987 0.123061 0.265568 0.141542 0.989903 -0.00759239 -0.227807 0.0400349 0.972883 0.963364 -0.135974 0.231173 0.306349 0.0417456 0.0465358\n-0.371966 0.119775 -0.10167 0.977971 0.0599059 -0.199962 0.200489 -0.00285047 0.979692 0.0581193 -0.9982 -0.0147981 0.0565605 0.0444919 0.318143\n-0.372272 0.115283 0.269125 0.937177 0.155865 -0.312097 0.309129 0.0435682 0.950022 0.161673 -0.986817 -0.00735129 0.0499274 0.0377345 0.300926\n0.429478 0.269719 0.0716748 0.156833 -0.00627421 -0.987605 -0.126461 0.991621 -0.0263819 0.979495 0.129031 0.154725 0.386706 0.0290792 0.0815438\n-0.407046 0.26784 0.074053 0.978701 -0.134079 -0.155459 0.133455 0.990949 -0.0144881 0.155994 -0.00656724 0.987736 0.0843468 0.0287128 0.39188\n0.399837 -0.396916 -0.176729 -0.498886 0.166545 -0.850515 0.866617 0.106533 -0.487469 0.00942266 -0.980262 -0.197478 0.0325905 0.0287449 0.797286\n0.402728 -0.397757 0.361774 -0.0823002 0.971709 -0.221377 -0.0375882 0.218946 0.975013 0.995898 0.0885649 0.0185055 0.796363 0.0268389 0.045505\n-0.38165 -0.396693 0.360927 0.0392682 0.97237 -0.23012 -0.402394 0.226186 0.887084 0.914624 0.0577645 0.400158 0.79853 0.0274411 0.0407356\n-0.378263 -0.403405 -0.178142 0.975218 0.0341088 -0.218603 0.221083 -0.188431 0.956878 -0.00855368 -0.981494 -0.191302 0.0289614 0.0272702 0.783849\n-0.383991 -0.791399 -0.251579 0.156434 -2.18156e-16 -0.987688 -7.38158e-18 1 -2.22045e-16 0.987688 4.20261e-17 0.156434 0.0260095 0.01062 0.0260096\n0.405333 -0.791399 -0.251579 0.987688 2.48813e-17 -0.156434 9.97696e-18 1 2.22045e-16 0.156434 -2.20872e-16 0.987688 0.0260096 0.01062 0.0260095\n0.42614 -0.788188 0.448787 0.985094 0.0712047 -0.156586 -0.0727641 0.99734 -0.00424157 0.155867 0.0155722 0.987655 0.0260099 0.0106212 0.0260092\n-0.404798 -0.788188 0.448787 -0.985094 0.0712079 -0.156586 0.0727672 0.99734 -0.00424123 0.155867 -0.0155723 -0.987655 0.0260099 0.0106213 0.0260092\nC 27\n0 7\n0 11\n0 4\n0 8\n0 1\n0 6\n0 2\n1 3\n1 11\n1 2\n1 5\n1 10\n1 4\n1 9\n1 8\n2 8\n2 6\n3 6\n3 9\n4 7\n4 11\n5 10\n5 7\n8 13\n9 14\n10 15\n11 12\nS 6\n2\n2 0.412739 0.12536 -0.098365\n4 -0.371966 0.119775 -0.10167\n2\n0.0203865 0.122567 -0.100018\n-0.999966 -0.0071168 -0.00421217\n2\n3 0.393987 0.123061 0.265568\n5 -0.372272 0.115283 0.269125\n2\n0.0108578 0.119172 0.267346\n-0.999938 -0.0101495 0.00464148\n2\n6 0.429478 0.269719 0.0716748\n7 -0.407046 0.26784 0.074053\n2\n0.0112162 0.26878 0.0728639\n-0.999993 -0.00224547 0.00284294\n2\n10 -0.38165 -0.396693 0.360927\n11 -0.378263 -0.403405 -0.178142\n2\n-0.379957 -0.400049 0.0913925\n0.00628229 -0.0124501 -0.999903\n2\n12 -0.383991 -0.791399 -0.251579\n13 0.405333 -0.791399 -0.251579\n2\n0.010671 -0.791399 -0.251579\n1 -1.40655e-16 0\n2\n14 0.42614 -0.788188 0.448787\n15 -0.404798 -0.788188 0.448787\n2\n0.010671 -0.788188 0.448787\n-1 4.33799e-09 -3.16522e-09\nL 16\n0\n1\n3\n3\n3\n3\n3\n3\n2\n2\n2\n2\n2\n2\n2\n2"
}