{
    "boxes": [
        [
            0.0069246902130544186,
            0.030342400074005127,
            0.06602410227060318,
            0.09940390288829803,
            0.7908520102500916,
            0.9318649768829346,
            -0.0002945289888884872,
            0.9994019865989685,
            -0.03457200154662132,
            -5.092750143376179e-06,
            0.03457200154662132,
            0.9994019865989685
        ],
        [
            0.46742698550224304,
            0.5557050108909607,
            -0.001241279998794198,
            0.0646125003695488,
            0.42334601283073425,
            0.08541630208492279,
            0.1437540054321289,
            0.9793869853019714,
            0.1418980062007904,
            0.12932300567626953,
            -0.16074900329113007,
            0.9784860014915466
        ],
        [
            0.4225490093231201,
            0.3100869953632355,
            -0.13443000614643097,
            0.6040809750556946,
            0.11758799850940704,
            0.08934140205383301,
            0.23853999376296997,
            0.8182680010795593,
            0.5230069756507874,
            0.5029540061950684,
            -0.5647940039634705,
            0.6542519927024841
        ],
        [
            -0.45030999183654785,
            0.5628190040588379,
            -0.02973810024559498,
            0.06844910234212875,
            0.4822480082511902,
            0.08828199654817581,
            0.235275000333786,
            0.9483090043067932,
            0.21297000348567963,
            -0.2271610051393509,
            -0.15940000116825104,
            0.9607239961624146
        ],
        [
            -0.40962299704551697,
            0.3168100118637085,
            -0.1271589994430542,
            0.585299015045166,
            0.12361200153827667,
            0.10104300081729889,
            -0.206153005361557,
            0.8268809914588928,
            0.5232290029525757,
            -0.08413469791412354,
            -0.5477139949798584,
            0.8324249982833862
        ],
        [
            0.006955000106245279,
            -0.3225879967212677,
            -0.3353619873523712,
            0.04533400014042854,
            0.04533400014042854,
            0.7329019904136658,
            -1.1372299586406842e-13,
            1.0,
            -3.787869900406804e-06,
            -1.1372299586406842e-13,
            3.787869900406804e-06,
            1.0
        ],
        [
            -0.390625,
            -0.3406449854373932,
            -0.3381749987602234,
            0.8882480263710022,
            0.09225469827651978,
            0.09570939838886261,
            0.0852188989520073,
            0.9797279834747314,
            0.18130099773406982,
            0.15632200241088867,
            -0.19285699725151062,
            0.9686949849128723
        ],
        [
            0.3940649926662445,
            -0.33754199743270874,
            -0.3336530029773712,
            0.8966140151023865,
            0.095933698117733,
            0.09560099989175797,
            -0.05358760058879852,
            0.9837689995765686,
            0.1712529957294464,
            0.3061879873275757,
            -0.14704999327659607,
            0.9405450224876404
        ],
        [
            0.006954499986022711,
            -0.14125099778175354,
            0.4116069972515106,
            0.04533400014042854,
            0.04533400014042854,
            0.8689050078392029,
            -1.5805400337045444e-13,
            1.0,
            1.2728900401270948e-05,
            -1.582740015437789e-13,
            -1.2728900401270948e-05,
            1.0
        ],
        [
            -0.4045009911060333,
            -0.23042799532413483,
            0.053157299757003784,
            0.09337569773197174,
            0.7208330035209656,
            0.04254620149731636,
            0.028706099838018417,
            0.9994120001792908,
            0.01875239983201027,
            -0.06952159851789474,
            -0.016718599945306778,
            0.997439980506897
        ],
        [
            0.02706330083310604,
            0.6189640164375305,
            -0.3390809893608093,
            0.06140730157494545,
            0.30532801151275635,
            0.8607929944992065,
            -0.0038474900647997856,
            0.9833049774169922,
            0.1819240003824234,
            -0.051983099430799484,
            -0.18187600374221802,
            0.9819470047950745
        ],
        [
            -0.05035049840807915,
            0.3209879994392395,
            -0.37536099553108215,
            0.6888390183448792,
            0.028140300884842873,
            0.09340280294418335,
            -0.1155719980597496,
            0.9606299996376038,
            -0.25265300273895264,
            -0.08190830051898956,
            0.24427400529384613,
            0.9662410020828247
        ]
    ],
    "ops": [
        [
            0,
            0,
            0,
            1,
            0,
            0,
            1,
            1,
            1,
            0,
            0,
            2,
            1,
            0,
            2,
            0,
            0,
            2,
            1,
            1,
            1,
            1,
            0,
            0,
            2,
            1,
            1
        ]
    ],
    "syms": [
        [
            0.0,
            -0.05708689987659454,
            0.02416899986565113,
            0.9980769753456116,
            -0.41248899698257446,
            -0.331387996673584,
            0.04408390074968338,
            0.0
        ],
        [
            0.0,
            0.07818250358104706,
            0.020557699725031853,
            0.9967269897460938,
            0.4237020015716553,
            -0.3297489881515503,
            0.044183000922203064,
            0.0
        ],
        [
            0.0,
            0.9999669790267944,
            -0.008076740428805351,
            -0.0003226629924029112,
            0.006531849969178438,
            -0.23374800384044647,
            0.05302470177412033,
            0.0
        ],
        [
            0.0,
            0.9999589920043945,
            0.00472383014857769,
            -0.007727489806711674,
            0.0069751800037920475,
            0.321258008480072,
            -0.37580400705337524,
            0.0
        ]
    ],
    "labels:": [
        [
            1,
            3,
            3,
            3,
            3,
            2,
            2,
            2,
            2,
            2,
            0,
            0
        ]
    ],
    "obj": 3312,
    "mat_index": 777,
    "obbs": "N 16\n0.0270633 0.618964 -0.339081 0.0519831 0.181876 -0.981947 -0.00384749 0.983305 0.181924 0.998641 -0.00567892 0.051815 0.305328 0.0614073 0.860793\n0.00692469 0.0303424 0.0660241 1 0.000294529 -5.09275e-06 -0.000294529 0.999402 -0.034572 -5.09275e-06 0.034572 0.999402 0.931865 0.0994039 0.790852\n0.0643009 0.321529 -0.376247 -0.984442 0.160323 0.0719094 0.11004 0.243463 0.963648 0.136987 0.956568 -0.257317 0.101962 0.0288413 0.688077\n-0.0503505 0.320988 -0.375361 0.989916 0.132365 0.0504522 -0.0819083 0.244274 0.966241 0.115572 -0.96063 0.252653 0.0934028 0.0281403 0.688839\n0.467427 0.555705 -0.00124128 -0.143754 -0.979387 -0.141898 0.981127 -0.122311 -0.149766 0.129323 -0.160749 0.978486 0.0646125 0.0854163 0.423346\n-0.45031 0.562819 -0.0297381 -0.94501 0.274413 -0.177916 0.235275 0.948309 0.21297 0.227161 0.1594 -0.960724 0.088282 0.0684491 0.482248\n0.422549 0.310087 -0.13443 0.830744 0.106984 -0.546277 0.502954 -0.564794 0.654252 -0.23854 -0.818268 -0.523007 0.0893414 0.117588 0.604081\n-0.409623 0.31681 -0.127159 0.974896 0.127585 0.182482 -0.0841347 -0.547714 0.832425 0.206153 -0.826881 -0.523229 0.101043 0.123612 0.585299\n0.0069545 -0.141251 0.411607 -1.58054e-13 1 1.27289e-05 -1.58274e-13 -1.27289e-05 1 1 1.58052e-13 1.58276e-13 0.045334 0.045334 0.868905\n0.417564 -0.237068 0.0528921 0.0249729 -0.999002 -0.0370203 0.997207 0.027501 -0.0694339 0.0703828 -0.035183 0.996899 0.0932927 0.0420996 0.722004\n0.006955 -0.322588 -0.335362 1 1.13723e-13 1.13723e-13 -1.13723e-13 3.78787e-06 1 1.13723e-13 -1 3.78787e-06 0.732902 0.045334 0.045334\n-0.404501 -0.230428 0.0531573 0.0695216 0.0167186 -0.99744 0.997167 -0.0299363 0.0690008 -0.0287061 -0.999412 -0.0187524 0.720833 0.0425462 0.0933757\n-0.390625 -0.340645 -0.338175 0.984023 -0.0542097 -0.169588 0.156322 -0.192857 0.968695 -0.0852189 -0.979728 -0.181301 0.0957094 0.0922547 0.888248\n0.394065 -0.337542 -0.333653 0.950462 0.102837 -0.293338 0.306188 -0.14705 0.940545 0.0535876 -0.983769 -0.171253 0.095601 0.0959337 0.896614\n-0.434353 -0.322132 0.426343 0.0341423 0.998403 -0.0450085 0.986949 -0.0265907 0.158825 0.157375 -0.0498438 -0.98628 0.909978 0.0773159 0.07731\n0.453339 -0.321956 0.422019 -0.984265 -0.0630386 -0.165069 -0.166978 0.026286 0.98561 -0.0577925 0.997665 -0.0363984 0.0853764 0.0773792 0.909849\nC 40\n0 7\n0 3\n0 4\n0 5\n0 6\n0 2\n1 3\n1 15\n1 6\n1 11\n1 2\n1 14\n1 13\n1 9\n1 12\n1 8\n1 7\n2 13\n2 6\n2 3\n3 7\n3 12\n4 6\n5 7\n6 9\n6 13\n7 12\n7 11\n8 9\n8 14\n8 15\n8 11\n9 15\n9 10\n9 13\n10 11\n10 12\n10 13\n11 14\n11 12\nS 4\n2\n2 0.0643009 0.321529 -0.376247\n3 -0.0503505 0.320988 -0.375361\n2\n0.00697518 0.321258 -0.375804\n-0.999959 -0.00472383 0.00772749\n2\n9 0.417564 -0.237068 0.0528921\n11 -0.404501 -0.230428 0.0531573\n2\n0.00653185 -0.233748 0.0530247\n-0.999967 0.00807674 0.000322663\n2\n12 -0.390625 -0.340645 -0.338175\n14 -0.434353 -0.322132 0.426343\n2\n-0.412489 -0.331388 0.0440839\n-0.0570869 0.024169 0.998077\n2\n13 0.394065 -0.337542 -0.333653\n15 0.453339 -0.321956 0.422019\n2\n0.423702 -0.329749 0.044183\n0.0781825 0.0205577 0.996727\nL 16\n0\n1\n0\n0\n3\n3\n3\n3\n2\n2\n2\n2\n2\n2\n2\n2"
}