{
    "boxes": [
        [
            0.012225000187754631,
            -0.1418820023536682,
            0.12734700739383698,
            0.19080600142478943,
            0.821196973323822,
            1.0992900133132935,
            0.0,
            1.0,
            0.0,
            0.0,
            0.0,
            1.0
        ],
        [
            -0.5017390251159668,
            0.12144999951124191,
            0.09124139696359634,
            0.6837239861488342,
            0.8905240297317505,
            0.19891999661922455,
            -0.06959260255098343,
            0.9974790215492249,
            -0.013854100368916988,
            0.013854100368916988,
            0.014852800406515598,
            0.9997940063476562
        ],
        [
            -0.5062479972839355,
            -0.49138200283050537,
            0.5120120048522949,
            0.5587180256843567,
            0.0343099981546402,
            0.0623680017888546,
            0.0,
            1.0,
            0.0,
            0.0,
            0.0,
            1.0
        ],
        [
            -0.5062879920005798,
            -0.49140799045562744,
            -0.2508920133113861,
            0.5906109809875488,
            0.02665949985384941,
            0.06462030112743378,
            0.004051439929753542,
            0.9411709904670715,
            0.33790698647499084,
            0.0028500501066446304,
            -0.33792001008987427,
            0.9411709904670715
        ],
        [
            -0.5062469840049744,
            -0.7534499764442444,
            0.0834525004029274,
            0.03486400097608566,
            0.8899509906768799,
            0.062366001307964325,
            0.0,
            1.0,
            0.0,
            0.0,
            0.0,
            1.0
        ],
        [
            0.016409000381827354,
            0.13460299372673035,
            -0.009468000382184982,
            0.6980640292167664,
            1.0774099826812744,
            1.2235699892044067,
            0.0,
            1.0,
            0.0,
            0.0,
            0.0,
            1.0
        ]
    ],
    "ops": [
        [
            0,
            0,
            2,
            1,
            0,
            0,
            0,
            1,
            1,
            2,
            1,
            0,
            1
        ]
    ],
    "syms": [
        [
            0.0,
            0.9974439740180969,
            -0.020796699449419975,
            0.06835959851741791,
            0.013863399624824524,
            0.11069999635219574,
            0.12657800316810608,
            0.0
        ],
        [
            0.0,
            0.9999970197677612,
            0.002311049960553646,
            0.0006205540266819298,
            0.012238499708473682,
            -0.4901840090751648,
            0.5123339891433716,
            0.0
        ]
    ],
    "labels:": [
        [
            1,
            3,
            2,
            2,
            2,
            0
        ]
    ],
    "obj": 3344,
    "mat_index": 793,
    "obbs": "N 10\n0.016409 0.134603 -0.009468 1 0 0 0 1 0 0 0 1 1.22357 0.698064 1.07741\n0.529466 0.0999494 0.161915 -0.0554662 -0.998212 -0.0222801 0.998212 -0.0559365 0.0210715 -0.0222801 -0.0210715 0.99953 0.652449 0.195118 0.751576\n-0.501739 0.12145 0.0912414 0.0695926 -0.997479 0.0138541 0.997479 0.0693863 -0.0148528 0.0138541 0.0148528 0.999794 0.683724 0.19892 0.890524\n0.012225 -0.141882 0.127347 1 0 0 0 1 0 0 0 1 1.09929 0.190806 0.821197\n-0.506288 -0.491408 -0.250892 0.999988 -0.00285005 -0.00405144 0.00285005 -0.33792 0.941171 -0.00405144 -0.941171 -0.337907 0.0646203 0.0266595 0.590611\n-0.506248 -0.491382 0.512012 1 0 0 0 1 0 0 0 1 0.062368 0.558718 0.03431\n0.530725 -0.488985 0.512655 1 0 0 0 1 0 0 0 1 0.062366 0.553849 0.033025\n0.530704 -0.493215 -0.25063 -0.00248951 0.942417 0.334431 -0.00175817 -0.334436 0.942417 0.999995 0.00175817 0.00248951 0.594916 0.0277994 0.0636871\n0.530725 -0.757167 0.0838935 1 0 0 0 1 0 0 0 1 0.062366 0.02743 0.890003\n-0.506247 -0.75345 0.0834525 1 0 0 0 1 0 0 0 1 0.062366 0.034864 0.889951\nC 21\n0 1\n0 7\n0 6\n0 5\n0 4\n0 3\n0 2\n1 3\n1 6\n1 7\n2 4\n2 3\n2 5\n3 5\n3 7\n3 6\n3 4\n4 9\n5 9\n6 8\n7 8\nS 4\n2\n1 0.529466 0.0999494 0.161915\n2 -0.501739 0.12145 0.0912414\n2\n0.0138634 0.1107 0.126578\n-0.997444 0.0207967 -0.0683596\n2\n4 -0.506288 -0.491408 -0.250892\n7 0.530704 -0.493215 -0.25063\n2\n0.0122082 -0.492312 -0.250761\n0.999998 -0.00174262 0.000252379\n2\n5 -0.506248 -0.491382 0.512012\n6 0.530725 -0.488985 0.512655\n2\n0.0122385 -0.490184 0.512334\n0.999997 0.00231105 0.000620554\n2\n8 0.530725 -0.757167 0.0838935\n9 -0.506247 -0.75345 0.0834525\n2\n0.012239 -0.755308 0.083673\n-0.999993 0.00358445 -0.000425274\nL 10\n0\n3\n3\n1\n2\n2\n2\n2\n2\n2"
}