{
    "boxes": [
        [
            0.004688499961048365,
            -0.1239750012755394,
            0.08919449895620346,
            0.34114500880241394,
            0.7903469800949097,
            0.8242809772491455,
            0.0,
            1.0,
            0.0,
            0.0,
            0.0,
            1.0
        ],
        [
            -0.4619390070438385,
            0.05601060017943382,
            0.1476300060749054,
            0.4646089971065521,
            0.09556680172681808,
            0.08117619901895523,
            -0.06961639970541,
            0.9294090270996094,
            0.3624249994754791,
            -0.39253801107406616,
            -0.35951998829841614,
            0.8465579748153687
        ],
        [
            -0.47744300961494446,
            0.27782100439071655,
            0.358458012342453,
            0.10485699772834778,
            0.3868359923362732,
            0.20708100497722626,
            0.0,
            1.0,
            0.0,
            0.0,
            0.0,
            1.0
        ],
        [
            0.46709001064300537,
            0.045736100524663925,
            0.1436610072851181,
            0.44256800413131714,
            0.08131559938192368,
            0.0879414975643158,
            0.049315400421619415,
            0.948930025100708,
            0.3116089999675751,
            -0.6564729809761047,
            -0.2043360024690628,
            0.7261480093002319
        ],
        [
            -0.3160429894924164,
            -0.15449899435043335,
            -0.0581665001809597,
            0.044453900307416916,
            0.1172420009970665,
            0.2266470044851303,
            0.033107999712228775,
            0.9991229772567749,
            0.025623399764299393,
            -0.00042435500654391944,
            -0.025623399764299393,
            0.999671995639801
        ],
        [
            -0.37727099657058716,
            -0.09349829703569412,
            -0.016314800828695297,
            0.1260329931974411,
            0.19858700037002563,
            0.4067620038986206,
            0.11457499861717224,
            0.6179990172386169,
            -0.7777860164642334,
            0.7196230292320251,
            0.4881170094013214,
            0.49384599924087524
        ],
        [
            0.0066408501006662846,
            -0.5899289846420288,
            0.07493969798088074,
            0.33579400181770325,
            0.15312300622463226,
            0.1710509955883026,
            0.0015061500016599894,
            0.9983469843864441,
            0.05746209993958473,
            0.09963390231132507,
            -0.05732610076665878,
            0.9933710098266602
        ],
        [
            0.004637230187654495,
            -0.6297799944877625,
            -0.21515199542045593,
            0.09978830069303513,
            0.5036699771881104,
            0.06976459920406342,
            0.062112998217344284,
            0.9669870138168335,
            -0.24713900685310364,
            0.004162750206887722,
            0.24736399948596954,
            0.9689139723777771
        ],
        [
            0.0053519997745752335,
            -0.7771689891815186,
            -0.41551899909973145,
            0.08840800076723099,
            0.11198700219392776,
            0.08442799746990204,
            0.0,
            1.0,
            0.0,
            0.0,
            0.0,
            1.0
        ],
        [
            0.004193210043013096,
            0.33956700563430786,
            -0.28215500712394714,
            1.074049949645996,
            0.2675510048866272,
            0.7754859924316406,
            -0.006620690226554871,
            0.995507001876831,
            -0.09445709735155106,
            -0.007278449833393097,
            0.09440869837999344,
            0.995507001876831
        ]
    ],
    "ops": [
        [
            0,
            0,
            0,
            2,
            1,
            0,
            0,
            0,
            1,
            2,
            1,
            1,
            1,
            0,
            0,
            0,
            1,
            2,
            1,
            1,
            0,
            1
        ]
    ],
    "syms": [
        [
            0.0,
            0.9999899864196777,
            -0.0011090399930253625,
            -0.004281360190361738,
            0.005400499794632196,
            0.27728599309921265,
            0.3563910126686096,
            0.0
        ],
        [
            0.0,
            0.9999729990959167,
            0.0019864500500261784,
            0.007099280133843422,
            0.00957242026925087,
            -0.15385200083255768,
            -0.05585480108857155,
            0.0
        ],
        [
            -1.0,
            -0.0024771899916231632,
            0.9999750256538391,
            -0.006570930127054453,
            0.0038920401129871607,
            -0.6259300112724304,
            0.07263070344924927,
            0.20000000298023224
        ]
    ],
    "labels:": [
        [
            1,
            3,
            3,
            3,
            3,
            3,
            2,
            2,
            2,
            0
        ]
    ],
    "obj": 2202,
    "mat_index": 82,
    "obbs": "N 21\n0.00419321 0.339567 -0.282155 0.999952 0.00727845 0.00662069 -0.00727845 0.0944087 0.995507 0.00662069 -0.995507 0.0944571 0.775486 0.267551 1.07405\n0.00664085 -0.589929 0.0749397 -0.0996339 0.0573261 -0.993371 0.995023 0.00422901 -0.0995555 -0.00150615 -0.998347 -0.0574621 0.153123 0.171051 0.335794\n-0.316043 -0.154499 -0.0581665 0.999452 -0.033108 -0.000424355 0.033108 0.999123 0.0256234 -0.000424355 -0.0256234 0.999672 0.226647 0.0444539 0.117242\n0.335187 -0.153205 -0.0535431 0.997088 0.0762151 0.00277871 -0.0762151 0.994436 0.0727148 0.00277871 -0.0727148 0.997349 0.245356 0.0433235 0.127402\n0.0046885 -0.123975 0.0891945 1 0 0 0 1 0 0 0 1 0.824281 0.341145 0.790347\n-0.461939 0.0560106 0.14763 -0.917097 0.0833312 -0.389857 -0.392538 -0.35952 0.846558 -0.0696164 0.929409 0.362425 0.0811762 0.0955668 0.464609\n-0.377271 -0.0934983 -0.0163148 -0.684847 0.616295 0.3888 -0.114575 -0.617999 0.777786 0.719623 0.488117 0.493846 0.406762 0.126033 0.198587\n0.46709 0.0457361 0.143661 0.656473 0.204336 -0.726148 0.752736 -0.240373 0.612869 -0.0493154 -0.94893 -0.311609 0.0813156 0.0879415 0.442568\n0.389235 -0.0887688 -0.0171227 0.670178 0.61005 0.42273 0.164766 -0.677638 0.7167 0.723681 -0.410665 -0.554653 0.410891 0.130582 0.203839\n-0.477443 0.277821 0.358458 1 0 0 0 1 0 0 0 1 0.207081 0.104857 0.386836\n0.488244 0.276751 0.354324 1 0 0 0 1 0 0 0 1 0.206957 0.104669 0.384885\n0.289951 -0.625755 -0.0199123 0.930788 -0.210767 -0.298682 0.311742 0.030926 0.949663 -0.190921 -0.977047 0.0944905 0.493483 0.0646433 0.0938038\n0.00463723 -0.62978 -0.215152 -0.00416275 -0.247364 -0.968914 0.99806 -0.0612109 0.0113392 -0.062113 -0.966987 0.247139 0.50367 0.0697646 0.0997883\n-0.273957 -0.624138 -0.0187799 -0.927638 -0.215806 -0.304822 -0.316664 0.0217332 0.948289 -0.198022 0.976194 -0.0884985 0.493318 0.0653295 0.0965003\n-0.181255 -0.627739 0.304311 -0.139981 0.975142 0.171765 0.800794 0.00946703 0.598865 0.582353 0.221379 -0.782213 0.0967941 0.0923908 0.495054\n0.180084 -0.62224 0.312687 -0.140608 -0.980732 -0.135622 0.799495 -0.0316749 -0.599837 0.583984 -0.192771 0.788544 0.0994716 0.0644886 0.493656\n0.492789 -0.777815 -0.0639955 1 0 0 0 1 0 0 0 1 0.087279 0.082831 0.106501\n0.005352 -0.777169 -0.415519 1 0 0 0 1 0 0 0 1 0.084428 0.088408 0.111987\n-0.481934 -0.779416 -0.060519 1 0 0 0 1 0 0 0 1 0.086418 0.088195 0.113454\n-0.296256 -0.776159 0.512856 1 0 0 0 1 0 0 0 1 0.087234 0.09162 0.113845\n0.307425 -0.777616 0.51136 1 0 0 0 1 0 0 0 1 0.08632 0.089748 0.110855\nC 47\n0 2\n0 7\n0 3\n0 4\n0 5\n0 8\n0 6\n1 15\n1 6\n1 11\n1 14\n1 13\n1 12\n1 8\n2 5\n2 6\n2 4\n3 7\n3 8\n3 4\n4 7\n4 8\n4 9\n4 10\n4 5\n4 6\n5 9\n5 6\n6 9\n7 10\n7 8\n8 10\n11 16\n11 14\n11 13\n11 12\n11 15\n12 13\n12 17\n12 14\n12 15\n13 15\n13 14\n13 18\n14 19\n14 15\n15 20\nS 5\n2\n2 -0.316043 -0.154499 -0.0581665\n3 0.335187 -0.153205 -0.0535431\n2\n0.00957242 -0.153852 -0.0558548\n0.999973 0.00198645 0.00709928\n2\n6 -0.377271 -0.0934983 -0.0163148\n8 0.389235 -0.0887688 -0.0171227\n2\n0.00598192 -0.0911335 -0.0167188\n0.99998 0.00617002 -0.00105407\n2\n9 -0.477443 0.277821 0.358458\n10 0.488244 0.276751 0.354324\n2\n0.0054005 0.277286 0.356391\n0.99999 -0.00110904 -0.00428136\n5\n13 -0.273957 -0.624138 -0.0187799\n12 0.00463723 -0.62978 -0.215152\n11 0.289951 -0.625755 -0.0199123\n15 0.180084 -0.62224 0.312687\n14 -0.181255 -0.627739 0.304311\n3\n0.00389204 -0.62593 0.0726307\n-0.00247719 0.999975 -0.00657093\n5\n18 -0.481934 -0.779416 -0.060519\n17 0.005352 -0.777169 -0.415519\n16 0.492789 -0.777815 -0.0639955\n20 0.307425 -0.777616 0.51136\n19 -0.296256 -0.776159 0.512856\n3\n0.0054753 -0.777635 0.0968366\n-0.000517712 0.999999 -0.00105478\nL 21\n0\n2\n3\n3\n1\n3\n3\n3\n3\n3\n3\n2\n2\n2\n2\n2\n2\n2\n2\n2\n2"
}