{
    "boxes": [
        [
            0.0012339999666437507,
            -0.10477200150489807,
            0.08550100028514862,
            0.18974000215530396,
            0.814732015132904,
            0.7681480050086975,
            0.0,
            1.0,
            0.0,
            0.0,
            0.0,
            1.0
        ],
        [
            -0.41051799058914185,
            0.10284200310707092,
            0.25273799896240234,
            0.37042999267578125,
            0.10202500224113464,
            0.08516520261764526,
            -0.08972860127687454,
            0.7665690183639526,
            -0.6358619928359985,
            0.4573749899864197,
            0.5988510251045227,
            0.6574090123176575
        ],
        [
            0.41091400384902954,
            0.10095500200986862,
            0.25412601232528687,
            0.37464800477027893,
            0.09586259722709656,
            0.0986538976430893,
            0.13368000090122223,
            0.7358139753341675,
            -0.6638579964637756,
            0.5174790024757385,
            0.5194680094718933,
            0.6799769997596741
        ],
        [
            -0.3709909915924072,
            0.2557139992713928,
            -0.08986829966306686,
            0.06512109935283661,
            0.5378479957580566,
            0.1249919980764389,
            -0.18206000328063965,
            0.9812440276145935,
            -0.06335510313510895,
            -0.30938398838043213,
            0.003994809929281473,
            0.9509289860725403
        ],
        [
            -0.4061630070209503,
            -0.416159987449646,
            0.3981350064277649,
            0.8207100033760071,
            0.04251080006361008,
            0.06320050358772278,
            0.05930139869451523,
            0.9973030090332031,
            -0.04324429854750633,
            -0.102183997631073,
            0.04915760084986687,
            0.9935500025749207
        ],
        [
            -0.30128899216651917,
            -0.4091939926147461,
            -0.3314349949359894,
            0.8363580107688904,
            0.03554990142583847,
            0.06157299876213074,
            0.035342298448085785,
            0.9976680278778076,
            0.05839620158076286,
            0.08250950276851654,
            -0.061146099120378494,
            0.9947130084037781
        ],
        [
            0.005623499862849712,
            0.330143004655838,
            -0.3354470133781433,
            0.5591239929199219,
            0.05085910111665726,
            0.5591239929199219,
            0.7071070075035095,
            0.697812020778656,
            -0.11427100002765656,
            -3.362049950505347e-14,
            0.16160400211811066,
            0.9868559837341309
        ],
        [
            -0.2336300015449524,
            0.05648830160498619,
            -0.30185699462890625,
            0.17626400291919708,
            0.047488901764154434,
            0.07122500240802765,
            0.596517026424408,
            0.8025969862937927,
            -0.0022548199631273746,
            -0.042270299047231674,
            0.03422189876437187,
            0.998520016670227
        ]
    ],
    "ops": [
        [
            0,
            0,
            0,
            0,
            2,
            1,
            1,
            1,
            0,
            0,
            1,
            2,
            1,
            0,
            0,
            2,
            1,
            1
        ]
    ],
    "syms": [
        [
            0.0,
            0.9999889731407166,
            -0.004444589838385582,
            -0.0013498000334948301,
            0.001926779979839921,
            0.25405600666999817,
            -0.09037160128355026,
            0.0
        ],
        [
            0.0,
            0.9999809861183167,
            -0.004278869833797216,
            -0.004374399781227112,
            -0.0035746300127357244,
            -0.4178830087184906,
            0.396373987197876,
            0.0
        ],
        [
            0.0,
            0.9999629855155945,
            -0.002812650054693222,
            -0.008188440464437008,
            0.0008641710155643523,
            0.055828701704740524,
            -0.3037770092487335,
            0.0
        ]
    ],
    "labels:": [
        [
            1,
            3,
            3,
            3,
            2,
            2,
            0,
            0
        ]
    ],
    "obj": 2204,
    "mat_index": 84,
    "obbs": "N 12\n0.0056235 0.330143 -0.335447 0.707107 0.697812 -0.114271 -3.36205e-14 0.161604 0.986856 0.707107 -0.697812 0.114271 0.559124 0.0508591 0.559124\n0.001234 -0.104772 0.085501 1 0 0 0 1 0 0 0 1 0.768148 0.18974 0.814732\n0.374845 0.252399 -0.090875 0.899268 -0.268252 -0.345483 0.251136 0.963347 -0.0943062 0.358118 -0.00195665 0.933674 0.126319 0.0758229 0.53431\n-0.370991 0.255714 -0.0898683 0.309384 -0.00399481 -0.950929 -0.18206 0.981244 -0.0633551 0.933347 0.192727 0.302854 0.537848 0.0651211 0.124992\n0.410914 0.100955 0.254126 -0.517479 -0.519468 -0.679977 0.84519 -0.434432 -0.311325 -0.13368 -0.735814 0.663858 0.0958626 0.0986539 0.374648\n-0.410518 0.102842 0.252738 0.884736 -0.231839 -0.404343 0.457375 0.598851 0.657409 0.0897286 -0.766569 0.635862 0.0851652 0.102025 0.37043\n0.235358 0.0551691 -0.305697 -0.585194 0.809632 0.0452162 0.00302882 -0.0535782 0.998559 0.810888 0.584488 0.0289014 0.178223 0.0439843 0.0689477\n-0.23363 0.0564883 -0.301857 -0.801487 0.595539 -0.05434 -0.0422703 0.0342219 0.99852 0.596517 0.802597 -0.00225482 0.071225 0.0474889 0.176264\n0.399014 -0.419606 0.394613 0.999033 0.0316894 0.0304858 -0.0316894 0.0382008 0.998767 0.0304858 -0.998767 0.0391681 0.0602526 0.0431845 0.815443\n0.310777 -0.404428 -0.326958 -0.978162 -0.0448293 -0.20295 -0.200296 -0.0574034 0.978052 -0.0554954 0.997344 0.0471707 0.0531608 0.039307 0.845559\n-0.301289 -0.409194 -0.331435 0.0353423 0.997668 0.0583962 0.0825095 -0.0611461 0.994713 0.995963 -0.0303372 -0.0844781 0.836358 0.0355499 0.061573\n-0.406163 -0.41616 0.398135 0.0593014 0.997303 -0.0432443 -0.102184 0.0491576 0.99355 0.992996 -0.0545 0.104823 0.82071 0.0425108 0.0632005\nC 27\n0 2\n0 7\n0 10\n0 3\n0 1\n0 6\n0 9\n1 3\n1 6\n1 11\n1 2\n1 5\n1 10\n1 4\n1 9\n1 8\n1 7\n2 9\n2 6\n2 4\n3 7\n3 10\n3 5\n4 8\n5 11\n6 9\n7 10\nS 4\n2\n2 0.374845 0.252399 -0.090875\n3 -0.370991 0.255714 -0.0898683\n2\n0.00192678 0.254056 -0.0903716\n-0.999989 0.00444459 0.0013498\n2\n6 0.235358 0.0551691 -0.305697\n7 -0.23363 0.0564883 -0.301857\n2\n0.000864171 0.0558287 -0.303777\n-0.999963 0.00281265 0.00818844\n2\n8 0.399014 -0.419606 0.394613\n11 -0.406163 -0.41616 0.398135\n2\n-0.00357463 -0.417883 0.396374\n-0.999981 0.00427887 0.0043744\n2\n9 0.310777 -0.404428 -0.326958\n10 -0.301289 -0.409194 -0.331435\n2\n0.00474437 -0.406811 -0.329196\n-0.999943 -0.0077871 -0.00731532\nL 12\n0\n1\n3\n3\n3\n3\n0\n0\n2\n2\n2\n2"
}