{
    "boxes": [
        [
            -0.027320899069309235,
            -0.015580199658870697,
            0.15531200170516968,
            0.3703570067882538,
            0.7436950206756592,
            0.7982950210571289,
            0.020923299714922905,
            0.9997649788856506,
            -0.005657359957695007,
            5.919219984207302e-05,
            0.005657359957695007,
            0.9999840259552002
        ],
        [
            -0.4436649978160858,
            0.08690469712018967,
            0.15037700533866882,
            0.4118340015411377,
            0.6501560211181641,
            0.10052499920129776,
            -0.28453099727630615,
            0.9586269855499268,
            0.008737170137465,
            -0.008737170137465,
            -0.011706599965691566,
            0.9998930096626282
        ],
        [
            -0.3217499852180481,
            -0.4878790080547333,
            0.39877501130104065,
            0.6671959757804871,
            0.06697899848222733,
            0.06701839715242386,
            0.22341099381446838,
            0.962581992149353,
            -0.15337300300598145,
            -0.21907199919223785,
            0.20291100442409515,
            0.9543759822845459
        ],
        [
            0.2722019851207733,
            -0.5014129877090454,
            -0.1830890029668808,
            0.6709820032119751,
            0.05874120071530342,
            0.062466099858284,
            -0.23330000042915344,
            0.9156270027160645,
            0.3274120092391968,
            -0.622048020362854,
            -0.39932700991630554,
            0.6734949946403503
        ],
        [
            -0.2783159911632538,
            -0.5011780261993408,
            -0.18446199595928192,
            0.672694981098175,
            0.06932710111141205,
            0.06965100020170212,
            0.2013860046863556,
            0.9203659892082214,
            0.3352159857749939,
            -0.07883299887180328,
            -0.3258880078792572,
            0.9421160221099854
        ],
        [
            -0.009221349842846394,
            0.2013390064239502,
            -0.24405400454998016,
            0.6858929991722107,
            0.23607300221920013,
            1.0647200345993042,
            0.006477199960500002,
            0.9777380228042603,
            -0.20972800254821777,
            0.008013710379600525,
            0.20967499911785126,
            0.9777380228042603
        ]
    ],
    "ops": [
        [
            0,
            0,
            2,
            1,
            0,
            2,
            0,
            0,
            1,
            1,
            1,
            0,
            1
        ]
    ],
    "syms": [
        [
            0.0,
            0.999966025352478,
            0.0009762549889273942,
            -0.008211139589548111,
            -0.01659419946372509,
            0.0873216986656189,
            0.14687000215053558,
            0.0
        ],
        [
            0.0,
            0.9999930262565613,
            0.002860910026356578,
            -0.0024914799723774195,
            -0.008884229697287083,
            -0.4869840145111084,
            0.3979960083961487,
            0.0
        ]
    ],
    "labels:": [
        [
            1,
            3,
            2,
            2,
            2,
            0
        ]
    ],
    "obj": 35074,
    "mat_index": 844,
    "obbs": "N 8\n-0.00922135 0.201339 -0.244054 0.999947 -0.00801371 -0.0064772 0.00801371 0.209675 0.977738 -0.0064772 -0.977738 0.209728 1.06472 0.236073 0.685893\n0.410477 0.0877386 0.143363 -0.301782 -0.953149 0.0208324 0.953149 -0.302116 -0.0152533 0.0208324 0.0152533 0.999667 0.434243 0.126987 0.657256\n-0.443665 0.0869047 0.150377 0.00873717 0.0117066 -0.999893 0.958627 0.284424 0.0117066 0.284531 -0.958627 -0.00873717 0.650156 0.100525 0.411834\n-0.0273209 -0.0155802 0.155312 0.999781 -0.0209233 5.91922e-05 0.0209233 0.999765 -0.00565736 5.91922e-05 0.00565736 0.999984 0.798295 0.370357 0.743695\n0.303982 -0.486089 0.397216 0.226647 -0.963089 0.145227 0.841253 0.118429 -0.527511 0.490841 0.241732 0.837043 0.670505 0.0686959 0.0937243\n0.272202 -0.501413 -0.183089 -0.2333 0.915627 0.327412 0.747414 -0.0465396 0.662726 0.622048 0.399327 -0.673495 0.670982 0.0624661 0.0587412\n-0.278316 -0.501178 -0.184462 -0.976334 0.216155 -0.00692597 -0.078833 -0.325888 0.942116 0.201386 0.920366 0.335216 0.069651 0.0693271 0.672695\n-0.32175 -0.487879 0.398775 0.219072 -0.202911 -0.954376 0.949787 -0.179619 0.256208 -0.223411 -0.962582 0.153373 0.066979 0.0670184 0.667196\nC 15\n0 1\n0 6\n0 5\n0 3\n0 2\n1 3\n1 4\n1 5\n2 7\n2 6\n2 3\n3 6\n3 7\n3 4\n3 5\nS 2\n2\n1 0.410477 0.0877386 0.143363\n2 -0.443665 0.0869047 0.150377\n2\n-0.0165942 0.0873217 0.14687\n-0.999966 -0.000976255 0.00821114\n2\n4 0.303982 -0.486089 0.397216\n7 -0.32175 -0.487879 0.398775\n2\n-0.00888423 -0.486984 0.397996\n-0.999993 -0.00286091 0.00249148\nL 8\n0\n3\n3\n1\n2\n2\n2\n2"
}