{
    "boxes": [
        [
            0.012261000461876392,
            -0.0662975013256073,
            0.08016149699687958,
            0.2536109983921051,
            0.9351029992103577,
            0.9532899856567383,
            0.0,
            1.0,
            0.0,
            0.0,
            0.0,
            1.0
        ],
        [
            0.46373799443244934,
            0.10749399662017822,
            0.23951999843120575,
            0.4746899902820587,
            0.412227988243103,
            0.07111699879169464,
            0.0,
            1.0,
            0.0,
            0.0,
            0.0,
            1.0
        ],
        [
            -0.42791199684143066,
            0.06550370156764984,
            0.34607601165771484,
            0.6115440130233765,
            0.18448400497436523,
            0.10769200325012207,
            -0.03146909922361374,
            0.8566060066223145,
            -0.5150110125541687,
            0.06371259689331055,
            0.5159369707107544,
            0.8542540073394775
        ],
        [
            0.0021812699269503355,
            0.45638400316238403,
            -0.20239199697971344,
            0.10372599959373474,
            0.656889021396637,
            0.9709519743919373,
            -0.013194499537348747,
            0.9236249923706055,
            0.38307100534439087,
            0.05495519936084747,
            -0.3818559944629669,
            0.922586977481842
        ],
        [
            0.475490003824234,
            0.33112600445747375,
            0.22902600467205048,
            0.08644690364599228,
            0.4202300012111664,
            0.06697849929332733,
            0.04043079912662506,
            0.9944890141487122,
            0.0967331975698471,
            0.003625720040872693,
            -0.09695769846439362,
            0.995281994342804
        ],
        [
            -0.28002798557281494,
            -0.4611259996891022,
            -0.30175501108169556,
            0.581059992313385,
            0.10514499992132187,
            0.11133600026369095,
            0.0537961982190609,
            0.9968370199203491,
            0.05850280076265335,
            -0.38817501068115234,
            -0.03310300037264824,
            0.9209910035133362
        ],
        [
            -0.4211899936199188,
            -0.4702489972114563,
            0.4499399960041046,
            0.5575540065765381,
            0.07967100292444229,
            0.0796699970960617,
            0.0,
            1.0,
            0.0,
            0.0,
            0.0,
            1.0
        ],
        [
            0.008445500396192074,
            0.2002280056476593,
            -0.18335400521755219,
            0.6616960167884827,
            0.6363649964332581,
            0.9695349931716919,
            0.0,
            1.0,
            0.0,
            0.0,
            0.0,
            1.0
        ]
    ],
    "ops": [
        [
            0,
            0,
            0,
            1,
            2,
            0,
            0,
            2,
            1,
            1,
            1,
            0,
            0,
            1,
            2,
            1,
            0,
            1
        ]
    ],
    "syms": [
        [
            0.0,
            0.9996989965438843,
            0.015024100430309772,
            -0.019393999129533768,
            0.012318000197410583,
            0.10070999711751938,
            0.2482769936323166,
            0.0
        ],
        [
            0.0,
            0.999176025390625,
            0.008127929642796516,
            -0.03975829854607582,
            0.015873199328780174,
            0.3273870050907135,
            0.24731500446796417,
            0.0
        ],
        [
            0.0,
            0.9999399781227112,
            -4.843559872824699e-05,
            0.010948100127279758,
            0.01926730014383793,
            -0.4611400067806244,
            -0.29847800731658936,
            0.0
        ]
    ],
    "labels:": [
        [
            1,
            3,
            3,
            3,
            3,
            2,
            2,
            0
        ]
    ],
    "obj": 35088,
    "mat_index": 850,
    "obbs": "N 13\n0.0084455 0.200228 -0.183354 1 0 0 0 1 0 0 0 1 0.969535 0.661696 0.636365\n-0.439103 0.0939255 0.257035 1 0 0 0 1 0 0 0 1 0.072333 0.446899 0.353146\n0.463738 0.107494 0.23952 1 0 0 0 1 0 0 0 1 0.071117 0.47469 0.412228\n0.00218127 0.456384 -0.202392 0.998402 0.0332248 -0.0457196 -0.0131945 0.923625 0.383071 0.0549552 -0.381856 0.922587 0.970952 0.103726 0.656889\n0.012261 -0.0662975 0.0801615 1 0 0 0 1 0 0 0 1 0.95329 0.253611 0.935103\n-0.427912 0.0655037 0.346076 -0.0637126 -0.515937 -0.854254 0.997472 -0.00593011 -0.0708126 0.0314691 -0.856606 0.515011 0.184484 0.107692 0.611544\n0.458876 0.0649355 0.351564 0.0368752 0.847981 -0.528743 0.997573 3.5976e-05 0.0696296 0.0590636 -0.530027 -0.845921 0.613531 0.105368 0.186631\n-0.443743 0.323648 0.265603 -0.00248042 -0.998006 -0.0630663 0.999938 -0.0031625 0.0107178 -0.0108959 -0.0630358 0.997952 0.0851497 0.0659818 0.327193\n0.47549 0.331126 0.229026 -0.0404308 -0.994489 -0.0967332 0.999176 -0.0398893 -0.00752582 0.00362572 -0.0969577 0.995282 0.0864469 0.0669785 0.42023\n-0.280028 -0.461126 -0.301755 0.0537962 0.996837 0.0585028 -0.388175 -0.033103 0.920991 0.920014 -0.0722551 0.385166 0.58106 0.105145 0.111336\n0.318563 -0.461155 -0.295201 -0.0592986 0.997472 0.039156 0.437722 -0.00927083 0.899062 0.897153 0.0704526 -0.436066 0.580554 0.116255 0.111391\n0.453763 -0.470249 0.459572 1 0 0 0 1 0 0 0 1 0.07863 0.557554 0.07863\n-0.42119 -0.470249 0.44994 1 0 0 0 1 0 0 0 1 0.07967 0.557554 0.079671\nC 37\n0 2\n0 7\n0 10\n0 3\n0 4\n0 5\n0 8\n0 1\n0 6\n0 9\n1 3\n1 5\n1 4\n1 12\n1 7\n2 8\n2 6\n2 3\n2 11\n2 4\n3 7\n3 6\n3 5\n3 8\n3 4\n4 7\n4 8\n4 12\n4 9\n4 10\n4 5\n4 11\n4 6\n5 12\n5 7\n6 11\n6 8\nS 5\n2\n1 -0.439103 0.0939255 0.257035\n2 0.463738 0.107494 0.23952\n2\n0.012318 0.10071 0.248277\n0.999699 0.0150241 -0.019394\n2\n5 -0.427912 0.0655037 0.346076\n6 0.458876 0.0649355 0.351564\n2\n0.015482 0.0652196 0.34882\n0.999981 -0.000640792 0.00618932\n2\n7 -0.443743 0.323648 0.265603\n8 0.47549 0.331126 0.229026\n2\n0.0158732 0.327387 0.247315\n0.999176 0.00812793 -0.0397583\n2\n9 -0.280028 -0.461126 -0.301755\n10 0.318563 -0.461155 -0.295201\n2\n0.0192673 -0.46114 -0.298478\n0.99994 -4.84356e-05 0.0109481\n2\n11 0.453763 -0.470249 0.459572\n12 -0.42119 -0.470249 0.44994\n2\n0.0162865 -0.470249 0.454756\n-0.999939 0 -0.0110074\nL 13\n0\n3\n3\n3\n1\n3\n3\n3\n3\n2\n2\n2\n2"
}