{
    "boxes": [
        [
            0.004563040100038052,
            0.0010565100237727165,
            0.11720599979162216,
            0.10143700242042542,
            0.8136829733848572,
            0.9099460244178772,
            0.0009212139993906021,
            0.9994739890098572,
            0.032412201166152954,
            -1.4933199963707011e-05,
            -0.032412201166152954,
            0.9994750022888184
        ],
        [
            -0.0028784999158233404,
            -0.7814109921455383,
            -0.3347789943218231,
            0.0467430017888546,
            0.15151000022888184,
            0.882224977016449,
            0.0,
            1.0,
            0.0,
            0.0,
            0.0,
            1.0
        ],
        [
            -0.4227350056171417,
            -0.4539659917354584,
            0.5227149724960327,
            0.8437690138816833,
            0.3957599997520447,
            0.04761229828000069,
            0.003188040107488632,
            0.9510729908943176,
            0.30894899368286133,
            -0.0009606999810785055,
            -0.30894801020622253,
            0.9510790109634399
        ],
        [
            -0.42259201407432556,
            -0.7813699841499329,
            -0.006656500045210123,
            0.04510900005698204,
            0.544035017490387,
            0.04566299915313721,
            0.0,
            1.0,
            0.0,
            0.0,
            0.0,
            1.0
        ],
        [
            -0.420430988073349,
            0.32452601194381714,
            -0.3640980124473572,
            0.6409950256347656,
            0.13595600426197052,
            0.05527200177311897,
            -0.007636270020157099,
            0.9215199947357178,
            -0.3882560133934021,
            0.0875805988907814,
            0.38739100098609924,
            0.9177460074424744
        ],
        [
            0.004557500127702951,
            0.29813599586486816,
            -0.34994301199913025,
            0.392551988363266,
            0.056295301765203476,
            0.9098989963531494,
            -0.0,
            0.9820680022239685,
            -0.18852899968624115,
            0.0,
            0.18852899968624115,
            0.9820680022239685
        ],
        [
            0.006965999957174063,
            0.5774319767951965,
            -0.5419139862060547,
            0.0463699996471405,
            0.12222599983215332,
            0.8948420286178589,
            0.0,
            1.0,
            0.0,
            0.0,
            0.0,
            1.0
        ]
    ],
    "ops": [
        [
            0,
            0,
            0,
            0,
            1,
            2,
            1,
            1,
            0,
            2,
            0,
            0,
            1,
            1,
            1
        ]
    ],
    "syms": [
        [
            0.0,
            0.9981780052185059,
            0.03729579970240593,
            0.047431301325559616,
            0.004852060228586197,
            -0.4379900097846985,
            0.5430330038070679,
            0.0
        ],
        [
            0.0,
            0.9998340010643005,
            -0.017514700070023537,
            0.0049826097674667835,
            0.006197900045663118,
            0.3170529901981354,
            -0.36197200417518616,
            0.0
        ]
    ],
    "labels:": [
        [
            1,
            2,
            2,
            2,
            0,
            0,
            0
        ]
    ],
    "obj": 35089,
    "mat_index": 851,
    "obbs": "N 10\n0.0045575 0.298136 -0.349943 1 0 0 0 0.188529 0.982068 0 -0.982068 0.188529 0.909899 0.0562953 0.392552\n0.006966 0.577432 -0.541914 1 0 0 0 1 0 0 0 1 0.894842 0.04637 0.122226\n0.00456304 0.00105651 0.117206 1 -0.000921214 -1.49332e-05 0.000921214 0.999474 0.0324122 -1.49332e-05 -0.0324122 0.999475 0.909946 0.101437 0.813683\n0.432827 0.309579 -0.359846 -0.0549288 -0.358736 -0.931821 0.998481 -0.0158106 -0.0527715 0.00419837 -0.933305 0.35906 0.127684 0.0484262 0.635994\n-0.420431 0.324526 -0.364098 -0.0875806 -0.387391 -0.917746 0.996128 -0.0269955 -0.0836655 0.00763627 -0.92152 0.388256 0.135956 0.055272 0.640995\n0.432439 -0.422014 0.563351 -0.00158954 -0.987612 -0.156906 0.999998 -0.00168523 0.00047685 -0.000735366 -0.156905 0.987613 0.813467 0.0463846 0.331933\n-0.422735 -0.453966 0.522715 -0.00318804 -0.951073 -0.308949 0.999994 -0.00332888 -7.12396e-05 -0.0009607 -0.308948 0.951079 0.843769 0.0476123 0.39576\n-0.0028785 -0.781411 -0.334779 1 0 0 0 1 0 0 0 1 0.882225 0.046743 0.15151\n-0.422592 -0.78137 -0.0066565 1 0 0 0 1 0 0 0 1 0.045663 0.045109 0.544035\n0.424623 -0.780042 0.0205105 1 0 0 0 1 0 0 0 1 0.05966 0.048701 0.702645\nC 14\n0 1\n0 4\n0 3\n0 2\n1 3\n1 4\n2 6\n2 4\n2 3\n2 5\n5 9\n6 8\n7 8\n7 9\nS 3\n2\n3 0.432827 0.309579 -0.359846\n4 -0.420431 0.324526 -0.364098\n2\n0.0061979 0.317053 -0.361972\n-0.999834 0.0175147 -0.00498261\n2\n5 0.432439 -0.422014 0.563351\n6 -0.422735 -0.453966 0.522715\n2\n0.00485206 -0.43799 0.543033\n-0.998178 -0.0372958 -0.0474313\n2\n8 -0.422592 -0.78137 -0.0066565\n9 0.424623 -0.780042 0.0205105\n2\n0.00101525 -0.780706 0.006927\n0.999485 0.0015655 0.0320497\nL 10\n0\n0\n1\n0\n0\n2\n2\n2\n2\n2"
}