{
    "boxes": [
        [
            -0.004431259818375111,
            -0.09031800180673599,
            0.14096699655056,
            0.18077699840068817,
            0.7753980159759521,
            0.8051310181617737,
            -0.0005090630147606134,
            0.999688982963562,
            -0.024930300191044807,
            0.05232959985733032,
            0.024922799319028854,
            0.9983189702033997
        ],
        [
            -0.4404450058937073,
            0.09900859743356705,
            0.1483290046453476,
            0.3913469910621643,
            0.6677849888801575,
            0.1111299991607666,
            -0.28545600175857544,
            0.9583730101585388,
            0.006070000119507313,
            -0.006070000119507313,
            -0.008141309954226017,
            0.9999480247497559
        ],
        [
            -0.3116309940814972,
            -0.4806169867515564,
            0.3917810022830963,
            0.6857179999351501,
            0.09587959945201874,
            0.09068799763917923,
            0.19665099680423737,
            0.97536700963974,
            -0.09994349628686905,
            -0.4082440137863159,
            0.17413100600242615,
            0.896111011505127
        ],
        [
            0.2677440047264099,
            -0.4963200092315674,
            -0.18078400194644928,
            0.6831979751586914,
            0.08712589740753174,
            0.06774859875440598,
            -0.2248779982328415,
            0.9299309849739075,
            0.29096201062202454,
            0.16093599796295166,
            -0.2590619921684265,
            0.9523580074310303
        ],
        [
            -0.2714950144290924,
            -0.48100098967552185,
            -0.18845400214195251,
            0.7090939879417419,
            0.10526599735021591,
            0.10091499984264374,
            0.19495199620723724,
            0.9144260287284851,
            0.3547079861164093,
            -0.5542359948158264,
            -0.19566600024700165,
            0.8090350031852722
        ],
        [
            -0.00868098996579647,
            0.21399399638175964,
            -0.24439600110054016,
            0.6606619954109192,
            0.24111099541187286,
            1.064769983291626,
            0.0029445900581777096,
            0.9778900146484375,
            -0.20909899473190308,
            0.0036407699808478355,
            0.20908799767494202,
            0.9778900146484375
        ]
    ],
    "ops": [
        [
            0,
            0,
            2,
            1,
            0,
            2,
            0,
            0,
            1,
            1,
            1,
            0,
            1
        ]
    ],
    "syms": [
        [
            0.0,
            0.9999690055847168,
            0.005444060079753399,
            -0.005754270125180483,
            -0.0039014399517327547,
            0.10138499736785889,
            0.14581699669361115,
            0.0
        ],
        [
            0.0,
            0.9999480247497559,
            0.010012900456786156,
            0.0018271900480613112,
            -0.0023560801055282354,
            -0.4775199890136719,
            0.39234599471092224,
            0.0
        ]
    ],
    "labels:": [
        [
            1,
            3,
            2,
            2,
            2,
            0
        ]
    ],
    "obj": 35105,
    "mat_index": 861,
    "obbs": "N 8\n-0.00868099 0.213994 -0.244396 0.999989 -0.00364077 -0.00294459 0.00364077 0.209088 0.97789 -0.00294459 -0.97789 0.209099 1.06477 0.241111 0.660662\n0.432642 0.103762 0.143305 -0.262353 -0.964635 0.02549 0.964635 -0.262868 -0.0194784 0.02549 0.0194784 0.999485 0.389427 0.109679 0.637553\n-0.440445 0.0990086 0.148329 0.285456 -0.958373 -0.00607 0.958373 0.285404 0.00814131 -0.00607 -0.00814131 0.999948 0.391347 0.11113 0.667785\n-0.00443126 -0.090318 0.140967 0.99863 -0.000796386 -0.052326 -0.000509063 0.999689 -0.0249303 0.0523296 0.0249228 0.998319 0.805131 0.180777 0.775398\n0.267744 -0.49632 -0.180784 0.224878 -0.929931 -0.290962 0.961004 0.26099 -0.0914025 0.160936 -0.259062 0.952358 0.683198 0.0677486 0.0871259\n0.306919 -0.474423 0.392911 0.199866 -0.972993 0.115488 0.803351 0.095246 -0.58784 0.560965 0.210267 0.800691 0.691563 0.0856804 0.123561\n-0.311631 -0.480617 0.391781 0.196651 0.975367 -0.0999435 0.89144 -0.135419 0.432431 0.408244 -0.174131 -0.896111 0.685718 0.090688 0.0958796\n-0.271495 -0.481001 -0.188454 0.554236 0.195666 -0.809035 0.809207 -0.354315 0.468662 -0.194952 -0.914426 -0.354708 0.105266 0.100915 0.709094\nC 15\n0 1\n0 7\n0 4\n0 3\n0 2\n1 3\n1 4\n1 5\n2 7\n2 6\n2 3\n3 6\n3 7\n3 4\n3 5\nS 2\n2\n1 0.432642 0.103762 0.143305\n2 -0.440445 0.0990086 0.148329\n2\n-0.00390144 0.101385 0.145817\n-0.999969 -0.00544406 0.00575427\n2\n5 0.306919 -0.474423 0.392911\n6 -0.311631 -0.480617 0.391781\n2\n-0.00235608 -0.47752 0.392346\n-0.999948 -0.0100129 -0.00182719\nL 8\n0\n3\n3\n1\n2\n2\n2\n2"
}