{
    "boxes": [
        [
            0.0002123220037901774,
            -0.30274298787117004,
            0.4004859924316406,
            0.17920100688934326,
            0.6591879725456238,
            0.5100740194320679,
            -0.006208550184965134,
            0.9572150111198425,
            -0.2893109917640686,
            -0.0009177359752357006,
            0.2893109917640686,
            0.9572349786758423
        ],
        [
            -0.0002629999944474548,
            -0.43888598680496216,
            0.2928459942340851,
            0.03290659934282303,
            0.08179289847612381,
            0.5646920204162598,
            0.0,
            0.730675995349884,
            0.6827250123023987,
            0.0,
            -0.6827250123023987,
            0.730675995349884
        ],
        [
            -0.2372550070285797,
            -0.5343009829521179,
            -0.11048100143671036,
            0.11134299635887146,
            0.5380190014839172,
            0.033769700676202774,
            0.0011037300573661923,
            0.8922989964485168,
            -0.45144400000572205,
            -0.0026402499061077833,
            0.451445996761322,
            0.8922950029373169
        ],
        [
            -0.26745301485061646,
            -0.543615996837616,
            0.31516900658607483,
            0.09435880184173584,
            0.28778499364852905,
            0.034956298768520355,
            0.023353399708867073,
            0.7193059921264648,
            0.6943010091781616,
            0.001817299984395504,
            -0.6945199966430664,
            0.7194719910621643
        ],
        [
            -0.00026698200963437557,
            0.819275975227356,
            -0.4703260064125061,
            0.10100500285625458,
            0.030713599175214767,
            0.5647519826889038,
            -0.000531181984115392,
            0.9494979977607727,
            -0.3137730062007904,
            -0.000734969973564148,
            0.3137719929218292,
            0.9494979977607727
        ],
        [
            -0.0002629999944474548,
            -0.36009401082992554,
            0.04940799996256828,
            0.08140309900045395,
            0.032864999026060104,
            0.5646920204162598,
            -0.0,
            0.7297400236129761,
            -0.6837249994277954,
            -0.0,
            0.6837249994277954,
            0.7297400236129761
        ],
        [
            -0.2674739956855774,
            0.15977700054645538,
            -0.194924995303154,
            1.4882999658584595,
            0.18840600550174713,
            0.03435229882597923,
            -8.223859913414344e-05,
            0.8619580268859863,
            -0.5069789886474609,
            0.00930165033787489,
            0.5069580078125,
            0.8619210124015808
        ]
    ],
    "ops": [
        [
            0,
            0,
            0,
            0,
            1,
            2,
            1,
            1,
            0,
            2,
            0,
            0,
            2,
            1,
            1,
            1
        ]
    ],
    "syms": [
        [
            0.0,
            1.0,
            -0.0003504109918139875,
            0.00021494099928531796,
            -0.0003039379953406751,
            -0.53438401222229,
            -0.11043000221252441,
            0.0
        ],
        [
            1.0,
            -0.00022485971567220986,
            0.021947572007775307,
            0.09437356889247894,
            -0.0002629999944474548,
            0.1389870047569275,
            -0.1615629941225052,
            0.125
        ],
        [
            0.0,
            0.9999079704284668,
            0.012966999784111977,
            0.00398120004683733,
            -0.0003327539889141917,
            0.16324099898338318,
            -0.19386200606822968,
            0.0
        ]
    ],
    "labels:": [
        [
            1,
            2,
            2,
            2,
            0,
            0,
            0
        ]
    ],
    "obj": 35110,
    "mat_index": 865,
    "obbs": "N 17\n-0.000263 -0.360094 0.049408 1 0 0 -0 0.683725 0.72974 0 -0.72974 0.683725 0.564692 0.032865 0.0814031\n0.000212322 -0.302743 0.400486 0.99998 0.00620855 -0.000917736 -0.00620855 0.957215 -0.289311 -0.000917736 0.289311 0.957235 0.510074 0.179201 0.659188\n0.266809 0.166705 -0.192798 -0.00140724 0.854424 -0.519575 0.99967 -0.0121166 -0.0226329 -0.0256336 -0.519436 -0.854125 1.47581 0.0377642 0.19949\n-0.267474 0.159777 -0.194925 -8.22386e-05 0.861958 -0.506979 0.999957 -0.00464486 -0.00805933 -0.00930165 -0.506958 -0.861921 1.4883 0.0343523 0.188406\n-0.000266982 0.819276 -0.470326 -0.000531182 0.949498 -0.313773 -0.00073497 0.313772 0.949498 1 0.00073497 0.000531182 0.101005 0.0307136 0.564752\n-0.000263 0.709882 -0.433005 -0.000492608 0.939228 -0.343293 -0.000704532 0.343293 0.939228 1 0.000704532 0.000492608 0.081055 0.0309908 0.564746\n-0.000263 0.610978 -0.39588 -0.000815019 0.929939 -0.367712 -0.00119869 0.367711 0.929939 0.999999 0.00119869 0.000815019 0.0813115 0.0315111 0.564782\n-0.000263 0.513694 -0.355279 -0.00064373 0.9136 -0.406614 -0.000991112 0.406613 0.9136 0.999999 0.000991112 0.00064373 0.0811852 0.0312926 0.564764\n-0.000263 0.417679 -0.311617 -0.000476601 0.89801 -0.439975 -0.000764237 0.439974 0.89801 1 0.000764237 0.000476601 0.0810578 0.0310545 0.564746\n-0.000263 0.32313 -0.26445 -0.000639722 0.887683 -0.460455 -0.0010525 0.460454 0.887683 0.999999 0.0010525 0.000639722 0.0811937 0.0313576 0.564765\n-0.000263 0.230125 -0.21457 -0.000242526 0.874091 -0.485762 -0.00041224 0.485762 0.874091 1 0.00041224 0.000242526 0.0808711 0.0306838 0.56472\n-0.000263 0.138987 -0.161563 -0.000427889 0.849852 -0.527021 -0.000768834 0.52702 0.849852 1 0.000768834 0.000427889 0.0810312 0.0310598 0.564742\n-0.000263 -0.438886 0.292846 1 0 0 0 0.730676 0.682725 0 -0.682725 0.730676 0.564692 0.0329066 0.0817929\n0.236647 -0.534467 -0.110379 -0.000496616 -0.450995 -0.892526 0.999965 -0.0077191 0.00334408 -0.00839766 -0.892493 0.450983 0.538011 0.0332948 0.111529\n-0.237255 -0.534301 -0.110481 0.00110373 0.892299 -0.451444 0.999996 0.00020707 0.00285416 0.00264025 -0.451446 -0.892295 0.111343 0.0337697 0.538019\n0.267052 -0.537774 0.309666 -0.0242124 -0.721709 -0.691773 0.99969 -0.0134475 -0.0209602 0.00582451 -0.692066 0.72181 0.0944682 0.0359426 0.305071\n-0.267453 -0.543616 0.315169 -0.0233534 -0.719306 -0.694301 0.999726 -0.0155404 -0.0175266 0.0018173 -0.69452 0.719472 0.0943588 0.0349563 0.287785\nC 61\n0 14\n0 2\n0 16\n0 3\n0 15\n0 12\n0 1\n0 13\n1 3\n1 15\n1 2\n1 16\n1 14\n1 13\n1 12\n2 8\n2 12\n2 5\n2 9\n2 13\n2 6\n2 10\n2 7\n2 11\n2 15\n2 4\n3 11\n3 7\n3 14\n3 10\n3 6\n3 16\n3 9\n3 5\n3 12\n3 8\n3 4\n4 7\n4 5\n4 6\n5 6\n5 8\n5 7\n6 9\n6 7\n6 8\n7 10\n7 8\n7 9\n8 9\n8 10\n8 11\n9 11\n9 10\n10 11\n12 16\n12 13\n12 14\n12 15\n13 15\n14 16\nS 4\n2\n2 0.266809 0.166705 -0.192798\n3 -0.267474 0.159777 -0.194925\n2\n-0.000332754 0.163241 -0.193862\n-0.999908 -0.012967 -0.0039812\n8\n4 -0.000266982 0.819276 -0.470326\n5 -0.000263 0.709882 -0.433005\n6 -0.000263 0.610978 -0.39588\n7 -0.000263 0.513694 -0.355279\n8 -0.000263 0.417679 -0.311617\n9 -0.000263 0.32313 -0.26445\n10 -0.000263 0.230125 -0.21457\n11 -0.000263 0.138987 -0.161563\n1\n0 0 0\n0 0 0\n2\n13 0.236647 -0.534467 -0.110379\n14 -0.237255 -0.534301 -0.110481\n2\n-0.000303938 -0.534384 -0.11043\n-1 0.000350411 -0.000214941\n2\n15 0.267052 -0.537774 0.309666\n16 -0.267453 -0.543616 0.315169\n2\n-0.00020033 -0.540695 0.312417\n-0.999887 -0.0109275 0.0102939\nL 17\n0\n1\n0\n0\n0\n0\n0\n0\n0\n0\n0\n0\n2\n2\n2\n2\n2"
}