{
    "boxes": [
        [
            0.012261000461876392,
            -0.0662975013256073,
            0.08016149699687958,
            0.2536109983921051,
            0.9351029992103577,
            0.9532899856567383,
            0.0,
            1.0,
            0.0,
            0.0,
            0.0,
            1.0
        ],
        [
            -0.4218049943447113,
            -0.0789249986410141,
            0.45003101229667664,
            0.2398120015859604,
            0.10106399655342102,
            0.10106299817562103,
            0.0,
            1.0,
            0.0,
            0.0,
            0.0,
            1.0
        ],
        [
            -0.44476601481437683,
            0.3362480103969574,
            0.19020499289035797,
            0.09317749738693237,
            0.4795779883861542,
            0.06841719895601273,
            -0.07575400173664093,
            0.9904999732971191,
            0.11476500332355499,
            -0.002399540040642023,
            -0.11527600139379501,
            0.9933310151100159
        ],
        [
            -0.43324899673461914,
            0.13284599781036377,
            0.2863689959049225,
            0.4348619878292084,
            0.15249300003051758,
            0.05810169875621796,
            -0.006245879922062159,
            0.8672410249710083,
            -0.4978500008583069,
            0.053495701402425766,
            0.4974370002746582,
            0.8658490180969238
        ],
        [
            -0.4396289885044098,
            0.11542399972677231,
            0.19659900665283203,
            0.49083399772644043,
            0.47401800751686096,
            0.07338599860668182,
            0.0,
            1.0,
            0.0,
            0.0,
            0.0,
            1.0
        ],
        [
            -0.28002798557281494,
            -0.4611259996891022,
            -0.30175501108169556,
            0.581059992313385,
            0.10514499992132187,
            0.11133600026369095,
            0.0537961982190609,
            0.9968370199203491,
            0.05850280076265335,
            -0.38817501068115234,
            -0.03310300037264824,
            0.9209910035133362
        ],
        [
            -0.4211899936199188,
            -0.4702489972114563,
            0.4499399960041046,
            0.5575540065765381,
            0.07967100292444229,
            0.0796699970960617,
            0.0,
            1.0,
            0.0,
            0.0,
            0.0,
            1.0
        ],
        [
            0.010824000462889671,
            0.2002280056476593,
            -0.24165600538253784,
            0.6616960167884827,
            0.519760012626648,
            0.9630399942398071,
            0.0,
            1.0,
            0.0,
            0.0,
            0.0,
            1.0
        ],
        [
            0.018853599205613136,
            0.4831860065460205,
            -0.2562269866466522,
            0.09964369982481003,
            0.5379390120506287,
            0.9567800164222717,
            -0.012457099743187428,
            0.9331409931182861,
            0.3592950105667114,
            0.0023152900394052267,
            -0.3592950105667114,
            0.9332209825515747
        ]
    ],
    "ops": [
        [
            0,
            0,
            0,
            1,
            0,
            0,
            1,
            1,
            2,
            1,
            0,
            0,
            1,
            2,
            1,
            0,
            0,
            1,
            1
        ]
    ],
    "syms": [
        [
            0.0,
            0.9999480247497559,
            -0.0,
            0.010154100134968758,
            0.014793300069868565,
            -0.0789249986410141,
            0.45446398854255676,
            0.0
        ],
        [
            0.0,
            0.9999399781227112,
            -4.843559872824699e-05,
            0.010948100127279758,
            0.01926730014383793,
            -0.4611400067806244,
            -0.29847800731658936,
            0.0
        ]
    ],
    "labels:": [
        [
            1,
            3,
            3,
            3,
            3,
            2,
            2,
            0,
            0
        ]
    ],
    "obj": 35112,
    "mat_index": 867,
    "obbs": "N 15\n0.010824 0.200228 -0.241656 1 0 0 0 1 0 0 0 1 0.96304 0.661696 0.51976\n0.0188536 0.483186 -0.256227 0.99992 0.0124571 0.00231529 -0.0124571 0.933141 0.359295 0.00231529 -0.359295 0.933221 0.95678 0.0996437 0.537939\n0.451392 -0.078925 0.458898 1 0 0 0 1 0 0 0 1 0.101356 0.239812 0.101356\n-0.421805 -0.078925 0.450031 1 0 0 0 1 0 0 0 1 0.101063 0.239812 0.101064\n0.012261 -0.0662975 0.0801615 1 0 0 0 1 0 0 0 1 0.95329 0.253611 0.935103\n0.478242 0.340122 0.196006 -0.173915 -0.974395 -0.142507 0.984671 -0.174023 -0.0118062 -0.0132955 -0.142376 0.989723 0.0975523 0.0728092 0.487454\n-0.444766 0.336248 0.190205 0.075754 -0.9905 -0.114765 0.997124 0.0749734 0.0111094 -0.00239954 -0.115276 0.993331 0.0931775 0.0684172 0.479578\n0.465233 0.133257 0.291024 0.00573344 -0.489591 -0.871933 0.999883 -0.00957476 0.011951 -0.0141997 -0.871899 0.489479 0.155148 0.0525497 0.434654\n-0.433249 0.132846 0.286369 -0.0534957 -0.497437 -0.865849 0.998549 -0.0212248 -0.0495005 0.00624588 -0.867241 0.49785 0.152493 0.0581017 0.434862\n0.318563 -0.461155 -0.295201 -0.0592986 0.997472 0.039156 0.437722 -0.00927083 0.899062 0.897153 0.0704526 -0.436066 0.580554 0.116255 0.111391\n-0.280028 -0.461126 -0.301755 -0.920014 0.0722551 -0.385166 -0.388175 -0.033103 0.920991 0.0537962 0.996837 0.0585028 0.111336 0.105145 0.58106\n-0.42119 -0.470249 0.44994 1 0 0 0 1 0 0 0 1 0.07967 0.557554 0.079671\n0.453763 -0.470249 0.459572 1 0 0 0 1 0 0 0 1 0.07863 0.557554 0.07863\n0.463738 0.1169 0.215336 1 0 0 0 1 0 0 0 1 0.071117 0.494387 0.460595\n-0.439629 0.115424 0.196599 1 0 0 0 1 0 0 0 1 0.073386 0.490834 0.474018\nC 48\n0 14\n0 7\n0 10\n0 4\n0 5\n0 8\n0 1\n0 13\n0 6\n0 9\n1 6\n1 14\n1 5\n1 13\n1 8\n1 7\n2 12\n2 5\n2 13\n2 7\n2 4\n3 11\n3 14\n3 6\n3 8\n3 4\n4 7\n4 8\n4 12\n4 9\n4 13\n4 10\n4 5\n4 14\n4 11\n4 6\n5 13\n5 7\n6 14\n6 8\n7 12\n7 13\n8 14\n8 11\n9 13\n10 14\n11 14\n12 13\nS 6\n2\n2 0.451392 -0.078925 0.458898\n3 -0.421805 -0.078925 0.450031\n2\n0.0147933 -0.078925 0.454464\n-0.999948 0 -0.0101541\n2\n5 0.478242 0.340122 0.196006\n6 -0.444766 0.336248 0.190205\n2\n0.0167381 0.338185 0.193105\n-0.999971 -0.00419784 -0.00628509\n2\n7 0.465233 0.133257 0.291024\n8 -0.433249 0.132846 0.286369\n2\n0.0159924 0.133051 0.288697\n-0.999986 -0.000458062 -0.00518018\n2\n9 0.318563 -0.461155 -0.295201\n10 -0.280028 -0.461126 -0.301755\n2\n0.0192673 -0.46114 -0.298478\n-0.99994 4.84356e-05 -0.0109481\n2\n11 -0.42119 -0.470249 0.44994\n12 0.453763 -0.470249 0.459572\n2\n0.0162865 -0.470249 0.454756\n0.999939 0 0.0110074\n2\n13 0.463738 0.1169 0.215336\n14 -0.439629 0.115424 0.196599\n2\n0.0120547 0.116162 0.205968\n-0.999784 -0.00163409 -0.0207373\nL 15\n0\n0\n3\n3\n1\n3\n3\n3\n3\n2\n2\n2\n2\n3\n3"
}