{
    "boxes": [
        [
            0.0042320601642131805,
            0.03946400061249733,
            0.08749610185623169,
            0.15944400429725647,
            0.8787019848823547,
            0.9102820158004761,
            -0.009343369863927364,
            0.9960280060768127,
            0.08854670077562332,
            0.0004144849954172969,
            -0.08854670077562332,
            0.996071994304657
        ],
        [
            0.01329249981790781,
            -0.7814109921455383,
            -0.3664250075817108,
            0.0467430017888546,
            0.08821900188922882,
            0.7888630032539368,
            0.0,
            1.0,
            0.0,
            0.0,
            0.0,
            1.0
        ],
        [
            -0.42291000485420227,
            -0.3812110126018524,
            0.5219690203666687,
            0.8359150290489197,
            0.42031899094581604,
            0.046310000121593475,
            0.0,
            1.0,
            0.0,
            0.0,
            0.0,
            1.0
        ],
        [
            0.415583997964859,
            -0.781512975692749,
            -0.026212500408291817,
            0.046539001166820526,
            0.7064570188522339,
            0.07773800194263458,
            0.0,
            1.0,
            0.0,
            0.0,
            0.0,
            1.0
        ],
        [
            -0.4219140112400055,
            0.3472610116004944,
            -0.3646489977836609,
            0.49438899755477905,
            0.09039449691772461,
            0.04879409819841385,
            -0.00815253984183073,
            0.9546549916267395,
            -0.29760199785232544,
            0.09388860315084457,
            0.2970280051231384,
            0.9502419829368591
        ],
        [
            0.004557500127702951,
            0.29813599586486816,
            -0.34994301199913025,
            0.392551988363266,
            0.056295301765203476,
            0.9098989963531494,
            -0.0,
            0.9820680022239685,
            -0.18852899968624115,
            0.0,
            0.18852899968624115,
            0.9820680022239685
        ],
        [
            0.004557500127702951,
            0.5746719837188721,
            -0.5085489749908447,
            0.05189099907875061,
            0.18895600736141205,
            0.8996589779853821,
            0.0,
            1.0,
            0.0,
            0.0,
            0.0,
            1.0
        ]
    ],
    "ops": [
        [
            0,
            0,
            0,
            0,
            1,
            2,
            1,
            1,
            0,
            2,
            0,
            0,
            1,
            1,
            1
        ]
    ],
    "syms": [
        [
            0.0,
            0.9991419911384583,
            -0.03940879926085472,
            0.012715600430965424,
            0.004740450065582991,
            -0.39807799458503723,
            0.5274109840393066,
            0.0
        ],
        [
            0.0,
            0.9999769926071167,
            0.006661159917712212,
            0.0011345699895173311,
            0.005142639856785536,
            0.35010600090026855,
            -0.36416399478912354,
            0.0
        ]
    ],
    "labels:": [
        [
            1,
            2,
            2,
            2,
            0,
            0,
            0
        ]
    ],
    "obj": 35115,
    "mat_index": 868,
    "obbs": "N 10\n0.0045575 0.298136 -0.349943 1 0 0 0 0.188529 0.982068 0 -0.982068 0.188529 0.909899 0.0562953 0.392552\n0.0045575 0.574672 -0.508549 1 0 0 0 1 0 0 0 1 0.899659 0.051891 0.188956\n0.00423206 0.039464 0.0874961 -0.000414485 0.0885467 -0.996072 -0.00934337 0.996028 0.0885467 0.999956 0.00934337 0.000414485 0.878702 0.159444 0.910282\n0.432199 0.352951 -0.363679 0.00175185 0.959979 -0.280068 0.991569 -0.0379562 -0.123899 -0.129571 -0.277489 -0.951951 0.469247 0.0488919 0.078521\n-0.421914 0.347261 -0.364649 -0.00815254 0.954655 -0.297602 0.995549 -0.0201945 -0.0920528 -0.0938886 -0.297028 -0.950242 0.494389 0.0487941 0.0903945\n0.432391 -0.414946 0.532853 -0.00254497 -0.988327 -0.152325 0.99999 -0.00193532 -0.00415043 0.00380719 -0.152333 0.988322 0.833843 0.0473619 0.394476\n-0.42291 -0.381211 0.521969 1 0 0 0 1 0 0 0 1 0.04631 0.835915 0.420319\n0.415584 -0.781513 -0.0262125 1 0 0 0 1 0 0 0 1 0.077738 0.046539 0.706457\n-0.398342 -0.778855 -0.00359 1 0 0 0 1 0 0 0 1 0.094277 0.050138 0.765716\n0.0132925 -0.781411 -0.366425 1 0 0 0 1 0 0 0 1 0.788863 0.046743 0.088219\nC 14\n0 1\n0 4\n0 3\n0 2\n1 3\n1 4\n2 6\n2 4\n2 3\n2 5\n5 7\n6 8\n7 9\n8 9\nS 3\n2\n3 0.432199 0.352951 -0.363679\n4 -0.421914 0.347261 -0.364649\n2\n0.00514264 0.350106 -0.364164\n-0.999977 -0.00666116 -0.00113457\n2\n5 0.432391 -0.414946 0.532853\n6 -0.42291 -0.381211 0.521969\n2\n0.00474045 -0.398078 0.527411\n-0.999142 0.0394088 -0.0127156\n2\n7 0.415584 -0.781513 -0.0262125\n8 -0.398342 -0.778855 -0.00359\n2\n0.00862125 -0.780184 -0.0149013\n-0.999609 0.00326376 0.0277834\nL 10\n0\n0\n1\n0\n0\n2\n2\n2\n2\n2"
}