{
    "boxes": [
        [
            -0.00043700000969693065,
            0.0178849995136261,
            0.06270299851894379,
            0.07633800059556961,
            0.8426539897918701,
            0.8437280058860779,
            -9.375940248851012e-19,
            1.0,
            0.0,
            0.0,
            0.0,
            1.0
        ],
        [
            -0.38212698698043823,
            -0.7936760187149048,
            -0.3195900022983551,
            0.02015409991145134,
            0.07778330147266388,
            0.07778330147266388,
            0.00886618997901678,
            0.9999610185623169,
            8.96895016921917e-07,
            -0.6292960047721863,
            0.005578970070928335,
            0.7771459817886353
        ],
        [
            -0.3824329972267151,
            -0.3984439969062805,
            -0.3194679915904999,
            0.7731199860572815,
            0.07893600314855576,
            0.0788469985127449,
            0.0,
            1.0,
            0.0,
            0.0,
            0.0,
            1.0
        ],
        [
            -0.38212698698043823,
            -0.7936760187149048,
            0.443791002035141,
            0.02015409991145134,
            0.07778330147266388,
            0.07778330147266388,
            0.00886618997901678,
            0.9999610185623169,
            -8.968850124801975e-07,
            0.6292960047721863,
            -0.005578970070928335,
            0.7771459817886353
        ],
        [
            -0.38234901428222656,
            -0.40197399258613586,
            0.4439530074596405,
            0.7633810043334961,
            0.07633800059556961,
            0.07633800059556961,
            0.0,
            1.0,
            0.0,
            0.0,
            0.0,
            1.0
        ],
        [
            -0.012768000364303589,
            0.6221449971199036,
            -0.320376992225647,
            0.17939400672912598,
            0.030534999445080757,
            0.7374259829521179,
            0.0,
            1.0,
            0.0,
            0.0,
            0.0,
            1.0
        ],
        [
            -0.3824329972267151,
            0.3449540138244629,
            -0.3195129930973053,
            0.7989559769630432,
            0.07884600013494492,
            0.07884799689054489,
            0.0,
            1.0,
            0.0,
            0.0,
            0.0,
            1.0
        ]
    ],
    "ops": [
        [
            0,
            0,
            0,
            1,
            0,
            0,
            1,
            1,
            2,
            1,
            0,
            0,
            2,
            1,
            1
        ]
    ],
    "syms": [
        [
            0.0,
            1.0,
            2.326209891378994e-09,
            -1.9633700674509752e-15,
            -0.0004368450026959181,
            -0.7936760187149048,
            -0.3195900022983551,
            0.0
        ],
        [
            0.0,
            0.9994419813156128,
            0.033414099365472794,
            -0.00010212999768555164,
            -0.0007784999907016754,
            0.3577139973640442,
            -0.3195520043373108,
            0.0
        ]
    ],
    "labels:": [
        [
            1,
            2,
            2,
            2,
            2,
            0,
            0
        ]
    ],
    "obj": 2214,
    "mat_index": 89,
    "obbs": "N 12\n-0.012768 0.622145 -0.320377 1 0 0 0 1 0 0 0 1 0.737426 0.179394 0.030535\n-0.382127 -0.793676 -0.31959 -0.777115 0.00689089 -0.62932 0.00886619 0.999961 8.96895e-07 0.629296 -0.00557897 -0.777146 0.0777833 0.0201541 0.0777833\n-0.382127 -0.793676 0.443791 0.777115 -0.00689088 -0.62932 0.00886619 0.999961 -8.96885e-07 0.629296 -0.00557897 0.777146 0.0777833 0.0201541 0.0777833\n0.381254 -0.793676 -0.31959 -0.777115 0.00689126 -0.62932 0.00886667 0.999961 8.96895e-07 0.629296 -0.00557928 -0.777146 0.0777833 0.0201541 0.0777833\n0.381254 -0.793676 0.443791 -0.629296 0.00557928 -0.777146 0.00886667 0.999961 -8.96885e-07 0.777115 -0.00689126 -0.62932 0.0777833 0.0201541 0.0777833\n-0.000437 0.017885 0.062703 1 9.37594e-19 -0 -9.37594e-19 1 0 0 0 1 0.843728 0.076338 0.842654\n0.380876 0.370473 -0.319591 1 0 0 0 1 0 0 0 1 0.078704 0.747923 0.07869\n-0.382433 0.344954 -0.319513 1 0 0 0 1 0 0 0 1 0.078848 0.798956 0.078846\n-0.382433 -0.398444 -0.319468 1 0 0 0 1 0 0 0 1 0.078847 0.77312 0.078936\n0.380948 -0.373277 -0.319468 1 0 0 0 1 0 0 0 1 0.078848 0.823454 0.078936\n0.381032 -0.401974 0.443953 1 0 0 0 1 0 0 0 1 0.076338 0.763381 0.076338\n-0.382349 -0.401974 0.443953 1 0 0 0 1 0 0 0 1 0.076338 0.763381 0.076338\nC 14\n0 7\n0 6\n1 8\n2 11\n3 9\n4 10\n5 9\n5 10\n5 11\n5 6\n5 7\n5 8\n6 9\n7 8\nS 5\n2\n1 -0.382127 -0.793676 -0.31959\n3 0.381254 -0.793676 -0.31959\n2\n-0.000436845 -0.793676 -0.31959\n1 2.32621e-09 -1.96337e-15\n2\n2 -0.382127 -0.793676 0.443791\n4 0.381254 -0.793676 0.443791\n2\n-0.000436845 -0.793676 0.443791\n1 2.32632e-09 -2.18152e-16\n2\n6 0.380876 0.370473 -0.319591\n7 -0.382433 0.344954 -0.319513\n2\n-0.0007785 0.357714 -0.319552\n-0.999442 -0.0334141 0.00010213\n2\n8 -0.382433 -0.398444 -0.319468\n9 0.380948 -0.373277 -0.319468\n2\n-0.00074275 -0.385861 -0.319468\n0.999457 0.0329499 0\n2\n10 0.381032 -0.401974 0.443953\n11 -0.382349 -0.401974 0.443953\n2\n-0.0006585 -0.401974 0.443953\n-1 0 0\nL 12\n0\n2\n2\n2\n2\n1\n0\n0\n2\n2\n2\n2"
}