{
    "boxes": [
        [
            0.001124480040743947,
            -0.05444290116429329,
            0.13199500739574432,
            0.17750300467014313,
            0.8217740058898926,
            0.7187079787254333,
            -0.00019109199638478458,
            0.9857180118560791,
            0.16840499639511108,
            1.620620059838984e-05,
            -0.16840499639511108,
            0.9857180118560791
        ],
        [
            -0.3948749899864197,
            0.3006249964237213,
            0.11946500092744827,
            0.07219540327787399,
            0.4478690028190613,
            0.11365199834108353,
            -0.025250200182199478,
            0.9963949918746948,
            0.08099540323019028,
            0.0010244200238958001,
            -0.08099540323019028,
            0.9967139959335327
        ],
        [
            -0.3212110102176666,
            -0.04585669934749603,
            0.10162399709224701,
            0.040099501609802246,
            0.03799689933657646,
            0.1940149962902069,
            0.5227580070495605,
            0.8512529730796814,
            -0.045743998140096664,
            0.012917200103402138,
            0.045743998140096664,
            0.9988700151443481
        ],
        [
            -0.39412400126457214,
            0.1494790017604828,
            0.1016559973359108,
            0.2887510061264038,
            0.03519200161099434,
            0.01169500034302473,
            0.0,
            1.0,
            0.0,
            0.0,
            0.0,
            1.0
        ],
        [
            0.028249500319361687,
            -0.3476699888706207,
            0.11298900097608566,
            0.4782029986381531,
            0.15399500727653503,
            0.15843099355697632,
            0.0,
            1.0,
            0.0,
            0.0,
            0.0,
            1.0
        ],
        [
            -0.06114720180630684,
            -0.6258090138435364,
            -0.1552720069885254,
            0.0861193984746933,
            0.4828200042247772,
            0.06563519686460495,
            -0.22732000052928925,
            0.9307140111923218,
            -0.28652501106262207,
            0.28652501106262207,
            0.3451269865036011,
            0.8937510251998901
        ],
        [
            -0.12500999867916107,
            -0.7686150074005127,
            -0.33868399262428284,
            0.07687100023031235,
            0.07687210291624069,
            0.05422170087695122,
            0.11074099689722061,
            0.9335770010948181,
            0.3408379852771759,
            0.28848299384117126,
            -0.35837700963020325,
            0.8878870010375977
        ],
        [
            0.012551000341773033,
            0.45593100786209106,
            -0.2958579957485199,
            0.6691100001335144,
            0.12759999930858612,
            0.6390759944915771,
            4.3663000326432666e-08,
            0.957381010055542,
            -0.28882598876953125,
            5.877920017383076e-08,
            0.28882598876953125,
            0.957381010055542
        ],
        [
            0.013506700284779072,
            0.1349799931049347,
            -0.2437400072813034,
            0.6504979729652405,
            0.16243800520896912,
            0.08113230019807816,
            0.0006663679960183799,
            0.8728560209274292,
            -0.487976998090744,
            -0.01551899965852499,
            0.48792698979377747,
            0.8727459907531738
        ]
    ],
    "ops": [
        [
            0,
            0,
            0,
            0,
            1,
            1,
            2,
            1,
            0,
            0,
            0,
            1,
            2,
            1,
            1,
            0,
            0,
            1,
            1
        ]
    ],
    "syms": [
        [
            0.0,
            1.0,
            -0.0007318090065382421,
            -0.00016540799697395414,
            0.0038335099816322327,
            0.3003329932689667,
            0.11939900368452072,
            0.0
        ],
        [
            -1.0,
            0.00867559015750885,
            0.9999610185623169,
            -0.0013400299940258265,
            0.025239799171686172,
            -0.6272799968719482,
            0.11219699680805206,
            0.20000000298023224
        ]
    ],
    "labels:": [
        [
            1,
            3,
            3,
            3,
            2,
            2,
            2,
            0,
            0
        ]
    ],
    "obj": 35174,
    "mat_index": 894,
    "obbs": "N 20\n0.012551 0.455931 -0.295858 1 -5.87792e-08 -4.3663e-08 5.87792e-08 0.288826 0.957381 -4.3663e-08 -0.957381 0.288826 0.639076 0.1276 0.66911\n0.0282495 -0.34767 0.112989 1 0 0 0 1 0 0 0 1 0.158431 0.478203 0.153995\n-0.321211 -0.0458567 0.101624 0.852383 -0.522758 0.0129172 0.522758 0.851253 -0.045744 0.0129172 0.045744 0.99887 0.194015 0.0400995 0.0379969\n0.334412 -0.045976 0.101213 -0.844981 -0.534417 -0.0201549 -0.52934 0.841135 -0.110868 0.0762026 -0.0830123 -0.993631 0.19826 0.0402214 0.0397798\n0.00112448 -0.0544429 0.131995 -1.62062e-05 0.168405 -0.985718 -0.000191092 0.985718 0.168405 1 0.000191092 1.62062e-05 0.821774 0.177503 0.718708\n-0.394124 0.149479 0.101656 1 0 0 0 1 0 0 0 1 0.011695 0.288751 0.035192\n0.404718 0.151154 0.101656 1 0 0 0 1 0 0 0 1 0.012127 0.285758 0.035192\n-0.394875 0.300625 0.119465 -0.00102442 0.0809954 -0.996714 -0.0252502 0.996395 0.0809954 0.999681 0.0252502 0.00102442 0.447869 0.0721954 0.113652\n0.402542 0.300041 0.119333 -0.00134239 0.0751865 -0.997169 -0.0356462 0.996532 0.0751865 0.999364 0.0356462 0.00134239 0.447828 0.0738359 0.113847\n0.252313 -0.62952 0.279643 0.197919 0.94036 0.27668 -0.611898 -0.101985 0.784334 0.765773 -0.324534 0.555219 0.082106 0.0589981 0.475574\n-0.0599553 -0.628518 0.38008 0.282086 0.316473 -0.905689 0.899994 0.239711 0.364074 0.332323 -0.917814 -0.217205 0.482279 0.0746007 0.0868239\n0.251517 -0.628008 -0.0545279 0.764944 -0.330992 -0.552543 0.515509 -0.199686 0.833292 -0.386149 -0.922263 0.0178804 0.477562 0.0647925 0.0853909\n-0.0611472 -0.625809 -0.155272 0.22732 -0.930714 0.286525 0.930714 0.12107 -0.345127 0.286525 0.345127 0.893751 0.0861194 0.0656352 0.48282\n-0.256528 -0.624544 0.111064 0.940298 0.340257 0.00804692 -0.0338292 0.0699086 0.99698 0.338667 -0.93773 0.0772455 0.486645 0.0635503 0.0806392\n0.409323 -0.768615 0.393317 -0.28993 0.933578 -0.21065 -0.587791 0 0.809013 0.755276 0.358375 0.548749 0.0768711 0.0542211 0.0768718\n-0.123998 -0.768615 0.56449 0.288484 -0.358376 -0.887887 0.951059 -4.44089e-16 0.309009 -0.110741 -0.933578 0.340836 0.0768721 0.0542211 0.0768709\n0.409751 -0.768615 -0.166836 0.755295 0.358412 -0.548699 0.587747 5.55112e-16 0.809045 0.289971 -0.933564 -0.210656 0.0768724 0.0542236 0.0768706\n-0.12501 -0.768615 -0.338684 -0.288483 0.358377 -0.887887 0.951059 3.33067e-16 -0.309008 -0.110741 -0.933577 -0.340838 0.0768721 0.0542217 0.076871\n-0.450865 -0.768615 0.112186 0.93358 0.358368 -1.59147e-16 0 4.44089e-16 1 0.358368 -0.93358 4.14593e-16 0.076871 0.05422 0.076871\n0.0135067 0.13498 -0.24374 0.000666368 0.872856 -0.487977 0.999879 0.00699133 0.013871 0.015519 -0.487927 -0.872746 0.650498 0.0811323 0.162438\nC 44\n0 7\n0 4\n0 5\n0 8\n0 19\n0 6\n1 3\n1 11\n1 2\n1 10\n1 13\n1 4\n1 19\n1 9\n1 12\n2 5\n2 19\n2 4\n3 6\n3 19\n3 8\n3 4\n4 7\n4 8\n4 19\n4 5\n4 6\n5 7\n6 8\n9 11\n9 14\n9 10\n9 13\n9 12\n10 11\n10 15\n10 12\n10 13\n11 16\n11 13\n11 12\n12 13\n12 17\n13 18\nS 5\n2\n2 -0.321211 -0.0458567 0.101624\n3 0.334412 -0.045976 0.101213\n2\n0.00660046 -0.0459164 0.101419\n1 -0.000182038 -0.000626834\n2\n5 -0.394124 0.149479 0.101656\n6 0.404718 0.151154 0.101656\n2\n0.0052965 0.150316 0.101656\n0.999998 0.00209741 0\n2\n7 -0.394875 0.300625 0.119465\n8 0.402542 0.300041 0.119333\n2\n0.00383351 0.300333 0.119399\n1 -0.000731809 -0.000165408\n5\n13 -0.256528 -0.624544 0.111064\n10 -0.0599553 -0.628518 0.38008\n9 0.252313 -0.62952 0.279643\n11 0.251517 -0.628008 -0.0545279\n12 -0.0611472 -0.625809 -0.155272\n3\n0.0252398 -0.62728 0.112197\n0.00867559 0.999961 -0.00134003\n5\n18 -0.450865 -0.768615 0.112186\n15 -0.123998 -0.768615 0.56449\n14 0.409323 -0.768615 0.393317\n16 0.409751 -0.768615 -0.166836\n17 -0.12501 -0.768615 -0.338684\n3\n0.0238403 -0.768615 0.112894\n-7.43815e-07 1 -6.38789e-07\nL 20\n0\n2\n3\n3\n1\n3\n3\n3\n3\n2\n2\n2\n2\n2\n2\n2\n2\n2\n2\n0"
}