{
    "boxes": [
        [
            0.011868899688124657,
            0.03461550176143646,
            0.1920749992132187,
            0.13629299402236938,
            0.6962460279464722,
            0.809689998626709,
            -0.003992570098489523,
            0.9889190196990967,
            -0.14839999377727509,
            -0.0002978979900944978,
            0.14839999377727509,
            0.9889270067214966
        ],
        [
            0.01297529973089695,
            -0.6466500163078308,
            -0.27946901321411133,
            0.11914999783039093,
            0.04937690123915672,
            0.6394580006599426,
            0.0037313399370759726,
            0.9981809854507446,
            0.06017620116472244,
            0.003513149917125702,
            -0.060189299285411835,
            0.9981809854507446
        ],
        [
            0.01017600018531084,
            0.11569499969482422,
            -0.18591000139713287,
            0.06102199852466583,
            0.046904999762773514,
            0.6252440214157104,
            0.0,
            1.0,
            0.0,
            0.0,
            0.0,
            1.0
        ],
        [
            -0.4017980098724365,
            -0.42865800857543945,
            0.2581300139427185,
            0.845445990562439,
            0.09890619665384293,
            0.08479990065097809,
            -0.002005910035222769,
            0.883542001247406,
            -0.4683479964733124,
            0.017213599756360054,
            0.46831101179122925,
            0.8833960294723511
        ],
        [
            -0.34669598937034607,
            -0.21868599951267242,
            -0.22688700258731842,
            1.1360599994659424,
            0.04716140031814575,
            0.12502600252628326,
            0.009310750290751457,
            0.9926019906997681,
            0.12105900049209595,
            -0.03811730071902275,
            -0.12062399834394455,
            0.9919660091400146
        ],
        [
            0.013410300016403198,
            0.6427080035209656,
            -0.2967340052127838,
            0.34755900502204895,
            0.07283099740743637,
            0.8113970160484314,
            0.0009773309575393796,
            0.8801239728927612,
            -0.4747439920902252,
            0.0016376200364902616,
            0.47474199533462524,
            0.8801239728927612
        ],
        [
            -0.3965809941291809,
            0.3531000018119812,
            -0.15370599925518036,
            1.0040899515151978,
            0.11710599809885025,
            0.09825850278139114,
            0.0022049499675631523,
            0.8740180134773254,
            -0.4858880043029785,
            0.04204690083861351,
            0.48537901043891907,
            0.8732920289039612
        ]
    ],
    "ops": [
        [
            0,
            0,
            2,
            0,
            0,
            0,
            1,
            2,
            1,
            1,
            1,
            0,
            0,
            2,
            1,
            1
        ]
    ],
    "syms": [
        [
            0.0,
            -0.0068207997828722,
            0.1785839945077896,
            0.9839010238647461,
            0.010815099813044071,
            -0.5900930166244507,
            0.032127898186445236,
            0.0
        ],
        [
            0.0,
            0.9999489784240723,
            0.009227089583873749,
            -0.004062190186232328,
            0.0037296400405466557,
            -0.42491599917411804,
            0.25648200511932373,
            0.0
        ],
        [
            0.0,
            1.0,
            0.0005616170237772167,
            0.0005384529940783978,
            0.010489599779248238,
            0.35332798957824707,
            -0.15348699688911438,
            0.0
        ]
    ],
    "labels:": [
        [
            1,
            2,
            2,
            2,
            2,
            0,
            0
        ]
    ],
    "obj": 35182,
    "mat_index": 897,
    "obbs": "N 11\n0.0134103 0.642708 -0.296734 0.999998 -0.00163762 -0.000977331 0.00163762 0.474742 0.880124 -0.000977331 -0.880124 0.474744 0.811397 0.072831 0.347559\n0.010176 0.115695 -0.18591 1 0 0 0 1 0 0 0 1 0.625244 0.061022 0.046905\n0.00865502 -0.533536 0.343725 1 0.000519863 0.000344154 -0.000519863 0.390573 0.920572 0.000344154 -0.920572 0.390573 0.795423 0.0465373 0.0934973\n0.0129753 -0.64665 -0.279469 0.999987 -0.00351315 -0.00373134 0.00351315 -0.0601893 0.998181 -0.00373134 -0.998181 -0.0601762 0.639458 0.0493769 0.11915\n0.0118689 0.0346155 0.192075 0.999992 0.00399257 -0.000297898 -0.00399257 0.988919 -0.1484 -0.000297898 0.1484 0.988927 0.80969 0.136293 0.696246\n0.41756 0.353557 -0.153268 -0.000832245 0.880125 -0.474741 0.999435 0.0166837 0.0291779 0.0336007 -0.474449 -0.879642 1.0034 0.0925149 0.10565\n-0.396581 0.3531 -0.153706 0.00220495 0.874018 -0.485888 0.999113 -0.0223557 -0.0356795 -0.0420469 -0.485379 -0.873292 1.00409 0.0982585 0.117106\n0.409258 -0.421174 0.254835 -0.0116632 -0.461683 -0.886968 0.999925 -0.00860096 -0.0086716 -0.00362525 -0.887003 0.461749 0.0980992 0.108409 0.860954\n-0.401798 -0.428658 0.25813 -0.00200591 0.883542 -0.468348 0.99985 -0.00628993 -0.0161483 -0.0172136 -0.468311 -0.883396 0.845446 0.0847999 0.0989062\n0.372234 -0.218303 -0.226936 0.998735 -0.0333325 -0.0376541 0.0333325 -0.121863 0.991987 -0.0376541 -0.991987 -0.120597 0.144309 0.0454388 1.13775\n-0.346696 -0.218686 -0.226887 -0.99923 0.0138504 -0.0367122 -0.0381173 -0.120624 0.991966 0.00931075 0.992602 0.121059 0.125026 0.0471614 1.13606\nC 26\n0 10\n0 5\n0 6\n0 9\n1 6\n1 5\n1 10\n1 4\n1 9\n1 7\n2 8\n2 7\n3 10\n3 9\n4 7\n4 8\n4 9\n4 10\n4 5\n4 6\n5 9\n5 7\n6 10\n6 8\n7 9\n8 10\nS 4\n2\n2 0.00865502 -0.533536 0.343725\n3 0.0129753 -0.64665 -0.279469\n2\n0.0108151 -0.590093 0.0321279\n0.0068208 -0.178584 -0.983901\n2\n5 0.41756 0.353557 -0.153268\n6 -0.396581 0.3531 -0.153706\n2\n0.0104896 0.353328 -0.153487\n-1 -0.000561617 -0.000538453\n2\n7 0.409258 -0.421174 0.254835\n8 -0.401798 -0.428658 0.25813\n2\n0.00372964 -0.424916 0.256482\n-0.999949 -0.00922709 0.00406219\n2\n9 0.372234 -0.218303 -0.226936\n10 -0.346696 -0.218686 -0.226887\n2\n0.012769 -0.218494 -0.226911\n-1 -0.000533349 6.77824e-05\nL 11\n0\n2\n2\n2\n1\n0\n0\n2\n2\n2\n2"
}