{
    "boxes": [
        [
            0.01191249955445528,
            -0.03749850019812584,
            0.08488450199365616,
            0.10329899936914444,
            0.9029409885406494,
            0.8719750046730042,
            0.0,
            1.0,
            0.0,
            0.0,
            0.0,
            1.0
        ],
        [
            -0.33269599080085754,
            -0.29346099495887756,
            0.0008322360226884484,
            0.3822140097618103,
            0.7693049907684326,
            0.07380759716033936,
            -0.17974799871444702,
            0.9371899962425232,
            -0.2989419996738434,
            -0.004563549999147654,
            0.3030939996242523,
            0.9529500007629395
        ],
        [
            -0.33503100275993347,
            -0.44581401348114014,
            -0.3114840090274811,
            0.774383008480072,
            0.08113949745893478,
            0.07349430024623871,
            0.011506499722599983,
            0.999210000038147,
            0.03803899884223938,
            0.3554919958114624,
            -0.03964409977197647,
            0.9338380098342896
        ],
        [
            0.016069000586867332,
            -0.2190600037574768,
            0.4495989978313446,
            0.2896749973297119,
            0.037588998675346375,
            0.6008049845695496,
            -0.008629480376839638,
            0.936735987663269,
            0.3499299883842468,
            -0.005988120101392269,
            -0.3499850034713745,
            0.936735987663269
        ],
        [
            -0.29113098978996277,
            -0.4543690085411072,
            0.4190410077571869,
            0.7702850103378296,
            0.08416780084371567,
            0.06858740001916885,
            0.03235670179128647,
            0.9993370175361633,
            -0.01666790060698986,
            -0.6171280145645142,
            0.0330938994884491,
            0.7861660122871399
        ],
        [
            0.015111199580132961,
            0.7363920211791992,
            -0.37821298837661743,
            0.23834800720214844,
            0.20997099578380585,
            0.910290002822876,
            -0.020462699234485626,
            0.9902420043945312,
            -0.13784900307655334,
            -0.023502899333834648,
            0.137363001704216,
            0.9902420043945312
        ],
        [
            -0.33933600783348083,
            0.3420180082321167,
            -0.34652501344680786,
            0.8582410216331482,
            0.08346349745988846,
            0.06540550291538239,
            -0.033944498747587204,
            0.9928759932518005,
            -0.11421799659729004,
            0.2534630000591278,
            0.11909899860620499,
            0.9599850177764893
        ]
    ],
    "ops": [
        [
            0,
            0,
            0,
            1,
            2,
            0,
            0,
            2,
            1,
            1,
            1,
            0,
            0,
            2,
            1,
            1
        ]
    ],
    "syms": [
        [
            0.0,
            1.0,
            -0.0009105210192501545,
            -0.00019752299704123288,
            0.010691800154745579,
            -0.2937740087509155,
            0.0007644090219400823,
            0.0
        ],
        [
            0.0,
            0.9999970197677612,
            0.0022713099606335163,
            0.0006456120172515512,
            0.014848199672996998,
            -0.45367398858070374,
            0.41923901438713074,
            0.0
        ],
        [
            0.0,
            0.9998360276222229,
            -0.017949199303984642,
            0.0025139700155705214,
            0.002196019981056452,
            0.33588600158691406,
            -0.34566599130630493,
            0.0
        ]
    ],
    "labels:": [
        [
            1,
            2,
            2,
            2,
            2,
            0,
            0
        ]
    ],
    "obj": 2216,
    "mat_index": 91,
    "obbs": "N 11\n0.0151112 0.736392 -0.378213 -0.0204627 0.990242 -0.137849 -0.0235029 0.137363 0.990242 0.999514 0.0235029 0.0204627 0.238348 0.209971 0.91029\n0.35408 -0.294086 0.000696582 -0.00488174 -0.305332 -0.952233 0.983584 -0.173241 0.050507 -0.180387 -0.936354 0.301166 0.769417 0.0737785 0.382832\n-0.332696 -0.293461 0.000832236 0.00456355 -0.303094 -0.95295 0.983702 0.172655 -0.0502034 0.179748 -0.93719 0.298942 0.769305 0.0738076 0.382214\n0.016069 -0.21906 0.449599 0.999945 0.00598812 0.00862948 -0.00598812 -0.349985 0.936736 0.00862948 -0.936736 -0.34993 0.600805 0.037589 0.289675\n0.0119125 -0.0374985 0.0848845 1 0 0 0 1 0 0 0 1 0.871975 0.103299 0.902941\n-0.339336 0.342018 -0.346525 0.966749 0.00363634 -0.2557 0.253463 0.119099 0.959985 0.0339445 -0.992876 0.114218 0.0654055 0.0834635 0.858241\n0.343728 0.329755 -0.344807 -0.94693 -0.0143677 -0.32112 -0.320563 0.116021 0.940095 0.0237497 0.993143 -0.11447 0.0710942 0.0829656 0.884713\n-0.335031 -0.445814 -0.311484 0.934608 0.00277731 -0.355667 0.355492 -0.0396441 0.933838 -0.0115065 -0.99921 -0.038039 0.0734943 0.0811395 0.774383\n0.339427 -0.454268 -0.311245 -0.00941473 0.99916 0.0398727 -0.353137 -0.0406274 0.934689 0.935524 -0.00528067 0.353223 0.758441 0.0802191 0.0752647\n-0.291131 -0.454369 0.419041 -0.786197 0.0151515 -0.61779 -0.617128 0.0330939 0.786166 0.0323567 0.999337 -0.0166679 0.0685874 0.0841678 0.770285\n0.320828 -0.452979 0.419436 -0.0335432 0.999324 -0.0150156 0.697042 0.0341585 0.716216 0.716245 0.0135576 -0.697717 0.773939 0.0835841 0.0723621\nC 23\n0 5\n0 6\n1 3\n1 6\n1 10\n1 4\n1 8\n2 5\n2 9\n2 3\n2 7\n2 4\n3 10\n3 9\n3 4\n4 7\n4 8\n4 9\n4 10\n4 5\n4 6\n5 7\n6 8\nS 4\n2\n1 0.35408 -0.294086 0.000696582\n2 -0.332696 -0.293461 0.000832236\n2\n0.0106918 -0.293774 0.000764409\n-1 0.000910521 0.000197523\n2\n5 -0.339336 0.342018 -0.346525\n6 0.343728 0.329755 -0.344807\n2\n0.00219602 0.335886 -0.345666\n0.999836 -0.0179492 0.00251397\n2\n7 -0.335031 -0.445814 -0.311484\n8 0.339427 -0.454268 -0.311245\n2\n0.00219818 -0.450041 -0.311364\n0.999921 -0.0125342 0.000354317\n2\n9 -0.291131 -0.454369 0.419041\n10 0.320828 -0.452979 0.419436\n2\n0.0148482 -0.453674 0.419239\n0.999997 0.00227131 0.000645612\nL 11\n0\n2\n2\n2\n1\n0\n0\n2\n2\n2\n2"
}