{
    "boxes": [
        [
            -0.3360599875450134,
            -0.13121700286865234,
            0.21389099955558777,
            0.16279800236225128,
            0.5242869853973389,
            0.6733980178833008,
            0.0,
            1.0,
            0.0,
            0.0,
            0.0,
            1.0
        ],
        [
            0.3738270103931427,
            -0.13121700286865234,
            0.21389099955558777,
            0.16279800236225128,
            0.5242869853973389,
            0.6733980178833008,
            0.0,
            1.0,
            0.0,
            0.0,
            0.0,
            1.0
        ],
        [
            -0.6911569833755493,
            -0.021978000178933144,
            0.42469099164009094,
            0.33953800797462463,
            0.09572350233793259,
            0.05524510145187378,
            0.023583099246025085,
            0.9924020171165466,
            0.12075699865818024,
            -0.01891390047967434,
            -0.12032599747180939,
            0.9925540089607239
        ],
        [
            -0.6911749839782715,
            0.13729999959468842,
            0.11891099810600281,
            0.08000300079584122,
            0.7907590270042419,
            0.07695890218019485,
            0.03053640015423298,
            0.998429000377655,
            -0.04698609933257103,
            0.0007179580279625952,
            0.04698609933257103,
            0.998894989490509
        ],
        [
            -0.6931260228157043,
            -0.050886500626802444,
            -0.2003750056028366,
            0.3186190128326416,
            0.11754199862480164,
            0.0502530001103878,
            0.0,
            1.0,
            0.0,
            0.0,
            0.0,
            1.0
        ],
        [
            -0.6927509903907776,
            -0.38338300585746765,
            -0.20053400099277496,
            0.3985559940338135,
            0.11751499772071838,
            0.04523000121116638,
            0.0,
            1.0,
            0.0,
            0.0,
            0.0,
            1.0
        ],
        [
            -0.6906710267066956,
            -0.3739129900932312,
            0.42743200063705444,
            0.42736101150512695,
            0.08708489686250687,
            0.053624000400304794,
            -0.01435959991067648,
            0.9944790005683899,
            -0.10395299643278122,
            -0.05561710149049759,
            0.10300800204277039,
            0.9931240081787109
        ],
        [
            -0.33604198694229126,
            0.14597100019454956,
            -0.23298700153827667,
            0.7524870038032532,
            0.2201859951019287,
            0.6737030148506165,
            0.00037761201383545995,
            0.9317389726638794,
            -0.36313000321388245,
            0.000552445009816438,
            0.36312898993492126,
            0.9317389726638794
        ]
    ],
    "ops": [
        [
            0,
            0,
            1,
            0,
            0,
            0,
            1,
            1,
            2,
            1,
            0,
            0,
            1,
            2,
            1,
            0,
            2,
            1
        ]
    ],
    "syms": [
        [
            0.0,
            0.9999970197677612,
            0.0018048799829557538,
            -0.0013893600553274155,
            0.015259199775755405,
            -0.020702999085187912,
            0.4237090051174164,
            0.0
        ],
        [
            0.0,
            0.9999840259552002,
            0.005645240191370249,
            3.252310125390068e-05,
            0.014426499605178833,
            -0.37939101457595825,
            -0.20050999522209167,
            0.0
        ],
        [
            0.0,
            1.0,
            -2.064629916276317e-05,
            -6.191669672261924e-05,
            0.018901800736784935,
            0.14596399664878845,
            -0.2330089956521988,
            0.0
        ]
    ],
    "labels:": [
        [
            1,
            1,
            3,
            3,
            3,
            2,
            2,
            0
        ]
    ],
    "obj": 35213,
    "mat_index": 918,
    "obbs": "N 14\n-0.336042 0.145971 -0.232987 1 -0.000552445 -0.000377612 0.000552445 0.363129 0.931739 -0.000377612 -0.931739 0.36313 0.673703 0.220186 0.752487\n0.373845 0.145957 -0.233031 1 -0.000553648 -0.000378331 0.000553648 0.363368 0.931646 -0.000378331 -0.931646 0.363368 0.673703 0.220259 0.752492\n0.723186 0.137266 0.118911 -0.000650433 -0.0471875 -0.998886 0.0275474 0.998506 -0.0471875 0.99962 -0.0275474 0.000650433 0.790758 0.079938 0.0768244\n-0.691175 0.1373 0.118911 -0.000717958 -0.0469861 -0.998895 0.0305364 0.998429 -0.0469861 0.999533 -0.0305364 0.000717958 0.790759 0.080003 0.0769589\n-0.33606 -0.131217 0.213891 1 0 0 0 1 0 0 0 1 0.673398 0.162798 0.524287\n0.373827 -0.131217 0.213891 1 0 0 0 1 0 0 0 1 0.673398 0.162798 0.524287\n0.721604 -0.375398 -0.200487 1 0 0 0 1 0 0 0 1 0.04523 0.414525 0.117607\n0.720113 -0.372138 0.422014 -0.00437525 -0.990922 0.13437 0.971948 -0.0358125 -0.232454 0.235155 0.129584 0.963281 0.434036 0.0616562 0.106313\n-0.692751 -0.383383 -0.200534 1 0 0 0 1 0 0 0 1 0.04523 0.398556 0.117515\n-0.690671 -0.373913 0.427432 -0.0143596 0.994479 -0.103953 0.998349 0.0200424 0.0538309 0.0556171 -0.103008 -0.993124 0.427361 0.053624 0.0870849\n0.724718 -0.0436785 -0.200375 1 0 0 0 1 0 0 0 1 0.057299 0.311909 0.117542\n0.721675 -0.019428 0.422728 0.0032361 -0.986728 -0.162348 0.99885 0.0109566 -0.0466828 0.047842 -0.16201 0.985629 0.338318 0.0502985 0.0985817\n-0.691157 -0.021978 0.424691 -0.0235831 -0.992402 -0.120757 0.999543 -0.0256915 0.0159326 -0.0189139 -0.120326 0.992554 0.339538 0.0552451 0.0957235\n-0.693126 -0.0508865 -0.200375 1 0 0 0 1 0 0 0 1 0.050253 0.318619 0.117542\nC 30\n0 3\n0 4\n0 5\n0 8\n0 1\n0 13\n1 6\n1 2\n1 5\n1 10\n1 4\n2 5\n2 10\n2 11\n3 13\n3 12\n3 4\n4 8\n4 12\n4 9\n4 13\n4 5\n5 6\n5 11\n5 10\n5 7\n6 10\n7 11\n8 13\n9 12\nS 6\n2\n0 -0.336042 0.145971 -0.232987\n1 0.373845 0.145957 -0.233031\n2\n0.0189018 0.145964 -0.233009\n1 -2.06463e-05 -6.19167e-05\n2\n2 0.723186 0.137266 0.118911\n3 -0.691175 0.1373 0.118911\n2\n0.0160053 0.137283 0.118911\n-1 2.42289e-05 -5.48863e-08\n2\n6 0.721604 -0.375398 -0.200487\n8 -0.692751 -0.383383 -0.200534\n2\n0.0144265 -0.379391 -0.20051\n-0.999984 -0.00564524 -3.25231e-05\n2\n7 0.720113 -0.372138 0.422014\n9 -0.690671 -0.373913 0.427432\n2\n0.0147208 -0.373025 0.424723\n-0.999992 -0.00125796 0.00384066\n2\n10 0.724718 -0.0436785 -0.200375\n13 -0.693126 -0.0508865 -0.200375\n2\n0.0157955 -0.0472825 -0.200375\n-0.999987 -0.00508371 0\n2\n11 0.721675 -0.019428 0.422728\n12 -0.691157 -0.021978 0.424691\n2\n0.0152592 -0.020703 0.423709\n-0.999997 -0.00180488 0.00138936\nL 14\n0\n0\n3\n3\n1\n1\n2\n2\n2\n2\n3\n3\n3\n3"
}