{
    "boxes": [
        [
            0.012261000461876392,
            -0.0662975013256073,
            0.08016149699687958,
            0.2536109983921051,
            0.9351029992103577,
            0.9532899856567383,
            0.0,
            1.0,
            0.0,
            0.0,
            0.0,
            1.0
        ],
        [
            -0.4218049943447113,
            -0.12587900459766388,
            0.45003101229667664,
            0.14590400457382202,
            0.10106399655342102,
            0.10106299817562103,
            0.0,
            1.0,
            0.0,
            0.0,
            0.0,
            1.0
        ],
        [
            0.4626710116863251,
            0.1168999969959259,
            0.18794099986553192,
            0.4943870007991791,
            0.5153859853744507,
            0.07325199991464615,
            0.0,
            1.0,
            0.0,
            0.0,
            0.0,
            1.0
        ],
        [
            0.47738999128341675,
            0.3407190144062042,
            0.19150300323963165,
            0.09742770344018936,
            0.49651700258255005,
            0.07063689827919006,
            0.12770099937915802,
            0.981145977973938,
            0.14506900310516357,
            -0.008593670092523098,
            -0.14516599476337433,
            0.9893699884414673
        ],
        [
            -0.4308600127696991,
            0.1075889989733696,
            0.31533899903297424,
            0.5052539706230164,
            0.17417599260807037,
            0.09286139905452728,
            -0.037113700062036514,
            0.8182529807090759,
            -0.5736590027809143,
            0.08209630101919174,
            0.5746110081672668,
            0.8142989873886108
        ],
        [
            -0.4211899936199188,
            -0.4702489972114563,
            0.4499399960041046,
            0.5575540065765381,
            0.07967100292444229,
            0.0796699970960617,
            0.0,
            1.0,
            0.0,
            0.0,
            0.0,
            1.0
        ],
        [
            -0.28002798557281494,
            -0.4611259996891022,
            -0.30175501108169556,
            0.581059992313385,
            0.10514499992132187,
            0.11133600026369095,
            0.0537961982190609,
            0.9968370199203491,
            0.05850280076265335,
            -0.38817501068115234,
            -0.03310300037264824,
            0.9209910035133362
        ],
        [
            0.007966999895870686,
            0.2002280056476593,
            -0.22377300262451172,
            0.6616960167884827,
            0.555525004863739,
            0.964389979839325,
            0.0,
            1.0,
            0.0,
            0.0,
            0.0,
            1.0
        ],
        [
            0.005135950166732073,
            0.4802730083465576,
            -0.2512870132923126,
            0.1019119992852211,
            0.5488749742507935,
            0.9578310251235962,
            -0.0157111007720232,
            0.9303939938545227,
            0.3662239909172058,
            0.05530580133199692,
            -0.36489900946617126,
            0.9294030070304871
        ]
    ],
    "ops": [
        [
            0,
            0,
            0,
            1,
            0,
            0,
            1,
            1,
            2,
            1,
            0,
            0,
            1,
            2,
            1,
            0,
            0,
            1,
            1
        ]
    ],
    "syms": [
        [
            0.0,
            0.9999480247497559,
            -0.0,
            0.010154100134968758,
            0.014793300069868565,
            -0.12587900459766388,
            0.45446398854255676,
            0.0
        ],
        [
            0.0,
            0.9999390244483948,
            -0.0,
            0.01100740022957325,
            0.016286499798297882,
            -0.4702489972114563,
            0.4547559916973114,
            0.0
        ]
    ],
    "labels:": [
        [
            1,
            3,
            3,
            3,
            3,
            2,
            2,
            0,
            0
        ]
    ],
    "obj": 35231,
    "mat_index": 925,
    "obbs": "N 15\n0.007967 0.200228 -0.223773 1 0 0 0 1 0 0 0 1 0.96439 0.661696 0.555525\n0.00513595 0.480273 -0.251287 0.998346 0.0348563 -0.0457232 -0.0157111 0.930394 0.366224 0.0553058 -0.364899 0.929403 0.957831 0.101912 0.548875\n0.451392 -0.125879 0.458898 1 0 0 0 1 0 0 0 1 0.101356 0.145904 0.101356\n-0.421805 -0.125879 0.450031 1 0 0 0 1 0 0 0 1 0.101063 0.145904 0.101064\n0.012261 -0.0662975 0.0801615 1 0 0 0 1 0 0 0 1 0.95329 0.253611 0.935103\n0.462671 0.1169 0.187941 1 0 0 0 1 0 0 0 1 0.073252 0.494387 0.515386\n0.47739 0.340719 0.191503 -0.127701 -0.981146 -0.145069 0.991775 -0.12759 -0.0101062 -0.00859367 -0.145166 0.98937 0.0974277 0.0706369 0.496517\n-0.439629 0.105409 0.214306 1 0 0 0 1 0 0 0 1 0.073386 0.470803 0.438605\n-0.445053 0.333635 0.20648 0.0757559 -0.990679 -0.113206 0.997126 0.0751727 0.00941749 -0.000819713 -0.113594 0.993527 0.0917541 0.0684448 0.446672\n0.46183 0.106164 0.322266 0.0563831 -0.612245 -0.788655 0.997247 -0.00357079 0.074068 -0.0481639 -0.79066 0.610358 0.175588 0.09188 0.507749\n-0.43086 0.107589 0.315339 -0.0820963 -0.574611 -0.814299 0.995933 -0.0168737 -0.0885014 0.0371137 -0.818253 0.573659 0.174176 0.0928614 0.505254\n0.453763 -0.470249 0.459572 1 0 0 0 1 0 0 0 1 0.07863 0.557554 0.07863\n-0.42119 -0.470249 0.44994 1 0 0 0 1 0 0 0 1 0.07967 0.557554 0.079671\n-0.280028 -0.461126 -0.301755 0.0537962 0.996837 0.0585028 -0.388175 -0.033103 0.920991 0.920014 -0.0722551 0.385166 0.58106 0.105145 0.111336\n0.318563 -0.461155 -0.295201 -0.0592986 0.997472 0.039156 0.437722 -0.00927083 0.899062 0.897153 0.0704526 -0.436066 0.580554 0.116255 0.111391\nC 45\n0 14\n0 7\n0 10\n0 4\n0 5\n0 8\n0 1\n0 13\n0 6\n0 9\n1 6\n1 5\n1 10\n1 9\n1 8\n1 7\n2 5\n2 9\n2 11\n2 4\n3 7\n3 10\n3 12\n3 4\n4 7\n4 8\n4 12\n4 9\n4 13\n4 10\n4 5\n4 14\n4 11\n4 6\n5 9\n5 6\n5 11\n5 14\n6 9\n7 12\n7 10\n7 8\n8 10\n9 11\n10 12\nS 6\n2\n2 0.451392 -0.125879 0.458898\n3 -0.421805 -0.125879 0.450031\n2\n0.0147933 -0.125879 0.454464\n-0.999948 0 -0.0101541\n2\n5 0.462671 0.1169 0.187941\n7 -0.439629 0.105409 0.214306\n2\n0.011521 0.111154 0.201123\n-0.999492 -0.0127299 0.0292044\n2\n6 0.47739 0.340719 0.191503\n8 -0.445053 0.333635 0.20648\n2\n0.0161683 0.337177 0.198991\n-0.999839 -0.007678 0.0162336\n2\n9 0.46183 0.106164 0.322266\n10 -0.43086 0.107589 0.315339\n2\n0.0154847 0.106876 0.318803\n-0.999969 0.00159592 -0.00775923\n2\n11 0.453763 -0.470249 0.459572\n12 -0.42119 -0.470249 0.44994\n2\n0.0162865 -0.470249 0.454756\n-0.999939 0 -0.0110074\n2\n13 -0.280028 -0.461126 -0.301755\n14 0.318563 -0.461155 -0.295201\n2\n0.0192673 -0.46114 -0.298478\n0.99994 -4.84356e-05 0.0109481\nL 15\n0\n0\n3\n3\n1\n3\n3\n3\n3\n3\n3\n2\n2\n2\n2"
}