{
    "boxes": [
        [
            0.002553029917180538,
            -0.03624590113759041,
            0.16205500066280365,
            0.12857599556446075,
            0.7222689986228943,
            0.7856540083885193,
            -0.0028043300844728947,
            0.9992009997367859,
            -0.0398688018321991,
            -5.592500019702129e-05,
            0.0398688018321991,
            0.9992049932479858
        ],
        [
            -0.38463398814201355,
            -0.41642600297927856,
            -0.23867300152778625,
            0.7309520244598389,
            0.03605170175433159,
            0.05984039977192879,
            0.06919830292463303,
            0.9577919840812683,
            0.27900901436805725,
            0.09078159928321838,
            -0.2845650017261505,
            0.9543489813804626
        ],
        [
            -0.3713890016078949,
            -0.4114049971103668,
            0.503400981426239,
            0.7343080043792725,
            0.040988098829984665,
            0.049402300268411636,
            0.08791489899158478,
            0.9961180090904236,
            0.004435980226844549,
            -0.016628500074148178,
            -0.00298503995873034,
            0.9998570084571838
        ],
        [
            -0.39846301078796387,
            -0.7658979892730713,
            0.08232550323009491,
            0.04429600015282631,
            0.8352609872817993,
            0.04140099883079529,
            0.0,
            1.0,
            0.0,
            0.0,
            0.0,
            1.0
        ],
        [
            0.0019198500085622072,
            0.32044100761413574,
            -0.28412899374961853,
            0.6956160068511963,
            0.07798810303211212,
            0.7815859913825989,
            -0.0014526699669659138,
            0.9753379821777344,
            -0.22071099281311035,
            -0.00181813002564013,
            0.2207079976797104,
            0.9753379821777344
        ]
    ],
    "ops": [
        [
            0,
            0,
            0,
            0,
            1,
            1,
            2,
            1,
            0,
            1
        ]
    ],
    "syms": [
        [
            0.0,
            0.9999499917030334,
            -0.009940359741449356,
            0.0009397279936820269,
            0.0014498099917545915,
            -0.42026400566101074,
            -0.23830999433994293,
            0.0
        ]
    ],
    "labels:": [
        [
            1,
            2,
            2,
            2,
            0
        ]
    ],
    "obj": 35274,
    "mat_index": 939,
    "obbs": "N 8\n0.00191985 0.320441 -0.284129 0.999997 0.00181813 0.00145267 -0.00181813 0.220708 0.975338 0.00145267 -0.975338 0.220711 0.781586 0.0779881 0.695616\n0.00255303 -0.0362459 0.162055 0.999996 0.00280433 -5.5925e-05 -0.00280433 0.999201 -0.0398688 -5.5925e-05 0.0398688 0.999205 0.785654 0.128576 0.722269\n-0.371389 -0.411405 0.503401 0.0879149 0.996118 0.00443598 -0.0166285 -0.00298504 0.999857 0.995989 -0.0879761 0.0163015 0.734308 0.0409881 0.0494023\n-0.384634 -0.416426 -0.238673 0.993464 -0.0407104 -0.106641 0.0907816 -0.284565 0.954349 -0.0691983 -0.957792 -0.279009 0.0598404 0.0360517 0.730952\n0.387533 -0.424102 -0.237948 -0.0248048 0.958492 0.284038 -0.135249 -0.284731 0.949018 0.990501 -0.0148757 0.136697 0.717524 0.0433845 0.0577519\n0.375339 -0.402218 0.506586 0.997688 0.0664499 0.0142446 -0.0141387 -0.00206464 0.999898 0.0664725 -0.997788 -0.00112035 0.0456862 0.0326545 0.743223\n0.403216 -0.765821 0.088512 1 0 0 0 1 0 0 0 1 0.040855 0.044325 0.846288\n-0.398463 -0.765898 0.0823255 1 0 0 0 1 0 0 0 1 0.041401 0.044296 0.835261\nC 11\n0 1\n0 4\n0 3\n1 2\n1 3\n1 4\n1 5\n2 7\n3 7\n4 6\n5 6\nS 3\n2\n2 -0.371389 -0.411405 0.503401\n5 0.375339 -0.402218 0.506586\n2\n0.00197509 -0.406811 0.504993\n0.999915 0.0123018 0.00426444\n2\n3 -0.384634 -0.416426 -0.238673\n4 0.387533 -0.424102 -0.237948\n2\n0.00144981 -0.420264 -0.23831\n0.99995 -0.00994036 0.000939728\n2\n6 0.403216 -0.765821 0.088512\n7 -0.398463 -0.765898 0.0823255\n2\n0.0023765 -0.765859 0.0854188\n-0.99997 -9.66691e-05 -0.00771669\nL 8\n0\n1\n2\n2\n2\n2\n2\n2"
}