{
    "boxes": [
        [
            0.012261000461876392,
            -0.0662975013256073,
            0.08016149699687958,
            0.2536109983921051,
            0.9351029992103577,
            0.9532899856567383,
            0.0,
            1.0,
            0.0,
            0.0,
            0.0,
            1.0
        ],
        [
            -0.43324899673461914,
            0.13284599781036377,
            0.2863689959049225,
            0.4348619878292084,
            0.15249300003051758,
            0.05810169875621796,
            -0.006245879922062159,
            0.8672410249710083,
            -0.4978500008583069,
            0.053495701402425766,
            0.4974370002746582,
            0.8658490180969238
        ],
        [
            -0.4396289885044098,
            0.11542399972677231,
            0.19861699640750885,
            0.49083399772644043,
            0.4699830114841461,
            0.07338599860668182,
            0.0,
            1.0,
            0.0,
            0.0,
            0.0,
            1.0
        ],
        [
            -0.44495299458503723,
            0.333516001701355,
            0.2076980024576187,
            0.09178359806537628,
            0.4442160129547119,
            0.06836149841547012,
            -0.07368560135364532,
            0.9907990097999573,
            0.1135220006108284,
            -0.0013578400248661637,
            -0.11393100023269653,
            0.9934880137443542
        ],
        [
            -0.28002798557281494,
            -0.4611259996891022,
            -0.30175501108169556,
            0.581059992313385,
            0.10514499992132187,
            0.11133600026369095,
            0.0537961982190609,
            0.9968370199203491,
            0.05850280076265335,
            -0.38817501068115234,
            -0.03310300037264824,
            0.9209910035133362
        ],
        [
            -0.4211899936199188,
            -0.4702489972114563,
            0.4499399960041046,
            0.5575540065765381,
            0.07967100292444229,
            0.0796699970960617,
            0.0,
            1.0,
            0.0,
            0.0,
            0.0,
            1.0
        ],
        [
            0.01000049989670515,
            0.2002280056476593,
            -0.22044500708580017,
            0.6616960167884827,
            0.5621809959411621,
            0.9684569835662842,
            0.0,
            1.0,
            0.0,
            0.0,
            0.0,
            1.0
        ],
        [
            0.018731899559497833,
            0.47713199257850647,
            -0.24733999371528625,
            0.10291799902915955,
            0.5588679909706116,
            0.959975004196167,
            -0.014662399888038635,
            0.9270079731941223,
            0.37475499510765076,
            0.0028514598961919546,
            -0.37475499510765076,
            0.9271199703216553
        ]
    ],
    "ops": [
        [
            0,
            0,
            0,
            0,
            1,
            1,
            2,
            1,
            0,
            0,
            1,
            2,
            1,
            0,
            0,
            1,
            1
        ]
    ],
    "syms": [
        [
            0.0,
            0.9999859929084778,
            0.0004580619861371815,
            0.005180180072784424,
            0.01599239930510521,
            0.13305099308490753,
            0.2886970043182373,
            0.0
        ],
        [
            0.0,
            0.9999399781227112,
            -4.843559872824699e-05,
            0.010948100127279758,
            0.01926730014383793,
            -0.4611400067806244,
            -0.29847800731658936,
            0.0
        ]
    ],
    "labels:": [
        [
            1,
            3,
            3,
            3,
            2,
            2,
            0,
            0
        ]
    ],
    "obj": 35321,
    "mat_index": 947,
    "obbs": "N 13\n0.0100005 0.200228 -0.220445 1 0 0 0 1 0 0 0 1 0.968457 0.661696 0.562181\n0.463738 0.107651 0.23952 1 0 0 0 1 0 0 0 1 0.071117 0.474376 0.412228\n-0.439629 0.115424 0.198617 1 0 0 0 1 0 0 0 1 0.073386 0.490834 0.469983\n0.012261 -0.0662975 0.0801615 1 0 0 0 1 0 0 0 1 0.95329 0.253611 0.935103\n0.477963 0.338388 0.207828 -0.173346 -0.974584 -0.141905 0.98478 -0.173366 -0.0123234 -0.0125913 -0.141882 0.989804 0.0974106 0.0727821 0.463552\n-0.444953 0.333516 0.207698 0.0736856 -0.990799 -0.113522 0.997281 0.0730516 0.00974044 -0.00135784 -0.113931 0.993488 0.0917836 0.0683615 0.444216\n0.465233 0.133257 0.291024 0.00573344 -0.489591 -0.871933 0.999883 -0.00957476 0.011951 -0.0141997 -0.871899 0.489479 0.155148 0.0525497 0.434654\n-0.433249 0.132846 0.286369 -0.0534957 -0.497437 -0.865849 0.998549 -0.0212248 -0.0495005 0.00624588 -0.867241 0.49785 0.152493 0.0581017 0.434862\n0.318563 -0.461155 -0.295201 -0.0592986 0.997472 0.039156 0.437722 -0.00927083 0.899062 0.897153 0.0704526 -0.436066 0.580554 0.116255 0.111391\n0.453763 -0.470249 0.459572 1 0 0 0 1 0 0 0 1 0.07863 0.557554 0.07863\n-0.42119 -0.470249 0.44994 1 0 0 0 1 0 0 0 1 0.07967 0.557554 0.079671\n-0.280028 -0.461126 -0.301755 -0.920014 0.0722551 -0.385166 -0.388175 -0.033103 0.920991 0.0537962 0.996837 0.0585028 0.111336 0.105145 0.58106\n0.0187319 0.477132 -0.24734 0.999888 0.0146624 0.00285146 -0.0146624 0.927008 0.374755 0.00285146 -0.374755 0.92712 0.959975 0.102918 0.558868\nC 37\n0 7\n0 3\n0 11\n0 4\n0 12\n0 5\n0 8\n0 1\n0 6\n0 2\n1 3\n1 6\n1 4\n1 9\n1 12\n2 12\n2 5\n2 10\n2 3\n2 7\n2 11\n3 11\n3 7\n3 10\n3 6\n3 9\n3 5\n3 8\n3 4\n4 12\n4 6\n5 12\n5 7\n6 9\n6 12\n7 12\n7 10\nS 5\n2\n1 0.463738 0.107651 0.23952\n2 -0.439629 0.115424 0.198617\n2\n0.0120547 0.111538 0.219068\n-0.99894 0.00859535 -0.0452309\n2\n4 0.477963 0.338388 0.207828\n5 -0.444953 0.333516 0.207698\n2\n0.016505 0.335952 0.207763\n-0.999986 -0.00527867 -0.000141493\n2\n6 0.465233 0.133257 0.291024\n7 -0.433249 0.132846 0.286369\n2\n0.0159924 0.133051 0.288697\n-0.999986 -0.000458062 -0.00518018\n2\n8 0.318563 -0.461155 -0.295201\n11 -0.280028 -0.461126 -0.301755\n2\n0.0192673 -0.46114 -0.298478\n-0.99994 4.84356e-05 -0.0109481\n2\n9 0.453763 -0.470249 0.459572\n10 -0.42119 -0.470249 0.44994\n2\n0.0162865 -0.470249 0.454756\n-0.999939 0 -0.0110074\nL 13\n0\n3\n3\n1\n3\n3\n3\n3\n2\n2\n2\n2\n0"
}