{
    "boxes": [
        [
            -0.010311000049114227,
            -0.027137000113725662,
            0.13684499263763428,
            0.045354001224040985,
            0.5999079942703247,
            0.8589640259742737,
            0.0,
            1.0,
            0.0,
            0.0,
            0.0,
            1.0
        ],
        [
            0.0030408999882638454,
            -0.7609320282936096,
            -0.25634801387786865,
            0.02597630023956299,
            0.16064299643039703,
            0.8227999806404114,
            -0.0009724340052343905,
            0.9999960064888,
            0.002617770107463002,
            -0.05233469977974892,
            -0.0026650698855519295,
            0.9986259937286377
        ],
        [
            -0.4171519875526428,
            -0.38248899579048157,
            0.5167679786682129,
            0.760250985622406,
            0.20957200229167938,
            0.027343200519680977,
            0.001988600008189678,
            0.9944049715995789,
            -0.1056160032749176,
            0.0013087999541312456,
            0.10561399906873703,
            0.99440598487854
        ],
        [
            -0.41151899099349976,
            -0.7592949867248535,
            0.12231399863958359,
            0.02751299925148487,
            0.6939619779586792,
            0.03716399893164635,
            0.0,
            1.0,
            0.0,
            0.0,
            0.0,
            1.0
        ],
        [
            -0.008825499564409256,
            0.35182899236679077,
            -0.3121730089187622,
            0.32058000564575195,
            0.045888498425483704,
            0.8562800288200378,
            -0.002748349914327264,
            0.9999960064888,
            -7.553489922429435e-06,
            -0.002748359926044941,
            3.3306698679688577e-16,
            0.9999960064888
        ],
        [
            -0.4149799942970276,
            0.23638999462127686,
            -0.28712400794029236,
            0.6093990206718445,
            0.15917199850082397,
            0.025870399549603462,
            0.00231952010653913,
            0.9668539762496948,
            -0.2553179860115051,
            -0.0031275800429284573,
            0.25532400608062744,
            0.9668499827384949
        ]
    ],
    "ops": [
        [
            0,
            0,
            0,
            0,
            1,
            2,
            1,
            1,
            0,
            0,
            2,
            1,
            1
        ]
    ],
    "syms": [
        [
            0.0,
            0.9996010065078735,
            0.01034220028668642,
            0.026300599798560143,
            -0.009771320037543774,
            -0.37827399373054504,
            0.5274869799613953,
            0.0
        ],
        [
            0.0,
            1.0,
            0.0007796849822625518,
            -0.0004718790005426854,
            -0.007665039971470833,
            0.23670800030231476,
            -0.2873159945011139,
            0.0
        ]
    ],
    "labels:": [
        [
            1,
            2,
            2,
            2,
            0,
            0
        ]
    ],
    "obj": 35355,
    "mat_index": 953,
    "obbs": "N 9\n-0.0088255 0.351829 -0.312173 -0.00274835 0.999996 -7.55349e-06 -0.00274836 3.33067e-16 0.999996 0.999992 0.00274836 0.00274835 0.32058 0.0458885 0.85628\n-0.010311 -0.027137 0.136845 1 0 0 0 1 0 0 0 1 0.858964 0.045354 0.599908\n0.39965 0.237025 -0.287508 -0.00429619 -0.262468 -0.964931 0.99999 -0.0024716 -0.00377999 -0.0013928 -0.964938 0.262476 0.157307 0.026556 0.605342\n-0.41498 0.23639 -0.287124 0.00231952 0.966854 -0.255318 0.999992 -0.0014441 0.00361615 0.00312758 -0.255324 -0.96685 0.609399 0.0258704 0.159172\n0.397609 -0.374059 0.538206 -0.000871885 -0.156922 -0.987611 0.999997 -0.00244833 -0.000493803 -0.00234051 -0.987608 0.156923 0.188353 0.0268564 0.754238\n-0.417152 -0.382489 0.516768 0.0019886 0.994405 -0.105616 0.999997 -0.00211571 -0.00109145 -0.0013088 -0.105614 -0.994406 0.760251 0.0273432 0.209572\n-0.411519 -0.759295 0.122314 1 0 0 0 1 0 0 0 1 0.037164 0.027513 0.693962\n0.398317 -0.752662 0.179721 1 0 0 0 1 0 0 0 1 0.027398 0.041038 0.709654\n0.0030409 -0.760932 -0.256348 -0.998629 -0.000834098 -0.052337 -0.000972434 0.999996 0.00261777 0.0523347 0.00266507 -0.998626 0.8228 0.0259763 0.160643\nC 11\n0 1\n0 3\n0 2\n1 2\n1 3\n1 4\n1 5\n4 7\n5 6\n6 8\n7 8\nS 3\n2\n2 0.39965 0.237025 -0.287508\n3 -0.41498 0.23639 -0.287124\n2\n-0.00766504 0.236708 -0.287316\n-1 -0.000779685 0.000471879\n2\n4 0.397609 -0.374059 0.538206\n5 -0.417152 -0.382489 0.516768\n2\n-0.00977132 -0.378274 0.527487\n-0.999601 -0.0103422 -0.0263006\n2\n6 -0.411519 -0.759295 0.122314\n7 0.398317 -0.752662 0.179721\n2\n-0.006601 -0.755979 0.151018\n0.997464 0.00817039 0.0707074\nL 9\n0\n1\n0\n0\n2\n2\n2\n2\n2"
}