{
    "boxes": [
        [
            0.004567619878798723,
            0.0164388008415699,
            0.10649999976158142,
            0.12199799716472626,
            0.8363649845123291,
            0.9099249839782715,
            0.0005201579770073295,
            0.9990329742431641,
            0.043971698731184006,
            -1.1441599781392142e-05,
            -0.043971698731184006,
            0.9990329742431641
        ],
        [
            0.014854500070214272,
            -0.7814109921455383,
            -0.3634580075740814,
            0.0467430017888546,
            0.09415200352668762,
            0.830718994140625,
            0.0,
            1.0,
            0.0,
            0.0,
            0.0,
            1.0
        ],
        [
            -0.42229101061820984,
            -0.35070499777793884,
            0.5412889719009399,
            0.8198239803314209,
            0.37797799706459045,
            0.0478035993874073,
            0.0028169199358671904,
            0.9871789813041687,
            -0.15959300100803375,
            0.003685639938339591,
            0.1595820039510727,
            0.9871780276298523
        ],
        [
            -0.40824198722839355,
            -0.7704049944877625,
            0.04022900015115738,
            0.06703700125217438,
            0.8148620128631592,
            0.0751279965043068,
            0.0,
            1.0,
            0.0,
            0.0,
            0.0,
            1.0
        ],
        [
            -0.4235039949417114,
            0.3216150104999542,
            -0.3644089996814728,
            0.5712000131607056,
            0.11550399661064148,
            0.047948699444532394,
            -0.002490619895979762,
            0.9455940127372742,
            -0.32534000277519226,
            0.07197350263595581,
            0.3246670067310333,
            0.9430860280990601
        ],
        [
            0.004557500127702951,
            0.29813599586486816,
            -0.34994301199913025,
            0.392551988363266,
            0.056295301765203476,
            0.9098989963531494,
            -0.0,
            0.9820680022239685,
            -0.18852899968624115,
            0.0,
            0.18852899968624115,
            0.9820680022239685
        ],
        [
            0.004557500127702951,
            0.5774319767951965,
            -0.5225629806518555,
            0.0463699996471405,
            0.16092899441719055,
            0.8996589779853821,
            0.0,
            1.0,
            0.0,
            0.0,
            0.0,
            1.0
        ]
    ],
    "ops": [
        [
            0,
            0,
            0,
            0,
            1,
            2,
            1,
            1,
            0,
            2,
            0,
            0,
            1,
            1,
            1
        ]
    ],
    "syms": [
        [
            0.0,
            0.9992349743843079,
            -0.035674698650836945,
            0.016014600172638893,
            0.004867699928581715,
            -0.3659549951553345,
            0.548134982585907,
            0.0
        ],
        [
            0.0,
            0.9999960064888,
            -0.0008398870122618973,
            -0.0027609900571405888,
            0.004622950218617916,
            0.32125601172447205,
            -0.36559098958969116,
            0.0
        ]
    ],
    "labels:": [
        [
            1,
            2,
            2,
            2,
            0,
            0,
            0
        ]
    ],
    "obj": 35422,
    "mat_index": 976,
    "obbs": "N 10\n0.0045575 0.298136 -0.349943 1 0 0 0 0.188529 0.982068 0 -0.982068 0.188529 0.909899 0.0562953 0.392552\n0.0045575 0.577432 -0.522563 1 0 0 0 1 0 0 0 1 0.899659 0.04637 0.160929\n0.00456762 0.0164388 0.1065 1 -0.000520158 -1.14416e-05 0.000520158 0.999033 0.0439717 -1.14416e-05 -0.0439717 0.999033 0.909925 0.121998 0.836365\n0.43275 0.320896 -0.366773 -0.00584996 0.948571 -0.316512 0.998104 -0.0138576 -0.059978 -0.0612794 -0.316262 -0.94669 0.583194 0.0478153 0.116671\n-0.423504 0.321615 -0.364409 -0.00249062 0.945594 -0.32534 0.997403 -0.021067 -0.0688664 -0.0719735 -0.324667 -0.943086 0.5712 0.0479487 0.115504\n-0.422291 -0.350705 0.541289 -0.00368564 -0.159582 -0.987178 0.999989 -0.003369 -0.00318885 -0.00281692 -0.987179 0.159593 0.377978 0.0478036 0.819824\n0.432026 -0.381206 0.554981 1 0 0 0 1 0 0 0 1 0.046278 0.820293 0.354278\n-0.408242 -0.770405 0.040229 1 0 0 0 1 0 0 0 1 0.075128 0.067037 0.814862\n0.0148545 -0.781411 -0.363458 1 0 0 0 1 0 0 0 1 0.830719 0.046743 0.094152\n0.417604 -0.775243 0.0498905 1 0 0 0 1 0 0 0 1 0.074641 0.059077 0.802841\nC 14\n0 1\n0 4\n0 3\n0 2\n1 3\n1 4\n2 6\n2 4\n2 3\n2 5\n5 7\n6 9\n7 8\n8 9\nS 3\n2\n3 0.43275 0.320896 -0.366773\n4 -0.423504 0.321615 -0.364409\n2\n0.00462295 0.321256 -0.365591\n-0.999996 0.000839887 0.00276099\n2\n5 -0.422291 -0.350705 0.541289\n6 0.432026 -0.381206 0.554981\n2\n0.0048677 -0.365955 0.548135\n0.999235 -0.0356747 0.0160146\n2\n7 -0.408242 -0.770405 0.040229\n9 0.417604 -0.775243 0.0498905\n2\n0.00468075 -0.772825 0.0450598\n0.999914 -0.00585774 0.0116979\nL 10\n0\n0\n1\n0\n0\n2\n2\n2\n2\n2"
}