{
    "boxes": [
        [
            0.005040519870817661,
            0.034189000725746155,
            0.19210800528526306,
            0.13604499399662018,
            0.6962310075759888,
            0.8074510097503662,
            -0.0037023199256509542,
            0.9891290068626404,
            -0.14700600504875183,
            -0.0002736180031206459,
            0.14700600504875183,
            0.9891359806060791
        ],
        [
            0.01299429964274168,
            -0.6467589735984802,
            -0.2792209982872009,
            0.1202860027551651,
            0.04431049898266792,
            0.6395040154457092,
            0.003954720217734575,
            0.9925429821014404,
            0.1218309998512268,
            0.0034989500418305397,
            -0.12184499949216843,
            0.9925429821014404
        ],
        [
            0.009606500156223774,
            0.11256899684667587,
            -0.1860550045967102,
            0.06727399677038193,
            0.047196000814437866,
            0.6284170150756836,
            0.0,
            1.0,
            0.0,
            0.0,
            0.0,
            1.0
        ],
        [
            -0.4058209955692291,
            -0.38840898871421814,
            0.23737500607967377,
            0.9361990094184875,
            0.10104499757289886,
            0.0756257027387619,
            -0.00029776801238767803,
            0.8828750252723694,
            -0.46960800886154175,
            0.01969759911298752,
            0.46952199935913086,
            0.8827009797096252
        ],
        [
            -0.352088987827301,
            -0.21867699921131134,
            -0.22686000168323517,
            1.1360599994659424,
            0.046577900648117065,
            0.11559700220823288,
            0.010562200099229813,
            0.9925829768180847,
            0.12110500037670135,
            -0.03700859844684601,
            -0.12064100056886673,
            0.9920060038566589
        ],
        [
            0.010872400365769863,
            0.643002986907959,
            -0.296314001083374,
            0.34786999225616455,
            0.07615239918231964,
            0.8169170022010803,
            0.0011008799774572253,
            0.8761849999427795,
            -0.48197299242019653,
            0.0018620199989527464,
            0.48197099566459656,
            0.8761849999427795
        ],
        [
            -0.406345009803772,
            0.39849400520324707,
            -0.17634299397468567,
            0.9003729820251465,
            0.10879199951887131,
            0.0804487019777298,
            0.005437050014734268,
            0.8922690153121948,
            -0.4514710009098053,
            0.05721009895205498,
            0.4504610002040863,
            0.8909609913825989
        ]
    ],
    "ops": [
        [
            0,
            0,
            2,
            0,
            0,
            0,
            1,
            2,
            1,
            1,
            1,
            0,
            0,
            2,
            1,
            1
        ]
    ],
    "syms": [
        [
            0.0,
            -0.005063469987362623,
            0.16946899890899658,
            0.9855219721794128,
            0.011393499560654163,
            -0.5931820273399353,
            0.032348401844501495,
            0.0
        ],
        [
            0.0,
            1.0,
            0.000526134972460568,
            -0.0006379840197041631,
            0.007418559864163399,
            -0.38819199800491333,
            0.23711100220680237,
            0.0
        ],
        [
            0.0,
            0.9999200105667114,
            -0.010765699669718742,
            0.006604310125112534,
            0.006191079970449209,
            0.39405301213264465,
            -0.17361800372600555,
            0.0
        ]
    ],
    "labels:": [
        [
            1,
            2,
            2,
            2,
            2,
            0,
            0
        ]
    ],
    "obj": 35438,
    "mat_index": 980,
    "obbs": "N 11\n0.0108724 0.643003 -0.296314 0.999998 -0.00186202 -0.00110088 0.00186202 0.481971 0.876185 -0.00110088 -0.876185 0.481973 0.816917 0.0761524 0.34787\n0.0096065 0.112569 -0.186055 1 0 0 0 1 0 0 0 1 0.628417 0.067274 0.047196\n0.0129943 -0.646759 -0.279221 0.999986 -0.00349895 -0.00395472 0.00349895 -0.121845 0.992543 -0.00395472 -0.992543 -0.121831 0.639504 0.0443105 0.120286\n0.00979269 -0.539605 0.343918 -0.00453963 0.886649 -0.462421 -0.00748739 0.462383 0.886649 0.999962 0.00748739 0.00453963 0.106308 0.0533557 0.816396\n0.00504052 0.034189 0.192108 0.999993 0.00370232 -0.000273618 -0.00370232 0.989129 -0.147006 -0.000273618 0.147006 0.989136 0.807451 0.136045 0.696231\n0.418728 0.389611 -0.170893 0.0105207 -0.448194 -0.893874 0.999923 0.0105756 0.00646618 0.00655512 -0.893874 0.448271 0.111654 0.0926116 0.921218\n-0.406345 0.398494 -0.176343 0.00543705 0.892269 -0.451471 0.998347 -0.0306729 -0.0485976 -0.0572101 -0.450461 -0.890961 0.900373 0.0804487 0.108792\n0.420658 -0.387975 0.236848 0.0156599 -0.442826 -0.896471 0.999871 0.0101255 0.0124645 0.00355759 -0.89655 0.442927 0.117354 0.0867182 0.934709\n-0.405821 -0.388409 0.237375 -0.000297768 0.882875 -0.469608 0.999806 -0.00898731 -0.0175303 -0.0196976 -0.469522 -0.882701 0.936199 0.0756257 0.101045\n0.371568 -0.218809 -0.226809 -0.0144773 0.992324 0.122812 0.0334865 -0.122275 0.991931 0.999334 0.018473 -0.0314593 1.13604 0.0455851 0.119512\n-0.352089 -0.218677 -0.22686 -0.999259 0.0149597 -0.0354599 -0.0370086 -0.120641 0.992006 0.0105622 0.992583 0.121105 0.115597 0.0465779 1.13606\nC 27\n0 10\n0 5\n0 6\n0 9\n1 6\n1 5\n1 10\n1 4\n1 9\n1 8\n1 7\n2 9\n2 10\n3 7\n3 8\n4 7\n4 8\n4 9\n4 10\n4 5\n4 6\n5 9\n5 7\n6 10\n6 8\n7 9\n8 10\nS 4\n2\n2 0.0129943 -0.646759 -0.279221\n3 0.00979269 -0.539605 0.343918\n2\n0.0113935 -0.593182 0.0323484\n-0.00506347 0.169469 0.985522\n2\n5 0.418728 0.389611 -0.170893\n6 -0.406345 0.398494 -0.176343\n2\n0.00619108 0.394053 -0.173618\n-0.99992 0.0107657 -0.00660431\n2\n7 0.420658 -0.387975 0.236848\n8 -0.405821 -0.388409 0.237375\n2\n0.00741856 -0.388192 0.237111\n-1 -0.000526135 0.000637984\n2\n9 0.371568 -0.218809 -0.226809\n10 -0.352089 -0.218677 -0.22686\n2\n0.00973946 -0.218743 -0.226834\n-1 0.000183118 -7.10218e-05\nL 11\n0\n2\n2\n2\n1\n0\n0\n2\n2\n2\n2"
}