{
    "boxes": [
        [
            0.009240999817848206,
            -0.15337499976158142,
            0.03855299949645996,
            0.3748509883880615,
            0.9015600085258484,
            1.0536999702453613,
            0.0,
            1.0,
            0.0,
            0.0,
            0.0,
            1.0
        ],
        [
            0.5113620162010193,
            0.49782299995422363,
            0.16715799272060394,
            0.07076390087604523,
            0.5884680151939392,
            0.07201539725065231,
            0.6815419793128967,
            0.7223150134086609,
            0.1173039972782135,
            0.14417999982833862,
            -0.28970301151275635,
            0.9461950063705444
        ],
        [
            -0.49891799688339233,
            0.4967679977416992,
            0.17962299287319183,
            0.06875140219926834,
            0.5705469846725464,
            0.06802059710025787,
            -0.36944401264190674,
            0.904416024684906,
            0.21340900659561157,
            -0.14435000717639923,
            -0.282723993062973,
            0.94827800989151
        ],
        [
            -0.47537100315093994,
            0.146356001496315,
            0.1385899931192398,
            0.8440669775009155,
            0.5030900239944458,
            0.04787660017609596,
            -0.001159069943241775,
            0.9994959831237793,
            -0.03173670172691345,
            -0.12550100684165955,
            0.031340401619672775,
            0.9915980100631714
        ],
        [
            -0.5174890160560608,
            0.05578700080513954,
            0.4082010090351105,
            0.7434920072555542,
            0.06197400018572807,
            0.059748999774456024,
            0.0,
            1.0,
            0.0,
            0.0,
            0.0,
            1.0
        ],
        [
            -0.30012398958206177,
            -0.4950940012931824,
            -0.2512440085411072,
            0.4566429853439331,
            0.13228599727153778,
            0.10447599738836288,
            0.0,
            1.0,
            0.0,
            0.0,
            0.0,
            1.0
        ],
        [
            -0.4917739927768707,
            -0.5442799925804138,
            0.41000598669052124,
            0.4566420018672943,
            0.13228599727153778,
            0.15537799894809723,
            0.0,
            1.0,
            0.0,
            0.0,
            0.0,
            1.0
        ],
        [
            0.00913149956613779,
            0.1968729943037033,
            -0.2929989993572235,
            0.9326559901237488,
            0.45082399249076843,
            0.9156270027160645,
            0.0,
            1.0,
            0.0,
            0.0,
            0.0,
            1.0
        ],
        [
            0.005010819993913174,
            0.6269829869270325,
            -0.3003529906272888,
            0.05620700120925903,
            0.4656359851360321,
            0.9903299808502197,
            -0.0010259399423375726,
            0.9633610248565674,
            0.2682049870491028,
            0.00014014900079928339,
            -0.2682049870491028,
            0.9633619785308838
        ]
    ],
    "ops": [
        [
            0,
            0,
            0,
            0,
            0,
            1,
            2,
            1,
            1,
            1,
            0,
            0,
            1,
            2,
            1,
            0,
            0,
            1,
            1
        ]
    ],
    "syms": [
        [
            0.0,
            0.9999570250511169,
            -0.008851500228047371,
            0.002686999971047044,
            0.007934990338981152,
            0.1420779973268509,
            0.1398880034685135,
            0.0
        ],
        [
            0.0,
            1.0,
            -8.078459927673975e-07,
            0.0,
            0.009340750053524971,
            -0.4950940012931824,
            -0.2512440085411072,
            0.0
        ]
    ],
    "labels:": [
        [
            1,
            3,
            3,
            3,
            3,
            2,
            2,
            0,
            0
        ]
    ],
    "obj": 35441,
    "mat_index": 983,
    "obbs": "N 13\n0.0091315 0.196873 -0.292999 1 0 0 0 1 0 0 0 1 0.915627 0.932656 0.450824\n-0.475371 0.146356 0.13859 0.125501 -0.0313404 -0.991598 0.992093 0.00513231 0.125401 0.00115907 -0.999496 0.0317367 0.50309 0.0478766 0.844067\n0.491241 0.1378 0.141187 -0.0040386 -0.999668 -0.0254359 0.991388 -0.000673116 -0.130954 0.130893 -0.0257458 0.991062 0.826327 0.0463954 0.496522\n0.009241 -0.153375 0.038553 1 0 0 0 1 0 0 0 1 1.0537 0.374851 0.90156\n-0.498918 0.496768 0.179623 0.14435 0.282724 -0.948278 0.917973 0.31953 0.235003 0.369444 -0.904416 -0.213409 0.570547 0.0680206 0.0687514\n0.511362 0.497823 0.167158 0.717434 -0.627959 -0.301588 0.681542 0.722315 0.117304 0.14418 -0.289703 0.946195 0.0720154 0.0707639 0.588468\n-0.517489 0.055787 0.408201 1 0 0 0 1 0 0 0 1 0.059749 0.743492 0.061974\n0.535994 0.05604 0.408193 1 0 0 0 1 0 0 0 1 0.059795 0.743998 0.06199\n-0.300124 -0.495094 -0.251244 1 0 0 0 1 0 0 0 1 0.104476 0.456643 0.132286\n0.318806 -0.495094 -0.251244 1 0 0 0 1 0 0 0 1 0.104475 0.456642 0.132286\n0.510256 -0.54428 0.410006 1 0 0 0 1 0 0 0 1 0.155378 0.456642 0.132286\n-0.491774 -0.54428 0.410006 1 0 0 0 1 0 0 0 1 0.155378 0.456642 0.132286\n0.00501082 0.626983 -0.300353 0.999999 0.00102594 0.000140149 -0.00102594 0.963361 0.268205 0.000140149 -0.268205 0.963362 0.99033 0.056207 0.465636\nC 32\n0 3\n0 4\n0 12\n0 5\n0 8\n0 1\n0 9\n0 2\n1 3\n1 6\n1 11\n1 4\n1 12\n1 8\n2 12\n2 5\n2 9\n2 10\n2 3\n2 7\n3 11\n3 7\n3 10\n3 6\n3 9\n3 8\n4 12\n4 6\n5 12\n5 7\n6 11\n7 10\nS 4\n2\n1 -0.475371 0.146356 0.13859\n2 0.491241 0.1378 0.141187\n2\n0.00793499 0.142078 0.139888\n0.999957 -0.0088515 0.002687\n2\n6 -0.517489 0.055787 0.408201\n7 0.535994 0.05604 0.408193\n2\n0.009252 0.0559135 0.408197\n1 0.000240156 -7.59386e-06\n2\n8 -0.300124 -0.495094 -0.251244\n9 0.318806 -0.495094 -0.251244\n2\n0.00934075 -0.495094 -0.251244\n1 -8.07846e-07 0\n2\n10 0.510256 -0.54428 0.410006\n11 -0.491774 -0.54428 0.410006\n2\n0.009241 -0.54428 0.410006\n-1 0 0\nL 13\n0\n3\n3\n1\n3\n3\n3\n3\n2\n2\n2\n2\n0"
}