{
    "boxes": [
        [
            0.001124480040743947,
            -0.05444290116429329,
            0.13199500739574432,
            0.17750300467014313,
            0.8217740058898926,
            0.7187079787254333,
            -0.00019109199638478458,
            0.9857180118560791,
            0.16840499639511108,
            1.620620059838984e-05,
            -0.16840499639511108,
            0.9857180118560791
        ],
        [
            0.39119699597358704,
            0.13007600605487823,
            0.1016559973359108,
            0.3279139995574951,
            0.03519200161099434,
            0.03919300064444542,
            0.0,
            1.0,
            0.0,
            0.0,
            0.0,
            1.0
        ],
        [
            -0.30916398763656616,
            -0.06346049904823303,
            0.10164699703454971,
            0.013372800312936306,
            0.03578240051865578,
            0.15501700341701508,
            0.4519580006599426,
            0.8919129967689514,
            -0.015003000386059284,
            0.00358405988663435,
            0.015003000386059284,
            0.9998810291290283
        ],
        [
            -0.36311399936676025,
            0.07987719774246216,
            0.1015470027923584,
            0.4260689914226532,
            0.03840409964323044,
            0.11675799638032913,
            -0.33687201142311096,
            0.9415469765663147,
            -0.002587110036984086,
            -0.02935509942471981,
            -0.007756390143185854,
            0.9995390176773071
        ],
        [
            -0.3948749899864197,
            0.3006249964237213,
            0.11946500092744827,
            0.07219540327787399,
            0.4478690028190613,
            0.11365199834108353,
            -0.025250200182199478,
            0.9963949918746948,
            0.08099540323019028,
            0.0010244200238958001,
            -0.08099540323019028,
            0.9967139959335327
        ],
        [
            0.023950500413775444,
            -0.3474090099334717,
            0.11718399822711945,
            0.4771040081977844,
            0.17375199496746063,
            0.15317100286483765,
            -0.008744530379772186,
            0.9995020031929016,
            -0.030328800901770592,
            0.08298879861831665,
            0.030950700864195824,
            0.9960700273513794
        ],
        [
            -0.06489729881286621,
            -0.6261870265007019,
            -0.15225599706172943,
            0.08695969730615616,
            0.48574399948120117,
            0.07253489643335342,
            -0.34746500849723816,
            0.9089769721031189,
            -0.2302819937467575,
            0.29530099034309387,
            0.3391610085964203,
            0.8931779861450195
        ],
        [
            -0.12500999867916107,
            -0.7686150074005127,
            -0.33868399262428284,
            0.07687100023031235,
            0.07687210291624069,
            0.05422170087695122,
            0.11074099689722061,
            0.9335770010948181,
            0.3408379852771759,
            0.28848299384117126,
            -0.35837700963020325,
            0.8878870010375977
        ],
        [
            0.012551000341773033,
            0.45593100786209106,
            -0.2958579957485199,
            0.6691100001335144,
            0.12759999930858612,
            0.6390759944915771,
            4.3663000326432666e-08,
            0.957381010055542,
            -0.28882598876953125,
            5.877920017383076e-08,
            0.28882598876953125,
            0.957381010055542
        ],
        [
            0.011913199909031391,
            0.13497599959373474,
            -0.24368299543857574,
            0.6506230235099792,
            0.16410300135612488,
            0.08101320266723633,
            0.0055078500881791115,
            0.8718569874763489,
            -0.48973000049591064,
            -0.010420500300824642,
            0.48976099491119385,
            0.8717939853668213
        ]
    ],
    "ops": [
        [
            0,
            0,
            0,
            2,
            1,
            0,
            0,
            2,
            1,
            1,
            1,
            0,
            0,
            0,
            1,
            2,
            1,
            1,
            0,
            0,
            1,
            1
        ]
    ],
    "syms": [
        [
            0.0,
            0.9999960064888,
            0.002824530005455017,
            1.838080061133951e-05,
            0.0061568901874125,
            -0.06256979703903198,
            0.10165300220251083,
            0.0
        ],
        [
            0.0,
            1.0,
            -0.0007318090065382421,
            -0.00016540799697395414,
            0.0038335099816322327,
            0.3003329932689667,
            0.11939900368452072,
            0.0
        ],
        [
            -1.0,
            0.003874019952490926,
            0.9999920129776001,
            0.0012301199603825808,
            0.023814599961042404,
            -0.6267359852790833,
            0.11488500237464905,
            0.20000000298023224
        ]
    ],
    "labels:": [
        [
            1,
            3,
            3,
            3,
            3,
            2,
            2,
            2,
            0,
            0
        ]
    ],
    "obj": 35442,
    "mat_index": 984,
    "obbs": "N 20\n0.012551 0.455931 -0.295858 1 -5.87792e-08 -4.3663e-08 5.87792e-08 0.288826 0.957381 -4.3663e-08 -0.957381 0.288826 0.639076 0.1276 0.66911\n0.0239505 -0.347409 0.117184 0.00874453 -0.999502 0.0303288 0.996512 0.00619321 -0.0832181 0.0829888 0.0309507 0.99607 0.477104 0.153171 0.173752\n0.321478 -0.0616792 0.101658 0.892291 0.451458 0.00166031 -0.451458 0.892265 0.00695911 0.00166031 -0.00695911 0.999974 0.159226 0.0150733 0.035498\n-0.309164 -0.0634605 0.101647 0.892032 -0.451958 0.00358406 0.451958 0.891913 -0.015003 0.00358406 0.015003 0.999881 0.155017 0.0133728 0.0357824\n0.00112448 -0.0544429 0.131995 -1.62062e-05 0.168405 -0.985718 -0.000191092 0.985718 0.168405 1 0.000191092 1.62062e-05 0.821774 0.177503 0.718708\n0.391197 0.130076 0.101656 1 0 0 0 1 0 0 0 1 0.039193 0.327914 0.035192\n-0.363114 0.0798772 0.101547 0.941093 0.336793 0.0302521 -0.0293551 -0.00775639 0.999539 0.336872 -0.941547 0.00258711 0.116758 0.0384041 0.426069\n0.402542 0.300041 0.119333 -0.00134239 0.0751865 -0.997169 -0.0356462 0.996532 0.0751865 0.999364 0.0356462 0.00134239 0.447828 0.0738359 0.113847\n-0.394875 0.300625 0.119465 -0.00102442 0.0809954 -0.996714 -0.0252502 0.996395 0.0809954 0.999681 0.0252502 0.00102442 0.447869 0.0721954 0.113652\n-0.0618917 -0.62797 0.382378 0.0668167 -0.943468 -0.32466 0.959458 -0.0285413 0.280403 -0.273818 -0.330233 0.903311 0.0798854 0.0655979 0.47811\n0.254263 -0.626661 0.279985 0.208125 0.933821 0.290969 -0.598437 -0.113732 0.793057 0.773665 -0.339181 0.535162 0.0820731 0.0654022 0.474242\n0.248777 -0.628056 -0.0510911 0.774135 -0.329694 -0.540386 0.418501 -0.373932 0.827666 -0.474944 -0.866878 -0.151497 0.485429 0.0824691 0.0885831\n-0.0648973 -0.626187 -0.152256 0.347465 -0.908977 0.230282 0.889981 0.242345 -0.386268 0.295301 0.339161 0.893178 0.0869597 0.0725349 0.485744\n-0.257178 -0.624805 0.115411 0.941586 0.3367 -0.00704357 -0.031165 0.10794 0.993669 0.335329 -0.935405 0.112128 0.485531 0.0696337 0.0819319\n-0.123998 -0.768615 0.56449 0.288484 -0.358376 -0.887887 0.951059 -4.44089e-16 0.309009 -0.110741 -0.933578 0.340836 0.0768721 0.0542211 0.0768709\n0.409751 -0.768615 -0.166836 0.755295 0.358412 -0.548699 0.587747 5.55112e-16 0.809045 0.289971 -0.933564 -0.210656 0.0768724 0.0542236 0.0768706\n-0.12501 -0.768615 -0.338684 -0.288483 0.358377 -0.887887 0.951059 3.33067e-16 -0.309008 -0.110741 -0.933577 -0.340838 0.0768721 0.0542217 0.076871\n0.409323 -0.768615 0.393317 -0.28993 0.933578 -0.21065 -0.587791 0 0.809013 0.755276 0.358375 0.548749 0.0768711 0.0542211 0.0768718\n-0.450865 -0.768615 0.112186 0.93358 0.358368 -1.59147e-16 0 4.44089e-16 1 0.358368 -0.93358 4.14593e-16 0.076871 0.05422 0.076871\n0.0119132 0.134976 -0.243683 0.0104205 -0.489761 -0.871794 0.999931 0.000301545 0.0117827 -0.00550785 -0.871857 0.48973 0.164103 0.0810132 0.650623\nC 45\n0 7\n0 4\n0 5\n0 8\n0 19\n0 6\n1 3\n1 6\n1 11\n1 2\n1 10\n1 13\n1 4\n1 19\n1 9\n1 12\n2 5\n2 19\n2 4\n3 6\n3 19\n3 4\n4 7\n4 8\n4 19\n4 5\n4 6\n5 7\n6 19\n6 8\n9 11\n9 14\n9 10\n9 13\n9 12\n10 11\n10 17\n10 12\n10 13\n11 13\n11 12\n11 15\n12 16\n12 13\n13 18\nS 4\n2\n2 0.321478 -0.0616792 0.101658\n3 -0.309164 -0.0634605 0.101647\n2\n0.00615689 -0.0625698 0.101653\n-0.999996 -0.00282453 -1.83808e-05\n2\n7 0.402542 0.300041 0.119333\n8 -0.394875 0.300625 0.119465\n2\n0.00383351 0.300333 0.119399\n-1 0.000731809 0.000165408\n5\n12 -0.0648973 -0.626187 -0.152256\n13 -0.257178 -0.624805 0.115411\n9 -0.0618917 -0.62797 0.382378\n10 0.254263 -0.626661 0.279985\n11 0.248777 -0.628056 -0.0510911\n3\n0.0238146 -0.626736 0.114885\n0.00387402 0.999992 0.00123012\n5\n16 -0.12501 -0.768615 -0.338684\n18 -0.450865 -0.768615 0.112186\n14 -0.123998 -0.768615 0.56449\n17 0.409323 -0.768615 0.393317\n15 0.409751 -0.768615 -0.166836\n3\n0.0238403 -0.768615 0.112894\n-4.97052e-07 1 -8.29646e-08\nL 20\n0\n2\n3\n3\n1\n3\n3\n3\n3\n2\n2\n2\n2\n2\n2\n2\n2\n2\n2\n0"
}