{
    "boxes": [
        [
            0.001124480040743947,
            -0.05444290116429329,
            0.13199500739574432,
            0.17750300467014313,
            0.8217740058898926,
            0.7187079787254333,
            -0.00019109199638478458,
            0.9857180118560791,
            0.16840499639511108,
            1.620620059838984e-05,
            -0.16840499639511108,
            0.9857180118560791
        ],
        [
            -0.3948749899864197,
            0.3006249964237213,
            0.11946500092744827,
            0.07219540327787399,
            0.4478690028190613,
            0.11365199834108353,
            -0.025250200182199478,
            0.9963949918746948,
            0.08099540323019028,
            0.0010244200238958001,
            -0.08099540323019028,
            0.9967139959335327
        ],
        [
            -0.3221859931945801,
            -0.04672729969024658,
            0.1015240028500557,
            0.03786199912428856,
            0.040124598890542984,
            0.19502800703048706,
            0.5144389867782593,
            0.8532019853591919,
            -0.08601710200309753,
            0.02387790009379387,
            0.08601710200309753,
            0.9960070252418518
        ],
        [
            -0.3926829993724823,
            0.14589400589466095,
            0.1016559973359108,
            0.2959200143814087,
            0.03519200161099434,
            0.01457700040191412,
            0.0,
            1.0,
            0.0,
            0.0,
            0.0,
            1.0
        ],
        [
            0.019524499773979187,
            -0.35152700543403625,
            0.11608800292015076,
            0.48591798543930054,
            0.16130800545215607,
            0.1821649968624115,
            0.0,
            1.0,
            0.0,
            0.0,
            0.0,
            1.0
        ],
        [
            -0.06417939811944962,
            -0.6268249750137329,
            -0.15546099841594696,
            0.08651480078697205,
            0.4801490008831024,
            0.07013440132141113,
            -0.329928994178772,
            0.913670003414154,
            -0.23739199340343475,
            0.301364004611969,
            0.340256005525589,
            0.890733003616333
        ],
        [
            -0.12500999867916107,
            -0.7686150074005127,
            -0.33868399262428284,
            0.07687100023031235,
            0.07687210291624069,
            0.05422170087695122,
            0.11074099689722061,
            0.9335770010948181,
            0.3408379852771759,
            0.28848299384117126,
            -0.35837700963020325,
            0.8878870010375977
        ],
        [
            0.012551000341773033,
            0.45593100786209106,
            -0.2958579957485199,
            0.6691100001335144,
            0.12759999930858612,
            0.6390759944915771,
            4.3663000326432666e-08,
            0.957381010055542,
            -0.28882598876953125,
            5.877920017383076e-08,
            0.28882598876953125,
            0.957381010055542
        ],
        [
            0.011913199909031391,
            0.13497599959373474,
            -0.24368299543857574,
            0.6506230235099792,
            0.16410300135612488,
            0.08101320266723633,
            0.0055078500881791115,
            0.8718569874763489,
            -0.48973000049591064,
            -0.010420500300824642,
            0.48976099491119385,
            0.8717939853668213
        ]
    ],
    "ops": [
        [
            0,
            0,
            0,
            0,
            1,
            1,
            2,
            1,
            0,
            0,
            0,
            1,
            2,
            1,
            1,
            0,
            0,
            1,
            1
        ]
    ],
    "syms": [
        [
            0.0,
            1.0,
            -0.0007318090065382421,
            -0.00016540799697395414,
            0.0038335099816322327,
            0.3003329932689667,
            0.11939900368452072,
            0.0
        ],
        [
            -1.0,
            0.00885223038494587,
            0.9999600052833557,
            -0.0011955900117754936,
            0.023713599890470505,
            -0.6284459829330444,
            0.11174900084733963,
            0.20000000298023224
        ]
    ],
    "labels:": [
        [
            1,
            3,
            3,
            3,
            2,
            2,
            2,
            0,
            0
        ]
    ],
    "obj": 35453,
    "mat_index": 990,
    "obbs": "N 20\n0.012551 0.455931 -0.295858 1 -5.87792e-08 -4.3663e-08 5.87792e-08 0.288826 0.957381 -4.3663e-08 -0.957381 0.288826 0.639076 0.1276 0.66911\n0.0195245 -0.351527 0.116088 1 0 0 0 1 0 0 0 1 0.182165 0.485918 0.161308\n-0.322186 -0.0467273 0.101524 0.857195 -0.514439 0.0238779 0.514439 0.853202 -0.0860171 0.0238779 0.0860171 0.996007 0.195028 0.037862 0.0401246\n0.332148 -0.0469173 0.101653 0.00344841 -0.0126601 -0.999914 -0.507119 0.861783 -0.0126601 0.861869 0.507119 -0.00344841 0.0359946 0.0351158 0.192506\n0.00112448 -0.0544429 0.131995 -1.62062e-05 0.168405 -0.985718 -0.000191092 0.985718 0.168405 1 0.000191092 1.62062e-05 0.821774 0.177503 0.718708\n-0.392683 0.145894 0.101656 1 0 0 0 1 0 0 0 1 0.014577 0.29592 0.035192\n0.403363 0.145954 0.101656 1 0 0 0 1 0 0 0 1 0.014861 0.296157 0.035192\n-0.394875 0.300625 0.119465 -0.00102442 0.0809954 -0.996714 -0.0252502 0.996395 0.0809954 0.999681 0.0252502 0.00102442 0.447869 0.0721954 0.113652\n0.402542 0.300041 0.119333 -0.00134239 0.0751865 -0.997169 -0.0356462 0.996532 0.0751865 0.999364 0.0356462 0.00134239 0.447828 0.0738359 0.113847\n-0.0641794 -0.626825 -0.155461 0.329929 -0.91367 0.237392 0.89461 0.222337 -0.387608 0.301364 0.340256 0.890733 0.0865148 0.0701344 0.480149\n0.252776 -0.632874 -0.0550007 0.780445 -0.310051 -0.542931 0.544448 -0.0898975 0.833963 -0.307379 -0.94646 0.0986463 0.47119 0.0634783 0.082936\n0.254265 -0.627887 0.281774 0.0298182 0.870457 0.49134 -0.656015 -0.353836 0.666667 0.754159 -0.342205 0.560482 0.0880275 0.080915 0.472168\n-0.0608772 -0.628982 0.375163 -0.0183645 -0.943529 -0.33078 0.958579 -0.110666 0.26245 -0.284236 -0.312259 0.906479 0.0815833 0.0645238 0.490156\n-0.263417 -0.625661 0.112271 0.93814 0.346237 0.00376373 0.0125761 -0.0449339 0.998911 0.346029 -0.93707 -0.0465086 0.473312 0.0589844 0.0790875\n-0.450865 -0.768615 0.112186 0.93358 0.358368 -1.59147e-16 0 4.44089e-16 1 0.358368 -0.93358 4.14593e-16 0.076871 0.05422 0.076871\n-0.12501 -0.768615 -0.338684 -0.288483 0.358377 -0.887887 0.951059 3.33067e-16 -0.309008 -0.110741 -0.933577 -0.340838 0.0768721 0.0542217 0.076871\n0.409751 -0.768615 -0.166836 0.755295 0.358412 -0.548699 0.587747 5.55112e-16 0.809045 0.289971 -0.933564 -0.210656 0.0768724 0.0542236 0.0768706\n0.409323 -0.768615 0.393317 -0.28993 0.933578 -0.21065 -0.587791 0 0.809013 0.755276 0.358375 0.548749 0.0768711 0.0542211 0.0768718\n-0.123998 -0.768615 0.56449 0.288484 -0.358376 -0.887887 0.951059 -4.44089e-16 0.309009 -0.110741 -0.933578 0.340836 0.0768721 0.0542211 0.0768709\n0.0119132 0.134976 -0.243683 0.00550785 0.871857 -0.48973 0.999931 0.000301545 0.0117827 0.0104205 -0.489761 -0.871794 0.650623 0.0810132 0.164103\nC 43\n0 7\n0 4\n0 5\n0 8\n0 19\n0 6\n1 3\n1 11\n1 2\n1 10\n1 13\n1 4\n1 19\n1 9\n1 12\n2 5\n2 19\n2 4\n3 6\n3 19\n3 4\n4 7\n4 8\n4 19\n4 5\n4 6\n5 7\n6 8\n9 15\n9 11\n9 10\n9 13\n9 12\n10 11\n10 12\n10 13\n10 16\n11 13\n11 12\n11 17\n12 13\n12 18\n13 14\nS 5\n2\n2 -0.322186 -0.0467273 0.101524\n3 0.332148 -0.0469173 0.101653\n2\n0.00498058 -0.0468223 0.101589\n1 -0.000290309 0.000196289\n2\n5 -0.392683 0.145894 0.101656\n6 0.403363 0.145954 0.101656\n2\n0.00534 0.145924 0.101656\n1 7.60005e-05 0\n2\n7 -0.394875 0.300625 0.119465\n8 0.402542 0.300041 0.119333\n2\n0.00383351 0.300333 0.119399\n1 -0.000731809 -0.000165408\n5\n11 0.254265 -0.627887 0.281774\n10 0.252776 -0.632874 -0.0550007\n9 -0.0641794 -0.626825 -0.155461\n13 -0.263417 -0.625661 0.112271\n12 -0.0608772 -0.628982 0.375163\n3\n0.0237136 -0.628446 0.111749\n-0.00885223 -0.99996 0.00119559\n5\n16 0.409751 -0.768615 -0.166836\n15 -0.12501 -0.768615 -0.338684\n14 -0.450865 -0.768615 0.112186\n18 -0.123998 -0.768615 0.56449\n17 0.409323 -0.768615 0.393317\n3\n0.0238403 -0.768615 0.112894\n1.31943e-08 -1 7.76975e-08\nL 20\n0\n2\n3\n3\n1\n3\n3\n3\n3\n2\n2\n2\n2\n2\n2\n2\n2\n2\n2\n0"
}